C12	11174.9	0.541494	99873.8	88.6847	87.8892
C12	11174.9	0.529392	99849.1	66.3962	65.4934
C12	11174.9	0.387291	99829.9	64.2947	63.8698
C12	11174.9	1.14834	99923	125.904	124.65
C12	11174.9	0.801725	99891	104.317	102.955
C12	11174.9	0.405907	99921.6	117.78	117.319
C12	11174.9	0.609411	99852	77.2718	76.6432
C12	11174.9	0.924559	99915.8	120.808	119.871
C12	11174.9	0.819372	99878.8	94.5228	92.0149
C12	11174.9	0.33828	99850.5	70.0488	69.2334
C12	11174.9	0.616277	99951	137.117	135.686
C12	11174.9	0.527374	99948.2	138.941	138.347
C12	11174.9	0.342506	99836.2	59.2271	58.4702
C12	11174.9	0.81441	99967.8	152.636	151.389
C12	11174.9	0.483709	99932.8	133.642	132.063
C12	11174.9	0.43286	99803.2	37.5861	36.9891
C12	11174.9	1.05557	99845.9	68.9318	65.7914
C12	11174.9	0.830545	99970.8	153.692	151.478
C12	11174.9	0.53344	99948.4	137.156	136.476
C12	11174.9	0.354709	99977	153.532	153.096
C12	11174.9	0.407533	99980.5	161.213	160.397
C12	11174.9	0.402336	99982.3	159.743	159.16
C12	11174.9	0.760041	99929.4	129.763	128.358
C12	11174.9	0.718302	99966.9	150.471	148.81
C12	11174.9	0.375627	99832.4	60.2	58.2756
C12	11174.9	0.521113	99953	142.409	141.822
C12	11174.9	0.625818	99964.3	151.508	150.095
C12	11174.9	0.38699	99816.3	47.3707	46.5833
C12	11174.9	0.481959	99830.5	62.0072	60.6576
C12	11174.9	0.468438	99996	168.939	168.431
C12	11174.9	0.371519	99979.8	159.703	159.28
C12	11174.9	3.95536	99961.7	149.646	145.443
C12	11174.9	0.608677	99940.8	137.178	135.871
C12	11174.9	0.415696	99950.2	142.037	141.202
C12	11174.9	0.717201	99804.8	32.8675	32.0778
C12	11174.9	0.562402	99945	138.023	137.082
C12	11174.9	0.471612	99902.5	112.065	110.107
C12	11174.9	0.402308	99803.4	26.3829	25.9345
C12	11174.9	0.86837	99816.6	47.6315	45.736
C12	11174.9	0.479958	99872.5	90.4699	89.5076
C12	11174.9	0.397154	99839.1	64.7611	64.2456
C12	11174.9	0.525229	99832.2	57.6105	56.6144
C12	11174.9	0.518024	99828.3	50.3577	49.8327
C12	11174.9	0.707315	99798.8	26.0455	24.6727
C12	11174.9	0.391187	99984.1	164.17	163.035
C12	11174.9	0.508439	99977.3	160.928	158.781
C12	11174.9	0.435475	99802.7	15.7319	14.7616
