C12	11174.9	0.437219	99092.1	773.838	771.255
C12	11174.9	0.969996	98003.1	92.7914	91.6108
C12	11174.9	0.395273	98135.7	159.399	158.713
C12	11174.9	0.391895	98405.7	363.156	362.762
C12	11174.9	0.395115	98935.2	635.844	634.781
C12	11174.9	0.4008	99155	758.6	758.104
C12	11174.9	0.403646	98654.5	409.853	408.921
C12	11174.9	0.544662	98964.3	679.407	678.284
C12	11174.9	1.51556	98936.5	561.503	559.253
C12	11174.9	0.449197	99855.6	1235.12	1234.58
C12	11174.9	0.949721	98228.1	274.837	273.802
C12	11174.9	0.373145	98150.8	204.146	203.019
C12	11174.9	0.374156	99908.1	1232.64	1231.71
C12	11174.9	0.509031	99564.9	1067.51	1065.61
C12	11174.9	0.428686	99694.1	1099.82	1099.36
C12	11174.9	0.46258	99205	820.119	819.532
C12	11174.9	1.05646	98471.3	386.506	384.888
C12	11174.9	1.63092	99347.9	809.438	807.309
C12	11174.9	1.68945	99412.4	959.012	956.053
C12	11174.9	0.550265	99459.6	955.956	955.178
C12	11174.9	0.387316	98629.2	469.999	469.364
C12	11174.9	0.371513	98039	81.3216	80.7461
C12	11174.9	0.481867	99177.1	770.901	770.058
C12	11174.9	0.416354	99014.4	699.175	698.352
C12	11174.9	0.504381	99226.9	844.334	843.26
C12	11174.9	0.374326	99734	1146.46	1145.45
C12	11174.9	0.637133	98383.6	245.772	244.539
C12	11174.9	0.519781	98933.9	649.938	649.086
C12	11174.9	0.423364	99545.1	1038	1037.14
C12	11174.9	0.425732	99403.2	964.339	963.204
C12	11174.9	0.500981	98405.4	341.36	340.622
C12	11174.9	0.842352	99893	1157.69	1156.3
C12	11174.9	0.534032	99805.7	1193.44	1192.5
C12	11174.9	0.692518	98832.1	529.002	528.257
C12	11174.9	0.438271	98720.1	553.11	551.791
C12	11174.9	0.718778	98681.6	483.101	482.347
C12	11174.9	0.442888	98115.8	155.032	154.4
C12	11174.9	0.727685	98675.6	512.298	510.668
C12	11174.9	3.631	98400.6	200.461	196.691
C12	11174.9	0.331669	98045.9	87.6024	87.1041
C12	11174.9	0.539277	98617.7	438.547	437.594
C12	11174.9	0.38053	99962.8	1292.84	1291.74
C12	11174.9	0.922415	98250.4	241.388	240.294
C12	11174.9	0.72034	99338.9	874.229	872.707
C12	11174.9	0.421177	97995.3	28.6178	28.1435
C12	11174.9	0.67151	98345.7	260.139	259.379
C12	11174.9	0.51761	99275.8	833.356	832.773
C12	11174.9	0.578808	99352.8	884.972	883.491
C12	11174.9	0.678393	99470.7	999.674	998.781
C12	11174.9	0.704478	99574.8	1066.48	1065.76
C12	11174.9	0.558588	99814.5	1195.28	1193.72
C12	11174.9	0.974005	98063.3	85.5003	84.0516
C12	11174.9	0.505619	99611.7	1066.42	1065.36
C12	11174.9	0.629122	98570.1	385.533	384.198
C12	11174.9	0.57157	98688.3	498.108	496.874
C12	11174.9	1.51376	99206.7	835.815	834.267
C12	11174.9	0.363934	99912.6	1197.4	1196.98
C12	11174.9	0.386259	99519.9	1015.45	1015.02
C12	11174.9	0.775529	99414.8	960.121	959.132
C12	11174.9	0.411632	98109	106.071	105.449
C12	11174.9	0.559903	98915.7	655.548	654.708
C12	11174.9	0.427486	98518.5	421.891	421.401
C12	11174.9	0.447126	98357.5	323.749	323.013
C12	11174.9	1.08105	98327.7	271.547	270.15
C12	11174.9	0.946447	99558.2	1014.62	1013.6
C12	11174.9	0.629432	98609.2	441.005	440.345
C12	11174.9	0.459267	99736.6	1041.42	1040.89
C12	11174.9	0.997967	99460.1	847.97	846.608
C12	11174.9	1.20293	98798.6	588.514	587.056
C12	11174.9	0.741276	99231.8	813.228	812.441
C12	11174.9	1.54371	98558.5	376.519	374.806
C12	11174.9	0.388316	98509.8	350.734	350.162
C12	11174.9	0.360002	98183.3	125.11	122.896
C12	11174.9	0.376965	97932.2	23.1863	22.3128
C12	11174.9	1.01731	99787.5	1169.28	1168.23
C12	11174.9	1.01074	98330.4	185.112	183.55
C12	11174.9	0.46002	99883.9	1241.25	1240.68
C12	11174.9	0.827926	98873.9	590.24	589.195
C12	11174.9	0.36637	99261.9	885.23	883.206
C12	11174.9	4.22334	98967.5	691.872	687.53
C12	11174.9	0.661708	97935.1	56.2287	55.5577
C12	11174.9	0.393244	99274.9	845.365	844.099
C12	11174.9	0.396632	98574.3	390.119	386.098
proton	938.272	74.873	99837.2	1222.47	733.502
proton	938.272	65.7592	99837.2	1222.47	733.502
neutron	939.565	29.1071	99837.2	1222.47	733.502
proton	938.272	21.6658	99837.2	1222.47	733.502
proton	938.272	9.52819	99837.2	1222.47	733.502
neutron	939.565	8.80207	99837.2	1222.47	733.502
deuteron	1875.61	0.759145	99837.2	1222.47	733.502
alpha	3727.38	5.77603	99837.2	1222.47	733.502
C12	11174.9	1.65125	98808.3	76.0627	72.4304
C12	11174.9	0.842171	98300.8	192.518	190.775
C12	11174.9	0.42087	99901.4	1254.84	1253.76
C12	11174.9	0.757402	99139	785.179	784.162
C12	11174.9	0.423348	98778.5	567.279	566.671
C12	11174.9	1.2338	99107.5	724.742	723.137
C12	11174.9	1.60172	98223.5	189.969	188.127
C12	11174.9	1.05954	99917.2	1257.79	1256.59
C12	11174.9	0.606551	99530.9	1025.62	1024.96
C12	11174.9	0.34717	98981.8	665.631	665.242
C12	11174.9	0.525631	98965.7	606.871	606.004
C12	11174.9	0.404531	99810.5	1147.85	1146.87
C12	11174.9	0.371047	98448.4	260.715	259.854
C12	11174.9	0.473893	97940.6	19.8924	18.9676
C12	11174.9	0.729987	99118.9	763.626	762.842
C12	11174.9	0.452829	98022.7	103.887	103.323
C12	11174.9	0.372871	98806.1	591.335	590.939
C12	11174.9	0.628254	99824.5	1209.08	1208.19
C12	11174.9	0.620513	98207.6	200.783	200.008
C12	11174.9	0.401792	99103	742.856	742.386
C12	11174.9	1.016	98965.3	625.289	623.725
C12	11174.9	0.377156	99665	1031.43	1029.74
C12	11174.9	0.504096	98684.9	419.532	418.815
C12	11174.9	0.62593	98642.3	436.729	435.797
C12	11174.9	1.72819	98719.1	507.15	505.369
C12	11174.9	0.808498	98866.8	621	620.106
proton	938.272	11.0854	99893	1252.02	965.126
proton	938.272	1.6027	99893	1252.02	965.126
Be10	9325.5	2.41406	99893	1252.02	965.126
C12	11174.9	0.420343	99185	790.999	790.344
C12	11174.9	0.550362	99547.7	1027.57	1026.32
C12	11174.9	0.576339	99481.6	996.312	995.623
C12	11174.9	0.50161	98555.5	381.548	380.614
C12	11174.9	0.36406	99329.8	894.34	893.406
C12	11174.9	0.598816	98714.3	473.149	472.531
C12	11174.9	0.377791	98126.8	54.0584	52.7306
C12	11174.9	0.343039	98224	174.762	174.327
C12	11174.9	0.727306	98773.5	577.536	576.537
C12	11174.9	1.86732	99788.5	1173.84	1171.96
C12	11174.9	0.717304	98671	488.434	487.491
C12	11174.9	0.411494	99307.7	895.795	894.214
C12	11174.9	0.430442	98919	602.082	601.316
C12	11174.9	1.35893	98650	461.508	459.67
C12	11174.9	0.346935	98582.9	490.786	490.136
C12	11174.9	1.02898	99853.5	1229.4	1227.46
C12	11174.9	0.372401	98171.6	179.263	178.095
C12	11174.9	0.390772	99269.2	852.868	852.402
C12	11174.9	0.608915	98495.4	388.288	387.002
C12	11174.9	0.413993	98893.2	653.526	652.467
C12	11174.9	0.467494	99815	1199.7	1198.37
C12	11174.9	0.407336	98882.6	629.614	628.972
C12	11174.9	0.352914	99542.1	1036.38	1034.35
C12	11174.9	0.415825	97923.9	56.1484	55.4895
C12	11174.9	0.380594	99516.3	1006.04	1005.57
C12	11174.9	1.195	98523	403.46	402.152
C12	11174.9	0.377906	99033.8	704.353	702.712
C12	11174.9	0.632183	98222.6	171.193	170.007
C12	11174.9	1.05949	97924.6	48.7051	47.483
C12	11174.9	0.452226	98231.8	274.625	273.788
C12	11174.9	0.858388	99081.7	755.299	753.854
C12	11174.9	0.859885	99273	876.993	875.899
C12	11174.9	0.413706	99920.1	1266.47	1265.92
C12	11174.9	0.548789	99122.8	754.61	754.017
C12	11174.9	0.3797	98074	66.3938	65.6576
C12	11174.9	0.645377	99099.9	773.938	772.985
C12	11174.9	0.382494	99006.1	694.913	693.454
C13	12109.5	0.721583	98525.3	367.952	367.089
C12	11174.9	0.443962	98412.4	275.291	274.459
C12	11174.9	0.366508	97902.7	25.7101	25.1797
C12	11174.9	0.35334	97972.7	61.6974	60.5673
C12	11174.9	0.427132	99892.8	1246.82	1246.13
C12	11174.9	0.520683	99295.4	900.899	899.515
C12	11174.9	0.92932	99168.2	842.29	841.322
C12	11174.9	1.47264	98209.2	232.908	229.89
C12	11174.9	0.442676	98648.3	453.365	452.635
C12	11174.9	0.768309	98145.8	166.352	165.249
C12	11174.9	0.356175	99312.2	893.756	893.102
C12	11174.9	1.5037	99033.2	726.892	724.971
C12	11174.9	2.57054	98224.1	153.527	149.978
C12	11174.9	0.40877	98849.6	633.364	632.709
C12	11174.9	2.49683	99462	935.639	932.592
C12	11174.9	0.394868	98481.8	364.473	362.709
C12	11174.9	1.05412	99300.6	905.304	903.859
C12	11174.9	0.393701	98158.2	119.394	117.427
C12	11174.9	3.08739	99853.5	1224.38	1221.18
C12	11174.9	0.495803	99809.7	1191.4	1190.63
C12	11174.9	0.368158	99986.9	1298.36	1297.64
C12	11174.9	0.95961	97999.5	39.7828	38.5736
C12	11174.9	0.457043	98844.6	632.938	632.026
C12	11174.9	0.493478	99515.7	1042.69	1041.75
C12	11174.9	2.72876	99730.9	1145.22	1142.42
C12	11174.9	1.33679	99722	1151.96	1149.28
C12	11174.9	0.99296	98302.8	299.696	298.645
C12	11174.9	0.534454	98017.1	73.3213	71.3957
C12	11174.9	0.40049	98123.7	83.8003	83.1931
C12	11174.9	0.474933	99208.7	853.245	852.583
C12	11174.9	2.68049	99406.5	874.116	870.971
C12	11174.9	0.694193	99671.9	1093.55	1092.32
C12	11174.9	0.359557	98905.2	595.914	594.49
C12	11174.9	0.519701	99924.9	1250.72	1249.4
C12	11174.9	0.433163	98043.6	25.6332	25.0309
C12	11174.9	0.347775	98700.7	502.35	501.766
C12	11174.9	0.5086	98283.1	220.938	220.22
C12	11174.9	0.731566	99862.2	1229.29	1227.71
C12	11174.9	0.43981	99107.1	785.581	783.859
C12	11174.9	0.622742	98311.2	252.328	251.667
C12	11174.9	0.403265	98702.9	488.479	487.932
C12	11174.9	0.511085	98862.1	642.91	641.785
neutron	939.565	112.307	99099.2	737.794	500.011
neutron	939.565	78.2156	99099.2	737.794	500.011
proton	938.272	2.51724	99099.2	737.794	500.011
proton	938.272	1.66897	99099.2	737.794	500.011
Be8	7454.85	3.13102	99099.2	737.794	500.011
C12	11174.9	1.10687	98399.5	338.595	335.428
C12	11174.9	1.32234	99794.5	1188.83	1186.76
C12	11174.9	0.718178	99602.3	1005.55	1004.69
C12	11174.9	0.541069	98997.9	601.173	600.263
C12	11174.9	0.34304	98267.9	272.652	270.78
C12	11174.9	0.965917	98680.2	528.345	527.024
C12	11174.9	0.702941	98028.7	48.7419	48.0221
C12	11174.9	0.849648	99033.5	759.196	758.08
C12	11174.9	0.98028	98716.1	536.558	535.408
C12	11174.9	0.42536	98347.8	294.398	293.349
C12	11174.9	0.428235	98115.1	161.273	159.535
C12	11174.9	0.346332	99478.8	995.534	994.527
C12	11174.9	0.484757	98063.3	155.742	154.35
C12	11174.9	0.388054	98085	95.4607	94.9467
C12	11174.9	2.2644	99511.8	977.487	974.255
C12	11174.9	0.413432	99519.9	960.799	960.304
C12	11174.9	0.518975	99437.3	938.904	938.219
C12	11174.9	0.418165	98168.4	150.404	149.591
C12	11174.9	0.614983	99908.6	1260.35	1259.44
C12	11174.9	0.571652	99967.1	1292.25	1291.33
C12	11174.9	0.482663	98999.3	653.933	652.69
C12	11174.9	0.389677	99123.1	766.535	765.824
C12	11174.9	0.434263	98775.7	484.286	483.803
C12	11174.9	0.375898	99123.4	707.194	705.773
C12	11174.9	4.13332	99267.6	862.625	857.829
C12	11174.9	1.17974	99287.4	841.396	839.478
C12	11174.9	0.486278	98521.5	418.69	417.848
C12	11174.9	0.38133	98891.1	628.07	627.641
C12	11174.9	1.0828	98503.9	374.614	373.411
C12	11174.9	0.971917	98841.4	491.955	490.308
C12	11174.9	0.410352	98555.4	440.07	439.611
C12	11174.9	0.51133	99733.5	1154.72	1153.8
C12	11174.9	0.515347	98787.3	567.944	566.773
C12	11174.9	1.03224	99634.2	1102.28	1100.26
C12	11174.9	0.420128	99824.2	1211.43	1210.57
C12	11174.9	0.385662	98974.7	675.904	674.85
C12	11174.9	0.458288	99755	1152.99	1152.29
C12	11174.9	0.504113	99031.1	694.183	693.241
C12	11174.9	0.78681	99440.4	920.758	919.493
C12	11174.9	0.793153	99839.2	1224.04	1222.61
C12	11174.9	0.402577	98280.2	268.024	267.602
C12	11174.9	1.29208	98961.4	653.537	652.148
C12	11174.9	0.666529	99859.6	1229.49	1227.62
C12	11174.9	1.55853	98189.5	235.97	234.279
C12	11174.9	6.93517	98121	214.631	207.542
C12	11174.9	0.631054	99960.4	1291.22	1290.39
C12	11174.9	0.848689	98182.2	148.458	147.255
C12	11174.9	0.454001	99512.7	980.064	978.674
C12	11174.9	0.507907	99648.2	1072.68	1072.16
C12	11174.9	1.51817	98247	233.008	231.431
C12	11174.9	2.22633	99863.9	1218.23	1215.46
C12	11174.9	0.610141	99109	770.944	770.328
C12	11174.9	1.68211	99913.1	1263.72	1261.78
C12	11174.9	0.361895	98256.5	219.976	218.695
C12	11174.9	1.62254	98463	363.011	361.364
C12	11174.9	0.355044	98108.9	169.779	169.131
C12	11174.9	0.827133	99526.6	1004.21	1002.56
C12	11174.9	0.50491	99726.8	1090.91	1090.22
neutron	939.565	122.608	99236.7	863.146	575.136
neutron	939.565	98.0287	99236.7	863.146	575.136
proton	938.272	16.6439	99236.7	863.146	575.136
proton	938.272	3.12004	99236.7	863.146	575.136
alpha	3727.38	9.07444	99236.7	863.146	575.136
alpha	3727.38	1.28015	99236.7	863.146	575.136
C12	11174.9	0.582388	99554	1051.7	1050.76
C12	11174.9	2.70285	98686.8	520.241	516.737
C12	11174.9	0.506292	98048.1	52.8403	52.3022
C12	11174.9	0.347748	99414.7	905.998	905.248
C12	11174.9	0.420172	98144	150.024	149.164
C12	11174.9	0.489471	98181.1	102.198	101.704
C12	11174.9	0.38662	98064.6	68.425	67.9921
C12	11174.9	0.939307	99904.9	1259.71	1258.29
C12	11174.9	0.611792	98483.4	326.966	325.891
C12	11174.9	0.642367	98436.4	360.666	359.654
C12	11174.9	0.480335	99648.4	1085.11	1084.49
C12	11174.9	0.857058	99765.2	1177.44	1176.46
C12	11174.9	1.25746	98488.3	387.286	385.576
C12	11174.9	0.482343	98594.8	451.411	450.881
C12	11174.9	0.523758	97952	67.2503	66.6974
C12	11174.9	0.356455	98673.1	526.954	526.379
C12	11174.9	0.569754	99326.9	852.173	851.549
C12	11174.9	0.455135	98317.6	266.943	266.091
C12	11174.9	0.341019	98658.5	509.948	509.171
C12	11174.9	0.79315	99371.6	867.13	866.194
neutron	939.565	101.939	99410.2	943.086	662.723
proton	938.272	99.1927	99410.2	943.086	662.723
neutron	939.565	6.91557	99410.2	943.086	662.723
proton	938.272	4.20409	99410.2	943.086	662.723
alpha	3727.38	12.758	99410.2	943.086	662.723
alpha	3727.38	16.159	99410.2	943.086	662.723
C12	11174.9	0.594909	98652.8	502.33	501.007
C12	11174.9	1.77534	99446.9	968.827	966.655
C12	11174.9	0.351248	99257.4	859.749	859.285
C12	11174.9	0.484769	98390.9	319.239	318.003
C12	11174.9	0.928278	98584.2	326.863	325.746
C12	11174.9	0.820801	98593.8	402.098	400.805
C12	11174.9	0.591768	99065.1	713.131	711.534
C12	11174.9	2.02635	99273.4	818.225	816.073
C12	11174.9	0.537874	98138	211.028	207.905
C12	11174.9	0.455705	98876.3	646.716	646.068
C12	11174.9	1.01858	98234.3	128.787	127.448
C12	11174.9	0.575708	99055.8	769.858	768.948
C12	11174.9	0.680456	98227.4	214.885	214.116
C12	11174.9	0.45307	99905.9	1248.68	1247.69
C12	11174.9	0.609441	98109.8	152.482	151.79
C12	11174.9	0.89932	98574.7	462.974	462.053
C12	11174.9	2.11616	99305.3	822.534	820.396
C12	11174.9	0.429689	98101.3	92.9583	92.4794
C12	11174.9	0.766218	98076.4	64.2082	61.8376
C12	11174.9	0.343003	99068.9	689.075	688.444
C12	11174.9	0.377014	98601.3	439.966	438.606
C12	11174.9	0.654661	98305.5	269.449	268.624
C12	11174.9	0.452717	98377.9	354.697	354.087
C12	11174.9	1.22154	98597.5	336.002	334.722
C12	11174.9	1.2346	99900.7	1255.84	1253.94
C12	11174.9	0.534022	99489	973.604	972.984
C12	11174.9	0.533106	98620.9	430.761	430.211
C12	11174.9	0.948254	99922.3	1270.12	1269.12
C12	11174.9	1.26674	98984.9	679.621	677.864
