# Energy_MeV	dEdx_Elec_MeV_um	dEdx_Nucl_MeV_um	Range_um
1.000000e-05	6.205969e-03	4.181470e-02	3.222704e-03
1.150000e-05	6.655160e-03	4.626309e-02	3.455965e-03
1.322500e-05	7.136865e-03	5.109850e-02	3.706109e-03
1.520875e-05	7.653435e-03	5.647227e-02	3.974359e-03
1.749006e-05	8.207394e-03	6.234571e-02	4.262026e-03
2.011357e-05	8.801450e-03	6.882320e-02	4.570513e-03
2.313061e-05	9.438503e-03	7.570362e-02	4.901330e-03
2.660020e-05	1.012167e-02	8.330977e-02	5.256090e-03
3.059023e-05	1.085428e-02	9.185177e-02	5.636529e-03
3.517876e-05	1.163992e-02	1.010765e-01	6.044504e-03
4.045558e-05	1.248242e-02	1.110890e-01	6.482008e-03
4.652391e-05	1.338590e-02	1.217475e-01	6.951180e-03
5.350250e-05	1.435478e-02	1.334263e-01	7.454310e-03
6.152788e-05	1.539379e-02	1.464764e-01	7.993856e-03
7.075706e-05	1.650800e-02	1.604909e-01	8.572456e-03
8.137062e-05	1.770286e-02	1.756139e-01	9.192935e-03
9.357621e-05	1.898420e-02	1.919850e-01	9.858324e-03
1.076126e-04	2.035829e-02	2.094878e-01	1.057188e-02
1.237545e-04	2.183183e-02	2.284021e-01	1.133707e-02
1.423177e-04	2.341203e-02	2.485599e-01	1.215766e-02
1.636654e-04	2.510661e-02	2.704282e-01	1.303763e-02
1.882152e-04	2.692384e-02	2.939892e-01	1.398130e-02
2.164475e-04	2.887260e-02	3.182376e-01	1.499328e-02
2.489146e-04	3.096241e-02	3.441563e-01	1.607850e-02
2.862518e-04	3.320349e-02	3.728313e-01	1.724227e-02
3.291895e-04	3.560677e-02	4.030316e-01	1.849028e-02
3.785680e-04	3.818401e-02	4.352253e-01	1.982861e-02
4.353531e-04	4.094779e-02	4.679346e-01	2.126382e-02
5.006561e-04	4.391161e-02	5.023161e-01	2.280290e-02
5.757545e-04	4.708996e-02	5.400433e-01	2.445339e-02
6.621177e-04	5.049835e-02	5.789831e-01	2.622334e-02
7.614354e-04	5.415345e-02	6.200067e-01	2.812140e-02
8.756507e-04	5.807311e-02	6.618401e-01	3.015684e-02
1.006998e-03	6.227647e-02	7.059678e-01	3.233961e-02
1.158048e-03	6.678407e-02	7.508619e-01	3.468037e-02
1.331755e-03	7.161794e-02	7.952637e-01	3.719055e-02
1.531519e-03	7.680168e-02	8.422027e-01	3.988242e-02
1.761246e-03	8.236063e-02	8.893549e-01	4.276913e-02
2.025433e-03	8.832194e-02	9.375461e-01	4.586478e-02
2.329248e-03	9.471472e-02	9.827332e-01	4.918450e-02
2.678635e-03	1.015702e-01	1.028839e+00	5.274450e-02
3.080431e-03	1.089219e-01	1.078218e+00	5.656218e-02
3.542495e-03	1.168058e-01	1.125795e+00	6.065618e-02
4.073870e-03	1.252602e-01	1.171073e+00	6.504650e-02
4.684950e-03	1.343266e-01	1.212956e+00	6.975460e-02
5.387693e-03	1.440493e-01	1.253640e+00	7.480348e-02
6.195847e-03	1.544756e-01	1.296274e+00	8.021779e-02
7.125224e-03	1.656566e-01	1.335766e+00	8.602400e-02
8.194007e-03	1.776470e-01	1.371968e+00	9.220421e-02
9.423108e-03	1.905051e-01	1.406241e+00	9.891294e-02
1.083657e-02	2.042940e-01	1.436327e+00	1.060908e-01
1.246206e-02	2.190809e-01	1.464184e+00	1.137694e-01
1.433137e-02	2.349381e-01	1.488706e+00	1.220038e-01
1.648108e-02	2.519431e-01	1.511256e+00	1.308344e-01
1.895324e-02	2.701788e-01	1.531480e+00	1.403040e-01
2.179622e-02	2.897345e-01	1.546250e+00	1.504591e-01
2.506566e-02	3.107056e-01	1.558475e+00	1.613492e-01
2.882550e-02	3.331947e-01	1.569985e+00	1.730276e-01
3.314933e-02	3.573115e-01	1.578017e+00	1.855513e-01
3.812173e-02	3.831739e-01	1.582960e+00	1.989814e-01
4.383999e-02	4.109082e-01	1.583153e+00	2.133835e-01
5.041599e-02	4.406500e-01	1.580024e+00	2.288281e-01
5.797838e-02	4.725444e-01	1.574681e+00	2.453907e-01
6.667514e-02	5.067475e-01	1.565332e+00	2.631520e-01
7.667641e-02	5.434261e-01	1.552140e+00	2.821989e-01
8.817787e-02	5.827596e-01	1.534649e+00	3.026243e-01
1.014046e-01	6.249400e-01	1.513367e+00	3.245283e-01
1.166152e-01	6.701735e-01	1.488052e+00	3.480177e-01
1.341075e-01	7.186810e-01	1.458941e+00	3.732072e-01
1.542237e-01	7.706996e-01	1.425625e+00	4.002199e-01
1.773572e-01	8.264832e-01	1.388949e+00	4.291878e-01
2.039608e-01	8.863045e-01	1.348868e+00	4.602525e-01
2.345549e-01	9.504557e-01	1.306918e+00	4.935657e-01
2.697381e-01	1.019250e+00	1.261500e+00	5.292900e-01
3.101989e-01	1.093024e+00	1.211700e+00	5.676000e-01
3.567287e-01	1.172138e+00	1.160404e+00	6.086830e-01
4.102380e-01	1.256978e+00	1.108288e+00	6.527398e-01
4.717737e-01	1.347958e+00	1.056715e+00	6.999852e-01
5.425397e-01	1.445524e+00	1.003870e+00	7.506506e-01
6.239207e-01	1.550152e+00	9.474826e-01	8.049818e-01
7.175088e-01	1.662353e+00	8.920089e-01	8.632451e-01
8.251351e-01	1.777079e+00	8.377854e-01	9.257522e-01
9.489054e-01	1.886172e+00	7.836779e-01	9.932985e-01
1.091241e+00	2.000162e+00	7.325858e-01	1.066538e+00
1.254927e+00	2.118619e+00	6.826188e-01	1.146002e+00
1.443166e+00	2.240845e+00	6.347744e-01	1.232338e+00
1.659641e+00	1.193083e+00	5.877482e-01	1.326293e+00
1.908588e+00	1.279477e+00	5.416435e-01	1.428749e+00
2.194876e+00	1.398163e+00	5.019477e-01	1.540763e+00
2.524107e+00	1.537905e+00	4.638974e-01	1.663619e+00
2.902723e+00	1.684744e+00	4.240260e-01	1.798893e+00
3.338132e+00	1.846430e+00	3.914037e-01	1.948544e+00
3.838852e+00	2.025202e+00	3.639895e-01	2.115029e+00
4.414679e+00	2.214849e+00	3.372324e-01	2.301450e+00
5.076881e+00	2.426068e+00	3.068261e-01	2.324636e+00
5.838413e+00	2.652934e+00	2.718641e-01	2.276756e+00
6.714175e+00	2.899310e+00	2.429737e-01	2.235558e+00
7.721302e+00	3.171205e+00	2.178976e-01	2.202865e+00
8.879497e+00	3.456561e+00	1.968956e-01	2.180471e+00
1.021142e+01	3.780108e+00	1.771312e-01	2.170175e+00
1.174313e+01	4.145677e+00	1.590876e-01	2.173777e+00
1.350460e+01	4.545228e+00	1.441664e-01	2.193235e+00
1.553030e+01	4.991829e+00	1.293948e-01	2.230578e+00
1.785984e+01	5.446199e+00	1.162743e-01	2.287947e+00
2.053882e+01	5.936193e+00	1.042460e-01	2.367616e+00
2.361964e+01	6.433609e+00	9.416012e-02	2.472019e+00
2.716258e+01	6.940956e+00	8.484310e-02	2.603819e+00
3.123697e+01	7.486707e+00	7.537710e-02	2.766005e+00
3.592252e+01	7.957642e+00	6.700428e-02	2.962052e+00
4.131089e+01	8.430269e+00	5.989518e-02	3.196092e+00
4.750753e+01	8.861861e+00	5.377226e-02	3.473218e+00
5.463366e+01	9.240505e+00	4.822109e-02	3.799696e+00
6.282871e+01	9.617481e+00	4.267531e-02	4.183301e+00
7.225301e+01	9.896777e+00	3.779414e-02	4.633685e+00
8.309096e+01	1.012943e+01	3.360222e-02	5.162787e+00
9.555461e+01	1.028358e+01	2.974320e-02	5.785383e+00
1.098878e+02	1.042873e+01	2.648925e-02	6.519760e+00
1.263710e+02	1.056512e+01	2.356298e-02	7.388459e+00
1.453266e+02	1.059675e+01	2.098045e-02	8.418639e+00
1.671256e+02	1.138388e+01	1.862187e-02	9.650480e+00
1.921945e+02	1.108439e+01	1.643646e-02	1.114595e+01
2.210236e+02	1.071531e+01	1.473374e-02	1.294101e+01
2.541772e+02	1.033033e+01	1.318764e-02	1.511666e+01
2.923037e+02	9.937749e+00	1.160557e-02	1.775352e+01
3.361493e+02	9.556332e+00	1.025752e-02	2.093028e+01
3.865717e+02	9.121744e+00	9.029326e-03	2.476935e+01
4.445574e+02	8.681643e+00	8.059020e-03	2.944108e+01
5.112411e+02	8.242607e+00	7.190700e-03	3.515373e+01
5.879272e+02	7.811629e+00	6.305817e-03	4.217007e+01
6.761163e+02	7.393822e+00	5.566431e-03	5.082752e+01
7.775337e+02	6.975940e+00	4.889788e-03	6.155393e+01
8.941638e+02	6.556150e+00	4.324225e-03	7.489519e+01
1.028288e+03	6.136888e+00	3.806898e-03	9.155821e+01
1.182532e+03	5.722707e+00	3.344568e-03	1.124605e+02
1.359911e+03	5.319029e+00	2.980437e-03	1.387678e+02
1.563898e+03	4.940075e+00	2.623735e-03	1.719418e+02
1.798483e+03	4.572684e+00	2.317884e-03	2.138417e+02
2.068255e+03	4.217272e+00	2.045219e-03	2.669270e+02
2.378493e+03	3.877500e+00	1.821016e-03	3.343515e+02
2.735268e+03	3.555595e+00	1.615818e-03	4.201777e+02
3.145558e+03	3.253066e+00	1.412231e-03	5.296213e+02
3.617391e+03	2.970644e+00	1.235458e-03	6.693618e+02
4.160000e+03	2.706972e+00	1.089692e-03	8.479350e+02
4.784000e+03	2.462564e+00	9.659788e-04	1.076254e+03
5.501600e+03	2.238659e+00	8.544178e-04	1.368203e+03
6.326840e+03	2.034193e+00	7.454731e-04	1.741388e+03
7.275866e+03	1.847708e+00	6.507335e-04	2.218038e+03
8.367246e+03	1.679284e+00	5.709018e-04	2.826087e+03
9.622333e+03	1.528182e+00	4.979542e-04	3.600463e+03
