# Energy_MeV	dEdx_Elec_MeV_um	dEdx_Nucl_MeV_um	Range_um
1.000000e-05	6.843775e-03	3.277752e-02	2.922364e-03
1.150000e-05	7.339131e-03	3.591814e-02	3.133886e-03
1.322500e-05	7.870342e-03	3.988958e-02	3.360718e-03
1.520875e-05	8.440001e-03	4.420457e-02	3.603969e-03
1.749006e-05	9.050893e-03	4.906465e-02	3.864826e-03
2.011357e-05	9.706001e-03	5.449865e-02	4.144564e-03
2.313061e-05	1.040853e-02	6.039779e-02	4.444550e-03
2.660020e-05	1.116190e-02	6.693899e-02	4.766249e-03
3.059023e-05	1.196981e-02	7.411567e-02	5.111232e-03
3.517876e-05	1.283619e-02	8.201236e-02	5.481186e-03
4.045558e-05	1.376528e-02	9.063433e-02	5.877917e-03
4.652391e-05	1.476161e-02	1.000911e-01	6.303364e-03
5.350250e-05	1.583007e-02	1.105929e-01	6.759605e-03
6.152788e-05	1.697586e-02	1.220824e-01	7.248868e-03
7.075706e-05	1.820458e-02	1.343490e-01	7.773545e-03
8.137062e-05	1.952224e-02	1.477056e-01	8.336199e-03
9.357621e-05	2.093527e-02	1.630153e-01	8.939577e-03
1.076126e-04	2.245057e-02	1.793231e-01	9.586628e-03
1.237545e-04	2.407556e-02	1.971779e-01	1.028051e-02
1.423177e-04	2.581816e-02	2.161521e-01	1.102462e-02
1.636654e-04	2.768689e-02	2.366642e-01	1.182259e-02
1.882152e-04	2.969088e-02	2.601741e-01	1.267832e-02
2.164475e-04	3.183992e-02	2.848513e-01	1.359598e-02
2.489146e-04	3.414451e-02	3.118431e-01	1.458006e-02
2.862518e-04	3.661591e-02	3.408179e-01	1.563538e-02
3.291895e-04	3.926619e-02	3.720839e-01	1.676707e-02
3.785680e-04	4.210830e-02	4.059509e-01	1.798068e-02
4.353531e-04	4.515612e-02	4.414022e-01	1.928213e-02
5.006561e-04	4.842454e-02	4.806305e-01	2.067778e-02
5.757545e-04	5.192953e-02	5.221669e-01	2.217445e-02
6.621177e-04	5.568822e-02	5.660634e-01	2.377945e-02
7.614354e-04	5.971896e-02	6.115794e-01	2.550062e-02
8.756507e-04	6.404146e-02	6.620623e-01	2.734637e-02
1.006998e-03	6.867681e-02	7.170491e-01	2.932572e-02
1.158048e-03	7.364767e-02	7.735063e-01	3.144833e-02
1.331755e-03	7.897833e-02	8.331067e-01	3.372457e-02
1.531519e-03	8.469482e-02	8.933912e-01	3.616558e-02
1.761246e-03	9.082508e-02	9.597774e-01	3.878326e-02
2.025433e-03	9.739905e-02	1.031073e+00	4.159041e-02
2.329248e-03	1.044488e-01	1.102891e+00	4.460075e-02
2.678635e-03	1.120089e-01	1.178736e+00	4.782897e-02
3.080431e-03	1.201162e-01	1.257016e+00	5.129086e-02
3.542495e-03	1.288102e-01	1.337231e+00	5.500332e-02
4.073870e-03	1.381336e-01	1.417461e+00	5.898449e-02
4.684950e-03	1.481318e-01	1.499678e+00	6.325382e-02
5.387693e-03	1.588536e-01	1.585842e+00	6.783216e-02
6.195847e-03	1.703515e-01	1.672540e+00	7.274189e-02
7.125224e-03	1.826817e-01	1.753518e+00	7.800699e-02
8.194007e-03	1.959043e-01	1.833987e+00	8.365317e-02
9.423108e-03	2.100839e-01	1.925645e+00	8.970803e-02
1.083657e-02	2.252899e-01	2.009050e+00	9.620115e-02
1.246206e-02	2.415965e-01	2.092239e+00	1.031642e-01
1.433137e-02	2.590834e-01	2.166749e+00	1.106244e-01
1.648108e-02	2.778360e-01	2.237844e+00	1.186215e-01
1.895324e-02	2.979459e-01	2.317834e+00	1.272305e-01
2.179622e-02	3.195114e-01	2.386920e+00	1.364371e-01
2.506566e-02	3.426378e-01	2.453581e+00	1.463132e-01
2.882550e-02	3.674381e-01	2.513705e+00	1.569031e-01
3.314933e-02	3.940335e-01	2.569243e+00	1.682596e-01
3.812173e-02	4.225538e-01	2.620402e+00	1.804381e-01
4.383999e-02	4.531385e-01	2.663073e+00	1.934981e-01
5.041599e-02	4.859369e-01	2.705349e+00	2.075033e-01
5.797838e-02	5.211093e-01	2.740652e+00	2.225223e-01
6.667514e-02	5.588274e-01	2.769321e+00	2.386284e-01
7.667641e-02	5.992757e-01	2.790288e+00	2.559002e-01
8.817787e-02	6.426515e-01	2.810335e+00	2.744221e-01
1.014046e-01	6.891670e-01	2.827469e+00	2.942846e-01
1.166152e-01	7.390493e-01	2.835523e+00	3.155850e-01
1.341075e-01	7.925421e-01	2.837770e+00	3.384270e-01
1.542237e-01	8.499067e-01	2.831803e+00	3.629223e-01
1.773572e-01	9.114234e-01	2.822193e+00	3.891904e-01
2.039608e-01	9.773927e-01	2.807397e+00	4.173600e-01
2.345549e-01	1.048137e+00	2.783732e+00	4.475686e-01
2.697381e-01	1.124002e+00	2.753453e+00	4.799637e-01
3.101989e-01	1.205357e+00	2.715838e+00	5.147034e-01
3.567287e-01	1.292602e+00	2.671161e+00	5.519575e-01
4.102380e-01	1.386161e+00	2.619613e+00	5.919084e-01
4.717737e-01	1.486492e+00	2.560848e+00	6.347509e-01
5.425397e-01	1.594085e+00	2.495243e+00	6.806943e-01
6.239207e-01	1.709466e+00	2.423274e+00	7.299629e-01
7.175088e-01	1.833198e+00	2.349145e+00	7.827977e-01
8.251351e-01	1.965886e+00	2.269225e+00	8.394569e-01
9.489054e-01	2.108178e+00	2.178305e+00	9.002176e-01
1.091241e+00	2.260769e+00	2.088169e+00	9.653734e-01
1.254927e+00	2.424404e+00	1.992499e+00	1.035255e+00
1.443166e+00	2.599336e+00	1.902005e+00	1.110167e+00
1.659641e+00	2.759540e+00	1.809103e+00	1.190923e+00
1.908588e+00	2.927166e+00	1.704767e+00	1.278473e+00
2.194876e+00	3.101671e+00	1.607511e+00	1.373421e+00
2.524107e+00	3.282149e+00	1.508369e+00	1.476541e+00
2.902723e+00	3.467209e+00	1.413463e+00	1.588701e+00
3.338132e+00	3.654858e+00	1.320265e+00	1.710929e+00
3.838852e+00	3.842355e+00	1.229260e+00	1.844449e+00
4.414679e+00	4.026104e+00	1.145616e+00	1.990741e+00
5.076881e+00	2.181983e+00	1.059048e+00	2.151619e+00
5.838413e+00	2.397758e+00	9.782547e-01	2.329330e+00
6.714175e+00	2.631898e+00	9.038025e-01	2.526684e+00
7.721302e+00	2.888558e+00	8.377296e-01	2.747219e+00
8.879497e+00	3.173635e+00	7.677659e-01	2.995416e+00
1.021142e+01	3.477640e+00	7.030991e-01	3.276963e+00
1.174313e+01	3.815178e+00	6.563296e-01	3.599086e+00
1.350460e+01	4.175494e+00	6.095833e-01	3.970973e+00
1.553030e+01	4.546435e+00	5.559337e-01	4.404318e+00
1.785984e+01	4.945778e+00	4.942368e-01	4.380210e+00
2.053882e+01	5.383870e+00	4.373586e-01	4.147929e+00
2.361964e+01	5.861312e+00	3.944772e-01	3.969931e+00
2.716258e+01	6.355375e+00	3.553891e-01	3.842029e+00
3.123697e+01	6.887328e+00	3.197308e-01	3.761053e+00
3.592252e+01	7.479561e+00	2.880002e-01	3.724689e+00
4.131089e+01	8.111348e+00	2.602196e-01	3.731365e+00
4.750753e+01	8.818529e+00	2.345917e-01	3.780109e+00
5.463366e+01	9.599836e+00	2.099608e-01	3.870804e+00
6.282871e+01	1.042337e+01	1.876940e-01	4.004005e+00
7.225301e+01	1.132673e+01	1.701596e-01	4.181158e+00
8.309096e+01	1.220553e+01	1.538425e-01	4.404746e+00
9.555461e+01	1.311589e+01	1.358456e-01	4.678472e+00
1.098878e+02	1.403236e+01	1.212431e-01	5.007449e+00
1.263710e+02	1.485120e+01	1.078495e-01	5.398423e+00
1.453266e+02	1.567224e+01	9.719029e-02	5.860032e+00
1.671256e+02	1.627438e+01	8.748379e-02	6.403061e+00
1.921945e+02	1.691967e+01	7.691390e-02	7.041045e+00
2.210236e+02	1.761305e+01	6.840870e-02	7.790319e+00
2.541772e+02	1.810631e+01	6.063359e-02	8.671734e+00
2.923037e+02	1.997523e+01	5.389614e-02	9.709496e+00
3.361493e+02	1.992846e+01	4.787302e-02	1.095633e+01
3.865717e+02	1.969471e+01	4.249648e-02	1.243952e+01
4.445574e+02	1.943313e+01	3.800698e-02	1.420537e+01
5.112411e+02	1.903914e+01	3.360997e-02	1.631822e+01
5.879272e+02	1.869061e+01	2.979321e-02	1.882711e+01
6.761163e+02	1.816348e+01	2.654992e-02	2.179906e+01
7.775337e+02	1.758490e+01	2.388557e-02	2.534940e+01
8.941638e+02	1.698628e+01	2.111326e-02	2.961050e+01
1.028288e+03	1.637636e+01	1.850010e-02	3.474749e+01
1.182532e+03	1.580097e+01	1.638815e-02	4.096810e+01
1.359911e+03	1.520745e+01	1.452193e-02	4.853357e+01
1.563898e+03	1.458230e+01	1.302731e-02	5.776986e+01
1.798483e+03	1.393115e+01	1.147707e-02	6.909323e+01
2.068255e+03	1.325251e+01	1.003995e-02	8.303992e+01
2.378493e+03	1.256852e+01	8.879128e-03	1.002867e+02
2.735268e+03	1.190408e+01	7.814181e-03	1.216696e+02
3.145558e+03	1.124408e+01	6.873886e-03	1.482273e+02
3.617391e+03	1.058389e+01	6.067767e-03	1.813268e+02
4.160000e+03	9.927871e+00	5.384426e-03	2.227210e+02
4.784000e+03	9.280846e+00	4.767816e-03	2.746530e+02
5.501600e+03	8.649593e+00	4.189022e-03	3.399883e+02
6.326840e+03	8.041098e+00	3.683638e-03	4.223888e+02
7.275866e+03	7.457639e+00	3.294305e-03	5.265209e+02
8.367246e+03	6.900088e+00	2.935352e-03	6.583498e+02
9.622333e+03	6.370711e+00	2.545812e-03	8.254784e+02
