# Energy_MeV	dEdx_Elec_MeV_um	dEdx_Nucl_MeV_um	Range_um
1.000000e-05	6.707930e-03	3.367470e-02	2.981546e-03
1.150000e-05	7.193453e-03	3.737911e-02	3.197352e-03
1.322500e-05	7.714119e-03	4.142278e-02	3.428778e-03
1.520875e-05	8.272471e-03	4.600868e-02	3.676954e-03
1.749006e-05	8.871237e-03	5.107041e-02	3.943094e-03
2.011357e-05	9.513342e-03	5.660206e-02	4.228498e-03
2.313061e-05	1.020192e-02	6.271182e-02	4.534558e-03
2.660020e-05	1.094034e-02	6.944218e-02	4.862772e-03
3.059023e-05	1.173221e-02	7.682656e-02	5.214742e-03
3.517876e-05	1.258139e-02	8.486812e-02	5.592188e-03
4.045558e-05	1.349204e-02	9.374963e-02	5.996954e-03
4.652391e-05	1.446860e-02	1.035499e-01	6.431016e-03
5.350250e-05	1.551585e-02	1.142856e-01	6.896497e-03
6.152788e-05	1.663889e-02	1.256652e-01	7.395669e-03
7.075706e-05	1.784323e-02	1.382562e-01	7.930971e-03
8.137062e-05	1.913473e-02	1.525320e-01	8.505019e-03
9.357621e-05	2.051971e-02	1.677335e-01	9.120617e-03
1.076126e-04	2.200494e-02	1.844280e-01	9.780772e-03
1.237545e-04	2.359767e-02	2.020142e-01	1.048871e-02
1.423177e-04	2.530568e-02	2.213545e-01	1.124789e-02
1.636654e-04	2.713732e-02	2.431761e-01	1.206202e-02
1.882152e-04	2.910153e-02	2.662163e-01	1.293507e-02
2.164475e-04	3.120792e-02	2.914259e-01	1.387132e-02
2.489146e-04	3.346676e-02	3.184442e-01	1.487533e-02
2.862518e-04	3.588910e-02	3.475961e-01	1.595202e-02
3.291895e-04	3.848677e-02	3.789196e-01	1.710663e-02
3.785680e-04	4.127247e-02	4.120939e-01	1.834482e-02
4.353531e-04	4.425979e-02	4.485825e-01	1.967263e-02
5.006561e-04	4.746334e-02	4.873552e-01	2.109654e-02
5.757545e-04	5.089876e-02	5.278886e-01	2.262352e-02
6.621177e-04	5.458284e-02	5.703204e-01	2.426102e-02
7.614354e-04	5.853357e-02	6.179510e-01	2.601705e-02
8.756507e-04	6.277026e-02	6.685490e-01	2.790018e-02
1.006998e-03	6.731361e-02	7.211476e-01	2.991960e-02
1.158048e-03	7.218580e-02	7.758758e-01	3.208520e-02
1.331755e-03	7.741065e-02	8.319044e-01	3.440755e-02
1.531519e-03	8.301367e-02	8.945359e-01	3.689798e-02
1.761246e-03	8.902225e-02	9.598204e-01	3.956868e-02
2.025433e-03	9.546573e-02	1.026604e+00	4.243268e-02
2.329248e-03	1.023756e-01	1.096487e+00	4.550398e-02
2.678635e-03	1.097856e-01	1.168969e+00	4.879758e-02
3.080431e-03	1.177319e-01	1.242904e+00	5.232958e-02
3.542495e-03	1.262534e-01	1.316602e+00	5.611722e-02
4.073870e-03	1.353917e-01	1.393238e+00	6.017901e-02
4.684950e-03	1.451914e-01	1.472144e+00	6.453480e-02
5.387693e-03	1.557005e-01	1.551228e+00	6.920586e-02
6.195847e-03	1.669702e-01	1.624612e+00	7.421502e-02
7.125224e-03	1.790555e-01	1.700385e+00	7.958674e-02
8.194007e-03	1.920157e-01	1.783449e+00	8.534727e-02
9.423108e-03	2.059139e-01	1.859899e+00	9.152475e-02
1.083657e-02	2.208180e-01	1.935607e+00	9.814936e-02
1.246206e-02	2.368009e-01	2.002787e+00	1.052535e-01
1.433137e-02	2.539407e-01	2.069671e+00	1.128273e-01
1.648108e-02	2.723211e-01	2.141534e+00	1.210406e-01
1.895324e-02	2.920318e-01	2.204392e+00	1.298049e-01
2.179622e-02	3.131693e-01	2.264715e+00	1.392012e-01
2.506566e-02	3.358366e-01	2.319671e+00	1.492760e-01
2.882550e-02	3.601446e-01	2.369918e+00	1.600805e-01
3.314933e-02	3.862121e-01	2.415079e+00	1.716669e-01
3.812173e-02	4.141663e-01	2.454118e+00	1.840921e-01
4.383999e-02	4.441439e-01	2.491865e+00	1.974166e-01
5.041599e-02	4.762913e-01	2.523853e+00	2.117055e-01
5.797838e-02	5.107655e-01	2.548656e+00	2.270286e-01
6.667514e-02	5.477350e-01	2.567239e+00	2.434607e-01
7.667641e-02	5.873803e-01	2.586134e+00	2.610824e-01
8.817787e-02	6.298952e-01	2.600003e+00	2.799795e-01
1.014046e-01	6.754874e-01	2.606473e+00	3.002443e-01
1.166152e-01	7.243795e-01	2.606964e+00	3.219758e-01
1.341075e-01	7.768105e-01	2.600476e+00	3.452804e-01
1.542237e-01	8.330364e-01	2.591390e+00	3.702719e-01
1.773572e-01	8.933321e-01	2.576090e+00	3.970721e-01
2.039608e-01	9.579919e-01	2.553100e+00	4.258121e-01
2.345549e-01	1.027332e+00	2.523977e+00	4.566323e-01
2.697381e-01	1.101691e+00	2.488144e+00	4.896834e-01
3.101989e-01	1.181432e+00	2.445864e+00	5.251269e-01
3.567287e-01	1.266944e+00	2.397323e+00	5.631356e-01
4.102380e-01	1.358646e+00	2.341922e+00	6.038952e-01
4.717737e-01	1.456986e+00	2.280704e+00	6.476052e-01
5.425397e-01	1.562443e+00	2.214150e+00	6.944792e-01
6.239207e-01	1.675534e+00	2.145308e+00	7.447458e-01
7.175088e-01	1.796810e+00	2.069964e+00	7.986506e-01
8.251351e-01	1.926864e+00	1.986453e+00	8.564568e-01
9.489054e-01	2.066331e+00	1.902862e+00	9.184473e-01
1.091241e+00	2.215894e+00	1.815670e+00	9.849281e-01
1.254927e+00	2.376281e+00	1.732255e+00	1.056200e+00
1.443166e+00	2.533404e+00	1.644763e+00	1.132774e+00
1.659641e+00	2.688329e+00	1.549965e+00	1.215671e+00
1.908588e+00	2.849991e+00	1.460484e+00	1.305550e+00
2.194876e+00	3.017696e+00	1.370047e+00	1.403110e+00
2.524107e+00	3.190343e+00	1.282373e+00	1.509146e+00
2.902723e+00	3.366316e+00	1.197136e+00	1.624599e+00
3.338132e+00	3.543352e+00	1.115336e+00	1.750579e+00
3.838852e+00	3.718422e+00	1.038065e+00	1.888423e+00
4.414679e+00	2.024518e+00	9.594600e-01	2.039755e+00
5.076881e+00	2.218779e+00	8.850773e-01	2.206583e+00
5.838413e+00	2.429161e+00	8.186144e-01	2.391405e+00
6.714175e+00	2.664477e+00	7.581656e-01	2.597362e+00
7.721302e+00	2.916317e+00	6.921792e-01	2.828421e+00
8.879497e+00	3.194123e+00	6.367243e-01	3.089612e+00
1.021142e+01	3.500669e+00	5.953292e-01	3.387323e+00
1.174313e+01	3.822870e+00	5.512484e-01	3.729679e+00
1.350460e+01	4.174790e+00	5.006196e-01	4.127013e+00
1.553030e+01	4.524800e+00	4.423965e-01	3.921109e+00
1.785984e+01	4.917552e+00	3.933523e-01	3.743426e+00
2.053882e+01	5.360763e+00	3.551638e-01	3.607221e+00
2.361964e+01	5.809211e+00	3.201451e-01	3.510755e+00
2.716258e+01	6.307958e+00	2.883465e-01	3.452803e+00
3.123697e+01	6.850279e+00	2.593323e-01	3.432608e+00
3.592252e+01	7.441234e+00	2.344484e-01	3.449847e+00
4.131089e+01	8.098479e+00	2.108841e-01	3.504511e+00
4.750753e+01	8.798078e+00	1.888698e-01	3.597293e+00
5.463366e+01	9.565235e+00	1.694922e-01	3.729263e+00
6.282871e+01	1.036596e+01	1.536310e-01	3.902214e+00
7.225301e+01	1.116267e+01	1.382945e-01	4.118804e+00
8.309096e+01	1.200843e+01	1.222965e-01	4.382755e+00
9.555461e+01	1.275891e+01	1.091315e-01	4.699063e+00
1.098878e+02	1.352297e+01	9.727268e-02	5.074247e+00
1.263710e+02	1.422368e+01	8.768056e-02	5.516586e+00
1.453266e+02	1.476893e+01	7.856338e-02	6.036489e+00
1.671256e+02	1.528443e+01	6.918796e-02	6.646856e+00
1.921945e+02	1.579878e+01	6.152725e-02	7.363532e+00
2.210236e+02	1.626012e+01	5.456369e-02	8.206475e+00
2.541772e+02	1.660668e+01	4.841971e-02	9.197340e+00
2.923037e+02	1.841403e+01	4.300250e-02	1.037941e+01
3.361493e+02	1.820012e+01	3.827247e-02	1.179893e+01
3.865717e+02	1.791418e+01	3.416684e-02	1.348255e+01
4.445574e+02	1.753370e+01	3.022723e-02	1.550311e+01
5.112411e+02	1.716013e+01	2.674720e-02	1.791627e+01
5.879272e+02	1.670310e+01	2.390206e-02	2.077845e+01
6.761163e+02	1.614905e+01	2.148809e-02	2.419586e+01
7.775337e+02	1.557645e+01	1.887352e-02	2.829924e+01
8.941638e+02	1.499127e+01	1.659190e-02	3.324999e+01
1.028288e+03	1.441984e+01	1.468953e-02	3.924885e+01
1.182532e+03	1.386022e+01	1.305972e-02	4.655128e+01
1.359911e+03	1.327536e+01	1.171344e-02	5.547547e+01
1.563898e+03	1.266746e+01	1.025131e-02	6.642550e+01
1.798483e+03	1.203626e+01	8.998563e-03	7.992171e+01
2.068255e+03	1.139889e+01	7.953828e-03	9.663018e+01
2.378493e+03	1.076712e+01	7.006715e-03	1.173820e+02
2.735268e+03	1.015698e+01	6.180290e-03	1.432044e+02
3.145558e+03	9.545987e+00	5.441298e-03	1.754171e+02
3.617391e+03	8.937008e+00	4.834108e-03	2.157504e+02
4.160000e+03	8.340647e+00	4.268184e-03	2.664093e+02
4.784000e+03	7.761297e+00	3.753932e-03	3.302196e+02
5.501600e+03	7.201920e+00	3.317961e-03	4.107978e+02
6.326840e+03	6.666404e+00	2.966974e-03	5.127598e+02
7.275866e+03	6.156570e+00	2.629727e-03	6.420026e+02
8.367246e+03	5.673978e+00	2.285227e-03	8.060596e+02
9.622333e+03	5.219841e+00	2.008839e-03	1.014516e+03
