# Energy_MeV	dEdx_Elec_MeV_um	dEdx_Nucl_MeV_um	Range_um
1.000000e-05	6.673102e-03	3.233478e-02	2.997107e-03
1.150000e-05	7.156104e-03	3.539833e-02	3.214039e-03
1.322500e-05	7.674067e-03	3.931661e-02	3.446673e-03
1.520875e-05	8.229520e-03	4.356933e-02	3.696145e-03
1.749006e-05	8.825177e-03	4.835302e-02	3.963674e-03
2.011357e-05	9.463948e-03	5.371484e-02	4.250567e-03
2.313061e-05	1.014895e-02	5.952881e-02	4.558225e-03
2.660020e-05	1.088354e-02	6.598011e-02	4.888152e-03
3.059023e-05	1.167130e-02	7.305130e-02	5.241959e-03
3.517876e-05	1.251607e-02	8.083574e-02	5.621375e-03
4.045558e-05	1.342199e-02	8.934400e-02	6.028253e-03
4.652391e-05	1.439348e-02	9.866149e-02	6.464581e-03
5.350250e-05	1.543529e-02	1.090204e-01	6.932491e-03
6.152788e-05	1.655250e-02	1.203419e-01	7.434268e-03
7.075706e-05	1.775058e-02	1.324522e-01	7.972364e-03
8.137062e-05	1.903538e-02	1.456147e-01	8.549408e-03
9.357621e-05	2.041317e-02	1.606836e-01	9.168219e-03
1.076126e-04	2.189069e-02	1.768093e-01	9.831819e-03
1.237545e-04	2.347515e-02	1.943854e-01	1.054345e-02
1.423177e-04	2.517429e-02	2.131565e-01	1.130659e-02
1.636654e-04	2.699642e-02	2.333489e-01	1.212497e-02
1.882152e-04	2.895043e-02	2.564888e-01	1.300258e-02
2.164475e-04	3.104588e-02	2.809047e-01	1.394371e-02
2.489146e-04	3.329300e-02	3.074755e-01	1.495297e-02
2.862518e-04	3.570276e-02	3.361117e-01	1.603527e-02
3.291895e-04	3.828695e-02	3.669602e-01	1.719591e-02
3.785680e-04	4.105818e-02	4.004146e-01	1.844056e-02
4.353531e-04	4.402999e-02	4.353754e-01	1.977530e-02
5.006561e-04	4.721690e-02	4.739906e-01	2.120665e-02
5.757545e-04	5.063449e-02	5.150665e-01	2.274160e-02
6.621177e-04	5.429944e-02	5.584584e-01	2.438764e-02
7.614354e-04	5.822966e-02	6.033625e-01	2.615283e-02
8.756507e-04	6.244436e-02	6.530524e-01	2.804579e-02
1.006998e-03	6.696411e-02	7.074329e-01	3.007576e-02
1.158048e-03	7.181101e-02	7.631501e-01	3.225266e-02
1.331755e-03	7.700873e-02	8.221244e-01	3.458712e-02
1.531519e-03	8.258266e-02	8.816388e-01	3.709056e-02
1.761246e-03	8.856004e-02	9.469829e-01	3.977519e-02
2.025433e-03	9.497006e-02	1.017549e+00	4.265414e-02
2.329248e-03	1.018440e-01	1.088461e+00	4.574147e-02
2.678635e-03	1.092156e-01	1.163453e+00	4.905226e-02
3.080431e-03	1.171207e-01	1.240695e+00	5.260269e-02
3.542495e-03	1.255979e-01	1.319982e+00	5.641010e-02
4.073870e-03	1.346887e-01	1.399505e+00	6.049310e-02
4.684950e-03	1.444376e-01	1.480613e+00	6.487162e-02
5.387693e-03	1.548921e-01	1.565899e+00	6.956706e-02
6.195847e-03	1.661032e-01	1.651504e+00	7.460236e-02
7.125224e-03	1.781259e-01	1.732150e+00	8.000212e-02
8.194007e-03	1.910187e-01	1.811381e+00	8.579272e-02
9.423108e-03	2.048448e-01	1.901715e+00	9.200244e-02
1.083657e-02	2.196715e-01	1.984869e+00	9.866162e-02
1.246206e-02	2.355715e-01	2.066784e+00	1.058028e-01
1.433137e-02	2.526222e-01	2.141310e+00	1.134609e-01
1.648108e-02	2.709072e-01	2.211322e+00	1.216751e-01
1.895324e-02	2.905156e-01	2.290819e+00	1.304845e-01
2.179622e-02	3.115433e-01	2.359289e+00	1.399264e-01
2.506566e-02	3.340929e-01	2.424937e+00	1.500556e-01
2.882550e-02	3.582747e-01	2.484976e+00	1.609161e-01
3.314933e-02	3.842069e-01	2.540088e+00	1.725631e-01
3.812173e-02	4.120160e-01	2.591087e+00	1.850531e-01
4.383999e-02	4.418379e-01	2.633334e+00	1.984471e-01
5.041599e-02	4.738184e-01	2.675267e+00	2.128106e-01
5.797838e-02	5.081136e-01	2.710410e+00	2.282136e-01
6.667514e-02	5.448911e-01	2.739085e+00	2.447316e-01
7.667641e-02	5.843306e-01	2.759974e+00	2.624452e-01
8.817787e-02	6.266248e-01	2.779709e+00	2.814409e-01
1.014046e-01	6.719802e-01	2.797028e+00	3.018115e-01
1.166152e-01	7.206185e-01	2.805208e+00	3.236564e-01
1.341075e-01	7.727772e-01	2.807747e+00	3.470827e-01
1.542237e-01	8.287113e-01	2.802060e+00	3.722046e-01
1.773572e-01	8.886938e-01	2.792604e+00	3.991447e-01
2.039608e-01	9.530180e-01	2.778325e+00	4.280346e-01
2.345549e-01	1.021998e+00	2.755159e+00	4.590157e-01
2.697381e-01	1.095971e+00	2.725465e+00	4.922394e-01
3.101989e-01	1.175298e+00	2.688503e+00	5.278678e-01
3.567287e-01	1.260366e+00	2.644567e+00	5.660748e-01
4.102380e-01	1.351592e+00	2.593808e+00	6.070472e-01
4.717737e-01	1.449421e+00	2.535957e+00	6.509854e-01
5.425397e-01	1.554331e+00	2.471239e+00	6.981040e-01
6.239207e-01	1.666834e+00	2.400335e+00	7.486330e-01
7.175088e-01	1.787481e+00	2.326930e+00	8.028190e-01
8.251351e-01	1.916860e+00	2.248253e+00	8.609270e-01
9.489054e-01	2.055603e+00	2.158281e+00	9.232414e-01
1.091241e+00	2.204388e+00	2.069267e+00	9.900648e-01
1.254927e+00	2.363943e+00	1.975080e+00	1.061733e+00
1.443166e+00	2.535047e+00	1.884985e+00	1.138554e+00
1.659641e+00	2.696212e+00	1.793515e+00	1.221233e+00
1.908588e+00	2.860508e+00	1.690053e+00	1.310830e+00
2.194876e+00	3.031735e+00	1.593858e+00	1.407979e+00
2.524107e+00	3.209076e+00	1.495670e+00	1.513464e+00
2.902723e+00	3.391261e+00	1.401832e+00	1.628157e+00
3.338132e+00	3.576444e+00	1.309553e+00	1.753093e+00
3.838852e+00	3.762075e+00	1.219127e+00	1.889503e+00
4.414679e+00	3.944770e+00	1.136457e+00	2.038865e+00
5.076881e+00	2.130705e+00	1.050609e+00	2.202991e+00
5.838413e+00	2.342437e+00	9.707080e-01	2.384118e+00
6.714175e+00	2.568713e+00	8.966725e-01	2.585040e+00
7.721302e+00	2.820761e+00	8.312232e-01	2.809275e+00
8.879497e+00	3.096095e+00	7.623547e-01	3.061267e+00
1.021142e+01	3.394204e+00	6.975237e-01	3.346657e+00
1.174313e+01	3.726766e+00	6.509598e-01	3.672613e+00
1.350460e+01	4.074491e+00	6.049409e-01	4.048251e+00
1.553030e+01	4.445097e+00	5.521356e-01	4.485165e+00
1.785984e+01	4.830449e+00	4.914096e-01	4.501581e+00
2.053882e+01	5.257379e+00	4.344435e-01	4.265074e+00
2.361964e+01	5.733316e+00	3.917947e-01	4.082791e+00
2.716258e+01	6.212431e+00	3.529261e-01	3.950837e+00
3.123697e+01	6.739364e+00	3.176529e-01	3.866265e+00
3.592252e+01	7.318768e+00	2.860328e-01	3.826939e+00
4.131089e+01	7.942024e+00	2.584093e-01	3.831430e+00
4.750753e+01	8.640470e+00	2.330639e-01	3.878881e+00
5.463366e+01	9.400813e+00	2.085603e-01	3.969251e+00
6.282871e+01	1.021918e+01	1.864870e-01	4.103156e+00
7.225301e+01	1.111120e+01	1.689120e-01	4.282072e+00
8.309096e+01	1.197599e+01	1.528411e-01	4.508503e+00
9.555461e+01	1.289606e+01	1.349214e-01	4.786169e+00
1.098878e+02	1.377944e+01	1.204226e-01	5.120210e+00
1.263710e+02	1.462170e+01	1.070772e-01	5.517420e+00
1.453266e+02	1.547029e+01	9.649166e-02	5.986510e+00
1.671256e+02	1.606674e+01	8.693063e-02	6.538379e+00
1.921945e+02	1.670780e+01	7.640272e-02	7.186685e+00
2.210236e+02	1.737873e+01	6.795549e-02	7.947996e+00
2.541772e+02	1.792218e+01	6.022575e-02	8.843609e+00
2.923037e+02	1.841971e+01	5.355068e-02	9.896194e+00
3.361493e+02	1.964332e+01	4.756977e-02	1.115740e+01
3.865717e+02	1.942108e+01	4.220519e-02	1.266401e+01
4.445574e+02	1.916966e+01	3.775891e-02	1.445277e+01
5.112411e+02	1.877326e+01	3.338791e-02	1.659588e+01
5.879272e+02	1.843534e+01	2.960608e-02	1.914615e+01
6.761163e+02	1.793666e+01	2.637147e-02	2.216525e+01
7.775337e+02	1.736536e+01	2.372667e-02	2.576944e+01
8.941638e+02	1.677348e+01	2.099768e-02	3.009304e+01
1.028288e+03	1.616887e+01	1.838650e-02	3.530375e+01
1.182532e+03	1.559018e+01	1.629014e-02	4.161104e+01
1.359911e+03	1.500650e+01	1.442550e-02	4.927993e+01
1.563898e+03	1.439290e+01	1.294198e-02	5.864010e+01
1.798483e+03	1.375393e+01	1.141594e-02	7.011147e+01
2.068255e+03	1.308470e+01	9.979471e-03	8.423498e+01
2.378493e+03	1.241121e+01	8.827049e-03	1.016976e+02
2.735268e+03	1.174982e+01	7.766627e-03	1.233508e+02
3.145558e+03	1.109994e+01	6.832834e-03	1.502474e+02
3.617391e+03	1.044906e+01	6.030931e-03	1.837599e+02
4.160000e+03	9.801485e+00	5.350638e-03	2.256654e+02
4.784000e+03	9.163272e+00	4.740432e-03	2.782328e+02
5.501600e+03	8.540204e+00	4.163979e-03	3.443629e+02
6.326840e+03	7.938539e+00	3.658162e-03	4.277652e+02
7.275866e+03	7.361713e+00	3.271652e-03	5.331680e+02
8.367246e+03	6.810650e+00	2.918094e-03	6.666135e+02
9.622333e+03	6.287335e+00	2.529898e-03	8.358103e+02
