# Energy_MeV	dEdx_Elec_MeV_um	dEdx_Nucl_MeV_um	Range_um
1.000000e-05	6.805745e-03	3.298248e-02	2.938694e-03
1.150000e-05	7.298349e-03	3.659470e-02	3.151398e-03
1.322500e-05	7.826607e-03	4.059110e-02	3.379498e-03
1.520875e-05	8.393101e-03	4.498048e-02	3.624107e-03
1.749006e-05	9.000598e-03	5.001342e-02	3.886422e-03
2.011357e-05	9.652066e-03	5.545135e-02	4.167724e-03
2.313061e-05	1.035069e-02	6.147168e-02	4.469386e-03
2.660020e-05	1.109988e-02	6.807300e-02	4.792882e-03
3.059023e-05	1.190329e-02	7.532744e-02	5.139793e-03
3.517876e-05	1.276486e-02	8.336798e-02	5.511814e-03
4.045558e-05	1.368878e-02	9.203494e-02	5.910762e-03
4.652391e-05	1.467959e-02	1.017289e-01	6.338586e-03
5.350250e-05	1.574210e-02	1.122939e-01	6.797377e-03
6.152788e-05	1.688152e-02	1.237621e-01	7.289374e-03
7.075706e-05	1.810342e-02	1.360707e-01	7.816983e-03
8.137062e-05	1.941375e-02	1.498691e-01	8.382781e-03
9.357621e-05	2.081893e-02	1.652085e-01	8.989531e-03
1.076126e-04	2.232582e-02	1.816301e-01	9.640198e-03
1.237545e-04	2.394177e-02	1.995063e-01	1.033796e-02
1.423177e-04	2.567469e-02	2.184729e-01	1.108623e-02
1.636654e-04	2.753304e-02	2.396622e-01	1.188865e-02
1.882152e-04	2.952589e-02	2.630492e-01	1.274916e-02
2.164475e-04	3.166299e-02	2.878872e-01	1.367195e-02
2.489146e-04	3.395478e-02	3.149988e-01	1.466154e-02
2.862518e-04	3.641244e-02	3.442411e-01	1.572275e-02
3.291895e-04	3.904799e-02	3.756523e-01	1.686077e-02
3.785680e-04	4.187431e-02	4.090205e-01	1.808116e-02
4.353531e-04	4.490519e-02	4.449017e-01	1.938988e-02
5.006561e-04	4.815545e-02	4.840542e-01	2.079333e-02
5.757545e-04	5.164097e-02	5.259274e-01	2.229836e-02
6.621177e-04	5.537877e-02	5.689664e-01	2.391233e-02
7.614354e-04	5.938711e-02	6.146272e-01	2.564312e-02
8.756507e-04	6.368559e-02	6.668920e-01	2.749918e-02
1.006998e-03	6.829518e-02	7.201020e-01	2.948959e-02
1.158048e-03	7.323842e-02	7.768674e-01	3.162406e-02
1.331755e-03	7.853946e-02	8.343812e-01	3.391302e-02
1.531519e-03	8.422419e-02	8.944698e-01	3.636767e-02
1.761246e-03	9.032038e-02	9.629975e-01	3.899998e-02
2.025433e-03	9.685781e-02	1.031101e+00	4.182282e-02
2.329248e-03	1.038684e-01	1.103160e+00	4.484997e-02
2.678635e-03	1.113865e-01	1.176880e+00	4.809624e-02
3.080431e-03	1.194487e-01	1.253052e+00	5.157747e-02
3.542495e-03	1.280945e-01	1.332019e+00	5.531067e-02
4.073870e-03	1.373660e-01	1.409404e+00	5.931409e-02
4.684950e-03	1.473086e-01	1.492494e+00	6.360727e-02
5.387693e-03	1.579709e-01	1.574711e+00	6.821120e-02
6.195847e-03	1.694049e-01	1.655745e+00	7.314837e-02
7.125224e-03	1.816665e-01	1.732943e+00	7.844288e-02
8.194007e-03	1.948157e-01	1.815728e+00	8.412062e-02
9.423108e-03	2.089165e-01	1.901630e+00	9.020932e-02
1.083657e-02	2.240380e-01	1.981326e+00	9.673871e-02
1.246206e-02	2.402540e-01	2.058786e+00	1.037407e-01
1.433137e-02	2.576437e-01	2.128310e+00	1.111967e-01
1.648108e-02	2.762921e-01	2.201281e+00	1.192825e-01
1.895324e-02	2.962903e-01	2.274631e+00	1.279405e-01
2.179622e-02	3.177359e-01	2.339164e+00	1.372002e-01
2.506566e-02	3.407338e-01	2.401198e+00	1.471306e-01
2.882550e-02	3.653963e-01	2.458449e+00	1.577799e-01
3.314933e-02	3.918439e-01	2.510037e+00	1.691998e-01
3.812173e-02	4.202057e-01	2.554565e+00	1.814463e-01
4.383999e-02	4.506205e-01	2.595053e+00	1.945792e-01
5.041599e-02	4.832366e-01	2.633215e+00	2.086628e-01
5.797838e-02	5.182135e-01	2.665817e+00	2.237657e-01
6.667514e-02	5.557221e-01	2.689198e+00	2.399618e-01
7.667641e-02	5.959456e-01	2.707658e+00	2.573300e-01
8.817787e-02	6.390804e-01	2.728041e+00	2.759555e-01
1.014046e-01	6.853374e-01	2.739210e+00	2.959291e-01
1.166152e-01	7.349425e-01	2.744934e+00	3.173484e-01
1.341075e-01	7.881380e-01	2.742563e+00	3.403180e-01
1.542237e-01	8.451839e-01	2.734185e+00	3.649501e-01
1.773572e-01	9.063587e-01	2.723764e+00	3.913652e-01
2.039608e-01	9.719614e-01	2.704700e+00	4.196923e-01
2.345549e-01	1.042313e+00	2.678779e+00	4.500696e-01
2.697381e-01	1.117756e+00	2.645820e+00	4.826455e-01
3.101989e-01	1.198659e+00	2.605969e+00	5.175793e-01
3.567287e-01	1.285419e+00	2.559472e+00	5.550419e-01
4.102380e-01	1.378458e+00	2.506355e+00	5.952160e-01
4.717737e-01	1.478232e+00	2.445744e+00	6.382978e-01
5.425397e-01	1.585227e+00	2.379741e+00	6.844977e-01
6.239207e-01	1.699967e+00	2.309018e+00	7.340418e-01
7.175088e-01	1.823011e+00	2.235028e+00	7.871721e-01
8.251351e-01	1.954962e+00	2.152484e+00	8.441478e-01
9.489054e-01	2.096463e+00	2.064315e+00	9.052478e-01
1.091241e+00	2.248206e+00	1.975369e+00	9.707681e-01
1.254927e+00	2.410932e+00	1.884440e+00	1.041033e+00
1.443166e+00	2.578484e+00	1.796537e+00	1.116402e+00
1.659641e+00	2.736874e+00	1.700829e+00	1.197820e+00
1.908588e+00	2.902409e+00	1.602404e+00	1.286099e+00
2.194876e+00	1.545393e+00	1.508610e+00	1.381875e+00
2.524107e+00	1.657296e+00	1.414065e+00	1.485927e+00
2.902723e+00	1.777299e+00	1.321412e+00	1.599151e+00
3.338132e+00	1.905988e+00	1.232523e+00	1.722607e+00
3.838852e+00	2.076267e+00	1.149086e+00	1.857563e+00
4.414679e+00	2.278745e+00	1.067486e+00	2.005557e+00
5.076881e+00	2.491003e+00	9.858707e-01	2.168479e+00
5.838413e+00	2.725742e+00	9.077953e-01	2.348675e+00
6.714175e+00	2.984507e+00	8.416271e-01	2.549086e+00
7.721302e+00	3.261247e+00	7.779904e-01	2.773423e+00
8.879497e+00	3.569997e+00	7.075901e-01	3.026388e+00
1.021142e+01	3.901417e+00	6.560882e-01	3.313950e+00
1.174313e+01	4.261399e+00	6.132195e-01	3.643694e+00
1.350460e+01	4.655396e+00	5.648921e-01	4.025269e+00
1.553030e+01	5.042408e+00	5.093155e-01	4.316681e+00
1.785984e+01	5.473279e+00	4.478676e-01	4.078565e+00
2.053882e+01	5.951925e+00	4.015183e-01	3.891215e+00
2.361964e+01	6.455606e+00	3.617275e-01	3.751053e+00
2.716258e+01	6.999944e+00	3.264877e-01	3.655335e+00
3.123697e+01	7.575249e+00	2.942426e-01	3.602054e+00
3.592252e+01	8.216872e+00	2.646887e-01	3.589840e+00
4.131089e+01	8.912004e+00	2.394729e-01	3.617855e+00
4.750753e+01	9.673542e+00	2.144610e-01	3.685886e+00
5.463366e+01	1.052719e+01	1.923179e-01	3.794349e+00
6.282871e+01	1.139290e+01	1.731240e-01	3.944345e+00
7.225301e+01	1.232380e+01	1.569965e-01	4.137841e+00
8.309096e+01	1.326692e+01	1.402737e-01	4.377844e+00
9.555461e+01	1.418712e+01	1.242310e-01	4.668595e+00
1.098878e+02	1.515546e+01	1.109670e-01	5.015775e+00
1.263710e+02	1.598542e+01	9.912658e-02	5.426754e+00
1.453266e+02	1.678141e+01	8.948913e-02	5.910840e+00
1.671256e+02	1.745244e+01	7.954889e-02	6.479677e+00
1.921945e+02	1.815134e+01	7.018591e-02	7.147699e+00
2.210236e+02	1.889173e+01	6.248751e-02	7.932529e+00
2.541772e+02	1.942145e+01	5.539967e-02	8.855351e+00
2.923037e+02	1.937559e+01	4.906724e-02	9.947374e+00
3.361493e+02	1.925878e+01	4.359782e-02	1.126127e+01
3.865717e+02	1.898994e+01	3.891971e-02	1.281908e+01
4.445574e+02	1.867742e+01	3.466915e-02	1.468219e+01
5.112411e+02	1.829090e+01	3.065888e-02	1.690932e+01
5.879272e+02	1.789241e+01	2.710358e-02	1.955088e+01
6.761163e+02	1.734598e+01	2.435271e-02	2.269020e+01
7.775337e+02	1.676687e+01	2.182462e-02	2.644860e+01
8.941638e+02	1.617197e+01	1.906305e-02	3.096950e+01
1.028288e+03	1.557783e+01	1.685377e-02	3.643106e+01
1.182532e+03	1.500882e+01	1.486659e-02	4.305928e+01
1.359911e+03	1.441668e+01	1.330034e-02	5.113664e+01
1.563898e+03	1.379558e+01	1.188577e-02	6.101831e+01
1.798483e+03	1.314993e+01	1.036003e-02	7.315965e+01
2.068255e+03	1.248693e+01	9.143687e-03	8.814649e+01
2.378493e+03	1.181971e+01	8.047084e-03	1.067137e+02
2.735268e+03	1.117974e+01	7.101637e-03	1.297685e+02
3.145558e+03	1.053843e+01	6.266124e-03	1.584514e+02
3.617391e+03	9.897897e+00	5.528062e-03	1.942705e+02
4.160000e+03	9.264550e+00	4.914846e-03	2.391468e+02
4.784000e+03	8.644052e+00	4.319526e-03	2.955425e+02
5.501600e+03	8.041642e+00	3.804909e-03	3.666051e+02
6.326840e+03	7.462766e+00	3.373421e-03	4.563548e+02
7.275866e+03	6.909053e+00	3.019506e-03	5.699193e+02
8.367246e+03	6.382025e+00	2.651592e-03	7.138541e+02
9.622333e+03	5.883482e+00	2.309275e-03	8.965073e+02
