# Energy_MeV	dEdx_Elec_MeV_um	dEdx_Nucl_MeV_um	Range_um
1.000000e-05	6.466675e-03	3.916884e-02	3.092779e-03
1.150000e-05	6.934737e-03	4.342090e-02	3.316636e-03
1.322500e-05	7.436677e-03	4.807883e-02	3.556696e-03
1.520875e-05	7.974947e-03	5.319449e-02	3.814132e-03
1.749006e-05	8.552178e-03	5.885183e-02	4.090201e-03
2.011357e-05	9.171189e-03	6.499815e-02	4.386252e-03
2.313061e-05	9.835005e-03	7.182806e-02	4.703731e-03
2.660020e-05	1.054687e-02	7.930136e-02	5.044189e-03
3.059023e-05	1.131026e-02	8.733797e-02	5.409291e-03
3.517876e-05	1.212890e-02	9.607027e-02	5.800818e-03
4.045558e-05	1.300679e-02	1.058550e-01	6.220684e-03
4.652391e-05	1.394823e-02	1.165853e-01	6.670941e-03
5.350250e-05	1.495781e-02	1.282410e-01	7.153787e-03
6.152788e-05	1.604047e-02	1.407432e-01	7.671582e-03
7.075706e-05	1.720148e-02	1.542030e-01	8.226855e-03
8.137062e-05	1.844654e-02	1.692312e-01	8.822319e-03
9.357621e-05	1.978171e-02	1.855652e-01	9.460883e-03
1.076126e-04	2.121352e-02	2.032041e-01	1.014567e-02
1.237545e-04	2.274896e-02	2.222130e-01	1.088002e-02
1.423177e-04	2.439555e-02	2.429589e-01	1.166752e-02
1.636654e-04	2.616131e-02	2.650259e-01	1.251202e-02
1.882152e-04	2.805488e-02	2.884472e-01	1.341764e-02
2.164475e-04	3.008550e-02	3.139262e-01	1.438882e-02
2.489146e-04	3.226311e-02	3.413234e-01	1.543029e-02
2.862518e-04	3.459833e-02	3.709257e-01	1.654714e-02
3.291895e-04	3.710258e-02	4.010378e-01	1.774483e-02
3.785680e-04	3.978808e-02	4.335216e-01	1.902921e-02
4.353531e-04	4.266796e-02	4.699695e-01	2.040656e-02
5.006561e-04	4.575629e-02	5.076413e-01	2.188360e-02
5.757545e-04	4.906816e-02	5.474943e-01	2.346754e-02
6.621177e-04	5.261973e-02	5.878704e-01	2.516614e-02
7.614354e-04	5.642838e-02	6.305650e-01	2.698767e-02
8.756507e-04	6.051270e-02	6.781211e-01	2.894106e-02
1.006998e-03	6.489264e-02	7.264509e-01	3.103583e-02
1.158048e-03	6.958960e-02	7.769129e-01	3.328222e-02
1.331755e-03	7.462653e-02	8.290333e-01	3.569120e-02
1.531519e-03	8.002804e-02	8.822307e-01	3.827455e-02
1.761246e-03	8.582051e-02	9.373221e-01	4.104488e-02
2.025433e-03	9.203225e-02	9.923259e-01	4.401573e-02
2.329248e-03	9.869359e-02	1.050057e+00	4.720161e-02
2.678635e-03	1.058371e-01	1.108420e+00	5.061809e-02
3.080431e-03	1.134976e-01	1.164233e+00	5.428185e-02
3.542495e-03	1.217126e-01	1.219197e+00	5.821080e-02
4.073870e-03	1.305223e-01	1.278017e+00	6.242413e-02
4.684950e-03	1.399695e-01	1.336704e+00	6.694242e-02
5.387693e-03	1.501006e-01	1.393584e+00	7.178775e-02
6.195847e-03	1.609650e-01	1.446448e+00	7.698379e-02
7.125224e-03	1.726157e-01	1.496060e+00	8.255591e-02
8.194007e-03	1.851097e-01	1.547944e+00	8.853136e-02
9.423108e-03	1.985081e-01	1.597626e+00	9.493864e-02
1.083657e-02	2.128762e-01	1.643831e+00	1.017972e-01
1.246206e-02	2.282843e-01	1.686323e+00	1.091841e-01
1.433137e-02	2.448076e-01	1.726823e+00	1.170847e-01
1.648108e-02	2.625269e-01	1.762631e+00	1.255600e-01
1.895324e-02	2.815287e-01	1.793308e+00	1.346479e-01
2.179622e-02	3.019059e-01	1.822271e+00	1.443936e-01
2.506566e-02	3.237581e-01	1.848067e+00	1.548447e-01
2.882550e-02	3.471918e-01	1.870782e+00	1.660522e-01
3.314933e-02	3.723218e-01	1.886991e+00	1.780709e-01
3.812173e-02	3.992706e-01	1.900213e+00	1.909596e-01
4.383999e-02	4.281700e-01	1.913523e+00	2.047812e-01
5.041599e-02	4.591612e-01	1.921538e+00	2.196032e-01
5.797838e-02	4.923955e-01	1.925006e+00	2.354979e-01
6.667514e-02	5.280354e-01	1.923284e+00	2.525431e-01
7.667641e-02	5.662549e-01	1.917418e+00	2.708222e-01
8.817787e-02	6.072407e-01	1.909380e+00	2.904243e-01
1.014046e-01	6.511931e-01	1.895940e+00	3.114451e-01
1.166152e-01	6.983268e-01	1.877368e+00	3.339874e-01
1.341075e-01	7.488721e-01	1.854059e+00	3.581614e-01
1.542237e-01	8.030758e-01	1.825787e+00	3.840852e-01
1.773572e-01	8.612029e-01	1.792924e+00	4.118853e-01
2.039608e-01	9.235372e-01	1.755300e+00	4.416976e-01
2.345549e-01	9.903833e-01	1.712711e+00	4.736675e-01
2.697381e-01	1.062068e+00	1.665925e+00	5.079517e-01
3.101989e-01	1.138941e+00	1.616599e+00	5.447174e-01
3.567287e-01	1.221378e+00	1.564042e+00	5.841442e-01
4.102380e-01	1.309782e+00	1.505502e+00	6.264245e-01
4.717737e-01	1.404585e+00	1.444476e+00	6.717651e-01
5.425397e-01	1.506249e+00	1.381162e+00	7.203877e-01
6.239207e-01	1.615272e+00	1.318553e+00	7.725301e-01
7.175088e-01	1.732187e+00	1.255924e+00	8.284442e-01
8.251351e-01	1.857563e+00	1.187994e+00	8.884136e-01
9.489054e-01	1.992003e+00	1.120513e+00	9.526988e-01
1.091241e+00	2.114809e+00	1.053577e+00	1.021986e+00
1.254927e+00	2.243316e+00	9.883556e-01	1.097101e+00
1.443166e+00	2.377113e+00	9.231804e-01	1.178561e+00
1.659641e+00	2.515510e+00	8.604983e-01	1.267030e+00
1.908588e+00	2.657452e+00	8.028934e-01	1.363251e+00
2.194876e+00	2.801417e+00	7.446856e-01	1.468103e+00
2.524107e+00	2.945318e+00	6.886190e-01	1.582637e+00
2.902723e+00	1.596653e+00	6.345789e-01	1.708117e+00
3.338132e+00	1.753663e+00	5.876746e-01	1.846097e+00
3.838852e+00	1.928746e+00	5.424419e-01	1.998498e+00
4.414679e+00	2.118248e+00	4.953540e-01	2.167723e+00
5.076881e+00	2.325758e+00	4.586037e-01	2.356800e+00
5.838413e+00	2.555297e+00	4.279748e-01	2.569559e+00
6.714175e+00	2.798995e+00	3.936893e-01	2.810863e+00
7.721302e+00	3.069012e+00	3.543218e-01	2.766210e+00
8.879497e+00	3.355086e+00	3.131598e-01	2.682167e+00
1.021142e+01	3.656799e+00	2.800926e-01	2.613346e+00
1.174313e+01	3.985040e+00	2.526127e-01	2.561190e+00
1.350460e+01	4.353819e+00	2.275256e-01	2.527123e+00
1.553030e+01	4.767618e+00	2.053017e-01	2.512597e+00
1.785984e+01	5.220278e+00	1.848731e-01	2.519099e+00
2.053882e+01	5.710760e+00	1.668851e-01	2.548274e+00
2.361964e+01	6.257183e+00	1.497259e-01	2.601879e+00
2.716258e+01	6.803610e+00	1.339713e-01	2.681787e+00
3.123697e+01	7.401958e+00	1.209667e-01	2.790062e+00
3.592252e+01	8.035814e+00	1.094029e-01	2.929048e+00
4.131089e+01	8.651791e+00	9.751277e-02	3.101505e+00
4.750753e+01	9.299569e+00	8.675055e-02	3.310795e+00
5.463366e+01	9.857371e+00	7.721990e-02	3.561089e+00
6.282871e+01	1.041891e+01	6.926585e-02	3.857590e+00
7.225301e+01	1.095132e+01	6.234074e-02	4.206858e+00
8.309096e+01	1.139807e+01	5.527515e-02	4.617065e+00
9.555461e+01	1.182880e+01	4.900776e-02	5.098358e+00
1.098878e+02	1.209253e+01	4.347100e-02	5.663297e+00
1.263710e+02	1.236915e+01	3.864506e-02	6.327397e+00
1.453266e+02	1.265730e+01	3.423390e-02	7.109571e+00
1.671256e+02	1.281519e+01	3.034693e-02	8.033853e+00
1.921945e+02	1.393873e+01	2.715354e-02	9.128324e+00
2.210236e+02	1.369441e+01	2.410869e-02	1.044992e+01
2.541772e+02	1.334190e+01	2.138417e-02	1.203485e+01
2.923037e+02	1.297452e+01	1.894126e-02	1.393783e+01
3.361493e+02	1.254144e+01	1.697922e-02	1.623618e+01
3.865717e+02	1.216232e+01	1.517934e-02	1.899524e+01
4.445574e+02	1.169070e+01	1.331522e-02	2.230091e+01
5.112411e+02	1.119629e+01	1.174078e-02	2.629437e+01
5.879272e+02	1.069730e+01	1.039008e-02	3.114192e+01
6.761163e+02	1.019831e+01	9.272949e-03	3.705335e+01
7.775337e+02	9.719821e+00	8.264839e-03	4.429499e+01
8.941638e+02	9.238770e+00	7.236024e-03	5.320537e+01
1.028288e+03	8.748880e+00	6.368834e-03	6.421153e+01
1.182532e+03	8.253619e+00	5.615936e-03	7.786294e+01
1.359911e+03	7.752378e+00	4.942658e-03	9.487216e+01
1.563898e+03	7.258843e+00	4.368615e-03	1.161480e+02
1.798483e+03	6.786353e+00	3.859233e-03	1.428273e+02
2.068255e+03	6.327852e+00	3.421423e-03	1.763356e+02
2.378493e+03	5.878314e+00	3.014158e-03	2.185501e+02
2.735268e+03	5.441468e+00	2.647762e-03	2.718929e+02
3.145558e+03	5.022584e+00	2.356304e-03	3.394774e+02
3.617391e+03	4.623981e+00	2.101958e-03	4.252985e+02
4.160000e+03	4.247319e+00	1.840545e-03	5.344782e+02
4.784000e+03	3.892291e+00	1.612123e-03	6.735602e+02
5.501600e+03	3.559075e+00	1.413322e-03	8.509184e+02
6.326840e+03	3.250088e+00	1.251903e-03	1.077232e+03
7.275866e+03	2.965352e+00	1.113289e-03	1.366068e+03
8.367246e+03	2.703315e+00	9.715265e-04	1.734597e+03
9.622333e+03	2.463856e+00	8.497024e-04	2.204457e+03
