# Energy_MeV	dEdx_Elec_MeV_um	dEdx_Nucl_MeV_um	Range_um
1.000000e-05	6.984536e-03	3.331421e-02	2.863468e-03
1.150000e-05	7.490081e-03	3.531557e-02	3.070728e-03
1.322500e-05	8.032217e-03	3.892019e-02	3.292989e-03
1.520875e-05	8.613593e-03	4.321188e-02	3.531337e-03
1.749006e-05	9.237049e-03	4.787953e-02	3.786937e-03
2.011357e-05	9.905632e-03	5.317843e-02	4.061038e-03
2.313061e-05	1.062261e-02	5.903970e-02	4.354978e-03
2.660020e-05	1.139148e-02	6.542443e-02	4.670193e-03
3.059023e-05	1.221600e-02	7.249578e-02	5.008224e-03
3.517876e-05	1.310020e-02	8.027317e-02	5.370722e-03
4.045558e-05	1.404840e-02	8.880397e-02	5.759458e-03
4.652391e-05	1.506523e-02	9.810994e-02	6.176331e-03
5.350250e-05	1.615566e-02	1.083637e-01	6.623377e-03
6.152788e-05	1.732501e-02	1.197081e-01	7.102780e-03
7.075706e-05	1.857901e-02	1.321297e-01	7.616883e-03
8.137062e-05	1.992376e-02	1.452663e-01	8.168197e-03
9.357621e-05	2.136586e-02	1.598106e-01	8.759416e-03
1.076126e-04	2.291233e-02	1.763496e-01	9.393427e-03
1.237545e-04	2.457074e-02	1.938971e-01	1.007333e-02
1.423177e-04	2.634918e-02	2.132335e-01	1.080244e-02
1.636654e-04	2.825635e-02	2.335318e-01	1.158433e-02
1.882152e-04	3.030155e-02	2.558702e-01	1.242281e-02
2.164475e-04	3.249480e-02	2.811593e-01	1.332198e-02
2.489146e-04	3.484679e-02	3.077512e-01	1.428623e-02
2.862518e-04	3.736902e-02	3.369337e-01	1.532027e-02
3.291895e-04	4.007381e-02	3.681258e-01	1.642916e-02
3.785680e-04	4.297437e-02	4.018649e-01	1.761831e-02
4.353531e-04	4.608488e-02	4.381047e-01	1.889354e-02
5.006561e-04	4.942052e-02	4.763983e-01	2.026106e-02
5.757545e-04	5.299761e-02	5.186558e-01	2.172757e-02
6.621177e-04	5.683360e-02	5.634111e-01	2.330022e-02
7.614354e-04	6.094725e-02	6.103870e-01	2.498670e-02
8.756507e-04	6.535864e-02	6.593240e-01	2.679525e-02
1.006998e-03	7.008934e-02	7.143554e-01	2.873471e-02
1.158048e-03	7.516244e-02	7.730586e-01	3.081454e-02
1.331755e-03	8.060274e-02	8.336923e-01	3.304491e-02
1.531519e-03	8.643681e-02	8.972008e-01	3.543672e-02
1.761246e-03	9.269315e-02	9.617761e-01	3.800165e-02
2.025433e-03	9.940233e-02	1.034137e+00	4.075223e-02
2.329248e-03	1.065971e-01	1.109934e+00	4.370190e-02
2.678635e-03	1.143127e-01	1.186881e+00	4.686506e-02
3.080431e-03	1.225867e-01	1.267925e+00	5.025718e-02
3.542495e-03	1.314596e-01	1.351748e+00	5.389482e-02
4.073870e-03	1.409747e-01	1.437056e+00	5.779576e-02
4.684950e-03	1.511785e-01	1.522512e+00	6.197905e-02
5.387693e-03	1.621209e-01	1.610850e+00	6.646512e-02
6.195847e-03	1.738553e-01	1.702446e+00	7.127590e-02
7.125224e-03	1.864390e-01	1.794082e+00	7.643489e-02
8.194007e-03	1.999336e-01	1.878627e+00	8.196729e-02
9.423108e-03	2.144049e-01	1.966079e+00	8.790013e-02
1.083657e-02	2.299236e-01	2.062740e+00	9.426238e-02
1.246206e-02	2.465656e-01	2.150773e+00	1.010851e-01
1.433137e-02	2.644122e-01	2.238786e+00	1.084017e-01
1.648108e-02	2.835505e-01	2.316112e+00	1.162172e-01
1.895324e-02	3.040740e-01	2.393261e+00	1.246655e-01
2.179622e-02	3.260830e-01	2.477012e+00	1.336873e-01
2.506566e-02	3.496851e-01	2.549323e+00	1.433649e-01
2.882550e-02	3.749955e-01	2.619369e+00	1.537410e-01
3.314933e-02	4.021379e-01	2.682650e+00	1.648687e-01
3.812173e-02	4.312448e-01	2.740983e+00	1.768017e-01
4.383999e-02	4.624585e-01	2.793315e+00	1.895985e-01
5.041599e-02	4.959315e-01	2.838231e+00	2.033216e-01
5.797838e-02	5.318273e-01	2.882168e+00	2.180378e-01
6.667514e-02	5.703213e-01	2.918950e+00	2.338192e-01
7.667641e-02	6.116014e-01	2.947915e+00	2.507430e-01
8.817787e-02	6.558694e-01	2.969146e+00	2.688917e-01
1.014046e-01	7.033416e-01	2.990960e+00	2.883540e-01
1.166152e-01	7.542499e-01	3.007394e+00	3.092249e-01
1.341075e-01	8.088429e-01	3.014608e+00	3.316065e-01
1.542237e-01	8.673873e-01	3.015448e+00	3.556082e-01
1.773572e-01	9.301693e-01	3.007764e+00	3.813472e-01
2.039608e-01	9.974954e-01	2.997251e+00	4.089490e-01
2.345549e-01	1.069695e+00	2.979810e+00	4.385486e-01
2.697381e-01	1.147120e+00	2.953087e+00	4.702908e-01
3.101989e-01	1.230149e+00	2.919519e+00	5.043306e-01
3.567287e-01	1.319188e+00	2.878069e+00	5.408341e-01
4.102380e-01	1.414671e+00	2.829196e+00	5.799796e-01
4.717737e-01	1.517066e+00	2.773078e+00	6.219585e-01
5.425397e-01	1.626872e+00	2.709069e+00	6.669760e-01
6.239207e-01	1.744626e+00	2.638204e+00	7.152520e-01
7.175088e-01	1.870903e+00	2.561125e+00	7.670221e-01
8.251351e-01	2.006320e+00	2.481690e+00	8.225392e-01
9.489054e-01	2.151538e+00	2.394677e+00	8.820746e-01
1.091241e+00	2.307268e+00	2.297724e+00	9.459191e-01
1.254927e+00	2.474269e+00	2.201334e+00	1.014390e+00
1.443166e+00	2.653358e+00	2.100089e+00	1.087789e+00
1.659641e+00	2.826205e+00	2.003964e+00	1.166698e+00
1.908588e+00	2.998804e+00	1.902983e+00	1.252162e+00
2.194876e+00	3.178823e+00	1.792719e+00	1.344825e+00
2.524107e+00	3.365456e+00	1.689649e+00	1.445419e+00
2.902723e+00	3.557437e+00	1.584727e+00	1.554769e+00
3.338132e+00	3.752913e+00	1.483673e+00	1.673850e+00
3.838852e+00	3.949300e+00	1.384834e+00	1.803819e+00
4.414679e+00	4.143157e+00	1.290077e+00	1.946066e+00
5.076881e+00	4.330084e+00	1.201062e+00	2.102287e+00
5.838413e+00	2.312229e+00	1.109754e+00	2.274573e+00
6.714175e+00	2.543367e+00	1.024065e+00	2.465537e+00
7.721302e+00	2.802117e+00	9.467329e-01	2.678461e+00
8.879497e+00	3.082311e+00	8.772965e-01	2.917491e+00
1.021142e+01	3.390050e+00	8.010706e-01	3.187887e+00
1.174313e+01	3.732949e+00	7.359897e-01	3.496331e+00
1.350460e+01	4.092165e+00	6.888011e-01	3.851321e+00
1.553030e+01	4.483236e+00	6.379045e-01	4.263666e+00
1.785984e+01	4.881867e+00	5.793978e-01	4.747128e+00
2.053882e+01	5.325681e+00	5.121151e-01	4.626301e+00
2.361964e+01	5.827419e+00	4.546039e-01	4.368593e+00
2.716258e+01	6.317004e+00	4.110182e-01	4.174507e+00
3.123697e+01	6.857590e+00	3.702577e-01	4.037829e+00
3.592252e+01	7.435028e+00	3.335070e-01	3.953848e+00
4.131089e+01	8.063640e+00	3.000929e-01	3.919078e+00
4.750753e+01	8.768049e+00	2.711533e-01	3.931071e+00
5.463366e+01	9.534490e+00	2.440738e-01	3.988234e+00
6.282871e+01	1.038021e+01	2.184232e-01	4.090073e+00
7.225301e+01	1.129689e+01	1.959714e-01	4.236989e+00
8.309096e+01	1.222972e+01	1.777458e-01	4.430479e+00
9.555461e+01	1.323722e+01	1.600661e-01	4.673272e+00
1.098878e+02	1.419111e+01	1.413863e-01	4.969480e+00
1.263710e+02	1.515019e+01	1.262628e-01	5.324786e+00
1.453266e+02	1.608242e+01	1.124592e-01	5.746654e+00
1.671256e+02	1.681006e+01	1.014400e-01	6.244591e+00
1.921945e+02	1.754742e+01	9.093454e-02	6.830470e+00
2.210236e+02	1.830808e+01	7.998324e-02	7.518928e+00
2.541772e+02	1.898792e+01	7.119022e-02	8.328614e+00
2.923037e+02	1.957819e+01	6.309755e-02	9.279136e+00
3.361493e+02	2.116582e+01	5.602848e-02	1.041399e+01
3.865717e+02	2.102209e+01	4.973843e-02	1.177214e+01
4.445574e+02	2.082580e+01	4.425866e-02	1.337912e+01
5.112411e+02	2.048372e+01	3.954098e-02	1.530189e+01
5.879272e+02	2.015843e+01	3.495398e-02	1.758799e+01
6.761163e+02	1.969233e+01	3.095076e-02	2.028739e+01
7.775337e+02	1.911599e+01	2.763487e-02	2.349898e+01
8.941638e+02	1.851279e+01	2.486866e-02	2.733992e+01
1.028288e+03	1.789085e+01	2.184884e-02	3.195512e+01
1.182532e+03	1.728946e+01	1.917885e-02	3.752428e+01
1.359911e+03	1.669336e+01	1.700223e-02	4.427501e+01
1.563898e+03	1.606071e+01	1.509697e-02	5.248932e+01
1.798483e+03	1.539498e+01	1.355633e-02	6.252475e+01
2.068255e+03	1.469360e+01	1.186770e-02	7.484074e+01
2.378493e+03	1.398079e+01	1.040190e-02	9.002188e+01
2.735268e+03	1.327227e+01	9.206347e-03	1.087924e+02
3.145558e+03	1.257784e+01	8.102225e-03	1.320434e+02
3.617391e+03	1.188075e+01	7.147571e-03	1.609246e+02
4.160000e+03	1.118626e+01	6.296983e-03	1.969345e+02
4.784000e+03	1.049346e+01	5.593630e-03	2.419793e+02
5.501600e+03	9.809837e+00	4.940638e-03	2.984948e+02
6.326840e+03	9.146923e+00	4.340754e-03	3.695924e+02
7.275866e+03	8.509657e+00	3.835784e-03	4.592349e+02
8.367246e+03	7.896952e+00	3.432725e-03	5.724801e+02
9.622333e+03	7.311185e+00	3.044066e-03	7.157816e+02
