# Energy_MeV	dEdx_Elec_MeV_um	dEdx_Nucl_MeV_um	Range_um
1.000000e-05	6.746612e-03	4.474050e-02	2.964451e-03
1.150000e-05	7.234935e-03	4.941645e-02	3.179019e-03
1.322500e-05	7.758604e-03	5.460805e-02	3.409119e-03
1.520875e-05	8.320176e-03	6.028207e-02	3.655872e-03
1.749006e-05	8.922394e-03	6.639230e-02	3.920486e-03
2.011357e-05	9.568202e-03	7.307641e-02	4.204253e-03
2.313061e-05	1.026075e-02	8.051511e-02	4.508559e-03
2.660020e-05	1.100343e-02	8.861918e-02	4.834891e-03
3.059023e-05	1.179987e-02	9.754453e-02	5.184843e-03
3.517876e-05	1.265395e-02	1.069967e-01	5.560125e-03
4.045558e-05	1.356985e-02	1.173155e-01	5.962570e-03
4.652391e-05	1.455204e-02	1.287440e-01	6.394144e-03
5.350250e-05	1.560532e-02	1.410718e-01	6.856955e-03
6.152788e-05	1.673485e-02	1.545943e-01	7.353265e-03
7.075706e-05	1.794612e-02	1.689845e-01	7.885498e-03
8.137062e-05	1.924507e-02	1.848091e-01	8.456255e-03
9.357621e-05	2.063804e-02	2.015789e-01	9.068323e-03
1.076126e-04	2.213183e-02	2.193915e-01	9.724693e-03
1.237545e-04	2.373375e-02	2.389028e-01	1.042857e-02
1.423177e-04	2.545161e-02	2.596209e-01	1.118340e-02
1.636654e-04	2.729381e-02	2.821689e-01	1.199286e-02
1.882152e-04	2.926935e-02	3.050522e-01	1.286091e-02
2.164475e-04	3.138788e-02	3.300250e-01	1.379179e-02
2.489146e-04	3.365975e-02	3.575333e-01	1.479004e-02
2.862518e-04	3.609606e-02	3.861757e-01	1.586055e-02
3.291895e-04	3.870871e-02	4.166023e-01	1.700855e-02
3.785680e-04	4.151047e-02	4.472543e-01	1.823964e-02
4.353531e-04	4.451502e-02	4.802063e-01	1.955983e-02
5.006561e-04	4.773704e-02	5.160565e-01	2.097558e-02
5.757545e-04	5.119227e-02	5.529294e-01	2.249381e-02
6.621177e-04	5.489760e-02	5.914915e-01	2.412192e-02
7.614354e-04	5.887111e-02	6.311057e-01	2.586788e-02
8.756507e-04	6.313224e-02	6.717895e-01	2.774021e-02
1.006998e-03	6.770178e-02	7.138309e-01	2.974806e-02
1.158048e-03	7.260207e-02	7.559726e-01	3.190124e-02
1.331755e-03	7.785705e-02	7.998414e-01	3.421027e-02
1.531519e-03	8.349238e-02	8.443378e-01	3.668642e-02
1.761246e-03	8.953561e-02	8.868344e-01	3.934181e-02
2.025433e-03	9.601624e-02	9.295737e-01	4.218939e-02
2.329248e-03	1.029659e-01	9.744271e-01	4.524308e-02
2.678635e-03	1.104187e-01	1.018308e+00	4.851780e-02
3.080431e-03	1.184108e-01	1.062722e+00	5.202954e-02
3.542495e-03	1.269815e-01	1.102422e+00	5.579547e-02
4.073870e-03	1.361725e-01	1.141357e+00	5.983397e-02
4.684950e-03	1.460287e-01	1.181003e+00	6.416479e-02
5.387693e-03	1.565983e-01	1.218008e+00	6.880907e-02
6.195847e-03	1.679330e-01	1.254387e+00	7.378950e-02
7.125224e-03	1.800881e-01	1.286415e+00	7.913183e-02
8.194007e-03	1.931230e-01	1.317797e+00	8.486088e-02
9.423108e-03	2.071013e-01	1.345129e+00	9.100139e-02
1.083657e-02	2.220914e-01	1.368767e+00	9.758896e-02
1.246206e-02	2.381665e-01	1.391521e+00	1.046521e-01
1.433137e-02	2.554051e-01	1.410838e+00	1.122267e-01
1.648108e-02	2.738915e-01	1.428514e+00	1.203497e-01
1.895324e-02	2.937159e-01	1.440934e+00	1.290605e-01
2.179622e-02	3.149752e-01	1.451763e+00	1.384018e-01
2.506566e-02	3.377733e-01	1.461588e+00	1.484192e-01
2.882550e-02	3.622215e-01	1.467917e+00	1.591617e-01
3.314933e-02	3.884392e-01	1.470861e+00	1.706818e-01
3.812173e-02	4.165547e-01	1.469629e+00	1.830357e-01
4.383999e-02	4.467051e-01	1.465695e+00	1.962837e-01
5.041599e-02	4.790379e-01	1.459429e+00	2.104906e-01
5.797838e-02	5.137109e-01	1.449446e+00	2.257259e-01
6.667514e-02	5.508936e-01	1.435515e+00	2.420640e-01
7.667641e-02	5.907675e-01	1.417888e+00	2.595845e-01
8.817787e-02	6.335276e-01	1.396548e+00	2.783732e-01
1.014046e-01	6.793827e-01	1.371669e+00	2.985218e-01
1.166152e-01	7.285567e-01	1.343091e+00	3.201289e-01
1.341075e-01	7.812901e-01	1.310855e+00	3.432999e-01
1.542237e-01	8.378403e-01	1.275242e+00	3.681479e-01
1.773572e-01	8.984836e-01	1.237911e+00	3.947944e-01
2.039608e-01	9.635163e-01	1.197543e+00	4.233697e-01
2.345549e-01	1.033256e+00	1.153007e+00	4.540133e-01
2.697381e-01	1.108044e+00	1.107144e+00	4.868750e-01
3.101989e-01	1.188245e+00	1.058257e+00	5.221150e-01
3.567287e-01	1.274250e+00	1.011164e+00	5.599056e-01
4.102380e-01	1.366481e+00	9.625228e-01	6.004319e-01
4.717737e-01	1.465388e+00	9.107251e-01	6.438906e-01
5.425397e-01	1.571453e+00	8.602233e-01	6.905003e-01
6.239207e-01	1.685196e+00	8.081067e-01	7.404610e-01
7.175088e-01	1.792369e+00	7.589098e-01	7.942302e-01
8.251351e-01	1.901592e+00	7.087315e-01	8.524987e-01
9.489054e-01	2.015425e+00	6.609716e-01	9.156783e-01
1.091241e+00	2.133323e+00	6.168197e-01	9.842789e-01
1.254927e+00	1.134166e+00	5.716182e-01	1.058867e+00
1.443166e+00	1.216303e+00	5.294711e-01	1.140117e+00
1.659641e+00	1.313427e+00	4.879160e-01	1.228828e+00
1.908588e+00	1.444018e+00	4.519534e-01	1.325962e+00
2.194876e+00	1.583739e+00	4.164612e-01	1.432696e+00
2.524107e+00	1.738554e+00	3.814939e-01	1.550484e+00
2.902723e+00	1.902782e+00	3.526091e-01	1.681145e+00
3.338132e+00	2.085221e+00	3.283897e-01	1.826964e+00
3.838852e+00	2.283416e+00	3.022600e-01	1.897958e+00
4.414679e+00	2.497315e+00	2.723751e-01	1.861191e+00
5.076881e+00	2.735829e+00	2.418669e-01	1.828805e+00
5.838413e+00	2.987292e+00	2.156743e-01	1.802327e+00
6.714175e+00	3.264997e+00	1.945518e-01	1.783263e+00
7.721302e+00	3.568122e+00	1.751480e-01	1.773120e+00
8.879497e+00	3.909626e+00	1.581401e-01	1.773408e+00
1.021142e+01	4.295761e+00	1.424032e-01	1.785737e+00
1.174313e+01	4.709278e+00	1.282897e-01	1.811801e+00
1.350460e+01	5.155426e+00	1.153618e-01	1.853373e+00
1.553030e+01	5.635619e+00	1.031243e-01	1.912338e+00
1.785984e+01	6.104328e+00	9.329212e-02	1.990708e+00
2.053882e+01	6.608682e+00	8.412013e-02	2.090654e+00
2.361964e+01	7.109399e+00	7.501357e-02	2.214580e+00
2.716258e+01	7.598664e+00	6.703345e-02	2.365228e+00
3.123697e+01	8.084681e+00	5.944959e-02	2.545814e+00
3.592252e+01	8.485628e+00	5.348459e-02	2.760242e+00
4.131089e+01	8.890917e+00	4.795646e-02	3.013303e+00
4.750753e+01	9.239606e+00	4.253549e-02	3.310920e+00
5.463366e+01	9.543708e+00	3.788671e-02	3.660446e+00
6.282871e+01	9.825814e+00	3.347448e-02	4.070983e+00
7.225301e+01	9.965545e+00	2.983822e-02	4.553807e+00
8.309096e+01	1.010632e+01	2.639951e-02	5.122870e+00
9.555461e+01	1.024130e+01	2.340990e-02	5.795275e+00
1.098878e+02	1.030585e+01	2.094909e-02	6.592871e+00
1.263710e+02	1.032950e+01	1.855749e-02	7.540145e+00
1.453266e+02	1.089859e+01	1.651396e-02	8.685893e+00
1.671256e+02	1.054913e+01	1.461933e-02	1.007100e+01
1.921945e+02	1.018578e+01	1.309329e-02	1.173913e+01
2.210236e+02	9.773667e+00	1.167579e-02	1.376664e+01
2.541772e+02	9.416404e+00	1.028634e-02	1.621925e+01
2.923037e+02	9.005814e+00	9.045156e-03	1.917500e+01
3.361493e+02	8.574309e+00	8.020682e-03	2.276576e+01
3.865717e+02	8.142752e+00	7.148012e-03	2.714971e+01
4.445574e+02	7.714234e+00	6.358546e-03	3.252746e+01
5.112411e+02	7.300396e+00	5.592035e-03	3.915371e+01
5.879272e+02	6.892137e+00	4.902459e-03	4.735501e+01
6.761163e+02	6.483208e+00	4.334233e-03	5.754469e+01
7.775337e+02	6.075503e+00	3.808582e-03	7.025536e+01
8.941638e+02	5.667723e+00	3.372173e-03	8.617963e+01
1.028288e+03	5.271312e+00	2.978370e-03	1.062084e+02
1.182532e+03	4.892477e+00	2.632998e-03	1.314647e+02
1.359911e+03	4.531590e+00	2.326554e-03	1.633575e+02
1.563898e+03	4.183022e+00	2.038872e-03	2.037297e+02
1.798483e+03	3.847808e+00	1.820598e-03	2.549788e+02
2.068255e+03	3.529561e+00	1.617849e-03	3.201864e+02
2.378493e+03	3.229706e+00	1.417390e-03	4.033125e+02
2.735268e+03	2.949427e+00	1.248176e-03	5.094394e+02
3.145558e+03	2.688355e+00	1.089224e-03	6.450623e+02
3.617391e+03	2.445686e+00	9.683175e-04	8.184879e+02
4.160000e+03	2.222464e+00	8.572266e-04	1.040311e+03
4.784000e+03	2.018634e+00	7.483313e-04	1.323983e+03
5.501600e+03	1.832820e+00	6.580073e-04	1.686526e+03
6.326840e+03	1.664302e+00	5.728706e-04	2.149376e+03
7.275866e+03	1.512886e+00	5.041226e-04	2.739400e+03
8.367246e+03	1.377073e+00	4.400478e-04	3.490096e+03
9.622333e+03	1.255219e+00	3.844203e-04	4.442984e+03
