# Energy_MeV	dEdx_Elec_MeV_um	dEdx_Nucl_MeV_um	Range_um
1.000000e-05	6.639168e-03	3.420226e-02	3.012426e-03
1.150000e-05	7.119714e-03	3.791064e-02	3.230467e-03
1.322500e-05	7.635043e-03	4.203516e-02	3.464290e-03
1.520875e-05	8.187671e-03	4.672127e-02	3.715037e-03
1.749006e-05	8.780299e-03	5.179194e-02	3.983933e-03
2.011357e-05	9.415822e-03	5.742072e-02	4.272292e-03
2.313061e-05	1.009734e-02	6.357118e-02	4.581523e-03
2.660020e-05	1.082820e-02	7.034416e-02	4.913136e-03
3.059023e-05	1.161195e-02	7.780883e-02	5.268751e-03
3.517876e-05	1.245242e-02	8.591382e-02	5.650106e-03
4.045558e-05	1.335374e-02	9.495658e-02	6.059064e-03
4.652391e-05	1.432029e-02	1.048119e-01	6.497622e-03
5.350250e-05	1.535680e-02	1.154483e-01	6.967924e-03
6.152788e-05	1.646833e-02	1.269353e-01	7.472266e-03
7.075706e-05	1.766032e-02	1.399110e-01	8.013112e-03
8.137062e-05	1.893858e-02	1.541188e-01	8.593106e-03
9.357621e-05	2.030937e-02	1.694412e-01	9.215079e-03
1.076126e-04	2.177937e-02	1.859792e-01	9.882072e-03
1.237545e-04	2.335577e-02	2.036514e-01	1.059734e-02
1.423177e-04	2.504627e-02	2.235781e-01	1.136438e-02
1.636654e-04	2.685914e-02	2.451924e-01	1.218694e-02
1.882152e-04	2.880322e-02	2.683530e-01	1.306904e-02
2.164475e-04	3.088801e-02	2.935068e-01	1.401498e-02
2.489146e-04	3.312370e-02	3.207522e-01	1.502940e-02
2.862518e-04	3.552121e-02	3.499066e-01	1.611723e-02
3.291895e-04	3.809225e-02	3.807844e-01	1.728380e-02
3.785680e-04	4.084939e-02	4.143095e-01	1.853482e-02
4.353531e-04	4.380609e-02	4.505546e-01	1.987638e-02
5.006561e-04	4.697680e-02	4.893195e-01	2.131504e-02
5.757545e-04	5.037700e-02	5.288689e-01	2.285783e-02
6.621177e-04	5.402332e-02	5.717643e-01	2.451229e-02
7.614354e-04	5.793355e-02	6.199474e-01	2.628651e-02
8.756507e-04	6.212682e-02	6.691911e-01	2.818914e-02
1.006998e-03	6.662359e-02	7.217297e-01	3.022948e-02
1.158048e-03	7.144584e-02	7.744845e-01	3.241751e-02
1.331755e-03	7.661713e-02	8.309253e-01	3.476391e-02
1.531519e-03	8.216271e-02	8.937552e-01	3.728014e-02
1.761246e-03	8.810969e-02	9.567465e-01	3.997849e-02
2.025433e-03	9.448712e-02	1.023281e+00	4.287216e-02
2.329248e-03	1.013261e-01	1.091443e+00	4.597526e-02
2.678635e-03	1.086602e-01	1.161693e+00	4.930298e-02
3.080431e-03	1.165251e-01	1.233572e+00	5.287155e-02
3.542495e-03	1.249592e-01	1.305326e+00	5.669843e-02
4.073870e-03	1.340038e-01	1.381421e+00	6.080229e-02
4.684950e-03	1.437031e-01	1.457464e+00	6.520319e-02
5.387693e-03	1.541044e-01	1.530870e+00	6.992263e-02
6.195847e-03	1.652586e-01	1.601856e+00	7.498367e-02
7.125224e-03	1.772201e-01	1.679690e+00	8.041103e-02
8.194007e-03	1.900473e-01	1.756911e+00	8.623122e-02
9.423108e-03	2.038031e-01	1.830018e+00	9.247268e-02
1.083657e-02	2.185545e-01	1.899352e+00	9.916590e-02
1.246206e-02	2.343735e-01	1.962768e+00	1.063436e-01
1.433137e-02	2.513376e-01	2.031363e+00	1.140398e-01
1.648108e-02	2.695296e-01	2.096532e+00	1.222993e-01
1.895324e-02	2.890383e-01	2.155362e+00	1.311489e-01
2.179622e-02	3.099590e-01	2.211092e+00	1.406428e-01
2.506566e-02	3.323940e-01	2.262763e+00	1.508220e-01
2.882550e-02	3.564529e-01	2.309158e+00	1.617384e-01
3.314933e-02	3.822531e-01	2.348939e+00	1.734449e-01
3.812173e-02	4.099208e-01	2.386039e+00	1.859987e-01
4.383999e-02	4.395911e-01	2.419778e+00	1.994612e-01
5.041599e-02	4.714089e-01	2.448176e+00	2.138980e-01
5.797838e-02	5.055297e-01	2.468342e+00	2.293798e-01
6.667514e-02	5.421202e-01	2.485597e+00	2.459823e-01
7.667641e-02	5.813592e-01	2.502903e+00	2.637864e-01
8.817787e-02	6.234383e-01	2.512187e+00	2.828792e-01
1.014046e-01	6.685631e-01	2.516300e+00	3.033538e-01
1.166152e-01	7.169540e-01	2.513007e+00	3.253105e-01
1.341075e-01	7.688475e-01	2.505047e+00	3.488565e-01
1.542237e-01	8.244971e-01	2.494153e+00	3.741067e-01
1.773572e-01	8.841746e-01	2.475523e+00	4.011845e-01
2.039608e-01	9.481717e-01	2.450638e+00	4.302221e-01
2.345549e-01	1.016801e+00	2.419349e+00	4.613617e-01
2.697381e-01	1.090397e+00	2.381733e+00	4.947552e-01
3.101989e-01	1.169321e+00	2.338028e+00	5.305655e-01
3.567287e-01	1.253957e+00	2.288125e+00	5.689678e-01
4.102380e-01	1.344719e+00	2.231686e+00	6.101497e-01
4.717737e-01	1.442051e+00	2.169972e+00	6.543126e-01
5.425397e-01	1.546427e+00	2.104787e+00	7.016720e-01
6.239207e-01	1.658358e+00	2.035924e+00	7.524590e-01
7.175088e-01	1.778391e+00	1.958301e+00	8.069220e-01
8.251351e-01	1.907112e+00	1.877782e+00	8.653274e-01
9.489054e-01	2.045150e+00	1.795301e+00	9.279590e-01
1.091241e+00	2.193179e+00	1.712886e+00	9.951316e-01
1.254927e+00	2.351922e+00	1.631828e+00	1.067134e+00
1.443166e+00	2.501846e+00	1.541843e+00	1.144616e+00
1.659641e+00	2.654335e+00	1.453093e+00	1.228579e+00
1.908588e+00	2.813272e+00	1.366745e+00	1.319617e+00
2.194876e+00	2.977901e+00	1.280910e+00	1.418465e+00
2.524107e+00	3.147050e+00	1.196799e+00	1.525939e+00
2.902723e+00	3.319017e+00	1.115264e+00	1.643008e+00
3.338132e+00	3.491441e+00	1.039676e+00	1.770822e+00
3.838852e+00	3.661194e+00	9.642773e-01	1.910766e+00
4.414679e+00	1.969810e+00	8.906039e-01	2.064533e+00
5.076881e+00	2.164007e+00	8.214135e-01	2.234216e+00
5.838413e+00	2.371513e+00	7.614402e-01	2.422427e+00
6.714175e+00	2.602753e+00	7.017660e-01	2.632454e+00
7.721302e+00	2.854618e+00	6.401126e-01	2.868453e+00
8.879497e+00	3.127770e+00	5.945751e-01	3.135697e+00
1.021142e+01	3.432654e+00	5.545214e-01	3.440886e+00
1.174313e+01	3.750893e+00	5.090665e-01	3.792541e+00
1.350460e+01	4.090567e+00	4.567935e-01	3.876445e+00
1.553030e+01	4.442129e+00	4.028234e-01	3.694344e+00
1.785984e+01	4.833784e+00	3.616061e-01	3.550273e+00
2.053882e+01	5.272946e+00	3.259075e-01	3.443011e+00
2.361964e+01	5.723262e+00	2.937309e-01	3.371715e+00
2.716258e+01	6.223762e+00	2.646352e-01	3.335917e+00
3.123697e+01	6.778906e+00	2.385220e-01	3.335503e+00
3.592252e+01	7.370705e+00	2.154567e-01	3.370630e+00
4.131089e+01	8.030477e+00	1.929984e-01	3.441955e+00
4.750753e+01	8.738469e+00	1.728038e-01	3.550479e+00
5.463366e+01	9.489396e+00	1.558854e-01	3.697736e+00
6.282871e+01	1.029391e+01	1.412731e-01	3.885950e+00
7.225301e+01	1.104793e+01	1.255559e-01	4.118228e+00
8.309096e+01	1.184087e+01	1.114938e-01	4.398770e+00
9.555461e+01	1.257975e+01	9.952071e-02	4.733104e+00
1.098878e+02	1.327455e+01	8.915371e-02	5.128338e+00
1.263710e+02	1.395928e+01	8.046186e-02	5.593401e+00
1.453266e+02	1.441485e+01	7.111932e-02	6.139523e+00
1.671256e+02	1.489508e+01	6.293246e-02	6.780549e+00
1.921945e+02	1.538919e+01	5.599491e-02	7.533360e+00
2.210236e+02	1.576684e+01	4.968645e-02	8.419562e+00
2.541772e+02	1.609063e+01	4.409946e-02	9.462341e+00
2.923037e+02	1.773596e+01	3.909977e-02	1.071285e+01
3.361493e+02	1.746384e+01	3.493325e-02	1.220974e+01
3.865717e+02	1.716630e+01	3.104338e-02	1.399070e+01
4.445574e+02	1.674841e+01	2.747761e-02	1.612964e+01
5.112411e+02	1.638763e+01	2.439949e-02	1.868249e+01
5.879272e+02	1.589691e+01	2.192159e-02	2.171409e+01
6.761163e+02	1.534501e+01	1.955362e-02	2.534410e+01
7.775337e+02	1.477804e+01	1.710881e-02	2.971213e+01
8.941638e+02	1.420244e+01	1.512514e-02	3.499297e+01
1.028288e+03	1.364899e+01	1.337150e-02	4.140551e+01
1.182532e+03	1.309378e+01	1.196655e-02	4.922757e+01
1.359911e+03	1.251615e+01	1.064231e-02	5.880588e+01
1.563898e+03	1.191972e+01	9.293604e-03	7.058305e+01
1.798483e+03	1.130088e+01	8.201637e-03	8.513033e+01
2.068255e+03	1.068199e+01	7.222418e-03	1.031755e+02
2.378493e+03	1.007651e+01	6.362712e-03	1.256242e+02
2.735268e+03	9.486271e+00	5.613792e-03	1.535998e+02
3.145558e+03	8.896181e+00	4.966216e-03	1.885666e+02
3.617391e+03	8.311032e+00	4.407030e-03	2.324248e+02
4.160000e+03	7.741473e+00	3.875161e-03	2.876038e+02
4.784000e+03	7.190736e+00	3.407248e-03	3.572154e+02
5.501600e+03	6.660667e+00	3.029599e-03	4.452432e+02
6.326840e+03	6.154602e+00	2.709759e-03	5.567709e+02
7.275866e+03	5.674611e+00	2.363942e-03	6.982988e+02
8.367246e+03	5.221914e+00	2.065815e-03	8.781243e+02
9.622333e+03	4.797488e+00	1.817810e-03	1.106798e+03
