# Energy_MeV	dEdx_Elec_MeV_um	dEdx_Nucl_MeV_um	Range_um
1.000000e-05	6.971210e-03	3.583540e-02	2.868942e-03
1.150000e-05	7.475790e-03	3.971826e-02	3.076598e-03
1.322500e-05	8.016892e-03	4.412874e-02	3.299284e-03
1.520875e-05	8.597158e-03	4.896311e-02	3.538088e-03
1.749006e-05	9.219425e-03	5.427498e-02	3.794176e-03
2.011357e-05	9.886732e-03	6.011858e-02	4.068801e-03
2.313061e-05	1.060234e-02	6.655915e-02	4.363303e-03
2.660020e-05	1.136974e-02	7.365148e-02	4.679121e-03
3.059023e-05	1.219269e-02	8.134302e-02	5.017798e-03
3.517876e-05	1.307520e-02	8.987479e-02	5.380989e-03
4.045558e-05	1.402159e-02	9.924420e-02	5.770468e-03
4.652391e-05	1.503648e-02	1.094809e-01	6.188137e-03
5.350250e-05	1.612483e-02	1.203961e-01	6.636038e-03
6.152788e-05	1.729196e-02	1.325053e-01	7.116358e-03
7.075706e-05	1.854356e-02	1.461247e-01	7.631444e-03
8.137062e-05	1.988575e-02	1.607030e-01	8.183812e-03
9.357621e-05	2.132509e-02	1.766191e-01	8.776160e-03
1.076126e-04	2.286861e-02	1.934780e-01	9.411384e-03
1.237545e-04	2.452385e-02	2.120783e-01	1.009258e-02
1.423177e-04	2.629890e-02	2.328740e-01	1.082309e-02
1.636654e-04	2.820243e-02	2.549653e-01	1.160647e-02
1.882152e-04	3.024374e-02	2.790391e-01	1.244655e-02
2.164475e-04	3.243280e-02	3.049572e-01	1.334744e-02
2.489146e-04	3.478030e-02	3.328186e-01	1.431354e-02
2.862518e-04	3.729772e-02	3.626753e-01	1.534956e-02
3.291895e-04	3.999735e-02	3.945055e-01	1.646057e-02
3.785680e-04	4.289237e-02	4.293113e-01	1.765199e-02
4.353531e-04	4.599695e-02	4.664957e-01	1.892965e-02
5.006561e-04	4.932623e-02	5.050262e-01	2.029979e-02
5.757545e-04	5.289649e-02	5.457224e-01	2.176910e-02
6.621177e-04	5.672517e-02	5.915321e-01	2.334476e-02
7.614354e-04	6.083096e-02	6.395413e-01	2.503447e-02
8.756507e-04	6.523394e-02	6.899716e-01	2.684648e-02
1.006998e-03	6.995561e-02	7.418301e-01	2.878964e-02
1.158048e-03	7.501903e-02	7.955252e-01	3.087345e-02
1.331755e-03	8.044895e-02	8.557637e-01	3.310808e-02
1.531519e-03	8.627189e-02	9.175604e-01	3.550446e-02
1.761246e-03	9.251629e-02	9.815567e-01	3.807430e-02
2.025433e-03	9.921267e-02	1.047919e+00	4.083013e-02
2.329248e-03	1.063937e-01	1.116747e+00	4.378544e-02
2.678635e-03	1.140946e-01	1.187593e+00	4.695465e-02
3.080431e-03	1.223528e-01	1.257518e+00	5.035326e-02
3.542495e-03	1.312088e-01	1.331000e+00	5.399785e-02
4.073870e-03	1.407057e-01	1.405696e+00	5.790624e-02
4.684950e-03	1.508901e-01	1.480100e+00	6.209753e-02
5.387693e-03	1.618116e-01	1.550151e+00	6.659218e-02
6.195847e-03	1.735236e-01	1.623029e+00	7.141216e-02
7.125224e-03	1.860833e-01	1.701134e+00	7.658101e-02
8.194007e-03	1.995521e-01	1.774042e+00	8.212398e-02
9.423108e-03	2.139958e-01	1.845120e+00	8.806816e-02
1.083657e-02	2.294849e-01	1.909065e+00	9.444258e-02
1.246206e-02	2.460952e-01	1.973397e+00	1.012305e-01
1.433137e-02	2.639077e-01	2.040636e+00	1.086028e-01
1.648108e-02	2.830094e-01	2.100453e+00	1.164727e-01
1.895324e-02	3.034938e-01	2.157191e+00	1.249034e-01
2.179622e-02	3.254609e-01	2.209586e+00	1.339434e-01
2.506566e-02	3.490179e-01	2.256858e+00	1.436382e-01
2.882550e-02	3.742800e-01	2.299049e+00	1.540346e-01
3.314933e-02	4.013706e-01	2.336270e+00	1.651835e-01
3.812173e-02	4.304220e-01	2.371524e+00	1.771394e-01
4.383999e-02	4.615762e-01	2.401927e+00	1.899606e-01
5.041599e-02	4.949853e-01	2.424690e+00	2.037098e-01
5.797838e-02	5.308126e-01	2.442297e+00	2.184542e-01
6.667514e-02	5.692331e-01	2.460475e+00	2.342659e-01
7.667641e-02	6.104345e-01	2.472677e+00	2.512220e-01
8.817787e-02	6.546181e-01	2.478635e+00	2.694054e-01
1.014046e-01	7.019997e-01	2.478299e+00	2.889048e-01
1.166152e-01	7.528108e-01	2.471865e+00	3.098156e-01
1.341075e-01	8.072996e-01	2.463132e+00	3.322401e-01
1.542237e-01	8.657324e-01	2.447757e+00	3.562877e-01
1.773572e-01	9.283945e-01	2.425495e+00	3.820758e-01
2.039608e-01	9.955922e-01	2.397223e+00	4.097303e-01
2.345549e-01	1.067654e+00	2.362644e+00	4.393866e-01
2.697381e-01	1.144931e+00	2.321963e+00	4.711895e-01
3.101989e-01	1.227802e+00	2.275337e+00	5.052943e-01
3.567287e-01	1.316671e+00	2.222069e+00	5.418675e-01
4.102380e-01	1.411972e+00	2.163537e+00	5.810878e-01
4.717737e-01	1.514171e+00	2.100261e+00	6.231471e-01
5.425397e-01	1.623768e+00	2.034296e+00	6.682508e-01
6.239207e-01	1.741297e+00	1.961834e+00	7.166190e-01
7.175088e-01	1.867333e+00	1.882702e+00	7.684877e-01
8.251351e-01	2.002492e+00	1.802711e+00	8.241112e-01
9.489054e-01	2.147433e+00	1.720386e+00	8.837621e-01
1.091241e+00	2.302865e+00	1.640704e+00	9.477175e-01
1.254927e+00	2.457188e+00	1.556552e+00	1.016396e+00
1.443166e+00	2.607634e+00	1.467263e+00	1.090708e+00
1.659641e+00	2.764689e+00	1.381838e+00	1.171280e+00
1.908588e+00	2.927703e+00	1.296355e+00	1.258728e+00
2.194876e+00	3.095642e+00	1.212549e+00	1.353761e+00
2.524107e+00	3.266975e+00	1.131871e+00	1.457217e+00
2.902723e+00	3.439554e+00	1.054876e+00	1.570084e+00
3.338132e+00	3.610492e+00	9.810046e-01	1.693548e+00
3.838852e+00	1.916278e+00	9.069089e-01	1.829053e+00
4.414679e+00	2.102564e+00	8.358819e-01	1.978377e+00
5.076881e+00	2.305782e+00	7.737790e-01	2.143734e+00
5.838413e+00	2.533385e+00	7.160776e-01	2.327903e+00
6.714175e+00	2.774850e+00	6.526068e-01	2.534398e+00
7.721302e+00	3.043223e+00	6.020313e-01	2.767668e+00
8.879497e+00	3.337576e+00	5.628520e-01	3.033365e+00
1.021142e+01	3.650127e+00	5.204430e-01	3.338676e+00
1.174313e+01	3.993776e+00	4.717525e-01	3.572763e+00
1.350460e+01	4.330818e+00	4.157584e-01	3.396927e+00
1.553030e+01	4.710883e+00	3.708878e-01	3.255981e+00
1.785984e+01	5.138847e+00	3.346795e-01	3.148719e+00
2.053882e+01	5.580687e+00	3.019009e-01	3.074273e+00
2.361964e+01	6.070928e+00	2.721014e-01	3.032117e+00
2.716258e+01	6.603148e+00	2.444036e-01	3.022053e+00
3.123697e+01	7.186175e+00	2.211114e-01	3.044150e+00
3.592252e+01	7.828798e+00	1.985751e-01	3.098862e+00
4.131089e+01	8.514334e+00	1.780060e-01	3.186995e+00
4.750753e+01	9.267930e+00	1.600433e-01	3.309781e+00
5.463366e+01	1.003923e+01	1.449707e-01	3.469029e+00
6.282871e+01	1.081566e+01	1.302181e-01	3.667300e+00
7.225301e+01	1.162463e+01	1.153377e-01	3.908081e+00
8.309096e+01	1.234586e+01	1.028454e-01	4.196000e+00
9.555461e+01	1.308607e+01	9.181064e-02	4.537043e+00
1.098878e+02	1.374254e+01	8.271246e-02	4.938782e+00
1.263710e+02	1.427634e+01	7.394176e-02	5.410744e+00
1.453266e+02	1.475877e+01	6.523067e-02	5.964697e+00
1.671256e+02	1.523280e+01	5.796423e-02	6.615143e+00
1.921945e+02	1.567758e+01	5.143905e-02	7.380179e+00
2.210236e+02	1.598852e+01	4.558882e-02	8.279950e+00
2.541772e+02	1.778305e+01	4.050157e-02	9.351723e+00
2.923037e+02	1.757215e+01	3.609120e-02	1.064084e+01
3.361493e+02	1.726509e+01	3.217787e-02	1.217054e+01
3.865717e+02	1.688739e+01	2.848902e-02	1.400733e+01
4.445574e+02	1.650158e+01	2.517576e-02	1.620436e+01
5.112411e+02	1.605825e+01	2.253949e-02	1.881364e+01
5.879272e+02	1.551366e+01	2.024139e-02	2.193007e+01
6.761163e+02	1.495069e+01	1.772637e-02	2.567472e+01
7.775337e+02	1.437641e+01	1.562355e-02	3.019604e+01
8.941638e+02	1.381166e+01	1.381458e-02	3.567866e+01
1.028288e+03	1.326368e+01	1.231116e-02	4.235782e+01
1.182532e+03	1.269282e+01	1.103123e-02	5.052711e+01
1.359911e+03	1.210063e+01	9.624712e-03	6.055894e+01
1.563898e+03	1.148819e+01	8.474840e-03	7.293284e+01
1.798483e+03	1.086932e+01	7.477979e-03	8.826428e+01
2.068255e+03	1.025450e+01	6.595250e-03	1.073234e+02
2.378493e+03	9.664576e+00	5.823878e-03	1.310632e+02
2.735268e+03	9.074285e+00	5.122949e-03	1.607019e+02
3.145558e+03	8.486057e+00	4.555708e-03	1.978420e+02
3.617391e+03	7.911378e+00	4.011552e-03	2.445264e+02
4.160000e+03	7.354830e+00	3.532665e-03	3.033753e+02
4.784000e+03	6.818055e+00	3.129995e-03	3.777432e+02
5.501600e+03	6.304568e+00	2.796775e-03	4.719147e+02
6.326840e+03	5.816565e+00	2.472347e-03	5.913628e+02
7.275866e+03	5.355544e+00	2.152794e-03	7.430828e+02
8.367246e+03	4.922377e+00	1.890867e-03	9.359779e+02
9.622333e+03	4.518566e+00	1.665395e-03	1.181348e+03
