# Energy_MeV	dEdx_Elec_MeV_um	dEdx_Nucl_MeV_um	Range_um
1.000000e-05	9.649003e-04	1.552266e-02	2.072753e-02
1.150000e-05	1.034740e-03	1.651844e-02	2.222780e-02
1.322500e-05	1.109635e-03	1.750875e-02	2.383666e-02
1.520875e-05	1.189951e-03	1.859194e-02	2.556197e-02
1.749006e-05	1.276081e-03	1.962540e-02	2.741216e-02
2.011357e-05	1.368444e-03	2.065884e-02	2.939627e-02
2.313061e-05	1.467493e-03	2.168115e-02	3.152398e-02
2.660020e-05	1.573711e-03	2.280655e-02	3.380571e-02
3.059023e-05	1.687617e-03	2.388548e-02	3.625258e-02
3.517876e-05	1.809767e-03	2.490628e-02	3.887656e-02
4.045558e-05	1.940759e-03	2.591035e-02	4.169047e-02
4.652391e-05	2.081232e-03	2.689842e-02	4.470805e-02
5.350250e-05	2.231873e-03	2.790317e-02	4.794404e-02
6.152788e-05	2.393417e-03	2.885915e-02	5.141425e-02
7.075706e-05	2.566654e-03	2.970958e-02	5.513564e-02
8.137062e-05	2.752430e-03	3.054950e-02	5.912639e-02
9.357621e-05	2.951652e-03	3.139360e-02	6.340599e-02
1.076126e-04	3.165294e-03	3.207630e-02	6.799535e-02
1.237545e-04	3.394400e-03	3.273756e-02	7.291689e-02
1.423177e-04	3.640088e-03	3.333698e-02	7.819465e-02
1.636654e-04	3.903560e-03	3.388517e-02	8.385442e-02
1.882152e-04	4.186102e-03	3.437747e-02	8.992385e-02
2.164475e-04	4.489094e-03	3.470557e-02	9.643258e-02
2.489146e-04	4.814017e-03	3.506506e-02	1.034124e-01
2.862518e-04	5.162458e-03	3.538019e-02	1.108975e-01
3.291895e-04	5.536119e-03	3.554964e-02	1.189243e-01
3.785680e-04	5.936827e-03	3.568602e-02	1.275321e-01
4.353531e-04	6.366537e-03	3.571848e-02	1.367629e-01
5.006561e-04	6.827350e-03	3.570700e-02	1.466619e-01
5.757545e-04	7.321518e-03	3.563611e-02	1.572774e-01
6.621177e-04	7.851453e-03	3.544034e-02	1.686326e-01
7.614354e-04	8.419745e-03	3.517309e-02	1.808747e-01
8.756507e-04	9.029171e-03	3.482512e-02	1.939634e-01
1.006998e-03	9.682707e-03	3.438965e-02	2.080044e-01
1.158048e-03	1.038355e-02	3.386144e-02	2.230590e-01
1.331755e-03	1.113511e-02	3.324915e-02	2.392038e-01
1.531519e-03	1.194108e-02	3.253652e-02	2.565172e-01
1.761246e-03	1.280538e-02	3.175799e-02	2.750838e-01
2.025433e-03	1.373224e-02	3.091517e-02	2.949942e-01
2.329248e-03	1.472619e-02	3.000232e-02	3.163456e-01
2.678635e-03	1.579208e-02	2.896750e-02	3.392425e-01
3.080431e-03	1.693512e-02	2.790591e-02	3.637968e-01
3.542495e-03	1.816089e-02	2.680511e-02	3.901283e-01
4.073870e-03	1.947538e-02	2.568318e-02	4.183656e-01
4.684950e-03	2.088502e-02	2.451978e-02	4.486467e-01
5.387693e-03	2.239669e-02	2.327235e-02	4.811196e-01
6.195847e-03	2.428449e-02	2.204244e-02	5.102766e-01
7.125224e-03	2.740385e-02	2.084754e-02	5.200208e-01
8.194007e-03	3.084896e-02	1.963096e-02	5.312381e-01
9.423108e-03	3.466911e-02	1.835684e-02	5.436064e-01
1.083657e-02	3.891275e-02	1.722854e-02	5.569716e-01
1.246206e-02	4.362709e-02	1.608985e-02	5.713029e-01
1.433137e-02	4.885775e-02	1.497207e-02	5.866605e-01
1.648108e-02	5.464855e-02	1.388877e-02	6.031693e-01
1.895324e-02	6.104138e-02	1.282422e-02	6.209993e-01
2.179622e-02	6.807636e-02	1.196359e-02	6.403493e-01
2.506566e-02	7.579209e-02	1.099437e-02	6.614350e-01
2.882550e-02	8.422612e-02	1.005730e-02	6.844819e-01
3.314933e-02	9.341570e-02	9.395432e-03	7.097191e-01
3.812173e-02	1.033987e-01	8.719608e-03	7.373758e-01
4.383999e-02	1.142150e-01	7.959500e-03	7.676770e-01
5.041599e-02	1.259076e-01	7.205958e-03	8.008475e-01
5.797838e-02	1.385253e-01	6.487974e-03	8.370680e-01
6.667514e-02	1.510172e-01	5.945786e-03	8.767266e-01
7.667641e-02	1.638049e-01	5.351434e-03	9.204646e-01
8.817787e-02	8.893803e-02	4.796799e-03	9.685386e-01
1.014046e-01	9.784301e-02	4.305077e-03	1.021216e+00
1.166152e-01	1.072450e-01	3.878958e-03	1.078734e+00
1.341075e-01	1.171436e-01	3.503362e-03	1.141322e+00
1.542237e-01	1.275381e-01	3.131035e-03	1.209187e+00
1.773572e-01	1.384262e-01	2.820999e-03	1.282521e+00
2.039608e-01	1.498009e-01	2.550408e-03	1.361503e+00
2.345549e-01	1.616478e-01	2.301251e-03	1.446328e+00
2.697381e-01	1.739408e-01	2.044794e-03	1.537241e+00
3.101989e-01	1.866387e-01	1.827569e-03	1.634606e+00
3.567287e-01	1.996802e-01	1.644218e-03	1.738996e+00
4.102380e-01	2.129786e-01	1.476477e-03	1.851331e+00
4.717737e-01	2.264112e-01	1.315239e-03	1.973042e+00
5.425397e-01	2.398048e-01	1.169422e-03	2.106282e+00
6.239207e-01	2.529151e-01	1.037931e-03	2.254172e+00
7.175088e-01	2.654106e-01	9.311867e-04	2.421089e+00
8.251351e-01	2.768680e-01	8.289128e-04	2.612998e+00
9.489054e-01	2.867917e-01	7.280862e-04	2.837830e+00
1.091241e+00	2.946592e-01	6.521712e-04	3.105923e+00
1.254927e+00	2.999824e-01	5.790111e-04	3.430531e+00
1.443166e+00	3.023712e-01	5.147039e-04	3.828467e+00
1.659641e+00	3.015844e-01	4.565410e-04	4.320881e+00
1.908588e+00	2.975607e-01	4.037562e-04	4.934247e+00
2.194876e+00	2.904291e-01	3.646862e-04	5.701598e+00
2.524107e+00	2.805000e-01	3.215441e-04	6.664062e+00
2.902723e+00	2.682358e-01	2.826291e-04	7.872776e+00
3.338132e+00	2.542012e-01	2.527319e-04	9.391268e+00
3.838852e+00	2.389989e-01	2.239191e-04	1.129855e+01
4.414679e+00	2.232011e-01	1.997632e-04	1.369322e+01
5.076881e+00	2.072928e-01	1.764500e-04	1.669909e+01
5.838413e+00	1.916412e-01	1.543230e-04	2.047289e+01
6.714175e+00	1.764916e-01	1.375409e-04	2.521474e+01
7.721302e+00	1.619926e-01	1.215340e-04	3.118140e+01
8.879497e+00	1.481992e-01	1.069710e-04	3.870616e+01
1.021142e+01	1.351589e-01	9.438201e-05	4.822090e+01
1.174313e+01	1.228828e-01	8.329359e-05	6.026614e+01
1.350460e+01	1.099727e-01	7.380430e-05	7.568263e+01
1.553030e+01	9.918839e-02	6.459533e-05	9.545903e+01
1.785984e+01	8.894446e-02	5.715956e-05	1.207166e+02
2.053882e+01	7.963612e-02	5.091925e-05	1.531647e+02
2.361964e+01	7.184603e-02	4.517565e-05	1.946625e+02
2.716258e+01	6.477738e-02	0.000000e+00	2.474388e+02
3.123697e+01	5.828122e-02	0.000000e+00	3.147286e+02
3.592252e+01	5.238236e-02	0.000000e+00	4.006128e+02
4.131089e+01	4.704388e-02	0.000000e+00	5.103349e+02
4.750753e+01	4.221735e-02	0.000000e+00	6.506297e+02
5.463366e+01	3.786013e-02	0.000000e+00	8.302128e+02
6.282871e+01	3.393997e-02	0.000000e+00	1.060247e+03
7.225301e+01	3.040050e-02	0.000000e+00	1.355164e+03
8.309096e+01	2.719288e-02	0.000000e+00	1.733745e+03
9.555461e+01	2.431982e-02	0.000000e+00	2.220280e+03
1.098878e+02	2.175974e-02	0.000000e+00	2.845616e+03
1.263710e+02	1.948992e-02	0.000000e+00	3.648584e+03
1.453266e+02	1.745116e-02	0.000000e+00	4.679430e+03
1.671256e+02	1.562139e-02	0.000000e+00	6.003430e+03
1.921945e+02	1.398318e-02	0.000000e+00	7.704196e+03
2.210236e+02	1.251872e-02	0.000000e+00	9.888865e+03
2.541772e+02	1.121195e-02	0.000000e+00	1.269450e+04
2.923037e+02	1.004819e-02	0.000000e+00	1.629566e+04
3.361493e+02	9.011637e-03	0.000000e+00	2.091486e+04
3.865717e+02	8.089671e-03	0.000000e+00	2.683513e+04
4.445574e+02	7.270700e-03	0.000000e+00	3.441508e+04
5.112411e+02	6.543979e-03	0.000000e+00	4.410770e+04
5.879272e+02	5.899616e-03	0.000000e+00	5.648295e+04
6.761163e+02	5.328749e-03	0.000000e+00	7.225492e+04
7.775337e+02	4.823784e-03	0.000000e+00	9.231402e+04
8.941638e+02	4.377937e-03	0.000000e+00	1.177645e+05
1.028288e+03	3.984703e-03	0.000000e+00	1.499676e+05
1.182532e+03	3.638382e-03	0.000000e+00	1.905895e+05
1.359911e+03	3.334114e-03	0.000000e+00	2.416549e+05
1.563898e+03	3.067550e-03	0.000000e+00	3.056044e+05
1.798483e+03	2.834778e-03	0.000000e+00	3.853538e+05
2.068255e+03	2.632216e-03	0.000000e+00	4.843540e+05
2.378493e+03	2.456640e-03	0.000000e+00	6.066492e+05
2.735268e+03	2.305163e-03	0.000000e+00	7.569305e+05
3.145558e+03	2.175261e-03	0.000000e+00	9.405847e+05
3.617391e+03	2.064728e-03	0.000000e+00	1.163732e+06
4.160000e+03	1.971586e-03	0.000000e+00	1.433271e+06
4.784000e+03	1.894055e-03	0.000000e+00	1.756855e+06
5.501600e+03	1.825534e-03	0.000000e+00	2.143510e+06
6.326840e+03	1.768623e-03	0.000000e+00	2.405379e+06
7.275866e+03	1.722985e-03	0.000000e+00	2.405379e+06
8.367246e+03	1.687358e-03	0.000000e+00	2.405379e+06
9.622333e+03	1.660585e-03	0.000000e+00	2.405379e+06
