# Energy_MeV	dEdx_Elec_MeV_um	dEdx_Nucl_MeV_um	Range_um
1.000000e-05	6.773464e-03	3.255031e-02	2.952699e-03
1.150000e-05	7.263731e-03	3.553364e-02	3.166417e-03
1.322500e-05	7.789484e-03	3.947059e-02	3.395604e-03
1.520875e-05	8.353291e-03	4.374117e-02	3.641379e-03
1.749006e-05	8.957906e-03	4.852913e-02	3.904944e-03
2.011357e-05	9.606284e-03	5.392257e-02	4.187586e-03
2.313061e-05	1.030159e-02	5.976283e-02	4.490686e-03
2.660020e-05	1.104723e-02	6.624610e-02	4.815724e-03
3.059023e-05	1.184683e-02	7.334258e-02	5.164289e-03
3.517876e-05	1.270431e-02	8.115879e-02	5.538083e-03
4.045558e-05	1.362386e-02	8.972407e-02	5.938932e-03
4.652391e-05	1.460996e-02	9.907575e-02	6.368795e-03
5.350250e-05	1.566743e-02	1.094889e-01	6.829772e-03
6.152788e-05	1.680145e-02	1.208548e-01	7.324114e-03
7.075706e-05	1.801755e-02	1.330530e-01	7.854238e-03
8.137062e-05	1.932167e-02	1.462730e-01	8.422731e-03
9.357621e-05	2.072018e-02	1.613505e-01	9.032373e-03
1.076126e-04	2.221992e-02	1.776422e-01	9.686141e-03
1.237545e-04	2.382821e-02	1.952613e-01	1.038723e-02
1.423177e-04	2.555291e-02	2.141928e-01	1.113906e-02
1.636654e-04	2.740244e-02	2.344906e-01	1.194531e-02
1.882152e-04	2.938584e-02	2.576440e-01	1.280992e-02
2.164475e-04	3.151281e-02	2.823831e-01	1.373711e-02
2.489146e-04	3.379372e-02	3.089841e-01	1.473141e-02
2.862518e-04	3.623973e-02	3.378632e-01	1.579768e-02
3.291895e-04	3.886278e-02	3.689548e-01	1.694112e-02
3.785680e-04	4.167569e-02	4.025411e-01	1.816733e-02
4.353531e-04	4.469220e-02	4.378912e-01	1.948229e-02
5.006561e-04	4.792704e-02	4.765453e-01	2.089243e-02
5.757545e-04	5.139602e-02	5.180916e-01	2.240463e-02
6.621177e-04	5.511610e-02	5.619453e-01	2.402629e-02
7.614354e-04	5.910543e-02	6.071667e-01	2.576533e-02
8.756507e-04	6.338351e-02	6.569132e-01	2.763024e-02
1.006998e-03	6.797124e-02	7.118819e-01	2.963013e-02
1.158048e-03	7.289104e-02	7.680801e-01	3.177477e-02
1.331755e-03	7.816693e-02	8.277688e-01	3.407465e-02
1.531519e-03	8.382469e-02	8.878375e-01	3.654099e-02
1.761246e-03	8.989197e-02	9.532481e-01	3.918584e-02
2.025433e-03	9.639840e-02	1.024698e+00	4.202214e-02
2.329248e-03	1.033758e-01	1.096330e+00	4.506372e-02
2.678635e-03	1.108582e-01	1.172112e+00	4.832546e-02
3.080431e-03	1.188821e-01	1.249985e+00	5.182328e-02
3.542495e-03	1.274869e-01	1.330057e+00	5.557427e-02
4.073870e-03	1.367144e-01	1.410900e+00	5.959677e-02
4.684950e-03	1.466099e-01	1.492714e+00	6.391042e-02
5.387693e-03	1.572216e-01	1.579086e+00	6.853629e-02
6.195847e-03	1.686014e-01	1.665563e+00	7.349698e-02
7.125224e-03	1.808049e-01	1.747826e+00	7.881673e-02
8.194007e-03	1.938916e-01	1.827952e+00	8.452152e-02
9.423108e-03	2.079256e-01	1.918347e+00	9.063924e-02
1.083657e-02	2.229753e-01	2.004433e+00	9.719975e-02
1.246206e-02	2.391144e-01	2.086544e+00	1.042351e-01
1.433137e-02	2.564217e-01	2.163526e+00	1.117797e-01
1.648108e-02	2.749816e-01	2.234209e+00	1.198656e-01
1.895324e-02	2.948849e-01	2.313854e+00	1.285513e-01
2.179622e-02	3.162288e-01	2.385288e+00	1.378531e-01
2.506566e-02	3.391176e-01	2.451131e+00	1.478322e-01
2.882550e-02	3.636631e-01	2.513283e+00	1.585318e-01
3.314933e-02	3.899853e-01	2.569476e+00	1.700062e-01
3.812173e-02	4.182126e-01	2.621634e+00	1.823112e-01
4.383999e-02	4.484831e-01	2.665112e+00	1.955067e-01
5.041599e-02	4.809445e-01	2.707151e+00	2.096573e-01
5.797838e-02	5.157555e-01	2.744021e+00	2.248321e-01
6.667514e-02	5.530862e-01	2.773748e+00	2.411054e-01
7.667641e-02	5.931189e-01	2.795393e+00	2.585566e-01
8.817787e-02	6.360491e-01	2.815179e+00	2.772708e-01
1.014046e-01	6.820867e-01	2.833479e+00	2.973395e-01
1.166152e-01	7.314565e-01	2.842450e+00	3.188608e-01
1.341075e-01	7.843997e-01	2.845713e+00	3.419400e-01
1.542237e-01	8.411750e-01	2.840589e+00	3.666896e-01
1.773572e-01	9.020596e-01	2.831144e+00	3.932305e-01
2.039608e-01	9.673512e-01	2.817430e+00	4.216924e-01
2.345549e-01	1.037369e+00	2.794701e+00	4.522145e-01
2.697381e-01	1.112454e+00	2.765235e+00	4.849459e-01
3.101989e-01	1.192974e+00	2.728439e+00	5.200463e-01
3.567287e-01	1.279322e+00	2.684551e+00	5.576872e-01
4.102380e-01	1.371920e+00	2.633746e+00	5.980525e-01
4.717737e-01	1.471220e+00	2.575831e+00	6.413398e-01
5.425397e-01	1.577708e+00	2.510787e+00	6.877602e-01
6.239207e-01	1.691903e+00	2.439609e+00	7.375404e-01
7.175088e-01	1.814364e+00	2.365222e+00	7.909235e-01
8.251351e-01	1.945689e+00	2.286308e+00	8.481707e-01
9.489054e-01	2.086519e+00	2.196117e+00	9.095619e-01
1.091241e+00	2.237542e+00	2.105319e+00	9.753948e-01
1.254927e+00	2.399497e+00	2.010981e+00	1.046002e+00
1.443166e+00	2.573173e+00	1.918332e+00	1.121685e+00
1.659641e+00	2.735389e+00	1.826681e+00	1.203171e+00
1.908588e+00	2.901944e+00	1.722155e+00	1.291488e+00
2.194876e+00	3.075481e+00	1.623897e+00	1.387252e+00
2.524107e+00	3.255150e+00	1.525497e+00	1.491240e+00
2.902723e+00	3.439643e+00	1.429176e+00	1.604314e+00
3.338132e+00	3.627062e+00	1.335594e+00	1.727501e+00
3.838852e+00	3.814786e+00	1.243023e+00	1.862015e+00
4.414679e+00	3.999352e+00	1.159296e+00	2.009326e+00
5.076881e+00	2.152089e+00	1.072737e+00	2.171229e+00
5.838413e+00	2.365861e+00	9.909105e-01	2.349943e+00
6.714175e+00	2.595215e+00	9.151361e-01	2.548245e+00
7.721302e+00	2.849719e+00	8.483849e-01	2.769623e+00
8.879497e+00	3.128968e+00	7.794468e-01	3.018495e+00
1.021142e+01	3.430287e+00	7.121660e-01	3.300464e+00
1.174313e+01	3.766084e+00	6.637390e-01	3.622650e+00
1.350460e+01	4.119035e+00	6.176448e-01	3.994107e+00
1.553030e+01	4.492015e+00	5.648126e-01	4.426355e+00
1.785984e+01	4.883204e+00	5.040555e-01	4.511677e+00
2.053882e+01	5.315271e+00	4.449559e-01	4.265925e+00
2.361964e+01	5.793991e+00	4.008545e-01	4.076319e+00
2.716258e+01	6.277955e+00	3.611387e-01	3.938418e+00
3.123697e+01	6.806359e+00	3.252207e-01	3.848841e+00
3.592252e+01	7.388436e+00	2.927132e-01	3.805107e+00
4.131089e+01	8.012345e+00	2.643417e-01	3.805502e+00
4.750753e+01	8.712065e+00	2.386091e-01	3.848947e+00
5.463366e+01	9.477400e+00	2.135383e-01	3.935190e+00
6.282871e+01	1.029803e+01	1.910641e-01	4.064689e+00
7.225301e+01	1.119903e+01	1.725991e-01	4.238776e+00
8.309096e+01	1.206782e+01	1.564736e-01	4.459819e+00
9.555461e+01	1.299100e+01	1.382267e-01	4.731402e+00
1.098878e+02	1.388874e+01	1.232262e-01	5.058518e+00
1.263710e+02	1.473123e+01	1.098077e-01	5.447792e+00
1.453266e+02	1.559018e+01	9.863524e-02	5.907739e+00
1.671256e+02	1.618002e+01	8.903702e-02	6.449024e+00
1.921945e+02	1.682518e+01	7.823311e-02	7.085013e+00
2.210236e+02	1.750438e+01	6.956261e-02	7.831907e+00
2.541772e+02	1.803612e+01	6.172323e-02	8.710551e+00
2.923037e+02	1.996495e+01	5.484327e-02	9.743376e+00
3.361493e+02	1.994694e+01	4.873780e-02	1.098180e+01
3.865717e+02	1.972933e+01	4.318791e-02	1.245935e+01
4.445574e+02	1.948216e+01	3.865888e-02	1.421428e+01
5.112411e+02	1.908323e+01	3.419044e-02	1.631570e+01
5.879272e+02	1.875394e+01	3.033042e-02	1.881425e+01
6.761163e+02	1.824677e+01	2.699910e-02	2.177127e+01
7.775337e+02	1.767185e+01	2.428318e-02	2.530077e+01
8.941638e+02	1.707575e+01	2.155090e-02	2.953373e+01
1.028288e+03	1.646663e+01	1.885371e-02	3.463368e+01
1.182532e+03	1.588630e+01	1.670020e-02	4.080518e+01
1.359911e+03	1.529715e+01	1.477689e-02	4.830658e+01
1.563898e+03	1.467672e+01	1.324895e-02	5.745929e+01
1.798483e+03	1.403055e+01	1.172092e-02	6.867292e+01
2.068255e+03	1.335253e+01	1.023511e-02	8.247500e+01
2.378493e+03	1.266999e+01	9.051635e-03	9.953429e+01
2.735268e+03	1.200131e+01	7.964083e-03	1.206785e+02
3.145558e+03	1.134174e+01	7.011830e-03	1.469316e+02
3.617391e+03	1.068138e+01	6.181496e-03	1.796321e+02
4.160000e+03	1.002436e+01	5.483093e-03	2.205081e+02
4.784000e+03	9.375617e+00	4.862296e-03	2.717671e+02
5.501600e+03	8.741599e+00	4.270411e-03	3.362301e+02
6.326840e+03	8.129439e+00	3.753001e-03	4.175032e+02
7.275866e+03	7.542260e+00	3.346900e-03	5.201822e+02
8.367246e+03	6.980756e+00	2.992032e-03	6.501396e+02
9.622333e+03	6.447097e+00	2.593226e-03	8.148656e+02
