# Energy_MeV	dEdx_Elec_MeV_um	dEdx_Nucl_MeV_um	Range_um
1.000000e-05	6.342531e-03	3.353103e-02	3.153315e-03
1.150000e-05	6.801606e-03	3.716430e-02	3.381554e-03
1.322500e-05	7.293910e-03	4.121692e-02	3.626313e-03
1.520875e-05	7.821847e-03	4.580600e-02	3.888787e-03
1.749006e-05	8.387997e-03	5.077409e-02	4.170260e-03
2.011357e-05	8.995125e-03	5.628813e-02	4.472105e-03
2.313061e-05	9.646196e-03	6.231796e-02	4.795799e-03
2.660020e-05	1.034439e-02	6.895857e-02	5.142921e-03
3.059023e-05	1.109313e-02	7.626020e-02	5.515168e-03
3.517876e-05	1.189605e-02	8.420695e-02	5.914359e-03
4.045558e-05	1.275709e-02	9.306440e-02	6.342444e-03
4.652391e-05	1.368046e-02	1.027246e-01	6.801513e-03
5.350250e-05	1.467066e-02	1.131275e-01	7.293810e-03
6.152788e-05	1.573253e-02	1.243795e-01	7.821740e-03
7.075706e-05	1.687126e-02	1.371328e-01	8.387882e-03
8.137062e-05	1.809241e-02	1.510255e-01	8.995001e-03
9.357621e-05	1.940195e-02	1.660317e-01	9.646064e-03
1.076126e-04	2.080627e-02	1.821924e-01	1.034425e-02
1.237545e-04	2.231224e-02	1.994932e-01	1.109297e-02
1.423177e-04	2.392721e-02	2.190778e-01	1.189589e-02
1.636654e-04	2.565907e-02	2.401999e-01	1.275692e-02
1.882152e-04	2.751629e-02	2.628711e-01	1.368027e-02
2.164475e-04	2.950794e-02	2.874792e-01	1.467046e-02
2.489146e-04	3.164374e-02	3.140823e-01	1.573231e-02
2.862518e-04	3.393413e-02	3.426500e-01	1.687103e-02
3.291895e-04	3.639030e-02	3.728474e-01	1.809216e-02
3.785680e-04	3.902424e-02	4.056918e-01	1.940168e-02
4.353531e-04	4.184884e-02	4.411284e-01	2.080598e-02
5.006561e-04	4.487788e-02	4.788570e-01	2.231193e-02
5.757545e-04	4.812617e-02	5.175068e-01	2.392688e-02
6.621177e-04	5.160956e-02	5.596409e-01	2.565872e-02
7.614354e-04	5.534509e-02	6.066673e-01	2.751591e-02
8.756507e-04	5.935100e-02	6.547592e-01	2.950753e-02
1.006998e-03	6.364685e-02	7.059611e-01	3.164330e-02
1.158048e-03	6.825365e-02	7.574363e-01	3.393366e-02
1.331755e-03	7.319388e-02	8.128630e-01	3.638980e-02
1.531519e-03	7.849170e-02	8.741017e-01	3.902371e-02
1.761246e-03	8.417297e-02	9.355594e-01	4.184827e-02
2.025433e-03	9.026545e-02	1.000458e+00	4.487726e-02
2.329248e-03	9.679891e-02	1.067045e+00	4.812551e-02
2.678635e-03	1.038053e-01	1.135595e+00	5.160885e-02
3.080431e-03	1.113187e-01	1.205396e+00	5.534433e-02
3.542495e-03	1.193761e-01	1.275473e+00	5.935018e-02
4.073870e-03	1.280166e-01	1.349583e+00	6.364598e-02
4.684950e-03	1.372825e-01	1.423767e+00	6.825271e-02
5.387693e-03	1.472190e-01	1.494920e+00	7.319288e-02
6.195847e-03	1.578748e-01	1.564006e+00	7.849062e-02
7.125224e-03	1.693019e-01	1.640488e+00	8.417181e-02
8.194007e-03	1.815561e-01	1.715239e+00	9.026421e-02
9.423108e-03	1.946972e-01	1.786216e+00	9.679758e-02
1.083657e-02	2.087895e-01	1.853185e+00	1.038038e-01
1.246206e-02	2.239018e-01	1.914640e+00	1.113172e-01
1.433137e-02	2.401079e-01	1.982038e+00	1.193207e-01
1.648108e-02	2.574870e-01	2.044889e+00	1.280097e-01
1.895324e-02	2.761241e-01	2.101788e+00	1.372834e-01
2.179622e-02	2.961101e-01	2.155705e+00	1.472207e-01
2.506566e-02	3.175427e-01	2.205310e+00	1.578759e-01
2.882550e-02	3.405266e-01	2.250379e+00	1.693029e-01
3.314933e-02	3.651741e-01	2.288780e+00	1.815569e-01
3.812173e-02	3.916056e-01	2.324762e+00	1.946978e-01
4.383999e-02	4.199502e-01	2.357234e+00	2.087900e-01
5.041599e-02	4.503464e-01	2.384063e+00	2.239021e-01
5.797838e-02	4.829427e-01	2.403337e+00	2.401079e-01
6.667514e-02	5.178984e-01	2.420223e+00	2.574868e-01
7.667641e-02	5.553841e-01	2.436632e+00	2.761236e-01
8.817787e-02	5.955831e-01	2.445232e+00	2.961094e-01
1.014046e-01	6.386918e-01	2.448779e+00	3.175417e-01
1.166152e-01	6.849206e-01	2.445148e+00	3.405252e-01
1.341075e-01	7.344955e-01	2.437268e+00	3.651723e-01
1.542237e-01	7.876587e-01	2.426210e+00	3.916035e-01
1.773572e-01	8.446699e-01	2.407592e+00	4.199478e-01
2.039608e-01	9.058075e-01	2.382944e+00	4.503436e-01
2.345549e-01	9.713703e-01	2.352063e+00	4.829393e-01
2.697381e-01	1.041679e+00	2.315032e+00	5.178945e-01
3.101989e-01	1.117076e+00	2.272073e+00	5.553799e-01
3.567287e-01	1.197930e+00	2.223044e+00	5.955784e-01
4.102380e-01	1.284637e+00	2.167751e+00	6.386863e-01
4.717737e-01	1.377620e+00	2.107246e+00	6.849144e-01
5.425397e-01	1.477333e+00	2.043627e+00	7.344887e-01
6.239207e-01	1.584263e+00	1.976264e+00	7.876513e-01
7.175088e-01	1.698933e+00	1.899973e+00	8.446617e-01
8.251351e-01	1.821902e+00	1.821588e+00	9.057981e-01
9.489054e-01	1.953773e+00	1.741097e+00	9.713601e-01
1.091241e+00	2.095188e+00	1.661101e+00	1.041670e+00
1.254927e+00	2.246839e+00	1.582191e+00	1.117051e+00
1.443166e+00	2.396710e+00	1.493756e+00	1.198012e+00
1.659641e+00	2.543392e+00	1.407724e+00	1.285631e+00
1.908588e+00	2.696495e+00	1.323777e+00	1.380630e+00
2.194876e+00	2.855377e+00	1.240397e+00	1.483740e+00
2.524107e+00	3.019018e+00	1.159132e+00	1.595799e+00
2.902723e+00	3.185914e+00	1.079640e+00	1.717797e+00
3.338132e+00	3.353951e+00	1.006297e+00	1.850901e+00
3.838852e+00	3.520298e+00	9.328538e-01	1.996516e+00
4.414679e+00	3.681314e+00	8.614211e-01	2.156348e+00
5.076881e+00	1.995367e+00	7.951013e-01	2.332503e+00
5.838413e+00	2.195839e+00	7.370428e-01	2.527602e+00
6.714175e+00	2.420688e+00	6.785093e-01	2.744937e+00
7.721302e+00	2.661339e+00	6.193603e-01	2.988667e+00
8.879497e+00	2.928338e+00	5.758719e-01	3.264063e+00
1.021142e+01	3.222128e+00	5.366882e-01	3.577820e+00
1.174313e+01	3.532547e+00	4.920073e-01	3.938450e+00
1.350460e+01	3.873227e+00	4.406243e-01	3.996731e+00
1.553030e+01	4.211061e+00	3.887799e-01	3.819687e+00
1.785984e+01	4.592426e+00	3.493236e-01	3.678871e+00
2.053882e+01	5.023303e+00	3.148719e-01	3.573712e+00
2.361964e+01	5.472509e+00	2.836654e-01	3.503915e+00
2.716258e+01	5.973593e+00	2.555056e-01	3.469484e+00
3.123697e+01	6.521159e+00	2.304531e-01	3.470719e+00
3.592252e+01	7.118297e+00	2.080821e-01	3.508129e+00
4.131089e+01	7.777207e+00	1.863645e-01	3.582714e+00
4.750753e+01	8.476284e+00	1.667935e-01	3.695747e+00
5.463366e+01	9.241698e+00	1.505523e-01	3.849000e+00
6.282871e+01	1.002441e+01	1.364553e-01	4.044907e+00
7.225301e+01	1.080458e+01	1.210117e-01	4.286766e+00
8.309096e+01	1.162111e+01	1.075129e-01	4.578972e+00
9.555461e+01	1.234393e+01	9.599381e-02	4.927267e+00
1.098878e+02	1.308635e+01	8.605004e-02	5.339012e+00
1.263710e+02	1.375535e+01	7.769186e-02	5.823492e+00
1.453266e+02	1.429657e+01	6.851240e-02	6.392341e+00
1.671256e+02	1.479788e+01	6.066271e-02	7.059913e+00
1.921945e+02	1.529638e+01	5.399142e-02	7.843879e+00
2.210236e+02	1.576281e+01	4.790572e-02	8.766345e+00
2.541772e+02	1.611015e+01	4.256463e-02	9.851805e+00
2.923037e+02	1.715538e+01	3.771105e-02	1.114633e+01
3.361493e+02	1.691866e+01	3.371803e-02	1.270377e+01
3.865717e+02	1.659936e+01	2.992375e-02	1.455364e+01
4.445574e+02	1.620846e+01	2.648445e-02	1.677707e+01
5.112411e+02	1.581874e+01	2.356215e-02	1.943871e+01
5.879272e+02	1.537027e+01	2.117418e-02	2.260309e+01
6.761163e+02	1.483085e+01	1.885341e-02	2.638785e+01
7.775337e+02	1.427563e+01	1.649824e-02	3.094138e+01
8.941638e+02	1.371068e+01	1.459053e-02	3.644641e+01
1.028288e+03	1.315659e+01	1.290707e-02	4.313060e+01
1.182532e+03	1.261707e+01	1.155587e-02	5.128423e+01
1.359911e+03	1.205713e+01	1.025858e-02	6.126993e+01
1.563898e+03	1.147847e+01	8.959713e-03	7.354845e+01
1.798483e+03	1.088179e+01	7.910571e-03	8.871364e+01
2.068255e+03	1.028109e+01	6.965923e-03	1.075279e+02
2.378493e+03	9.686499e+00	6.133977e-03	1.309457e+02
2.735268e+03	9.115909e+00	5.410734e-03	1.601500e+02
3.145558e+03	8.546813e+00	4.791621e-03	1.966560e+02
3.617391e+03	7.981290e+00	4.250653e-03	2.424562e+02
4.160000e+03	7.430262e+00	3.736715e-03	3.000919e+02
4.784000e+03	6.897828e+00	3.284061e-03	3.728238e+02
5.501600e+03	6.385791e+00	2.922333e-03	4.648289e+02
6.326840e+03	5.897145e+00	2.614433e-03	5.814425e+02
7.275866e+03	5.433364e+00	2.274644e-03	7.294831e+02
8.367246e+03	4.996138e+00	1.989788e-03	9.176648e+02
9.622333e+03	4.586603e+00	1.751120e-03	1.157078e+03
