# Energy_MeV	dEdx_Elec_MeV_um	dEdx_Nucl_MeV_um	Range_um
1.000000e-05	5.824760e-03	3.623177e-02	3.433618e-03
1.150000e-05	6.246359e-03	4.016965e-02	3.682145e-03
1.322500e-05	6.698474e-03	4.452760e-02	3.948661e-03
1.520875e-05	7.183313e-03	4.930436e-02	4.234467e-03
1.749006e-05	7.703245e-03	5.455266e-02	4.540960e-03
2.011357e-05	8.260810e-03	6.033122e-02	4.869637e-03
2.313061e-05	8.858731e-03	6.662658e-02	5.222104e-03
2.660020e-05	9.499931e-03	7.362549e-02	5.600082e-03
3.059023e-05	1.018754e-02	8.127946e-02	6.005419e-03
3.517876e-05	1.092492e-02	8.949991e-02	6.440095e-03
4.045558e-05	1.171567e-02	9.842531e-02	6.906232e-03
4.652391e-05	1.256366e-02	1.085070e-01	7.406109e-03
5.350250e-05	1.347302e-02	1.194788e-01	7.942167e-03
6.152788e-05	1.444821e-02	1.313852e-01	8.517025e-03
7.075706e-05	1.549398e-02	1.441507e-01	9.133492e-03
8.137062e-05	1.661544e-02	1.578828e-01	9.794579e-03
9.357621e-05	1.781807e-02	1.733655e-01	1.050352e-02
1.076126e-04	1.910775e-02	1.900446e-01	1.126377e-02
1.237545e-04	2.049078e-02	2.080426e-01	1.207904e-02
1.423177e-04	2.197392e-02	2.274833e-01	1.295333e-02
1.636654e-04	2.356440e-02	2.485658e-01	1.389090e-02
1.882152e-04	2.527001e-02	2.712091e-01	1.489633e-02
2.164475e-04	2.709906e-02	2.950714e-01	1.597453e-02
2.489146e-04	2.906051e-02	3.211248e-01	1.713078e-02
2.862518e-04	3.116392e-02	3.491147e-01	1.837072e-02
3.291895e-04	3.341958e-02	3.790135e-01	1.970040e-02
3.785680e-04	3.583851e-02	4.097210e-01	2.112632e-02
4.353531e-04	3.843252e-02	4.430577e-01	2.265546e-02
5.006561e-04	4.121429e-02	4.801692e-01	2.429527e-02
5.757545e-04	4.419740e-02	5.183978e-01	2.605378e-02
6.621177e-04	4.739643e-02	5.588503e-01	2.793956e-02
7.614354e-04	5.082701e-02	5.997993e-01	2.996184e-02
8.756507e-04	5.450589e-02	6.436705e-01	3.213050e-02
1.006998e-03	5.845106e-02	6.919870e-01	3.445612e-02
1.158048e-03	6.268178e-02	7.408884e-01	3.695007e-02
1.331755e-03	6.721872e-02	7.921895e-01	3.962454e-02
1.531519e-03	7.208404e-02	8.451062e-01	4.249258e-02
1.761246e-03	7.730153e-02	8.993056e-01	4.556822e-02
2.025433e-03	8.289665e-02	9.546744e-01	4.886647e-02
2.329248e-03	8.889675e-02	1.010398e+00	5.240345e-02
2.678635e-03	9.533115e-02	1.068953e+00	5.619644e-02
3.080431e-03	1.022313e-01	1.127980e+00	6.026397e-02
3.542495e-03	1.096308e-01	1.184224e+00	6.462590e-02
4.073870e-03	1.175660e-01	1.239400e+00	6.930356e-02
4.684950e-03	1.260754e-01	1.299887e+00	7.431979e-02
5.387693e-03	1.352009e-01	1.358828e+00	7.969909e-02
6.195847e-03	1.449868e-01	1.415670e+00	8.546776e-02
7.125224e-03	1.554810e-01	1.468508e+00	9.165396e-02
8.194007e-03	1.667348e-01	1.517814e+00	9.828792e-02
9.423108e-03	1.788031e-01	1.571129e+00	1.054021e-01
1.083657e-02	1.917450e-01	1.620652e+00	1.130311e-01
1.246206e-02	2.056236e-01	1.666413e+00	1.211968e-01
1.433137e-02	2.205067e-01	1.708966e+00	1.299900e-01
1.648108e-02	2.364671e-01	1.748615e+00	1.393964e-01
1.895324e-02	2.535827e-01	1.784626e+00	1.494873e-01
2.179622e-02	2.719372e-01	1.814979e+00	1.603066e-01
2.506566e-02	2.916202e-01	1.843844e+00	1.719095e-01
2.882550e-02	3.127278e-01	1.869442e+00	1.843522e-01
3.314933e-02	3.353632e-01	1.890987e+00	1.976955e-01
3.812173e-02	3.596370e-01	1.906618e+00	2.120045e-01
4.383999e-02	3.856677e-01	1.920056e+00	2.273492e-01
5.041599e-02	4.135825e-01	1.932928e+00	2.438046e-01
5.797838e-02	4.435178e-01	1.940103e+00	2.614512e-01
6.667514e-02	4.756199e-01	1.942933e+00	2.803749e-01
7.667641e-02	5.100455e-01	1.940339e+00	3.006683e-01
8.817787e-02	5.469628e-01	1.934182e+00	3.224306e-01
1.014046e-01	5.865523e-01	1.925383e+00	3.457680e-01
1.166152e-01	6.290073e-01	1.910889e+00	3.707947e-01
1.341075e-01	6.745352e-01	1.891445e+00	3.976329e-01
1.542237e-01	7.233584e-01	1.867127e+00	4.264134e-01
1.773572e-01	7.757154e-01	1.837880e+00	4.572771e-01
2.039608e-01	8.318621e-01	1.803956e+00	4.903749e-01
2.345549e-01	8.920727e-01	1.765188e+00	5.258684e-01
2.697381e-01	9.566414e-01	1.721514e+00	5.639307e-01
3.101989e-01	1.025884e+00	1.673580e+00	6.047480e-01
3.567287e-01	1.100138e+00	1.623317e+00	6.485196e-01
4.102380e-01	1.179766e+00	1.569803e+00	6.954597e-01
4.717737e-01	1.265158e+00	1.509489e+00	7.457974e-01
5.425397e-01	1.356731e+00	1.447634e+00	7.997782e-01
6.239207e-01	1.454932e+00	1.383517e+00	8.576662e-01
7.175088e-01	1.560241e+00	1.320389e+00	9.197443e-01
8.251351e-01	1.673172e+00	1.257377e+00	9.863149e-01
9.489054e-01	1.794277e+00	1.187447e+00	1.057711e+00
1.091241e+00	1.924148e+00	1.119611e+00	1.134242e+00
1.254927e+00	2.047964e+00	1.052460e+00	1.216563e+00
1.443166e+00	2.172896e+00	9.866479e-01	1.305750e+00
1.659641e+00	2.303148e+00	9.219083e-01	1.402451e+00
1.908588e+00	2.438118e+00	8.586048e-01	1.507441e+00
2.194876e+00	2.576864e+00	8.006468e-01	1.621581e+00
2.524107e+00	2.718015e+00	7.420134e-01	1.745897e+00
2.902723e+00	1.433918e+00	6.856578e-01	1.881605e+00
3.338132e+00	1.577801e+00	6.327639e-01	2.030166e+00
3.838852e+00	1.733057e+00	5.862354e-01	2.193367e+00
4.414679e+00	1.904294e+00	5.398124e-01	2.373413e+00
5.076881e+00	2.086339e+00	4.933177e-01	2.573058e+00
5.838413e+00	2.288939e+00	4.580248e-01	2.795764e+00
6.714175e+00	2.507394e+00	4.268068e-01	3.045909e+00
7.721302e+00	2.743650e+00	3.914934e-01	3.329044e+00
8.879497e+00	3.006642e+00	3.508829e-01	3.297484e+00
1.021142e+01	3.277088e+00	3.101270e-01	3.201162e+00
1.174313e+01	3.572870e+00	2.781714e-01	3.121685e+00
1.350460e+01	3.884426e+00	2.508169e-01	3.060934e+00
1.553030e+01	4.236558e+00	2.258481e-01	3.020748e+00
1.785984e+01	4.636823e+00	2.035532e-01	3.002996e+00
2.053882e+01	5.067030e+00	1.835745e-01	3.009577e+00
2.361964e+01	5.542719e+00	1.656640e-01	3.042572e+00
2.716258e+01	6.061715e+00	1.485019e-01	3.104192e+00
3.123697e+01	6.594316e+00	1.328308e-01	3.196779e+00
3.592252e+01	7.176650e+00	1.199812e-01	3.322886e+00
4.131089e+01	7.771918e+00	1.086154e-01	3.485376e+00
4.750753e+01	8.383587e+00	9.639740e-02	3.687570e+00
5.463366e+01	9.002117e+00	8.577176e-02	3.933461e+00
6.282871e+01	9.551641e+00	7.645161e-02	4.227965e+00
7.225301e+01	1.011615e+01	6.861370e-02	4.577188e+00
8.309096e+01	1.061160e+01	6.184981e-02	4.988807e+00
9.555461e+01	1.107462e+01	5.458723e-02	5.472391e+00
1.098878e+02	1.150849e+01	4.840804e-02	6.039825e+00
1.263710e+02	1.178222e+01	4.300644e-02	6.705835e+00
1.453266e+02	1.205463e+01	3.820572e-02	7.488586e+00
1.671256e+02	1.232601e+01	3.392093e-02	8.410343e+00
1.921945e+02	1.252230e+01	3.004038e-02	9.499435e+00
2.210236e+02	1.266349e+01	2.686405e-02	1.078694e+01
2.541772e+02	1.341032e+01	2.383750e-02	1.233616e+01
2.923037e+02	1.307184e+01	2.112605e-02	1.420277e+01
3.361493e+02	1.271449e+01	1.878208e-02	1.643730e+01
3.865717e+02	1.228685e+01	1.685940e-02	1.913972e+01
4.445574e+02	1.190760e+01	1.501614e-02	2.239183e+01
5.112411e+02	1.146086e+01	1.316354e-02	2.628667e+01
5.879272e+02	1.097524e+01	1.162503e-02	3.098810e+01
6.761163e+02	1.048473e+01	1.029209e-02	3.669224e+01
7.775337e+02	9.993287e+00	9.202612e-03	4.364620e+01
8.941638e+02	9.517456e+00	8.171479e-03	5.216154e+01
1.028288e+03	9.046538e+00	7.150019e-03	6.263660e+01
1.182532e+03	8.568210e+00	6.303021e-03	7.557269e+01
1.359911e+03	8.084241e+00	5.554848e-03	9.161288e+01
1.563898e+03	7.593600e+00	4.887778e-03	1.115909e+02
1.798483e+03	7.110583e+00	4.314911e-03	1.365772e+02
2.068255e+03	6.643128e+00	3.820250e-03	1.679161e+02
2.378493e+03	6.194714e+00	3.386003e-03	2.072867e+02
2.735268e+03	5.755648e+00	2.980214e-03	2.568753e+02
3.145558e+03	5.327579e+00	2.617123e-03	3.195328e+02
3.617391e+03	4.916983e+00	2.330871e-03	3.989153e+02
4.160000e+03	4.526106e+00	2.081980e-03	4.997191e+02
4.784000e+03	4.156674e+00	1.813170e-03	6.279700e+02
5.501600e+03	3.808862e+00	1.588534e-03	7.913697e+02
6.326840e+03	3.482085e+00	1.395397e-03	9.997712e+02
7.275866e+03	3.178561e+00	1.237048e-03	1.265755e+03
8.367246e+03	2.899049e+00	1.102283e-03	1.605313e+03
9.622333e+03	2.641975e+00	9.564186e-04	2.038705e+03
