# Energy_MeV	dEdx_Elec_MeV_um	dEdx_Nucl_MeV_um	Range_um
1.000000e-05	6.484911e-03	3.215939e-02	3.084082e-03
1.150000e-05	6.954292e-03	3.387144e-02	3.307310e-03
1.322500e-05	7.457648e-03	3.720300e-02	3.546695e-03
1.520875e-05	7.997436e-03	4.132221e-02	3.803407e-03
1.749006e-05	8.576295e-03	4.578446e-02	4.078699e-03
2.011357e-05	9.197051e-03	5.082626e-02	4.373917e-03
2.313061e-05	9.862739e-03	5.645692e-02	4.690504e-03
2.660020e-05	1.057661e-02	6.255786e-02	5.030005e-03
3.059023e-05	1.134215e-02	6.933698e-02	5.394080e-03
3.517876e-05	1.216310e-02	7.676345e-02	5.784506e-03
4.045558e-05	1.304347e-02	8.494388e-02	6.203191e-03
4.652391e-05	1.398757e-02	9.386768e-02	6.652182e-03
5.350250e-05	1.499999e-02	1.036563e-01	7.133670e-03
6.152788e-05	1.608570e-02	1.145399e-01	7.650009e-03
7.075706e-05	1.724999e-02	1.264270e-01	8.203721e-03
8.137062e-05	1.849856e-02	1.390962e-01	8.797510e-03
9.357621e-05	1.983749e-02	1.529406e-01	9.434279e-03
1.076126e-04	2.127334e-02	1.688248e-01	1.011714e-02
1.237545e-04	2.281311e-02	1.856556e-01	1.084942e-02
1.423177e-04	2.446434e-02	2.041677e-01	1.163471e-02
1.636654e-04	2.623508e-02	2.237397e-01	1.247683e-02
1.882152e-04	2.813399e-02	2.450052e-01	1.337991e-02
2.164475e-04	3.017034e-02	2.693589e-01	1.434836e-02
2.489146e-04	3.235409e-02	2.948499e-01	1.538690e-02
2.862518e-04	3.469590e-02	3.228327e-01	1.650061e-02
3.291895e-04	3.720720e-02	3.527551e-01	1.769494e-02
3.785680e-04	3.990028e-02	3.851371e-01	1.897570e-02
4.353531e-04	4.278828e-02	4.201188e-01	2.034918e-02
5.006561e-04	4.588532e-02	4.567712e-01	2.182206e-02
5.757545e-04	4.920653e-02	4.974401e-01	2.340155e-02
6.621177e-04	5.276812e-02	5.403117e-01	2.509537e-02
7.614354e-04	5.658750e-02	5.857286e-01	2.691179e-02
8.756507e-04	6.068334e-02	6.326798e-01	2.885967e-02
1.006998e-03	6.507563e-02	6.850442e-01	3.094855e-02
1.158048e-03	6.978584e-02	7.419464e-01	3.318863e-02
1.331755e-03	7.483697e-02	8.001476e-01	3.559084e-02
1.531519e-03	8.025371e-02	8.618075e-01	3.816692e-02
1.761246e-03	8.606252e-02	9.238841e-01	4.092946e-02
2.025433e-03	9.229177e-02	9.927387e-01	4.389196e-02
2.329248e-03	9.897190e-02	1.066445e+00	4.706888e-02
2.678635e-03	1.061355e-01	1.140428e+00	5.047575e-02
3.080431e-03	1.138177e-01	1.218914e+00	5.412921e-02
3.542495e-03	1.220559e-01	1.299626e+00	5.804711e-02
4.073870e-03	1.308903e-01	1.382275e+00	6.224859e-02
4.684950e-03	1.403642e-01	1.465175e+00	6.675418e-02
5.387693e-03	1.505239e-01	1.549966e+00	7.158588e-02
6.195847e-03	1.614189e-01	1.639042e+00	7.676731e-02
7.125224e-03	1.731025e-01	1.728333e+00	8.232377e-02
8.194007e-03	1.856317e-01	1.811193e+00	8.828240e-02
9.423108e-03	1.990678e-01	1.894520e+00	9.467233e-02
1.083657e-02	2.134765e-01	1.989213e+00	1.015248e-01
1.246206e-02	2.289280e-01	2.074746e+00	1.088732e-01
1.433137e-02	2.454979e-01	2.160849e+00	1.167535e-01
1.648108e-02	2.632672e-01	2.236738e+00	1.251770e-01
1.895324e-02	2.823226e-01	2.310293e+00	1.342438e-01
2.179622e-02	3.027573e-01	2.392867e+00	1.439896e-01
2.506566e-02	3.246710e-01	2.463493e+00	1.544094e-01
2.882550e-02	3.481709e-01	2.532284e+00	1.655861e-01
3.314933e-02	3.733717e-01	2.593789e+00	1.775711e-01
3.812173e-02	4.003965e-01	2.651043e+00	1.904235e-01
4.383999e-02	4.293774e-01	2.703266e+00	2.042062e-01
5.041599e-02	4.604560e-01	2.746953e+00	2.189864e-01
5.797838e-02	4.937841e-01	2.790462e+00	2.348365e-01
6.667514e-02	5.295244e-01	2.826497e+00	2.518339e-01
7.667641e-02	5.678517e-01	2.855895e+00	2.700615e-01
8.817787e-02	6.089531e-01	2.876985e+00	2.896085e-01
1.014046e-01	6.530294e-01	2.897751e+00	3.105701e-01
1.166152e-01	7.002960e-01	2.915215e+00	3.330491e-01
1.341075e-01	7.509838e-01	2.922968e+00	3.571552e-01
1.542237e-01	8.053404e-01	2.925090e+00	3.830061e-01
1.773572e-01	8.636314e-01	2.918422e+00	4.107279e-01
2.039608e-01	9.261415e-01	2.908426e+00	4.404562e-01
2.345549e-01	9.931761e-01	2.892895e+00	4.723365e-01
2.697381e-01	1.065063e+00	2.867986e+00	5.065243e-01
3.101989e-01	1.142153e+00	2.836486e+00	5.431866e-01
3.567287e-01	1.224822e+00	2.797312e+00	5.825023e-01
4.102380e-01	1.313475e+00	2.750906e+00	6.246638e-01
4.717737e-01	1.408545e+00	2.697431e+00	6.698771e-01
5.425397e-01	1.510497e+00	2.636489e+00	7.183631e-01
6.239207e-01	1.619827e+00	2.568516e+00	7.703583e-01
7.175088e-01	1.737071e+00	2.494028e+00	8.261167e-01
8.251351e-01	1.862801e+00	2.417652e+00	8.859112e-01
9.489054e-01	1.997632e+00	2.334809e+00	9.500338e-01
1.091241e+00	2.142222e+00	2.240739e+00	1.018798e+00
1.254927e+00	2.297277e+00	2.147884e+00	1.092536e+00
1.443166e+00	2.463555e+00	2.049090e+00	1.171622e+00
1.659641e+00	2.639583e+00	1.956093e+00	1.256409e+00
1.908588e+00	2.802127e+00	1.859885e+00	1.347862e+00
2.194876e+00	2.972150e+00	1.752043e+00	1.447016e+00
2.524107e+00	3.149082e+00	1.652196e+00	1.554560e+00
2.902723e+00	3.331977e+00	1.549893e+00	1.671368e+00
3.338132e+00	3.519392e+00	1.452271e+00	1.798431e+00
3.838852e+00	3.709262e+00	1.356014e+00	1.936920e+00
4.414679e+00	3.898765e+00	1.262675e+00	2.088230e+00
5.076881e+00	4.084198e+00	1.176698e+00	2.254052e+00
5.838413e+00	4.260922e+00	1.087376e+00	2.436458e+00
6.714175e+00	2.320612e+00	1.004400e+00	2.638015e+00
7.721302e+00	2.553355e+00	9.277506e-01	2.861938e+00
8.879497e+00	2.807441e+00	8.602486e-01	3.112276e+00
1.021142e+01	3.091464e+00	7.877144e-01	3.394157e+00
1.174313e+01	3.393252e+00	7.213673e-01	3.714093e+00
1.350460e+01	3.727954e+00	6.743233e-01	4.080354e+00
1.553030e+01	4.088169e+00	6.258824e-01	4.503459e+00
1.785984e+01	4.454937e+00	5.702186e-01	4.996796e+00
2.053882e+01	4.853687e+00	5.062053e-01	5.029570e+00
2.361964e+01	5.291578e+00	4.478062e-01	4.754169e+00
2.716258e+01	5.763483e+00	4.045572e-01	4.543068e+00
3.123697e+01	6.256017e+00	3.642953e-01	4.390870e+00
3.592252e+01	6.781178e+00	3.277869e-01	4.293470e+00
4.131089e+01	7.365812e+00	2.953475e-01	4.247845e+00
4.750753e+01	7.993712e+00	2.667580e-01	4.251890e+00
5.463366e+01	8.694182e+00	2.405084e-01	4.304262e+00
6.282871e+01	9.472666e+00	2.151283e-01	4.404610e+00
7.225301e+01	1.028927e+01	1.924750e-01	4.553420e+00
8.309096e+01	1.118222e+01	1.745961e-01	4.752210e+00
9.555461e+01	1.206472e+01	1.577294e-01	5.003705e+00
1.098878e+02	1.296499e+01	1.391671e-01	5.312030e+00
1.263710e+02	1.388644e+01	1.243010e-01	5.682921e+00
1.453266e+02	1.468910e+01	1.105481e-01	6.123965e+00
1.671256e+02	1.548573e+01	9.969925e-02	6.644893e+00
1.921945e+02	1.608312e+01	8.967246e-02	7.257866e+00
2.210236e+02	1.671595e+01	7.877200e-02	7.978139e+00
2.541772e+02	1.740107e+01	7.011892e-02	8.824146e+00
2.923037e+02	1.785634e+01	6.212667e-02	9.819172e+00
3.361493e+02	2.027380e+01	5.523454e-02	1.099174e+01
3.865717e+02	2.022841e+01	4.903558e-02	1.240117e+01
4.445574e+02	1.999638e+01	4.355256e-02	1.407523e+01
5.112411e+02	1.973716e+01	3.895777e-02	1.606988e+01
5.879272e+02	1.935229e+01	3.443059e-02	1.845458e+01
6.761163e+02	1.899563e+01	3.052746e-02	2.128338e+01
7.775337e+02	1.846133e+01	2.720217e-02	2.463447e+01
8.941638e+02	1.787854e+01	2.449138e-02	2.863721e+01
1.028288e+03	1.727544e+01	2.161764e-02	3.344056e+01
1.182532e+03	1.666145e+01	1.893077e-02	3.923004e+01
1.359911e+03	1.608482e+01	1.678904e-02	4.623949e+01
1.563898e+03	1.548515e+01	1.487208e-02	5.476224e+01
1.798483e+03	1.485250e+01	1.335597e-02	6.516466e+01
2.068255e+03	1.419246e+01	1.174898e-02	7.791494e+01
2.378493e+03	1.350587e+01	1.027145e-02	9.361585e+01
2.735268e+03	1.281304e+01	9.094924e-03	1.130262e+02
3.145558e+03	1.214149e+01	7.998637e-03	1.370823e+02
3.617391e+03	1.147200e+01	7.042264e-03	1.669494e+02
4.160000e+03	1.080264e+01	6.215981e-03	2.041647e+02
4.784000e+03	1.013718e+01	5.513474e-03	2.506935e+02
5.501600e+03	9.479772e+00	4.883115e-03	3.090513e+02
6.326840e+03	8.838047e+00	4.287103e-03	3.824508e+02
7.275866e+03	8.219705e+00	3.774213e-03	4.749956e+02
8.367246e+03	7.626410e+00	3.377939e-03	5.919149e+02
9.622333e+03	7.058991e+00	3.007055e-03	7.398922e+02
