# Energy_MeV	dEdx_Elec_MeV_um	dEdx_Nucl_MeV_um	Range_um
1.000000e-05	6.076337e-03	3.939892e-02	3.291456e-03
1.150000e-05	6.516146e-03	4.361669e-02	3.529694e-03
1.322500e-05	6.987788e-03	4.826568e-02	3.785175e-03
1.520875e-05	7.493568e-03	5.340823e-02	4.059148e-03
1.749006e-05	8.035956e-03	5.898423e-02	4.352951e-03
2.011357e-05	8.617603e-03	6.518704e-02	4.668020e-03
2.313061e-05	9.241350e-03	7.195588e-02	5.005894e-03
2.660020e-05	9.910243e-03	7.927292e-02	5.368223e-03
3.059023e-05	1.062755e-02	8.720214e-02	5.756778e-03
3.517876e-05	1.139678e-02	9.606149e-02	6.173457e-03
4.045558e-05	1.222168e-02	1.058148e-01	6.620295e-03
4.652391e-05	1.310630e-02	1.164013e-01	7.099475e-03
5.350250e-05	1.405494e-02	1.277746e-01	7.613339e-03
6.152788e-05	1.507224e-02	1.400045e-01	8.164396e-03
7.075706e-05	1.616318e-02	1.536126e-01	8.755340e-03
8.137062e-05	1.733308e-02	1.684667e-01	9.389056e-03
9.357621e-05	1.858766e-02	1.844944e-01	1.006864e-02
1.076126e-04	1.993304e-02	2.017727e-01	1.079741e-02
1.237545e-04	2.137580e-02	2.206103e-01	1.157894e-02
1.423177e-04	2.292300e-02	2.406560e-01	1.241703e-02
1.636654e-04	2.458217e-02	2.619869e-01	1.331578e-02
1.882152e-04	2.636144e-02	2.851221e-01	1.427958e-02
2.164475e-04	2.826950e-02	3.100353e-01	1.531314e-02
2.489146e-04	3.031566e-02	3.370355e-01	1.642152e-02
2.862518e-04	3.250993e-02	3.643630e-01	1.761012e-02
3.291895e-04	3.486301e-02	3.938971e-01	1.888474e-02
3.785680e-04	3.738641e-02	4.271021e-01	2.025163e-02
4.353531e-04	4.009246e-02	4.613128e-01	2.171746e-02
5.006561e-04	4.299438e-02	4.977502e-01	2.328938e-02
5.757545e-04	4.610633e-02	5.343379e-01	2.497507e-02
6.621177e-04	4.944353e-02	5.732111e-01	2.678278e-02
7.614354e-04	5.302228e-02	6.165793e-01	2.872134e-02
8.756507e-04	5.686006e-02	6.606309e-01	3.080020e-02
1.006998e-03	6.097562e-02	7.066154e-01	3.302954e-02
1.158048e-03	6.538907e-02	7.538914e-01	3.542023e-02
1.331755e-03	7.012197e-02	8.024951e-01	3.798397e-02
1.531519e-03	7.519743e-02	8.528982e-01	4.073327e-02
1.761246e-03	8.064026e-02	9.030072e-01	4.368156e-02
2.025433e-03	8.647705e-02	9.556844e-01	4.684326e-02
2.329248e-03	9.273630e-02	1.008818e+00	5.023380e-02
2.678635e-03	9.944860e-02	1.059960e+00	5.386974e-02
3.080431e-03	1.066467e-01	1.110178e+00	5.776887e-02
3.542495e-03	1.143659e-01	1.163476e+00	6.195021e-02
4.073870e-03	1.226438e-01	1.217243e+00	6.643420e-02
4.684950e-03	1.315208e-01	1.269309e+00	7.124274e-02
5.387693e-03	1.410403e-01	1.317889e+00	7.639932e-02
6.195847e-03	1.512489e-01	1.363378e+00	8.192915e-02
7.125224e-03	1.621964e-01	1.410419e+00	8.785922e-02
8.194007e-03	1.739362e-01	1.456063e+00	9.421852e-02
9.423108e-03	1.865258e-01	1.498494e+00	1.010046e-01
1.083657e-02	2.000267e-01	1.537512e+00	1.083321e-01
1.246206e-02	2.145047e-01	1.574912e+00	1.161975e-01
1.433137e-02	2.300307e-01	1.607463e+00	1.246065e-01
1.648108e-02	2.466804e-01	1.635893e+00	1.336257e-01
1.895324e-02	2.645353e-01	1.662437e+00	1.432975e-01
2.179622e-02	2.836825e-01	1.686211e+00	1.536692e-01
2.506566e-02	3.042156e-01	1.707472e+00	1.647917e-01
2.882550e-02	3.262348e-01	1.722247e+00	1.767191e-01
3.314933e-02	3.498479e-01	1.734539e+00	1.895100e-01
3.812173e-02	3.751701e-01	1.746960e+00	2.032266e-01
4.383999e-02	4.023251e-01	1.754568e+00	2.179361e-01
5.041599e-02	4.314456e-01	1.758011e+00	2.337102e-01
5.797838e-02	4.626738e-01	1.756577e+00	2.506260e-01
6.667514e-02	4.961624e-01	1.751433e+00	2.687662e-01
7.667641e-02	5.320749e-01	1.744375e+00	2.882195e-01
8.817787e-02	5.705868e-01	1.732415e+00	3.090808e-01
1.014046e-01	6.118861e-01	1.715716e+00	3.314520e-01
1.166152e-01	6.561748e-01	1.694699e+00	3.554424e-01
1.341075e-01	7.036691e-01	1.669146e+00	3.811693e-01
1.542237e-01	7.546010e-01	1.639404e+00	4.087585e-01
1.773572e-01	8.092194e-01	1.605335e+00	4.383444e-01
2.039608e-01	8.677911e-01	1.566676e+00	4.700716e-01
2.345549e-01	9.306023e-01	1.524223e+00	5.040954e-01
2.697381e-01	9.979598e-01	1.479324e+00	5.405821e-01
3.101989e-01	1.070193e+00	1.431534e+00	5.797095e-01
3.567287e-01	1.147654e+00	1.378519e+00	6.216689e-01
4.102380e-01	1.230722e+00	1.322859e+00	6.666653e-01
4.717737e-01	1.319802e+00	1.265167e+00	7.149187e-01
5.425397e-01	1.415330e+00	1.207886e+00	7.666648e-01
6.239207e-01	1.517772e+00	1.150694e+00	8.221567e-01
7.175088e-01	1.627629e+00	1.089138e+00	8.816625e-01
8.251351e-01	1.745438e+00	1.027373e+00	9.454819e-01
9.489054e-01	1.868997e+00	9.661925e-01	1.013912e+00
1.091241e+00	1.983993e+00	9.065302e-01	1.087761e+00
1.254927e+00	2.104246e+00	8.466241e-01	1.167831e+00
1.443166e+00	2.229340e+00	7.897540e-01	1.254684e+00
1.659641e+00	2.358585e+00	7.366967e-01	1.349027e+00
1.908588e+00	2.490941e+00	6.835901e-01	1.451665e+00
2.194876e+00	1.322134e+00	6.322595e-01	1.563547e+00
2.524107e+00	1.439315e+00	5.822643e-01	1.685808e+00
2.902723e+00	1.585474e+00	5.394156e-01	1.819824e+00
3.338132e+00	1.736632e+00	4.981647e-01	1.967281e+00
3.838852e+00	1.905403e+00	4.546523e-01	2.130272e+00
4.414679e+00	2.089510e+00	4.205327e-01	2.311416e+00
5.076881e+00	2.287787e+00	3.927121e-01	2.514016e+00
5.838413e+00	2.508561e+00	3.616636e-01	2.742254e+00
6.714175e+00	2.741434e+00	3.260317e-01	2.714978e+00
7.721302e+00	2.997657e+00	2.880441e-01	2.647518e+00
8.879497e+00	3.274340e+00	2.574024e-01	2.591070e+00
1.021142e+01	3.565378e+00	2.321556e-01	2.547517e+00
1.174313e+01	3.890028e+00	2.091516e-01	2.518704e+00
1.350460e+01	4.255723e+00	1.887933e-01	2.506485e+00
1.553030e+01	4.661937e+00	1.699082e-01	2.512720e+00
1.785984e+01	5.111490e+00	1.534057e-01	2.539449e+00
2.053882e+01	5.584472e+00	1.376585e-01	2.588792e+00
2.361964e+01	6.103013e+00	1.232069e-01	2.662986e+00
2.716258e+01	6.621835e+00	1.112211e-01	2.764423e+00
3.123697e+01	7.172319e+00	1.005757e-01	2.895716e+00
3.592252e+01	7.760474e+00	8.978866e-02	3.059797e+00
4.131089e+01	8.294370e+00	7.986012e-02	3.260085e+00
4.750753e+01	8.845114e+00	7.107593e-02	3.500679e+00
5.463366e+01	9.327950e+00	6.371968e-02	3.786586e+00
6.282871e+01	9.784061e+00	5.732968e-02	4.124066e+00
7.225301e+01	1.023232e+01	5.091702e-02	4.520879e+00
8.309096e+01	1.057067e+01	4.512293e-02	4.986674e+00
9.555461e+01	1.088377e+01	4.001976e-02	5.533419e+00
1.098878e+02	1.107691e+01	3.558036e-02	6.175877e+00
1.263710e+02	1.126970e+01	3.149135e-02	6.932368e+00
1.453266e+02	1.147373e+01	2.793898e-02	7.825242e+00
1.671256e+02	1.153714e+01	2.498751e-02	8.882387e+00
1.921945e+02	1.248951e+01	2.219709e-02	1.013989e+01
2.210236e+02	1.221200e+01	1.969083e-02	1.166329e+01
2.541772e+02	1.184528e+01	1.741643e-02	1.349076e+01
2.923037e+02	1.146957e+01	1.560559e-02	1.569593e+01
3.361493e+02	1.105652e+01	1.397292e-02	1.836462e+01
3.865717e+02	1.067467e+01	1.225598e-02	2.157465e+01
4.445574e+02	1.022302e+01	1.080257e-02	2.543765e+01
5.112411e+02	9.758438e+00	9.556123e-03	3.012269e+01
5.879272e+02	9.292553e+00	8.524395e-03	3.583205e+01
6.761163e+02	8.830653e+00	7.609646e-03	4.282100e+01
7.775337e+02	8.386279e+00	6.661788e-03	5.141580e+01
8.941638e+02	7.939991e+00	5.860966e-03	6.203064e+01
1.028288e+03	7.488863e+00	5.168614e-03	7.519105e+01
1.182532e+03	7.035807e+00	4.550093e-03	9.157554e+01
1.359911e+03	6.583071e+00	4.023391e-03	1.120650e+02
1.563898e+03	6.139773e+00	3.551048e-03	1.377811e+02
1.798483e+03	5.719629e+00	3.148776e-03	1.701290e+02
2.068255e+03	5.312189e+00	2.774530e-03	2.108816e+02
2.378493e+03	4.915588e+00	2.437907e-03	2.623835e+02
2.735268e+03	4.533562e+00	2.168850e-03	3.276479e+02
3.145558e+03	4.169651e+00	1.934278e-03	4.105542e+02
3.617391e+03	3.825713e+00	1.697058e-03	5.160822e+02
4.160000e+03	3.502918e+00	1.485565e-03	6.506140e+02
4.784000e+03	3.200084e+00	1.302126e-03	8.223047e+02
5.501600e+03	2.917560e+00	1.152758e-03	1.041587e+03
6.326840e+03	2.657445e+00	1.024719e-03	1.321752e+03
7.275866e+03	2.419046e+00	8.960271e-04	1.679668e+03
8.367246e+03	2.200589e+00	7.831889e-04	2.136658e+03
9.622333e+03	2.002232e+00	6.848623e-04	2.719556e+03
