# Energy_MeV	dEdx_Elec_MeV_um	dEdx_Nucl_MeV_um	Range_um
1.000000e-05	2.392175e-03	4.151335e-02	6.488411e-03
1.150000e-05	2.581047e-03	4.519774e-02	6.958046e-03
1.322500e-05	2.783498e-03	4.925011e-02	7.461673e-03
1.520875e-05	3.000519e-03	5.350174e-02	8.001753e-03
1.749006e-05	3.233169e-03	5.813507e-02	8.580924e-03
2.011357e-05	3.482588e-03	6.286159e-02	9.202016e-03
2.313061e-05	3.749995e-03	6.816452e-02	9.868063e-03
2.660020e-05	4.036696e-03	7.375521e-02	1.058232e-02
3.059023e-05	4.344093e-03	7.958309e-02	1.134827e-02
3.517876e-05	4.673689e-03	8.601096e-02	1.216967e-02
4.045558e-05	5.027093e-03	9.225090e-02	1.305051e-02
4.652391e-05	5.406033e-03	9.933434e-02	1.399512e-02
5.350250e-05	5.812360e-03	1.066018e-01	1.500809e-02
6.152788e-05	6.248060e-03	1.141030e-01	1.609438e-02
7.075706e-05	6.715262e-03	1.223282e-01	1.725930e-02
8.137062e-05	7.216248e-03	1.304165e-01	1.850854e-02
9.357621e-05	7.753465e-03	1.390212e-01	1.984820e-02
1.076126e-04	8.329539e-03	1.476271e-01	2.128482e-02
1.237545e-04	8.947284e-03	1.564571e-01	2.282543e-02
1.423177e-04	9.609718e-03	1.657583e-01	2.447755e-02
1.636654e-04	1.032008e-02	1.748330e-01	2.624924e-02
1.882152e-04	1.108183e-02	1.838464e-01	2.814918e-02
2.164475e-04	1.189870e-02	1.928283e-01	3.018663e-02
2.489146e-04	1.277468e-02	2.024888e-01	3.237155e-02
2.862518e-04	1.371405e-02	2.112737e-01	3.471462e-02
3.291895e-04	1.472139e-02	2.207190e-01	3.722729e-02
3.785680e-04	1.580164e-02	2.290463e-01	3.992182e-02
4.353531e-04	1.696005e-02	2.373881e-01	4.281138e-02
5.006561e-04	1.820231e-02	2.460447e-01	4.591009e-02
5.757545e-04	1.953446e-02	2.534243e-01	4.923309e-02
6.621177e-04	2.096303e-02	2.612955e-01	5.279660e-02
7.614354e-04	2.249498e-02	2.681112e-01	5.661805e-02
8.756507e-04	2.413782e-02	2.747754e-01	6.071609e-02
1.006998e-03	2.589955e-02	2.806602e-01	6.511076e-02
1.158048e-03	2.778879e-02	2.858482e-01	6.982351e-02
1.331755e-03	2.981476e-02	2.908229e-01	7.487737e-02
1.531519e-03	3.198737e-02	2.948694e-01	8.029703e-02
1.761246e-03	3.431723e-02	2.986637e-01	8.610898e-02
2.025433e-03	3.681572e-02	3.014061e-01	9.234159e-02
2.329248e-03	3.949505e-02	3.041524e-01	9.902532e-02
2.678635e-03	4.236830e-02	3.061024e-01	1.061928e-01
3.080431e-03	4.544951e-02	3.073691e-01	1.138648e-01
3.542495e-03	4.875374e-02	3.083853e-01	1.221261e-01
4.073870e-03	5.229713e-02	3.081393e-01	1.309632e-01
4.684950e-03	5.609698e-02	3.077170e-01	1.404432e-01
5.387693e-03	6.017187e-02	3.064126e-01	1.506082e-01
6.195847e-03	6.454170e-02	3.043624e-01	1.615091e-01
7.125224e-03	6.922781e-02	3.017779e-01	1.731990e-01
8.194007e-03	7.425310e-02	2.981946e-01	1.857350e-01
9.423108e-03	7.964213e-02	2.939578e-01	1.991783e-01
1.083657e-02	8.542121e-02	2.889060e-01	2.135947e-01
1.246206e-02	9.161858e-02	2.830956e-01	2.290547e-01
1.433137e-02	9.826452e-02	2.765266e-01	2.456336e-01
1.648108e-02	1.053915e-01	2.692672e-01	2.634124e-01
1.895324e-02	1.130343e-01	2.615930e-01	2.824780e-01
2.179622e-02	1.212303e-01	2.532163e-01	3.029238e-01
2.506566e-02	1.300196e-01	2.439112e-01	3.248494e-01
2.882550e-02	1.394450e-01	2.346849e-01	3.483620e-01
3.314933e-02	1.495526e-01	2.244176e-01	3.735763e-01
3.812173e-02	1.603919e-01	2.147437e-01	4.006156e-01
4.383999e-02	1.720156e-01	2.044405e-01	4.296123e-01
5.041599e-02	1.844807e-01	1.934260e-01	4.607077e-01
5.797838e-02	1.978481e-01	1.833156e-01	4.940537e-01
6.667514e-02	2.121829e-01	1.721730e-01	5.298132e-01
7.667641e-02	2.275554e-01	1.619341e-01	5.681612e-01
8.817787e-02	2.440405e-01	1.513763e-01	6.092849e-01
1.014046e-01	2.617188e-01	1.413112e-01	6.533851e-01
1.166152e-01	2.806766e-01	1.318589e-01	7.006771e-01
1.341075e-01	3.010067e-01	1.221717e-01	7.513921e-01
1.542237e-01	3.228082e-01	1.134802e-01	8.057781e-01
1.773572e-01	3.461878e-01	1.047215e-01	8.641011e-01
2.039608e-01	3.712595e-01	9.712920e-02	9.266430e-01
2.345549e-01	3.981460e-01	8.901071e-02	9.937209e-01
2.697381e-01	4.269785e-01	8.206107e-02	1.065625e+00
3.101989e-01	4.578999e-01	7.624506e-02	1.143112e+00
3.567287e-01	4.910595e-01	7.010451e-02	1.227113e+00
4.102380e-01	5.266192e-01	6.462375e-02	1.318208e+00
4.717737e-01	5.647474e-01	5.845125e-02	1.378110e+00
5.425397e-01	6.056327e-01	5.245404e-02	1.420290e+00
6.239207e-01	6.494787e-01	4.721302e-02	1.469392e+00
7.175088e-01	7.038956e-01	4.200988e-02	1.524090e+00
8.251351e-01	7.743547e-01	3.797438e-02	1.577881e+00
9.489054e-01	8.487031e-01	3.414700e-02	1.630942e+00
1.091241e+00	9.311583e-01	3.084141e-02	1.683626e+00
1.254927e+00	1.018402e+00	2.779330e-02	1.736489e+00
1.443166e+00	1.110910e+00	2.490919e-02	1.790333e+00
1.659641e+00	1.209902e+00	2.240034e-02	1.846221e+00
1.908588e+00	1.307312e+00	2.020006e-02	1.905532e+00
2.194876e+00	1.411193e+00	1.818308e-02	1.969996e+00
2.524107e+00	1.510498e+00	1.616493e-02	2.041704e+00
2.902723e+00	1.600181e+00	1.458125e-02	2.123176e+00
3.338132e+00	1.685048e+00	1.289495e-02	2.217414e+00
3.838852e+00	1.771563e+00	1.162335e-02	2.327973e+00
4.414679e+00	1.857896e+00	1.038358e-02	2.459061e+00
5.076881e+00	1.925390e+00	9.179626e-03	2.615610e+00
5.838413e+00	1.979732e+00	8.257609e-03	2.803383e+00
6.714175e+00	2.028661e+00	7.265550e-03	3.029082e+00
7.721302e+00	2.053681e+00	6.489389e-03	3.300485e+00
8.879497e+00	2.076062e+00	5.740265e-03	3.626651e+00
1.021142e+01	2.089286e+00	5.095340e-03	4.018227e+00
1.174313e+01	2.090756e+00	4.547516e-03	4.487899e+00
1.350460e+01	2.085501e+00	4.017500e-03	5.051016e+00
1.553030e+01	2.065306e+00	3.593014e-03	5.726429e+00
1.785984e+01	2.038467e+00	3.182398e-03	6.537575e+00
2.053882e+01	2.002064e+00	2.854905e-03	7.513874e+00
2.361964e+01	1.956210e+00	2.516935e-03	8.692504e+00
2.716258e+01	1.902355e+00	2.237312e-03	1.012068e+01
3.123697e+01	1.842013e+00	1.985047e-03	1.185855e+01
3.592252e+01	1.773776e+00	1.742719e-03	1.398309e+01
4.131089e+01	1.696704e+00	1.563034e-03	1.659224e+01
4.750753e+01	1.616214e+00	1.372194e-03	1.981344e+01
5.463366e+01	1.521298e+00	1.217630e-03	2.380566e+01
6.282871e+01	1.416038e+00	1.077214e-03	2.883435e+01
7.225301e+01	1.308685e+00	9.419226e-04	3.515470e+01
8.309096e+01	1.203268e+00	8.331644e-04	4.311335e+01
9.555461e+01	1.102317e+00	7.334784e-04	5.319062e+01
1.098878e+02	1.015089e+00	6.497809e-04	6.590049e+01
1.263710e+02	9.296517e-01	5.743356e-04	8.189981e+01
1.453266e+02	8.482611e-01	5.054393e-04	1.021516e+02
1.671256e+02	7.718692e-01	4.462781e-04	1.278601e+02
1.921945e+02	7.006798e-01	3.966255e-04	1.605801e+02
2.210236e+02	6.346959e-01	3.512403e-04	2.023223e+02
2.541772e+02	5.737735e-01	3.068069e-04	2.556875e+02
2.923037e+02	5.175930e-01	2.733482e-04	3.240152e+02
3.361493e+02	4.659326e-01	2.373296e-04	4.116372e+02
3.865717e+02	4.183944e-01	2.116394e-04	5.241986e+02
4.445574e+02	3.753136e-01	1.862813e-04	6.689673e+02
5.112411e+02	3.367978e-01	1.621446e-04	8.551414e+02
5.879272e+02	3.022004e-01	1.442922e-04	1.094319e+03
6.761163e+02	2.709429e-01	1.248103e-04	1.401644e+03
7.775337e+02	2.427928e-01	1.102224e-04	1.796621e+03
8.941638e+02	2.175247e-01	9.610732e-05	2.304269e+03
1.028288e+03	1.948831e-01	8.419950e-05	2.956596e+03
1.182532e+03	1.746345e-01	7.419775e-05	3.794506e+03
1.359911e+03	1.565774e-01	6.453124e-05	4.870067e+03
1.563898e+03	1.404947e-01	5.709740e-05	6.249638e+03
1.798483e+03	1.261801e-01	0.000000e+00	8.017536e+03
2.068255e+03	1.134556e-01	0.000000e+00	1.028051e+04
2.378493e+03	1.021714e-01	0.000000e+00	1.317328e+04
2.735268e+03	9.216700e-02	0.000000e+00	1.686519e+04
3.145558e+03	8.329954e-02	0.000000e+00	2.156817e+04
3.617391e+03	7.545999e-02	0.000000e+00	2.754617e+04
4.160000e+03	6.854358e-02	0.000000e+00	3.512604e+04
4.784000e+03	6.244361e-02	0.000000e+00	4.470999e+04
5.501600e+03	5.707387e-02	0.000000e+00	5.678956e+04
6.326840e+03	5.236233e-02	0.000000e+00	7.196087e+04
7.275866e+03	4.823648e-02	0.000000e+00	9.094093e+04
8.367246e+03	4.463164e-02	0.000000e+00	1.145844e+05
9.622333e+03	4.149679e-02	0.000000e+00	1.439003e+05
