# Energy_MeV	dEdx_Elec_MeV_um	dEdx_Nucl_MeV_um	Range_um
1.000000e-05	5.266311e-03	4.277928e-02	3.797725e-03
1.150000e-05	5.647490e-03	4.721447e-02	4.072606e-03
1.322500e-05	6.056258e-03	5.209259e-02	4.367383e-03
1.520875e-05	6.494613e-03	5.731589e-02	4.683497e-03
1.749006e-05	6.964697e-03	6.309250e-02	5.022491e-03
2.011357e-05	7.468805e-03	6.952584e-02	5.386021e-03
2.313061e-05	8.009401e-03	7.652744e-02	5.775864e-03
2.660020e-05	8.589126e-03	8.405668e-02	6.193924e-03
3.059023e-05	9.210811e-03	9.214608e-02	6.642244e-03
3.517876e-05	9.877495e-03	1.010143e-01	7.123013e-03
4.045558e-05	1.059243e-02	1.108325e-01	7.638581e-03
4.652391e-05	1.135912e-02	1.214591e-01	8.191465e-03
5.350250e-05	1.218130e-02	1.328606e-01	8.784368e-03
6.152788e-05	1.306299e-02	1.452892e-01	9.420185e-03
7.075706e-05	1.400849e-02	1.584912e-01	1.010202e-02
8.137062e-05	1.502244e-02	1.727344e-01	1.083321e-02
9.357621e-05	1.610977e-02	1.880279e-01	1.161733e-02
1.076126e-04	1.727580e-02	2.044966e-01	1.245819e-02
1.237545e-04	1.852623e-02	2.223667e-01	1.335993e-02
1.423177e-04	1.986717e-02	2.405632e-01	1.432692e-02
1.636654e-04	2.130517e-02	2.602210e-01	1.536391e-02
1.882152e-04	2.284725e-02	2.820162e-01	1.647596e-02
2.164475e-04	2.450094e-02	3.046339e-01	1.766850e-02
2.489146e-04	2.627433e-02	3.290436e-01	1.894736e-02
2.862518e-04	2.817608e-02	3.535080e-01	2.031878e-02
3.291895e-04	3.021548e-02	3.795706e-01	2.178946e-02
3.785680e-04	3.240250e-02	4.082481e-01	2.336659e-02
4.353531e-04	3.474781e-02	4.373352e-01	2.505788e-02
5.006561e-04	3.726287e-02	4.684283e-01	2.687158e-02
5.757545e-04	3.995998e-02	4.997923e-01	2.881656e-02
6.621177e-04	4.285230e-02	5.328978e-01	3.090232e-02
7.614354e-04	4.595397e-02	5.669691e-01	3.313905e-02
8.756507e-04	4.928015e-02	6.001899e-01	3.553767e-02
1.006998e-03	5.284707e-02	6.357868e-01	3.810990e-02
1.158048e-03	5.667217e-02	6.710156e-01	4.086832e-02
1.331755e-03	6.077413e-02	7.068098e-01	4.382639e-02
1.531519e-03	6.517299e-02	7.410527e-01	4.699856e-02
1.761246e-03	6.989025e-02	7.760287e-01	5.040035e-02
2.025433e-03	7.494894e-02	8.126326e-01	5.404835e-02
2.329248e-03	8.037378e-02	8.485700e-01	5.796040e-02
2.678635e-03	8.619128e-02	8.820548e-01	6.215560e-02
3.080431e-03	9.242985e-02	9.137572e-01	6.665446e-02
3.542495e-03	9.911997e-02	9.445938e-01	7.147894e-02
4.073870e-03	5.315731e-02	9.760256e-01	7.665262e-02
4.684950e-03	5.703029e-02	1.005812e+00	8.220078e-02
5.387693e-03	6.118359e-02	1.032656e+00	8.815052e-02
6.195847e-03	6.563749e-02	1.058551e+00	9.453090e-02
7.125224e-03	7.041376e-02	1.080877e+00	1.013350e-01
8.194007e-03	7.553573e-02	1.101447e+00	1.086913e-01
9.423108e-03	8.102842e-02	1.119976e+00	1.165827e-01
1.083657e-02	8.691867e-02	1.136572e+00	1.250197e-01
1.246206e-02	9.323525e-02	1.151818e+00	1.340688e-01
1.433137e-02	1.000090e-01	1.162484e+00	1.437726e-01
1.648108e-02	1.072731e-01	1.171684e+00	1.541787e-01
1.895324e-02	1.150629e-01	1.180441e+00	1.653380e-01
2.179622e-02	1.234165e-01	1.185966e+00	1.773050e-01
2.506566e-02	1.323748e-01	1.189628e+00	1.901383e-01
2.882550e-02	1.419815e-01	1.189368e+00	2.039004e-01
3.314933e-02	1.522835e-01	1.186926e+00	2.186587e-01
3.812173e-02	1.633312e-01	1.182874e+00	2.344850e-01
4.383999e-02	1.751785e-01	1.175432e+00	2.514569e-01
5.041599e-02	1.878834e-01	1.165354e+00	2.696573e-01
5.797838e-02	2.015078e-01	1.151931e+00	2.891751e-01
6.667514e-02	2.161183e-01	1.135710e+00	3.101056e-01
7.667641e-02	2.317864e-01	1.116471e+00	3.325509e-01
8.817787e-02	2.485885e-01	1.094376e+00	3.566208e-01
1.014046e-01	2.666068e-01	1.069062e+00	3.824331e-01
1.166152e-01	2.859292e-01	1.041366e+00	4.101137e-01
1.341075e-01	3.066502e-01	1.011281e+00	4.397977e-01
1.542237e-01	3.288710e-01	9.794487e-01	4.716301e-01
1.773572e-01	3.527001e-01	9.449626e-01	5.057668e-01
2.039608e-01	3.782540e-01	9.077305e-01	5.423744e-01
2.345549e-01	4.056575e-01	8.688903e-01	5.816315e-01
2.697381e-01	4.350445e-01	8.300849e-01	6.237300e-01
3.101989e-01	4.665586e-01	7.910773e-01	6.688756e-01
3.567287e-01	5.003536e-01	7.509129e-01	7.172891e-01
4.102380e-01	5.365948e-01	7.090351e-01	7.692067e-01
4.717737e-01	5.754590e-01	6.671000e-01	8.248826e-01
5.425397e-01	6.171364e-01	6.266672e-01	8.845856e-01
6.239207e-01	6.618303e-01	5.857228e-01	9.486158e-01
7.175088e-01	7.097598e-01	5.475578e-01	1.017277e+00
8.251351e-01	7.611614e-01	5.104107e-01	1.091394e+00
9.489054e-01	8.162834e-01	4.741889e-01	1.171756e+00
1.091241e+00	8.753952e-01	4.392257e-01	1.258929e+00
1.254927e+00	9.387858e-01	4.043624e-01	1.353623e+00
1.443166e+00	1.006765e+00	3.751245e-01	1.456648e+00
1.659641e+00	1.079664e+00	3.463577e-01	1.568960e+00
1.908588e+00	1.176659e+00	3.160402e-01	1.691702e+00
2.194876e+00	1.296639e+00	2.926642e-01	1.826258e+00
2.524107e+00	1.421324e+00	2.720498e-01	1.974328e+00
2.902723e+00	1.560439e+00	2.516869e-01	2.138021e+00
3.338132e+00	1.712900e+00	2.285664e-01	2.132958e+00
3.838852e+00	1.878045e+00	2.019976e-01	2.124138e+00
4.414679e+00	2.062897e+00	1.812539e-01	2.115879e+00
5.076881e+00	2.263017e+00	1.623516e-01	2.109926e+00
5.838413e+00	2.487214e+00	1.468355e-01	2.108121e+00
6.714175e+00	2.736863e+00	1.321823e-01	2.112372e+00
7.721302e+00	3.003156e+00	1.186041e-01	2.124765e+00
8.879497e+00	3.301632e+00	1.075190e-01	2.147502e+00
1.021142e+01	3.632943e+00	9.633118e-02	2.182930e+00
1.174313e+01	3.988423e+00	8.667125e-02	2.233584e+00
1.350460e+01	4.369423e+00	7.784991e-02	2.302215e+00
1.553030e+01	4.742158e+00	7.024435e-02	2.391798e+00
1.785984e+01	5.136953e+00	6.315903e-02	2.505554e+00
2.053882e+01	5.500157e+00	5.622653e-02	2.646978e+00
2.361964e+01	5.864912e+00	4.992260e-02	2.819890e+00
2.716258e+01	6.238747e+00	4.471201e-02	3.028589e+00
3.123697e+01	6.543432e+00	4.010178e-02	3.278022e+00
3.592252e+01	6.847491e+00	3.588128e-02	3.574023e+00
4.131089e+01	7.097533e+00	3.182709e-02	3.923644e+00
4.750753e+01	7.320193e+00	2.815056e-02	4.335514e+00
5.463366e+01	7.532200e+00	2.505397e-02	4.820303e+00
6.282871e+01	7.668276e+00	2.214064e-02	5.391223e+00
7.225301e+01	7.783376e+00	1.973036e-02	6.064672e+00
8.309096e+01	7.829989e+00	1.757468e-02	6.860991e+00
9.555461e+01	7.868894e+00	1.562220e-02	7.805519e+00
1.098878e+02	7.904148e+00	1.388169e-02	8.929526e+00
1.263710e+02	7.864715e+00	1.223170e-02	1.027212e+01
1.453266e+02	8.166179e+00	1.098889e-02	1.188497e+01
1.671256e+02	7.872551e+00	9.821866e-03	1.385617e+01
1.921945e+02	7.532418e+00	8.620186e-03	1.624484e+01
2.210236e+02	7.189599e+00	7.641903e-03	1.915924e+01
2.541772e+02	6.840534e+00	6.714656e-03	2.272498e+01
2.923037e+02	6.519445e+00	6.009443e-03	2.706514e+01
3.361493e+02	6.169435e+00	5.354404e-03	3.235426e+01
3.865717e+02	5.818472e+00	4.690310e-03	3.884739e+01
4.445574e+02	5.472720e+00	4.146209e-03	4.685639e+01
5.112411e+02	5.135360e+00	3.635352e-03	5.677844e+01
5.879272e+02	4.810784e+00	3.219852e-03	6.912526e+01
6.761163e+02	4.492687e+00	2.837343e-03	8.455173e+01
7.775337e+02	4.179866e+00	2.493530e-03	1.038960e+02
8.941638e+02	3.873892e+00	2.219967e-03	1.282462e+02
1.028288e+03	3.576309e+00	1.951566e-03	1.590212e+02
1.182532e+03	3.291563e+00	1.725524e-03	1.980386e+02
1.359911e+03	3.026458e+00	1.526166e-03	2.475905e+02
1.563898e+03	2.775369e+00	1.357149e-03	3.105859e+02
1.798483e+03	2.537538e+00	1.201082e-03	3.908679e+02
2.068255e+03	2.313568e+00	1.052570e-03	4.933810e+02
2.378493e+03	2.104073e+00	9.194747e-04	6.244959e+02
2.735268e+03	1.909615e+00	8.128733e-04	7.923903e+02
3.145558e+03	1.730699e+00	7.197658e-04	1.007537e+03
3.617391e+03	1.566963e+00	6.349327e-04	1.283301e+03
4.160000e+03	1.417580e+00	5.555153e-04	1.636749e+03
4.784000e+03	1.281608e+00	4.841752e-04	2.089576e+03
5.501600e+03	1.158630e+00	4.253070e-04	2.669255e+03
6.326840e+03	1.048180e+00	3.702252e-04	3.410440e+03
7.275866e+03	9.491565e-01	3.256740e-04	4.356651e+03
8.367246e+03	8.606031e-01	2.866513e-04	5.562285e+03
9.622333e+03	7.817791e-01	2.513744e-04	7.094975e+03
