# Energy_MeV	dEdx_Elec_MeV_um	dEdx_Nucl_MeV_um	Range_um
1.000000e-05	6.036581e-03	4.449559e-02	3.313134e-03
1.150000e-05	6.473512e-03	4.912506e-02	3.552940e-03
1.322500e-05	6.942068e-03	5.427479e-02	3.810104e-03
1.520875e-05	7.444539e-03	5.967743e-02	4.085881e-03
1.749006e-05	7.983378e-03	6.569060e-02	4.381619e-03
2.011357e-05	8.561220e-03	7.244999e-02	4.698763e-03
2.313061e-05	9.180885e-03	7.966954e-02	5.038862e-03
2.660020e-05	9.845402e-03	8.769317e-02	5.403578e-03
3.059023e-05	1.055802e-02	9.604475e-02	5.794692e-03
3.517876e-05	1.132221e-02	1.052994e-01	6.214114e-03
4.045558e-05	1.214172e-02	1.156405e-01	6.663895e-03
4.652391e-05	1.302054e-02	1.266209e-01	7.146232e-03
5.350250e-05	1.396298e-02	1.387245e-01	7.663480e-03
6.152788e-05	1.497363e-02	1.515482e-01	8.218166e-03
7.075706e-05	1.605743e-02	1.654962e-01	8.813002e-03
8.137062e-05	1.721967e-02	1.805987e-01	9.450891e-03
9.357621e-05	1.846604e-02	1.964275e-01	1.013495e-02
1.076126e-04	1.980262e-02	2.138877e-01	1.086852e-02
1.237545e-04	2.123595e-02	2.323416e-01	1.165519e-02
1.423177e-04	2.277301e-02	2.518413e-01	1.249880e-02
1.636654e-04	2.442134e-02	2.725176e-01	1.340347e-02
1.882152e-04	2.618897e-02	2.949753e-01	1.437362e-02
2.164475e-04	2.808454e-02	3.189911e-01	1.541399e-02
2.489146e-04	3.011731e-02	3.447184e-01	1.652967e-02
2.862518e-04	3.229722e-02	3.708485e-01	1.772609e-02
3.291895e-04	3.463491e-02	3.984112e-01	1.900912e-02
3.785680e-04	3.714180e-02	4.279777e-01	2.038501e-02
4.353531e-04	3.983014e-02	4.590353e-01	2.186049e-02
5.006561e-04	4.271307e-02	4.919594e-01	2.344276e-02
5.757545e-04	4.580467e-02	5.253007e-01	2.513956e-02
6.621177e-04	4.912003e-02	5.609325e-01	2.695917e-02
7.614354e-04	5.267537e-02	5.962694e-01	2.891049e-02
8.756507e-04	5.648804e-02	6.322001e-01	3.100305e-02
1.006998e-03	6.057667e-02	6.697934e-01	3.324707e-02
1.158048e-03	6.496124e-02	7.075074e-01	3.565351e-02
1.331755e-03	6.966317e-02	7.472172e-01	3.823413e-02
1.531519e-03	7.470543e-02	7.828070e-01	4.100153e-02
1.761246e-03	8.011265e-02	8.201230e-01	4.396924e-02
2.025433e-03	8.591124e-02	8.600617e-01	4.715176e-02
2.329248e-03	9.212954e-02	8.975731e-01	5.056463e-02
2.678635e-03	9.879793e-02	9.356960e-01	5.422453e-02
3.080431e-03	1.059490e-01	9.687464e-01	5.814933e-02
3.542495e-03	1.136176e-01	1.002169e+00	6.235821e-02
4.073870e-03	1.218413e-01	1.036910e+00	6.687173e-02
4.684950e-03	1.306603e-01	1.068326e+00	7.171194e-02
5.387693e-03	1.401175e-01	1.098912e+00	7.690248e-02
6.195847e-03	1.502593e-01	1.125990e+00	8.246873e-02
7.125224e-03	1.611351e-01	1.151341e+00	8.842916e-02
8.194007e-03	1.727982e-01	1.174812e+00	9.484245e-02
9.423108e-03	1.853054e-01	1.194498e+00	1.017052e-01
1.083657e-02	1.987179e-01	1.213508e+00	1.090674e-01
1.246206e-02	2.131012e-01	1.229619e+00	1.169614e-01
1.433137e-02	2.285256e-01	1.242704e+00	1.254270e-01
1.648108e-02	2.450664e-01	1.253304e+00	1.345053e-01
1.895324e-02	2.628045e-01	1.262436e+00	1.442407e-01
2.179622e-02	2.818264e-01	1.269446e+00	1.546807e-01
2.506566e-02	3.022251e-01	1.274314e+00	1.658764e-01
2.882550e-02	3.241003e-01	1.275120e+00	1.778825e-01
3.314933e-02	3.475589e-01	1.273423e+00	1.907576e-01
3.812173e-02	3.727154e-01	1.269348e+00	2.045645e-01
4.383999e-02	3.996927e-01	1.262472e+00	2.193708e-01
5.041599e-02	4.286227e-01	1.252753e+00	2.352488e-01
5.797838e-02	4.596466e-01	1.239339e+00	2.522761e-01
6.667514e-02	4.929161e-01	1.223005e+00	2.705359e-01
7.667641e-02	5.285936e-01	1.203267e+00	2.901172e-01
8.817787e-02	5.668535e-01	1.180548e+00	3.111158e-01
1.014046e-01	6.078827e-01	1.154477e+00	3.336344e-01
1.166152e-01	6.518815e-01	1.125606e+00	3.577829e-01
1.341075e-01	6.990651e-01	1.093531e+00	3.836792e-01
1.542237e-01	7.496638e-01	1.060646e+00	4.114499e-01
1.773572e-01	8.039248e-01	1.024551e+00	4.412306e-01
2.039608e-01	8.621133e-01	9.847871e-01	4.731671e-01
2.345549e-01	9.245136e-01	9.443344e-01	5.074150e-01
2.697381e-01	9.914303e-01	9.016950e-01	5.441418e-01
3.101989e-01	1.063191e+00	8.610807e-01	5.835267e-01
3.567287e-01	1.140145e+00	8.184446e-01	6.257625e-01
4.102380e-01	1.222669e+00	7.730085e-01	6.710558e-01
4.717737e-01	1.311167e+00	7.288634e-01	7.196256e-01
5.425397e-01	1.406070e+00	6.842792e-01	7.717180e-01
6.239207e-01	1.507842e+00	6.415041e-01	8.275566e-01
7.175088e-01	1.601793e+00	5.995835e-01	8.877100e-01
8.251351e-01	1.699221e+00	5.583845e-01	9.529157e-01
9.489054e-01	1.800696e+00	5.201185e-01	1.023625e+00
1.091241e+00	9.641170e-01	4.815930e-01	1.100412e+00
1.254927e+00	1.033937e+00	4.449495e-01	1.183918e+00
1.443166e+00	1.108811e+00	4.117531e-01	1.274905e+00
1.659641e+00	1.201648e+00	3.803201e-01	1.374276e+00
1.908588e+00	1.324388e+00	3.489399e-01	1.483123e+00
2.194876e+00	1.454637e+00	3.217104e-01	1.602784e+00
2.524107e+00	1.599616e+00	2.978497e-01	1.734913e+00
2.902723e+00	1.755589e+00	2.766065e-01	1.881578e+00
3.338132e+00	1.927411e+00	2.527901e-01	1.885869e+00
3.838852e+00	2.116642e+00	2.254774e-01	1.867072e+00
4.414679e+00	2.320783e+00	2.014848e-01	1.850236e+00
5.076881e+00	2.549582e+00	1.798746e-01	1.836958e+00
5.838413e+00	2.798239e+00	1.626162e-01	1.828874e+00
6.714175e+00	3.071536e+00	1.459146e-01	1.827676e+00
7.721302e+00	3.374655e+00	1.316445e-01	1.835054e+00
8.879497e+00	3.712500e+00	1.190378e-01	1.852941e+00
1.021142e+01	4.088570e+00	1.069049e-01	1.883282e+00
1.174313e+01	4.485776e+00	9.619698e-02	1.928180e+00
1.350460e+01	4.899376e+00	8.588296e-02	1.989890e+00
1.553030e+01	5.345015e+00	7.782955e-02	2.070835e+00
1.785984e+01	5.752499e+00	7.008226e-02	2.173620e+00
2.053882e+01	6.186357e+00	6.230716e-02	2.301080e+00
2.361964e+01	6.614408e+00	5.553555e-02	2.456357e+00
2.716258e+01	7.007775e+00	4.941666e-02	2.643035e+00
3.123697e+01	7.404243e+00	4.449769e-02	2.865347e+00
3.592252e+01	7.711210e+00	3.987717e-02	3.128368e+00
4.131089e+01	8.019016e+00	3.531689e-02	3.438316e+00
4.750753e+01	8.290562e+00	3.133163e-02	3.802859e+00
5.463366e+01	8.508074e+00	2.777995e-02	4.231494e+00
6.282871e+01	8.708495e+00	2.468299e-02	4.735997e+00
7.225301e+01	8.797325e+00	2.194718e-02	5.330955e+00
8.309096e+01	8.887469e+00	1.946913e-02	6.034476e+00
9.555461e+01	8.973933e+00	1.736366e-02	6.868818e+00
1.098878e+02	8.991346e+00	1.540461e-02	7.862419e+00
1.263710e+02	9.359383e+00	1.364246e-02	9.048394e+00
1.453266e+02	9.070661e+00	1.219221e-02	1.049077e+01
1.671256e+02	8.723579e+00	1.089044e-02	1.223859e+01
1.921945e+02	8.368056e+00	9.641772e-03	1.435674e+01
2.210236e+02	7.981935e+00	8.529427e-03	1.694221e+01
2.541772e+02	7.648182e+00	7.489842e-03	2.008292e+01
2.923037e+02	7.270724e+00	6.680483e-03	2.388984e+01
3.361493e+02	6.885081e+00	5.942906e-03	2.854148e+01
3.865717e+02	6.502641e+00	5.243667e-03	3.425266e+01
4.445574e+02	6.125997e+00	4.631918e-03	4.129703e+01
5.112411e+02	5.763760e+00	4.059206e-03	5.002445e+01
5.879272e+02	5.407757e+00	3.593326e-03	6.088389e+01
6.761163e+02	5.055189e+00	3.151427e-03	7.444654e+01
7.775337e+02	4.707967e+00	2.783167e-03	9.145122e+01
8.941638e+02	4.365272e+00	2.472839e-03	1.128609e+02
1.028288e+03	4.035488e+00	2.178356e-03	1.399140e+02
1.182532e+03	3.724420e+00	1.927119e-03	1.741737e+02
1.359911e+03	3.429590e+00	1.691269e-03	2.176099e+02
1.563898e+03	3.148241e+00	1.509978e-03	2.728115e+02
1.798483e+03	2.880934e+00	1.339769e-03	3.431324e+02
2.068255e+03	2.629238e+00	1.172091e-03	4.328897e+02
2.378493e+03	2.394025e+00	1.027093e-03	5.476291e+02
2.735268e+03	2.176064e+00	9.018685e-04	6.944637e+02
3.145558e+03	1.975168e+00	8.013128e-04	8.824775e+02
3.617391e+03	1.790619e+00	7.089477e-04	1.123280e+03
4.160000e+03	1.621953e+00	6.191712e-04	1.431657e+03
4.784000e+03	1.468651e+00	5.407759e-04	1.826357e+03
5.501600e+03	1.330147e+00	4.735332e-04	2.331069e+03
6.326840e+03	1.205489e+00	4.144757e-04	2.975586e+03
7.275866e+03	1.093768e+00	3.639548e-04	3.797202e+03
8.367246e+03	9.939774e-01	3.187985e-04	4.842358e+03
9.622333e+03	9.050423e-01	2.804190e-04	6.168552e+03
