# Energy_MeV	dEdx_Elec_MeV_um	dEdx_Nucl_MeV_um	Range_um
1.000000e-05	6.266224e-03	3.265874e-02	3.191715e-03
1.150000e-05	6.719777e-03	3.624655e-02	3.422733e-03
1.322500e-05	7.206158e-03	4.016573e-02	3.670472e-03
1.520875e-05	7.727744e-03	4.462548e-02	3.936143e-03
1.749006e-05	8.287082e-03	4.952523e-02	4.221043e-03
2.011357e-05	8.886905e-03	5.488626e-02	4.526564e-03
2.313061e-05	9.530144e-03	6.080550e-02	4.854199e-03
2.660020e-05	1.021994e-02	6.731695e-02	5.205549e-03
3.059023e-05	1.095967e-02	7.448209e-02	5.582329e-03
3.517876e-05	1.175293e-02	8.227187e-02	5.986381e-03
4.045558e-05	1.260362e-02	9.088617e-02	6.419678e-03
4.652391e-05	1.351587e-02	1.003785e-01	6.884338e-03
5.350250e-05	1.449416e-02	1.107388e-01	7.382630e-03
6.152788e-05	1.554325e-02	1.217556e-01	7.916989e-03
7.075706e-05	1.666828e-02	1.339944e-01	8.490024e-03
8.137062e-05	1.787474e-02	1.478060e-01	9.104537e-03
9.357621e-05	1.916852e-02	1.625189e-01	9.763528e-03
1.076126e-04	2.055595e-02	1.786528e-01	1.047022e-02
1.237545e-04	2.204380e-02	1.956631e-01	1.122806e-02
1.423177e-04	2.363934e-02	2.144598e-01	1.204075e-02
1.636654e-04	2.535037e-02	2.355565e-01	1.291227e-02
1.882152e-04	2.718525e-02	2.578455e-01	1.384686e-02
2.164475e-04	2.915293e-02	2.822322e-01	1.484911e-02
2.489146e-04	3.126303e-02	3.083958e-01	1.592389e-02
2.862518e-04	3.352587e-02	3.366097e-01	1.707647e-02
3.291895e-04	3.595249e-02	3.668255e-01	1.831248e-02
3.785680e-04	3.855475e-02	3.989502e-01	1.963794e-02
4.353531e-04	4.134536e-02	4.342265e-01	2.105935e-02
5.006561e-04	4.433796e-02	4.717527e-01	2.258363e-02
5.757545e-04	4.754716e-02	5.108305e-01	2.421825e-02
6.621177e-04	5.098865e-02	5.518450e-01	2.597118e-02
7.614354e-04	5.467924e-02	5.981615e-01	2.785099e-02
8.756507e-04	5.863695e-02	6.469211e-01	2.986686e-02
1.006998e-03	6.288113e-02	6.977081e-01	3.202863e-02
1.158048e-03	6.743249e-02	7.503850e-01	3.434688e-02
1.331755e-03	7.231329e-02	8.044387e-01	3.683293e-02
1.531519e-03	7.754737e-02	8.653410e-01	3.949892e-02
1.761246e-03	8.316029e-02	9.281539e-01	4.235787e-02
2.025433e-03	8.917947e-02	9.925466e-01	4.542375e-02
2.329248e-03	9.563433e-02	1.059911e+00	4.871155e-02
2.678635e-03	1.025564e-01	1.129475e+00	5.223732e-02
3.080431e-03	1.099795e-01	1.200917e+00	5.601828e-02
3.542495e-03	1.179399e-01	1.271873e+00	6.007291e-02
4.073870e-03	1.264764e-01	1.345868e+00	6.442102e-02
4.684950e-03	1.356308e-01	1.421773e+00	6.908385e-02
5.387693e-03	1.454479e-01	1.497104e+00	7.408418e-02
6.195847e-03	1.559755e-01	1.567538e+00	7.944643e-02
7.125224e-03	1.672650e-01	1.641101e+00	8.519680e-02
8.194007e-03	1.793718e-01	1.720701e+00	9.136339e-02
9.423108e-03	1.923548e-01	1.793947e+00	9.797632e-02
1.083657e-02	2.062775e-01	1.866251e+00	1.050679e-01
1.246206e-02	2.212080e-01	1.930437e+00	1.126728e-01
1.433137e-02	2.372192e-01	1.995317e+00	1.207845e-01
1.648108e-02	2.543892e-01	2.063965e+00	1.295507e-01
1.895324e-02	2.728020e-01	2.123941e+00	1.389566e-01
2.179622e-02	2.925476e-01	2.181573e+00	1.490128e-01
2.506566e-02	3.137224e-01	2.234206e+00	1.597985e-01
2.882550e-02	3.364297e-01	2.282211e+00	1.713647e-01
3.314933e-02	3.607807e-01	2.324887e+00	1.837679e-01
3.812173e-02	3.868942e-01	2.362229e+00	1.970689e-01
4.383999e-02	4.148978e-01	2.398144e+00	2.113325e-01
5.041599e-02	4.449283e-01	2.428601e+00	2.266286e-01
5.797838e-02	4.771325e-01	2.451858e+00	2.430319e-01
6.667514e-02	5.116676e-01	2.469311e+00	2.606225e-01
7.667641e-02	5.487024e-01	2.487670e+00	2.794862e-01
8.817787e-02	5.884177e-01	2.500375e+00	2.997152e-01
1.014046e-01	6.310077e-01	2.506022e+00	3.214085e-01
1.166152e-01	6.766804e-01	2.505919e+00	3.446721e-01
1.341075e-01	7.256589e-01	2.499145e+00	3.696194e-01
1.542237e-01	7.781824e-01	2.490297e+00	3.963723e-01
1.773572e-01	8.345077e-01	2.474962e+00	4.250616e-01
2.039608e-01	8.949098e-01	2.452226e+00	4.558277e-01
2.345549e-01	9.596839e-01	2.423707e+00	4.888205e-01
2.697381e-01	1.029146e+00	2.388667e+00	5.242013e-01
3.101989e-01	1.103636e+00	2.347505e+00	5.621429e-01
3.567287e-01	1.183518e+00	2.300329e+00	6.028309e-01
4.102380e-01	1.269182e+00	2.246474e+00	6.464640e-01
4.717737e-01	1.361046e+00	2.187170e+00	6.932552e-01
5.425397e-01	1.459559e+00	2.123067e+00	7.434330e-01
6.239207e-01	1.565203e+00	2.056542e+00	7.972426e-01
7.175088e-01	1.678493e+00	1.983326e+00	8.549474e-01
8.251351e-01	1.799983e+00	1.902888e+00	9.168288e-01
9.489054e-01	1.930267e+00	1.822319e+00	9.831897e-01
1.091241e+00	2.069981e+00	1.738655e+00	1.054351e+00
1.254927e+00	2.219807e+00	1.658493e+00	1.130670e+00
1.443166e+00	2.376506e+00	1.573546e+00	1.212506e+00
1.659641e+00	2.522693e+00	1.482589e+00	1.300836e+00
1.908588e+00	2.675548e+00	1.396729e+00	1.396609e+00
2.194876e+00	2.834538e+00	1.309946e+00	1.500498e+00
2.524107e+00	2.998781e+00	1.225606e+00	1.613349e+00
2.902723e+00	3.166945e+00	1.143758e+00	1.736125e+00
3.338132e+00	3.337128e+00	1.065833e+00	1.869965e+00
3.838852e+00	3.506740e+00	9.915766e-01	2.016229e+00
4.414679e+00	1.897565e+00	9.162184e-01	2.176566e+00
5.076881e+00	2.078432e+00	8.448074e-01	2.352999e+00
5.838413e+00	2.280603e+00	7.815778e-01	2.548035e+00
6.714175e+00	2.502425e+00	7.238242e-01	2.764818e+00
7.721302e+00	2.742026e+00	6.596694e-01	3.007308e+00
8.879497e+00	3.009413e+00	6.076271e-01	3.280525e+00
1.021142e+01	3.293523e+00	5.689304e-01	3.590838e+00
1.174313e+01	3.605039e+00	5.260935e-01	3.946342e+00
1.350460e+01	3.941470e+00	4.768516e-01	4.334399e+00
1.553030e+01	4.276630e+00	4.202234e-01	4.121192e+00
1.785984e+01	4.644421e+00	3.743101e-01	3.948426e+00
2.053882e+01	5.052796e+00	3.382526e-01	3.814981e+00
2.361964e+01	5.493426e+00	3.048518e-01	3.720067e+00
2.716258e+01	5.967226e+00	2.748233e-01	3.663250e+00
3.123697e+01	6.479169e+00	2.469871e-01	3.644457e+00
3.592252e+01	7.050086e+00	2.234562e-01	3.663956e+00
4.131089e+01	7.656552e+00	2.007060e-01	3.722232e+00
4.750753e+01	8.320040e+00	1.797205e-01	3.820448e+00
5.463366e+01	9.052479e+00	1.615726e-01	3.960033e+00
6.282871e+01	9.781897e+00	1.464880e-01	4.143093e+00
7.225301e+01	1.056023e+01	1.316230e-01	4.372559e+00
8.309096e+01	1.130470e+01	1.163971e-01	4.652417e+00
9.555461e+01	1.203091e+01	1.039096e-01	4.987954e+00
1.098878e+02	1.277369e+01	9.266806e-02	5.386030e+00
1.263710e+02	1.337642e+01	8.357024e-02	5.855348e+00
1.453266e+02	1.395625e+01	7.473865e-02	6.406875e+00
1.671256e+02	1.437960e+01	6.582093e-02	7.054203e+00
1.921945e+02	1.481614e+01	5.856890e-02	7.814166e+00
2.210236e+02	1.528715e+01	5.193035e-02	8.707224e+00
2.541772e+02	1.554234e+01	4.606248e-02	9.758707e+00
2.923037e+02	1.751395e+01	4.089630e-02	1.100204e+01
3.361493e+02	1.734574e+01	3.643789e-02	1.249974e+01
3.865717e+02	1.703342e+01	3.252012e-02	1.428172e+01
4.445574e+02	1.669927e+01	2.875899e-02	1.641485e+01
5.112411e+02	1.628586e+01	2.543897e-02	1.897327e+01
5.879272e+02	1.589080e+01	2.274864e-02	2.201950e+01
6.761163e+02	1.536621e+01	2.045808e-02	2.564785e+01
7.775337e+02	1.481126e+01	1.791646e-02	3.000361e+01
8.941638e+02	1.424463e+01	1.577281e-02	3.525745e+01
1.028288e+03	1.367641e+01	1.396142e-02	4.162256e+01
1.182532e+03	1.313404e+01	1.242183e-02	4.936941e+01
1.359911e+03	1.257613e+01	1.114906e-02	5.883808e+01
1.563898e+03	1.199662e+01	9.727836e-03	7.045632e+01
1.798483e+03	1.139981e+01	8.562179e-03	8.477305e+01
2.068255e+03	1.078916e+01	7.557458e-03	1.024968e+02
2.378493e+03	1.017890e+01	6.657814e-03	1.245217e+02
2.735268e+03	9.593611e+00	5.880026e-03	1.519566e+02
3.145558e+03	9.013030e+00	5.172174e-03	1.861920e+02
3.617391e+03	8.434361e+00	4.603490e-03	2.290663e+02
4.160000e+03	7.865822e+00	4.054400e-03	2.829308e+02
4.784000e+03	7.314516e+00	3.569173e-03	3.508036e+02
5.501600e+03	6.782740e+00	3.158747e-03	4.365480e+02
6.326840e+03	6.273131e+00	2.825678e-03	5.451056e+02
7.275866e+03	5.788139e+00	2.498923e-03	6.827841e+02
8.367246e+03	5.329412e+00	2.171586e-03	8.576527e+02
9.622333e+03	4.898209e+00	1.910489e-03	1.079994e+03
