# Energy_MeV	dEdx_Elec_MeV_um	dEdx_Nucl_MeV_um	Range_um
1.000000e-05	6.972963e-03	3.542349e-02	2.868221e-03
1.150000e-05	7.477669e-03	3.926323e-02	3.075825e-03
1.322500e-05	8.018907e-03	4.357784e-02	3.298455e-03
1.520875e-05	8.599320e-03	4.839577e-02	3.537198e-03
1.749006e-05	9.221743e-03	5.364736e-02	3.793223e-03
2.011357e-05	9.889218e-03	5.944959e-02	4.067778e-03
2.313061e-05	1.060500e-02	6.583289e-02	4.362206e-03
2.660020e-05	1.137260e-02	7.284016e-02	4.677945e-03
3.059023e-05	1.219576e-02	8.049963e-02	5.016537e-03
3.517876e-05	1.307849e-02	8.891350e-02	5.379637e-03
4.045558e-05	1.402512e-02	9.822708e-02	5.769018e-03
4.652391e-05	1.504026e-02	1.084498e-01	6.186582e-03
5.350250e-05	1.612889e-02	1.193311e-01	6.634370e-03
6.152788e-05	1.729630e-02	1.312250e-01	7.114569e-03
7.075706e-05	1.854822e-02	1.448103e-01	7.629526e-03
8.137062e-05	1.989075e-02	1.593238e-01	8.181755e-03
9.357621e-05	2.133045e-02	1.751767e-01	8.773955e-03
1.076126e-04	2.287436e-02	1.920271e-01	9.409018e-03
1.237545e-04	2.453002e-02	2.102837e-01	1.009005e-02
1.423177e-04	2.630552e-02	2.311362e-01	1.082037e-02
1.636654e-04	2.820952e-02	2.531164e-01	1.160355e-02
1.882152e-04	3.025134e-02	2.770849e-01	1.244343e-02
2.164475e-04	3.244095e-02	3.028515e-01	1.334409e-02
2.489146e-04	3.478904e-02	3.306082e-01	1.430994e-02
2.862518e-04	3.730709e-02	3.607218e-01	1.534570e-02
3.291895e-04	4.000740e-02	3.923011e-01	1.645643e-02
3.785680e-04	4.290316e-02	4.271304e-01	1.764756e-02
4.353531e-04	4.600851e-02	4.641009e-01	1.892490e-02
5.006561e-04	4.933863e-02	5.030369e-01	2.029469e-02
5.757545e-04	5.290979e-02	5.436376e-01	2.176363e-02
6.621177e-04	5.673943e-02	5.884729e-01	2.333889e-02
7.614354e-04	6.084626e-02	6.371943e-01	2.502818e-02
8.756507e-04	6.525034e-02	6.876314e-01	2.683973e-02
1.006998e-03	6.997319e-02	7.404665e-01	2.878240e-02
1.158048e-03	7.503789e-02	7.943381e-01	3.086569e-02
1.331755e-03	8.046917e-02	8.532981e-01	3.309976e-02
1.531519e-03	8.629358e-02	9.164520e-01	3.549554e-02
1.761246e-03	9.253955e-02	9.807096e-01	3.806473e-02
2.025433e-03	9.923761e-02	1.047951e+00	4.081987e-02
2.329248e-03	1.064205e-01	1.117846e+00	4.377443e-02
2.678635e-03	1.141233e-01	1.189013e+00	4.694285e-02
3.080431e-03	1.223836e-01	1.260518e+00	5.034060e-02
3.542495e-03	1.312417e-01	1.333972e+00	5.398428e-02
4.073870e-03	1.407411e-01	1.410331e+00	5.789169e-02
4.684950e-03	1.509280e-01	1.487901e+00	6.208192e-02
5.387693e-03	1.618523e-01	1.559994e+00	6.657544e-02
6.195847e-03	1.735672e-01	1.631881e+00	7.139421e-02
7.125224e-03	1.861301e-01	1.713103e+00	7.656176e-02
8.194007e-03	1.996023e-01	1.787940e+00	8.210334e-02
9.423108e-03	2.140496e-01	1.861940e+00	8.804602e-02
1.083657e-02	2.295426e-01	1.928734e+00	9.441884e-02
1.246206e-02	2.461570e-01	1.992041e+00	1.012019e-01
1.433137e-02	2.639740e-01	2.062898e+00	1.085658e-01
1.648108e-02	2.830806e-01	2.125077e+00	1.164439e-01
1.895324e-02	3.035701e-01	2.184430e+00	1.248718e-01
2.179622e-02	3.255427e-01	2.238306e+00	1.339098e-01
2.506566e-02	3.491056e-01	2.287622e+00	1.436022e-01
2.882550e-02	3.743741e-01	2.333454e+00	1.539959e-01
3.314933e-02	4.014715e-01	2.371876e+00	1.651420e-01
3.812173e-02	4.305302e-01	2.409418e+00	1.770948e-01
4.383999e-02	4.616922e-01	2.441243e+00	1.899129e-01
5.041599e-02	4.951097e-01	2.466690e+00	2.036587e-01
5.797838e-02	5.309460e-01	2.485854e+00	2.183994e-01
6.667514e-02	5.693762e-01	2.503719e+00	2.342070e-01
7.667641e-02	6.105879e-01	2.518805e+00	2.511588e-01
8.817787e-02	6.547826e-01	2.526566e+00	2.693377e-01
1.014046e-01	7.021761e-01	2.528517e+00	2.888323e-01
1.166152e-01	7.530000e-01	2.523651e+00	3.097379e-01
1.341075e-01	8.075026e-01	2.515164e+00	3.321566e-01
1.542237e-01	8.659500e-01	2.501992e+00	3.561981e-01
1.773572e-01	9.286279e-01	2.481330e+00	3.819798e-01
2.039608e-01	9.958425e-01	2.454460e+00	4.096275e-01
2.345549e-01	1.067922e+00	2.421232e+00	4.392762e-01
2.697381e-01	1.145219e+00	2.381612e+00	4.710710e-01
3.101989e-01	1.228110e+00	2.335896e+00	5.051673e-01
3.567287e-01	1.317002e+00	2.283732e+00	5.417314e-01
4.102380e-01	1.412327e+00	2.225551e+00	5.809419e-01
4.717737e-01	1.514552e+00	2.161519e+00	6.229905e-01
5.425397e-01	1.624176e+00	2.095473e+00	6.680827e-01
6.239207e-01	1.741735e+00	2.024497e+00	7.164389e-01
7.175088e-01	1.867802e+00	1.943911e+00	7.682948e-01
8.251351e-01	2.002995e+00	1.863381e+00	8.239045e-01
9.489054e-01	2.147973e+00	1.778458e+00	8.835378e-01
1.091241e+00	2.303444e+00	1.697454e+00	9.474865e-01
1.254927e+00	2.462261e+00	1.614864e+00	1.016095e+00
1.443166e+00	2.613404e+00	1.522428e+00	1.090238e+00
1.659641e+00	2.771327e+00	1.435249e+00	1.170630e+00
1.908588e+00	2.935431e+00	1.347182e+00	1.257856e+00
2.194876e+00	3.104748e+00	1.262261e+00	1.352626e+00
2.524107e+00	3.277828e+00	1.179530e+00	1.455759e+00
2.902723e+00	3.452616e+00	1.098229e+00	1.568226e+00
3.338132e+00	3.626332e+00	1.023286e+00	1.691187e+00
3.838852e+00	1.900679e+00	9.464365e-01	1.826053e+00
4.414679e+00	2.086130e+00	8.740388e-01	1.974554e+00
5.076881e+00	2.291390e+00	8.079900e-01	2.138844e+00
5.838413e+00	2.519654e+00	7.483873e-01	2.321622e+00
6.714175e+00	2.764269e+00	6.862336e-01	2.526295e+00
7.721302e+00	3.037759e+00	6.290228e-01	2.757179e+00
8.879497e+00	3.333839e+00	5.861549e-01	3.019755e+00
1.021142e+01	3.654168e+00	5.445875e-01	3.320987e+00
1.174313e+01	4.007105e+00	4.969875e-01	3.669736e+00
1.350460e+01	4.350280e+00	4.422475e-01	3.549218e+00
1.553030e+01	4.735471e+00	3.918773e-01	3.388680e+00
1.785984e+01	5.165547e+00	3.527317e-01	3.264415e+00
2.053882e+01	5.618678e+00	3.180444e-01	3.175114e+00
2.361964e+01	6.114916e+00	2.859382e-01	3.119872e+00
2.716258e+01	6.644611e+00	2.575242e-01	3.098173e+00
3.123697e+01	7.234137e+00	2.328448e-01	3.109854e+00
3.592252e+01	7.872927e+00	2.097924e-01	3.155011e+00
4.131089e+01	8.565061e+00	1.879449e-01	3.234318e+00
4.750753e+01	9.335495e+00	1.679391e-01	3.348766e+00
5.463366e+01	1.010485e+01	1.521097e-01	3.499942e+00
6.282871e+01	1.091392e+01	1.375750e-01	3.690169e+00
7.225301e+01	1.172473e+01	1.216430e-01	3.922684e+00
8.309096e+01	1.248767e+01	1.084479e-01	4.201837e+00
9.555461e+01	1.327837e+01	9.653393e-02	4.533306e+00
1.098878e+02	1.394048e+01	8.689873e-02	4.924327e+00
1.263710e+02	1.454163e+01	7.824489e-02	5.384006e+00
1.453266e+02	1.503280e+01	6.889038e-02	5.923650e+00
1.671256e+02	1.553090e+01	6.119913e-02	6.557240e+00
1.921945e+02	1.603895e+01	5.427759e-02	7.301918e+00
2.210236e+02	1.636398e+01	4.821739e-02	8.177959e+00
2.541772e+02	1.812438e+01	4.286560e-02	9.216734e+00
2.923037e+02	1.795447e+01	3.803792e-02	1.046746e+01
3.361493e+02	1.765358e+01	3.399781e-02	1.195183e+01
3.865717e+02	1.730744e+01	3.009182e-02	1.373087e+01
4.445574e+02	1.691049e+01	2.665754e-02	1.586043e+01
5.112411e+02	1.649732e+01	2.377786e-02	1.839050e+01
5.879272e+02	1.595666e+01	2.135930e-02	2.140521e+01
6.761163e+02	1.539139e+01	1.889626e-02	2.502279e+01
7.775337e+02	1.481385e+01	1.658159e-02	2.938460e+01
8.941638e+02	1.424034e+01	1.466388e-02	3.466652e+01
1.028288e+03	1.368768e+01	1.300948e-02	4.109225e+01
1.182532e+03	1.311533e+01	1.165079e-02	4.894166e+01
1.359911e+03	1.251901e+01	1.027320e-02	5.856784e+01
1.563898e+03	1.190263e+01	9.000477e-03	7.042445e+01
1.798483e+03	1.127447e+01	7.945592e-03	8.509548e+01
2.068255e+03	1.064497e+01	7.000392e-03	1.033142e+02
2.378493e+03	1.004452e+01	6.153816e-03	1.259879e+02
2.735268e+03	9.443405e+00	5.429679e-03	1.542625e+02
3.145558e+03	8.843670e+00	4.822407e-03	1.896527e+02
3.617391e+03	8.254755e+00	4.266634e-03	2.340893e+02
4.160000e+03	7.682621e+00	3.753352e-03	2.900497e+02
4.784000e+03	7.129771e+00	3.298368e-03	3.607041e+02
5.501600e+03	6.599744e+00	2.946291e-03	4.501035e+02
6.326840e+03	6.094930e+00	2.626335e-03	5.634195e+02
7.275866e+03	5.616957e+00	2.281661e-03	7.072650e+02
8.367246e+03	5.166909e+00	2.003035e-03	8.900614e+02
9.622333e+03	4.746359e+00	1.757832e-03	1.122503e+03
