# Energy_MeV	dEdx_Elec_MeV_um	dEdx_Nucl_MeV_um	Range_um
1.000000e-05	6.168225e-03	3.704955e-02	3.242424e-03
1.150000e-05	6.614684e-03	4.108019e-02	3.477112e-03
1.322500e-05	7.093458e-03	4.554208e-02	3.728788e-03
1.520875e-05	7.606886e-03	5.042681e-02	3.998679e-03
1.749006e-05	8.157477e-03	5.579255e-02	4.288106e-03
2.011357e-05	8.747919e-03	6.172134e-02	4.598481e-03
2.313061e-05	9.381099e-03	6.816002e-02	4.931322e-03
2.660020e-05	1.006011e-02	7.532741e-02	5.288253e-03
3.059023e-05	1.078826e-02	8.315648e-02	5.671020e-03
3.517876e-05	1.156912e-02	9.158914e-02	6.081491e-03
4.045558e-05	1.240650e-02	1.007297e-01	6.521673e-03
4.652391e-05	1.330449e-02	1.110021e-01	6.993715e-03
5.350250e-05	1.426748e-02	1.222658e-01	7.499924e-03
6.152788e-05	1.530017e-02	1.344629e-01	8.042772e-03
7.075706e-05	1.640760e-02	1.475747e-01	8.624913e-03
8.137062e-05	1.759519e-02	1.616541e-01	9.249188e-03
9.357621e-05	1.886874e-02	1.774286e-01	9.918649e-03
1.076126e-04	2.023447e-02	1.945738e-01	1.063657e-02
1.237545e-04	2.169905e-02	2.130188e-01	1.140645e-02
1.423177e-04	2.326964e-02	2.329603e-01	1.223205e-02
1.636654e-04	2.495391e-02	2.546629e-01	1.311741e-02
1.882152e-04	2.676009e-02	2.778262e-01	1.406686e-02
2.164475e-04	2.869699e-02	3.023333e-01	1.508503e-02
2.489146e-04	3.077410e-02	3.290006e-01	1.617689e-02
2.862518e-04	3.300154e-02	3.577483e-01	1.734778e-02
3.291895e-04	3.539021e-02	3.886774e-01	1.860342e-02
3.785680e-04	3.795178e-02	4.202313e-01	1.994995e-02
4.353531e-04	4.069875e-02	4.542125e-01	2.139393e-02
5.006561e-04	4.364454e-02	4.924397e-01	2.294244e-02
5.757545e-04	4.680356e-02	5.317660e-01	2.460302e-02
6.621177e-04	5.019122e-02	5.735213e-01	2.638380e-02
7.614354e-04	5.382409e-02	6.157034e-01	2.829348e-02
8.756507e-04	5.771991e-02	6.604353e-01	3.034138e-02
1.006998e-03	6.189770e-02	7.103009e-01	3.253750e-02
1.158048e-03	6.637789e-02	7.606942e-01	3.489258e-02
1.331755e-03	7.118236e-02	8.135686e-01	3.741813e-02
1.531519e-03	7.633458e-02	8.679835e-01	4.012647e-02
1.761246e-03	8.185971e-02	9.237561e-01	4.303084e-02
2.025433e-03	8.778476e-02	9.812493e-01	4.614544e-02
2.329248e-03	9.413867e-02	1.038602e+00	4.948547e-02
2.678635e-03	1.009525e-01	1.099088e+00	5.306726e-02
3.080431e-03	1.082595e-01	1.159929e+00	5.690829e-02
3.542495e-03	1.160953e-01	1.218370e+00	6.102734e-02
4.073870e-03	1.244984e-01	1.275499e+00	6.544454e-02
4.684950e-03	1.335097e-01	1.337161e+00	7.018145e-02
5.387693e-03	1.431732e-01	1.398673e+00	7.526122e-02
6.195847e-03	1.535361e-01	1.457632e+00	8.070866e-02
7.125224e-03	1.646491e-01	1.512903e+00	8.655040e-02
8.194007e-03	1.765665e-01	1.564264e+00	9.281496e-02
9.423108e-03	1.893465e-01	1.618604e+00	9.953296e-02
1.083657e-02	2.030515e-01	1.670593e+00	1.067158e-01
1.246206e-02	2.177485e-01	1.718320e+00	1.144437e-01
1.433137e-02	2.335092e-01	1.762767e+00	1.227519e-01
1.648108e-02	2.504107e-01	1.804642e+00	1.316348e-01
1.895324e-02	2.685356e-01	1.841986e+00	1.411630e-01
2.179622e-02	2.879723e-01	1.873783e+00	1.513803e-01
2.506566e-02	3.088159e-01	1.903778e+00	1.623370e-01
2.882550e-02	3.311682e-01	1.930747e+00	1.740869e-01
3.314933e-02	3.551383e-01	1.954047e+00	1.866871e-01
3.812173e-02	3.808434e-01	1.970653e+00	2.001994e-01
4.383999e-02	4.084091e-01	1.984414e+00	2.146897e-01
5.041599e-02	4.379699e-01	1.998287e+00	2.302289e-01
5.797838e-02	4.696704e-01	2.006271e+00	2.468927e-01
6.667514e-02	5.036654e-01	2.009770e+00	2.647627e-01
7.667641e-02	5.401210e-01	2.007632e+00	2.839261e-01
8.817787e-02	5.792152e-01	2.001417e+00	3.044767e-01
1.014046e-01	6.211392e-01	1.992908e+00	3.265147e-01
1.166152e-01	6.660975e-01	1.978534e+00	3.501477e-01
1.341075e-01	7.143100e-01	1.958958e+00	3.754913e-01
1.542237e-01	7.660122e-01	1.934358e+00	4.026693e-01
1.773572e-01	8.214565e-01	1.904635e+00	4.318147e-01
2.039608e-01	8.809140e-01	1.870088e+00	4.630694e-01
2.345549e-01	9.446750e-01	1.830578e+00	4.965863e-01
2.697381e-01	1.013051e+00	1.785868e+00	5.325292e-01
3.101989e-01	1.086376e+00	1.736850e+00	5.710738e-01
3.567287e-01	1.165009e+00	1.685105e+00	6.124083e-01
4.102380e-01	1.249333e+00	1.630179e+00	6.567345e-01
4.717737e-01	1.339760e+00	1.568742e+00	7.042689e-01
5.425397e-01	1.436733e+00	1.504768e+00	7.552440e-01
6.239207e-01	1.540724e+00	1.438763e+00	8.099088e-01
7.175088e-01	1.652242e+00	1.373161e+00	8.685308e-01
8.251351e-01	1.771833e+00	1.308056e+00	9.313931e-01
9.489054e-01	1.900079e+00	1.236806e+00	9.988138e-01
1.091241e+00	2.036001e+00	1.166168e+00	1.071095e+00
1.254927e+00	2.161390e+00	1.096656e+00	1.149053e+00
1.443166e+00	2.292552e+00	1.028341e+00	1.233575e+00
1.659641e+00	2.429052e+00	9.606469e-01	1.325248e+00
1.908588e+00	2.570158e+00	8.953552e-01	1.424817e+00
2.194876e+00	2.714764e+00	8.351225e-01	1.533126e+00
2.524107e+00	2.861280e+00	7.745786e-01	1.651172e+00
2.902723e+00	3.007532e+00	7.159107e-01	1.780145e+00
3.338132e+00	1.635834e+00	6.599395e-01	1.921483e+00
3.838852e+00	1.794557e+00	6.114167e-01	2.076951e+00
4.414679e+00	1.971785e+00	5.640139e-01	2.248736e+00
5.076881e+00	2.164630e+00	5.147929e-01	2.439573e+00
5.838413e+00	2.374117e+00	4.772472e-01	2.652912e+00
6.714175e+00	2.607357e+00	4.452478e-01	2.893118e+00
7.721302e+00	2.852891e+00	4.092699e-01	3.165735e+00
8.879497e+00	3.124208e+00	3.679124e-01	3.158761e+00
1.021142e+01	3.413838e+00	3.248488e-01	3.056986e+00
1.174313e+01	3.714532e+00	2.909953e-01	2.973486e+00
1.350460e+01	4.044385e+00	2.623494e-01	2.909747e+00
1.553030e+01	4.414860e+00	2.363796e-01	2.867236e+00
1.785984e+01	4.828177e+00	2.131366e-01	2.847458e+00
2.053882e+01	5.282607e+00	1.919934e-01	2.852006e+00
2.361964e+01	5.773770e+00	1.733830e-01	2.882485e+00
2.716258e+01	6.319761e+00	1.554451e-01	2.940871e+00
3.123697e+01	6.875747e+00	1.391371e-01	3.029123e+00
3.592252e+01	7.479985e+00	1.255574e-01	3.149458e+00
4.131089e+01	8.129396e+00	1.136576e-01	3.304415e+00
4.750753e+01	8.753617e+00	1.012031e-01	3.497016e+00
5.463366e+01	9.409781e+00	8.996510e-02	3.730964e+00
6.282871e+01	9.993256e+00	8.017057e-02	4.010886e+00
7.225301e+01	1.056781e+01	7.186764e-02	4.342578e+00
8.309096e+01	1.112964e+01	6.475487e-02	4.733343e+00
9.555461e+01	1.158894e+01	5.735059e-02	5.192306e+00
1.098878e+02	1.202962e+01	5.080669e-02	5.730794e+00
1.263710e+02	1.231899e+01	4.512211e-02	6.362818e+00
1.453266e+02	1.261921e+01	4.008342e-02	7.105703e+00
1.671256e+02	1.293802e+01	3.553405e-02	7.980544e+00
1.921945e+02	1.310533e+01	3.150339e-02	9.013923e+00
2.210236e+02	1.426871e+01	2.817058e-02	1.023843e+01
2.541772e+02	1.402264e+01	2.502101e-02	1.171760e+01
2.923037e+02	1.366669e+01	2.217489e-02	1.348826e+01
3.361493e+02	1.329733e+01	1.966053e-02	1.561567e+01
3.865717e+02	1.286795e+01	1.764049e-02	1.818246e+01
4.445574e+02	1.247976e+01	1.575609e-02	2.125977e+01
5.112411e+02	1.199877e+01	1.380652e-02	2.494623e+01
5.879272e+02	1.149684e+01	1.218754e-02	2.939832e+01
6.761163e+02	1.099009e+01	1.077971e-02	3.480080e+01
7.775337e+02	1.048355e+01	9.632317e-03	4.138634e+01
8.941638e+02	9.999007e+00	8.577406e-03	4.945088e+01
1.028288e+03	9.509141e+00	7.502058e-03	5.936956e+01
1.182532e+03	9.009278e+00	6.610213e-03	7.161609e+01
1.359911e+03	8.502980e+00	5.824875e-03	8.680026e+01
1.563898e+03	7.991268e+00	5.129259e-03	1.057125e+02
1.798483e+03	7.486606e+00	4.529516e-03	1.293581e+02
2.068255e+03	7.004568e+00	4.003842e-03	1.589930e+02
2.378493e+03	6.534695e+00	3.551418e-03	1.961947e+02
2.735268e+03	6.073340e+00	3.126098e-03	2.430458e+02
3.145558e+03	5.625034e+00	2.747334e-03	3.022250e+02
3.617391e+03	5.194878e+00	2.443695e-03	3.771768e+02
4.160000e+03	4.785190e+00	2.182371e-03	4.723199e+02
4.784000e+03	4.397678e+00	1.908333e-03	5.933168e+02
5.501600e+03	4.032037e+00	1.669908e-03	7.474017e+02
6.326840e+03	3.688806e+00	1.466144e-03	9.438324e+02
7.275866e+03	3.370362e+00	1.297956e-03	1.194411e+03
8.367246e+03	3.076588e+00	1.155832e-03	1.514128e+03
9.622333e+03	2.806022e+00	1.007114e-03	1.921953e+03
