# Energy_MeV	dEdx_Elec_MeV_um	dEdx_Nucl_MeV_um	Range_um
1.000000e-05	2.581948e-03	4.469107e-02	4.778843e-03
1.150000e-05	2.793449e-03	4.903369e-02	5.124738e-03
1.322500e-05	3.020050e-03	5.355184e-02	5.495670e-03
1.520875e-05	3.262864e-03	5.855813e-02	5.893449e-03
1.749006e-05	3.523080e-03	6.389828e-02	6.320020e-03
2.011357e-05	3.801973e-03	6.953223e-02	6.777467e-03
2.313061e-05	4.100909e-03	7.580265e-02	7.268023e-03
2.660020e-05	4.421349e-03	8.227809e-02	7.794087e-03
3.059023e-05	4.764862e-03	8.935864e-02	8.358227e-03
3.517876e-05	5.133126e-03	9.662696e-02	8.963200e-03
4.045558e-05	5.527944e-03	1.047481e-01	9.611961e-03
4.652391e-05	5.951244e-03	1.132742e-01	1.030768e-02
5.350250e-05	6.405097e-03	1.223131e-01	1.105375e-02
6.152788e-05	6.891719e-03	1.319530e-01	1.185383e-02
7.075706e-05	7.413489e-03	1.416525e-01	1.271182e-02
8.137062e-05	7.972956e-03	1.524269e-01	1.363191e-02
9.357621e-05	8.572855e-03	1.635004e-01	1.461859e-02
1.076126e-04	9.216116e-03	1.751319e-01	1.567669e-02
1.237545e-04	9.905883e-03	1.874557e-01	1.681138e-02
1.423177e-04	1.064552e-02	2.000235e-01	1.802820e-02
1.636654e-04	1.143866e-02	2.129761e-01	1.933309e-02
1.882152e-04	1.228915e-02	2.261336e-01	2.073243e-02
2.164475e-04	1.320117e-02	2.396339e-01	2.223305e-02
2.489146e-04	1.417916e-02	2.535458e-01	2.384229e-02
2.862518e-04	1.522790e-02	2.676445e-01	2.556801e-02
3.291895e-04	1.635252e-02	2.809888e-01	2.741863e-02
3.785680e-04	1.755851e-02	2.949026e-01	2.940321e-02
4.353531e-04	1.885176e-02	3.094831e-01	3.153143e-02
5.006561e-04	2.023860e-02	3.226995e-01	3.381369e-02
5.757545e-04	2.172579e-02	3.373029e-01	3.626114e-02
6.621177e-04	2.332060e-02	3.493882e-01	3.888574e-02
7.614354e-04	2.503082e-02	3.622324e-01	4.170031e-02
8.756507e-04	2.686482e-02	3.751982e-01	4.471860e-02
1.006998e-03	2.883154e-02	3.861969e-01	4.795536e-02
1.158048e-03	3.094059e-02	3.983583e-01	5.142639e-02
1.331755e-03	3.320229e-02	4.081762e-01	5.514866e-02
1.531519e-03	3.562767e-02	4.181950e-01	5.914035e-02
1.761246e-03	3.822859e-02	4.269967e-01	6.342096e-02
2.025433e-03	4.101775e-02	4.345612e-01	6.801141e-02
2.329248e-03	4.400879e-02	4.422218e-01	7.293411e-02
2.678635e-03	4.721630e-02	4.479874e-01	7.821312e-02
3.080431e-03	5.065597e-02	4.535786e-01	8.387222e-02
3.542495e-03	5.434459e-02	4.575777e-01	8.993252e-02
4.073870e-03	5.830019e-02	4.615087e-01	9.645876e-02
4.684950e-03	6.254209e-02	4.643068e-01	1.034386e-01
5.387693e-03	6.709101e-02	4.662455e-01	1.109261e-01
6.195847e-03	7.196918e-02	4.673446e-01	1.189548e-01
7.125224e-03	7.720042e-02	4.669726e-01	1.275646e-01
8.194007e-03	8.281030e-02	4.660662e-01	1.367977e-01
9.423108e-03	8.882622e-02	4.639048e-01	1.466990e-01
1.083657e-02	9.527757e-02	4.607045e-01	1.573169e-01
1.246206e-02	1.021959e-01	4.564556e-01	1.687034e-01
1.433137e-02	1.096149e-01	4.508935e-01	1.809141e-01
1.648108e-02	1.175709e-01	4.442159e-01	1.940086e-01
1.895324e-02	1.261028e-01	4.363801e-01	2.080509e-01
2.179622e-02	1.352523e-01	4.273362e-01	2.231095e-01
2.506566e-02	1.450639e-01	4.172197e-01	2.392581e-01
2.882550e-02	1.555858e-01	4.059456e-01	2.565756e-01
3.314933e-02	1.668692e-01	3.942645e-01	2.751465e-01
3.812173e-02	1.789693e-01	3.812800e-01	2.950615e-01
4.383999e-02	1.919452e-01	3.670175e-01	3.164180e-01
5.041599e-02	2.058603e-01	3.529640e-01	3.393204e-01
5.797838e-02	2.207826e-01	3.370600e-01	3.638805e-01
6.667514e-02	2.367850e-01	3.226715e-01	3.902182e-01
7.667641e-02	2.539456e-01	3.067663e-01	4.184621e-01
8.817787e-02	2.723484e-01	2.901197e-01	4.487504e-01
1.014046e-01	2.920831e-01	2.748216e-01	4.812312e-01
1.166152e-01	3.132462e-01	2.575750e-01	5.160628e-01
1.341075e-01	3.359412e-01	2.424852e-01	5.534154e-01
1.542237e-01	3.602788e-01	2.264763e-01	5.934716e-01
1.773572e-01	3.863780e-01	2.113583e-01	6.364273e-01
2.039608e-01	4.143662e-01	1.972440e-01	6.824925e-01
2.345549e-01	4.443803e-01	1.822323e-01	7.318899e-01
2.697381e-01	4.765668e-01	1.694581e-01	7.848699e-01
3.101989e-01	5.110829e-01	1.563324e-01	8.416630e-01
3.567287e-01	5.481004e-01	1.449116e-01	9.028789e-01
4.102380e-01	5.877973e-01	1.328561e-01	9.692437e-01
4.717737e-01	6.303674e-01	1.226208e-01	1.041215e+00
5.425397e-01	6.760189e-01	1.136186e-01	1.119379e+00
6.239207e-01	7.249715e-01	1.048367e-01	1.190473e+00
7.175088e-01	7.774574e-01	9.634409e-02	1.222687e+00
8.251351e-01	8.428117e-01	8.682889e-02	1.259252e+00
9.489054e-01	9.267022e-01	7.799222e-02	1.294107e+00
1.091241e+00	1.015851e+00	6.982272e-02	1.327517e+00
1.254927e+00	1.115775e+00	6.254812e-02	1.359809e+00
1.443166e+00	1.225571e+00	5.629144e-02	1.391481e+00
1.659641e+00	1.346735e+00	5.076476e-02	1.423206e+00
1.908588e+00	1.481705e+00	4.579030e-02	1.455850e+00
2.194876e+00	1.623324e+00	4.122361e-02	1.490485e+00
2.524107e+00	1.778087e+00	3.706121e-02	1.528403e+00
2.902723e+00	1.935966e+00	3.316675e-02	1.571134e+00
3.338132e+00	2.087510e+00	3.003980e-02	1.620471e+00
3.838852e+00	2.241605e+00	2.693347e-02	1.678468e+00
4.414679e+00	2.403224e+00	2.397442e-02	1.747563e+00
5.076881e+00	2.569874e+00	2.162024e-02	1.830531e+00
5.838413e+00	2.719079e+00	1.901605e-02	1.930572e+00
6.714175e+00	2.849352e+00	1.725266e-02	2.051349e+00
7.721302e+00	2.976162e+00	1.535668e-02	2.197026e+00
8.879497e+00	3.061458e+00	1.362007e-02	2.372351e+00
1.021142e+01	3.144802e+00	1.223245e-02	2.582738e+00
1.174313e+01	3.214721e+00	1.070216e-02	2.834437e+00
1.350460e+01	3.262631e+00	9.611828e-03	3.134797e+00
1.553030e+01	3.302016e+00	8.489836e-03	3.492604e+00
1.785984e+01	3.313100e+00	7.552751e-03	3.918548e+00
2.053882e+01	3.314706e+00	6.745393e-03	4.425813e+00
2.361964e+01	3.301158e+00	5.937069e-03	5.030813e+00
2.716258e+01	3.268434e+00	5.319860e-03	5.754112e+00
3.123697e+01	3.223917e+00	4.709904e-03	6.621587e+00
3.592252e+01	3.159847e+00	4.226305e-03	7.665880e+00
4.131089e+01	3.086062e+00	3.732640e-03	8.928338e+00
4.750753e+01	3.001094e+00	3.317147e-03	1.046102e+01
5.463366e+01	2.903392e+00	2.927449e-03	1.233114e+01
6.282871e+01	2.887210e+00	2.589434e-03	1.462193e+01
7.225301e+01	2.717749e+00	2.310479e-03	1.747637e+01
8.309096e+01	2.539938e+00	2.033405e-03	2.102192e+01
9.555461e+01	2.363515e+00	1.804433e-03	2.543764e+01
1.098878e+02	2.190910e+00	1.587311e-03	3.096883e+01
1.263710e+02	2.039992e+00	1.397169e-03	3.787070e+01
1.453266e+02	1.887805e+00	1.228617e-03	4.647328e+01
1.671256e+02	1.740191e+00	1.085891e-03	5.726662e+01
1.921945e+02	1.599290e+00	9.603902e-04	7.086040e+01
2.210236e+02	1.465761e+00	8.479963e-04	8.804126e+01
2.541772e+02	1.340234e+00	7.495566e-04	1.098275e+02
2.923037e+02	1.222258e+00	6.578103e-04	1.375367e+02
3.361493e+02	1.111427e+00	5.880220e-04	1.728626e+02
3.865717e+02	1.007734e+00	5.182176e-04	2.180068e+02
4.445574e+02	9.107894e-01	4.544427e-04	2.758447e+02
5.112411e+02	8.216619e-01	4.039534e-04	3.500822e+02
5.879272e+02	7.410558e-01	3.486212e-04	4.454148e+02
6.761163e+02	6.677570e-01	3.132263e-04	5.677743e+02
7.775337e+02	6.008446e-01	2.744918e-04	7.249264e+02
8.941638e+02	5.400192e-01	2.404349e-04	9.268759e+02
1.028288e+03	4.849687e-01	2.130983e-04	1.186464e+03
1.182532e+03	4.352854e-01	1.836169e-04	1.520124e+03
1.359911e+03	3.905966e-01	1.627555e-04	1.948851e+03
1.563898e+03	3.506001e-01	1.416568e-04	2.499368e+03
1.798483e+03	3.148863e-01	1.245159e-04	3.205717e+03
2.068255e+03	2.829831e-01	1.097673e-04	4.111134e+03
2.378493e+03	2.545445e-01	9.530203e-05	5.270335e+03
2.735268e+03	2.293144e-01	8.428293e-05	6.752349e+03
3.145558e+03	2.069312e-01	7.366259e-05	8.643920e+03
3.617391e+03	1.870658e-01	6.528738e-05	1.105359e+04
4.160000e+03	1.694980e-01	5.685050e-05	1.411650e+04
4.784000e+03	1.540022e-01	0.000000e+00	1.800000e+04
5.501600e+03	1.403313e-01	0.000000e+00	2.290998e+04
6.326840e+03	1.282974e-01	0.000000e+00	2.909801e+04
7.275866e+03	1.177467e-01	0.000000e+00	3.686915e+04
8.367246e+03	1.085042e-01	0.000000e+00	4.659022e+04
9.622333e+03	1.004172e-01	0.000000e+00	5.869841e+04
