# Energy_MeV	dEdx_Elec_MeV_um	dEdx_Nucl_MeV_um	Range_um
1.000000e-05	3.324556e-03	3.899307e-02	3.924587e-03
1.150000e-05	3.606094e-03	4.247126e-02	4.208651e-03
1.322500e-05	3.907567e-03	4.624952e-02	4.513275e-03
1.520875e-05	4.230459e-03	5.024603e-02	4.839949e-03
1.749006e-05	4.576359e-03	5.441196e-02	5.190267e-03
2.011357e-05	4.946965e-03	5.892522e-02	5.565941e-03
2.313061e-05	5.344095e-03	6.400007e-02	5.968807e-03
2.660020e-05	5.769696e-03	6.899098e-02	6.400832e-03
3.059023e-05	6.225852e-03	7.456259e-02	6.864128e-03
3.517876e-05	6.714795e-03	8.024639e-02	7.360957e-03
4.045558e-05	7.238918e-03	8.619543e-02	7.893747e-03
4.652391e-05	7.800784e-03	9.297041e-02	8.465100e-03
5.350250e-05	8.403142e-03	9.936869e-02	9.077809e-03
6.152788e-05	9.048935e-03	1.065332e-01	9.734865e-03
7.075706e-05	9.741321e-03	1.138856e-01	1.043948e-02
8.137062e-05	1.048368e-02	1.214412e-01	1.119510e-02
9.357621e-05	1.127965e-02	1.293785e-01	1.200540e-02
1.076126e-04	1.213311e-02	1.370239e-01	1.287436e-02
1.237545e-04	1.304824e-02	1.454451e-01	1.380621e-02
1.423177e-04	1.402951e-02	1.536230e-01	1.480551e-02
1.636654e-04	1.508170e-02	1.618800e-01	1.587714e-02
1.882152e-04	1.620997e-02	1.699387e-01	1.702634e-02
2.164475e-04	1.741982e-02	1.784629e-01	1.825872e-02
2.489146e-04	1.871717e-02	1.870236e-01	1.958029e-02
2.862518e-04	2.010835e-02	1.949500e-01	2.099752e-02
3.291895e-04	2.160017e-02	2.033311e-01	2.251733e-02
3.785680e-04	2.319990e-02	2.106657e-01	2.414715e-02
4.353531e-04	2.491537e-02	2.185538e-01	2.589494e-02
5.006561e-04	2.675495e-02	2.260149e-01	2.776922e-02
5.757545e-04	2.872764e-02	2.326540e-01	2.977918e-02
6.621177e-04	3.084306e-02	2.396123e-01	3.193461e-02
7.614354e-04	3.311156e-02	2.457269e-01	3.424605e-02
8.756507e-04	3.554422e-02	2.514038e-01	3.672480e-02
1.006998e-03	3.815292e-02	2.564919e-01	3.938296e-02
1.158048e-03	4.095041e-02	2.612178e-01	4.223352e-02
1.331755e-03	4.395035e-02	2.654899e-01	4.529040e-02
1.531519e-03	4.716740e-02	2.690961e-01	4.855072e-02
1.761246e-03	5.061727e-02	2.720060e-01	5.207473e-02
2.025433e-03	5.431682e-02	2.745505e-01	5.585556e-02
2.329248e-03	5.828413e-02	2.771225e-01	5.989779e-02
2.678635e-03	6.253857e-02	2.783189e-01	6.423326e-02
3.080431e-03	6.710093e-02	2.794745e-01	6.888245e-02
3.542495e-03	7.199349e-02	2.798992e-01	7.386809e-02
4.073870e-03	7.724017e-02	2.795973e-01	7.921459e-02
4.684950e-03	8.286658e-02	2.791569e-01	8.494806e-02
5.387693e-03	8.890023e-02	2.774917e-01	9.109655e-02
6.195847e-03	9.537058e-02	2.754843e-01	9.769009e-02
7.125224e-03	1.023092e-01	2.727984e-01	1.047609e-01
8.194007e-03	1.097501e-01	2.693086e-01	1.123434e-01
9.423108e-03	1.177296e-01	2.652003e-01	1.204747e-01
1.083657e-02	1.262865e-01	2.603616e-01	1.291947e-01
1.246206e-02	1.354629e-01	2.547737e-01	1.385458e-01
1.433137e-02	1.453034e-01	2.486571e-01	1.485737e-01
1.648108e-02	1.558562e-01	2.419197e-01	1.593274e-01
1.895324e-02	1.671727e-01	2.347782e-01	1.708595e-01
2.179622e-02	1.793084e-01	2.267688e-01	1.832263e-01
2.506566e-02	1.923224e-01	2.183617e-01	1.964883e-01
2.882550e-02	2.062784e-01	2.097606e-01	2.107101e-01
3.314933e-02	2.212446e-01	2.005604e-01	2.259612e-01
3.812173e-02	2.372940e-01	1.917390e-01	2.423163e-01
4.383999e-02	2.545050e-01	1.819432e-01	2.598553e-01
5.041599e-02	2.729618e-01	1.723113e-01	2.786637e-01
5.797838e-02	2.927545e-01	1.629389e-01	2.988333e-01
6.667514e-02	3.139798e-01	1.529971e-01	3.204629e-01
7.667641e-02	3.367414e-01	1.435620e-01	3.436581e-01
8.817787e-02	3.611505e-01	1.342966e-01	3.685322e-01
1.014046e-01	3.873263e-01	1.254672e-01	3.952069e-01
1.166152e-01	4.153967e-01	1.166465e-01	4.238111e-01
1.341075e-01	4.454989e-01	1.081458e-01	4.544885e-01
1.542237e-01	4.777807e-01	1.001061e-01	4.873842e-01
1.773572e-01	5.124032e-01	9.288676e-02	5.228914e-01
2.039608e-01	5.495317e-01	8.573188e-02	5.613906e-01
2.345549e-01	5.893476e-01	7.801237e-02	6.031526e-01
2.697381e-01	6.320423e-01	7.299832e-02	6.438912e-01
3.101989e-01	6.778080e-01	6.756431e-02	6.599893e-01
3.567287e-01	7.268913e-01	6.179674e-02	6.816835e-01
4.102380e-01	7.915975e-01	5.654327e-02	7.042439e-01
4.717737e-01	8.718190e-01	5.056513e-02	7.261332e-01
5.425397e-01	9.559668e-01	4.618017e-02	7.474599e-01
6.239207e-01	1.050183e+00	4.128591e-02	7.684125e-01
7.175088e-01	1.153828e+00	3.694056e-02	7.892728e-01
8.251351e-01	1.264102e+00	3.334821e-02	8.104289e-01
9.489054e-01	1.385978e+00	2.988082e-02	8.323872e-01
1.091241e+00	1.509486e+00	2.713145e-02	8.557836e-01
1.254927e+00	1.640247e+00	2.424139e-02	8.813912e-01
1.443166e+00	1.774450e+00	2.186344e-02	9.101333e-01
1.659641e+00	1.891690e+00	1.970165e-02	9.431160e-01
1.908588e+00	2.013542e+00	1.775981e-02	9.816301e-01
2.194876e+00	2.140980e+00	1.586775e-02	1.027188e+00
2.524107e+00	2.261789e+00	1.418718e-02	1.081556e+00
2.902723e+00	2.371706e+00	1.275602e-02	1.146778e+00
3.338132e+00	2.455746e+00	1.133185e-02	1.225223e+00
3.838852e+00	2.535265e+00	1.020893e-02	1.319608e+00
4.414679e+00	2.588657e+00	9.043547e-03	1.433051e+00
5.076881e+00	2.634588e+00	8.061532e-03	1.569154e+00
5.838413e+00	2.673664e+00	7.214469e-03	1.732121e+00
6.714175e+00	2.690477e+00	6.365702e-03	1.926936e+00
7.721302e+00	2.700461e+00	5.658413e-03	2.159612e+00
8.879497e+00	2.692921e+00	5.023736e-03	2.437511e+00
1.021142e+01	2.674259e+00	4.480646e-03	2.769766e+00
1.174313e+01	2.645818e+00	3.969216e-03	3.167806e+00
1.350460e+01	2.600888e+00	3.521665e-03	3.646013e+00
1.553030e+01	2.546981e+00	3.128830e-03	4.222576e+00
1.785984e+01	2.481029e+00	2.801424e-03	4.920546e+00
2.053882e+01	2.406069e+00	2.494734e-03	5.769276e+00
2.361964e+01	2.320434e+00	2.173941e-03	6.805956e+00
2.716258e+01	2.227626e+00	1.960901e-03	8.078172e+00
3.123697e+01	2.156175e+00	1.722805e-03	9.648846e+00
3.592252e+01	2.017442e+00	1.532998e-03	1.161865e+01
4.131089e+01	1.872918e+00	1.365167e-03	1.407470e+01
4.750753e+01	1.731867e+00	1.184420e-03	1.715628e+01
5.463366e+01	1.598312e+00	1.066626e-03	2.103393e+01
6.282871e+01	1.478969e+00	9.339700e-04	2.589260e+01
7.225301e+01	1.360839e+00	8.233218e-04	3.198400e+01
8.309096e+01	1.247640e+00	7.278878e-04	3.966475e+01
9.555461e+01	1.140579e+00	6.383713e-04	4.938258e+01
1.098878e+02	1.040130e+00	5.689698e-04	6.171450e+01
1.263710e+02	9.462124e-01	4.975095e-04	7.740945e+01
1.453266e+02	8.587913e-01	4.415215e-04	9.743371e+01
1.671256e+02	7.773781e-01	3.915829e-04	1.230315e+02
1.921945e+02	7.018448e-01	3.473154e-04	1.558206e+02
2.210236e+02	6.320482e-01	3.048374e-04	1.979107e+02
2.541772e+02	5.683103e-01	2.687778e-04	2.520097e+02
2.923037e+02	5.112704e-01	2.380728e-04	3.215395e+02
3.361493e+02	4.595299e-01	2.082427e-04	4.108347e+02
3.865717e+02	4.125807e-01	1.852517e-04	5.255815e+02
4.445574e+02	3.701647e-01	1.614022e-04	6.730711e+02
5.112411e+02	3.319853e-01	1.422351e-04	8.626620e+02
5.879272e+02	2.976651e-01	1.255270e-04	1.106324e+03
6.761163e+02	2.669029e-01	1.091155e-04	1.419337e+03
7.775337e+02	2.394342e-01	9.566763e-05	1.821148e+03
8.941638e+02	2.149481e-01	8.379183e-05	2.336534e+03
1.028288e+03	1.931230e-01	7.386083e-05	2.996942e+03
1.182532e+03	1.737127e-01	6.447144e-05	3.842160e+03
1.359911e+03	1.565010e-01	5.646503e-05	4.922357e+03
1.563898e+03	1.412371e-01	0.000000e+00	6.300546e+03
1.798483e+03	1.277085e-01	0.000000e+00	8.055515e+03
2.068255e+03	1.157551e-01	0.000000e+00	1.028528e+04
2.378493e+03	1.052118e-01	0.000000e+00	1.311108e+04
2.735268e+03	9.591486e-02	0.000000e+00	1.668193e+04
3.145558e+03	8.773814e-02	0.000000e+00	2.117966e+04
3.617391e+03	8.057011e-02	0.000000e+00	2.682446e+04
4.160000e+03	7.429190e-02	0.000000e+00	3.388072e+04
4.784000e+03	6.880529e-02	0.000000e+00	4.266301e+04
5.501600e+03	6.403797e-02	0.000000e+00	5.354204e+04
6.326840e+03	5.991491e-02	0.000000e+00	6.695034e+04
7.275866e+03	5.636279e-02	0.000000e+00	8.338736e+04
8.367246e+03	5.332606e-02	0.000000e+00	1.034240e+05
9.622333e+03	5.075556e-02	0.000000e+00	1.277060e+05
