# Energy_MeV	dEdx_Elec_MeV_um	dEdx_Nucl_MeV_um	Range_um
1.000000e-05	6.336388e-03	4.187071e-02	3.156372e-03
1.150000e-05	6.795020e-03	4.631637e-02	3.384832e-03
1.322500e-05	7.286847e-03	5.118979e-02	3.629828e-03
1.520875e-05	7.814272e-03	5.656148e-02	3.892557e-03
1.749006e-05	8.379874e-03	6.246529e-02	4.174302e-03
2.011357e-05	8.986413e-03	6.899269e-02	4.476440e-03
2.313061e-05	9.636855e-03	7.589388e-02	4.800448e-03
2.660020e-05	1.033438e-02	8.350862e-02	5.147906e-03
3.059023e-05	1.108238e-02	9.212828e-02	5.520515e-03
3.517876e-05	1.188453e-02	1.013180e-01	5.920092e-03
4.045558e-05	1.274474e-02	1.114801e-01	6.348592e-03
4.652391e-05	1.366721e-02	1.221538e-01	6.808106e-03
5.350250e-05	1.465645e-02	1.338684e-01	7.300881e-03
6.152788e-05	1.571729e-02	1.470787e-01	7.829322e-03
7.075706e-05	1.685492e-02	1.610402e-01	8.396013e-03
8.137062e-05	1.807489e-02	1.764004e-01	9.003721e-03
9.357621e-05	1.938316e-02	1.927257e-01	9.655415e-03
1.076126e-04	2.078612e-02	2.104741e-01	1.035428e-02
1.237545e-04	2.229063e-02	2.296963e-01	1.110373e-02
1.423177e-04	2.390404e-02	2.498094e-01	1.190742e-02
1.636654e-04	2.563423e-02	2.720445e-01	1.276929e-02
1.882152e-04	2.748964e-02	2.954958e-01	1.369353e-02
2.164475e-04	2.947936e-02	3.203854e-01	1.468468e-02
2.489146e-04	3.161309e-02	3.465089e-01	1.574756e-02
2.862518e-04	3.390126e-02	3.750119e-01	1.688738e-02
3.291895e-04	3.635505e-02	4.058102e-01	1.810970e-02
3.785680e-04	3.898645e-02	4.383216e-01	1.942049e-02
4.353531e-04	4.180831e-02	4.718244e-01	2.082615e-02
5.006561e-04	4.483442e-02	5.066257e-01	2.233356e-02
5.757545e-04	4.807956e-02	5.441427e-01	2.395008e-02
6.621177e-04	5.155958e-02	5.840381e-01	2.568359e-02
7.614354e-04	5.529149e-02	6.255989e-01	2.754259e-02
8.756507e-04	5.929352e-02	6.682761e-01	2.953613e-02
1.006998e-03	6.358522e-02	7.133023e-01	3.167398e-02
1.158048e-03	6.818755e-02	7.585063e-01	3.396655e-02
1.331755e-03	7.312300e-02	8.043623e-01	3.642507e-02
1.531519e-03	7.841568e-02	8.518032e-01	3.906154e-02
1.761246e-03	8.409145e-02	9.001834e-01	4.188883e-02
2.025433e-03	9.017803e-02	9.503605e-01	4.492077e-02
2.329248e-03	9.670517e-02	9.961370e-01	4.817216e-02
2.678635e-03	1.037047e-01	1.043118e+00	5.165888e-02
3.080431e-03	1.112109e-01	1.094519e+00	5.539798e-02
3.542495e-03	1.192604e-01	1.142271e+00	5.940772e-02
4.073870e-03	1.278926e-01	1.190662e+00	6.370768e-02
4.684950e-03	1.371495e-01	1.232897e+00	6.831887e-02
5.387693e-03	1.470765e-01	1.274829e+00	7.326383e-02
6.195847e-03	1.577219e-01	1.319631e+00	7.856670e-02
7.125224e-03	1.691379e-01	1.359641e+00	8.425340e-02
8.194007e-03	1.813802e-01	1.398450e+00	9.030641e-02
9.423108e-03	1.945086e-01	1.432819e+00	9.687705e-02
1.083657e-02	2.085873e-01	1.465093e+00	1.039072e-01
1.246206e-02	2.236849e-01	1.494957e+00	1.114277e-01
1.433137e-02	2.398754e-01	1.519950e+00	1.194926e-01
1.648108e-02	2.572377e-01	1.544204e+00	1.281415e-01
1.895324e-02	2.758567e-01	1.564692e+00	1.374162e-01
2.179622e-02	2.958233e-01	1.581460e+00	1.473623e-01
2.506566e-02	3.172352e-01	1.594559e+00	1.580282e-01
2.882550e-02	3.401968e-01	1.606081e+00	1.694663e-01
3.314933e-02	3.648204e-01	1.615484e+00	1.817322e-01
3.812173e-02	3.912263e-01	1.621355e+00	1.948858e-01
4.383999e-02	4.195435e-01	1.622667e+00	2.089915e-01
5.041599e-02	4.499103e-01	1.620270e+00	2.241183e-01
5.797838e-02	4.824750e-01	1.615038e+00	2.403399e-01
6.667514e-02	5.173968e-01	1.606591e+00	2.577357e-01
7.667641e-02	5.548463e-01	1.594057e+00	2.763905e-01
8.817787e-02	5.950064e-01	1.577089e+00	2.963955e-01
1.014046e-01	6.380732e-01	1.556256e+00	3.178487e-01
1.166152e-01	6.842573e-01	1.531181e+00	3.408546e-01
1.341075e-01	7.337842e-01	1.502267e+00	3.655256e-01
1.542237e-01	7.868959e-01	1.469153e+00	3.919823e-01
1.773572e-01	8.438518e-01	1.432317e+00	4.203540e-01
2.039608e-01	9.049303e-01	1.391432e+00	4.507794e-01
2.345549e-01	9.704296e-01	1.349568e+00	4.834069e-01
2.697381e-01	1.040670e+00	1.303906e+00	5.183959e-01
3.101989e-01	1.115994e+00	1.252920e+00	5.559173e-01
3.567287e-01	1.196770e+00	1.201455e+00	5.961548e-01
4.102380e-01	1.283393e+00	1.146999e+00	6.393048e-01
4.717737e-01	1.376286e+00	1.095368e+00	6.855777e-01
5.425397e-01	1.475902e+00	1.041683e+00	7.352003e-01
6.239207e-01	1.582729e+00	9.832369e-01	7.884132e-01
7.175088e-01	1.697287e+00	9.270445e-01	8.454773e-01
8.251351e-01	1.814426e+00	8.703977e-01	9.066978e-01
9.489054e-01	1.925812e+00	8.160435e-01	9.728538e-01
1.091241e+00	2.042199e+00	7.627008e-01	1.044585e+00
1.254927e+00	2.163145e+00	7.101960e-01	1.122414e+00
1.443166e+00	2.287940e+00	6.615888e-01	1.206973e+00
1.659641e+00	2.415517e+00	6.124964e-01	1.298994e+00
1.908588e+00	2.544364e+00	5.658912e-01	1.399341e+00
2.194876e+00	1.385345e+00	5.234164e-01	1.509049e+00
2.524107e+00	1.523349e+00	4.840575e-01	1.629376e+00
2.902723e+00	1.668622e+00	4.443203e-01	1.761865e+00
3.338132e+00	1.828931e+00	4.084887e-01	1.908435e+00
3.838852e+00	2.006538e+00	3.789424e-01	2.071493e+00
4.414679e+00	2.195639e+00	3.521423e-01	2.254076e+00
5.076881e+00	2.406503e+00	3.219280e-01	2.333646e+00
5.838413e+00	2.633445e+00	2.872247e-01	2.280640e+00
6.714175e+00	2.880097e+00	2.556787e-01	2.234695e+00
7.721302e+00	3.152450e+00	2.288698e-01	2.197586e+00
8.879497e+00	3.438320e+00	2.066851e-01	2.171044e+00
1.021142e+01	3.762624e+00	1.855271e-01	2.156791e+00
1.174313e+01	4.129525e+00	1.673998e-01	2.156557e+00
1.350460e+01	4.532181e+00	1.512764e-01	2.172173e+00
1.553030e+01	4.983320e+00	1.360907e-01	2.205581e+00
1.785984e+01	5.445741e+00	1.222582e-01	2.258809e+00
2.053882e+01	5.945771e+00	1.091002e-01	2.334009e+00
2.361964e+01	6.456242e+00	9.887553e-02	2.433487e+00
2.716258e+01	6.979377e+00	8.921032e-02	2.559764e+00
3.123697e+01	7.543596e+00	7.914682e-02	2.715674e+00
3.592252e+01	8.034402e+00	7.051662e-02	2.904521e+00
4.131089e+01	8.527876e+00	6.275766e-02	3.130251e+00
4.750753e+01	8.980127e+00	5.650703e-02	3.397712e+00
5.463366e+01	9.377883e+00	5.076289e-02	3.712902e+00
6.282871e+01	9.774446e+00	4.485523e-02	4.083263e+00
7.225301e+01	1.006944e+01	3.977550e-02	4.518033e+00
8.309096e+01	1.031567e+01	3.529984e-02	5.028652e+00
9.555461e+01	1.047965e+01	3.136414e-02	5.629257e+00
1.098878e+02	1.063448e+01	2.789408e-02	6.337350e+00
1.263710e+02	1.078045e+01	2.473882e-02	7.174492e+00
1.453266e+02	1.081671e+01	2.206626e-02	8.166629e+00
1.671256e+02	1.171858e+01	1.957644e-02	9.352219e+00
1.921945e+02	1.142325e+01	1.733395e-02	1.079065e+01
2.210236e+02	1.105526e+01	1.548266e-02	1.251592e+01
2.541772e+02	1.067005e+01	1.386044e-02	1.460539e+01
2.923037e+02	1.027538e+01	1.228123e-02	1.713574e+01
3.361493e+02	9.890933e+00	1.082724e-02	2.018145e+01
3.865717e+02	9.449934e+00	9.532260e-03	2.385882e+01
4.445574e+02	9.002516e+00	8.480773e-03	2.832977e+01
5.112411e+02	8.555519e+00	7.563186e-03	3.379205e+01
5.879272e+02	8.116306e+00	6.679206e-03	4.049491e+01
6.761163e+02	7.690417e+00	5.879037e-03	4.875830e+01
7.775337e+02	7.263537e+00	5.166062e-03	5.898757e+01
8.941638e+02	6.833721e+00	4.564645e-03	7.169957e+01
1.028288e+03	6.403500e+00	4.004647e-03	8.756336e+01
1.182532e+03	5.977618e+00	3.537642e-03	1.074469e+02
1.359911e+03	5.561763e+00	3.141095e-03	1.324525e+02
1.563898e+03	5.170923e+00	2.773156e-03	1.639611e+02
1.798483e+03	4.791184e+00	2.448013e-03	2.037289e+02
2.068255e+03	4.422983e+00	2.147366e-03	2.540792e+02
2.378493e+03	4.070414e+00	1.917300e-03	3.179903e+02
2.735268e+03	3.735964e+00	1.705695e-03	3.992984e+02
3.145558e+03	3.421236e+00	1.488149e-03	5.029281e+02
3.617391e+03	3.126934e+00	1.303277e-03	6.351864e+02
4.160000e+03	2.851509e+00	1.145006e-03	8.041335e+02
4.784000e+03	2.595738e+00	1.017089e-03	1.020075e+03
5.501600e+03	2.361291e+00	9.026401e-04	1.296126e+03
6.326840e+03	2.146943e+00	7.860717e-04	1.648917e+03
7.275866e+03	1.951061e+00	6.861085e-04	2.099450e+03
8.367246e+03	1.774003e+00	6.015910e-04	2.674124e+03
9.622333e+03	1.615097e+00	5.265046e-04	3.405949e+03
