# Energy_MeV	dEdx_Elec_MeV_um	dEdx_Nucl_MeV_um	Range_um
1.000000e-05	6.513993e-03	3.354576e-02	3.070314e-03
1.150000e-05	6.985479e-03	3.721167e-02	3.292544e-03
1.322500e-05	7.491092e-03	4.123768e-02	3.530861e-03
1.520875e-05	8.033301e-03	4.584359e-02	3.786426e-03
1.749006e-05	8.614755e-03	5.084442e-02	4.060490e-03
2.011357e-05	9.238296e-03	5.635541e-02	4.354390e-03
2.313061e-05	9.906969e-03	6.241425e-02	4.669563e-03
2.660020e-05	1.062404e-02	6.907035e-02	5.007549e-03
3.059023e-05	1.139301e-02	7.644308e-02	5.369998e-03
3.517876e-05	1.221765e-02	8.440229e-02	5.758681e-03
4.045558e-05	1.310197e-02	9.327566e-02	6.175497e-03
4.652391e-05	1.405029e-02	1.029847e-01	6.622483e-03
5.350250e-05	1.506726e-02	1.135121e-01	7.101822e-03
6.152788e-05	1.615784e-02	1.248075e-01	7.615855e-03
7.075706e-05	1.732735e-02	1.374397e-01	8.167095e-03
8.137062e-05	1.858151e-02	1.515201e-01	8.758234e-03
9.357621e-05	1.992645e-02	1.665990e-01	9.392159e-03
1.076126e-04	2.136874e-02	1.830153e-01	1.007197e-02
1.237545e-04	2.291542e-02	2.004323e-01	1.080098e-02
1.423177e-04	2.457405e-02	2.198303e-01	1.158276e-02
1.636654e-04	2.635273e-02	2.413053e-01	1.242113e-02
1.882152e-04	2.826016e-02	2.641224e-01	1.332018e-02
2.164475e-04	3.030564e-02	2.890037e-01	1.428430e-02
2.489146e-04	3.249918e-02	3.158423e-01	1.531821e-02
2.862518e-04	3.485149e-02	3.446642e-01	1.642695e-02
3.291895e-04	3.737406e-02	3.753513e-01	1.761594e-02
3.785680e-04	4.007921e-02	4.082889e-01	1.889099e-02
4.353531e-04	4.298017e-02	4.442332e-01	2.025833e-02
5.006561e-04	4.609110e-02	4.826847e-01	2.172464e-02
5.757545e-04	4.942719e-02	5.222583e-01	2.329708e-02
6.621177e-04	5.300476e-02	5.642147e-01	2.498333e-02
7.614354e-04	5.684127e-02	6.120468e-01	2.679164e-02
8.756507e-04	6.095547e-02	6.612158e-01	2.873083e-02
1.006998e-03	6.536746e-02	7.131966e-01	3.081038e-02
1.158048e-03	7.009880e-02	7.662931e-01	3.304045e-02
1.331755e-03	7.517258e-02	8.214283e-01	3.543194e-02
1.531519e-03	8.061362e-02	8.843217e-01	3.799652e-02
1.761246e-03	8.644847e-02	9.471874e-01	4.074673e-02
2.025433e-03	9.270566e-02	1.013185e+00	4.369600e-02
2.329248e-03	9.941574e-02	1.081271e+00	4.685874e-02
2.678635e-03	1.066115e-01	1.151291e+00	5.025040e-02
3.080431e-03	1.143281e-01	1.224170e+00	5.388755e-02
3.542495e-03	1.226032e-01	1.295399e+00	5.778796e-02
4.073870e-03	1.314773e-01	1.371531e+00	6.197068e-02
4.684950e-03	1.409937e-01	1.447600e+00	6.645616e-02
5.387693e-03	1.511989e-01	1.522366e+00	7.126629e-02
6.195847e-03	1.621428e-01	1.593617e+00	7.642458e-02
7.125224e-03	1.738788e-01	1.669440e+00	8.195623e-02
8.194007e-03	1.864642e-01	1.748732e+00	8.788827e-02
9.423108e-03	1.999606e-01	1.822477e+00	9.424966e-02
1.083657e-02	2.144338e-01	1.894080e+00	1.010715e-01
1.246206e-02	2.299547e-01	1.958511e+00	1.083871e-01
1.433137e-02	2.465989e-01	2.025326e+00	1.161800e-01
1.648108e-02	2.644478e-01	2.093165e+00	1.246402e-01
1.895324e-02	2.835887e-01	2.153071e+00	1.336698e-01
2.179622e-02	3.041150e-01	2.210368e+00	1.433455e-01
2.506566e-02	3.261270e-01	2.263353e+00	1.537203e-01
2.882550e-02	3.497323e-01	2.311044e+00	1.648465e-01
3.314933e-02	3.750461e-01	2.352575e+00	1.767779e-01
3.812173e-02	4.021921e-01	2.390041e+00	1.895730e-01
4.383999e-02	4.313030e-01	2.425382e+00	2.032942e-01
5.041599e-02	4.625209e-01	2.455699e+00	2.180085e-01
5.797838e-02	4.959985e-01	2.477816e+00	2.337878e-01
6.667514e-02	5.318991e-01	2.494865e+00	2.507092e-01
7.667641e-02	5.703982e-01	2.513815e+00	2.688554e-01
8.817787e-02	6.116839e-01	2.524574e+00	2.883152e-01
1.014046e-01	6.559580e-01	2.529878e+00	3.091833e-01
1.166152e-01	7.034365e-01	2.528305e+00	3.315619e-01
1.341075e-01	7.543516e-01	2.520680e+00	3.555602e-01
1.542237e-01	8.089520e-01	2.511375e+00	3.812957e-01
1.773572e-01	8.675044e-01	2.494184e+00	4.088939e-01
2.039608e-01	9.302948e-01	2.470531e+00	4.384896e-01
2.345549e-01	9.976301e-01	2.440537e+00	4.702273e-01
2.697381e-01	1.069839e+00	2.404105e+00	5.042624e-01
3.101989e-01	1.147275e+00	2.361561e+00	5.407611e-01
3.567287e-01	1.230315e+00	2.312934e+00	5.799015e-01
4.102380e-01	1.319366e+00	2.257349e+00	6.218747e-01
4.717737e-01	1.414862e+00	2.196818e+00	6.668860e-01
5.425397e-01	1.517271e+00	2.131821e+00	7.151554e-01
6.239207e-01	1.627091e+00	2.063809e+00	7.669187e-01
7.175088e-01	1.744861e+00	1.988262e+00	8.224284e-01
8.251351e-01	1.871155e+00	1.907114e+00	8.819556e-01
9.489054e-01	2.006590e+00	1.825193e+00	9.457919e-01
1.091241e+00	2.151828e+00	1.741372e+00	1.014251e+00
1.254927e+00	2.307579e+00	1.660224e+00	1.087648e+00
1.443166e+00	2.461492e+00	1.572615e+00	1.166478e+00
1.659641e+00	2.612138e+00	1.481736e+00	1.251791e+00
1.908588e+00	2.769379e+00	1.395147e+00	1.344290e+00
2.194876e+00	2.932553e+00	1.308023e+00	1.444687e+00
2.524107e+00	3.100616e+00	1.222548e+00	1.553797e+00
2.902723e+00	3.272019e+00	1.140281e+00	1.672584e+00
3.338132e+00	3.444595e+00	1.063210e+00	1.802185e+00
3.838852e+00	3.615433e+00	9.879917e-01	1.943968e+00
4.414679e+00	1.921445e+00	9.126571e-01	2.099595e+00
5.076881e+00	2.108497e+00	8.405731e-01	2.271115e+00
5.838413e+00	2.312110e+00	7.786624e-01	2.461081e+00
6.714175e+00	2.540055e+00	7.203315e-01	2.672698e+00
7.721302e+00	2.782511e+00	6.549565e-01	2.910017e+00
8.879497e+00	3.051334e+00	6.067687e-01	3.178170e+00
1.021142e+01	3.346895e+00	5.673779e-01	3.483675e+00
1.174313e+01	3.659776e+00	5.231531e-01	3.834823e+00
1.350460e+01	4.003038e+00	4.722946e-01	4.085434e+00
1.553030e+01	4.341469e+00	4.152835e-01	3.885239e+00
1.785984e+01	4.722642e+00	3.719886e-01	3.724960e+00
2.053882e+01	5.152368e+00	3.351288e-01	3.603224e+00
2.361964e+01	5.594324e+00	3.025300e-01	3.519049e+00
2.716258e+01	6.085542e+00	2.727451e-01	3.471845e+00
3.123697e+01	6.619951e+00	2.452221e-01	3.461394e+00
3.592252e+01	7.203811e+00	2.218966e-01	3.487785e+00
4.131089e+01	7.849073e+00	1.987649e-01	3.551552e+00
4.750753e+01	8.535743e+00	1.782691e-01	3.653630e+00
5.463366e+01	9.289079e+00	1.604637e-01	3.795445e+00
6.282871e+01	1.006355e+01	1.454601e-01	3.979096e+00
7.225301e+01	1.083783e+01	1.301481e-01	4.207538e+00
8.309096e+01	1.165012e+01	1.152452e-01	4.484804e+00
9.555461e+01	1.236817e+01	1.029085e-01	4.816234e+00
1.098878e+02	1.310405e+01	9.192130e-02	5.208735e+00
1.263710e+02	1.376320e+01	8.293249e-02	5.671035e+00
1.453266e+02	1.428955e+01	7.382989e-02	6.214118e+00
1.671256e+02	1.477204e+01	6.512800e-02	6.851548e+00
1.921945e+02	1.524770e+01	5.796317e-02	7.600020e+00
2.210236e+02	1.568608e+01	5.139837e-02	8.480439e+00
2.541772e+02	1.599830e+01	4.553170e-02	9.515869e+00
2.923037e+02	1.777910e+01	4.043322e-02	1.075010e+01
3.361493e+02	1.756087e+01	3.609796e-02	1.223412e+01
3.865717e+02	1.725617e+01	3.216437e-02	1.399523e+01
4.445574e+02	1.687446e+01	2.844882e-02	1.611017e+01
5.112411e+02	1.649091e+01	2.512939e-02	1.863939e+01
5.879272e+02	1.604288e+01	2.256330e-02	2.164291e+01
6.761163e+02	1.549736e+01	2.024403e-02	2.523119e+01
7.775337e+02	1.493409e+01	1.768579e-02	2.954340e+01
8.941638e+02	1.435955e+01	1.562900e-02	3.475066e+01
1.028288e+03	1.379590e+01	1.378310e-02	4.106591e+01
1.182532e+03	1.324729e+01	1.232504e-02	4.876040e+01
1.359911e+03	1.267576e+01	1.102678e-02	5.817258e+01
1.563898e+03	1.208312e+01	9.613231e-03	6.973210e+01
1.798483e+03	1.147001e+01	8.480462e-03	8.399230e+01
2.068255e+03	1.085115e+01	7.464269e-03	1.016630e+02
2.378493e+03	1.023725e+01	6.588178e-03	1.236317e+02
2.735268e+03	9.647287e+00	5.815440e-03	1.509970e+02
3.145558e+03	9.057081e+00	5.126460e-03	1.851656e+02
3.617391e+03	8.469018e+00	4.558433e-03	2.279861e+02
4.160000e+03	7.894818e+00	4.007299e-03	2.818156e+02
4.784000e+03	7.338832e+00	3.530322e-03	3.496764e+02
5.501600e+03	6.802698e+00	3.129398e-03	4.354387e+02
6.326840e+03	6.289917e+00	2.799723e-03	5.440444e+02
7.275866e+03	5.802686e+00	2.462825e-03	6.818073e+02
8.367246e+03	5.342470e+00	2.144424e-03	8.567964e+02
9.622333e+03	4.910136e+00	1.887156e-03	1.079280e+03
