# Energy_MeV	dEdx_Elec_MeV_um	dEdx_Nucl_MeV_um	Range_um
1.000000e-05	6.876161e-03	4.116495e-02	2.908600e-03
1.150000e-05	7.373861e-03	4.558061e-02	3.119126e-03
1.322500e-05	7.907585e-03	5.046600e-02	3.344890e-03
1.520875e-05	8.479940e-03	5.585904e-02	3.586995e-03
1.749006e-05	9.093723e-03	6.167164e-02	3.846623e-03
2.011357e-05	9.751931e-03	6.816584e-02	4.125044e-03
2.313061e-05	1.045778e-02	7.524234e-02	4.423617e-03
2.660020e-05	1.121472e-02	8.298705e-02	4.743800e-03
3.059023e-05	1.202645e-02	9.130289e-02	5.087159e-03
3.517876e-05	1.289693e-02	1.004976e-01	5.455370e-03
4.045558e-05	1.383042e-02	1.107606e-01	5.850233e-03
4.652391e-05	1.483147e-02	1.218680e-01	6.273676e-03
5.350250e-05	1.590498e-02	1.338654e-01	6.727768e-03
6.152788e-05	1.705619e-02	1.467189e-01	7.214727e-03
7.075706e-05	1.829072e-02	1.608460e-01	7.736933e-03
8.137062e-05	1.961462e-02	1.765046e-01	8.296936e-03
9.357621e-05	2.103433e-02	1.933451e-01	8.897473e-03
1.076126e-04	2.255681e-02	2.115199e-01	9.541477e-03
1.237545e-04	2.418948e-02	2.312620e-01	1.023209e-02
1.423177e-04	2.594033e-02	2.523084e-01	1.097270e-02
1.636654e-04	2.781791e-02	2.749053e-01	1.176691e-02
1.882152e-04	2.983138e-02	2.991650e-01	1.261860e-02
2.164475e-04	3.199059e-02	3.254142e-01	1.353194e-02
2.489146e-04	3.430609e-02	3.537509e-01	1.451139e-02
2.862518e-04	3.678918e-02	3.827453e-01	1.556174e-02
3.291895e-04	3.945200e-02	4.138346e-01	1.668810e-02
3.785680e-04	4.230756e-02	4.486241e-01	1.789600e-02
4.353531e-04	4.536980e-02	4.846587e-01	1.919132e-02
5.006561e-04	4.865369e-02	5.232380e-01	2.058040e-02
5.757545e-04	5.217527e-02	5.621525e-01	2.207002e-02
6.621177e-04	5.595175e-02	6.032479e-01	2.366746e-02
7.614354e-04	6.000156e-02	6.489980e-01	2.538052e-02
8.756507e-04	6.434451e-02	6.952881e-01	2.721757e-02
1.006998e-03	6.900180e-02	7.443354e-01	2.918760e-02
1.158048e-03	7.399618e-02	7.942160e-01	3.130021e-02
1.331755e-03	7.935207e-02	8.464086e-01	3.356574e-02
1.531519e-03	8.509561e-02	9.004916e-01	3.599524e-02
1.761246e-03	9.125488e-02	9.530423e-01	3.860060e-02
2.025433e-03	9.785995e-02	1.009297e+00	4.139453e-02
2.329248e-03	1.049431e-01	1.065288e+00	4.439069e-02
2.678635e-03	1.125389e-01	1.121442e+00	4.760371e-02
3.080431e-03	1.206846e-01	1.175236e+00	5.104929e-02
3.542495e-03	1.294198e-01	1.230687e+00	5.474426e-02
4.073870e-03	1.387873e-01	1.288848e+00	5.870668e-02
4.684950e-03	1.488328e-01	1.344921e+00	6.295590e-02
5.387693e-03	1.596053e-01	1.397934e+00	6.751268e-02
6.195847e-03	1.711577e-01	1.447253e+00	7.239929e-02
7.125224e-03	1.835462e-01	1.496273e+00	7.763959e-02
8.194007e-03	1.968313e-01	1.546131e+00	8.325918e-02
9.423108e-03	2.110781e-01	1.592318e+00	8.928151e-02
1.083657e-02	2.263560e-01	1.634787e+00	9.575148e-02
1.246206e-02	2.427398e-01	1.675124e+00	1.026800e-01
1.433137e-02	2.603094e-01	1.710520e+00	1.101129e-01
1.648108e-02	2.791508e-01	1.742413e+00	1.180825e-01
1.895324e-02	2.993558e-01	1.771163e+00	1.266292e-01
2.179622e-02	3.210234e-01	1.797368e+00	1.357946e-01
2.506566e-02	3.442592e-01	1.820904e+00	1.456233e-01
2.882550e-02	3.691769e-01	1.837666e+00	1.561634e-01
3.314933e-02	3.958981e-01	1.851560e+00	1.674663e-01
3.812173e-02	4.245534e-01	1.865421e+00	1.795875e-01
4.383999e-02	4.552828e-01	1.873999e+00	1.925860e-01
5.041599e-02	4.882364e-01	1.879095e+00	2.065253e-01
5.797838e-02	5.235752e-01	1.878404e+00	2.214735e-01
6.667514e-02	5.614719e-01	1.873923e+00	2.375036e-01
7.667641e-02	6.021115e-01	1.867337e+00	2.546942e-01
8.817787e-02	6.456927e-01	1.855276e+00	2.731289e-01
1.014046e-01	6.924282e-01	1.838727e+00	2.928979e-01
1.166152e-01	7.425465e-01	1.817145e+00	3.140978e-01
1.341075e-01	7.962925e-01	1.791013e+00	3.368322e-01
1.542237e-01	8.539285e-01	1.760193e+00	3.612122e-01
1.773572e-01	9.157363e-01	1.724856e+00	3.873568e-01
2.039608e-01	9.820178e-01	1.684420e+00	4.153936e-01
2.345549e-01	1.053097e+00	1.640221e+00	4.454598e-01
2.697381e-01	1.129320e+00	1.592466e+00	4.777023e-01
3.101989e-01	1.211061e+00	1.542126e+00	5.122786e-01
3.567287e-01	1.298719e+00	1.487074e+00	5.493574e-01
4.102380e-01	1.392720e+00	1.427784e+00	5.891198e-01
4.717737e-01	1.493526e+00	1.366590e+00	6.317604e-01
5.425397e-01	1.601629e+00	1.304960e+00	6.774877e-01
6.239207e-01	1.717555e+00	1.243829e+00	7.265233e-01
7.175088e-01	1.841873e+00	1.179795e+00	7.791149e-01
8.251351e-01	1.975189e+00	1.113239e+00	8.354874e-01
9.489054e-01	2.099592e+00	1.047612e+00	8.961850e-01
1.091241e+00	2.227424e+00	9.834684e-01	9.619717e-01
1.254927e+00	2.360610e+00	9.192117e-01	1.033306e+00
1.443166e+00	2.498497e+00	8.585774e-01	1.110767e+00
1.659641e+00	2.640079e+00	8.004033e-01	1.194997e+00
1.908588e+00	2.783898e+00	7.436849e-01	1.286761e+00
2.194876e+00	2.927939e+00	6.882563e-01	1.386964e+00
2.524107e+00	1.577393e+00	6.336981e-01	1.496702e+00
2.902723e+00	1.733648e+00	5.874632e-01	1.617312e+00
3.338132e+00	1.907422e+00	5.427589e-01	1.750450e+00
3.838852e+00	2.093734e+00	4.945279e-01	1.898183e+00
4.414679e+00	2.299946e+00	4.578234e-01	2.063115e+00
5.076881e+00	2.525623e+00	4.266812e-01	2.248537e+00
5.838413e+00	2.767758e+00	3.944078e-01	2.458627e+00
6.714175e+00	3.036866e+00	3.574710e-01	2.456430e+00
7.721302e+00	3.318118e+00	3.153755e-01	2.380556e+00
8.879497e+00	3.619918e+00	2.823499e-01	2.317984e+00
1.021142e+01	3.942628e+00	2.536832e-01	2.270000e+00
1.174313e+01	4.306214e+00	2.292856e-01	2.237859e+00
1.350460e+01	4.716768e+00	2.065797e-01	2.222843e+00
1.553030e+01	5.161806e+00	1.855446e-01	2.226263e+00
1.785984e+01	5.649214e+00	1.679171e-01	2.249552e+00
2.053882e+01	6.187975e+00	1.505193e-01	2.294254e+00
2.361964e+01	6.733049e+00	1.352273e-01	2.362011e+00
2.716258e+01	7.330791e+00	1.216264e-01	2.454624e+00
3.123697e+01	7.953979e+00	1.099404e-01	2.574130e+00
3.592252e+01	8.577420e+00	9.868048e-02	2.722919e+00
4.131089e+01	9.228800e+00	8.770695e-02	2.903889e+00
4.750753e+01	9.785375e+00	7.800872e-02	3.120632e+00
5.463366e+01	1.035916e+01	6.980728e-02	3.377628e+00
6.282871e+01	1.088261e+01	6.273566e-02	3.680516e+00
7.225301e+01	1.134593e+01	5.603285e-02	4.036337e+00
8.309096e+01	1.179921e+01	4.961643e-02	4.453836e+00
9.555461e+01	1.205850e+01	4.396890e-02	4.943840e+00
1.098878e+02	1.233682e+01	3.908802e-02	5.519720e+00
1.263710e+02	1.262012e+01	3.456991e-02	6.197796e+00
1.453266e+02	1.279876e+01	3.076042e-02	6.998913e+00
1.671256e+02	1.396076e+01	2.742165e-02	7.946286e+00
1.921945e+02	1.372937e+01	2.439902e-02	9.088320e+00
2.210236e+02	1.338514e+01	2.165030e-02	1.046070e+01
2.541772e+02	1.302358e+01	1.909123e-02	1.210537e+01
2.923037e+02	1.258454e+01	1.713743e-02	1.409265e+01
3.361493e+02	1.221332e+01	1.534156e-02	1.648040e+01
3.865717e+02	1.175020e+01	1.345014e-02	1.933912e+01
4.445574e+02	1.125664e+01	1.189015e-02	2.279018e+01
5.112411e+02	1.075802e+01	1.046996e-02	2.697674e+01
5.879272e+02	1.025865e+01	9.365155e-03	3.207947e+01
6.761163e+02	9.777765e+00	8.361034e-03	3.832685e+01
7.775337e+02	9.297627e+00	7.315873e-03	4.601011e+01
8.941638e+02	8.808866e+00	6.448198e-03	5.549596e+01
1.028288e+03	8.314787e+00	5.670629e-03	6.725548e+01
1.182532e+03	7.812518e+00	5.013316e-03	8.189950e+01
1.359911e+03	7.318392e+00	4.424126e-03	1.002094e+02
1.563898e+03	6.842478e+00	3.893389e-03	1.231643e+02
1.798483e+03	6.383052e+00	3.458762e-03	1.519884e+02
2.068255e+03	5.932467e+00	3.045553e-03	1.882859e+02
2.378493e+03	5.493574e+00	2.685673e-03	2.341367e+02
2.735268e+03	5.072373e+00	2.380262e-03	2.922115e+02
3.145558e+03	4.671228e+00	2.121277e-03	3.659380e+02
3.617391e+03	4.291859e+00	1.873426e-03	4.597129e+02
4.160000e+03	3.934258e+00	1.638447e-03	5.791538e+02
4.784000e+03	3.598269e+00	1.434533e-03	7.314491e+02
5.501600e+03	3.286273e+00	1.267068e-03	9.257716e+02
6.326840e+03	2.998676e+00	1.124646e-03	1.173778e+03
7.275866e+03	2.733936e+00	9.900095e-04	1.490232e+03
8.367246e+03	2.491691e+00	8.643579e-04	1.893744e+03
9.622333e+03	2.272340e+00	7.551303e-04	2.407665e+03
