# Energy_MeV	dEdx_Elec_MeV_um	dEdx_Nucl_MeV_um	Range_um
1.000000e-05	6.432354e-03	3.266831e-02	3.109282e-03
1.150000e-05	6.897931e-03	3.628013e-02	3.334333e-03
1.322500e-05	7.397207e-03	4.020651e-02	3.575674e-03
1.520875e-05	7.932620e-03	4.462319e-02	3.834483e-03
1.749006e-05	8.506788e-03	4.956655e-02	4.112025e-03
2.011357e-05	9.122513e-03	5.493476e-02	4.409656e-03
2.313061e-05	9.782806e-03	6.088438e-02	4.728829e-03
2.660020e-05	1.049089e-02	6.741320e-02	5.071104e-03
3.059023e-05	1.125023e-02	7.459434e-02	5.438153e-03
3.517876e-05	1.206452e-02	8.244163e-02	5.831770e-03
4.045558e-05	1.293776e-02	9.104466e-02	6.253876e-03
4.652391e-05	1.387420e-02	1.005972e-01	6.706535e-03
5.350250e-05	1.487842e-02	1.110504e-01	7.191958e-03
6.152788e-05	1.595533e-02	1.222135e-01	7.712516e-03
7.075706e-05	1.711019e-02	1.343679e-01	8.270752e-03
8.137062e-05	1.834863e-02	1.482800e-01	8.869393e-03
9.357621e-05	1.967672e-02	1.631442e-01	9.511364e-03
1.076126e-04	2.110093e-02	1.793726e-01	1.019980e-02
1.237545e-04	2.262822e-02	1.966692e-01	1.093807e-02
1.423177e-04	2.426607e-02	2.153162e-01	1.172977e-02
1.636654e-04	2.602246e-02	2.366798e-01	1.257878e-02
1.882152e-04	2.790598e-02	2.591813e-01	1.348924e-02
2.164475e-04	2.992583e-02	2.837152e-01	1.446560e-02
2.489146e-04	3.209187e-02	3.101160e-01	1.551262e-02
2.862518e-04	3.441470e-02	3.385633e-01	1.663544e-02
3.291895e-04	3.690565e-02	3.694135e-01	1.783952e-02
3.785680e-04	3.957691e-02	4.016838e-01	1.913075e-02
4.353531e-04	4.244150e-02	4.373377e-01	2.051544e-02
5.006561e-04	4.551344e-02	4.751994e-01	2.200036e-02
5.757545e-04	4.880773e-02	5.151746e-01	2.359276e-02
6.621177e-04	5.234046e-02	5.566374e-01	2.530042e-02
7.614354e-04	5.612889e-02	6.025157e-01	2.713168e-02
8.756507e-04	6.019153e-02	6.525898e-01	2.909548e-02
1.006998e-03	6.454822e-02	7.040424e-01	3.120143e-02
1.158048e-03	6.922025e-02	7.583370e-01	3.345980e-02
1.331755e-03	7.423045e-02	8.132967e-01	3.588164e-02
1.531519e-03	7.960329e-02	8.736273e-01	3.847877e-02
1.761246e-03	8.536502e-02	9.385761e-01	4.126389e-02
2.025433e-03	9.154379e-02	1.004065e+00	4.425059e-02
2.329248e-03	9.816977e-02	1.073135e+00	4.745347e-02
2.678635e-03	1.052754e-01	1.144463e+00	5.088818e-02
3.080431e-03	1.128952e-01	1.217507e+00	5.457149e-02
3.542495e-03	1.210667e-01	1.290757e+00	5.852140e-02
4.073870e-03	1.298295e-01	1.365661e+00	6.275721e-02
4.684950e-03	1.392267e-01	1.444164e+00	6.729961e-02
5.387693e-03	1.493040e-01	1.523222e+00	7.217080e-02
6.195847e-03	1.601107e-01	1.597392e+00	7.739456e-02
7.125224e-03	1.716995e-01	1.670558e+00	8.299642e-02
8.194007e-03	1.841273e-01	1.753961e+00	8.900374e-02
9.423108e-03	1.974545e-01	1.830364e+00	9.544588e-02
1.083657e-02	2.117463e-01	1.906021e+00	1.023543e-01
1.246206e-02	2.270727e-01	1.974456e+00	1.097628e-01
1.433137e-02	2.435083e-01	2.039124e+00	1.176649e-01
1.648108e-02	2.611336e-01	2.112141e+00	1.262048e-01
1.895324e-02	2.800345e-01	2.175344e+00	1.353678e-01
2.179622e-02	3.003036e-01	2.235986e+00	1.451642e-01
2.506566e-02	3.220397e-01	2.291147e+00	1.556714e-01
2.882550e-02	3.453491e-01	2.341841e+00	1.669388e-01
3.314933e-02	3.703457e-01	2.388747e+00	1.790217e-01
3.812173e-02	3.971515e-01	2.427753e+00	1.919791e-01
4.383999e-02	4.258975e-01	2.466392e+00	2.058744e-01
5.041599e-02	4.567242e-01	2.498712e+00	2.207754e-01
5.797838e-02	4.897822e-01	2.524986e+00	2.367551e-01
6.667514e-02	5.252328e-01	2.544293e+00	2.538913e-01
7.667641e-02	5.632495e-01	2.562520e+00	2.722678e-01
8.817787e-02	6.040178e-01	2.578280e+00	2.919744e-01
1.014046e-01	6.477369e-01	2.585858e+00	3.131075e-01
1.166152e-01	6.946204e-01	2.588047e+00	3.357702e-01
1.341075e-01	7.448974e-01	2.582814e+00	3.600732e-01
1.542237e-01	7.988135e-01	2.574089e+00	3.861351e-01
1.773572e-01	8.566320e-01	2.560774e+00	4.140835e-01
2.039608e-01	9.186355e-01	2.539402e+00	4.440550e-01
2.345549e-01	9.851269e-01	2.511939e+00	4.761957e-01
2.697381e-01	1.056431e+00	2.477821e+00	5.106627e-01
3.101989e-01	1.132896e+00	2.437250e+00	5.476244e-01
3.567287e-01	1.214895e+00	2.390400e+00	5.872615e-01
4.102380e-01	1.302830e+00	2.336991e+00	6.297677e-01
4.717737e-01	1.397130e+00	2.277312e+00	6.753504e-01
5.425397e-01	1.498255e+00	2.211844e+00	7.242323e-01
6.239207e-01	1.606699e+00	2.144211e+00	7.766522e-01
7.175088e-01	1.722993e+00	2.071565e+00	8.328666e-01
8.251351e-01	1.847704e+00	1.988739e+00	8.931497e-01
9.489054e-01	1.981442e+00	1.906566e+00	9.577967e-01
1.091241e+00	2.124860e+00	1.819589e+00	1.027120e+00
1.254927e+00	2.278658e+00	1.736730e+00	1.101468e+00
1.443166e+00	2.439492e+00	1.652256e+00	1.181191e+00
1.659641e+00	2.589550e+00	1.557118e+00	1.267240e+00
1.908588e+00	2.746455e+00	1.468317e+00	1.360541e+00
2.194876e+00	2.909655e+00	1.377892e+00	1.461748e+00
2.524107e+00	3.078246e+00	1.291310e+00	1.571685e+00
2.902723e+00	3.250861e+00	1.206349e+00	1.691292e+00
3.338132e+00	3.425547e+00	1.123114e+00	1.821677e+00
3.838852e+00	3.599643e+00	1.046789e+00	1.964166e+00
4.414679e+00	3.769676e+00	9.678098e-01	2.120365e+00
5.076881e+00	2.055790e+00	8.940513e-01	2.292245e+00
5.838413e+00	2.258908e+00	8.260376e-01	2.482249e+00
6.714175e+00	2.482288e+00	7.655747e-01	2.693440e+00
7.721302e+00	2.724597e+00	7.019838e-01	2.929677e+00
8.879497e+00	2.995592e+00	6.426824e-01	3.195849e+00
1.021142e+01	3.285334e+00	5.996317e-01	3.498164e+00
1.174313e+01	3.603880e+00	5.571295e-01	3.844507e+00
1.350460e+01	3.949261e+00	5.083794e-01	4.244908e+00
1.553030e+01	4.294686e+00	4.523168e-01	4.204020e+00
1.785984e+01	4.674175e+00	4.001855e-01	4.008594e+00
2.053882e+01	5.095053e+00	3.607576e-01	3.856078e+00
2.361964e+01	5.547947e+00	3.250416e-01	3.744855e+00
2.716258e+01	6.033571e+00	2.924568e-01	3.673793e+00
3.123697e+01	6.557816e+00	2.633787e-01	3.642213e+00
3.592252e+01	7.143074e+00	2.379922e-01	3.649863e+00
4.131089e+01	7.768196e+00	2.145764e-01	3.696803e+00
4.750753e+01	8.454373e+00	1.920731e-01	3.783729e+00
5.463366e+01	9.214113e+00	1.716808e-01	3.911726e+00
6.282871e+01	9.978685e+00	1.555618e-01	4.082545e+00
7.225301e+01	1.079830e+01	1.407151e-01	4.298768e+00
8.309096e+01	1.159175e+01	1.242731e-01	4.564017e+00
9.555461e+01	1.237086e+01	1.108895e-01	4.883185e+00
1.098878e+02	1.317234e+01	9.863400e-02	5.262687e+00
1.263710e+02	1.383187e+01	8.886322e-02	5.710725e+00
1.453266e+02	1.447157e+01	8.002938e-02	6.237626e+00
1.671256e+02	1.495223e+01	7.037152e-02	6.856253e+00
1.921945e+02	1.545151e+01	6.257378e-02	7.582532e+00
2.210236e+02	1.599258e+01	5.546670e-02	8.435812e+00
2.541772e+02	1.631066e+01	4.930492e-02	9.440054e+00
2.923037e+02	1.813690e+01	4.380476e-02	1.062691e+01
3.361493e+02	1.799057e+01	3.887153e-02	1.205590e+01
3.865717e+02	1.769256e+01	3.476613e-02	1.375478e+01
4.445574e+02	1.737081e+01	3.074896e-02	1.578677e+01
5.112411e+02	1.696339e+01	2.725786e-02	1.822163e+01
5.879272e+02	1.657203e+01	2.428992e-02	2.111763e+01
6.761163e+02	1.604243e+01	2.184590e-02	2.456317e+01
7.775337e+02	1.547977e+01	1.932586e-02	2.869489e+01
8.941638e+02	1.490380e+01	1.693354e-02	3.367291e+01
1.028288e+03	1.432533e+01	1.499597e-02	3.969698e+01
1.182532e+03	1.377409e+01	1.328685e-02	4.702033e+01
1.359911e+03	1.320531e+01	1.191580e-02	5.596098e+01
1.563898e+03	1.261247e+01	1.050655e-02	6.691850e+01
1.798483e+03	1.200004e+01	9.190729e-03	8.040531e+01
2.068255e+03	1.137160e+01	8.125422e-03	9.708230e+01
2.378493e+03	1.074209e+01	7.151909e-03	1.177825e+02
2.735268e+03	1.013748e+01	6.289159e-03	1.435378e+02
3.145558e+03	9.536338e+00	5.552140e-03	1.756410e+02
3.617391e+03	8.936101e+00	4.927257e-03	2.158010e+02
4.160000e+03	8.344933e+00	4.363430e-03	2.662023e+02
4.784000e+03	7.769969e+00	3.834339e-03	3.296471e+02
5.501600e+03	7.213995e+00	3.369569e-03	4.097208e+02
6.326840e+03	6.680212e+00	3.012734e-03	5.110083e+02
7.275866e+03	6.171368e+00	2.686079e-03	6.393597e+02
8.367246e+03	5.689146e+00	2.330067e-03	8.022577e+02
9.622333e+03	5.234719e+00	2.047769e-03	1.009237e+03
