# Energy_MeV	dEdx_Elec_MeV_um	dEdx_Nucl_MeV_um	Range_um
1.000000e-05	2.856394e-03	4.499321e-02	4.078803e-03
1.150000e-05	3.096535e-03	4.937814e-02	4.374029e-03
1.322500e-05	3.353713e-03	5.390411e-02	4.690623e-03
1.520875e-05	3.629194e-03	5.891977e-02	5.030133e-03
1.749006e-05	3.924332e-03	6.427393e-02	5.394217e-03
2.011357e-05	4.240574e-03	6.995359e-02	5.784653e-03
2.313061e-05	4.579472e-03	7.626386e-02	6.203350e-03
2.660020e-05	4.942685e-03	8.276212e-02	6.652351e-03
3.059023e-05	5.331991e-03	8.979772e-02	7.133852e-03
3.517876e-05	5.749297e-03	9.714302e-02	7.650204e-03
4.045558e-05	6.196643e-03	1.053616e-01	8.203930e-03
4.652391e-05	6.676216e-03	1.138110e-01	8.797735e-03
5.350250e-05	7.190363e-03	1.229498e-01	9.434519e-03
6.152788e-05	7.741595e-03	1.324819e-01	1.011739e-02
7.075706e-05	8.332609e-03	1.422787e-01	1.084970e-02
8.137062e-05	8.966291e-03	1.531801e-01	1.163500e-02
9.357621e-05	9.645740e-03	1.641135e-01	1.247715e-02
1.076126e-04	1.037427e-02	1.758693e-01	1.338025e-02
1.237545e-04	1.115545e-02	1.880940e-01	1.434872e-02
1.423177e-04	1.199310e-02	2.007964e-01	1.538729e-02
1.636654e-04	1.289130e-02	2.136775e-01	1.650103e-02
1.882152e-04	1.385444e-02	2.267045e-01	1.769539e-02
2.164475e-04	1.488723e-02	2.403470e-01	1.897619e-02
2.489146e-04	1.599472e-02	2.540886e-01	2.034969e-02
2.862518e-04	1.718232e-02	2.683322e-01	2.182262e-02
3.291895e-04	1.845582e-02	2.813708e-01	2.340215e-02
3.785680e-04	1.982146e-02	2.954097e-01	2.509601e-02
4.353531e-04	2.128590e-02	3.098846e-01	2.691247e-02
5.006561e-04	2.285629e-02	3.229859e-01	2.886041e-02
5.757545e-04	2.454031e-02	3.376113e-01	3.094934e-02
6.621177e-04	2.634619e-02	3.493670e-01	3.318947e-02
7.614354e-04	2.828275e-02	3.623197e-01	3.559174e-02
8.756507e-04	3.035944e-02	3.750013e-01	3.816789e-02
1.006998e-03	3.258642e-02	3.859789e-01	4.093050e-02
1.158048e-03	3.497457e-02	3.980616e-01	4.389308e-02
1.331755e-03	3.753554e-02	4.077439e-01	4.707008e-02
1.531519e-03	4.028186e-02	4.175583e-01	5.047704e-02
1.761246e-03	4.322694e-02	4.261401e-01	5.413059e-02
2.025433e-03	4.638516e-02	4.337544e-01	5.804859e-02
2.329248e-03	4.977196e-02	4.412594e-01	6.225018e-02
2.678635e-03	5.340388e-02	4.469726e-01	6.672453e-02
3.080431e-03	5.729867e-02	4.522968e-01	7.157597e-02
3.542495e-03	6.147534e-02	4.563040e-01	7.677141e-02
4.073870e-03	6.595432e-02	4.602698e-01	8.232771e-02
4.684950e-03	7.075747e-02	4.627745e-01	8.828650e-02
5.387693e-03	7.590827e-02	4.647103e-01	9.467668e-02
6.195847e-03	8.143187e-02	4.655718e-01	1.015293e-01
7.125224e-03	8.735526e-02	4.651677e-01	1.088778e-01
8.194007e-03	9.370738e-02	4.642344e-01	1.167583e-01
9.423108e-03	1.005193e-01	4.618551e-01	1.252092e-01
1.083657e-02	1.078242e-01	4.585957e-01	1.342718e-01
1.246206e-02	1.156578e-01	4.542041e-01	1.439904e-01
1.433137e-02	1.240585e-01	4.485620e-01	1.544123e-01
1.648108e-02	1.330672e-01	4.417739e-01	1.655886e-01
1.895324e-02	1.427279e-01	4.338504e-01	1.775739e-01
2.179622e-02	1.530879e-01	4.246908e-01	1.904267e-01
2.506566e-02	1.641977e-01	4.145416e-01	2.042097e-01
2.882550e-02	1.761116e-01	4.031811e-01	2.189903e-01
3.314933e-02	1.888879e-01	3.915214e-01	2.348408e-01
3.812173e-02	2.025890e-01	3.783928e-01	2.518386e-01
4.383999e-02	2.172817e-01	3.642454e-01	2.700667e-01
5.041599e-02	2.330379e-01	3.500973e-01	2.896141e-01
5.797838e-02	2.499345e-01	3.342550e-01	3.105763e-01
6.667514e-02	2.680541e-01	3.199652e-01	3.330559e-01
7.667641e-02	2.874852e-01	3.039012e-01	3.571626e-01
8.817787e-02	3.083228e-01	2.876010e-01	3.830141e-01
1.014046e-01	3.306685e-01	2.721586e-01	4.107366e-01
1.166152e-01	3.546317e-01	2.550842e-01	4.404658e-01
1.341075e-01	3.803293e-01	2.399702e-01	4.723469e-01
1.542237e-01	4.078870e-01	2.241625e-01	5.065355e-01
1.773572e-01	4.374393e-01	2.093003e-01	5.431989e-01
2.039608e-01	4.691305e-01	1.950677e-01	5.825147e-01
2.345549e-01	5.031157e-01	1.803559e-01	6.246776e-01
2.697381e-01	5.395617e-01	1.674650e-01	6.699026e-01
3.101989e-01	5.786487e-01	1.547281e-01	7.187542e-01
3.567287e-01	6.205648e-01	1.432273e-01	7.717231e-01
4.102380e-01	6.655149e-01	1.310417e-01	8.291897e-01
4.717737e-01	7.137187e-01	1.214641e-01	8.916210e-01
5.425397e-01	7.654093e-01	1.124275e-01	9.536644e-01
6.239207e-01	8.208267e-01	1.035782e-01	9.810874e-01
7.175088e-01	8.948954e-01	9.496603e-02	1.008100e+00
8.251351e-01	9.835841e-01	8.532595e-02	1.033646e+00
9.489054e-01	1.077371e+00	7.702396e-02	1.057940e+00
1.091241e+00	1.182341e+00	6.882814e-02	1.081304e+00
1.254927e+00	1.299477e+00	6.175841e-02	1.104179e+00
1.443166e+00	1.427271e+00	5.549701e-02	1.127146e+00
1.659641e+00	1.570461e+00	5.005183e-02	1.150931e+00
1.908588e+00	1.724020e+00	4.520737e-02	1.176421e+00
2.194876e+00	1.887756e+00	4.060754e-02	1.204669e+00
2.524107e+00	2.063451e+00	3.656809e-02	1.236907e+00
2.902723e+00	2.221695e+00	3.272978e-02	1.274568e+00
3.338132e+00	2.393409e+00	2.966040e-02	1.319297e+00
3.838852e+00	2.577858e+00	2.652976e-02	1.372997e+00
4.414679e+00	2.754445e+00	2.368432e-02	1.437854e+00
5.076881e+00	2.930105e+00	2.131261e-02	1.516363e+00
5.838413e+00	3.069371e+00	1.878071e-02	1.611362e+00
6.714175e+00	3.205938e+00	1.703075e-02	1.726062e+00
7.721302e+00	3.312790e+00	1.511966e-02	1.864106e+00
8.879497e+00	3.406814e+00	1.345200e-02	2.029645e+00
1.021142e+01	3.497564e+00	1.205424e-02	2.227475e+00
1.174313e+01	3.550018e+00	1.056612e-02	2.463238e+00
1.350460e+01	3.595568e+00	9.468241e-03	2.743704e+00
1.553030e+01	3.618768e+00	8.370704e-03	3.077124e+00
1.785984e+01	3.623683e+00	7.458287e-03	3.473690e+00
2.053882e+01	3.617957e+00	6.645591e-03	3.946091e+00
2.361964e+01	3.585305e+00	5.860054e-03	4.510222e+00
2.716258e+01	3.539870e+00	5.238270e-03	5.186067e+00
3.123697e+01	3.475141e+00	4.651539e-03	5.998790e+00
3.592252e+01	3.399821e+00	4.165306e-03	6.980232e+00
4.131089e+01	3.312540e+00	3.666425e-03	8.170554e+00
4.750753e+01	3.209019e+00	3.271402e-03	9.620227e+00
5.463366e+01	3.203961e+00	2.879555e-03	1.139906e+01
6.282871e+01	3.019526e+00	2.556878e-03	1.361462e+01
7.225301e+01	2.823547e+00	2.276227e-03	1.635405e+01
8.309096e+01	2.630995e+00	1.996720e-03	1.976932e+01
9.555461e+01	2.448576e+00	1.779072e-03	2.403425e+01
1.098878e+02	2.281803e+00	1.560903e-03	2.933693e+01
1.263710e+02	2.113873e+00	1.377081e-03	3.594362e+01
1.453266e+02	1.951378e+00	1.210193e-03	4.422441e+01
1.671256e+02	1.796075e+00	1.068633e-03	5.464472e+01
1.921945e+02	1.648933e+00	9.468549e-04	6.780305e+01
2.210236e+02	1.509966e+00	8.337292e-04	8.447697e+01
2.541772e+02	1.378997e+00	7.385688e-04	1.056680e+02
2.923037e+02	1.255430e+00	6.494160e-04	1.326678e+02
3.361493e+02	1.139362e+00	5.799591e-04	1.671584e+02
3.865717e+02	1.031074e+00	5.096222e-04	2.113348e+02
4.445574e+02	9.311211e-01	4.485479e-04	2.680116e+02
5.112411e+02	8.410780e-01	3.976958e-04	3.407459e+02
5.879272e+02	7.585249e-01	3.444117e-04	4.340612e+02
6.761163e+02	6.830214e-01	3.089047e-04	5.539040e+02
7.775337e+02	6.142881e-01	2.698646e-04	7.078949e+02
8.941638e+02	5.519752e-01	2.372624e-04	9.058217e+02
1.028288e+03	4.956453e-01	2.097378e-04	1.160208e+03
1.182532e+03	4.449867e-01	1.810900e-04	1.487036e+03
1.359911e+03	3.996437e-01	1.601157e-04	1.906649e+03
1.563898e+03	3.591154e-01	1.395196e-04	2.444957e+03
1.798483e+03	3.228615e-01	1.228511e-04	3.134827e+03
2.068255e+03	2.905638e-01	1.080064e-04	4.017817e+03
2.378493e+03	2.619194e-01	9.396845e-05	5.146304e+03
2.735268e+03	2.364854e-01	8.288319e-05	6.586031e+03
3.145558e+03	2.139137e-01	7.268249e-05	8.419152e+03
3.617391e+03	1.939708e-01	6.426987e-05	1.074782e+04
4.160000e+03	1.763799e-01	5.574129e-05	1.369830e+04
4.784000e+03	1.608595e-01	0.000000e+00	1.742570e+04
5.501600e+03	1.472119e-01	0.000000e+00	2.211916e+04
6.326840e+03	1.352553e-01	0.000000e+00	2.800755e+04
7.275866e+03	1.247790e-01	0.000000e+00	3.536545e+04
8.367246e+03	1.156214e-01	0.000000e+00	4.451928e+04
9.622333e+03	1.076716e-01	0.000000e+00	5.585339e+04
