# Energy_MeV	dEdx_Elec_MeV_um	dEdx_Nucl_MeV_um	Range_um
1.000000e-05	6.516326e-03	4.104162e-02	3.069214e-03
1.150000e-05	6.987981e-03	4.546197e-02	3.291365e-03
1.322500e-05	7.493775e-03	5.029145e-02	3.529596e-03
1.520875e-05	8.036178e-03	5.558497e-02	3.785070e-03
1.749006e-05	8.617841e-03	6.141284e-02	4.059036e-03
2.011357e-05	9.241605e-03	6.782828e-02	4.352831e-03
2.313061e-05	9.910517e-03	7.491037e-02	4.667891e-03
2.660020e-05	1.062785e-02	8.241154e-02	5.005755e-03
3.059023e-05	1.139710e-02	9.067217e-02	5.368075e-03
3.517876e-05	1.222202e-02	1.000284e-01	5.756619e-03
4.045558e-05	1.310666e-02	1.100201e-01	6.173286e-03
4.652391e-05	1.405533e-02	1.210408e-01	6.620112e-03
5.350250e-05	1.507266e-02	1.326465e-01	7.099279e-03
6.152788e-05	1.616363e-02	1.453526e-01	7.613128e-03
7.075706e-05	1.733356e-02	1.597122e-01	8.164171e-03
8.137062e-05	1.858817e-02	1.748740e-01	8.755098e-03
9.357621e-05	1.993359e-02	1.915291e-01	9.388796e-03
1.076126e-04	2.137639e-02	2.092746e-01	1.006836e-02
1.237545e-04	2.292363e-02	2.285460e-01	1.079712e-02
1.423177e-04	2.458285e-02	2.494235e-01	1.157862e-02
1.636654e-04	2.636217e-02	2.712609e-01	1.241668e-02
1.882152e-04	2.827028e-02	2.953869e-01	1.331541e-02
2.164475e-04	3.031650e-02	3.208729e-01	1.427919e-02
2.489146e-04	3.251082e-02	3.479149e-01	1.531272e-02
2.862518e-04	3.486397e-02	3.762376e-01	1.642106e-02
3.291895e-04	3.738745e-02	4.071749e-01	1.760963e-02
3.785680e-04	4.009357e-02	4.406865e-01	1.888422e-02
4.353531e-04	4.299556e-02	4.759299e-01	2.025107e-02
5.006561e-04	4.610761e-02	5.123800e-01	2.171686e-02
5.757545e-04	4.944490e-02	5.500964e-01	2.328873e-02
6.621177e-04	5.302375e-02	5.908137e-01	2.497438e-02
7.614354e-04	5.686163e-02	6.342403e-01	2.678204e-02
8.756507e-04	6.097731e-02	6.792798e-01	2.872054e-02
1.006998e-03	6.539088e-02	7.256926e-01	3.079935e-02
1.158048e-03	7.012391e-02	7.745019e-01	3.302862e-02
1.331755e-03	7.519951e-02	8.236498e-01	3.541925e-02
1.531519e-03	8.064249e-02	8.734842e-01	3.798292e-02
1.761246e-03	8.647944e-02	9.248876e-01	4.073214e-02
2.025433e-03	9.273886e-02	9.775335e-01	4.368035e-02
2.329248e-03	9.945135e-02	1.031906e+00	4.684196e-02
2.678635e-03	1.066497e-01	1.081758e+00	5.023241e-02
3.080431e-03	1.143691e-01	1.132628e+00	5.386826e-02
3.542495e-03	1.226471e-01	1.188596e+00	5.776727e-02
4.073870e-03	1.315244e-01	1.240472e+00	6.194849e-02
4.684950e-03	1.410442e-01	1.292808e+00	6.643236e-02
5.387693e-03	1.512531e-01	1.338873e+00	7.124077e-02
6.195847e-03	1.622009e-01	1.384201e+00	7.639721e-02
7.125224e-03	1.739410e-01	1.433036e+00	8.192688e-02
8.194007e-03	1.865310e-01	1.476508e+00	8.785679e-02
9.423108e-03	2.000322e-01	1.518553e+00	9.421153e-02
1.083657e-02	2.145106e-01	1.555892e+00	1.010389e-01
1.246206e-02	2.300370e-01	1.590904e+00	1.083500e-01
1.433137e-02	2.466872e-01	1.623340e+00	1.161933e-01
1.648108e-02	2.645426e-01	1.650471e+00	1.246031e-01
1.895324e-02	2.836903e-01	1.676802e+00	1.336217e-01
2.179622e-02	3.042240e-01	1.699056e+00	1.432932e-01
2.506566e-02	3.262439e-01	1.717265e+00	1.536647e-01
2.882550e-02	3.498576e-01	1.731386e+00	1.647868e-01
3.314933e-02	3.751804e-01	1.743873e+00	1.767139e-01
3.812173e-02	4.023362e-01	1.754209e+00	1.895044e-01
4.383999e-02	4.314575e-01	1.760486e+00	2.032207e-01
5.041599e-02	4.626866e-01	1.761980e+00	2.179297e-01
5.797838e-02	4.961761e-01	1.759303e+00	2.337034e-01
6.667514e-02	5.320896e-01	1.753605e+00	2.506187e-01
7.667641e-02	5.706025e-01	1.744507e+00	2.687585e-01
8.817787e-02	6.119031e-01	1.730842e+00	2.882113e-01
1.014046e-01	6.561929e-01	1.712436e+00	3.090719e-01
1.166152e-01	7.036885e-01	1.689790e+00	3.314424e-01
1.341075e-01	7.546219e-01	1.662567e+00	3.554322e-01
1.542237e-01	8.092418e-01	1.631161e+00	3.811585e-01
1.773572e-01	8.678151e-01	1.595211e+00	4.087468e-01
2.039608e-01	9.306281e-01	1.555178e+00	4.383319e-01
2.345549e-01	9.979874e-01	1.510817e+00	4.700583e-01
2.697381e-01	1.070222e+00	1.465288e+00	5.040812e-01
3.101989e-01	1.147686e+00	1.415788e+00	5.405668e-01
3.567287e-01	1.230756e+00	1.360304e+00	5.796932e-01
4.102380e-01	1.319838e+00	1.304407e+00	6.216513e-01
4.717737e-01	1.415369e+00	1.245248e+00	6.666465e-01
5.425397e-01	1.517814e+00	1.189175e+00	7.148989e-01
6.239207e-01	1.627674e+00	1.131063e+00	7.666423e-01
7.175088e-01	1.745486e+00	1.067407e+00	8.221380e-01
8.251351e-01	1.871825e+00	1.006366e+00	8.816235e-01
9.489054e-01	1.989685e+00	9.449135e-01	9.456737e-01
1.091241e+00	2.110822e+00	8.858905e-01	1.015094e+00
1.254927e+00	2.237032e+00	8.279990e-01	1.090370e+00
1.443166e+00	2.367695e+00	7.709599e-01	1.172110e+00
1.659641e+00	2.501857e+00	7.181901e-01	1.260993e+00
1.908588e+00	2.638136e+00	6.648851e-01	1.357827e+00
2.194876e+00	1.408065e+00	6.142710e-01	1.463567e+00
2.524107e+00	1.549538e+00	5.681197e-01	1.579369e+00
2.902723e+00	1.700299e+00	5.255542e-01	1.706644e+00
3.338132e+00	1.867740e+00	4.824485e-01	1.847141e+00
3.838852e+00	2.046538e+00	4.432299e-01	2.003042e+00
4.414679e+00	2.244107e+00	4.113895e-01	2.177094e+00
5.076881e+00	2.459923e+00	3.823510e-01	2.372771e+00
5.838413e+00	2.690981e+00	3.495613e-01	2.484614e+00
6.714175e+00	2.947733e+00	3.118827e-01	2.415535e+00
7.721302e+00	3.216764e+00	2.773593e-01	2.356453e+00
8.879497e+00	3.508043e+00	2.484528e-01	2.309011e+00
1.021142e+01	3.822763e+00	2.243089e-01	2.274795e+00
1.174313e+01	4.177675e+00	2.014283e-01	2.255374e+00
1.350460e+01	4.578679e+00	1.816929e-01	2.252358e+00
1.553030e+01	5.014368e+00	1.641829e-01	2.267349e+00
1.785984e+01	5.487967e+00	1.477555e-01	2.302201e+00
2.053882e+01	6.008283e+00	1.326791e-01	2.358765e+00
2.361964e+01	6.526219e+00	1.183897e-01	2.439039e+00
2.716258e+01	7.090871e+00	1.072927e-01	2.545190e+00
3.123697e+01	7.672321e+00	9.686367e-02	2.679642e+00
3.592252e+01	8.244980e+00	8.588458e-02	2.845194e+00
4.131089e+01	8.836476e+00	7.650614e-02	3.045197e+00
4.750753e+01	9.330029e+00	6.809912e-02	3.283747e+00
5.463366e+01	9.835542e+00	6.131073e-02	3.565925e+00
6.282871e+01	1.029000e+01	5.511734e-02	3.898085e+00
7.225301e+01	1.068530e+01	4.867139e-02	4.288120e+00
8.309096e+01	1.106708e+01	4.315112e-02	4.745826e+00
9.555461e+01	1.127060e+01	3.830802e-02	5.283321e+00
1.098878e+02	1.148725e+01	3.403464e-02	5.915590e+00
1.263710e+02	1.170443e+01	3.027308e-02	6.660933e+00
1.453266e+02	1.182596e+01	2.684670e-02	7.542727e+00
1.671256e+02	1.290742e+01	2.394973e-02	8.587173e+00
1.921945e+02	1.265778e+01	2.124472e-02	9.848060e+00
2.210236e+02	1.230827e+01	1.880921e-02	1.136585e+01
2.541772e+02	1.194313e+01	1.679930e-02	1.318840e+01
2.923037e+02	1.151113e+01	1.504752e-02	1.539497e+01
3.361493e+02	1.114504e+01	1.333506e-02	1.805207e+01
3.865717e+02	1.069910e+01	1.174606e-02	2.124085e+01
4.445574e+02	1.022771e+01	1.034807e-02	2.509936e+01
5.112411e+02	9.753266e+00	9.200840e-03	2.979117e+01
5.879272e+02	9.279589e+00	8.210671e-03	3.552313e+01
6.761163e+02	8.823076e+00	7.252290e-03	4.255735e+01
7.775337e+02	8.368688e+00	6.377696e-03	5.122852e+01
8.941638e+02	7.908727e+00	5.608141e-03	6.195893e+01
1.028288e+03	7.446172e+00	4.952918e-03	7.529187e+01
1.182532e+03	6.978559e+00	4.345789e-03	9.193261e+01
1.359911e+03	6.520526e+00	3.839081e-03	1.127848e+02
1.563898e+03	6.080937e+00	3.408548e-03	1.389827e+02
1.798483e+03	5.658211e+00	3.010749e-03	1.719473e+02
2.068255e+03	5.245771e+00	2.656224e-03	2.135409e+02
2.378493e+03	4.845924e+00	2.329820e-03	2.661796e+02
2.735268e+03	4.463750e+00	2.080159e-03	3.329674e+02
3.145558e+03	4.101307e+00	1.852014e-03	4.178903e+02
3.617391e+03	3.760095e+00	1.614578e-03	5.260622e+02
4.160000e+03	3.439648e+00	1.413664e-03	6.640182e+02
4.784000e+03	3.139500e+00	1.242288e-03	8.401196e+02
5.501600e+03	2.861901e+00	1.103372e-03	1.065034e+03
6.326840e+03	2.607060e+00	9.800609e-04	1.352313e+03
7.275866e+03	2.373183e+00	8.528294e-04	1.719113e+03
8.367246e+03	2.159878e+00	7.446439e-04	2.187053e+03
9.622333e+03	1.967465e+00	6.527949e-04	2.783242e+03
