# Energy_MeV	dEdx_Elec_MeV_um	dEdx_Nucl_MeV_um	Range_um
1.000000e-05	6.295704e-03	4.794934e-02	3.176770e-03
1.150000e-05	6.751390e-03	5.282227e-02	3.406706e-03
1.322500e-05	7.240059e-03	5.789524e-02	3.653285e-03
1.520875e-05	7.764099e-03	6.352810e-02	3.917712e-03
1.749006e-05	8.326068e-03	6.975517e-02	4.201278e-03
2.011357e-05	8.928713e-03	7.634218e-02	4.505368e-03
2.313061e-05	9.574978e-03	8.374732e-02	4.831469e-03
2.660020e-05	5.165215e-03	9.148343e-02	5.181174e-03
3.059023e-05	5.583604e-03	1.000605e-01	5.556190e-03
3.517876e-05	6.031937e-03	1.091521e-01	5.958350e-03
4.045558e-05	6.512409e-03	1.188041e-01	6.389618e-03
4.652391e-05	7.027374e-03	1.294951e-01	6.852102e-03
5.350250e-05	7.579353e-03	1.405956e-01	7.348061e-03
6.152788e-05	8.171046e-03	1.527802e-01	7.879918e-03
7.075706e-05	8.805348e-03	1.651601e-01	8.450270e-03
8.137062e-05	9.485360e-03	1.789615e-01	9.061905e-03
9.357621e-05	1.021441e-02	1.936543e-01	9.717811e-03
1.076126e-04	1.099605e-02	2.090782e-01	1.042119e-02
1.237545e-04	1.183412e-02	2.256579e-01	1.117548e-02
1.423177e-04	1.273270e-02	2.422097e-01	1.198437e-02
1.636654e-04	1.369618e-02	2.605156e-01	1.285180e-02
1.882152e-04	1.472928e-02	2.796293e-01	1.378203e-02
2.164475e-04	1.583704e-02	2.994867e-01	1.477958e-02
2.489146e-04	1.702488e-02	3.206337e-01	1.584933e-02
2.862518e-04	1.829859e-02	3.420709e-01	1.699651e-02
3.291895e-04	1.966441e-02	3.642920e-01	1.822673e-02
3.785680e-04	2.112900e-02	3.869688e-01	1.954599e-02
4.353531e-04	2.269952e-02	4.099602e-01	2.096074e-02
5.006561e-04	2.438365e-02	4.338893e-01	2.247789e-02
5.757545e-04	2.618961e-02	4.579492e-01	2.410485e-02
6.621177e-04	2.812621e-02	4.810314e-01	2.584957e-02
7.614354e-04	3.020294e-02	5.047687e-01	2.772058e-02
8.756507e-04	3.242993e-02	5.295008e-01	2.972701e-02
1.006998e-03	3.481805e-02	5.525307e-01	3.187866e-02
1.158048e-03	3.737899e-02	5.774725e-01	3.418606e-02
1.331755e-03	4.012524e-02	5.984669e-01	3.666046e-02
1.531519e-03	4.307023e-02	6.203772e-01	3.931396e-02
1.761246e-03	4.622834e-02	6.423220e-01	4.215953e-02
2.025433e-03	4.961500e-02	6.615999e-01	4.521106e-02
2.329248e-03	5.324676e-02	6.823821e-01	4.848346e-02
2.678635e-03	5.714135e-02	6.993573e-01	5.199272e-02
3.080431e-03	6.131782e-02	7.167058e-01	5.575598e-02
3.542495e-03	6.579655e-02	7.316594e-01	5.977369e-02
4.073870e-03	7.059943e-02	7.447376e-01	6.410809e-02
4.684950e-03	7.574992e-02	7.578158e-01	6.876259e-02
5.387693e-03	8.127319e-02	7.678732e-01	7.373874e-02
6.195847e-03	8.719621e-02	7.776956e-01	7.907611e-02
7.125224e-03	9.354793e-02	7.844710e-01	8.479960e-02
8.194007e-03	1.003594e-01	7.910750e-01	9.093731e-02
9.423108e-03	1.076638e-01	7.961233e-01	9.751928e-02
1.083657e-02	1.154969e-01	7.994739e-01	1.045776e-01
1.246206e-02	1.238970e-01	8.014770e-01	1.121469e-01
1.433137e-02	1.329051e-01	8.008656e-01	1.202640e-01
1.648108e-02	1.425651e-01	7.992668e-01	1.289687e-01
1.895324e-02	1.529244e-01	7.957420e-01	1.383034e-01
2.179622e-02	1.640335e-01	7.903191e-01	1.483137e-01
2.506566e-02	1.759466e-01	7.831014e-01	1.590486e-01
2.882550e-02	1.887220e-01	7.736289e-01	1.705605e-01
3.314933e-02	2.024220e-01	7.622506e-01	1.829057e-01
3.812173e-02	2.171137e-01	7.488819e-01	1.961443e-01
4.383999e-02	2.328688e-01	7.334670e-01	2.103412e-01
5.041599e-02	2.497642e-01	7.161438e-01	2.255657e-01
5.797838e-02	2.678825e-01	6.969212e-01	2.418922e-01
6.667514e-02	2.873122e-01	6.768401e-01	2.594004e-01
7.667641e-02	3.081483e-01	6.546988e-01	2.781757e-01
8.817787e-02	3.304925e-01	6.304522e-01	2.983101e-01
1.014046e-01	3.544539e-01	6.061606e-01	3.199019e-01
1.166152e-01	3.801497e-01	5.790239e-01	3.430565e-01
1.341075e-01	4.077054e-01	5.541301e-01	3.678869e-01
1.542237e-01	4.372555e-01	5.270015e-01	3.945145e-01
1.773572e-01	4.689445e-01	4.986778e-01	4.230696e-01
2.039608e-01	5.029272e-01	4.721557e-01	4.536915e-01
2.345549e-01	5.393695e-01	4.427214e-01	4.865302e-01
2.697381e-01	5.784495e-01	4.166908e-01	5.217441e-01
3.101989e-01	6.203582e-01	3.890649e-01	5.595110e-01
3.567287e-01	6.653010e-01	3.631481e-01	6.000045e-01
4.102380e-01	7.135016e-01	3.390250e-01	6.436976e-01
4.717737e-01	7.651910e-01	3.135191e-01	6.910715e-01
5.425397e-01	8.206217e-01	2.913071e-01	7.424568e-01
6.239207e-01	8.800648e-01	2.684506e-01	7.982720e-01
7.175088e-01	9.438106e-01	2.490380e-01	8.589925e-01
8.251351e-01	1.012171e+00	2.286526e-01	9.251790e-01
9.489054e-01	1.099833e+00	2.105218e-01	9.975020e-01
1.091241e+00	1.208929e+00	1.950602e-01	1.076773e+00
1.254927e+00	1.321877e+00	1.802967e-01	1.115944e+00
1.443166e+00	1.448183e+00	1.658661e-01	1.124058e+00
1.659641e+00	1.586351e+00	1.496598e-01	1.130893e+00
1.908588e+00	1.737638e+00	1.340127e-01	1.137146e+00
2.194876e+00	1.907488e+00	1.199882e-01	1.143620e+00
2.524107e+00	2.093133e+00	1.075167e-01	1.151186e+00
2.902723e+00	2.301676e+00	9.684721e-02	1.160876e+00
3.338132e+00	2.533079e+00	8.731913e-02	1.173791e+00
3.838852e+00	2.771320e+00	7.867954e-02	1.191138e+00
4.414679e+00	3.033366e+00	7.091669e-02	1.214246e+00
5.076881e+00	3.319753e+00	6.372773e-02	1.244582e+00
5.838413e+00	3.622200e+00	5.707650e-02	1.283766e+00
6.714175e+00	3.934129e+00	5.162681e-02	1.333589e+00
7.721302e+00	4.228378e+00	4.632599e-02	1.396027e+00
8.879497e+00	4.534077e+00	4.128975e-02	1.473239e+00
1.021142e+01	4.793927e+00	3.717520e-02	1.567614e+00
1.174313e+01	5.051399e+00	3.273282e-02	1.681797e+00
1.350460e+01	5.303928e+00	2.964367e-02	1.818771e+00
1.553030e+01	5.503068e+00	2.641095e-02	1.981980e+00
1.785984e+01	5.696661e+00	2.342445e-02	2.175493e+00
2.053882e+01	5.842094e+00	2.103370e-02	2.404229e+00
2.361964e+01	5.967355e+00	1.843960e-02	2.674207e+00
2.716258e+01	6.076434e+00	1.653070e-02	2.992863e+00
3.123697e+01	6.132593e+00	1.458742e-02	3.369430e+00
3.592252e+01	6.170560e+00	1.297184e-02	3.815396e+00
4.131089e+01	6.156359e+00	1.160321e-02	4.345074e+00
4.750753e+01	6.132386e+00	1.022028e-02	4.976367e+00
5.463366e+01	6.099812e+00	9.150984e-03	5.731480e+00
6.282871e+01	6.018133e+00	8.090721e-03	6.638503e+00
7.225301e+01	6.238747e+00	7.265128e-03	7.733529e+00
8.309096e+01	5.975032e+00	6.433143e-03	9.078795e+00
9.555461e+01	5.679367e+00	5.702943e-03	1.072000e+01
1.098878e+02	5.383528e+00	5.034942e-03	1.273368e+01
1.263710e+02	5.085874e+00	4.449070e-03	1.521376e+01
1.453266e+02	4.816779e+00	3.972119e-03	1.825400e+01
1.671256e+02	4.530701e+00	3.504644e-03	2.198311e+01
1.921945e+02	4.246301e+00	3.102253e-03	2.659066e+01
2.210236e+02	3.968375e+00	2.730152e-03	3.230971e+01
2.541772e+02	3.698923e+00	2.402639e-03	3.943855e+01
2.923037e+02	3.441062e+00	2.114938e-03	4.836244e+01
3.361493e+02	3.191302e+00	1.868583e-03	5.957662e+01
3.865717e+02	2.948909e+00	1.650180e-03	7.371646e+01
4.445574e+02	2.714884e+00	1.459497e-03	9.160799e+01
5.112411e+02	2.489884e+00	1.289178e-03	1.143301e+02
5.879272e+02	2.277118e+00	1.132490e-03	1.432690e+02
6.761163e+02	2.080615e+00	1.010676e-03	1.801776e+02
7.775337e+02	1.896871e+00	8.915768e-04	2.272791e+02
8.941638e+02	1.725005e+00	7.813561e-04	2.875048e+02
1.028288e+03	1.564875e+00	6.946842e-04	3.646290e+02
1.182532e+03	1.416474e+00	6.007226e-04	4.635108e+02
1.359911e+03	1.279904e+00	5.381944e-04	5.903824e+02
1.563898e+03	1.155314e+00	4.722330e-04	7.532184e+02
1.798483e+03	1.042433e+00	4.131739e-04	9.621848e+02
2.068255e+03	9.403822e-01	3.664808e-04	1.230249e+03
2.378493e+03	8.479774e-01	3.160601e-04	1.573881e+03
2.735268e+03	7.648101e-01	2.799699e-04	2.013922e+03
3.145558e+03	6.906386e-01	2.436532e-04	2.576653e+03
3.617391e+03	6.244416e-01	2.138486e-04	3.295068e+03
4.160000e+03	5.653517e-01	1.888698e-04	4.210409e+03
4.784000e+03	5.129408e-01	1.638904e-04	5.373971e+03
5.501600e+03	4.665985e-01	1.450102e-04	6.849188e+03
6.326840e+03	4.255786e-01	1.266073e-04	8.714016e+03
7.275866e+03	3.894330e-01	1.122451e-04	1.106360e+04
8.367246e+03	3.577809e-01	9.804116e-05	1.401318e+04
9.622333e+03	3.300269e-01	8.580794e-05	1.770116e+04
