# Energy_MeV	dEdx_Elec_MeV_um	dEdx_Nucl_MeV_um	Range_um
1.000000e-05	2.392646e-03	3.778811e-02	7.613120e-03
1.150000e-05	2.578888e-03	4.097521e-02	8.164161e-03
1.322500e-05	2.778546e-03	4.434397e-02	8.755088e-03
1.520875e-05	2.992597e-03	4.813224e-02	9.388786e-03
1.749006e-05	3.222087e-03	5.195068e-02	1.006835e-02
2.011357e-05	3.468139e-03	5.612176e-02	1.079710e-02
2.313061e-05	3.731954e-03	6.047131e-02	1.157860e-02
2.660020e-05	4.014821e-03	6.493279e-02	1.241667e-02
3.059023e-05	4.318124e-03	6.997271e-02	1.331539e-02
3.517876e-05	4.643344e-03	7.490352e-02	1.427917e-02
4.045558e-05	4.992071e-03	8.026829e-02	1.531270e-02
4.652391e-05	5.366007e-03	8.586597e-02	1.642104e-02
5.350250e-05	5.766981e-03	9.164075e-02	1.760961e-02
6.152788e-05	6.196951e-03	9.755241e-02	1.888420e-02
7.075706e-05	6.658018e-03	1.034364e-01	2.025105e-02
8.137062e-05	7.152434e-03	1.097106e-01	2.171683e-02
9.357621e-05	7.682616e-03	1.159837e-01	2.328871e-02
1.076126e-04	8.251152e-03	1.223978e-01	2.497436e-02
1.237545e-04	8.860822e-03	1.284080e-01	2.678201e-02
1.423177e-04	9.514603e-03	1.348100e-01	2.872051e-02
1.636654e-04	1.021569e-02	1.414272e-01	3.079932e-02
1.882152e-04	1.096751e-02	1.473949e-01	3.302859e-02
2.164475e-04	1.177373e-02	1.539594e-01	3.541921e-02
2.489146e-04	1.263829e-02	1.594178e-01	3.798287e-02
2.862518e-04	1.356541e-02	1.653420e-01	4.073210e-02
3.291895e-04	1.455964e-02	1.711449e-01	4.368031e-02
3.785680e-04	1.562581e-02	1.761491e-01	4.684191e-02
4.353531e-04	1.676915e-02	1.815759e-01	5.023235e-02
5.006561e-04	1.799523e-02	1.861062e-01	5.386820e-02
5.757545e-04	1.931005e-02	1.905338e-01	5.776720e-02
6.621177e-04	2.072003e-02	1.944648e-01	6.194843e-02
7.614354e-04	2.223206e-02	1.980111e-01	6.643228e-02
8.756507e-04	2.385352e-02	2.013642e-01	7.124069e-02
1.006998e-03	2.559233e-02	2.040384e-01	7.639713e-02
1.158048e-03	2.745700e-02	2.064029e-01	8.192679e-02
1.331755e-03	2.945663e-02	2.082873e-01	8.785670e-02
1.531519e-03	3.160099e-02	2.101833e-01	9.421581e-02
1.761246e-03	3.390055e-02	2.112507e-01	1.010352e-01
2.025433e-03	3.636655e-02	2.121306e-01	1.083482e-01
2.329248e-03	3.901104e-02	2.125470e-01	1.161807e-01
2.678635e-03	4.184694e-02	2.123441e-01	1.246046e-01
3.080431e-03	4.488809e-02	2.119841e-01	1.336211e-01
3.542495e-03	4.814936e-02	2.108518e-01	1.432940e-01
4.073870e-03	5.164668e-02	2.093606e-01	1.536650e-01
4.684950e-03	5.539714e-02	2.073804e-01	1.647872e-01
5.387693e-03	5.941905e-02	2.047920e-01	1.767144e-01
6.195847e-03	6.373207e-02	2.017136e-01	1.895049e-01
7.125224e-03	6.835727e-02	1.980955e-01	2.032211e-01
8.194007e-03	7.331724e-02	1.939174e-01	2.179301e-01
9.423108e-03	7.863621e-02	1.892984e-01	2.337037e-01
1.083657e-02	8.434017e-02	1.841520e-01	2.506191e-01
1.246206e-02	9.045698e-02	1.788143e-01	2.687589e-01
1.433137e-02	9.701653e-02	1.728205e-01	2.882115e-01
1.648108e-02	1.040509e-01	1.663775e-01	3.090721e-01
1.895324e-02	1.115943e-01	1.599261e-01	3.314427e-01
2.179622e-02	1.196838e-01	1.527897e-01	3.554326e-01
2.506566e-02	1.283588e-01	1.462076e-01	3.811588e-01
2.882550e-02	1.376617e-01	1.388671e-01	4.087469e-01
3.314933e-02	1.476380e-01	1.314279e-01	4.383319e-01
3.812173e-02	1.583363e-01	1.243864e-01	4.700585e-01
4.383999e-02	1.698090e-01	1.166924e-01	5.040814e-01
5.041599e-02	1.821121e-01	1.096804e-01	5.405668e-01
5.797838e-02	1.953056e-01	1.025332e-01	5.796930e-01
6.667514e-02	2.094542e-01	9.574610e-02	6.216512e-01
7.667641e-02	2.246268e-01	8.916283e-02	6.666466e-01
8.817787e-02	2.408976e-01	8.254960e-02	7.148987e-01
1.014046e-01	2.583461e-01	7.657267e-02	7.666431e-01
1.166152e-01	2.770576e-01	7.086772e-02	8.221327e-01
1.341075e-01	2.971233e-01	6.554042e-02	8.816390e-01
1.542237e-01	3.186415e-01	5.983346e-02	9.454514e-01
1.773572e-01	3.417171e-01	5.564381e-02	1.013890e+00
2.039608e-01	3.664630e-01	5.153819e-02	1.087250e+00
2.345549e-01	3.930013e-01	4.731029e-02	1.166172e+00
2.697381e-01	4.214609e-01	4.338069e-02	1.251685e+00
3.101989e-01	4.519799e-01	3.894259e-02	1.341180e+00
3.567287e-01	4.847032e-01	3.529582e-02	1.395953e+00
4.102380e-01	5.197945e-01	3.159171e-02	1.446683e+00
4.717737e-01	5.574263e-01	2.826795e-02	1.500122e+00
5.425397e-01	6.007265e-01	2.546051e-02	1.562394e+00
6.239207e-01	6.580374e-01	2.290072e-02	1.624381e+00
7.175088e-01	7.186540e-01	2.073232e-02	1.686219e+00
8.251351e-01	7.848873e-01	1.859143e-02	1.748206e+00
9.489054e-01	8.502145e-01	1.673589e-02	1.810877e+00
1.091241e+00	9.201402e-01	1.502402e-02	1.875026e+00
1.254927e+00	9.897232e-01	1.358483e-02	1.941745e+00
1.443166e+00	1.058533e+00	1.215909e-02	2.012473e+00
1.659641e+00	1.131326e+00	1.084684e-02	2.089049e+00
1.908588e+00	1.193656e+00	9.765646e-03	2.173739e+00
2.194876e+00	1.253019e+00	8.636025e-03	2.269336e+00
2.524107e+00	1.300114e+00	7.807224e-03	2.379196e+00
2.902723e+00	1.348366e+00	6.932050e-03	2.507355e+00
3.338132e+00	1.399039e+00	6.163347e-03	2.658639e+00
3.838852e+00	1.429519e+00	5.524992e-03	2.838794e+00
4.414679e+00	1.455205e+00	4.858591e-03	3.054615e+00
5.076881e+00	1.472096e+00	4.338036e-03	3.314119e+00
5.838413e+00	1.478033e+00	3.842693e-03	3.626723e+00
6.714175e+00	1.479762e+00	3.422897e-03	4.003528e+00
7.721302e+00	1.473232e+00	3.042841e-03	4.457694e+00
8.879497e+00	1.461082e+00	2.690112e-03	5.005005e+00
1.021142e+01	1.442148e+00	2.399769e-03	5.664651e+00
1.174313e+01	1.415313e+00	2.137767e-03	6.460277e+00
1.350460e+01	1.383091e+00	1.910360e-03	7.421384e+00
1.553030e+01	1.344260e+00	1.674380e-03	8.585150e+00
1.785984e+01	1.300257e+00	1.500308e-03	9.998776e+00
2.053882e+01	1.250207e+00	1.321399e-03	1.172257e+01
2.361964e+01	1.199798e+00	1.171929e-03	1.383389e+01
2.716258e+01	1.143425e+00	1.044887e-03	1.643226e+01
3.123697e+01	1.081142e+00	9.119997e-04	1.964554e+01
3.592252e+01	1.017311e+00	8.160005e-04	2.364085e+01
4.131089e+01	9.491093e-01	7.164672e-04	2.862394e+01
4.750753e+01	8.757416e-01	6.307820e-04	3.492998e+01
5.463366e+01	8.050051e-01	5.560036e-04	4.293138e+01
6.282871e+01	7.351256e-01	4.893181e-04	5.305616e+01
7.225301e+01	6.685206e-01	4.349424e-04	6.596414e+01
8.309096e+01	6.112314e-01	3.821004e-04	8.236258e+01
9.555461e+01	5.568605e-01	3.382752e-04	1.031088e+02
1.098878e+02	5.053975e-01	2.985666e-04	1.294710e+02
1.263710e+02	4.575684e-01	2.658511e-04	1.630458e+02
1.453266e+02	4.134114e-01	2.338098e-04	2.058912e+02
1.671256e+02	3.728695e-01	2.055926e-04	2.606564e+02
1.921945e+02	3.357620e-01	1.823994e-04	3.307728e+02
2.210236e+02	3.019177e-01	1.586534e-04	4.206370e+02
2.541772e+02	2.710456e-01	1.417417e-04	5.359360e+02
2.923037e+02	2.428293e-01	1.238475e-04	6.840704e+02
3.361493e+02	2.174231e-01	1.087916e-04	8.745991e+02
3.865717e+02	1.947125e-01	9.621213e-05	1.119648e+03
4.445574e+02	1.745001e-01	8.328638e-05	1.434475e+03
5.112411e+02	1.563052e-01	7.341418e-05	1.838851e+03
5.879272e+02	1.399544e-01	6.412218e-05	2.358414e+03
6.761163e+02	1.253071e-01	5.644059e-05	3.026004e+03
7.775337e+02	1.122064e-01	0.000000e+00	3.883688e+03
8.941638e+02	1.005064e-01	0.000000e+00	4.985261e+03
1.028288e+03	9.008188e-02	0.000000e+00	6.399253e+03
1.182532e+03	8.079971e-02	0.000000e+00	8.212996e+03
1.359911e+03	7.254273e-02	0.000000e+00	1.053757e+04
1.563898e+03	6.520555e-02	0.000000e+00	1.351370e+04
1.798483e+03	5.869704e-02	0.000000e+00	1.731912e+04
2.068255e+03	5.292690e-02	0.000000e+00	2.217744e+04
2.378493e+03	4.781257e-02	0.000000e+00	2.836875e+04
2.735268e+03	4.328852e-02	0.000000e+00	3.624225e+04
3.145558e+03	3.929571e-02	0.000000e+00	4.623087e+04
3.617391e+03	3.577380e-02	0.000000e+00	5.886814e+04
4.160000e+03	3.267150e-02	0.000000e+00	7.480697e+04
4.784000e+03	2.994689e-02	0.000000e+00	9.484048e+04
5.501600e+03	2.756032e-02	0.000000e+00	1.199243e+05
6.326840e+03	2.547529e-02	0.000000e+00	1.511998e+05
7.275866e+03	2.366081e-02	0.000000e+00	1.900171e+05
8.367246e+03	2.208885e-02	0.000000e+00	2.379580e+05
9.622333e+03	2.073265e-02	0.000000e+00	2.968563e+05
