# Energy_MeV	dEdx_Elec_MeV_um	dEdx_Nucl_MeV_um	Range_um
1.000000e-05	6.561358e-03	3.292054e-02	3.048150e-03
1.150000e-05	7.036272e-03	3.656144e-02	3.268776e-03
1.322500e-05	7.545561e-03	4.051920e-02	3.505372e-03
1.520875e-05	8.091713e-03	4.496207e-02	3.759093e-03
1.749006e-05	8.677396e-03	4.994936e-02	4.031178e-03
2.011357e-05	9.305470e-03	5.536177e-02	4.322957e-03
2.313061e-05	9.979005e-03	6.136096e-02	4.635854e-03
2.660020e-05	1.070129e-02	6.793935e-02	4.971400e-03
3.059023e-05	1.147586e-02	7.517680e-02	5.331233e-03
3.517876e-05	1.230648e-02	8.309834e-02	5.717110e-03
4.045558e-05	1.319723e-02	9.176752e-02	6.130918e-03
4.652391e-05	1.415246e-02	1.014012e-01	6.574677e-03
5.350250e-05	1.517682e-02	1.119366e-01	7.050555e-03
6.152788e-05	1.627533e-02	1.232082e-01	7.560878e-03
7.075706e-05	1.745334e-02	1.354617e-01	8.108138e-03
8.137062e-05	1.871662e-02	1.494529e-01	8.695010e-03
9.357621e-05	2.007134e-02	1.645012e-01	9.324359e-03
1.076126e-04	2.152412e-02	1.808307e-01	9.999261e-03
1.237545e-04	2.308204e-02	1.983093e-01	1.072301e-02
1.423177e-04	2.475274e-02	2.171186e-01	1.149915e-02
1.636654e-04	2.654435e-02	2.386040e-01	1.233147e-02
1.882152e-04	2.846565e-02	2.614100e-01	1.322402e-02
2.164475e-04	3.052600e-02	2.860923e-01	1.418118e-02
2.489146e-04	3.273549e-02	3.127817e-01	1.520763e-02
2.862518e-04	3.510491e-02	3.415085e-01	1.630836e-02
3.291895e-04	3.764582e-02	3.726378e-01	1.748877e-02
3.785680e-04	4.037064e-02	4.052669e-01	1.875462e-02
4.353531e-04	4.329269e-02	4.411342e-01	2.011209e-02
5.006561e-04	4.642624e-02	4.794794e-01	2.156781e-02
5.757545e-04	4.978659e-02	5.199124e-01	2.312890e-02
6.621177e-04	5.339017e-02	5.617813e-01	2.480298e-02
7.614354e-04	5.725458e-02	6.079417e-01	2.659823e-02
8.756507e-04	6.139870e-02	6.586092e-01	2.852343e-02
1.006998e-03	6.584277e-02	7.106220e-01	3.058797e-02
1.158048e-03	7.060850e-02	7.656037e-01	3.280194e-02
1.331755e-03	7.571918e-02	8.211826e-01	3.517616e-02
1.531519e-03	8.119978e-02	8.818775e-01	3.772223e-02
1.761246e-03	8.707706e-02	9.476627e-01	4.045259e-02
2.025433e-03	9.337975e-02	1.013929e+00	4.338057e-02
2.329248e-03	1.001386e-01	1.083807e+00	4.652048e-02
2.678635e-03	1.073867e-01	1.155891e+00	4.988765e-02
3.080431e-03	1.151594e-01	1.229763e+00	5.349855e-02
3.542495e-03	1.234947e-01	1.304156e+00	5.737080e-02
4.073870e-03	1.324333e-01	1.379880e+00	6.152333e-02
4.684950e-03	1.420189e-01	1.459406e+00	6.597642e-02
5.387693e-03	1.522983e-01	1.539404e+00	7.075183e-02
6.195847e-03	1.633218e-01	1.614867e+00	7.587289e-02
7.125224e-03	1.751431e-01	1.688965e+00	8.136461e-02
8.194007e-03	1.878200e-01	1.772850e+00	8.725382e-02
9.423108e-03	2.014145e-01	1.851333e+00	9.356930e-02
1.083657e-02	2.159930e-01	1.927511e+00	1.003419e-01
1.246206e-02	2.316267e-01	1.997842e+00	1.076047e-01
1.433137e-02	2.483920e-01	2.063112e+00	1.153384e-01
1.648108e-02	2.663707e-01	2.137022e+00	1.237253e-01
1.895324e-02	2.856508e-01	2.201842e+00	1.327058e-01
2.179622e-02	3.063263e-01	2.262928e+00	1.423104e-01
2.506566e-02	3.284984e-01	2.319604e+00	1.526107e-01
2.882550e-02	3.522753e-01	2.371159e+00	1.636566e-01
3.314933e-02	3.777732e-01	2.419220e+00	1.755019e-01
3.812173e-02	4.051166e-01	2.458915e+00	1.882045e-01
4.383999e-02	4.344391e-01	2.497918e+00	2.018266e-01
5.041599e-02	4.658841e-01	2.531303e+00	2.164347e-01
5.797838e-02	4.996050e-01	2.558307e+00	2.321002e-01
6.667514e-02	5.357667e-01	2.578165e+00	2.488995e-01
7.667641e-02	5.745457e-01	2.596522e+00	2.669147e-01
8.817787e-02	6.161317e-01	2.612910e+00	2.862338e-01
1.014046e-01	6.607276e-01	2.621000e+00	3.069514e-01
1.166152e-01	7.085514e-01	2.623603e+00	3.291685e-01
1.341075e-01	7.598367e-01	2.618678e+00	3.529936e-01
1.542237e-01	8.148341e-01	2.609914e+00	3.785432e-01
1.773572e-01	8.738123e-01	2.596843e+00	4.059421e-01
2.039608e-01	9.370593e-01	2.575616e+00	4.353243e-01
2.345549e-01	1.004884e+00	2.548134e+00	4.668331e-01
2.697381e-01	1.077618e+00	2.513934e+00	5.006224e-01
3.101989e-01	1.155617e+00	2.473173e+00	5.368574e-01
3.567287e-01	1.239261e+00	2.426048e+00	5.757153e-01
4.102380e-01	1.328959e+00	2.372318e+00	6.173857e-01
4.717737e-01	1.425150e+00	2.312139e+00	6.620721e-01
5.425397e-01	1.528303e+00	2.246160e+00	7.099928e-01
6.239207e-01	1.638922e+00	2.177545e+00	7.613823e-01
7.175088e-01	1.757549e+00	2.104435e+00	8.164915e-01
8.251351e-01	1.884761e+00	2.020741e+00	8.755893e-01
9.489054e-01	2.021181e+00	1.937411e+00	9.389651e-01
1.091241e+00	2.167475e+00	1.849879e+00	1.006926e+00
1.254927e+00	2.324358e+00	1.765121e+00	1.079808e+00
1.443166e+00	2.485895e+00	1.680089e+00	1.157984e+00
1.659641e+00	2.638597e+00	1.583481e+00	1.242434e+00
1.908588e+00	2.798189e+00	1.493380e+00	1.334001e+00
2.194876e+00	2.964080e+00	1.402083e+00	1.433345e+00
2.524107e+00	3.135313e+00	1.313883e+00	1.541272e+00
2.902723e+00	3.310446e+00	1.227736e+00	1.658714e+00
3.338132e+00	3.487435e+00	1.142830e+00	1.786768e+00
3.838852e+00	3.663504e+00	1.065474e+00	1.926750e+00
4.414679e+00	1.968565e+00	9.852276e-01	2.080256e+00
5.076881e+00	2.154429e+00	9.104105e-01	2.249246e+00
5.838413e+00	2.360544e+00	8.410606e-01	2.436153e+00
6.714175e+00	2.588458e+00	7.795006e-01	2.644027e+00
7.721302e+00	2.832885e+00	7.155284e-01	2.876719e+00
8.879497e+00	3.105812e+00	6.545352e-01	3.139106e+00
1.021142e+01	3.399107e+00	6.101609e-01	3.437377e+00
1.174313e+01	3.717801e+00	5.673853e-01	3.779401e+00
1.350460e+01	4.066731e+00	5.183598e-01	4.175186e+00
1.553030e+01	4.408831e+00	4.619806e-01	4.166346e+00
1.785984e+01	4.789858e+00	4.083401e-01	3.966464e+00
2.053882e+01	5.213912e+00	3.678798e-01	3.810624e+00
2.361964e+01	5.662596e+00	3.315000e-01	3.696832e+00
2.716258e+01	6.149483e+00	2.983572e-01	3.623643e+00
3.123697e+01	6.670587e+00	2.685644e-01	3.590116e+00
3.592252e+01	7.251869e+00	2.426749e-01	3.595775e+00
4.131089e+01	7.880705e+00	2.189020e-01	3.640494e+00
4.750753e+01	8.566929e+00	1.959534e-01	3.724787e+00
5.463366e+01	9.334505e+00	1.752219e-01	3.849605e+00
6.282871e+01	1.010064e+01	1.585081e-01	4.016575e+00
7.225301e+01	1.091769e+01	1.435493e-01	4.228166e+00
8.309096e+01	1.173117e+01	1.267642e-01	4.487895e+00
9.555461e+01	1.251023e+01	1.130908e-01	4.800537e+00
1.098878e+02	1.332107e+01	1.006425e-01	5.172373e+00
1.263710e+02	1.399149e+01	9.056801e-02	5.611446e+00
1.453266e+02	1.461859e+01	8.166404e-02	6.127878e+00
1.671256e+02	1.511780e+01	7.180142e-02	6.734282e+00
1.921945e+02	1.562834e+01	6.383047e-02	7.446260e+00
2.210236e+02	1.616026e+01	5.658053e-02	8.282870e+00
2.541772e+02	1.649184e+01	5.030988e-02	9.267030e+00
2.923037e+02	1.844509e+01	4.471023e-02	1.043237e+01
3.361493e+02	1.829400e+01	3.964433e-02	1.183532e+01
3.865717e+02	1.800113e+01	3.546812e-02	1.350049e+01
4.445574e+02	1.766888e+01	3.137263e-02	1.549422e+01
5.112411e+02	1.727139e+01	2.781905e-02	1.788053e+01
5.879272e+02	1.686681e+01	2.478106e-02	2.071513e+01
6.761163e+02	1.632716e+01	2.228166e-02	2.408913e+01
7.775337e+02	1.575863e+01	1.974616e-02	2.813474e+01
8.941638e+02	1.517681e+01	1.729197e-02	3.300878e+01
1.028288e+03	1.459672e+01	1.531122e-02	3.890638e+01
1.182532e+03	1.403991e+01	1.356009e-02	4.607538e+01
1.359911e+03	1.346317e+01	1.215546e-02	5.482605e+01
1.563898e+03	1.286122e+01	1.073747e-02	6.554911e+01
1.798483e+03	1.223822e+01	9.387128e-03	7.874603e+01
2.068255e+03	1.160099e+01	8.297652e-03	9.506267e+01
2.378493e+03	1.096180e+01	7.303250e-03	1.153105e+02
2.735268e+03	1.035020e+01	6.425381e-03	1.404932e+02
3.145558e+03	9.738781e+00	5.668165e-03	1.718742e+02
3.617391e+03	9.128417e+00	5.029764e-03	2.111244e+02
4.160000e+03	8.527578e+00	4.456597e-03	2.603741e+02
4.784000e+03	7.942508e+00	3.916062e-03	3.223562e+02
5.501600e+03	7.376352e+00	3.438624e-03	4.005668e+02
6.326840e+03	6.833037e+00	3.072009e-03	4.994737e+02
7.275866e+03	6.314885e+00	2.742802e-03	6.247783e+02
8.367246e+03	5.823526e+00	2.379000e-03	7.837717e+02
9.622333e+03	5.360233e+00	2.090139e-03	9.857402e+02
