# Energy_MeV	dEdx_Elec_MeV_um	dEdx_Nucl_MeV_um	Range_um
1.000000e-05	7.140769e-03	3.841763e-02	2.800819e-03
1.150000e-05	7.657622e-03	4.266772e-02	3.003543e-03
1.322500e-05	8.211885e-03	4.730893e-02	3.220942e-03
1.520875e-05	8.806265e-03	5.242805e-02	3.454075e-03
1.749006e-05	9.443667e-03	5.806169e-02	3.704083e-03
2.011357e-05	1.012720e-02	6.423793e-02	3.972186e-03
2.313061e-05	1.086022e-02	7.101337e-02	4.259695e-03
2.660020e-05	1.164629e-02	7.843975e-02	4.568014e-03
3.059023e-05	1.248925e-02	8.665676e-02	4.898649e-03
3.517876e-05	1.339323e-02	9.568240e-02	5.253216e-03
4.045558e-05	1.436264e-02	1.053046e-01	5.633447e-03
4.652391e-05	1.540221e-02	1.158255e-01	6.041199e-03
5.350250e-05	1.651703e-02	1.277536e-01	6.478464e-03
6.152788e-05	1.771254e-02	1.405833e-01	6.947378e-03
7.075706e-05	1.899459e-02	1.546159e-01	7.450233e-03
8.137062e-05	2.036943e-02	1.695250e-01	7.989485e-03
9.357621e-05	2.184378e-02	1.857018e-01	8.567768e-03
1.076126e-04	2.342484e-02	2.040200e-01	9.187908e-03
1.237545e-04	2.512034e-02	2.234954e-01	9.852934e-03
1.423177e-04	2.693857e-02	2.446976e-01	1.056609e-02
1.636654e-04	2.888839e-02	2.674602e-01	1.133087e-02
1.882152e-04	3.097935e-02	2.921220e-01	1.215101e-02
2.164475e-04	3.322165e-02	3.188108e-01	1.303050e-02
2.489146e-04	3.562625e-02	3.467404e-01	1.397366e-02
2.862518e-04	3.820490e-02	3.774604e-01	1.498508e-02
3.291895e-04	4.097019e-02	4.101834e-01	1.606971e-02
3.785680e-04	4.393564e-02	4.449181e-01	1.723284e-02
4.353531e-04	4.711572e-02	4.809927e-01	1.848016e-02
5.006561e-04	5.052598e-02	5.204211e-01	1.981777e-02
5.757545e-04	5.418308e-02	5.635948e-01	2.125219e-02
6.621177e-04	5.810488e-02	6.084792e-01	2.279043e-02
7.614354e-04	6.231054e-02	6.554556e-01	2.444002e-02
8.756507e-04	6.682061e-02	7.034747e-01	2.620900e-02
1.006998e-03	7.165712e-02	7.553572e-01	2.810602e-02
1.158048e-03	7.684370e-02	8.114025e-01	3.014035e-02
1.331755e-03	8.240569e-02	8.687454e-01	3.232192e-02
1.531519e-03	8.837026e-02	9.284585e-01	3.466140e-02
1.761246e-03	9.476654e-02	9.906096e-01	3.717021e-02
2.025433e-03	1.016258e-01	1.053778e+00	3.986061e-02
2.329248e-03	1.089815e-01	1.117856e+00	4.274574e-02
2.678635e-03	1.168697e-01	1.183289e+00	4.583970e-02
3.080431e-03	1.253288e-01	1.251187e+00	4.915761e-02
3.542495e-03	1.344001e-01	1.320400e+00	5.271566e-02
4.073870e-03	1.441281e-01	1.385006e+00	5.653125e-02
4.684950e-03	1.545601e-01	1.449598e+00	6.062301e-02
5.387693e-03	1.657473e-01	1.521159e+00	6.501093e-02
6.195847e-03	1.777442e-01	1.588490e+00	6.971646e-02
7.125224e-03	1.906094e-01	1.654884e+00	7.476257e-02
8.194007e-03	2.044058e-01	1.714981e+00	8.017393e-02
9.423108e-03	2.192008e-01	1.772448e+00	8.597696e-02
1.083657e-02	2.350666e-01	1.835523e+00	9.216854e-02
1.246206e-02	2.520809e-01	1.891593e+00	9.887518e-02
1.433137e-02	2.703266e-01	1.944841e+00	1.060319e-01
1.648108e-02	2.898930e-01	1.993428e+00	1.137074e-01
1.895324e-02	3.108756e-01	2.038544e+00	1.219370e-01
2.179622e-02	3.333770e-01	2.080462e+00	1.307628e-01
2.506566e-02	3.575070e-01	2.115106e+00	1.402272e-01
2.882550e-02	3.833835e-01	2.148790e+00	1.503768e-01
3.314933e-02	4.111330e-01	2.177653e+00	1.612610e-01
3.812173e-02	4.408911e-01	2.201415e+00	1.729329e-01
4.383999e-02	4.728030e-01	2.219301e+00	1.854497e-01
5.041599e-02	5.070247e-01	2.235166e+00	1.988725e-01
5.797838e-02	5.437234e-01	2.249109e+00	2.132668e-01
6.667514e-02	5.830784e-01	2.257006e+00	2.287030e-01
7.667641e-02	6.252819e-01	2.259404e+00	2.452564e-01
8.817787e-02	6.705402e-01	2.255899e+00	2.630080e-01
1.014046e-01	7.190742e-01	2.248589e+00	2.820445e-01
1.166152e-01	7.711212e-01	2.237430e+00	3.024589e-01
1.341075e-01	8.269354e-01	2.219939e+00	3.243509e-01
1.542237e-01	8.867894e-01	2.196610e+00	3.478273e-01
1.773572e-01	9.509757e-01	2.167698e+00	3.730030e-01
2.039608e-01	1.019808e+00	2.133011e+00	4.000010e-01
2.345549e-01	1.093622e+00	2.092908e+00	4.289532e-01
2.697381e-01	1.172779e+00	2.047068e+00	4.600008e-01
3.101989e-01	1.257665e+00	1.995784e+00	4.932956e-01
3.567287e-01	1.348696e+00	1.939247e+00	5.290004e-01
4.102380e-01	1.446315e+00	1.880686e+00	5.672897e-01
4.717737e-01	1.551000e+00	1.817693e+00	6.083503e-01
5.425397e-01	1.663262e+00	1.746334e+00	6.523828e-01
6.239207e-01	1.783650e+00	1.674741e+00	6.996022e-01
7.175088e-01	1.912752e+00	1.599446e+00	7.502394e-01
8.251351e-01	2.051198e+00	1.526844e+00	8.045452e-01
9.489054e-01	2.199665e+00	1.453037e+00	8.627623e-01
1.091241e+00	2.344156e+00	1.370608e+00	9.253274e-01
1.254927e+00	2.487423e+00	1.292570e+00	9.930733e-01
1.443166e+00	2.636889e+00	1.214016e+00	1.066525e+00
1.659641e+00	2.791900e+00	1.138179e+00	1.146258e+00
1.908588e+00	2.951424e+00	1.063760e+00	1.232924e+00
2.194876e+00	3.113946e+00	9.902374e-01	1.327294e+00
2.524107e+00	3.277351e+00	9.228727e-01	1.430279e+00
2.902723e+00	3.438812e+00	8.541718e-01	1.542975e+00
3.338132e+00	1.879445e+00	7.894957e-01	1.666719e+00
3.838852e+00	2.065844e+00	7.296983e-01	1.803158e+00
4.414679e+00	2.267330e+00	6.756182e-01	1.954345e+00
5.076881e+00	2.492563e+00	6.207480e-01	2.122865e+00
5.838413e+00	2.734057e+00	5.688606e-01	2.311978e+00
6.714175e+00	2.999251e+00	5.285289e-01	2.525821e+00
7.721302e+00	3.292527e+00	4.916684e-01	2.769648e+00
8.879497e+00	3.597892e+00	4.498867e-01	3.050141e+00
1.021142e+01	3.930350e+00	4.018378e-01	2.913213e+00
1.174313e+01	4.264170e+00	3.562190e-01	2.799302e+00
1.350460e+01	4.639962e+00	3.195906e-01	2.710073e+00
1.553030e+01	5.066157e+00	2.883226e-01	2.645621e+00
1.785984e+01	5.507425e+00	2.592538e-01	2.606188e+00
2.053882e+01	6.001115e+00	2.336860e-01	2.592188e+00
2.361964e+01	6.541694e+00	2.110415e-01	2.604180e+00
2.716258e+01	7.121374e+00	1.901732e-01	2.642951e+00
3.123697e+01	7.763624e+00	1.705712e-01	2.709512e+00
3.592252e+01	8.433219e+00	1.523422e-01	2.805118e+00
4.131089e+01	9.157050e+00	1.378795e-01	2.931390e+00
4.750753e+01	9.899734e+00	1.246903e-01	3.090455e+00
5.463366e+01	1.061364e+01	1.103556e-01	3.285109e+00
6.282871e+01	1.136039e+01	9.834339e-02	3.519009e+00
7.225301e+01	1.201443e+01	8.755623e-02	3.796872e+00
8.309096e+01	1.266635e+01	7.878658e-02	4.124684e+00
9.555461e+01	1.326373e+01	7.096251e-02	4.509996e+00
1.098878e+02	1.370563e+01	6.254118e-02	4.962199e+00
1.263710e+02	1.412551e+01	5.547533e-02	5.492891e+00
1.453266e+02	1.454316e+01	4.923957e-02	6.116304e+00
1.671256e+02	1.490018e+01	4.377752e-02	6.850391e+00
1.921945e+02	1.516252e+01	3.893144e-02	7.714707e+00
2.210236e+02	1.649907e+01	3.450156e-02	8.748367e+00
2.541772e+02	1.622477e+01	3.082121e-02	9.991218e+00
2.923037e+02	1.589914e+01	2.730987e-02	1.146964e+01
3.361493e+02	1.548963e+01	2.419534e-02	1.324869e+01
3.865717e+02	1.510259e+01	2.158424e-02	1.537929e+01
4.445574e+02	1.464207e+01	1.936186e-02	1.791490e+01
5.112411e+02	1.410760e+01	1.718383e-02	2.095384e+01
5.879272e+02	1.356074e+01	1.509553e-02	2.461605e+01
6.761163e+02	1.300609e+01	1.332216e-02	2.905069e+01
7.775337e+02	1.246602e+01	1.182070e-02	3.444415e+01
8.941638e+02	1.193480e+01	1.056508e-02	4.103410e+01
1.028288e+03	1.138584e+01	9.346859e-03	4.911769e+01
1.182532e+03	1.082112e+01	8.196508e-03	5.907364e+01
1.359911e+03	1.024019e+01	7.220595e-03	7.139083e+01
1.563898e+03	9.658844e+00	6.368947e-03	8.669608e+01
1.798483e+03	9.087287e+00	5.594328e-03	1.057738e+02
2.068255e+03	8.537046e+00	4.940194e-03	1.295973e+02
2.378493e+03	7.990240e+00	4.382641e-03	1.594223e+02
2.735268e+03	7.448765e+00	3.877667e-03	1.968935e+02
3.145558e+03	6.923109e+00	3.415866e-03	2.441116e+02
3.617391e+03	6.416604e+00	2.994344e-03	3.037721e+02
4.160000e+03	5.931165e+00	2.673705e-03	3.793293e+02
4.784000e+03	5.469137e+00	2.385476e-03	4.751956e+02
5.501600e+03	5.031437e+00	2.074894e-03	5.970122e+02
6.326840e+03	4.619955e+00	1.818209e-03	7.519870e+02
7.275866e+03	4.235900e+00	1.595867e-03	9.492905e+02
8.367246e+03	3.879442e+00	1.418080e-03	1.200555e+03
9.622333e+03	3.549932e+00	1.262508e-03	1.520477e+03
