# Energy_MeV	dEdx_Elec_MeV_um	dEdx_Nucl_MeV_um	Range_um
1.000000e-05	6.678600e-03	4.076167e-02	2.994640e-03
1.150000e-05	7.162001e-03	4.513022e-02	3.211393e-03
1.322500e-05	7.680390e-03	4.996085e-02	3.443835e-03
1.520875e-05	8.236301e-03	5.530283e-02	3.693102e-03
1.749006e-05	8.832449e-03	6.105364e-02	3.960411e-03
2.011357e-05	9.471746e-03	6.748606e-02	4.247067e-03
2.313061e-05	1.015732e-02	7.448614e-02	4.554472e-03
2.660020e-05	1.089251e-02	8.212856e-02	4.884128e-03
3.059023e-05	1.168091e-02	9.035350e-02	5.237643e-03
3.517876e-05	1.252638e-02	9.947489e-02	5.616747e-03
4.045558e-05	1.343305e-02	1.096169e-01	6.023290e-03
4.652391e-05	1.440534e-02	1.206027e-01	6.459259e-03
5.350250e-05	1.544801e-02	1.324517e-01	6.926783e-03
6.152788e-05	1.656614e-02	1.451577e-01	7.428148e-03
7.075706e-05	1.776521e-02	1.591711e-01	7.965801e-03
8.137062e-05	1.905106e-02	1.746365e-01	8.542370e-03
9.357621e-05	2.042999e-02	1.912870e-01	9.160671e-03
1.076126e-04	2.190872e-02	2.092504e-01	9.823725e-03
1.237545e-04	2.349449e-02	2.287818e-01	1.053477e-02
1.423177e-04	2.519503e-02	2.495985e-01	1.129728e-02
1.636654e-04	2.701866e-02	2.718852e-01	1.211499e-02
1.882152e-04	2.897429e-02	2.958814e-01	1.299188e-02
2.164475e-04	3.107146e-02	3.218112e-01	1.393224e-02
2.489146e-04	3.332043e-02	3.498367e-01	1.494066e-02
2.862518e-04	3.573218e-02	3.784291e-01	1.602207e-02
3.291895e-04	3.831849e-02	4.091559e-01	1.718176e-02
3.785680e-04	4.109201e-02	4.436599e-01	1.842538e-02
4.353531e-04	4.406627e-02	4.791651e-01	1.975902e-02
5.006561e-04	4.725581e-02	5.172673e-01	2.118919e-02
5.757545e-04	5.067621e-02	5.555707e-01	2.272287e-02
6.621177e-04	5.434418e-02	5.961522e-01	2.436757e-02
7.614354e-04	5.827764e-02	6.415230e-01	2.613130e-02
8.756507e-04	6.249581e-02	6.870756e-01	2.802270e-02
1.006998e-03	6.701929e-02	7.354686e-01	3.005100e-02
1.158048e-03	7.187018e-02	7.846260e-01	3.222611e-02
1.331755e-03	7.707218e-02	8.359342e-01	3.455865e-02
1.531519e-03	8.265071e-02	8.892181e-01	3.706002e-02
1.761246e-03	8.863301e-02	9.411050e-01	3.974245e-02
2.025433e-03	9.504831e-02	9.966558e-01	4.261903e-02
2.329248e-03	1.019280e-01	1.051746e+00	4.570381e-02
2.678635e-03	1.093056e-01	1.106620e+00	4.901188e-02
3.080431e-03	1.172172e-01	1.159516e+00	5.255939e-02
3.542495e-03	1.257014e-01	1.214489e+00	5.636366e-02
4.073870e-03	1.347997e-01	1.271524e+00	6.044329e-02
4.684950e-03	1.445566e-01	1.326600e+00	6.481821e-02
5.387693e-03	1.550197e-01	1.378477e+00	6.950979e-02
6.195847e-03	1.662401e-01	1.426823e+00	7.454094e-02
7.125224e-03	1.782726e-01	1.475400e+00	7.993626e-02
8.194007e-03	1.911761e-01	1.524161e+00	8.572208e-02
9.423108e-03	2.050135e-01	1.569401e+00	9.190735e-02
1.083657e-02	2.198525e-01	1.610983e+00	9.858338e-02
1.246206e-02	2.357656e-01	1.650587e+00	1.057174e-01
1.433137e-02	2.528304e-01	1.685261e+00	1.133703e-01
1.648108e-02	2.711304e-01	1.716255e+00	1.215755e-01
1.895324e-02	2.907550e-01	1.744430e+00	1.303751e-01
2.179622e-02	3.118000e-01	1.770000e+00	1.398115e-01
2.506566e-02	3.343682e-01	1.793014e+00	1.499310e-01
2.882550e-02	3.585699e-01	1.809180e+00	1.607829e-01
3.314933e-02	3.845234e-01	1.822676e+00	1.724203e-01
3.812173e-02	4.123554e-01	1.836395e+00	1.848999e-01
4.383999e-02	4.422019e-01	1.844468e+00	1.982829e-01
5.041599e-02	4.742088e-01	1.849205e+00	2.126346e-01
5.797838e-02	5.085322e-01	1.848191e+00	2.280250e-01
6.667514e-02	5.453401e-01	1.843520e+00	2.445293e-01
7.667641e-02	5.848121e-01	1.836841e+00	2.622283e-01
8.817787e-02	6.271411e-01	1.824747e+00	2.812084e-01
1.014046e-01	6.725339e-01	1.808140e+00	3.015623e-01
1.166152e-01	7.212122e-01	1.786612e+00	3.233893e-01
1.341075e-01	7.734140e-01	1.760585e+00	3.467961e-01
1.542237e-01	8.293941e-01	1.729998e+00	3.718972e-01
1.773572e-01	8.894261e-01	1.694933e+00	3.988153e-01
2.039608e-01	9.538032e-01	1.654852e+00	4.276816e-01
2.345549e-01	1.022840e+00	1.611094e+00	4.586371e-01
2.697381e-01	1.096874e+00	1.564049e+00	4.918332e-01
3.101989e-01	1.176266e+00	1.514314e+00	5.274323e-01
3.567287e-01	1.261405e+00	1.459709e+00	5.656080e-01
4.102380e-01	1.352706e+00	1.401321e+00	6.065468e-01
4.717737e-01	1.450615e+00	1.340971e+00	6.504487e-01
5.425397e-01	1.555612e+00	1.280441e+00	6.975283e-01
6.239207e-01	1.668208e+00	1.220277e+00	7.480152e-01
7.175088e-01	1.788954e+00	1.156793e+00	8.021611e-01
8.251351e-01	1.918439e+00	1.091458e+00	8.602028e-01
9.489054e-01	2.042776e+00	1.026929e+00	9.226153e-01
1.091241e+00	2.167472e+00	9.639134e-01	9.902223e-01
1.254927e+00	2.297508e+00	9.006385e-01	1.063524e+00
1.443166e+00	2.432294e+00	8.410345e-01	1.143103e+00
1.659641e+00	2.570904e+00	7.841641e-01	1.229613e+00
1.908588e+00	2.711987e+00	7.283477e-01	1.323828e+00
2.194876e+00	1.428087e+00	6.739602e-01	1.426664e+00
2.524107e+00	1.571109e+00	6.203069e-01	1.539226e+00
2.902723e+00	1.726147e+00	5.751930e-01	1.662860e+00
3.338132e+00	1.896363e+00	5.313500e-01	1.799228e+00
3.838852e+00	2.077956e+00	4.842098e-01	1.950404e+00
4.414679e+00	2.280175e+00	4.481506e-01	2.118998e+00
5.076881e+00	2.497332e+00	4.180222e-01	2.308304e+00
5.838413e+00	2.733119e+00	3.860233e-01	2.522505e+00
6.714175e+00	2.994874e+00	3.493695e-01	2.511609e+00
7.721302e+00	3.264661e+00	3.083600e-01	2.437831e+00
8.879497e+00	3.560425e+00	2.757047e-01	2.376802e+00
1.021142e+01	3.870120e+00	2.480350e-01	2.329957e+00
1.174313e+01	4.220500e+00	2.240665e-01	2.298696e+00
1.350460e+01	4.619663e+00	2.020094e-01	2.284438e+00
1.553030e+01	5.047308e+00	1.815397e-01	2.288626e+00
1.785984e+01	5.522042e+00	1.641013e-01	2.312836e+00
2.053882e+01	6.037951e+00	1.472184e-01	2.358746e+00
2.361964e+01	6.570744e+00	1.320808e-01	2.428132e+00
2.716258e+01	7.152979e+00	1.189567e-01	2.522930e+00
3.123697e+01	7.744712e+00	1.075368e-01	2.645302e+00
3.592252e+01	8.359019e+00	9.638333e-02	2.797760e+00
4.131089e+01	8.973878e+00	8.568563e-02	2.983313e+00
4.750753e+01	9.527954e+00	7.622141e-02	3.205668e+00
5.463366e+01	1.009649e+01	6.824222e-02	3.469426e+00
6.282871e+01	1.058901e+01	6.134650e-02	3.780369e+00
7.225301e+01	1.105743e+01	5.470913e-02	4.145709e+00
8.309096e+01	1.148872e+01	4.845760e-02	4.574405e+00
9.555461e+01	1.177094e+01	4.294971e-02	5.077557e+00
1.098878e+02	1.204389e+01	3.818291e-02	5.668858e+00
1.263710e+02	1.231366e+01	3.375651e-02	6.365107e+00
1.453266e+02	1.251671e+01	3.003088e-02	7.187629e+00
1.671256e+02	1.265707e+01	2.679415e-02	8.159836e+00
1.921945e+02	1.342194e+01	2.383033e-02	9.328632e+00
2.210236e+02	1.308836e+01	2.114436e-02	1.073784e+01
2.541772e+02	1.273085e+01	1.863746e-02	1.242396e+01
2.923037e+02	1.230658e+01	1.674141e-02	1.446317e+01
3.361493e+02	1.192410e+01	1.498832e-02	1.691787e+01
3.865717e+02	1.148134e+01	1.314277e-02	1.985748e+01
4.445574e+02	1.099604e+01	1.159940e-02	2.340472e+01
5.112411e+02	1.050573e+01	1.022879e-02	2.770760e+01
5.879272e+02	1.001412e+01	9.145188e-03	3.295231e+01
6.761163e+02	9.537292e+00	8.166913e-03	3.937334e+01
7.775337e+02	9.066721e+00	7.147401e-03	4.727070e+01
8.941638e+02	8.588661e+00	6.288992e-03	5.702185e+01
1.028288e+03	8.104787e+00	5.541253e-03	6.911071e+01
1.182532e+03	7.614403e+00	4.890937e-03	8.416444e+01
1.359911e+03	7.131013e+00	4.320643e-03	1.029891e+02
1.563898e+03	6.662376e+00	3.805337e-03	1.265976e+02
1.798483e+03	6.213615e+00	3.375783e-03	1.562547e+02
2.068255e+03	5.774182e+00	2.975704e-03	1.936033e+02
2.378493e+03	5.345434e+00	2.619540e-03	2.407895e+02
2.735268e+03	4.934054e+00	2.325804e-03	3.005644e+02
3.145558e+03	4.542303e+00	2.073107e-03	3.764628e+02
3.617391e+03	4.171925e+00	1.827648e-03	4.730200e+02
4.160000e+03	3.823228e+00	1.598913e-03	5.960337e+02
4.784000e+03	3.495524e+00	1.400269e-03	7.529205e+02
5.501600e+03	3.190969e+00	1.237570e-03	9.531515e+02
6.326840e+03	2.910461e+00	1.098886e-03	1.208768e+03
7.275866e+03	2.652468e+00	9.655883e-04	1.535030e+03
8.367246e+03	2.416241e+00	8.433078e-04	1.951185e+03
9.622333e+03	2.202318e+00	7.369266e-04	2.481401e+03
