# Energy_MeV	dEdx_Elec_MeV_um	dEdx_Nucl_MeV_um	Range_um
1.000000e-05	6.232252e-03	3.135166e-02	3.209113e-03
1.150000e-05	6.683345e-03	3.463502e-02	3.441390e-03
1.322500e-05	7.167089e-03	3.844535e-02	3.690480e-03
1.520875e-05	7.685847e-03	4.259810e-02	3.957599e-03
1.749006e-05	8.242153e-03	4.732739e-02	4.244052e-03
2.011357e-05	8.838724e-03	5.252966e-02	4.551239e-03
2.313061e-05	9.478476e-03	5.821004e-02	4.880660e-03
2.660020e-05	1.016453e-02	6.449290e-02	5.233925e-03
3.059023e-05	1.090025e-02	7.139824e-02	5.612759e-03
3.517876e-05	1.168921e-02	7.899368e-02	6.019013e-03
4.045558e-05	1.253528e-02	8.726122e-02	6.454673e-03
4.652391e-05	1.344259e-02	9.639036e-02	6.921865e-03
5.350250e-05	1.441558e-02	1.064667e-01	7.422874e-03
6.152788e-05	1.545898e-02	1.174601e-01	7.960145e-03
7.075706e-05	1.657791e-02	1.291340e-01	8.536305e-03
8.137062e-05	1.777783e-02	1.421095e-01	9.154167e-03
9.357621e-05	1.906460e-02	1.567782e-01	9.816750e-03
1.076126e-04	2.044451e-02	1.723681e-01	1.052729e-02
1.237545e-04	2.192429e-02	1.895002e-01	1.128926e-02
1.423177e-04	2.351118e-02	2.075229e-01	1.210639e-02
1.636654e-04	2.521293e-02	2.274497e-01	1.298265e-02
1.882152e-04	2.703786e-02	2.498597e-01	1.392234e-02
2.164475e-04	2.899487e-02	2.734748e-01	1.493005e-02
2.489146e-04	3.109354e-02	2.993610e-01	1.601070e-02
2.862518e-04	3.334410e-02	3.270871e-01	1.716956e-02
3.291895e-04	3.575757e-02	3.570307e-01	1.841230e-02
3.785680e-04	3.834572e-02	3.890924e-01	1.974499e-02
4.353531e-04	4.112120e-02	4.231322e-01	2.117414e-02
5.006561e-04	4.409758e-02	4.605881e-01	2.270674e-02
5.757545e-04	4.728938e-02	5.003507e-01	2.435027e-02
6.621177e-04	5.071221e-02	5.418593e-01	2.611275e-02
7.614354e-04	5.438279e-02	5.852897e-01	2.800281e-02
8.756507e-04	5.831905e-02	6.344037e-01	3.002966e-02
1.006998e-03	6.254021e-02	6.862322e-01	3.220323e-02
1.158048e-03	6.706690e-02	7.399953e-01	3.453411e-02
1.331755e-03	7.192124e-02	7.959937e-01	3.703371e-02
1.531519e-03	7.712694e-02	8.532041e-01	3.971423e-02
1.761246e-03	8.270943e-02	9.177830e-01	4.258877e-02
2.025433e-03	8.869598e-02	9.845780e-01	4.567136e-02
2.329248e-03	9.511584e-02	1.052719e+00	4.897708e-02
2.678635e-03	1.020004e-01	1.124304e+00	5.252207e-02
3.080431e-03	1.093832e-01	1.198084e+00	5.632364e-02
3.542495e-03	1.173004e-01	1.273760e+00	6.040038e-02
4.073870e-03	1.257907e-01	1.349153e+00	6.477219e-02
4.684950e-03	1.348955e-01	1.427480e+00	6.946044e-02
5.387693e-03	1.446593e-01	1.508188e+00	7.448802e-02
6.195847e-03	1.551298e-01	1.588171e+00	7.987950e-02
7.125224e-03	1.663582e-01	1.662693e+00	8.566122e-02
8.194007e-03	1.783993e-01	1.740637e+00	9.186143e-02
9.423108e-03	1.913119e-01	1.825399e+00	9.851041e-02
1.083657e-02	2.051592e-01	1.902868e+00	1.056406e-01
1.246206e-02	2.200087e-01	1.979802e+00	1.132870e-01
1.433137e-02	2.359331e-01	2.047666e+00	1.214867e-01
1.648108e-02	2.530100e-01	2.116383e+00	1.302216e-01
1.895324e-02	2.713230e-01	2.189551e+00	1.397043e-01
2.179622e-02	2.909615e-01	2.252921e+00	1.498251e-01
2.506566e-02	3.120215e-01	2.314213e+00	1.606702e-01
2.882550e-02	3.346058e-01	2.369879e+00	1.722989e-01
3.314933e-02	3.588247e-01	2.420914e+00	1.847698e-01
3.812173e-02	3.847966e-01	2.466214e+00	1.981432e-01
4.383999e-02	4.126484e-01	2.505654e+00	2.124847e-01
5.041599e-02	4.425161e-01	2.543933e+00	2.278642e-01
5.797838e-02	4.745457e-01	2.576109e+00	2.443569e-01
6.667514e-02	5.088935e-01	2.600920e+00	2.620433e-01
7.667641e-02	5.457275e-01	2.619268e+00	2.810098e-01
8.817787e-02	5.852276e-01	2.638728e+00	3.013492e-01
1.014046e-01	6.275867e-01	2.652411e+00	3.231608e-01
1.166152e-01	6.730117e-01	2.658232e+00	3.465511e-01
1.341075e-01	7.217247e-01	2.658261e+00	3.716343e-01
1.542237e-01	7.739635e-01	2.650957e+00	3.985331e-01
1.773572e-01	8.299834e-01	2.641567e+00	4.273790e-01
2.039608e-01	8.900580e-01	2.625427e+00	4.583127e-01
2.345549e-01	9.544809e-01	2.601215e+00	4.914853e-01
2.697381e-01	1.023567e+00	2.571016e+00	5.270588e-01
3.101989e-01	1.097653e+00	2.533827e+00	5.652074e-01
3.567287e-01	1.177102e+00	2.490166e+00	6.061173e-01
4.102380e-01	1.262301e+00	2.440130e+00	6.499882e-01
4.717737e-01	1.353667e+00	2.383020e+00	6.970342e-01
5.425397e-01	1.451646e+00	2.320065e+00	7.474855e-01
6.239207e-01	1.556717e+00	2.252007e+00	8.015888e-01
7.175088e-01	1.669393e+00	2.181538e+00	8.596082e-01
8.251351e-01	1.790225e+00	2.103926e+00	9.218268e-01
9.489054e-01	1.919802e+00	2.018390e+00	9.885484e-01
1.091241e+00	2.058758e+00	1.933103e+00	1.060100e+00
1.254927e+00	2.207772e+00	1.844120e+00	1.136833e+00
1.443166e+00	2.367572e+00	1.759289e+00	1.219100e+00
1.659641e+00	2.525458e+00	1.669280e+00	1.307459e+00
1.908588e+00	2.680016e+00	1.572448e+00	1.403084e+00
2.194876e+00	2.841339e+00	1.481686e+00	1.506763e+00
2.524107e+00	3.008749e+00	1.389385e+00	1.619296e+00
2.902723e+00	3.181173e+00	1.300123e+00	1.741594e+00
3.338132e+00	3.357021e+00	1.213158e+00	1.874741e+00
3.838852e+00	3.534069e+00	1.130439e+00	2.020008e+00
4.414679e+00	3.709331e+00	1.051915e+00	2.178931e+00
5.076881e+00	2.015120e+00	9.717197e-01	2.353372e+00
5.838413e+00	2.207963e+00	8.962117e-01	2.545628e+00
6.714175e+00	2.417620e+00	8.288544e-01	2.758562e+00
7.721302e+00	2.652267e+00	7.678760e-01	2.995766e+00
8.879497e+00	2.902265e+00	6.998578e-01	3.261782e+00
1.021142e+01	3.179240e+00	6.441618e-01	3.562363e+00
1.174313e+01	3.483544e+00	6.035374e-01	3.904816e+00
1.350460e+01	3.805144e+00	5.581283e-01	4.298436e+00
1.553030e+01	4.157767e+00	5.059078e-01	4.755045e+00
1.785984e+01	4.505226e+00	4.458543e-01	4.554701e+00
2.053882e+01	4.895997e+00	3.970098e-01	4.346269e+00
2.361964e+01	5.335973e+00	3.588572e-01	4.186009e+00
2.716258e+01	5.784459e+00	3.232729e-01	4.071877e+00
3.123697e+01	6.281576e+00	2.914531e-01	4.002423e+00
3.592252e+01	6.819936e+00	2.620078e-01	3.976743e+00
4.131089e+01	7.409253e+00	2.370399e-01	3.994437e+00
4.750753e+01	8.061695e+00	2.129392e-01	4.055473e+00
5.463366e+01	8.759029e+00	1.906437e-01	4.160614e+00
6.282871e+01	9.526254e+00	1.713150e-01	4.311069e+00
7.225301e+01	1.032113e+01	1.553831e-01	4.508867e+00
8.309096e+01	1.112126e+01	1.396455e-01	4.757030e+00
9.555461e+01	1.196527e+01	1.233983e-01	5.059797e+00
1.098878e+02	1.271687e+01	1.102340e-01	5.422875e+00
1.263710e+02	1.348884e+01	9.824615e-02	5.853713e+00
1.453266e+02	1.418442e+01	8.864512e-02	6.361788e+00
1.671256e+02	1.474351e+01	7.929478e-02	6.959017e+00
1.921945e+02	1.525937e+01	6.977655e-02	7.660178e+00
2.210236e+02	1.576995e+01	6.213377e-02	8.483453e+00
2.541772e+02	1.624323e+01	5.506349e-02	9.451617e+00
2.923037e+02	1.658725e+01	4.886750e-02	1.058973e+01
3.361493e+02	1.842027e+01	4.336870e-02	1.194577e+01
3.865717e+02	1.822012e+01	3.863682e-02	1.357534e+01
4.445574e+02	1.792987e+01	3.450056e-02	1.550762e+01
5.112411e+02	1.755696e+01	3.049336e-02	1.782623e+01
5.879272e+02	1.717924e+01	2.698830e-02	2.059638e+01
6.761163e+02	1.673101e+01	2.411802e-02	2.388241e+01
7.775337e+02	1.617877e+01	2.170388e-02	2.780398e+01
8.941638e+02	1.560685e+01	1.900949e-02	3.251158e+01
1.028288e+03	1.502212e+01	1.673003e-02	3.819002e+01
1.182532e+03	1.444841e+01	1.481259e-02	4.506900e+01
1.359911e+03	1.389028e+01	1.316803e-02	5.344087e+01
1.563898e+03	1.330673e+01	1.182807e-02	6.366996e+01
1.798483e+03	1.269974e+01	1.032138e-02	7.621835e+01
2.068255e+03	1.206985e+01	9.081749e-03	9.168077e+01
2.378493e+03	1.143253e+01	8.018353e-03	1.108194e+02
2.735268e+03	1.079909e+01	7.062387e-03	1.345863e+02
3.145558e+03	1.018911e+01	6.235274e-03	1.641582e+02
3.617391e+03	9.577988e+00	5.486689e-03	2.010411e+02
4.160000e+03	8.968731e+00	4.883277e-03	2.472140e+02
4.784000e+03	8.371595e+00	4.301686e-03	3.051981e+02
5.501600e+03	7.791275e+00	3.786046e-03	3.782249e+02
6.326840e+03	7.230717e+00	3.348861e-03	4.704303e+02
7.275866e+03	6.693917e+00	2.997378e-03	5.870939e+02
8.367246e+03	6.182693e+00	2.651319e-03	7.349592e+02
9.622333e+03	5.698637e+00	2.301826e-03	9.226430e+02
