# Energy_MeV	dEdx_Elec_MeV_um	dEdx_Nucl_MeV_um	Range_um
1.000000e-05	2.352670e-03	4.159840e-02	6.608250e-03
1.150000e-05	2.538094e-03	4.530907e-02	7.086559e-03
1.322500e-05	2.736853e-03	4.935421e-02	7.599488e-03
1.520875e-05	2.949918e-03	5.365932e-02	8.149543e-03
1.749006e-05	3.178331e-03	5.835133e-02	8.739411e-03
2.011357e-05	3.423211e-03	6.308253e-02	9.371974e-03
2.313061e-05	3.685753e-03	6.836380e-02	1.005032e-02
2.660020e-05	3.967240e-03	7.407254e-02	1.077777e-02
3.059023e-05	4.269050e-03	7.987492e-02	1.155787e-02
3.517876e-05	4.592656e-03	8.643382e-02	1.239444e-02
4.045558e-05	4.939640e-03	9.267518e-02	1.329155e-02
4.652391e-05	5.311698e-03	9.973455e-02	1.425360e-02
5.350250e-05	5.710647e-03	1.071948e-01	1.528528e-02
6.152788e-05	6.138437e-03	1.146659e-01	1.639164e-02
7.075706e-05	6.597158e-03	1.230618e-01	1.757808e-02
8.137062e-05	7.089051e-03	1.311344e-01	1.885039e-02
9.357621e-05	7.616519e-03	1.398621e-01	2.021479e-02
1.076126e-04	8.182140e-03	1.486455e-01	2.167795e-02
1.237545e-04	8.788676e-03	1.575066e-01	2.324701e-02
1.423177e-04	9.439091e-03	1.670558e-01	2.492964e-02
1.636654e-04	1.013656e-02	1.760927e-01	2.673406e-02
1.882152e-04	1.088450e-02	1.854082e-01	2.866908e-02
2.164475e-04	1.168655e-02	1.943939e-01	3.074417e-02
2.489146e-04	1.254664e-02	2.041441e-01	3.296945e-02
2.862518e-04	1.346897e-02	2.132380e-01	3.535579e-02
3.291895e-04	1.445804e-02	2.226545e-01	3.791486e-02
3.785680e-04	1.551869e-02	2.314577e-01	4.065916e-02
4.353531e-04	1.665610e-02	2.397818e-01	4.360209e-02
5.006561e-04	1.787582e-02	2.485641e-01	4.675804e-02
5.757545e-04	1.918381e-02	2.562841e-01	5.014241e-02
6.621177e-04	2.058647e-02	2.641440e-01	5.377174e-02
7.614354e-04	2.209064e-02	2.713467e-01	5.766377e-02
8.756507e-04	2.370368e-02	2.781915e-01	6.183750e-02
1.006998e-03	2.543346e-02	2.841799e-01	6.631333e-02
1.158048e-03	2.728844e-02	2.895610e-01	7.111313e-02
1.331755e-03	2.927767e-02	2.946095e-01	7.626033e-02
1.531519e-03	3.141088e-02	2.989332e-01	8.178010e-02
1.761246e-03	3.369849e-02	3.029279e-01	8.769938e-02
2.025433e-03	3.615167e-02	3.057642e-01	9.404711e-02
2.329248e-03	3.878240e-02	3.085227e-01	1.008543e-01
2.678635e-03	4.160354e-02	3.107493e-01	1.081542e-01
3.080431e-03	4.462888e-02	3.120286e-01	1.159597e-01
3.542495e-03	4.787319e-02	3.132693e-01	1.243811e-01
4.073870e-03	5.135231e-02	3.130560e-01	1.333819e-01
4.684950e-03	5.508326e-02	3.126775e-01	1.430374e-01
5.387693e-03	5.908425e-02	3.115443e-01	1.533899e-01
6.195847e-03	6.337483e-02	3.095194e-01	1.644921e-01
7.125224e-03	6.797596e-02	3.070602e-01	1.763980e-01
8.194007e-03	7.291012e-02	3.035024e-01	1.891656e-01
9.423108e-03	7.820141e-02	2.993243e-01	2.028572e-01
1.083657e-02	8.387569e-02	2.943028e-01	2.175399e-01
1.246206e-02	8.996068e-02	2.885349e-01	2.332852e-01
1.433137e-02	9.648609e-02	2.819401e-01	2.501704e-01
1.648108e-02	1.034838e-01	2.747217e-01	2.682777e-01
1.895324e-02	1.109880e-01	2.669326e-01	2.876955e-01
2.179622e-02	1.190354e-01	2.585974e-01	3.085187e-01
2.506566e-02	1.276653e-01	2.492810e-01	3.308492e-01
2.882550e-02	1.369198e-01	2.398721e-01	3.547961e-01
3.314933e-02	1.468441e-01	2.296438e-01	3.804763e-01
3.812173e-02	1.574868e-01	2.196161e-01	4.080151e-01
4.383999e-02	1.688997e-01	2.093472e-01	4.375471e-01
5.041599e-02	1.811388e-01	1.982495e-01	4.692168e-01
5.797838e-02	1.942637e-01	1.878174e-01	5.031788e-01
6.667514e-02	2.083386e-01	1.766957e-01	5.395990e-01
7.667641e-02	2.234323e-01	1.660617e-01	5.786551e-01
8.817787e-02	2.396184e-01	1.552921e-01	6.205381e-01
1.014046e-01	2.569761e-01	1.451357e-01	6.654528e-01
1.166152e-01	2.755902e-01	1.354312e-01	7.136186e-01
1.341075e-01	2.955516e-01	1.256733e-01	7.652704e-01
1.542237e-01	3.169577e-01	1.166145e-01	8.206607e-01
1.773572e-01	3.399133e-01	1.075355e-01	8.800602e-01
2.039608e-01	3.645304e-01	9.983864e-02	9.437587e-01
2.345549e-01	3.909293e-01	9.167432e-02	1.012074e+00
2.697381e-01	4.192390e-01	8.418267e-02	1.085304e+00
3.101989e-01	4.495991e-01	7.835989e-02	1.164053e+00
3.567287e-01	4.821572e-01	7.200321e-02	1.249359e+00
4.102380e-01	5.170719e-01	6.655337e-02	1.341851e+00
4.717737e-01	5.545106e-01	6.039869e-02	1.417064e+00
5.425397e-01	5.946548e-01	5.402389e-02	1.462399e+00
6.239207e-01	6.377052e-01	4.879191e-02	1.509150e+00
7.175088e-01	6.870236e-01	4.324686e-02	1.566144e+00
8.251351e-01	7.549508e-01	3.922502e-02	1.622176e+00
9.489054e-01	8.285893e-01	3.520556e-02	1.677387e+00
1.091241e+00	9.095631e-01	3.179815e-02	1.732090e+00
1.254927e+00	9.943733e-01	2.869832e-02	1.786806e+00
1.443166e+00	1.087203e+00	2.566082e-02	1.842295e+00
1.659641e+00	1.182636e+00	2.316010e-02	1.899597e+00
1.908588e+00	1.281034e+00	2.080647e-02	1.960022e+00
2.194876e+00	1.386812e+00	1.879328e-02	2.025296e+00
2.524107e+00	1.483144e+00	1.673190e-02	2.097476e+00
2.902723e+00	1.579853e+00	1.505377e-02	2.179053e+00
3.338132e+00	1.661670e+00	1.336441e-02	2.273007e+00
3.838852e+00	1.747902e+00	1.198421e-02	2.382859e+00
4.414679e+00	1.841728e+00	1.074132e-02	2.512794e+00
5.076881e+00	1.906796e+00	9.510433e-03	2.667722e+00
5.838413e+00	1.968002e+00	8.530771e-03	2.853384e+00
6.714175e+00	2.015207e+00	7.536384e-03	3.076463e+00
7.721302e+00	2.046788e+00	6.705287e-03	3.344720e+00
8.879497e+00	2.072894e+00	5.932083e-03	3.667174e+00
1.021142e+01	2.085642e+00	5.274676e-03	4.054404e+00
1.174313e+01	2.091815e+00	4.700894e-03	4.518956e+00
1.350460e+01	2.087551e+00	4.165828e-03	5.075957e+00
1.553030e+01	2.070871e+00	3.714109e-03	5.743912e+00
1.785984e+01	2.047189e+00	3.284300e-03	6.545758e+00
2.053882e+01	2.012095e+00	2.949422e-03	7.510226e+00
2.361964e+01	1.969160e+00	2.605261e-03	8.673568e+00
2.716258e+01	1.917051e+00	2.308907e-03	1.008177e+01
3.123697e+01	1.858640e+00	2.056452e-03	1.179339e+01
3.592252e+01	1.792243e+00	1.795581e-03	1.388321e+01
4.131089e+01	1.717940e+00	1.616273e-03	1.644664e+01
4.750753e+01	1.637940e+00	1.420025e-03	1.960765e+01
5.463366e+01	1.550524e+00	1.257077e-03	2.351714e+01
6.282871e+01	1.443512e+00	1.116536e-03	2.842285e+01
7.225301e+01	1.337079e+00	9.722508e-04	3.460473e+01
8.309096e+01	1.230562e+00	8.638311e-04	4.236580e+01
9.555461e+01	1.127596e+00	7.584261e-04	5.219515e+01
1.098878e+02	1.037728e+00	6.718307e-04	6.460865e+01
1.263710e+02	9.517524e-01	5.948694e-04	8.022421e+01
1.453266e+02	8.691105e-01	5.218560e-04	9.996828e+01
1.671256e+02	7.913959e-01	4.628665e-04	1.250126e+02
1.921945e+02	7.188059e-01	4.093573e-04	1.568682e+02
2.210236e+02	6.515029e-01	3.639645e-04	1.974817e+02
2.541772e+02	5.892525e-01	3.185236e-04	2.493795e+02
2.923037e+02	5.318871e-01	2.828470e-04	3.158024e+02
3.361493e+02	4.790509e-01	2.467270e-04	4.009456e+02
3.865717e+02	4.303733e-01	2.186175e-04	5.102732e+02
4.445574e+02	3.861990e-01	1.931304e-04	6.508554e+02
5.112411e+02	3.464396e-01	1.684452e-04	8.316727e+02
5.879272e+02	3.109296e-01	1.493796e-04	1.064027e+03
6.761163e+02	2.788244e-01	1.298418e-04	1.362534e+03
7.775337e+02	2.498750e-01	1.141315e-04	1.746177e+03
8.941638e+02	2.238762e-01	9.951809e-05	2.239260e+03
1.028288e+03	2.005737e-01	8.730507e-05	2.872915e+03
1.182532e+03	1.797159e-01	7.679680e-05	3.686947e+03
1.359911e+03	1.611061e-01	6.709809e-05	4.732061e+03
1.563898e+03	1.445274e-01	5.914611e-05	6.072855e+03
1.798483e+03	1.297690e-01	0.000000e+00	7.791508e+03
2.068255e+03	1.166426e-01	0.000000e+00	9.992140e+03
2.378493e+03	1.049964e-01	0.000000e+00	1.280628e+04
2.735268e+03	9.467194e-02	0.000000e+00	1.639945e+04
3.145558e+03	8.551839e-02	0.000000e+00	2.097902e+04
3.617391e+03	7.741937e-02	0.000000e+00	2.680362e+04
4.160000e+03	7.027192e-02	0.000000e+00	3.419400e+04
4.784000e+03	6.396750e-02	0.000000e+00	4.354559e+04
5.501600e+03	5.841368e-02	0.000000e+00	5.534249e+04
6.326840e+03	5.353670e-02	0.000000e+00	7.017305e+04
7.275866e+03	4.926429e-02	0.000000e+00	8.874644e+04
8.367246e+03	4.552835e-02	0.000000e+00	1.119101e+05
9.622333e+03	4.227500e-02	0.000000e+00	1.406672e+05
