# Energy_MeV	dEdx_Elec_MeV_um	dEdx_Nucl_MeV_um	Range_um
1.000000e-05	7.122605e-03	3.613897e-02	2.807961e-03
1.150000e-05	7.638143e-03	4.005523e-02	3.011203e-03
1.322500e-05	8.190996e-03	4.449606e-02	3.229156e-03
1.520875e-05	8.783864e-03	4.937671e-02	3.462884e-03
1.749006e-05	9.419645e-03	5.473429e-02	3.713529e-03
2.011357e-05	1.010144e-02	6.063102e-02	3.982316e-03
2.313061e-05	1.083259e-02	6.713400e-02	4.270558e-03
2.660020e-05	1.161666e-02	7.428348e-02	4.579664e-03
3.059023e-05	1.245748e-02	8.204505e-02	4.911142e-03
3.517876e-05	1.335916e-02	9.064712e-02	5.266613e-03
4.045558e-05	1.432610e-02	1.001030e-01	5.647813e-03
4.652391e-05	1.536303e-02	1.104538e-01	6.056605e-03
5.350250e-05	1.647502e-02	1.214698e-01	6.494985e-03
6.152788e-05	1.766749e-02	1.336646e-01	6.965096e-03
7.075706e-05	1.894627e-02	1.474193e-01	7.469233e-03
8.137062e-05	2.031761e-02	1.621342e-01	8.009860e-03
9.357621e-05	2.178821e-02	1.782171e-01	8.589618e-03
1.076126e-04	2.336525e-02	1.952393e-01	9.211339e-03
1.237545e-04	2.505644e-02	2.139725e-01	9.878061e-03
1.423177e-04	2.687004e-02	2.349842e-01	1.059304e-02
1.636654e-04	2.881491e-02	2.572871e-01	1.135977e-02
1.882152e-04	3.090055e-02	2.815988e-01	1.218200e-02
2.164475e-04	3.313715e-02	3.077530e-01	1.306374e-02
2.489146e-04	3.553563e-02	3.358809e-01	1.400930e-02
2.862518e-04	3.810772e-02	3.660788e-01	1.502330e-02
3.291895e-04	4.086597e-02	3.981980e-01	1.611069e-02
3.785680e-04	4.382388e-02	4.333618e-01	1.727679e-02
4.353531e-04	4.699587e-02	4.708938e-01	1.852729e-02
5.006561e-04	5.039746e-02	5.098806e-01	1.986831e-02
5.757545e-04	5.404525e-02	5.509826e-01	2.130639e-02
6.621177e-04	5.795708e-02	5.971096e-01	2.284856e-02
7.614354e-04	6.215204e-02	6.457040e-01	2.450235e-02
8.756507e-04	6.665064e-02	6.966619e-01	2.627584e-02
1.006998e-03	7.147484e-02	7.491901e-01	2.817770e-02
1.158048e-03	7.664823e-02	8.034712e-01	3.021721e-02
1.331755e-03	8.219607e-02	8.641287e-01	3.240435e-02
1.531519e-03	8.814547e-02	9.267364e-01	3.474980e-02
1.761246e-03	9.452548e-02	9.914498e-01	3.726501e-02
2.025433e-03	1.013673e-01	1.058609e+00	3.996227e-02
2.329248e-03	1.087043e-01	1.128404e+00	4.285476e-02
2.678635e-03	1.165724e-01	1.199976e+00	4.595661e-02
3.080431e-03	1.250100e-01	1.270779e+00	4.928297e-02
3.542495e-03	1.340582e-01	1.345039e+00	5.285010e-02
4.073870e-03	1.437614e-01	1.420722e+00	5.667541e-02
4.684950e-03	1.541670e-01	1.496491e+00	6.077761e-02
5.387693e-03	1.653257e-01	1.567505e+00	6.517673e-02
6.195847e-03	1.772920e-01	1.640939e+00	6.989425e-02
7.125224e-03	1.901245e-01	1.720265e+00	7.495324e-02
8.194007e-03	2.038858e-01	1.794237e+00	8.037839e-02
9.423108e-03	2.186432e-01	1.866540e+00	8.619622e-02
1.083657e-02	2.344687e-01	1.931518e+00	9.243515e-02
1.246206e-02	2.514397e-01	1.996368e+00	9.909174e-02
1.433137e-02	2.696390e-01	2.064781e+00	1.063022e-01
1.648108e-02	2.891556e-01	2.125599e+00	1.139965e-01
1.895324e-02	3.100848e-01	2.183306e+00	1.222485e-01
2.179622e-02	3.325290e-01	2.236472e+00	1.310964e-01
2.506566e-02	3.565976e-01	2.284546e+00	1.405851e-01
2.882550e-02	3.824083e-01	2.327697e+00	1.507604e-01
3.314933e-02	4.100872e-01	2.365493e+00	1.616724e-01
3.812173e-02	4.397695e-01	2.401435e+00	1.733742e-01
4.383999e-02	4.716003e-01	2.432381e+00	1.859229e-01
5.041599e-02	5.057350e-01	2.455782e+00	1.993798e-01
5.797838e-02	5.423403e-01	2.473818e+00	2.138108e-01
6.667514e-02	5.815952e-01	2.492131e+00	2.292864e-01
7.667641e-02	6.236914e-01	2.504864e+00	2.458821e-01
8.817787e-02	6.688345e-01	2.511185e+00	2.636790e-01
1.014046e-01	7.172451e-01	2.511176e+00	2.827639e-01
1.166152e-01	7.691597e-01	2.504928e+00	3.032304e-01
1.341075e-01	8.248319e-01	2.496143e+00	3.251782e-01
1.542237e-01	8.845336e-01	2.480923e+00	3.487146e-01
1.773572e-01	9.485566e-01	2.458697e+00	3.739544e-01
2.039608e-01	1.017214e+00	2.430341e+00	4.010212e-01
2.345549e-01	1.090840e+00	2.395623e+00	4.300472e-01
2.697381e-01	1.169796e+00	2.354685e+00	4.611742e-01
3.101989e-01	1.254466e+00	2.307721e+00	4.945539e-01
3.567287e-01	1.345265e+00	2.254074e+00	5.303497e-01
4.102380e-01	1.442636e+00	2.195008e+00	5.687365e-01
4.717737e-01	1.547055e+00	2.130954e+00	6.099019e-01
5.425397e-01	1.659031e+00	2.064317e+00	6.540468e-01
6.239207e-01	1.779113e+00	1.991331e+00	7.013867e-01
7.175088e-01	1.907886e+00	1.911208e+00	7.521530e-01
8.251351e-01	2.045980e+00	1.830297e+00	8.065939e-01
9.489054e-01	2.194069e+00	1.746765e+00	8.649789e-01
1.091241e+00	2.352877e+00	1.666047e+00	9.275690e-01
1.254927e+00	2.507445e+00	1.581253e+00	9.948335e-01
1.443166e+00	2.660693e+00	1.490640e+00	1.067668e+00
1.659641e+00	2.820573e+00	1.404038e+00	1.146636e+00
1.908588e+00	2.986383e+00	1.317313e+00	1.232358e+00
2.194876e+00	3.157022e+00	1.232457e+00	1.325534e+00
2.524107e+00	3.330869e+00	1.150644e+00	1.426991e+00
2.902723e+00	3.505662e+00	1.072241e+00	1.537711e+00
3.338132e+00	3.678378e+00	9.974247e-01	1.658871e+00
3.838852e+00	1.954286e+00	9.221879e-01	1.791908e+00
4.414679e+00	2.147782e+00	8.501985e-01	1.938593e+00
5.076881e+00	2.357378e+00	7.868829e-01	2.101134e+00
5.838413e+00	2.592028e+00	7.282736e-01	2.282308e+00
6.714175e+00	2.844826e+00	6.643510e-01	2.485622e+00
7.721302e+00	3.123363e+00	6.123507e-01	2.715521e+00
8.879497e+00	3.432289e+00	5.721192e-01	2.977655e+00
1.021142e+01	3.756218e+00	5.294051e-01	3.279206e+00
1.174313e+01	4.109169e+00	4.803822e-01	3.530149e+00
1.350460e+01	4.463070e+00	4.240059e-01	3.351131e+00
1.553030e+01	4.859828e+00	3.779329e-01	3.207987e+00
1.785984e+01	5.308561e+00	3.408248e-01	3.099185e+00
2.053882e+01	5.762168e+00	3.074514e-01	3.023590e+00
2.361964e+01	6.268250e+00	2.769697e-01	2.980451e+00
2.716258e+01	6.820676e+00	2.488877e-01	2.969376e+00
3.123697e+01	7.418852e+00	2.251524e-01	2.990270e+00
3.592252e+01	8.085190e+00	2.022980e-01	3.043434e+00
4.131089e+01	8.789559e+00	1.813479e-01	3.129552e+00
4.750753e+01	9.557970e+00	1.628846e-01	3.249747e+00
5.463366e+01	1.036070e+01	1.475353e-01	3.405738e+00
6.282871e+01	1.114839e+01	1.326582e-01	3.599998e+00
7.225301e+01	1.198144e+01	1.174845e-01	3.835932e+00
8.309096e+01	1.272451e+01	1.047476e-01	4.118073e+00
9.555461e+01	1.346984e+01	9.347228e-02	4.452297e+00
1.098878e+02	1.416067e+01	8.419358e-02	4.846037e+00
1.263710e+02	1.468367e+01	7.534640e-02	5.308641e+00
1.453266e+02	1.518692e+01	6.646043e-02	5.851665e+00
1.671256e+02	1.569185e+01	5.904824e-02	6.489287e+00
1.921945e+02	1.613295e+01	5.239866e-02	7.239433e+00
2.210236e+02	1.647208e+01	4.645338e-02	8.121414e+00
2.541772e+02	1.808868e+01	4.127475e-02	9.174803e+00
2.923037e+02	1.785597e+01	3.675824e-02	1.043937e+01
3.361493e+02	1.756539e+01	3.278263e-02	1.194024e+01
3.865717e+02	1.717505e+01	2.902552e-02	1.374233e+01
4.445574e+02	1.680162e+01	2.565782e-02	1.589498e+01
5.112411e+02	1.633831e+01	2.295943e-02	1.844940e+01
5.879272e+02	1.578637e+01	2.061699e-02	2.150208e+01
6.761163e+02	1.521748e+01	1.808413e-02	2.517017e+01
7.775337e+02	1.463707e+01	1.593129e-02	2.959892e+01
8.941638e+02	1.407213e+01	1.408399e-02	3.496926e+01
1.028288e+03	1.351618e+01	1.254450e-02	4.151136e+01
1.182532e+03	1.293633e+01	1.123745e-02	4.951213e+01
1.359911e+03	1.233492e+01	9.820968e-03	5.933637e+01
1.563898e+03	1.171115e+01	8.639731e-03	7.145417e+01
1.798483e+03	1.108294e+01	7.625030e-03	8.646695e+01
2.068255e+03	1.046210e+01	6.724879e-03	1.051250e+02
2.378493e+03	9.861864e+00	5.933655e-03	1.283565e+02
2.735268e+03	9.261293e+00	5.218225e-03	1.573575e+02
3.145558e+03	8.663181e+00	4.639534e-03	1.936931e+02
3.617391e+03	8.078911e+00	4.091077e-03	2.393599e+02
4.160000e+03	7.512468e+00	3.602680e-03	2.969161e+02
4.784000e+03	6.966151e+00	3.187791e-03	3.696370e+02
5.501600e+03	6.443588e+00	2.848065e-03	4.617029e+02
6.326840e+03	5.946794e+00	2.520841e-03	5.784559e+02
7.275866e+03	5.477218e+00	2.194668e-03	7.267196e+02
8.367246e+03	5.035925e+00	1.927252e-03	9.151755e+02
9.622333e+03	4.624470e+00	1.696628e-03	1.154837e+03
