# Energy_MeV	dEdx_Elec_MeV_um	dEdx_Nucl_MeV_um	Range_um
1.000000e-05	2.330803e-03	4.460675e-02	4.692925e-03
1.150000e-05	2.522246e-03	4.905621e-02	5.032601e-03
1.322500e-05	2.727350e-03	5.374804e-02	5.396863e-03
1.520875e-05	2.947120e-03	5.896284e-02	5.787491e-03
1.749006e-05	3.182634e-03	6.469210e-02	6.206393e-03
2.011357e-05	3.435046e-03	7.085961e-02	6.655615e-03
2.313061e-05	3.705593e-03	7.759139e-02	7.137352e-03
2.660020e-05	3.995596e-03	8.480153e-02	7.653957e-03
3.059023e-05	4.306477e-03	9.257316e-02	8.207955e-03
3.517876e-05	4.639754e-03	1.009662e-01	8.802051e-03
4.045558e-05	4.997057e-03	1.098645e-01	9.439148e-03
4.652391e-05	5.380133e-03	1.195573e-01	1.012236e-02
5.350250e-05	5.790855e-03	1.299302e-01	1.085502e-02
6.152788e-05	6.231229e-03	1.406967e-01	1.164071e-02
7.075706e-05	6.703408e-03	1.523429e-01	1.248327e-02
8.137062e-05	7.209700e-03	1.649918e-01	1.338682e-02
9.357621e-05	7.752578e-03	1.781899e-01	1.435576e-02
1.076126e-04	8.334694e-03	1.926784e-01	1.539484e-02
1.237545e-04	8.958893e-03	2.070139e-01	1.650913e-02
1.423177e-04	9.628226e-03	2.225375e-01	1.770407e-02
1.636654e-04	1.034596e-02	2.391918e-01	1.898550e-02
1.882152e-04	1.111561e-02	2.561885e-01	2.035968e-02
2.164475e-04	1.194092e-02	2.747338e-01	2.183332e-02
2.489146e-04	1.282594e-02	2.930979e-01	2.341363e-02
2.862518e-04	1.377498e-02	3.128865e-01	2.510832e-02
3.291895e-04	1.479268e-02	3.326763e-01	2.692567e-02
3.785680e-04	1.588402e-02	3.524565e-01	2.887457e-02
4.353531e-04	1.705432e-02	3.736499e-01	3.096453e-02
5.006561e-04	1.830931e-02	3.943100e-01	3.320575e-02
5.757545e-04	1.965511e-02	4.159877e-01	3.560920e-02
6.621177e-04	2.109830e-02	4.359286e-01	3.818662e-02
7.614354e-04	2.264593e-02	4.569922e-01	4.095058e-02
8.756507e-04	2.430556e-02	4.786281e-01	4.391461e-02
1.006998e-03	2.608530e-02	4.996244e-01	4.709317e-02
1.158048e-03	2.799384e-02	5.202611e-01	5.050180e-02
1.331755e-03	3.004051e-02	5.387870e-01	5.415715e-02
1.531519e-03	3.223531e-02	5.576693e-01	5.807707e-02
1.761246e-03	3.458895e-02	5.763420e-01	6.228072e-02
2.025433e-03	3.711294e-02	5.939045e-01	6.678863e-02
2.329248e-03	3.981960e-02	6.105456e-01	7.162283e-02
2.678635e-03	4.272216e-02	6.257486e-01	7.680693e-02
3.080431e-03	4.583481e-02	6.395607e-01	8.236625e-02
3.542495e-03	4.917274e-02	6.523220e-01	8.832797e-02
4.073870e-03	5.275226e-02	6.633587e-01	9.472119e-02
4.684950e-03	5.659086e-02	6.735782e-01	1.015772e-01
5.387693e-03	6.070730e-02	6.826050e-01	1.089095e-01
6.195847e-03	6.512168e-02	6.894766e-01	1.168174e-01
7.125224e-03	6.985557e-02	6.954816e-01	1.252707e-01
8.194007e-03	7.493209e-02	7.006471e-01	1.343391e-01
9.423108e-03	8.037605e-02	7.040386e-01	1.440620e-01
1.083657e-02	8.621404e-02	7.067964e-01	1.544891e-01
1.246206e-02	9.247459e-02	7.068692e-01	1.656709e-01
1.433137e-02	9.918827e-02	7.059312e-01	1.776621e-01
1.648108e-02	1.063879e-01	7.036524e-01	1.905212e-01
1.895324e-02	1.141086e-01	6.994610e-01	2.043109e-01
2.179622e-02	1.223882e-01	6.940027e-01	2.190988e-01
2.506566e-02	1.312670e-01	6.863330e-01	2.349571e-01
2.882550e-02	1.407885e-01	6.771208e-01	2.519633e-01
3.314933e-02	1.509991e-01	6.660126e-01	2.702003e-01
3.812173e-02	1.619488e-01	6.532571e-01	2.897572e-01
4.383999e-02	1.736910e-01	6.385850e-01	3.107298e-01
5.041599e-02	1.862832e-01	6.225049e-01	3.332204e-01
5.797838e-02	1.997868e-01	6.047753e-01	3.573389e-01
6.667514e-02	2.142677e-01	5.863078e-01	3.832031e-01
7.667641e-02	2.297968e-01	5.659686e-01	4.109392e-01
8.817787e-02	2.464499e-01	5.441571e-01	4.406830e-01
1.014046e-01	2.643084e-01	5.214679e-01	4.725798e-01
1.166152e-01	2.834594e-01	4.981913e-01	5.067851e-01
1.341075e-01	3.039967e-01	4.754075e-01	5.434662e-01
1.542237e-01	3.260204e-01	4.513482e-01	5.828022e-01
1.773572e-01	3.496382e-01	4.266683e-01	6.249857e-01
2.039608e-01	3.749655e-01	4.019430e-01	6.702224e-01
2.345549e-01	4.021260e-01	3.775239e-01	7.187332e-01
2.697381e-01	4.312523e-01	3.534992e-01	7.707551e-01
3.101989e-01	4.624869e-01	3.304761e-01	8.265424e-01
3.567287e-01	4.959822e-01	3.079126e-01	8.863673e-01
4.102380e-01	5.319019e-01	2.864387e-01	9.505282e-01
4.717737e-01	5.704215e-01	2.654426e-01	1.019305e+00
5.425397e-01	6.117312e-01	2.448802e-01	1.093269e+00
6.239207e-01	6.560317e-01	2.270270e-01	1.173394e+00
7.175088e-01	7.035387e-01	2.092715e-01	1.260268e+00
8.251351e-01	7.544844e-01	1.915680e-01	1.354584e+00
9.489054e-01	8.091177e-01	1.775958e-01	1.457116e+00
1.091241e+00	8.677055e-01	1.641196e-01	1.568784e+00
1.254927e+00	9.345097e-01	1.521101e-01	1.671880e+00
1.443166e+00	1.024682e+00	1.386835e-01	1.707284e+00
1.659641e+00	1.122492e+00	1.233113e-01	1.739701e+00
1.908588e+00	1.230237e+00	1.109498e-01	1.769638e+00
2.194876e+00	1.347368e+00	9.874623e-02	1.797760e+00
2.524107e+00	1.479401e+00	8.943785e-02	1.824980e+00
2.902723e+00	1.625426e+00	8.029489e-02	1.852420e+00
3.338132e+00	1.787531e+00	7.228755e-02	1.881407e+00
3.838852e+00	1.970278e+00	6.547916e-02	1.913492e+00
4.414679e+00	2.160829e+00	5.862098e-02	1.950465e+00
5.076881e+00	2.364141e+00	5.287731e-02	1.994364e+00
5.838413e+00	2.565068e+00	4.732393e-02	2.047502e+00
6.714175e+00	2.784559e+00	4.281725e-02	2.112505e+00
7.721302e+00	3.028861e+00	3.843347e-02	2.192349e+00
8.879497e+00	3.246887e+00	3.429384e-02	2.290372e+00
1.021142e+01	3.468597e+00	3.051402e-02	2.410375e+00
1.174313e+01	3.675576e+00	2.723586e-02	2.556591e+00
1.350460e+01	3.849517e+00	2.447856e-02	2.733754e+00
1.553030e+01	4.020395e+00	2.186013e-02	2.947181e+00
1.785984e+01	4.160306e+00	1.943518e-02	3.202888e+00
2.053882e+01	4.289354e+00	1.721068e-02	3.507851e+00
2.361964e+01	4.396286e+00	1.528581e-02	3.870284e+00
2.716258e+01	4.469087e+00	1.354571e-02	4.300067e+00
3.123697e+01	4.532514e+00	1.205771e-02	4.809283e+00
3.592252e+01	4.563901e+00	1.071124e-02	5.412861e+00
4.131089e+01	4.577732e+00	9.530430e-03	6.129381e+00
4.750753e+01	4.570654e+00	8.472274e-03	6.982051e+00
5.463366e+01	4.527967e+00	7.484181e-03	7.999946e+00
6.282871e+01	4.471930e+00	6.712726e-03	9.219565e+00
7.225301e+01	4.403465e+00	5.975666e-03	1.068663e+01
8.309096e+01	4.315045e+00	5.270272e-03	1.245986e+01
9.555461e+01	4.205439e+00	4.688946e-03	1.460828e+01
1.098878e+02	4.203180e+00	4.102069e-03	1.725262e+01
1.263710e+02	3.972150e+00	3.676624e-03	2.052004e+01
1.453266e+02	3.736144e+00	3.259859e-03	2.453987e+01
1.671256e+02	3.496822e+00	2.865080e-03	2.953458e+01
1.921945e+02	3.285008e+00	2.545912e-03	3.572275e+01
2.210236e+02	3.071916e+00	2.222516e-03	4.336229e+01
2.541772e+02	2.858788e+00	1.973310e-03	5.285756e+01
2.923037e+02	2.652325e+00	1.732191e-03	6.471418e+01
3.361493e+02	2.453578e+00	1.525553e-03	7.958199e+01
3.865717e+02	2.264504e+00	1.358727e-03	9.829620e+01
4.445574e+02	2.084353e+00	1.192100e-03	1.219406e+02
5.112411e+02	1.912467e+00	1.058041e-03	1.519045e+02
5.879272e+02	1.748795e+00	9.313905e-04	1.899897e+02
6.761163e+02	1.593034e+00	8.299420e-04	2.385498e+02
7.775337e+02	1.447619e+00	7.335460e-04	3.006373e+02
8.941638e+02	1.313386e+00	6.446691e-04	3.801360e+02
1.028288e+03	1.190555e+00	5.637821e-04	4.819453e+02
1.182532e+03	1.077080e+00	4.968627e-04	6.124266e+02
1.359911e+03	9.725110e-01	4.404796e-04	7.798684e+02
1.563898e+03	8.766795e-01	3.880768e-04	9.949018e+02
1.798483e+03	7.892431e-01	3.405063e-04	1.271164e+03
2.068255e+03	7.099221e-01	2.967650e-04	1.626109e+03
2.378493e+03	6.384858e-01	2.603565e-04	2.081978e+03
2.735268e+03	5.744143e-01	2.271858e-04	2.667109e+03
3.145558e+03	5.168591e-01	1.997777e-04	3.417540e+03
3.617391e+03	4.651936e-01	1.752612e-04	4.378910e+03
4.160000e+03	4.192151e-01	1.537311e-04	5.608844e+03
4.784000e+03	3.783895e-01	1.350103e-04	7.179815e+03
5.501600e+03	3.420380e-01	1.174298e-04	9.182593e+03
6.326840e+03	3.097902e-01	1.042711e-04	1.173033e+04
7.275866e+03	2.813324e-01	9.164758e-05	1.496336e+04
8.367246e+03	2.562051e-01	7.954599e-05	1.905461e+04
9.622333e+03	2.340403e-01	6.990332e-05	2.421584e+04
