# Energy_MeV	dEdx_Elec_MeV_um	dEdx_Nucl_MeV_um	Range_um
1.000000e-05	5.842523e-03	4.180350e-02	3.423178e-03
1.150000e-05	6.265408e-03	4.619807e-02	3.670950e-03
1.322500e-05	6.718902e-03	5.104838e-02	3.936655e-03
1.520875e-05	7.205220e-03	5.637318e-02	4.221592e-03
1.749006e-05	7.726737e-03	6.226680e-02	4.527153e-03
2.011357e-05	8.286003e-03	6.848706e-02	4.854831e-03
2.313061e-05	8.885748e-03	7.536229e-02	5.206226e-03
2.660020e-05	9.528903e-03	8.314100e-02	5.583056e-03
3.059023e-05	1.021861e-02	9.143090e-02	5.987160e-03
3.517876e-05	1.095824e-02	1.006054e-01	6.420514e-03
4.045558e-05	1.175140e-02	1.102215e-01	6.885235e-03
4.652391e-05	1.260197e-02	1.207970e-01	7.383591e-03
5.350250e-05	1.351411e-02	1.327001e-01	7.918020e-03
6.152788e-05	1.449227e-02	1.453090e-01	8.491130e-03
7.075706e-05	1.554123e-02	1.591752e-01	9.105723e-03
8.137062e-05	1.666611e-02	1.738911e-01	9.764800e-03
9.357621e-05	1.787241e-02	1.898886e-01	1.047158e-02
1.076126e-04	1.916603e-02	2.072059e-01	1.122952e-02
1.237545e-04	2.055327e-02	2.253710e-01	1.204232e-02
1.423177e-04	2.204093e-02	2.453993e-01	1.291395e-02
1.636654e-04	2.363627e-02	2.665792e-01	1.384867e-02
1.882152e-04	2.534707e-02	2.889774e-01	1.485104e-02
2.164475e-04	2.718171e-02	3.125486e-01	1.592597e-02
2.489146e-04	2.914913e-02	3.382980e-01	1.707870e-02
2.862518e-04	3.125896e-02	3.660193e-01	1.831486e-02
3.291895e-04	3.352150e-02	3.953500e-01	1.964050e-02
3.785680e-04	3.594781e-02	4.254920e-01	2.106209e-02
4.353531e-04	3.854973e-02	4.568830e-01	2.258657e-02
5.006561e-04	4.133998e-02	4.907751e-01	2.422140e-02
5.757545e-04	4.433219e-02	5.266616e-01	2.597456e-02
6.621177e-04	4.754097e-02	5.641469e-01	2.785461e-02
7.614354e-04	5.098201e-02	6.025649e-01	2.987075e-02
8.756507e-04	5.467212e-02	6.431893e-01	3.203281e-02
1.006998e-03	5.862932e-02	6.838951e-01	3.435136e-02
1.158048e-03	6.287294e-02	7.251327e-01	3.683773e-02
1.331755e-03	6.742371e-02	7.679309e-01	3.950406e-02
1.531519e-03	7.230388e-02	8.114469e-01	4.236339e-02
1.761246e-03	7.753727e-02	8.567033e-01	4.542967e-02
2.025433e-03	8.314946e-02	8.977903e-01	4.871789e-02
2.329248e-03	8.916786e-02	9.401565e-01	5.224412e-02
2.678635e-03	9.562188e-02	9.862988e-01	5.602558e-02
3.080431e-03	1.025430e-01	1.029397e+00	6.008074e-02
3.542495e-03	1.099652e-01	1.072957e+00	6.442941e-02
4.073870e-03	1.179245e-01	1.110832e+00	6.909285e-02
4.684950e-03	1.264599e-01	1.148614e+00	7.409383e-02
5.387693e-03	1.356132e-01	1.188782e+00	7.945678e-02
6.195847e-03	1.454289e-01	1.224883e+00	8.520790e-02
7.125224e-03	1.559551e-01	1.259626e+00	9.137529e-02
8.194007e-03	1.672433e-01	1.290644e+00	9.793862e-02
9.423108e-03	1.793484e-01	1.319558e+00	1.050701e-01
1.083657e-02	1.923298e-01	1.346308e+00	1.126902e-01
1.246206e-02	2.062507e-01	1.368861e+00	1.208467e-01
1.433137e-02	2.211792e-01	1.390545e+00	1.295932e-01
1.648108e-02	2.371883e-01	1.409028e+00	1.389732e-01
1.895324e-02	2.543561e-01	1.423942e+00	1.490319e-01
2.179622e-02	2.727665e-01	1.435704e+00	1.598187e-01
2.506566e-02	2.925095e-01	1.446110e+00	1.713863e-01
2.882550e-02	3.136815e-01	1.454425e+00	1.837911e-01
3.314933e-02	3.363859e-01	1.459656e+00	1.970938e-01
3.812173e-02	3.607337e-01	1.460708e+00	2.113593e-01
4.383999e-02	3.868438e-01	1.458491e+00	2.266574e-01
5.041599e-02	4.148438e-01	1.453761e+00	2.430629e-01
5.797838e-02	4.448704e-01	1.446024e+00	2.606557e-01
6.667514e-02	4.770704e-01	1.434658e+00	2.795219e-01
7.667641e-02	5.116010e-01	1.419283e+00	2.997535e-01
8.817787e-02	5.486309e-01	1.400444e+00	3.214497e-01
1.014046e-01	5.883411e-01	1.377779e+00	3.447163e-01
1.166152e-01	6.309255e-01	1.351662e+00	3.696668e-01
1.341075e-01	6.765923e-01	1.321748e+00	3.964232e-01
1.542237e-01	7.255644e-01	1.288523e+00	4.251163e-01
1.773572e-01	7.780811e-01	1.251660e+00	4.558863e-01
2.039608e-01	8.343990e-01	1.213911e+00	4.888835e-01
2.345549e-01	8.947933e-01	1.172696e+00	5.242689e-01
2.697381e-01	9.595589e-01	1.126826e+00	5.622155e-01
3.101989e-01	1.029012e+00	1.080359e+00	6.029086e-01
3.567287e-01	1.103493e+00	1.031480e+00	6.465474e-01
4.102380e-01	1.183364e+00	9.848727e-01	6.933448e-01
4.717737e-01	1.269017e+00	9.364596e-01	7.435291e-01
5.425397e-01	1.360869e+00	8.839639e-01	7.973461e-01
6.239207e-01	1.459369e+00	8.332429e-01	8.550582e-01
7.175088e-01	1.564999e+00	7.824172e-01	9.169415e-01
8.251351e-01	1.671497e+00	7.333486e-01	9.833598e-01
9.489054e-01	1.773979e+00	6.854498e-01	1.055180e+00
1.091241e+00	1.881014e+00	6.383208e-01	1.133052e+00
1.254927e+00	1.992180e+00	5.944444e-01	1.217556e+00
1.443166e+00	2.106798e+00	5.504143e-01	1.309378e+00
1.659641e+00	2.223857e+00	5.083463e-01	1.409320e+00
1.908588e+00	1.181165e+00	4.703488e-01	1.518327e+00
2.194876e+00	1.295725e+00	4.349078e-01	1.637536e+00
2.524107e+00	1.426950e+00	3.990135e-01	1.768325e+00
2.902723e+00	1.566760e+00	3.670795e-01	1.912390e+00
3.338132e+00	1.720014e+00	3.405599e-01	2.071841e+00
3.838852e+00	1.891071e+00	3.163566e-01	2.249328e+00
4.414679e+00	2.071843e+00	2.890590e-01	2.318836e+00
5.076881e+00	2.273810e+00	2.577060e-01	2.282377e+00
5.838413e+00	2.493861e+00	2.295706e-01	2.249885e+00
6.714175e+00	2.733312e+00	2.054939e-01	2.223287e+00
7.721302e+00	3.000967e+00	1.856040e-01	2.204513e+00
8.879497e+00	3.285483e+00	1.666219e-01	2.195515e+00
1.021142e+01	3.609186e+00	1.502817e-01	2.198245e+00
1.174313e+01	3.975131e+00	1.358486e-01	2.214825e+00
1.350460e+01	4.369087e+00	1.221683e-01	2.247456e+00
1.553030e+01	4.806397e+00	1.097697e-01	2.298471e+00
1.785984e+01	5.248022e+00	9.800775e-02	2.370351e+00
2.053882e+01	5.712778e+00	8.878561e-02	2.465742e+00
2.361964e+01	6.186090e+00	8.008439e-02	2.587493e+00
2.716258e+01	6.653612e+00	7.107510e-02	2.738721e+00
3.123697e+01	7.147900e+00	6.329054e-02	2.922931e+00
3.592252e+01	7.575914e+00	5.637022e-02	3.144167e+00
4.131089e+01	7.988936e+00	5.073250e-02	3.407291e+00
4.750753e+01	8.375017e+00	4.556429e-02	3.718203e+00
5.463366e+01	8.698515e+00	4.027691e-02	4.084174e+00
6.282871e+01	9.018073e+00	3.569510e-02	4.514209e+00
7.225301e+01	9.260217e+00	3.169707e-02	5.019457e+00
8.309096e+01	9.444178e+00	2.814574e-02	5.613753e+00
9.555461e+01	9.571619e+00	2.504030e-02	6.314186e+00
1.098878e+02	9.686955e+00	2.221549e-02	7.141935e+00
1.263710e+02	9.785296e+00	1.980407e-02	8.123325e+00
1.453266e+02	9.800935e+00	1.757713e-02	9.289465e+00
1.671256e+02	1.031834e+01	1.555366e-02	1.068957e+01
1.921945e+02	1.000614e+01	1.390281e-02	1.239239e+01
2.210236e+02	9.637555e+00	1.244366e-02	1.444071e+01
2.541772e+02	9.253028e+00	1.101727e-02	1.693162e+01
2.923037e+02	8.876429e+00	9.718182e-03	1.995718e+01
3.361493e+02	8.502883e+00	8.553947e-03	2.361119e+01
3.865717e+02	8.089731e+00	7.614544e-03	2.804362e+01
4.445574e+02	7.675087e+00	6.789616e-03	3.345493e+01
5.112411e+02	7.263292e+00	5.991200e-03	4.009353e+01
5.879272e+02	6.861108e+00	5.276444e-03	4.827338e+01
6.761163e+02	6.471229e+00	4.635497e-03	5.839874e+01
7.775337e+02	6.083092e+00	4.096832e-03	7.098257e+01
8.941638e+02	5.696173e+00	3.595451e-03	8.668187e+01
1.028288e+03	5.312086e+00	3.174050e-03	1.063492e+02
1.182532e+03	4.936064e+00	2.819505e-03	1.310912e+02
1.359911e+03	4.572386e+00	2.488162e-03	1.623139e+02
1.563898e+03	4.231980e+00	2.196972e-03	2.017821e+02
1.798483e+03	3.903987e+00	1.928470e-03	2.517536e+02
2.068255e+03	3.588913e+00	1.720991e-03	3.152096e+02
2.378493e+03	3.289564e+00	1.530559e-03	3.959734e+02
2.735268e+03	3.007319e+00	1.335937e-03	4.989693e+02
3.145558e+03	2.743355e+00	1.169203e-03	6.305201e+02
3.617391e+03	2.498292e+00	1.028195e-03	7.987185e+02
4.160000e+03	2.271150e+00	9.128330e-04	1.013905e+03
4.784000e+03	2.061914e+00	8.098929e-04	1.289291e+03
5.501600e+03	1.870710e+00	7.056211e-04	1.641669e+03
6.326840e+03	1.696798e+00	6.156271e-04	2.092316e+03
7.275866e+03	1.539135e+00	5.400283e-04	2.668068e+03
8.367246e+03	1.397200e+00	4.722789e-04	3.402621e+03
9.622333e+03	1.270036e+00	4.150294e-04	4.338068e+03
