# Energy_MeV	dEdx_Elec_MeV_um	dEdx_Nucl_MeV_um	Range_um
1.000000e-05	6.650581e-03	3.226051e-02	3.007256e-03
1.150000e-05	7.131954e-03	3.527216e-02	3.224923e-03
1.322500e-05	7.648168e-03	3.917987e-02	3.458344e-03
1.520875e-05	8.201747e-03	4.341810e-02	3.708661e-03
1.749006e-05	8.795393e-03	4.817830e-02	3.977096e-03
2.011357e-05	9.432009e-03	5.352684e-02	4.264960e-03
2.313061e-05	1.011470e-02	5.932161e-02	4.573661e-03
2.660020e-05	1.084681e-02	6.575397e-02	4.904705e-03
3.059023e-05	1.163191e-02	7.279934e-02	5.259710e-03
3.517876e-05	1.247383e-02	8.055717e-02	5.640410e-03
4.045558e-05	1.337669e-02	8.904687e-02	6.048666e-03
4.652391e-05	1.434491e-02	9.833011e-02	6.486472e-03
5.350250e-05	1.538320e-02	1.086600e-01	6.955966e-03
6.152788e-05	1.649664e-02	1.199413e-01	7.459443e-03
7.075706e-05	1.769068e-02	1.320290e-01	7.999361e-03
8.137062e-05	1.897114e-02	1.451470e-01	8.578359e-03
9.357621e-05	2.034428e-02	1.601402e-01	9.199265e-03
1.076126e-04	2.181681e-02	1.762685e-01	9.865113e-03
1.237545e-04	2.339592e-02	1.937599e-01	1.057915e-02
1.423177e-04	2.508933e-02	2.125076e-01	1.134488e-02
1.636654e-04	2.690531e-02	2.326391e-01	1.216603e-02
1.882152e-04	2.885273e-02	2.556629e-01	1.304661e-02
2.164475e-04	3.094111e-02	2.800984e-01	1.399093e-02
2.489146e-04	3.318064e-02	3.065419e-01	1.500360e-02
2.862518e-04	3.558227e-02	3.351650e-01	1.608957e-02
3.291895e-04	3.815774e-02	3.659380e-01	1.725414e-02
3.785680e-04	4.091961e-02	3.992736e-01	1.850301e-02
4.353531e-04	4.388140e-02	4.342277e-01	1.984227e-02
5.006561e-04	4.705755e-02	4.726559e-01	2.127846e-02
5.757545e-04	5.046360e-02	5.137416e-01	2.281861e-02
6.621177e-04	5.411619e-02	5.571114e-01	2.447023e-02
7.614354e-04	5.803315e-02	6.019206e-01	2.624140e-02
8.756507e-04	6.223362e-02	6.513691e-01	2.814076e-02
1.006998e-03	6.673812e-02	7.057423e-01	3.017761e-02
1.158048e-03	7.156866e-02	7.613748e-01	3.236188e-02
1.331755e-03	7.674883e-02	8.203763e-01	3.470425e-02
1.531519e-03	8.230396e-02	8.798260e-01	3.721616e-02
1.761246e-03	8.826116e-02	9.448462e-01	3.990988e-02
2.025433e-03	9.464955e-02	1.015460e+00	4.279858e-02
2.329248e-03	1.015003e-01	1.086311e+00	4.589637e-02
2.678635e-03	1.088470e-01	1.161282e+00	4.921837e-02
3.080431e-03	1.167254e-01	1.238391e+00	5.278082e-02
3.542495e-03	1.251740e-01	1.317629e+00	5.660112e-02
4.073870e-03	1.342342e-01	1.397341e+00	6.069794e-02
4.684950e-03	1.439501e-01	1.478325e+00	6.509129e-02
5.387693e-03	1.543693e-01	1.563677e+00	6.980264e-02
6.195847e-03	1.655427e-01	1.649209e+00	7.485499e-02
7.125224e-03	1.775247e-01	1.730235e+00	8.027303e-02
8.194007e-03	1.903741e-01	1.809390e+00	8.608324e-02
9.423108e-03	2.041534e-01	1.899273e+00	9.231399e-02
1.083657e-02	2.189302e-01	1.983335e+00	9.899572e-02
1.246206e-02	2.347764e-01	2.064898e+00	1.061611e-01
1.433137e-02	2.517697e-01	2.140384e+00	1.138451e-01
1.648108e-02	2.699929e-01	2.210105e+00	1.220753e-01
1.895324e-02	2.895351e-01	2.289298e+00	1.309262e-01
2.179622e-02	3.104918e-01	2.358716e+00	1.404002e-01
2.506566e-02	3.329654e-01	2.424098e+00	1.505638e-01
2.882550e-02	3.570656e-01	2.484802e+00	1.614610e-01
3.314933e-02	3.829102e-01	2.540117e+00	1.731474e-01
3.812173e-02	4.106255e-01	2.591588e+00	1.856797e-01
4.383999e-02	4.403467e-01	2.633948e+00	1.991191e-01
5.041599e-02	4.722193e-01	2.675704e+00	2.135312e-01
5.797838e-02	5.063988e-01	2.711454e+00	2.289864e-01
6.667514e-02	5.430522e-01	2.740472e+00	2.455603e-01
7.667641e-02	5.823586e-01	2.761587e+00	2.633339e-01
8.817787e-02	6.245100e-01	2.781231e+00	2.823940e-01
1.014046e-01	6.697124e-01	2.798926e+00	3.028335e-01
1.166152e-01	7.181865e-01	2.807406e+00	3.247525e-01
1.341075e-01	7.701692e-01	2.810274e+00	3.482580e-01
1.542237e-01	8.259145e-01	2.804862e+00	3.734649e-01
1.773572e-01	8.856946e-01	2.795459e+00	4.004963e-01
2.039608e-01	9.498016e-01	2.781529e+00	4.294841e-01
2.345549e-01	1.018549e+00	2.758670e+00	4.605701e-01
2.697381e-01	1.092272e+00	2.729240e+00	4.939062e-01
3.101989e-01	1.171331e+00	2.692545e+00	5.296553e-01
3.567287e-01	1.256113e+00	2.648866e+00	5.679918e-01
4.102380e-01	1.347031e+00	2.598348e+00	6.091029e-01
4.717737e-01	1.444530e+00	2.540775e+00	6.531898e-01
5.425397e-01	1.549085e+00	2.476244e+00	7.004680e-01
6.239207e-01	1.661209e+00	2.405594e+00	7.511681e-01
7.175088e-01	1.781448e+00	2.332060e+00	8.055376e-01
8.251351e-01	1.910390e+00	2.253757e+00	8.638424e-01
9.489054e-01	2.048665e+00	2.164070e+00	9.263677e-01
1.091241e+00	2.196949e+00	2.074797e+00	9.934176e-01
1.254927e+00	2.355965e+00	1.981044e+00	1.065328e+00
1.443166e+00	2.526491e+00	1.890251e+00	1.142410e+00
1.659641e+00	2.688449e+00	1.799188e+00	1.225337e+00
1.908588e+00	2.852395e+00	1.695454e+00	1.315189e+00
2.194876e+00	3.023303e+00	1.599149e+00	1.412612e+00
2.524107e+00	3.200373e+00	1.501391e+00	1.518388e+00
2.902723e+00	3.382361e+00	1.406908e+00	1.633388e+00
3.338132e+00	3.567452e+00	1.314506e+00	1.758646e+00
3.838852e+00	3.753132e+00	1.223568e+00	1.895390e+00
4.414679e+00	3.936060e+00	1.140878e+00	2.045096e+00
5.076881e+00	2.121180e+00	1.054868e+00	2.209569e+00
5.838413e+00	2.331868e+00	9.747990e-01	2.391036e+00
6.714175e+00	2.557027e+00	9.003365e-01	2.592283e+00
7.721302e+00	2.808397e+00	8.346671e-01	2.816809e+00
8.879497e+00	3.081875e+00	7.661327e-01	3.069039e+00
1.021142e+01	3.379138e+00	7.004438e-01	3.354586e+00
1.174313e+01	3.711148e+00	6.533534e-01	3.680584e+00
1.350460e+01	4.056531e+00	6.075468e-01	4.056104e+00
1.553030e+01	4.427787e+00	5.550079e-01	4.492685e+00
1.785984e+01	4.810545e+00	4.945880e-01	4.545105e+00
2.053882e+01	5.235537e+00	4.368790e-01	4.304235e+00
2.361964e+01	5.711796e+00	3.938588e-01	4.118172e+00
2.716258e+01	6.187683e+00	3.547941e-01	3.982948e+00
3.123697e+01	6.713339e+00	3.194293e-01	3.895551e+00
3.592252e+01	7.288839e+00	2.875281e-01	3.853793e+00
4.131089e+01	7.910210e+00	2.597424e-01	3.856203e+00
4.750753e+01	8.606317e+00	2.343629e-01	3.901892e+00
5.463366e+01	9.361537e+00	2.097081e-01	3.990777e+00
6.282871e+01	1.017911e+01	1.875910e-01	4.123443e+00
7.225301e+01	1.106512e+01	1.697009e-01	4.301331e+00
8.309096e+01	1.193215e+01	1.536924e-01	4.526909e+00
9.555461e+01	1.285638e+01	1.356497e-01	4.803857e+00
1.098878e+02	1.373380e+01	1.210642e-01	5.137275e+00
1.263710e+02	1.458358e+01	1.077460e-01	5.533918e+00
1.453266e+02	1.542645e+01	9.695903e-02	6.002455e+00
1.671256e+02	1.603668e+01	8.743326e-02	6.553745e+00
1.921945e+02	1.667766e+01	7.682977e-02	7.201389e+00
2.210236e+02	1.734407e+01	6.832888e-02	7.961923e+00
2.541772e+02	1.789962e+01	6.055386e-02	8.856559e+00
2.923037e+02	1.839839e+01	5.385719e-02	9.907730e+00
3.361493e+02	1.964871e+01	4.784971e-02	1.116606e+01
3.865717e+02	1.943145e+01	4.242895e-02	1.267069e+01
4.445574e+02	1.918476e+01	3.796987e-02	1.445591e+01
5.112411e+02	1.879586e+01	3.357458e-02	1.659508e+01
5.879272e+02	1.845358e+01	2.977994e-02	1.914168e+01
6.761163e+02	1.796364e+01	2.651701e-02	2.215601e+01
7.775337e+02	1.739357e+01	2.385532e-02	2.575327e+01
8.941638e+02	1.680251e+01	2.113936e-02	3.006754e+01
1.028288e+03	1.619827e+01	1.850033e-02	3.526596e+01
1.182532e+03	1.561765e+01	1.639119e-02	4.155695e+01
1.359911e+03	1.503543e+01	1.450814e-02	4.920453e+01
1.563898e+03	1.442338e+01	1.301370e-02	5.853693e+01
1.798483e+03	1.378518e+01	1.149489e-02	6.997188e+01
2.068255e+03	1.311702e+01	1.004267e-02	8.404735e+01
2.378493e+03	1.244401e+01	8.882811e-03	1.014475e+02
2.735268e+03	1.178110e+01	7.814782e-03	1.230210e+02
3.145558e+03	1.113145e+01	6.878429e-03	1.498162e+02
3.617391e+03	1.048056e+01	6.067743e-03	1.831958e+02
4.160000e+03	9.832617e+00	5.382580e-03	2.249289e+02
4.784000e+03	9.193843e+00	4.771010e-03	2.772721e+02
5.501600e+03	8.569906e+00	4.190333e-03	3.431116e+02
6.326840e+03	7.967068e+00	3.681027e-03	4.261382e+02
7.275866e+03	7.389032e+00	3.288668e-03	5.310565e+02
8.367246e+03	6.836686e+00	2.936440e-03	6.638779e+02
9.622333e+03	6.311986e+00	2.545251e-03	8.322731e+02
