# Energy_MeV	dEdx_Elec_MeV_um	dEdx_Nucl_MeV_um	Range_um
1.000000e-05	6.594387e-03	4.698986e-02	3.032882e-03
1.150000e-05	7.071693e-03	5.177691e-02	3.252404e-03
1.322500e-05	7.583545e-03	5.700728e-02	3.487815e-03
1.520875e-05	8.132446e-03	6.279860e-02	3.740264e-03
1.749006e-05	8.721077e-03	6.911042e-02	4.010987e-03
2.011357e-05	9.352313e-03	7.611007e-02	4.301304e-03
2.313061e-05	1.002924e-02	8.348005e-02	4.612635e-03
2.660020e-05	1.075516e-02	9.157462e-02	4.946500e-03
3.059023e-05	1.153362e-02	1.004647e-01	5.304530e-03
3.517876e-05	1.236843e-02	1.100689e-01	5.688475e-03
4.045558e-05	1.326367e-02	1.206877e-01	6.100209e-03
4.652391e-05	1.422370e-02	1.319030e-01	6.541746e-03
5.350250e-05	1.525322e-02	1.443373e-01	7.015241e-03
6.152788e-05	1.635725e-02	1.573589e-01	7.523008e-03
7.075706e-05	1.754120e-02	1.713307e-01	8.067527e-03
8.137062e-05	1.881084e-02	1.866333e-01	8.651459e-03
9.357621e-05	2.017238e-02	2.027858e-01	9.277656e-03
1.076126e-04	2.163247e-02	2.205642e-01	9.949178e-03
1.237545e-04	2.319824e-02	2.383353e-01	1.066930e-02
1.423177e-04	2.487734e-02	2.579876e-01	1.144155e-02
1.636654e-04	2.667797e-02	2.794992e-01	1.226970e-02
1.882152e-04	2.860894e-02	3.017424e-01	1.315779e-02
2.164475e-04	3.067967e-02	3.258605e-01	1.411016e-02
2.489146e-04	3.290028e-02	3.497017e-01	1.513146e-02
2.862518e-04	3.528162e-02	3.757312e-01	1.622668e-02
3.291895e-04	3.783532e-02	4.038045e-01	1.740117e-02
3.785680e-04	4.057386e-02	4.324613e-01	1.866068e-02
4.353531e-04	4.351062e-02	4.630731e-01	2.001135e-02
5.006561e-04	4.665994e-02	4.939160e-01	2.145978e-02
5.757545e-04	5.003722e-02	5.261007e-01	2.301305e-02
6.621177e-04	5.365894e-02	5.593343e-01	2.467875e-02
7.614354e-04	5.754280e-02	5.922275e-01	2.646501e-02
8.756507e-04	6.170778e-02	6.270319e-01	2.838056e-02
1.006998e-03	6.617422e-02	6.616802e-01	3.043476e-02
1.158048e-03	7.096394e-02	6.955704e-01	3.263765e-02
1.331755e-03	7.610035e-02	7.297144e-01	3.499998e-02
1.531519e-03	8.160853e-02	7.647186e-01	3.753329e-02
1.761246e-03	8.751540e-02	7.991180e-01	4.024997e-02
2.025433e-03	9.384981e-02	8.347478e-01	4.316329e-02
2.329248e-03	1.006427e-01	8.660319e-01	4.628747e-02
2.678635e-03	1.079273e-01	8.974447e-01	4.963778e-02
3.080431e-03	1.157391e-01	9.283720e-01	5.323059e-02
3.542495e-03	1.241164e-01	9.574453e-01	5.708345e-02
4.073870e-03	1.331000e-01	9.869007e-01	6.121518e-02
4.684950e-03	1.427338e-01	1.012155e+00	6.564596e-02
5.387693e-03	1.530650e-01	1.037594e+00	7.036943e-02
6.195847e-03	1.641439e-01	1.058896e+00	7.549213e-02
7.125224e-03	1.760247e-01	1.078050e+00	8.095857e-02
8.194007e-03	1.887655e-01	1.096453e+00	8.681895e-02
9.423108e-03	2.024284e-01	1.111735e+00	9.310255e-02
1.083657e-02	2.170803e-01	1.126365e+00	9.984127e-02
1.246206e-02	2.327927e-01	1.136090e+00	1.070677e-01
1.433137e-02	2.496424e-01	1.145143e+00	1.148172e-01
1.648108e-02	2.677116e-01	1.153080e+00	1.231276e-01
1.895324e-02	2.870887e-01	1.158044e+00	1.320395e-01
2.179622e-02	3.078684e-01	1.161089e+00	1.415964e-01
2.506566e-02	3.301520e-01	1.160250e+00	1.518450e-01
2.882550e-02	3.540486e-01	1.157670e+00	1.628355e-01
3.314933e-02	3.796748e-01	1.153002e+00	1.746216e-01
3.812173e-02	4.071559e-01	1.145290e+00	1.872606e-01
4.383999e-02	4.366261e-01	1.134889e+00	2.008144e-01
5.041599e-02	4.682293e-01	1.121276e+00	2.153493e-01
5.797838e-02	5.021200e-01	1.104882e+00	2.309364e-01
6.667514e-02	5.384637e-01	1.085627e+00	2.476515e-01
7.667641e-02	5.774380e-01	1.063459e+00	2.655765e-01
8.817787e-02	6.192332e-01	1.038353e+00	2.847988e-01
1.014046e-01	6.640537e-01	1.010703e+00	3.054126e-01
1.166152e-01	7.121182e-01	9.814282e-01	3.275185e-01
1.341075e-01	7.636617e-01	9.496402e-01	3.512243e-01
1.542237e-01	8.189360e-01	9.150153e-01	3.766459e-01
1.773572e-01	8.782110e-01	8.792110e-01	4.039075e-01
2.039608e-01	9.417764e-01	8.405033e-01	4.331425e-01
2.345549e-01	1.009943e+00	8.035790e-01	4.644936e-01
2.697381e-01	1.083043e+00	7.648055e-01	4.981137e-01
3.101989e-01	1.161434e+00	7.244698e-01	5.341670e-01
3.567287e-01	1.245499e+00	6.849379e-01	5.728302e-01
4.102380e-01	1.335649e+00	6.432661e-01	6.142938e-01
4.717737e-01	1.432324e+00	6.046562e-01	6.587457e-01
5.425397e-01	1.527090e+00	5.644527e-01	7.065035e-01
6.239207e-01	1.620481e+00	5.272586e-01	7.582037e-01
7.175088e-01	8.673584e-01	4.920081e-01	8.142580e-01
8.251351e-01	9.301824e-01	4.559145e-01	8.751030e-01
9.489054e-01	9.975539e-01	4.228039e-01	9.412335e-01
1.091241e+00	1.069802e+00	3.892106e-01	1.013236e+00
1.254927e+00	1.149325e+00	3.611402e-01	1.091804e+00
1.443166e+00	1.264367e+00	3.325573e-01	1.177769e+00
1.659641e+00	1.390886e+00	3.047653e-01	1.272145e+00
1.908588e+00	1.528172e+00	2.822348e-01	1.376183e+00
2.194876e+00	1.676652e+00	2.619232e-01	1.491439e+00
2.524107e+00	1.842591e+00	2.414057e-01	1.506872e+00
2.902723e+00	2.019947e+00	2.181665e-01	1.494682e+00
3.338132e+00	2.216665e+00	1.941047e-01	1.483518e+00
3.838852e+00	2.434782e+00	1.737111e-01	1.474640e+00
4.414679e+00	2.671919e+00	1.558716e-01	1.469357e+00
5.076881e+00	2.937394e+00	1.406042e-01	1.469025e+00
5.838413e+00	3.222792e+00	1.267674e-01	1.475009e+00
6.714175e+00	3.544332e+00	1.139938e-01	1.488869e+00
7.721302e+00	3.908194e+00	1.029557e-01	1.512180e+00
8.879497e+00	4.283058e+00	9.244769e-02	1.546647e+00
1.021142e+01	4.690885e+00	8.288518e-02	1.594107e+00
1.174313e+01	5.102591e+00	7.481542e-02	1.656535e+00
1.350460e+01	5.511130e+00	6.730031e-02	1.736058e+00
1.553030e+01	5.935682e+00	6.017537e-02	1.834983e+00
1.785984e+01	6.328271e+00	5.388872e-02	1.955849e+00
2.053882e+01	6.731126e+00	4.767309e-02	2.101523e+00
2.361964e+01	7.089591e+00	4.293344e-02	2.275358e+00
2.716258e+01	7.407334e+00	3.838944e-02	2.481340e+00
3.123697e+01	7.719607e+00	3.414852e-02	2.724325e+00
3.592252e+01	7.958682e+00	3.048447e-02	3.010287e+00
4.131089e+01	8.188821e+00	2.686072e-02	3.346616e+00
4.750753e+01	8.371532e+00	2.398099e-02	3.742476e+00
5.463366e+01	8.480296e+00	2.116998e-02	4.209229e+00
6.282871e+01	8.561696e+00	1.883171e-02	4.760953e+00
7.225301e+01	8.630107e+00	1.683364e-02	5.415092e+00
8.309096e+01	8.668196e+00	1.489406e-02	6.193666e+00
9.555461e+01	8.653704e+00	1.327916e-02	7.121946e+00
1.098878e+02	8.806431e+00	1.172299e-02	8.244441e+00
1.263710e+02	8.484189e+00	1.052618e-02	9.612349e+00
1.453266e+02	8.132784e+00	9.369810e-03	1.126490e+01
1.671256e+02	7.761419e+00	8.266508e-03	1.328417e+01
1.921945e+02	7.418066e+00	7.298741e-03	1.574464e+01
2.210236e+02	7.064422e+00	6.440963e-03	1.872781e+01
2.541772e+02	6.689134e+00	5.754734e-03	2.236786e+01
2.923037e+02	6.316527e+00	5.105296e-03	2.683422e+01
3.361493e+02	5.948793e+00	4.496349e-03	3.234089e+01
3.865717e+02	5.592489e+00	3.958058e-03	3.915953e+01
4.445574e+02	5.246789e+00	3.483262e-03	4.764075e+01
5.112411e+02	4.905293e+00	3.070902e-03	5.823013e+01
5.879272e+02	4.568550e+00	2.712675e-03	7.150159e+01
6.761163e+02	4.237015e+00	2.391034e-03	8.820217e+01
7.775337e+02	3.916731e+00	2.118803e-03	1.093002e+02
8.941638e+02	3.611266e+00	1.869607e-03	1.360249e+02
1.028288e+03	3.325352e+00	1.644762e-03	1.699220e+02
1.182532e+03	3.052824e+00	1.463960e-03	2.129885e+02
1.359911e+03	2.793517e+00	1.296972e-03	2.678474e+02
1.563898e+03	2.549323e+00	1.139975e-03	3.378651e+02
1.798483e+03	2.320814e+00	1.006529e-03	4.273736e+02
2.068255e+03	2.108742e+00	8.754907e-04	5.419336e+02
2.378493e+03	1.913430e+00	7.792052e-04	6.886536e+02
2.735268e+03	1.734155e+00	6.874539e-04	8.766134e+02
3.145558e+03	1.570246e+00	6.021869e-04	1.117395e+03
3.617391e+03	1.421061e+00	5.309411e-04	1.425703e+03
4.160000e+03	1.286233e+00	4.607009e-04	1.820134e+03
4.784000e+03	1.164903e+00	4.061726e-04	2.324119e+03
5.501600e+03	1.056070e+00	3.536114e-04	2.967028e+03
6.326840e+03	9.588107e-01	3.100371e-04	3.785504e+03
7.275866e+03	8.721781e-01	2.739926e-04	4.825005e+03
8.367246e+03	7.950968e-01	2.389480e-04	6.141585e+03
9.622333e+03	7.267144e-01	2.104262e-04	7.803900e+03
