# Energy_MeV	dEdx_Elec_MeV_um	dEdx_Nucl_MeV_um	Range_um
1.000000e-05	6.537624e-03	3.244503e-02	3.059215e-03
1.150000e-05	7.010821e-03	3.394032e-02	3.280643e-03
1.322500e-05	7.518267e-03	3.708494e-02	3.518098e-03
1.520875e-05	8.062444e-03	4.120370e-02	3.772740e-03
1.749006e-05	8.646008e-03	4.565727e-02	4.045812e-03
2.011357e-05	9.271810e-03	5.065443e-02	4.338650e-03
2.313061e-05	9.942909e-03	5.629069e-02	4.652684e-03
2.660020e-05	1.066258e-02	6.237927e-02	4.989448e-03
3.059023e-05	1.143434e-02	6.915243e-02	5.350587e-03
3.517876e-05	1.226197e-02	7.655396e-02	5.737865e-03
4.045558e-05	1.314950e-02	8.471674e-02	6.153175e-03
4.652391e-05	1.410126e-02	9.365888e-02	6.598545e-03
5.350250e-05	1.512192e-02	1.034108e-01	7.076151e-03
6.152788e-05	1.621645e-02	1.142905e-01	7.588327e-03
7.075706e-05	1.739021e-02	1.261425e-01	8.137574e-03
8.137062e-05	1.864892e-02	1.388888e-01	8.726576e-03
9.357621e-05	1.999874e-02	1.526692e-01	9.358210e-03
1.076126e-04	2.144626e-02	1.684098e-01	1.003556e-02
1.237545e-04	2.299855e-02	1.854368e-01	1.076194e-02
1.423177e-04	2.466320e-02	2.037990e-01	1.154090e-02
1.636654e-04	2.644833e-02	2.235869e-01	1.237623e-02
1.882152e-04	2.836268e-02	2.447368e-01	1.327203e-02
2.164475e-04	3.041558e-02	2.689086e-01	1.423267e-02
2.489146e-04	3.261708e-02	2.947233e-01	1.526284e-02
2.862518e-04	3.497792e-02	3.224829e-01	1.636757e-02
3.291895e-04	3.750964e-02	3.526629e-01	1.755226e-02
3.785680e-04	4.022461e-02	3.850976e-01	1.882270e-02
4.353531e-04	4.313609e-02	4.201250e-01	2.018510e-02
5.006561e-04	4.625830e-02	4.570035e-01	2.164611e-02
5.757545e-04	4.960650e-02	4.973450e-01	2.321287e-02
6.621177e-04	5.319705e-02	5.407239e-01	2.489302e-02
7.614354e-04	5.704748e-02	5.865338e-01	2.669480e-02
8.756507e-04	6.117661e-02	6.336508e-01	2.862698e-02
1.006998e-03	6.560460e-02	6.855566e-01	3.069901e-02
1.158048e-03	7.035310e-02	7.430482e-01	3.292103e-02
1.331755e-03	7.544529e-02	8.015473e-01	3.530387e-02
1.531519e-03	8.090606e-02	8.639709e-01	3.785918e-02
1.761246e-03	8.676208e-02	9.264983e-01	4.059945e-02
2.025433e-03	9.304197e-02	9.947560e-01	4.353806e-02
2.329248e-03	9.977640e-02	1.069509e+00	4.668936e-02
2.678635e-03	1.069983e-01	1.144031e+00	5.006876e-02
3.080431e-03	1.147429e-01	1.223263e+00	5.369277e-02
3.542495e-03	1.230480e-01	1.304339e+00	5.757908e-02
4.073870e-03	1.319543e-01	1.388031e+00	6.174668e-02
4.684950e-03	1.415052e-01	1.472388e+00	6.621594e-02
5.387693e-03	1.517474e-01	1.557535e+00	7.100869e-02
6.195847e-03	1.627310e-01	1.647880e+00	7.614833e-02
7.125224e-03	1.745095e-01	1.737846e+00	8.165999e-02
8.194007e-03	1.871406e-01	1.823934e+00	8.757058e-02
9.423108e-03	2.006860e-01	1.907174e+00	9.390899e-02
1.083657e-02	2.152117e-01	2.001536e+00	1.007062e-01
1.246206e-02	2.307889e-01	2.091282e+00	1.079953e-01
1.433137e-02	2.474935e-01	2.176885e+00	1.158121e-01
1.648108e-02	2.654072e-01	2.257549e+00	1.241796e-01
1.895324e-02	2.846175e-01	2.330806e+00	1.331631e-01
2.179622e-02	3.052183e-01	2.413949e+00	1.428288e-01
2.506566e-02	3.273101e-01	2.488392e+00	1.531643e-01
2.882550e-02	3.510010e-01	2.557004e+00	1.642510e-01
3.314933e-02	3.764067e-01	2.621823e+00	1.761393e-01
3.812173e-02	4.036512e-01	2.680535e+00	1.888881e-01
4.383999e-02	4.328677e-01	2.734757e+00	2.025597e-01
5.041599e-02	4.641989e-01	2.780009e+00	2.172208e-01
5.797838e-02	4.977978e-01	2.823831e+00	2.329430e-01
6.667514e-02	5.338287e-01	2.862246e+00	2.498033e-01
7.667641e-02	5.724675e-01	2.893376e+00	2.678840e-01
8.817787e-02	6.139030e-01	2.915702e+00	2.872734e-01
1.014046e-01	6.583376e-01	2.936318e+00	3.080660e-01
1.166152e-01	7.059884e-01	2.955603e+00	3.303637e-01
1.341075e-01	7.570882e-01	2.964662e+00	3.542754e-01
1.542237e-01	8.118867e-01	2.968171e+00	3.799179e-01
1.773572e-01	8.706515e-01	2.962603e+00	4.074162e-01
2.039608e-01	9.336697e-01	2.952725e+00	4.369049e-01
2.345549e-01	1.001249e+00	2.938513e+00	4.685280e-01
2.697381e-01	1.073720e+00	2.914602e+00	5.024402e-01
3.101989e-01	1.151437e+00	2.883866e+00	5.388069e-01
3.567287e-01	1.234778e+00	2.845377e+00	5.778056e-01
4.102380e-01	1.324152e+00	2.799558e+00	6.196271e-01
4.717737e-01	1.419995e+00	2.746489e+00	6.644759e-01
5.425397e-01	1.522775e+00	2.686037e+00	7.125709e-01
6.239207e-01	1.632994e+00	2.618074e+00	7.641469e-01
7.175088e-01	1.751191e+00	2.543853e+00	8.194558e-01
8.251351e-01	1.877943e+00	2.466097e+00	8.787681e-01
9.489054e-01	2.013870e+00	2.383898e+00	9.423737e-01
1.091241e+00	2.159635e+00	2.289737e+00	1.010584e+00
1.254927e+00	2.315950e+00	2.195025e+00	1.083727e+00
1.443166e+00	2.483580e+00	2.096615e+00	1.162176e+00
1.659641e+00	2.662164e+00	2.000000e+00	1.246274e+00
1.908588e+00	2.826191e+00	1.904420e+00	1.336952e+00
2.194876e+00	2.997798e+00	1.795288e+00	1.435260e+00
2.524107e+00	3.176423e+00	1.692838e+00	1.541880e+00
2.902723e+00	3.361129e+00	1.590237e+00	1.657679e+00
3.338132e+00	3.550481e+00	1.489784e+00	1.783636e+00
3.838852e+00	3.742421e+00	1.391985e+00	1.920905e+00
4.414679e+00	3.934131e+00	1.295603e+00	2.070865e+00
5.076881e+00	4.121908e+00	1.208392e+00	2.235183e+00
5.838413e+00	2.171027e+00	1.118117e+00	2.415902e+00
6.714175e+00	2.389379e+00	1.032796e+00	2.615554e+00
7.721302e+00	2.627172e+00	9.535074e-01	2.837303e+00
8.879497e+00	2.887580e+00	8.843061e-01	3.085140e+00
1.021142e+01	3.177592e+00	8.123676e-01	3.364113e+00
1.174313e+01	3.486767e+00	7.416797e-01	3.680633e+00
1.350460e+01	3.830072e+00	6.918714e-01	4.042846e+00
1.553030e+01	4.197991e+00	6.438032e-01	4.461107e+00
1.785984e+01	4.575933e+00	5.886432e-01	4.948599e+00
2.053882e+01	4.984896e+00	5.252092e-01	5.137467e+00
2.361964e+01	5.432947e+00	4.631346e-01	4.841418e+00
2.716258e+01	5.919089e+00	4.177179e-01	4.613409e+00
3.123697e+01	6.422731e+00	3.761544e-01	4.447165e+00
3.592252e+01	6.960343e+00	3.389022e-01	4.337894e+00
4.131089e+01	7.557561e+00	3.049304e-01	4.282024e+00
4.750753e+01	8.197018e+00	2.753607e-01	4.277015e+00
5.463366e+01	8.913070e+00	2.486492e-01	4.321181e+00
6.282871e+01	9.707677e+00	2.223876e-01	4.413829e+00
7.225301e+01	1.054847e+01	1.990893e-01	4.555201e+00
8.309096e+01	1.147249e+01	1.798636e-01	4.746570e+00
9.555461e+01	1.238535e+01	1.630653e-01	4.990428e+00
1.098878e+02	1.332997e+01	1.440145e-01	5.290669e+00
1.263710e+02	1.429200e+01	1.283896e-01	5.652783e+00
1.453266e+02	1.515080e+01	1.144161e-01	6.084093e+00
1.671256e+02	1.601273e+01	1.027791e-01	6.594030e+00
1.921945e+02	1.666038e+01	9.278449e-02	7.194420e+00
2.210236e+02	1.735363e+01	8.146062e-02	7.900090e+00
2.541772e+02	1.810255e+01	7.247387e-02	8.728977e+00
2.923037e+02	1.863754e+01	6.431115e-02	9.703910e+00
3.361493e+02	2.056329e+01	5.714079e-02	1.085185e+01
3.865717e+02	2.054021e+01	5.075949e-02	1.223103e+01
4.445574e+02	2.032336e+01	4.498178e-02	1.387002e+01
5.112411e+02	2.007749e+01	4.028007e-02	1.582089e+01
5.879272e+02	1.969517e+01	3.562271e-02	1.815310e+01
6.761163e+02	1.935107e+01	3.159988e-02	2.091948e+01
7.775337e+02	1.882053e+01	2.811314e-02	2.419394e+01
8.941638e+02	1.823676e+01	2.530486e-02	2.810249e+01
1.028288e+03	1.763126e+01	2.245426e-02	3.278960e+01
1.182532e+03	1.701346e+01	1.962435e-02	3.843524e+01
1.359911e+03	1.643257e+01	1.740006e-02	4.526580e+01
1.563898e+03	1.583050e+01	1.538358e-02	5.356555e+01
1.798483e+03	1.519412e+01	1.380591e-02	6.368895e+01
2.068255e+03	1.452934e+01	1.221188e-02	7.608853e+01
2.378493e+03	1.383534e+01	1.065391e-02	9.134685e+01
2.735268e+03	1.313439e+01	9.430841e-03	1.101978e+02
3.145558e+03	1.245319e+01	8.291697e-03	1.335470e+02
3.617391e+03	1.177463e+01	7.305288e-03	1.625187e+02
4.160000e+03	1.109609e+01	6.440227e-03	1.985942e+02
4.784000e+03	1.042071e+01	5.709962e-03	2.436700e+02
5.501600e+03	9.751732e+00	5.066126e-03	3.001716e+02
6.326840e+03	9.097468e+00	4.446373e-03	3.711964e+02
7.275866e+03	8.466593e+00	3.909982e-03	4.607001e+02
8.367246e+03	7.860792e+00	3.487269e-03	5.737224e+02
9.622333e+03	7.280558e+00	3.117694e-03	7.167036e+02
