# Energy_MeV	dEdx_Elec_MeV_um	dEdx_Nucl_MeV_um	Range_um
1.000000e-05	6.485629e-03	3.819049e-02	3.083741e-03
1.150000e-05	6.955063e-03	4.234492e-02	3.306944e-03
1.322500e-05	7.458474e-03	4.692818e-02	3.546302e-03
1.520875e-05	7.998322e-03	5.197024e-02	3.802985e-03
1.749006e-05	8.577245e-03	5.749874e-02	4.078247e-03
2.011357e-05	9.198071e-03	6.356679e-02	4.373433e-03
2.313061e-05	9.863832e-03	7.021326e-02	4.689984e-03
2.660020e-05	1.057778e-02	7.757047e-02	5.029448e-03
3.059023e-05	1.134341e-02	8.564867e-02	5.393482e-03
3.517876e-05	1.216445e-02	9.426760e-02	5.783865e-03
4.045558e-05	1.304492e-02	1.036854e-01	6.202504e-03
4.652391e-05	1.398912e-02	1.143546e-01	6.651445e-03
5.350250e-05	1.500166e-02	1.258474e-01	7.132880e-03
6.152788e-05	1.608748e-02	1.384096e-01	7.649161e-03
7.075706e-05	1.725190e-02	1.517675e-01	8.202812e-03
8.137062e-05	1.850061e-02	1.662505e-01	8.796536e-03
9.357621e-05	1.983969e-02	1.826354e-01	9.433233e-03
1.076126e-04	2.127570e-02	2.000846e-01	1.011602e-02
1.237545e-04	2.281564e-02	2.190671e-01	1.084822e-02
1.423177e-04	2.446705e-02	2.394547e-01	1.163342e-02
1.636654e-04	2.623799e-02	2.615523e-01	1.247545e-02
1.882152e-04	2.813711e-02	2.854420e-01	1.337843e-02
2.164475e-04	3.017369e-02	3.104591e-01	1.434677e-02
2.489146e-04	3.235767e-02	3.379576e-01	1.538520e-02
2.862518e-04	3.469974e-02	3.672720e-01	1.649878e-02
3.291895e-04	3.721133e-02	3.984239e-01	1.769298e-02
3.785680e-04	3.990470e-02	4.307363e-01	1.897360e-02
4.353531e-04	4.279302e-02	4.660072e-01	2.034692e-02
5.006561e-04	4.589041e-02	5.047075e-01	2.181964e-02
5.757545e-04	4.921198e-02	5.449150e-01	2.339896e-02
6.621177e-04	5.277397e-02	5.870389e-01	2.509259e-02
7.614354e-04	5.659377e-02	6.300631e-01	2.690880e-02
8.756507e-04	6.069006e-02	6.764766e-01	2.885648e-02
1.006998e-03	6.508284e-02	7.267329e-01	3.094512e-02
1.158048e-03	6.979357e-02	7.781150e-01	3.318495e-02
1.331755e-03	7.484527e-02	8.316442e-01	3.558689e-02
1.531519e-03	8.026261e-02	8.873150e-01	3.816269e-02
1.761246e-03	8.607206e-02	9.439313e-01	4.092493e-02
2.025433e-03	9.230200e-02	1.001435e+00	4.388709e-02
2.329248e-03	9.898287e-02	1.060052e+00	4.706367e-02
2.678635e-03	1.061473e-01	1.120945e+00	5.047016e-02
3.080431e-03	1.138303e-01	1.182965e+00	5.412322e-02
3.542495e-03	1.220694e-01	1.240980e+00	5.804068e-02
4.073870e-03	1.309048e-01	1.298891e+00	6.224170e-02
4.684950e-03	1.403798e-01	1.362902e+00	6.674678e-02
5.387693e-03	1.505406e-01	1.423400e+00	7.157795e-02
6.195847e-03	1.614368e-01	1.482957e+00	7.675880e-02
7.125224e-03	1.731217e-01	1.536991e+00	8.231464e-02
8.194007e-03	1.856523e-01	1.588563e+00	8.827262e-02
9.423108e-03	1.990899e-01	1.644985e+00	9.466184e-02
1.083657e-02	2.135001e-01	1.695423e+00	1.014703e-01
1.246206e-02	2.289534e-01	1.743229e+00	1.088584e-01
1.433137e-02	2.455251e-01	1.786893e+00	1.167428e-01
1.648108e-02	2.632964e-01	1.827502e+00	1.251934e-01
1.895324e-02	2.823539e-01	1.865180e+00	1.342544e-01
2.179622e-02	3.027908e-01	1.896251e+00	1.439717e-01
2.506566e-02	3.247070e-01	1.926475e+00	1.543922e-01
2.882550e-02	3.482095e-01	1.952455e+00	1.655670e-01
3.314933e-02	3.734131e-01	1.973950e+00	1.775506e-01
3.812173e-02	4.004409e-01	1.990053e+00	1.904016e-01
4.383999e-02	4.294250e-01	2.004255e+00	2.041827e-01
5.041599e-02	4.605070e-01	2.016872e+00	2.189614e-01
5.797838e-02	4.938388e-01	2.024041e+00	2.348098e-01
6.667514e-02	5.295831e-01	2.026303e+00	2.518053e-01
7.667641e-02	5.679146e-01	2.023244e+00	2.700308e-01
8.817787e-02	6.090205e-01	2.016714e+00	2.895755e-01
1.014046e-01	6.531018e-01	2.006818e+00	3.105349e-01
1.166152e-01	7.003736e-01	1.991234e+00	3.330115e-01
1.341075e-01	7.510670e-01	1.970410e+00	3.571149e-01
1.542237e-01	8.054297e-01	1.944574e+00	3.829628e-01
1.773572e-01	8.637271e-01	1.913560e+00	4.106815e-01
2.039608e-01	9.262441e-01	1.877689e+00	4.404067e-01
2.345549e-01	9.932862e-01	1.836682e+00	4.722835e-01
2.697381e-01	1.065181e+00	1.790768e+00	5.064674e-01
3.101989e-01	1.142279e+00	1.740167e+00	5.431255e-01
3.567287e-01	1.224958e+00	1.687681e+00	5.824369e-01
4.102380e-01	1.313621e+00	1.631274e+00	6.245939e-01
4.717737e-01	1.408702e+00	1.567445e+00	6.698023e-01
5.425397e-01	1.510664e+00	1.503228e+00	7.182827e-01
6.239207e-01	1.620007e+00	1.435768e+00	7.702718e-01
7.175088e-01	1.737264e+00	1.370589e+00	8.260243e-01
8.251351e-01	1.863008e+00	1.304425e+00	8.858147e-01
9.489054e-01	1.997853e+00	1.230443e+00	9.499158e-01
1.091241e+00	2.130579e+00	1.160605e+00	1.018773e+00
1.254927e+00	2.260926e+00	1.090162e+00	1.093304e+00
1.443166e+00	2.396961e+00	1.022096e+00	1.174111e+00
1.659641e+00	2.538108e+00	9.552224e-01	1.261822e+00
1.908588e+00	2.683452e+00	8.891545e-01	1.357148e+00
2.194876e+00	2.831644e+00	8.288604e-01	1.460934e+00
2.524107e+00	2.980796e+00	7.672510e-01	1.574176e+00
2.902723e+00	1.585169e+00	7.091972e-01	1.698070e+00
3.338132e+00	1.743751e+00	6.553327e-01	1.834074e+00
3.838852e+00	1.915484e+00	6.067883e-01	1.983984e+00
4.414679e+00	2.101536e+00	5.576923e-01	2.150038e+00
5.076881e+00	2.309446e+00	5.109299e-01	2.335046e+00
5.838413e+00	2.530167e+00	4.745991e-01	2.542560e+00
6.714175e+00	2.773395e+00	4.415996e-01	2.777082e+00
7.721302e+00	3.040057e+00	4.042283e-01	3.036012e+00
8.879497e+00	3.319128e+00	3.612513e-01	2.924737e+00
1.021142e+01	3.625306e+00	3.201573e-01	2.830723e+00
1.174313e+01	3.934676e+00	2.871822e-01	2.755250e+00
1.350460e+01	4.285502e+00	2.590740e-01	2.699537e+00
1.553030e+01	4.684124e+00	2.329886e-01	2.664814e+00
1.785984e+01	5.111585e+00	2.100200e-01	2.652377e+00
2.053882e+01	5.589511e+00	1.896309e-01	2.663575e+00
2.361964e+01	6.106681e+00	1.709057e-01	2.699952e+00
2.716258e+01	6.657984e+00	1.532892e-01	2.763166e+00
3.123697e+01	7.258456e+00	1.369281e-01	2.855033e+00
3.592252e+01	7.875699e+00	1.239029e-01	2.977615e+00
4.131089e+01	8.538589e+00	1.120546e-01	3.133336e+00
4.750753e+01	9.190441e+00	9.916481e-02	3.325147e+00
5.463366e+01	9.814194e+00	8.841028e-02	3.556724e+00
6.282871e+01	1.045539e+01	7.871322e-02	3.832702e+00
7.225301e+01	1.099544e+01	7.081120e-02	4.158894e+00
8.309096e+01	1.154130e+01	6.377740e-02	4.542649e+00
9.555461e+01	1.201912e+01	5.620372e-02	4.993107e+00
1.098878e+02	1.237691e+01	4.987265e-02	5.521608e+00
1.263710e+02	1.269628e+01	4.425583e-02	6.142152e+00
1.453266e+02	1.300545e+01	3.935814e-02	6.871937e+00
1.671256e+02	1.327432e+01	3.499097e-02	7.732571e+00
1.921945e+02	1.344542e+01	3.100250e-02	8.748133e+00
2.210236e+02	1.450915e+01	2.769791e-02	9.963354e+00
2.541772e+02	1.421185e+01	2.454259e-02	1.142938e+01
2.923037e+02	1.385410e+01	2.175463e-02	1.317807e+01
3.361493e+02	1.344118e+01	1.939661e-02	1.528861e+01
3.865717e+02	1.304429e+01	1.739928e-02	1.782636e+01
4.445574e+02	1.260499e+01	1.545006e-02	2.085887e+01
5.112411e+02	1.210201e+01	1.357063e-02	2.450547e+01
5.879272e+02	1.159065e+01	1.197597e-02	2.891594e+01
6.761163e+02	1.107520e+01	1.062382e-02	3.427637e+01
7.775337e+02	1.057130e+01	9.494737e-03	4.081991e+01
8.941638e+02	1.007915e+01	8.404407e-03	4.884489e+01
1.028288e+03	9.576057e+00	7.369002e-03	5.872595e+01
1.182532e+03	9.063351e+00	6.491349e-03	7.094123e+01
1.359911e+03	8.541654e+00	5.725444e-03	8.610902e+01
1.563898e+03	8.022680e+00	5.029952e-03	1.050254e+02
1.798483e+03	7.514414e+00	4.441949e-03	1.286916e+02
2.068255e+03	7.029313e+00	3.939456e-03	1.583545e+02
2.378493e+03	6.551660e+00	3.486146e-03	1.956180e+02
2.735268e+03	6.082499e+00	3.070913e-03	2.425901e+02
3.145558e+03	5.629846e+00	2.692424e-03	3.019670e+02
3.617391e+03	5.196592e+00	2.403454e-03	3.772136e+02
4.160000e+03	4.784673e+00	2.144397e-03	4.727749e+02
4.784000e+03	4.395350e+00	1.865023e-03	5.943341e+02
5.501600e+03	4.028098e+00	1.634526e-03	7.491587e+02
6.326840e+03	3.684896e+00	1.434117e-03	9.465371e+02
7.275866e+03	3.367188e+00	1.274916e-03	1.198287e+03
8.367246e+03	3.074051e+00	1.134981e-03	1.519398e+03
9.622333e+03	2.804460e+00	9.852097e-04	1.928798e+03
