# Energy_MeV	dEdx_Elec_MeV_um	dEdx_Nucl_MeV_um	Range_um
1.000000e-05	6.167003e-03	4.162923e-02	3.243066e-03
1.150000e-05	6.613374e-03	4.604775e-02	3.477801e-03
1.322500e-05	7.092054e-03	5.087131e-02	3.729526e-03
1.520875e-05	7.605380e-03	5.621639e-02	3.999471e-03
1.749006e-05	8.155862e-03	6.207065e-02	4.288955e-03
2.011357e-05	8.746187e-03	6.854761e-02	4.599392e-03
2.313061e-05	9.379241e-03	7.538392e-02	4.932298e-03
2.660020e-05	1.005812e-02	8.295387e-02	5.289301e-03
3.059023e-05	1.078613e-02	9.148155e-02	5.672143e-03
3.517876e-05	1.156683e-02	1.006459e-01	6.082696e-03
4.045558e-05	1.240405e-02	1.106746e-01	6.522965e-03
4.652391e-05	1.330186e-02	1.212649e-01	6.995100e-03
5.350250e-05	1.426465e-02	1.328944e-01	7.501409e-03
6.152788e-05	1.529714e-02	1.459311e-01	8.044365e-03
7.075706e-05	1.640435e-02	1.598679e-01	8.626621e-03
8.137062e-05	1.759171e-02	1.749904e-01	9.251020e-03
9.357621e-05	1.886500e-02	1.912541e-01	9.920614e-03
1.076126e-04	2.023046e-02	2.087461e-01	1.063867e-02
1.237545e-04	2.169475e-02	2.276617e-01	1.140871e-02
1.423177e-04	2.326503e-02	2.477350e-01	1.223447e-02
1.636654e-04	2.494897e-02	2.695777e-01	1.312001e-02
1.882152e-04	2.675479e-02	2.929874e-01	1.406965e-02
2.164475e-04	2.869131e-02	3.173154e-01	1.508801e-02
2.489146e-04	3.076801e-02	3.431605e-01	1.618009e-02
2.862518e-04	3.299501e-02	3.716362e-01	1.735122e-02
3.291895e-04	3.538321e-02	4.018828e-01	1.860711e-02
3.785680e-04	3.794426e-02	4.340041e-01	1.995390e-02
4.353531e-04	4.069069e-02	4.668082e-01	2.139817e-02
5.006561e-04	4.363590e-02	5.011357e-01	2.294698e-02
5.757545e-04	4.679429e-02	5.386051e-01	2.460790e-02
6.621177e-04	5.018129e-02	5.776648e-01	2.638903e-02
7.614354e-04	5.381343e-02	6.186350e-01	2.829908e-02
8.756507e-04	5.770848e-02	6.605332e-01	3.034738e-02
1.006998e-03	6.188545e-02	7.048509e-01	3.254394e-02
1.158048e-03	6.636475e-02	7.494813e-01	3.489949e-02
1.331755e-03	7.116827e-02	7.941239e-01	3.742554e-02
1.531519e-03	7.631946e-02	8.409612e-01	4.013442e-02
1.761246e-03	8.184351e-02	8.882778e-01	4.303937e-02
2.025433e-03	8.776738e-02	9.370188e-01	4.615458e-02
2.329248e-03	9.412003e-02	9.819943e-01	4.949527e-02
2.678635e-03	1.009325e-01	1.028120e+00	5.307776e-02
3.080431e-03	1.082380e-01	1.077903e+00	5.691956e-02
3.542495e-03	1.160724e-01	1.125420e+00	6.103943e-02
4.073870e-03	1.244737e-01	1.171398e+00	6.545750e-02
4.684950e-03	1.334832e-01	1.213101e+00	7.019534e-02
5.387693e-03	1.431448e-01	1.253935e+00	7.527612e-02
6.195847e-03	1.535057e-01	1.297061e+00	8.072465e-02
7.125224e-03	1.646165e-01	1.336806e+00	8.656754e-02
8.194007e-03	1.765316e-01	1.373341e+00	9.279300e-02
9.423108e-03	1.893090e-01	1.407503e+00	9.953555e-02
1.083657e-02	2.030113e-01	1.438080e+00	1.067615e-01
1.246206e-02	2.177054e-01	1.466422e+00	1.144881e-01
1.433137e-02	2.334630e-01	1.491074e+00	1.227747e-01
1.648108e-02	2.503612e-01	1.513935e+00	1.316611e-01
1.895324e-02	2.684824e-01	1.534265e+00	1.411906e-01
2.179622e-02	2.879153e-01	1.549456e+00	1.514098e-01
2.506566e-02	3.087548e-01	1.561874e+00	1.623687e-01
2.882550e-02	3.311026e-01	1.573326e+00	1.741209e-01
3.314933e-02	3.550680e-01	1.581765e+00	1.867237e-01
3.812173e-02	3.807680e-01	1.586955e+00	2.002386e-01
4.383999e-02	4.083282e-01	1.587507e+00	2.147318e-01
5.041599e-02	4.378832e-01	1.584609e+00	2.302740e-01
5.797838e-02	4.695774e-01	1.579324e+00	2.469412e-01
6.667514e-02	5.035657e-01	1.570315e+00	2.648148e-01
7.667641e-02	5.400141e-01	1.557384e+00	2.839820e-01
8.817787e-02	5.791006e-01	1.540147e+00	3.045365e-01
1.014046e-01	6.210162e-01	1.519113e+00	3.265788e-01
1.166152e-01	6.659656e-01	1.493994e+00	3.502166e-01
1.341075e-01	7.141686e-01	1.465089e+00	3.755654e-01
1.542237e-01	7.658605e-01	1.432003e+00	4.027487e-01
1.773572e-01	8.212939e-01	1.395455e+00	4.318996e-01
2.039608e-01	8.807396e-01	1.355300e+00	4.631606e-01
2.345549e-01	9.444880e-01	1.313605e+00	4.966843e-01
2.697381e-01	1.012851e+00	1.268353e+00	5.326344e-01
3.101989e-01	1.086161e+00	1.218413e+00	5.711864e-01
3.567287e-01	1.164778e+00	1.167151e+00	6.125289e-01
4.102380e-01	1.249085e+00	1.114730e+00	6.568641e-01
4.717737e-01	1.339495e+00	1.063325e+00	7.044081e-01
5.425397e-01	1.436448e+00	1.010588e+00	7.553937e-01
6.239207e-01	1.540419e+00	9.538101e-01	8.100675e-01
7.175088e-01	1.651915e+00	8.982013e-01	8.687023e-01
8.251351e-01	1.767496e+00	8.436880e-01	9.315872e-01
9.489054e-01	1.876134e+00	7.895640e-01	9.994943e-01
1.091241e+00	1.989697e+00	7.382459e-01	1.073124e+00
1.254927e+00	2.107775e+00	6.877370e-01	1.153002e+00
1.443166e+00	2.229698e+00	6.398219e-01	1.239776e+00
1.659641e+00	1.185594e+00	5.924628e-01	1.334192e+00
1.908588e+00	1.271445e+00	5.462556e-01	1.437130e+00
2.194876e+00	1.386296e+00	5.060648e-01	1.549642e+00
2.524107e+00	1.525657e+00	4.678304e-01	1.673005e+00
2.902723e+00	1.670658e+00	4.282077e-01	1.808785e+00
3.338132e+00	1.831517e+00	3.946989e-01	1.958928e+00
3.838852e+00	2.008051e+00	3.667999e-01	2.125870e+00
4.414679e+00	2.196866e+00	3.401741e-01	2.312684e+00
5.076881e+00	2.407142e+00	3.099829e-01	2.358743e+00
5.838413e+00	2.631168e+00	2.752772e-01	2.309739e+00
6.714175e+00	2.876627e+00	2.456461e-01	2.267333e+00
7.721302e+00	3.145118e+00	2.202057e-01	2.233374e+00
8.879497e+00	3.429369e+00	1.989314e-01	2.209681e+00
1.021142e+01	3.749609e+00	1.788319e-01	2.198075e+00
1.174313e+01	4.110602e+00	1.608614e-01	2.200377e+00
1.350460e+01	4.507967e+00	1.456269e-01	2.218551e+00
1.553030e+01	4.948977e+00	1.308249e-01	2.254648e+00
1.785984e+01	5.402670e+00	1.175382e-01	2.310824e+00
2.053882e+01	5.894690e+00	1.052197e-01	2.389369e+00
2.361964e+01	6.385879e+00	9.510504e-02	2.492732e+00
2.716258e+01	6.894842e+00	8.577476e-02	2.623584e+00
3.123697e+01	7.440584e+00	7.616172e-02	2.784916e+00
3.592252e+01	7.912451e+00	6.770483e-02	2.980197e+00
4.131089e+01	8.394255e+00	6.047633e-02	3.213542e+00
4.750753e+01	8.820445e+00	5.428842e-02	3.490007e+00
5.463366e+01	9.207669e+00	4.876863e-02	3.815822e+00
6.282871e+01	9.594174e+00	4.313332e-02	4.198706e+00
7.225301e+01	9.869974e+00	3.820034e-02	4.648246e+00
8.309096e+01	1.011657e+01	3.395756e-02	5.176303e+00
9.555461e+01	1.026879e+01	3.007555e-02	5.797558e+00
1.098878e+02	1.041548e+01	2.679028e-02	6.530188e+00
1.263710e+02	1.056248e+01	2.380730e-02	7.396497e+00
1.453266e+02	1.059371e+01	2.121019e-02	8.423936e+00
1.671256e+02	1.140751e+01	1.882319e-02	9.650208e+00
1.921945e+02	1.111427e+01	1.662445e-02	1.113882e+01
2.210236e+02	1.074657e+01	1.489050e-02	1.292690e+01
2.541772e+02	1.036763e+01	1.333024e-02	1.509172e+01
2.923037e+02	9.969531e+00	1.175738e-02	1.771666e+01
3.361493e+02	9.593460e+00	1.038052e-02	2.088065e+01
3.865717e+02	9.161349e+00	9.140005e-03	2.470106e+01
4.445574e+02	8.721286e+00	8.148345e-03	2.934818e+01
5.112411e+02	8.282058e+00	7.270161e-03	3.502825e+01
5.879272e+02	7.849420e+00	6.390244e-03	4.200180e+01
6.761163e+02	7.431385e+00	5.633372e-03	5.060289e+01
7.775337e+02	7.013611e+00	4.950933e-03	6.125586e+01
8.941638e+02	6.593918e+00	4.376515e-03	7.450101e+01
1.028288e+03	6.174822e+00	3.848850e-03	9.103744e+01
1.182532e+03	5.759543e+00	3.385901e-03	1.117733e+02
1.359911e+03	5.354881e+00	3.014741e-03	1.378651e+02
1.563898e+03	4.973768e+00	2.656958e-03	1.707630e+02
1.798483e+03	4.605269e+00	2.346078e-03	2.123052e+02
2.068255e+03	4.248734e+00	2.066406e-03	2.649235e+02
2.378493e+03	3.907415e+00	1.839659e-03	3.317403e+02
2.735268e+03	3.583834e+00	1.635623e-03	4.167780e+02
3.145558e+03	3.279509e+00	1.428531e-03	5.252005e+02
3.617391e+03	2.995315e+00	1.249685e-03	6.636241e+02
4.160000e+03	2.729978e+00	1.101247e-03	8.405032e+02
4.784000e+03	2.483757e+00	9.760576e-04	1.066649e+03
5.501600e+03	2.258020e+00	8.651019e-04	1.355822e+03
6.326840e+03	2.051875e+00	7.542002e-04	1.725478e+03
7.275866e+03	1.863782e+00	6.583849e-04	2.197660e+03
8.367246e+03	1.693726e+00	5.775051e-04	2.800089e+03
9.622333e+03	1.541144e+00	5.040708e-04	3.567437e+03
