# Energy_MeV	dEdx_Elec_MeV_um	dEdx_Nucl_MeV_um	Range_um
1.000000e-05	5.958358e-03	3.934062e-02	3.356630e-03
1.150000e-05	6.389627e-03	4.356925e-02	3.599584e-03
1.322500e-05	6.852112e-03	4.820061e-02	3.860124e-03
1.520875e-05	7.348071e-03	5.330281e-02	4.139522e-03
1.749006e-05	7.879928e-03	5.887719e-02	4.439143e-03
2.011357e-05	8.450282e-03	6.504929e-02	4.760450e-03
2.313061e-05	9.061918e-03	7.182575e-02	5.105014e-03
2.660020e-05	9.717824e-03	7.906829e-02	5.474518e-03
3.059023e-05	1.042121e-02	8.697801e-02	5.870766e-03
3.517876e-05	1.117550e-02	9.589133e-02	6.295695e-03
4.045558e-05	1.198439e-02	1.055547e-01	6.751381e-03
4.652391e-05	1.285182e-02	1.161081e-01	7.240049e-03
5.350250e-05	1.378204e-02	1.273474e-01	7.764088e-03
6.152788e-05	1.477960e-02	1.395238e-01	8.326057e-03
7.075706e-05	1.584935e-02	1.532118e-01	8.928701e-03
8.137062e-05	1.699653e-02	1.678954e-01	9.574965e-03
9.357621e-05	1.822675e-02	1.838567e-01	1.026801e-02
1.076126e-04	1.954602e-02	2.009896e-01	1.101121e-02
1.237545e-04	2.096077e-02	2.196244e-01	1.180821e-02
1.423177e-04	2.247792e-02	2.396785e-01	1.266289e-02
1.636654e-04	2.410488e-02	2.607105e-01	1.357944e-02
1.882152e-04	2.584960e-02	2.838015e-01	1.456233e-02
2.164475e-04	2.772061e-02	3.084571e-01	1.561635e-02
2.489146e-04	2.972705e-02	3.348489e-01	1.674667e-02
2.862518e-04	3.187870e-02	3.620922e-01	1.795881e-02
3.291895e-04	3.418610e-02	3.915733e-01	1.925868e-02
3.785680e-04	3.666051e-02	4.242013e-01	2.065263e-02
4.353531e-04	3.931402e-02	4.581317e-01	2.214748e-02
5.006561e-04	4.215959e-02	4.937129e-01	2.375052e-02
5.757545e-04	4.521112e-02	5.300848e-01	2.546960e-02
6.621177e-04	4.848353e-02	5.688927e-01	2.731310e-02
7.614354e-04	5.199279e-02	6.113402e-01	2.929004e-02
8.756507e-04	5.575605e-02	6.547774e-01	3.141007e-02
1.006998e-03	5.979171e-02	6.999450e-01	3.368354e-02
1.158048e-03	6.411946e-02	7.469134e-01	3.612158e-02
1.331755e-03	6.876046e-02	7.946335e-01	3.873608e-02
1.531519e-03	7.373738e-02	8.435301e-01	4.153981e-02
1.761246e-03	7.907453e-02	8.930335e-01	4.454649e-02
2.025433e-03	8.479799e-02	9.445196e-01	4.777078e-02
2.329248e-03	9.093571e-02	9.969664e-01	5.122846e-02
2.678635e-03	9.751769e-02	1.046314e+00	5.493640e-02
3.080431e-03	1.045761e-01	1.095505e+00	5.891273e-02
3.542495e-03	1.121453e-01	1.149022e+00	6.317686e-02
4.073870e-03	1.202625e-01	1.200602e+00	6.774964e-02
4.684950e-03	1.289671e-01	1.251374e+00	7.265339e-02
5.387693e-03	1.383019e-01	1.297612e+00	7.791208e-02
6.195847e-03	1.483122e-01	1.341701e+00	8.355140e-02
7.125224e-03	1.590471e-01	1.388871e+00	8.959890e-02
8.194007e-03	1.705590e-01	1.432100e+00	9.608411e-02
9.423108e-03	1.829042e-01	1.473114e+00	1.030047e-01
1.083657e-02	1.961429e-01	1.510397e+00	1.104771e-01
1.246206e-02	2.103398e-01	1.545559e+00	1.184983e-01
1.433137e-02	2.255643e-01	1.577652e+00	1.270738e-01
1.648108e-02	2.418908e-01	1.604253e+00	1.362716e-01
1.895324e-02	2.593990e-01	1.630079e+00	1.461349e-01
2.179622e-02	2.781744e-01	1.652424e+00	1.567120e-01
2.506566e-02	2.983088e-01	1.671506e+00	1.680547e-01
2.882550e-02	3.199006e-01	1.685597e+00	1.802183e-01
3.314933e-02	3.430552e-01	1.697534e+00	1.932624e-01
3.812173e-02	3.678857e-01	1.708633e+00	2.072507e-01
4.383999e-02	3.945134e-01	1.715234e+00	2.222514e-01
5.041599e-02	4.230685e-01	1.717593e+00	2.383378e-01
5.797838e-02	4.536904e-01	1.715507e+00	2.555885e-01
6.667514e-02	4.865288e-01	1.710114e+00	2.740880e-01
7.667641e-02	5.217440e-01	1.702181e+00	2.939265e-01
8.817787e-02	5.595081e-01	1.689528e+00	3.152008e-01
1.014046e-01	6.000056e-01	1.672321e+00	3.380149e-01
1.166152e-01	6.434343e-01	1.650905e+00	3.624804e-01
1.341075e-01	6.900065e-01	1.625063e+00	3.887168e-01
1.542237e-01	7.399495e-01	1.595123e+00	4.168522e-01
1.773572e-01	7.935074e-01	1.560859e+00	4.470239e-01
2.039608e-01	8.509419e-01	1.522355e+00	4.793794e-01
2.345549e-01	9.125335e-01	1.479922e+00	5.140769e-01
2.697381e-01	9.785832e-01	1.435674e+00	5.512860e-01
3.101989e-01	1.049414e+00	1.388188e+00	5.911882e-01
3.567287e-01	1.125371e+00	1.334876e+00	6.339784e-01
4.102380e-01	1.206826e+00	1.280556e+00	6.798657e-01
4.717737e-01	1.294176e+00	1.223538e+00	7.290746e-01
5.425397e-01	1.387849e+00	1.168162e+00	7.818453e-01
6.239207e-01	1.488303e+00	1.112012e+00	8.384360e-01
7.175088e-01	1.596027e+00	1.050186e+00	8.991200e-01
8.251351e-01	1.711548e+00	9.907844e-01	9.642031e-01
9.489054e-01	1.832720e+00	9.308633e-01	1.033988e+00
1.091241e+00	1.945485e+00	8.730918e-01	1.109298e+00
1.254927e+00	2.063406e+00	8.157599e-01	1.190954e+00
1.443166e+00	2.186073e+00	7.594864e-01	1.279526e+00
1.659641e+00	2.312812e+00	7.085923e-01	1.375736e+00
1.908588e+00	2.442603e+00	6.563331e-01	1.480405e+00
2.194876e+00	1.299519e+00	6.069382e-01	1.594501e+00
2.524107e+00	1.414248e+00	5.602073e-01	1.719181e+00
2.902723e+00	1.557156e+00	5.186302e-01	1.855849e+00
3.338132e+00	1.704876e+00	4.775057e-01	2.006223e+00
3.838852e+00	1.869851e+00	4.371133e-01	2.172438e+00
4.414679e+00	2.049904e+00	4.052878e-01	2.357164e+00
5.076881e+00	2.244085e+00	3.775251e-01	2.563769e+00
5.838413e+00	2.460446e+00	3.462939e-01	2.773803e+00
6.714175e+00	2.689167e+00	3.104118e-01	2.703868e+00
7.721302e+00	2.941307e+00	2.750052e-01	2.642399e+00
8.879497e+00	3.214309e+00	2.462312e-01	2.591436e+00
1.021142e+01	3.503346e+00	2.221418e-01	2.552946e+00
1.174313e+01	3.826427e+00	1.998493e-01	2.528867e+00
1.350460e+01	4.190384e+00	1.802528e-01	2.521158e+00
1.553030e+01	4.594663e+00	1.625809e-01	2.531773e+00
1.785984e+01	5.042023e+00	1.465911e-01	2.562908e+00
2.053882e+01	5.510946e+00	1.315413e-01	2.616791e+00
2.361964e+01	6.024140e+00	1.175493e-01	2.695793e+00
2.716258e+01	6.535081e+00	1.063052e-01	2.802449e+00
3.123697e+01	7.075469e+00	9.609198e-02	2.939520e+00
3.592252e+01	7.650892e+00	8.528345e-02	3.110104e+00
4.131089e+01	8.168958e+00	7.603932e-02	3.317792e+00
4.750753e+01	8.701761e+00	6.764553e-02	3.566890e+00
5.463366e+01	9.165478e+00	6.081368e-02	3.862622e+00
6.282871e+01	9.601986e+00	5.472139e-02	4.211539e+00
7.225301e+01	1.002934e+01	4.829523e-02	4.621724e+00
8.309096e+01	1.034923e+01	4.292356e-02	5.103232e+00
9.555461e+01	1.064378e+01	3.805346e-02	5.668525e+00
1.098878e+02	1.082147e+01	3.385476e-02	6.332995e+00
1.263710e+02	1.099792e+01	3.004669e-02	7.115720e+00
1.453266e+02	1.118399e+01	2.658904e-02	8.040007e+00
1.671256e+02	1.123529e+01	2.380260e-02	9.134950e+00
1.921945e+02	1.212690e+01	2.109110e-02	1.043818e+01
2.210236e+02	1.184631e+01	1.872222e-02	1.201783e+01
2.541772e+02	1.148009e+01	1.664507e-02	1.391411e+01
2.923037e+02	1.110550e+01	1.492074e-02	1.620393e+01
3.361493e+02	1.069615e+01	1.328590e-02	1.897715e+01
3.865717e+02	1.031826e+01	1.167176e-02	2.231570e+01
4.445574e+02	9.874209e+00	1.029086e-02	2.633680e+01
5.112411e+02	9.418239e+00	9.123597e-03	3.121766e+01
5.879272e+02	8.961520e+00	8.145255e-03	3.717064e+01
6.761163e+02	8.509108e+00	7.230019e-03	4.446394e+01
7.775337e+02	8.073727e+00	6.340463e-03	5.344051e+01
8.941638e+02	7.637200e+00	5.579893e-03	6.453601e+01
1.028288e+03	7.196779e+00	4.922605e-03	7.830365e+01
1.182532e+03	6.755278e+00	4.326259e-03	9.545790e+01
1.359911e+03	6.314872e+00	3.822924e-03	1.169268e+02
1.563898e+03	5.884318e+00	3.385025e-03	1.438927e+02
1.798483e+03	5.476690e+00	2.996794e-03	1.778376e+02
2.068255e+03	5.082046e+00	2.641145e-03	2.206325e+02
2.378493e+03	4.698584e+00	2.316546e-03	2.747515e+02
2.735268e+03	4.329794e+00	2.066208e-03	3.433746e+02
3.145558e+03	3.978994e+00	1.842131e-03	4.305974e+02
3.617391e+03	3.647951e+00	1.604297e-03	5.416769e+02
4.160000e+03	3.337730e+00	1.409214e-03	6.833512e+02
4.784000e+03	3.047052e+00	1.234801e-03	8.642302e+02
5.501600e+03	2.776184e+00	1.096963e-03	1.095328e+03
6.326840e+03	2.527151e+00	9.753370e-04	1.390673e+03
7.275866e+03	2.299203e+00	8.468830e-04	1.768068e+03
8.367246e+03	2.090532e+00	7.423234e-04	2.250015e+03
9.622333e+03	1.901280e+00	6.489656e-04	2.864827e+03
