# Energy_MeV	dEdx_Elec_MeV_um	dEdx_Nucl_MeV_um	Range_um
1.000000e-05	2.346268e-03	4.451158e-02	4.426680e-03
1.150000e-05	2.540751e-03	4.894510e-02	4.747085e-03
1.322500e-05	2.749081e-03	5.389654e-02	5.090682e-03
1.520875e-05	2.972283e-03	5.906046e-02	5.459148e-03
1.749006e-05	3.211450e-03	6.478378e-02	5.854284e-03
2.011357e-05	3.467757e-03	7.113755e-02	6.278020e-03
2.313061e-05	3.742457e-03	7.786837e-02	6.732427e-03
2.660020e-05	4.036896e-03	8.536880e-02	7.219723e-03
3.059023e-05	4.352514e-03	9.325740e-02	7.742291e-03
3.517876e-05	4.690856e-03	1.019423e-01	8.302682e-03
4.045558e-05	5.053576e-03	1.112514e-01	8.903634e-03
4.652391e-05	5.442447e-03	1.210030e-01	9.548084e-03
5.350250e-05	5.859371e-03	1.318329e-01	1.023918e-02
6.152788e-05	6.306385e-03	1.431670e-01	1.098030e-02
7.075706e-05	6.785674e-03	1.554301e-01	1.177506e-02
8.137062e-05	7.299581e-03	1.681170e-01	1.262734e-02
9.357621e-05	7.850615e-03	1.819768e-01	1.354132e-02
1.076126e-04	8.441471e-03	1.969175e-01	1.452144e-02
1.237545e-04	9.075035e-03	2.127891e-01	1.557251e-02
1.423177e-04	9.754402e-03	2.292477e-01	1.669966e-02
1.636654e-04	1.048289e-02	2.462344e-01	1.790839e-02
1.882152e-04	1.126406e-02	2.645172e-01	1.920461e-02
2.164475e-04	1.210174e-02	2.839149e-01	2.059465e-02
2.489146e-04	1.300000e-02	3.043370e-01	2.208530e-02
2.862518e-04	1.396324e-02	3.252641e-01	2.368384e-02
3.291895e-04	1.499617e-02	3.472327e-01	2.539809e-02
3.785680e-04	1.610383e-02	3.693727e-01	2.723642e-02
4.353531e-04	1.729163e-02	3.921683e-01	2.920781e-02
5.006561e-04	1.856538e-02	4.155284e-01	3.132188e-02
5.757545e-04	1.993129e-02	4.392303e-01	3.358898e-02
6.621177e-04	2.139605e-02	4.638800e-01	3.602017e-02
7.614354e-04	2.296681e-02	4.865589e-01	3.862733e-02
8.756507e-04	2.465124e-02	5.102108e-01	4.142319e-02
1.006998e-03	2.645757e-02	5.351629e-01	4.442142e-02
1.158048e-03	2.839463e-02	5.584243e-01	4.763667e-02
1.331755e-03	3.047187e-02	5.829645e-01	5.108464e-02
1.531519e-03	3.269946e-02	6.039152e-01	5.478217e-02
1.761246e-03	3.508826e-02	6.254124e-01	5.874733e-02
2.025433e-03	3.764995e-02	6.474692e-01	6.299950e-02
2.329248e-03	4.039704e-02	6.668510e-01	6.755943e-02
2.678635e-03	4.334296e-02	6.869222e-01	7.244942e-02
3.080431e-03	4.650209e-02	7.039199e-01	7.769335e-02
3.542495e-03	4.988988e-02	7.206874e-01	8.331684e-02
4.073870e-03	5.352286e-02	7.358106e-01	8.934735e-02
4.684950e-03	5.741880e-02	7.482775e-01	9.581436e-02
5.387693e-03	6.159671e-02	7.608653e-01	1.027129e-01
6.195847e-03	6.607702e-02	7.709471e-01	1.101670e-01
7.125224e-03	7.088161e-02	7.800924e-01	1.181656e-01
8.194007e-03	7.603395e-02	7.869223e-01	1.267171e-01
9.423108e-03	8.155921e-02	7.928954e-01	1.358890e-01
1.083657e-02	8.748439e-02	7.977521e-01	1.457246e-01
1.246206e-02	9.383843e-02	8.011869e-01	1.562720e-01
1.433137e-02	1.006524e-01	8.023317e-01	1.675829e-01
1.648108e-02	1.079595e-01	8.016006e-01	1.797123e-01
1.895324e-02	1.157955e-01	7.993841e-01	1.927198e-01
2.179622e-02	1.241987e-01	7.955519e-01	2.066688e-01
2.506566e-02	1.332102e-01	7.899561e-01	2.216274e-01
2.882550e-02	1.428738e-01	7.820447e-01	2.376687e-01
3.314933e-02	1.532370e-01	7.722325e-01	2.548710e-01
3.812173e-02	1.643502e-01	7.603276e-01	2.733185e-01
4.383999e-02	1.762678e-01	7.465287e-01	2.931013e-01
5.041599e-02	1.890480e-01	7.306505e-01	3.143159e-01
5.797838e-02	2.027532e-01	7.129220e-01	3.370660e-01
6.667514e-02	2.174504e-01	6.931536e-01	3.614627e-01
7.667641e-02	2.332114e-01	6.728394e-01	3.876255e-01
8.817787e-02	2.501132e-01	6.504541e-01	4.156819e-01
1.014046e-01	2.682384e-01	6.256901e-01	4.457689e-01
1.166152e-01	2.876754e-01	6.009494e-01	4.780335e-01
1.341075e-01	3.085194e-01	5.738699e-01	5.126336e-01
1.542237e-01	3.308720e-01	5.486650e-01	5.497383e-01
1.773572e-01	3.548425e-01	5.217507e-01	5.895285e-01
2.039608e-01	3.805480e-01	4.929938e-01	6.321985e-01
2.345549e-01	4.081141e-01	4.660652e-01	6.779570e-01
2.697381e-01	4.376754e-01	4.372415e-01	7.270278e-01
3.101989e-01	4.693764e-01	4.108333e-01	7.796503e-01
3.567287e-01	5.033719e-01	3.837661e-01	8.360821e-01
4.102380e-01	5.398281e-01	3.575017e-01	8.965958e-01
4.717737e-01	5.789229e-01	3.336855e-01	9.614958e-01
5.425397e-01	6.208480e-01	3.086414e-01	1.031087e+00
6.239207e-01	6.658101e-01	2.861546e-01	1.106199e+00
7.175088e-01	7.140266e-01	2.641663e-01	1.187639e+00
8.251351e-01	7.657331e-01	2.443012e-01	1.275980e+00
9.489054e-01	8.211823e-01	2.246470e-01	1.371941e+00
1.091241e+00	8.806450e-01	2.066942e-01	1.476342e+00
1.254927e+00	9.444119e-01	1.908435e-01	1.590149e+00
1.443166e+00	1.026283e+00	1.774645e-01	1.714520e+00
1.659641e+00	1.126853e+00	1.629166e-01	1.763609e+00
1.908588e+00	1.230994e+00	1.462924e-01	1.789151e+00
2.194876e+00	1.347793e+00	1.305972e-01	1.812118e+00
2.524107e+00	1.476583e+00	1.162170e-01	1.833366e+00
2.902723e+00	1.618517e+00	1.050260e-01	1.853911e+00
3.338132e+00	1.778585e+00	9.430423e-02	1.875029e+00
3.838852e+00	1.954796e+00	8.524312e-02	1.898181e+00
4.414679e+00	2.150954e+00	7.688090e-02	1.925022e+00
5.076881e+00	2.367055e+00	6.908283e-02	1.957415e+00
5.838413e+00	2.581667e+00	6.222892e-02	1.997452e+00
6.714175e+00	2.815914e+00	5.547212e-02	2.047478e+00
7.721302e+00	3.070299e+00	5.036268e-02	2.110122e+00
8.879497e+00	3.332646e+00	4.530515e-02	2.188333e+00
1.021142e+01	3.599478e+00	4.026225e-02	2.285405e+00
1.174313e+01	3.840123e+00	3.611913e-02	2.405002e+00
1.350460e+01	4.085641e+00	3.194230e-02	2.551217e+00
1.553030e+01	4.288109e+00	2.885893e-02	2.728576e+00
1.785984e+01	4.483218e+00	2.581344e-02	2.942148e+00
2.053882e+01	4.673107e+00	2.284847e-02	3.197697e+00
2.361964e+01	4.814111e+00	2.040531e-02	3.501911e+00
2.716258e+01	4.948487e+00	1.797596e-02	3.862739e+00
3.123697e+01	5.044245e+00	1.606162e-02	4.289790e+00
3.592252e+01	5.119498e+00	1.422995e-02	4.794851e+00
4.131089e+01	5.180889e+00	1.260749e-02	5.392524e+00
4.750753e+01	5.197028e+00	1.128253e-02	6.100969e+00
5.463366e+01	5.196712e+00	9.971202e-03	6.942855e+00
6.282871e+01	5.157286e+00	8.885492e-03	7.946514e+00
7.225301e+01	5.106913e+00	7.894599e-03	9.147512e+00
8.309096e+01	5.045937e+00	7.052914e-03	1.059018e+01
9.555461e+01	4.948099e+00	6.268601e-03	1.233055e+01
1.098878e+02	5.055080e+00	5.545041e-03	1.444210e+01
1.263710e+02	4.818246e+00	4.861671e-03	1.704747e+01
1.453266e+02	4.557663e+00	4.329420e-03	2.023958e+01
1.671256e+02	4.298103e+00	3.849182e-03	2.417612e+01
1.921945e+02	4.042019e+00	3.412098e-03	2.904644e+01
2.210236e+02	3.809678e+00	3.013723e-03	3.504491e+01
2.541772e+02	3.567168e+00	2.635235e-03	4.244053e+01
2.923037e+02	3.327987e+00	2.334764e-03	5.162239e+01
3.361493e+02	3.095702e+00	2.044626e-03	6.307253e+01
3.865717e+02	2.872018e+00	1.813403e-03	7.740923e+01
4.445574e+02	2.658495e+00	1.605317e-03	9.543299e+01
5.112411e+02	2.453415e+00	1.414700e-03	1.181742e+02
5.879272e+02	2.256148e+00	1.252880e-03	1.469576e+02
6.761163e+02	2.067344e+00	1.094155e-03	1.835075e+02
7.775337e+02	1.887551e+00	9.814129e-04	2.300761e+02
8.941638e+02	1.718868e+00	8.697080e-04	2.895577e+02
1.028288e+03	1.564259e+00	7.604286e-04	3.656136e+02
1.182532e+03	1.420715e+00	6.714814e-04	4.628919e+02
1.359911e+03	1.287516e+00	5.842414e-04	5.875162e+02
1.563898e+03	1.164328e+00	5.218341e-04	7.473600e+02
1.798483e+03	1.050903e+00	4.606497e-04	9.525529e+02
2.068255e+03	9.471467e-01	4.020472e-04	1.216075e+03
2.378493e+03	8.530371e-01	3.538622e-04	1.554521e+03
2.735268e+03	7.682709e-01	3.075111e-04	1.989027e+03
3.145558e+03	6.920205e-01	2.709242e-04	2.546537e+03
3.617391e+03	6.232019e-01	2.368909e-04	3.261249e+03
4.160000e+03	5.614740e-01	2.070179e-04	4.176421e+03
4.784000e+03	5.066249e-01	1.829305e-04	5.346579e+03
5.501600e+03	4.577772e-01	1.595821e-04	6.840173e+03
6.326840e+03	4.142277e-01	1.402165e-04	8.742754e+03
7.275866e+03	3.756760e-01	1.231346e-04	1.116072e+04
8.367246e+03	3.416530e-01	1.085474e-04	1.422564e+04
9.622333e+03	3.115777e-01	9.519643e-05	1.809922e+04
