# Energy_MeV	dEdx_Elec_MeV_um	dEdx_Nucl_MeV_um	Range_um
1.000000e-05	2.491096e-03	4.576714e-02	4.342751e-03
1.150000e-05	2.698238e-03	5.010110e-02	4.657081e-03
1.322500e-05	2.920117e-03	5.498430e-02	4.994163e-03
1.520875e-05	3.157824e-03	6.036225e-02	5.355644e-03
1.749006e-05	3.412526e-03	6.605480e-02	5.743288e-03
2.011357e-05	3.685472e-03	7.243508e-02	6.158990e-03
2.313061e-05	3.977997e-03	7.909710e-02	6.604781e-03
2.660020e-05	4.291536e-03	8.642571e-02	7.082839e-03
3.059023e-05	4.627622e-03	9.428627e-02	7.595498e-03
3.517876e-05	4.987900e-03	1.025708e-01	8.145264e-03
4.045558e-05	5.374130e-03	1.117544e-01	8.734823e-03
4.652391e-05	5.788203e-03	1.213395e-01	9.367054e-03
5.350250e-05	6.232142e-03	1.315916e-01	1.004505e-02
6.152788e-05	6.708117e-03	1.424002e-01	1.077211e-02
7.075706e-05	7.218454e-03	1.542339e-01	1.155180e-02
8.137062e-05	7.765648e-03	1.666936e-01	1.238793e-02
9.357621e-05	8.352372e-03	1.802078e-01	1.328457e-02
1.076126e-04	8.981493e-03	1.938944e-01	1.424612e-02
1.237545e-04	9.656086e-03	2.083622e-01	1.527726e-02
1.423177e-04	1.037945e-02	2.239737e-01	1.638304e-02
1.636654e-04	1.115511e-02	2.400849e-01	1.756885e-02
1.882152e-04	1.198686e-02	2.574653e-01	1.884049e-02
2.164475e-04	1.287877e-02	2.749333e-01	2.020418e-02
2.489146e-04	1.383519e-02	2.936574e-01	2.166657e-02
2.862518e-04	1.486080e-02	3.121855e-01	2.323480e-02
3.291895e-04	1.596060e-02	3.311905e-01	2.491655e-02
3.785680e-04	1.713997e-02	3.510896e-01	2.672002e-02
4.353531e-04	1.840467e-02	3.707676e-01	2.865403e-02
5.006561e-04	1.976088e-02	3.917129e-01	3.072803e-02
5.757545e-04	2.121523e-02	4.103579e-01	3.295214e-02
6.621177e-04	2.277481e-02	4.305310e-01	3.533723e-02
7.614354e-04	2.444726e-02	4.513549e-01	3.789496e-02
8.756507e-04	2.624073e-02	4.707464e-01	4.063782e-02
1.006998e-03	2.816400e-02	4.914138e-01	4.357920e-02
1.158048e-03	3.022645e-02	5.085891e-01	4.673349e-02
1.331755e-03	3.243817e-02	5.268995e-01	5.011608e-02
1.531519e-03	3.480996e-02	5.450369e-01	5.374351e-02
1.761246e-03	3.735340e-02	5.612826e-01	5.763349e-02
2.025433e-03	4.008092e-02	5.780696e-01	6.180504e-02
2.329248e-03	4.300585e-02	5.922049e-01	6.627852e-02
2.678635e-03	4.614247e-02	6.059975e-01	7.107579e-02
3.080431e-03	4.950611e-02	6.183838e-01	7.622030e-02
3.542495e-03	5.311320e-02	6.289622e-01	8.173716e-02
4.073870e-03	5.698137e-02	6.393503e-01	8.765334e-02
4.684950e-03	6.112950e-02	6.477560e-01	9.399789e-02
5.387693e-03	6.557787e-02	6.550252e-01	1.008049e-01
6.195847e-03	7.034821e-02	6.608009e-01	1.080991e-01
7.125224e-03	7.546382e-02	6.659005e-01	1.159243e-01
8.194007e-03	8.094969e-02	6.695311e-01	1.243145e-01
9.423108e-03	8.683262e-02	6.723971e-01	1.333123e-01
1.083657e-02	9.314136e-02	6.729885e-01	1.429614e-01
1.246206e-02	9.990673e-02	6.723329e-01	1.533088e-01
1.433137e-02	1.071618e-01	6.704427e-01	1.644052e-01
1.648108e-02	1.149419e-01	6.668713e-01	1.763047e-01
1.895324e-02	1.232852e-01	6.620545e-01	1.890656e-01
2.179622e-02	1.322324e-01	6.551717e-01	2.027501e-01
2.506566e-02	1.418271e-01	6.467845e-01	2.174251e-01
2.882550e-02	1.521164e-01	6.365936e-01	2.331622e-01
3.314933e-02	1.631504e-01	6.248390e-01	2.500384e-01
3.812173e-02	1.749830e-01	6.112850e-01	2.681361e-01
4.383999e-02	1.876720e-01	5.963076e-01	2.875438e-01
5.041599e-02	2.012795e-01	5.795536e-01	3.083562e-01
5.797838e-02	2.158720e-01	5.624650e-01	3.306749e-01
6.667514e-02	2.315206e-01	5.433625e-01	3.546091e-01
7.667641e-02	2.483019e-01	5.226883e-01	3.802758e-01
8.817787e-02	2.662978e-01	5.017279e-01	4.078003e-01
1.014046e-01	2.855962e-01	4.790363e-01	4.373168e-01
1.166152e-01	3.062915e-01	4.579428e-01	4.689698e-01
1.341075e-01	3.284848e-01	4.349972e-01	5.029139e-01
1.542237e-01	3.522843e-01	4.113339e-01	5.393150e-01
1.773572e-01	3.778066e-01	3.884571e-01	5.783508e-01
2.039608e-01	4.051761e-01	3.644313e-01	6.202118e-01
2.345549e-01	4.345266e-01	3.421346e-01	6.651027e-01
2.697381e-01	4.660016e-01	3.196659e-01	7.132433e-01
3.101989e-01	4.997547e-01	2.979625e-01	7.648671e-01
3.567287e-01	5.359509e-01	2.777155e-01	8.202341e-01
4.102380e-01	5.747669e-01	2.570356e-01	8.795815e-01
4.717737e-01	6.163953e-01	2.379374e-01	9.434599e-01
5.425397e-01	6.610372e-01	2.200528e-01	1.012686e+00
6.239207e-01	7.089104e-01	2.031837e-01	1.087748e+00
7.175088e-01	7.602488e-01	1.863988e-01	1.169251e+00
8.251351e-01	8.153032e-01	1.723423e-01	1.257871e+00
9.489054e-01	8.743428e-01	1.589730e-01	1.354408e+00
1.091241e+00	9.437421e-01	1.475456e-01	1.435147e+00
1.254927e+00	1.035302e+00	1.350694e-01	1.465168e+00
1.443166e+00	1.133529e+00	1.208584e-01	1.492670e+00
1.659641e+00	1.242704e+00	1.085471e-01	1.518106e+00
1.908588e+00	1.361111e+00	9.641280e-02	1.542060e+00
2.194876e+00	1.494369e+00	8.728309e-02	1.565341e+00
2.524107e+00	1.642644e+00	7.824749e-02	1.588925e+00
2.902723e+00	1.806272e+00	7.071064e-02	1.613970e+00
3.338132e+00	1.990121e+00	6.387049e-02	1.641826e+00
3.838852e+00	2.183275e+00	5.723023e-02	1.674049e+00
4.414679e+00	2.384763e+00	5.166521e-02	1.712407e+00
5.076881e+00	2.588792e+00	4.607582e-02	1.758911e+00
5.838413e+00	2.809904e+00	4.185081e-02	1.815839e+00
6.714175e+00	3.051258e+00	3.753516e-02	1.885776e+00
7.721302e+00	3.272651e+00	3.346437e-02	1.971614e+00
8.879497e+00	3.489871e+00	2.995780e-02	2.076655e+00
1.021142e+01	3.700047e+00	2.654638e-02	2.204566e+00
1.174313e+01	3.867685e+00	2.396728e-02	2.359451e+00
1.350460e+01	4.034786e+00	2.137390e-02	2.545923e+00
1.553030e+01	4.176858e+00	1.898550e-02	2.769214e+00
1.785984e+01	4.300357e+00	1.691792e-02	3.035398e+00
2.053882e+01	4.408941e+00	1.493414e-02	3.351646e+00
2.361964e+01	4.476357e+00	1.330626e-02	3.726601e+00
2.716258e+01	4.535745e+00	1.180331e-02	4.170851e+00
3.123697e+01	4.567617e+00	1.047647e-02	4.697485e+00
3.592252e+01	4.577003e+00	9.351928e-03	5.322805e+00
4.131089e+01	4.569816e+00	8.281006e-03	6.067180e+00
4.750753e+01	4.522302e+00	7.358245e-03	6.956131e+00
5.463366e+01	4.464880e+00	6.561427e-03	8.021721e+00
6.282871e+01	4.395357e+00	5.847530e-03	9.304049e+00
7.225301e+01	4.303757e+00	5.177421e-03	1.085477e+01
8.309096e+01	4.192464e+00	4.601154e-03	1.273490e+01
9.555461e+01	4.178923e+00	4.022872e-03	1.505351e+01
1.098878e+02	3.946040e+00	3.598673e-03	1.791482e+01
1.263710e+02	3.710131e+00	3.190908e-03	2.143963e+01
1.453266e+02	3.470342e+00	2.817141e-03	2.581931e+01
1.671256e+02	3.262199e+00	2.500368e-03	3.124266e+01
1.921945e+02	3.048245e+00	2.179064e-03	3.794000e+01
2.210236e+02	2.835772e+00	1.936313e-03	4.626995e+01
2.541772e+02	2.630095e+00	1.694868e-03	5.667649e+01
2.923037e+02	2.432311e+00	1.501192e-03	6.973130e+01
3.361493e+02	2.244327e+00	1.331764e-03	8.617053e+01
3.865717e+02	2.065094e+00	1.169284e-03	1.069482e+02
4.445574e+02	1.894062e+00	1.038570e-03	1.332876e+02
5.112411e+02	1.731425e+00	9.091706e-04	1.667770e+02
5.879272e+02	1.576573e+00	8.145703e-04	2.094921e+02
6.761163e+02	1.432256e+00	7.192488e-04	2.641190e+02
7.775337e+02	1.299470e+00	6.313887e-04	3.340698e+02
8.941638e+02	1.177650e+00	5.561608e-04	4.236515e+02
1.028288e+03	1.065166e+00	4.858484e-04	5.384821e+02
1.182532e+03	9.615811e-01	4.329154e-04	6.858527e+02
1.359911e+03	8.666823e-01	3.808000e-04	8.751228e+02
1.563898e+03	7.801475e-01	3.337470e-04	1.118291e+03
1.798483e+03	7.017086e-01	2.929919e-04	1.430711e+03
2.068255e+03	6.311104e-01	2.552234e-04	1.831939e+03
2.378493e+03	5.677972e-01	2.241104e-04	2.346896e+03
2.735268e+03	5.109073e-01	1.962620e-04	3.007258e+03
3.145558e+03	4.598764e-01	1.718645e-04	3.853126e+03
3.617391e+03	4.144980e-01	1.514203e-04	4.935114e+03
4.160000e+03	3.741926e-01	1.324012e-04	6.316847e+03
4.784000e+03	3.383041e-01	1.159455e-04	8.077977e+03
5.501600e+03	3.064904e-01	1.022495e-04	1.031775e+04
6.326840e+03	2.784211e-01	8.987795e-05	1.315914e+04
7.275866e+03	2.536332e-01	7.846622e-05	1.675363e+04
8.367246e+03	2.317785e-01	6.887723e-05	2.128653e+04
9.622333e+03	2.126160e-01	5.917306e-05	2.698283e+04
