# Energy_MeV	dEdx_Elec_MeV_um	dEdx_Nucl_MeV_um	Range_um
1.000000e-05	5.168409e-03	4.152969e-02	3.869663e-03
1.150000e-05	5.542501e-03	4.591325e-02	4.149751e-03
1.322500e-05	5.943670e-03	5.066602e-02	4.450112e-03
1.520875e-05	6.373876e-03	5.585630e-02	4.772214e-03
1.749006e-05	6.835221e-03	6.146395e-02	5.117629e-03
2.011357e-05	7.329958e-03	6.767434e-02	5.488046e-03
2.313061e-05	7.860504e-03	7.455196e-02	5.885274e-03
2.660020e-05	8.429451e-03	8.204100e-02	6.311253e-03
3.059023e-05	9.039579e-03	9.007610e-02	6.768065e-03
3.517876e-05	9.693869e-03	9.874007e-02	7.257941e-03
4.045558e-05	1.039552e-02	1.082820e-01	7.783274e-03
4.652391e-05	1.114795e-02	1.187649e-01	8.346632e-03
5.350250e-05	1.195484e-02	1.301181e-01	8.950765e-03
6.152788e-05	1.282014e-02	1.423097e-01	9.598627e-03
7.075706e-05	1.374807e-02	1.556232e-01	1.029338e-02
8.137062e-05	1.474316e-02	1.697553e-01	1.103842e-02
9.357621e-05	1.581028e-02	1.848942e-01	1.183739e-02
1.076126e-04	1.695464e-02	2.012568e-01	1.269418e-02
1.237545e-04	1.818182e-02	2.188455e-01	1.361300e-02
1.423177e-04	1.949783e-02	2.379530e-01	1.459831e-02
1.636654e-04	2.090910e-02	2.573246e-01	1.565494e-02
1.882152e-04	2.242251e-02	2.782837e-01	1.678806e-02
2.164475e-04	2.404546e-02	3.017848e-01	1.800319e-02
2.489146e-04	2.578588e-02	3.258087e-01	1.930627e-02
2.862518e-04	2.765228e-02	3.518188e-01	2.070366e-02
3.291895e-04	2.965377e-02	3.777342e-01	2.220221e-02
3.785680e-04	3.180012e-02	4.054331e-01	2.380921e-02
4.353531e-04	3.410183e-02	4.362236e-01	2.553254e-02
5.006561e-04	3.657014e-02	4.671285e-01	2.738060e-02
5.757545e-04	3.921711e-02	5.001946e-01	2.936242e-02
6.621177e-04	4.205566e-02	5.334774e-01	3.148769e-02
7.614354e-04	4.509967e-02	5.683367e-01	3.376678e-02
8.756507e-04	4.836401e-02	6.045145e-01	3.621084e-02
1.006998e-03	5.186462e-02	6.398221e-01	3.883180e-02
1.158048e-03	5.561861e-02	6.777085e-01	4.164246e-02
1.331755e-03	5.964432e-02	7.150059e-01	4.465657e-02
1.531519e-03	6.396140e-02	7.521809e-01	4.788883e-02
1.761246e-03	6.859096e-02	7.883515e-01	5.135505e-02
2.025433e-03	7.355561e-02	8.258088e-01	5.507216e-02
2.329248e-03	7.887961e-02	8.642259e-01	5.905831e-02
2.678635e-03	8.458896e-02	9.019044e-01	6.333298e-02
3.080431e-03	9.071155e-02	9.368577e-01	6.791706e-02
3.542495e-03	9.727730e-02	9.699662e-01	7.283293e-02
4.073870e-03	1.043183e-01	1.003082e+00	7.810462e-02
4.684950e-03	1.118689e-01	1.035847e+00	8.375787e-02
5.387693e-03	1.199660e-01	1.066843e+00	8.982031e-02
6.195847e-03	1.286492e-01	1.094902e+00	9.632155e-02
7.125224e-03	1.379609e-01	1.122012e+00	1.032934e-01
8.194007e-03	1.479466e-01	1.145423e+00	1.107166e-01
9.423108e-03	1.586551e-01	1.166401e+00	1.187799e-01
1.083657e-02	1.701386e-01	1.185726e+00	1.273881e-01
1.246206e-02	1.824533e-01	1.202917e+00	1.366088e-01
1.433137e-02	1.956594e-01	1.218703e+00	1.464961e-01
1.648108e-02	2.098213e-01	1.229500e+00	1.570994e-01
1.895324e-02	2.250083e-01	1.238808e+00	1.684701e-01
2.179622e-02	2.412945e-01	1.248003e+00	1.806638e-01
2.506566e-02	2.587596e-01	1.253428e+00	1.937402e-01
2.882550e-02	2.774887e-01	1.256801e+00	2.077630e-01
3.314933e-02	2.975735e-01	1.255945e+00	2.228007e-01
3.812173e-02	3.191120e-01	1.252861e+00	2.389268e-01
4.383999e-02	3.422095e-01	1.248207e+00	2.562203e-01
5.041599e-02	3.669788e-01	1.239957e+00	2.747655e-01
5.797838e-02	3.935409e-01	1.228719e+00	2.946530e-01
6.667514e-02	4.220256e-01	1.214038e+00	3.159798e-01
7.667641e-02	4.525721e-01	1.196345e+00	3.388503e-01
8.817787e-02	4.853295e-01	1.175547e+00	3.633763e-01
1.014046e-01	5.204579e-01	1.151685e+00	3.896776e-01
1.166152e-01	5.581289e-01	1.124464e+00	4.178824e-01
1.341075e-01	5.985266e-01	1.094691e+00	4.481286e-01
1.542237e-01	6.418482e-01	1.062778e+00	4.805641e-01
1.773572e-01	6.883056e-01	1.028854e+00	5.153475e-01
2.039608e-01	3.690647e-01	9.916690e-01	5.526485e-01
2.345549e-01	3.958020e-01	9.521994e-01	5.926491e-01
2.697381e-01	4.244746e-01	9.109946e-01	6.355450e-01
3.101989e-01	4.552225e-01	8.701180e-01	6.815459e-01
3.567287e-01	4.881959e-01	8.289936e-01	7.308766e-01
4.102380e-01	5.235560e-01	7.857380e-01	7.837776e-01
4.717737e-01	5.614755e-01	7.416989e-01	8.405073e-01
5.425397e-01	6.021396e-01	6.975708e-01	9.013435e-01
6.239207e-01	6.457470e-01	6.549732e-01	9.665846e-01
7.175088e-01	6.925107e-01	6.117280e-01	1.036534e+00
8.251351e-01	7.426608e-01	5.713979e-01	1.111645e+00
9.489054e-01	7.964425e-01	5.328607e-01	1.192913e+00
1.091241e+00	8.541170e-01	4.946766e-01	1.281026e+00
1.254927e+00	9.159661e-01	4.579703e-01	1.376658e+00
1.443166e+00	9.822920e-01	4.212752e-01	1.480583e+00
1.659641e+00	1.053419e+00	3.909225e-01	1.593717e+00
1.908588e+00	1.129694e+00	3.608532e-01	1.717139e+00
2.194876e+00	1.241366e+00	3.292611e-01	1.852146e+00
2.524107e+00	1.365497e+00	3.047985e-01	2.000314e+00
2.902723e+00	1.498865e+00	2.839247e-01	2.163586e+00
3.338132e+00	1.643941e+00	2.621166e-01	2.344379e+00
3.838852e+00	1.806177e+00	2.371695e-01	2.330758e+00
4.414679e+00	1.978464e+00	2.097038e-01	2.316508e+00
5.076881e+00	2.170963e+00	1.875444e-01	2.303556e+00
5.838413e+00	2.383344e+00	1.685778e-01	2.293844e+00
6.714175e+00	2.616228e+00	1.522664e-01	2.289408e+00
7.721302e+00	2.877529e+00	1.372663e-01	2.292337e+00
8.879497e+00	3.155132e+00	1.233856e-01	2.304892e+00
1.021142e+01	3.468541e+00	1.115173e-01	2.329460e+00
1.174313e+01	3.821608e+00	1.000538e-01	2.368579e+00
1.350460e+01	4.186717e+00	8.976161e-02	2.424980e+00
1.553030e+01	4.584520e+00	8.087190e-02	2.501615e+00
1.785984e+01	4.977190e+00	7.303490e-02	2.601666e+00
2.053882e+01	5.373491e+00	6.542737e-02	2.728569e+00
2.361964e+01	5.774073e+00	5.826071e-02	2.886057e+00
2.716258e+01	6.148250e+00	5.176304e-02	3.078225e+00
3.123697e+01	6.534354e+00	4.640357e-02	3.309713e+00
3.592252e+01	6.864827e+00	4.166526e-02	3.585906e+00
4.131089e+01	7.167281e+00	3.713627e-02	3.913207e+00
4.750753e+01	7.453849e+00	3.295055e-02	4.299399e+00
5.463366e+01	7.676878e+00	2.916742e-02	4.754037e+00
6.282871e+01	7.892671e+00	2.595429e-02	5.288952e+00
7.225301e+01	8.053325e+00	2.291982e-02	5.918805e+00
8.309096e+01	8.155737e+00	2.040581e-02	6.661782e+00
9.555461e+01	8.222495e+00	1.821235e-02	7.540432e+00
1.098878e+02	8.274671e+00	1.618032e-02	8.582754e+00
1.263710e+02	8.304881e+00	1.437251e-02	9.823886e+00
1.453266e+02	8.278046e+00	1.267042e-02	1.130491e+01
1.671256e+02	8.456587e+00	1.138262e-02	1.309396e+01
1.921945e+02	8.145846e+00	1.017534e-02	1.527778e+01
2.210236e+02	7.796821e+00	8.935969e-03	1.791779e+01
2.541772e+02	7.435679e+00	7.888171e-03	2.114567e+01
2.923037e+02	7.094868e+00	6.955371e-03	2.508490e+01
3.361493e+02	6.753740e+00	6.218746e-03	2.986736e+01
3.865717e+02	6.389828e+00	5.544325e-03	3.570516e+01
4.445574e+02	6.028351e+00	4.859817e-03	4.287347e+01
5.112411e+02	5.672085e+00	4.277052e-03	5.171796e+01
5.879272e+02	5.326360e+00	3.766622e-03	6.267750e+01
6.761163e+02	4.992164e+00	3.324272e-03	7.631896e+01
7.775337e+02	4.662846e+00	2.936226e-03	9.336379e+01
8.941638e+02	4.338655e+00	2.586768e-03	1.147403e+02
1.028288e+03	4.020424e+00	2.294232e-03	1.416564e+02
1.182532e+03	3.712952e+00	2.022637e-03	1.756810e+02
1.359911e+03	3.419417e+00	1.780504e-03	2.188098e+02
1.563898e+03	3.145909e+00	1.581487e-03	2.735539e+02
1.798483e+03	2.885617e+00	1.407892e-03	3.431429e+02
2.068255e+03	2.638526e+00	1.240426e-03	4.318300e+02
2.378493e+03	2.406062e+00	1.087422e-03	5.450724e+02
2.735268e+03	2.188734e+00	9.508952e-04	6.898958e+02
3.145558e+03	1.987199e+00	8.416974e-04	8.753179e+02
3.617391e+03	1.801874e+00	7.463078e-04	1.112870e+03
4.160000e+03	1.632080e+00	6.553297e-04	1.417276e+03
4.784000e+03	1.477030e+00	5.735576e-04	1.807322e+03
5.501600e+03	1.335956e+00	5.004240e-04	2.306860e+03
6.326840e+03	1.208556e+00	4.394852e-04	2.946065e+03
7.275866e+03	1.094056e+00	3.827234e-04	3.762955e+03
8.367246e+03	9.913864e-01	3.359377e-04	4.805212e+03
9.622333e+03	8.996530e-01	2.963541e-04	6.132338e+03
