# Energy_MeV	dEdx_Elec_MeV_um	dEdx_Nucl_MeV_um	Range_um
1.000000e-05	6.578911e-03	4.650582e-02	3.040017e-03
1.150000e-05	7.055096e-03	5.138702e-02	3.260055e-03
1.322500e-05	7.565747e-03	5.649991e-02	3.496019e-03
1.520875e-05	8.113360e-03	6.221157e-02	3.749063e-03
1.749006e-05	8.700609e-03	6.861361e-02	4.020422e-03
2.011357e-05	9.330364e-03	7.542367e-02	4.311423e-03
2.313061e-05	1.000570e-02	8.304686e-02	4.623486e-03
2.660020e-05	1.072992e-02	9.095195e-02	4.958136e-03
3.059023e-05	1.150656e-02	9.975510e-02	5.317009e-03
3.517876e-05	1.233941e-02	1.095535e-01	5.701856e-03
4.045558e-05	1.323254e-02	1.199145e-01	6.114560e-03
4.652391e-05	1.419032e-02	1.314487e-01	6.557135e-03
5.350250e-05	1.521742e-02	1.435566e-01	7.031744e-03
6.152788e-05	1.631887e-02	1.568253e-01	7.540705e-03
7.075706e-05	1.750003e-02	1.711430e-01	8.086505e-03
8.137062e-05	1.876670e-02	1.861446e-01	8.671811e-03
9.357621e-05	2.012504e-02	2.027661e-01	9.299481e-03
1.076126e-04	2.158170e-02	2.201915e-01	9.972583e-03
1.237545e-04	2.314379e-02	2.387795e-01	1.069440e-02
1.423177e-04	2.481895e-02	2.584067e-01	1.146847e-02
1.636654e-04	2.661536e-02	2.797205e-01	1.229856e-02
1.882152e-04	2.854180e-02	3.024737e-01	1.318874e-02
2.164475e-04	3.060767e-02	3.270300e-01	1.414335e-02
2.489146e-04	3.282307e-02	3.518115e-01	1.516705e-02
2.862518e-04	3.519882e-02	3.780692e-01	1.626485e-02
3.291895e-04	3.774653e-02	4.061075e-01	1.744211e-02
3.785680e-04	4.047864e-02	4.355521e-01	1.870458e-02
4.353531e-04	4.340851e-02	4.670375e-01	2.005843e-02
5.006561e-04	4.655044e-02	4.986547e-01	2.151027e-02
5.757545e-04	4.991978e-02	5.326314e-01	2.306719e-02
6.621177e-04	5.353300e-02	5.661280e-01	2.473680e-02
7.614354e-04	5.740775e-02	6.004955e-01	2.652727e-02
8.756507e-04	6.156295e-02	6.364207e-01	2.844733e-02
1.006998e-03	6.601891e-02	6.722184e-01	3.050636e-02
1.158048e-03	7.079740e-02	7.102568e-01	3.271442e-02
1.331755e-03	7.592175e-02	7.440109e-01	3.508231e-02
1.531519e-03	8.141701e-02	7.799156e-01	3.762159e-02
1.761246e-03	8.731001e-02	8.179833e-01	4.034466e-02
2.025433e-03	9.362956e-02	8.533822e-01	4.326483e-02
2.329248e-03	1.004065e-01	8.904179e-01	4.639636e-02
2.678635e-03	1.076740e-01	9.216703e-01	4.975455e-02
3.080431e-03	1.154675e-01	9.540629e-01	5.335581e-02
3.542495e-03	1.238251e-01	9.872577e-01	5.721773e-02
4.073870e-03	1.327876e-01	1.016944e+00	6.135918e-02
4.684950e-03	1.423989e-01	1.046793e+00	6.580039e-02
5.387693e-03	1.527058e-01	1.072460e+00	7.053758e-02
6.195847e-03	1.637587e-01	1.097110e+00	7.565702e-02
7.125224e-03	1.756116e-01	1.119742e+00	8.115005e-02
8.194007e-03	1.883225e-01	1.138614e+00	8.702281e-02
9.423108e-03	2.019534e-01	1.157136e+00	9.332162e-02
1.083657e-02	2.165709e-01	1.172421e+00	1.000762e-01
1.246206e-02	2.322464e-01	1.185360e+00	1.073196e-01
1.433137e-02	2.490565e-01	1.195797e+00	1.150873e-01
1.648108e-02	2.670833e-01	1.204599e+00	1.234172e-01
1.895324e-02	2.864150e-01	1.211374e+00	1.323501e-01
2.179622e-02	3.071458e-01	1.216444e+00	1.419296e-01
2.506566e-02	3.293772e-01	1.217364e+00	1.522024e-01
2.882550e-02	3.532177e-01	1.216120e+00	1.632187e-01
3.314933e-02	3.787838e-01	1.212327e+00	1.750323e-01
3.812173e-02	4.062003e-01	1.205933e+00	1.877011e-01
4.383999e-02	4.356013e-01	1.197039e+00	2.012870e-01
5.041599e-02	4.671304e-01	1.184450e+00	2.158561e-01
5.797838e-02	5.009415e-01	1.169164e+00	2.314796e-01
6.667514e-02	5.372000e-01	1.150555e+00	2.482341e-01
7.667641e-02	5.760828e-01	1.129140e+00	2.662013e-01
8.817787e-02	6.177799e-01	1.104520e+00	2.854690e-01
1.014046e-01	6.624952e-01	1.077231e+00	3.061312e-01
1.166152e-01	7.104469e-01	1.046715e+00	3.282889e-01
1.341075e-01	7.618695e-01	1.015686e+00	3.520505e-01
1.542237e-01	8.170140e-01	9.813138e-01	3.775321e-01
1.773572e-01	8.761499e-01	9.435647e-01	4.048579e-01
2.039608e-01	9.395661e-01	9.053663e-01	4.341615e-01
2.345549e-01	1.007572e+00	8.644018e-01	4.655861e-01
2.697381e-01	1.080501e+00	8.260101e-01	4.992854e-01
3.101989e-01	1.158708e+00	7.850776e-01	5.354239e-01
3.567287e-01	1.242576e+00	7.418132e-01	5.741784e-01
4.102380e-01	1.332514e+00	7.000887e-01	6.157360e-01
4.717737e-01	1.428963e+00	6.570295e-01	6.603059e-01
5.425397e-01	1.529828e+00	6.165169e-01	7.080982e-01
6.239207e-01	1.623932e+00	5.761432e-01	7.596828e-01
7.175088e-01	1.722329e+00	5.365086e-01	8.156142e-01
8.251351e-01	9.135752e-01	5.001704e-01	8.762852e-01
9.489054e-01	9.797437e-01	4.630219e-01	9.421897e-01
1.091241e+00	1.050702e+00	4.282985e-01	1.013891e+00
1.254927e+00	1.126796e+00	3.961235e-01	1.092054e+00
1.443166e+00	1.228405e+00	3.655777e-01	1.177472e+00
1.659641e+00	1.354976e+00	3.358475e-01	1.271109e+00
1.908588e+00	1.486613e+00	3.097863e-01	1.374146e+00
2.194876e+00	1.633652e+00	2.861189e-01	1.488048e+00
2.524107e+00	1.794738e+00	2.659158e-01	1.600234e+00
2.902723e+00	1.968718e+00	2.433934e-01	1.584027e+00
3.338132e+00	2.163033e+00	2.176193e-01	1.568465e+00
3.838852e+00	2.371452e+00	1.947065e-01	1.554863e+00
4.414679e+00	2.603874e+00	1.733583e-01	1.544571e+00
5.076881e+00	2.860684e+00	1.568257e-01	1.538976e+00
5.838413e+00	3.137734e+00	1.405588e-01	1.539490e+00
6.714175e+00	3.449305e+00	1.270583e-01	1.547618e+00
7.721302e+00	3.797099e+00	1.148093e-01	1.564949e+00
8.879497e+00	4.175352e+00	1.030544e-01	1.593165e+00
1.021142e+01	4.585591e+00	9.283120e-02	1.634063e+00
1.174313e+01	4.996767e+00	8.275499e-02	1.689575e+00
1.350460e+01	5.437300e+00	7.512568e-02	1.761773e+00
1.553030e+01	5.853901e+00	6.757056e-02	1.852892e+00
1.785984e+01	6.279939e+00	6.012063e-02	1.965370e+00
2.053882e+01	6.722040e+00	5.371097e-02	2.101926e+00
2.361964e+01	7.095018e+00	4.767649e-02	2.265690e+00
2.716258e+01	7.471374e+00	4.299352e-02	2.460370e+00
3.123697e+01	7.788417e+00	3.846964e-02	2.690441e+00
3.592252e+01	8.078410e+00	3.409525e-02	2.961394e+00
4.131089e+01	8.358870e+00	3.032199e-02	3.280009e+00
4.750753e+01	8.554280e+00	2.682106e-02	3.654691e+00
5.463366e+01	8.727928e+00	2.387150e-02	4.095859e+00
6.282871e+01	8.819674e+00	2.119998e-02	4.616412e+00
7.225301e+01	8.906386e+00	1.878126e-02	5.232386e+00
8.309096e+01	8.994509e+00	1.678276e-02	5.963511e+00
9.555461e+01	8.990327e+00	1.487274e-02	6.834441e+00
1.098878e+02	9.297342e+00	1.319919e-02	7.877525e+00
1.263710e+02	8.997511e+00	1.177567e-02	9.148915e+00
1.453266e+02	8.641201e+00	1.049782e-02	1.068494e+01
1.671256e+02	8.280721e+00	9.312525e-03	1.255288e+01
1.921945e+02	7.907288e+00	8.250352e-03	1.483096e+01
2.210236e+02	7.563488e+00	7.231077e-03	1.759430e+01
2.541772e+02	7.181659e+00	6.454046e-03	2.094958e+01
2.923037e+02	6.796334e+00	5.729808e-03	2.505424e+01
3.361493e+02	6.414926e+00	5.066315e-03	3.009966e+01
3.865717e+02	6.041121e+00	4.482018e-03	3.632898e+01
4.445574e+02	5.681151e+00	3.920101e-03	4.405483e+01
5.112411e+02	5.326033e+00	3.473966e-03	5.367645e+01
5.879272e+02	4.974233e+00	3.041811e-03	6.570368e+01
6.761163e+02	4.627671e+00	2.692740e-03	8.079757e+01
7.775337e+02	4.288111e+00	2.390166e-03	9.981921e+01
8.941638e+02	3.961127e+00	2.103787e-03	1.238702e+02
1.028288e+03	3.655102e+00	1.863556e-03	1.543378e+02
1.182532e+03	3.363394e+00	1.632238e-03	1.929802e+02
1.359911e+03	3.085078e+00	1.460042e-03	2.421215e+02
1.563898e+03	2.821352e+00	1.293766e-03	3.047516e+02
1.798483e+03	2.573395e+00	1.132906e-03	3.847235e+02
2.068255e+03	2.342092e+00	9.956125e-04	4.869843e+02
2.378493e+03	2.128147e+00	8.714885e-04	6.178723e+02
2.735268e+03	1.931080e+00	7.755207e-04	7.854811e+02
3.145558e+03	1.750248e+00	6.848970e-04	1.000152e+03
3.617391e+03	1.585170e+00	5.986919e-04	1.275040e+03
4.160000e+03	1.435363e+00	5.244465e-04	1.626812e+03
4.784000e+03	1.300142e+00	4.578628e-04	2.076507e+03
5.501600e+03	1.178554e+00	4.016056e-04	2.650556e+03
6.326840e+03	1.069683e+00	3.521165e-04	3.382007e+03
7.275866e+03	9.725003e-01	3.079402e-04	4.311960e+03
8.367246e+03	8.859138e-01	2.714877e-04	5.491228e+03
9.622333e+03	8.088877e-01	2.375358e-04	6.982222e+03
