# Energy_MeV	dEdx_Elec_MeV_um	dEdx_Nucl_MeV_um	Range_um
1.000000e-05	2.704151e-03	4.387840e-02	4.729328e-03
1.150000e-05	2.926003e-03	4.794278e-02	5.071640e-03
1.322500e-05	3.163689e-03	5.235982e-02	5.438727e-03
1.520875e-05	3.418376e-03	5.704996e-02	5.832385e-03
1.749006e-05	3.691311e-03	6.212327e-02	6.254537e-03
2.011357e-05	3.983833e-03	6.762451e-02	6.707243e-03
2.313061e-05	4.297372e-03	7.347021e-02	7.192717e-03
2.660020e-05	4.633464e-03	7.955159e-02	7.713330e-03
3.059023e-05	4.993753e-03	8.614244e-02	8.271625e-03
3.517876e-05	5.379999e-03	9.343211e-02	8.870329e-03
4.045558e-05	5.794092e-03	1.007495e-01	9.512368e-03
4.652391e-05	6.238057e-03	1.089841e-01	1.020088e-02
5.350250e-05	6.714062e-03	1.170383e-01	1.093922e-02
6.152788e-05	7.224435e-03	1.258658e-01	1.173101e-02
7.075706e-05	7.771670e-03	1.354935e-01	1.258011e-02
8.137062e-05	8.358440e-03	1.448862e-01	1.349066e-02
9.357621e-05	8.987614e-03	1.554681e-01	1.446712e-02
1.076126e-04	9.662264e-03	1.658337e-01	1.551426e-02
1.237545e-04	1.038569e-02	1.769566e-01	1.663719e-02
1.423177e-04	1.116142e-02	1.882932e-01	1.784140e-02
1.636654e-04	1.199325e-02	1.995284e-01	1.913277e-02
1.882152e-04	1.288524e-02	2.116487e-01	2.051761e-02
2.164475e-04	1.384176e-02	2.232140e-01	2.200269e-02
2.489146e-04	1.486746e-02	2.352948e-01	2.359525e-02
2.862518e-04	1.596737e-02	2.467052e-01	2.530309e-02
3.291895e-04	1.714686e-02	2.592021e-01	2.713454e-02
3.785680e-04	1.841169e-02	2.710504e-01	2.909855e-02
4.353531e-04	1.976803e-02	2.828156e-01	3.120472e-02
5.006561e-04	2.122253e-02	2.947349e-01	3.346334e-02
5.757545e-04	2.278227e-02	3.051070e-01	3.588543e-02
6.621177e-04	2.445489e-02	3.164952e-01	3.848284e-02
7.614354e-04	2.624854e-02	3.266650e-01	4.126824e-02
8.756507e-04	2.817201e-02	3.364972e-01	4.425526e-02
1.006998e-03	3.023467e-02	3.462982e-01	4.745848e-02
1.158048e-03	3.244662e-02	3.548564e-01	5.089355e-02
1.331755e-03	3.481865e-02	3.629155e-01	5.457725e-02
1.531519e-03	3.736235e-02	3.699527e-01	5.852758e-02
1.761246e-03	4.009016e-02	3.764648e-01	6.276384e-02
2.025433e-03	4.301539e-02	3.824185e-01	6.730672e-02
2.329248e-03	4.615234e-02	3.874897e-01	7.217842e-02
2.678635e-03	4.951633e-02	3.915035e-01	7.736649e-02
3.080431e-03	5.312380e-02	3.949844e-01	8.299153e-02
3.542495e-03	5.699237e-02	3.982218e-01	8.901563e-02
4.073870e-03	6.114093e-02	3.999145e-01	9.545809e-02
4.684950e-03	6.558977e-02	4.016025e-01	1.023672e-01
5.387693e-03	7.036060e-02	4.016690e-01	1.097766e-01
6.195847e-03	7.547675e-02	4.012507e-01	1.177221e-01
7.125224e-03	8.096319e-02	4.001706e-01	1.262427e-01
8.194007e-03	8.684675e-02	3.976786e-01	1.353800e-01
9.423108e-03	9.315615e-02	3.946916e-01	1.451788e-01
1.083657e-02	9.992222e-02	3.904098e-01	1.556868e-01
1.246206e-02	1.071780e-01	3.852508e-01	1.669553e-01
1.433137e-02	1.149590e-01	3.790368e-01	1.790394e-01
1.648108e-02	1.233031e-01	3.718797e-01	1.919982e-01
1.895324e-02	1.322513e-01	3.635857e-01	2.058950e-01
2.179622e-02	1.418470e-01	3.545850e-01	2.207977e-01
2.506566e-02	1.521373e-01	3.446807e-01	2.367789e-01
2.882550e-02	1.631725e-01	3.342417e-01	2.539169e-01
3.314933e-02	1.750063e-01	3.224827e-01	2.722954e-01
3.812173e-02	1.876967e-01	3.104218e-01	2.920042e-01
4.383999e-02	2.013057e-01	2.976719e-01	3.131394e-01
5.041599e-02	2.158996e-01	2.844486e-01	3.358044e-01
5.797838e-02	2.315499e-01	2.716549e-01	3.601099e-01
6.667514e-02	2.483329e-01	2.574594e-01	3.861748e-01
7.667641e-02	2.663307e-01	2.439113e-01	4.141262e-01
8.817787e-02	2.856312e-01	2.300319e-01	4.441007e-01
1.014046e-01	3.063287e-01	2.159012e-01	4.762447e-01
1.166152e-01	3.285242e-01	2.023558e-01	5.107153e-01
1.341075e-01	3.523263e-01	1.890942e-01	5.476812e-01
1.542237e-01	3.778512e-01	1.765549e-01	5.873224e-01
1.773572e-01	4.052236e-01	1.641322e-01	6.298333e-01
2.039608e-01	4.345772e-01	1.520620e-01	6.754195e-01
2.345549e-01	4.660554e-01	1.404717e-01	7.243070e-01
2.697381e-01	4.998129e-01	1.302803e-01	7.767447e-01
3.101989e-01	5.360162e-01	1.200415e-01	8.333864e-01
3.567287e-01	5.748399e-01	1.095909e-01	8.948019e-01
4.102380e-01	6.164737e-01	1.022948e-01	9.614323e-01
4.717737e-01	6.611211e-01	9.427343e-02	1.033819e+00
5.425397e-01	7.089866e-01	8.700664e-02	1.064160e+00
6.239207e-01	7.603183e-01	7.928433e-02	1.098440e+00
7.175088e-01	8.298616e-01	7.071528e-02	1.132579e+00
8.251351e-01	9.134621e-01	6.418860e-02	1.165456e+00
9.489054e-01	1.002131e+00	5.690028e-02	1.197269e+00
1.091241e+00	1.101130e+00	5.154410e-02	1.228344e+00
1.254927e+00	1.211277e+00	4.628873e-02	1.259156e+00
1.443166e+00	1.329027e+00	4.170153e-02	1.290346e+00
1.659641e+00	1.459636e+00	3.767821e-02	1.322737e+00
1.908588e+00	1.595831e+00	3.366975e-02	1.357351e+00
2.194876e+00	1.738743e+00	3.046752e-02	1.395422e+00
2.524107e+00	1.889586e+00	2.732837e-02	1.438412e+00
2.902723e+00	2.020079e+00	2.472491e-02	1.488038e+00
3.338132e+00	2.160185e+00	2.201787e-02	1.546322e+00
3.838852e+00	2.309131e+00	1.977760e-02	1.615604e+00
4.414679e+00	2.447437e+00	1.766121e-02	1.698598e+00
5.076881e+00	2.580891e+00	1.571147e-02	1.798441e+00
5.838413e+00	2.681022e+00	1.415770e-02	1.918729e+00
6.714175e+00	2.777248e+00	1.253138e-02	2.063581e+00
7.721302e+00	2.848193e+00	1.121794e-02	2.237698e+00
8.879497e+00	2.908010e+00	9.971601e-03	2.446483e+00
1.021142e+01	2.963596e+00	8.813992e-03	2.696233e+00
1.174313e+01	2.989573e+00	7.827085e-03	2.994397e+00
1.350460e+01	3.008948e+00	6.950385e-03	3.349946e+00
1.553030e+01	3.010488e+00	6.197460e-03	3.773864e+00
1.785984e+01	2.997526e+00	5.504554e-03	4.279757e+00
2.053882e+01	2.974948e+00	4.884761e-03	4.884626e+00
2.361964e+01	2.932507e+00	4.325711e-03	5.609837e+00
2.716258e+01	2.879785e+00	3.877960e-03	6.482358e+00
3.123697e+01	2.812913e+00	3.444930e-03	7.536291e+00
3.592252e+01	2.736432e+00	3.031026e-03	8.814954e+00
4.131089e+01	2.648911e+00	2.713902e-03	1.037323e+01
4.750753e+01	2.550825e+00	2.365087e-03	1.228043e+01
5.463366e+01	2.489111e+00	2.128481e-03	1.463211e+01
6.282871e+01	2.334283e+00	1.879960e-03	1.757480e+01
7.225301e+01	2.171709e+00	1.651356e-03	2.123156e+01
8.309096e+01	2.012975e+00	1.474601e-03	2.581226e+01
9.555461e+01	1.863882e+00	1.281904e-03	3.155971e+01
1.098878e+02	1.728423e+00	1.141136e-03	3.873968e+01
1.263710e+02	1.593747e+00	1.001981e-03	4.772556e+01
1.453266e+02	1.464393e+00	8.850692e-04	5.903496e+01
1.671256e+02	1.341655e+00	7.844854e-04	7.332047e+01
1.921945e+02	1.226170e+00	6.869138e-04	9.142204e+01
2.210236e+02	1.117777e+00	6.116803e-04	1.144312e+02
2.541772e+02	1.016476e+00	5.393303e-04	1.437541e+02
2.923037e+02	9.217111e-01	4.808477e-04	1.812043e+02
3.361493e+02	8.334175e-01	4.208297e-04	2.291419e+02
3.865717e+02	7.516671e-01	3.728531e-04	2.906443e+02
4.445574e+02	6.767325e-01	3.275483e-04	3.696558e+02
5.112411e+02	6.096288e-01	2.874195e-04	4.711584e+02
5.879272e+02	5.484687e-01	2.554954e-04	6.014819e+02
6.761163e+02	4.928431e-01	2.227575e-04	7.689377e+02
7.775337e+02	4.424827e-01	1.970329e-04	9.841706e+02
8.941638e+02	3.970608e-01	1.725139e-04	1.260846e+03
1.028288e+03	3.561594e-01	1.504850e-04	1.616441e+03
1.182532e+03	3.194731e-01	1.315958e-04	2.073259e+03
1.359911e+03	2.866973e-01	1.154286e-04	2.659684e+03
1.563898e+03	2.574591e-01	1.016054e-04	3.411871e+03
1.798483e+03	2.313722e-01	8.899686e-05	4.375688e+03
2.068255e+03	2.081665e-01	7.802427e-05	5.609147e+03
2.378493e+03	1.875907e-01	6.806211e-05	7.185369e+03
2.735268e+03	1.693366e-01	6.038801e-05	9.196150e+03
3.145558e+03	1.531544e-01	0.000000e+00	1.175621e+04
3.617391e+03	1.388594e-01	0.000000e+00	1.500822e+04
4.160000e+03	1.262511e-01	0.000000e+00	1.912851e+04
4.784000e+03	1.151323e-01	0.000000e+00	2.433371e+04
5.501600e+03	1.053561e-01	0.000000e+00	3.088799e+04
6.326840e+03	9.678866e-02	0.000000e+00	3.911097e+04
7.275866e+03	8.928413e-02	0.000000e+00	4.938616e+04
8.367246e+03	8.272722e-02	0.000000e+00	6.216943e+04
9.622333e+03	7.703362e-02	0.000000e+00	7.799759e+04
