# Energy_MeV	dEdx_Elec_MeV_um	dEdx_Nucl_MeV_um	Range_um
1.000000e-05	6.376917e-03	4.206647e-02	3.136312e-03
1.150000e-05	6.838482e-03	4.653180e-02	3.363320e-03
1.322500e-05	7.333455e-03	5.141720e-02	3.606759e-03
1.520875e-05	7.864254e-03	5.681707e-02	3.867818e-03
1.749006e-05	8.433473e-03	6.273989e-02	4.147772e-03
2.011357e-05	9.043892e-03	6.930097e-02	4.447990e-03
2.313061e-05	9.698494e-03	7.621279e-02	4.769938e-03
2.660020e-05	1.040048e-02	8.386547e-02	5.115189e-03
3.059023e-05	1.115327e-02	9.250813e-02	5.485429e-03
3.517876e-05	1.196055e-02	1.017476e-01	5.882467e-03
4.045558e-05	1.282626e-02	1.119552e-01	6.308243e-03
4.652391e-05	1.375463e-02	1.226346e-01	6.764837e-03
5.350250e-05	1.475020e-02	1.344014e-01	7.254480e-03
6.152788e-05	1.581782e-02	1.476213e-01	7.779563e-03
7.075706e-05	1.696273e-02	1.616737e-01	8.342652e-03
8.137062e-05	1.819050e-02	1.770556e-01	8.946497e-03
9.357621e-05	1.950713e-02	1.934533e-01	9.594050e-03
1.076126e-04	2.091907e-02	2.112141e-01	1.028847e-02
1.237545e-04	2.243320e-02	2.304309e-01	1.103316e-02
1.423177e-04	2.405693e-02	2.506739e-01	1.183174e-02
1.636654e-04	2.579819e-02	2.728879e-01	1.268813e-02
1.882152e-04	2.766547e-02	2.964923e-01	1.360650e-02
2.164475e-04	2.966791e-02	3.212983e-01	1.459135e-02
2.489146e-04	3.181529e-02	3.474939e-01	1.564748e-02
2.862518e-04	3.411810e-02	3.761970e-01	1.678005e-02
3.291895e-04	3.658759e-02	4.069461e-01	1.799460e-02
3.785680e-04	3.923582e-02	4.395285e-01	1.929706e-02
4.353531e-04	4.207572e-02	4.729326e-01	2.069379e-02
5.006561e-04	4.512119e-02	5.077860e-01	2.219162e-02
5.757545e-04	4.838708e-02	5.455618e-01	2.379786e-02
6.621177e-04	5.188937e-02	5.853325e-01	2.552036e-02
7.614354e-04	5.564515e-02	6.269445e-01	2.736754e-02
8.756507e-04	5.967277e-02	6.695527e-01	2.934842e-02
1.006998e-03	6.399192e-02	7.146875e-01	3.147267e-02
1.158048e-03	6.862369e-02	7.598508e-01	3.375068e-02
1.331755e-03	7.359071e-02	8.054747e-01	3.619357e-02
1.531519e-03	7.891724e-02	8.529993e-01	3.881328e-02
1.761246e-03	8.462931e-02	9.012089e-01	4.162261e-02
2.025433e-03	9.075483e-02	9.513612e-01	4.463527e-02
2.329248e-03	9.732371e-02	9.968118e-01	4.786600e-02
2.678635e-03	1.043680e-01	1.043793e+00	5.133056e-02
3.080431e-03	1.119223e-01	1.094755e+00	5.504590e-02
3.542495e-03	1.200233e-01	1.142743e+00	5.903015e-02
4.073870e-03	1.287106e-01	1.190503e+00	6.330278e-02
4.684950e-03	1.380267e-01	1.232656e+00	6.788467e-02
5.387693e-03	1.480172e-01	1.274435e+00	7.279820e-02
6.195847e-03	1.587308e-01	1.318732e+00	7.806737e-02
7.125224e-03	1.702198e-01	1.358914e+00	8.371793e-02
8.194007e-03	1.825404e-01	1.396953e+00	8.973125e-02
9.423108e-03	1.957527e-01	1.431478e+00	9.626510e-02
1.083657e-02	2.099214e-01	1.463201e+00	1.032466e-01
1.246206e-02	2.251157e-01	1.492570e+00	1.107196e-01
1.433137e-02	2.414096e-01	1.517657e+00	1.187332e-01
1.648108e-02	2.588830e-01	1.541369e+00	1.273271e-01
1.895324e-02	2.776211e-01	1.561933e+00	1.365428e-01
2.179622e-02	2.977154e-01	1.578084e+00	1.464257e-01
2.506566e-02	3.192643e-01	1.590985e+00	1.570239e-01
2.882550e-02	3.423728e-01	1.602566e+00	1.683892e-01
3.314933e-02	3.671539e-01	1.611554e+00	1.805771e-01
3.812173e-02	3.937287e-01	1.617174e+00	1.936472e-01
4.383999e-02	4.222270e-01	1.618122e+00	2.076632e-01
5.041599e-02	4.527880e-01	1.615491e+00	2.226939e-01
5.797838e-02	4.855610e-01	1.610200e+00	2.388124e-01
6.667514e-02	5.207062e-01	1.601409e+00	2.560976e-01
7.667641e-02	5.583952e-01	1.588611e+00	2.746338e-01
8.817787e-02	5.988121e-01	1.571386e+00	2.945118e-01
1.014046e-01	6.421544e-01	1.550320e+00	3.158286e-01
1.166152e-01	6.886339e-01	1.525031e+00	3.386883e-01
1.341075e-01	7.384776e-01	1.495911e+00	3.632025e-01
1.542237e-01	7.919290e-01	1.462564e+00	3.894910e-01
1.773572e-01	8.492493e-01	1.425601e+00	4.176825e-01
2.039608e-01	9.107184e-01	1.384734e+00	4.479145e-01
2.345549e-01	9.766366e-01	1.342674e+00	4.803345e-01
2.697381e-01	1.047326e+00	1.296847e+00	5.151011e-01
3.101989e-01	1.123132e+00	1.246007e+00	5.523841e-01
3.567287e-01	1.204425e+00	1.194238e+00	5.923660e-01
4.102380e-01	1.291602e+00	1.140366e+00	6.352417e-01
4.717737e-01	1.385089e+00	1.088463e+00	6.812204e-01
5.425397e-01	1.485342e+00	1.034781e+00	7.305275e-01
6.239207e-01	1.592852e+00	9.767360e-01	7.834033e-01
7.175088e-01	1.708144e+00	9.202514e-01	8.401006e-01
8.251351e-01	1.824374e+00	8.643310e-01	9.009531e-01
9.489054e-01	1.936229e+00	8.096862e-01	9.667552e-01
1.091241e+00	2.053053e+00	7.568926e-01	1.038102e+00
1.254927e+00	2.174385e+00	7.049441e-01	1.115525e+00
1.443166e+00	2.299484e+00	6.560986e-01	1.199652e+00
1.659641e+00	2.427247e+00	6.076574e-01	1.291220e+00
1.908588e+00	2.556117e+00	5.608156e-01	1.391093e+00
2.194876e+00	1.397355e+00	5.191906e-01	1.500312e+00
2.524107e+00	1.535771e+00	4.800266e-01	1.620142e+00
2.902723e+00	1.682908e+00	4.400398e-01	1.752136e+00
3.338132e+00	1.844119e+00	4.051110e-01	1.898228e+00
3.838852e+00	2.024005e+00	3.760594e-01	2.060843e+00
4.414679e+00	2.214032e+00	3.491281e-01	2.243047e+00
5.076881e+00	2.425912e+00	3.186977e-01	2.299061e+00
5.838413e+00	2.655766e+00	2.837368e-01	2.247288e+00
6.714175e+00	2.903390e+00	2.529236e-01	2.202650e+00
7.721302e+00	3.178683e+00	2.265083e-01	2.166892e+00
8.879497e+00	3.466247e+00	2.046007e-01	2.141723e+00
1.021142e+01	3.794005e+00	1.837643e-01	2.128843e+00
1.174313e+01	4.165614e+00	1.655856e-01	2.129961e+00
1.350460e+01	4.570768e+00	1.497610e-01	2.146901e+00
1.553030e+01	5.023507e+00	1.346280e-01	2.181587e+00
1.785984e+01	5.491161e+00	1.209636e-01	2.236030e+00
2.053882e+01	5.989435e+00	1.081029e-01	2.312368e+00
2.361964e+01	6.506457e+00	9.785307e-02	2.412892e+00
2.716258e+01	7.028235e+00	8.825739e-02	2.540116e+00
3.123697e+01	7.585581e+00	7.834392e-02	2.696875e+00
3.592252e+01	8.082685e+00	6.968319e-02	2.886479e+00
4.131089e+01	8.566564e+00	6.216106e-02	3.112894e+00
4.750753e+01	9.024619e+00	5.589225e-02	3.381000e+00
5.463366e+01	9.413282e+00	5.020233e-02	3.696839e+00
6.282871e+01	9.799682e+00	4.438665e-02	4.067901e+00
7.225301e+01	1.009846e+01	3.929887e-02	4.503491e+00
8.309096e+01	1.032970e+01	3.493532e-02	5.015122e+00
9.555461e+01	1.049578e+01	3.098397e-02	5.617029e+00
1.098878e+02	1.064898e+01	2.758569e-02	6.326806e+00
1.263710e+02	1.078355e+01	2.448812e-02	7.166277e+00
1.453266e+02	1.082027e+01	2.182463e-02	8.161076e+00
1.671256e+02	1.169448e+01	1.937018e-02	9.352239e+00
1.921945e+02	1.139247e+01	1.711840e-02	1.079705e+01
2.210236e+02	1.102327e+01	1.532196e-02	1.252933e+01
2.541772e+02	1.063167e+01	1.371457e-02	1.462913e+01
2.923037e+02	1.024291e+01	1.212613e-02	1.717077e+01
3.361493e+02	9.851882e+00	1.070014e-02	2.022877e+01
3.865717e+02	9.409137e+00	9.419131e-03	2.392421e+01
4.445574e+02	8.961780e+00	8.389319e-03	2.841898e+01
5.112411e+02	8.514870e+00	7.481912e-03	3.391270e+01
5.879272e+02	8.076864e+00	6.592959e-03	4.065692e+01
6.761163e+02	7.651581e+00	5.808628e-03	4.897473e+01
7.775337e+02	7.224369e+00	5.103572e-03	5.927491e+01
8.941638e+02	6.794594e+00	4.510922e-03	7.207973e+01
1.028288e+03	6.364121e+00	3.961735e-03	8.806585e+01
1.182532e+03	5.939247e+00	3.493095e-03	1.081099e+02
1.359911e+03	5.525247e+00	3.105337e-03	1.333234e+02
1.563898e+03	5.135803e+00	2.739205e-03	1.650977e+02
1.798483e+03	4.757171e+00	2.418702e-03	2.052109e+02
2.068255e+03	4.390100e+00	2.125684e-03	2.560115e+02
2.378493e+03	4.039106e+00	1.895167e-03	3.205088e+02
2.735268e+03	3.706404e+00	1.685423e-03	4.025774e+02
3.145558e+03	3.393540e+00	1.471480e-03	5.071917e+02
3.617391e+03	3.101039e+00	1.286757e-03	6.407196e+02
4.160000e+03	2.827319e+00	1.133146e-03	8.113001e+02
4.784000e+03	2.573460e+00	1.004897e-03	1.029337e+03
5.501600e+03	2.340927e+00	8.916958e-04	1.308064e+03
6.326840e+03	2.128309e+00	7.770947e-04	1.664257e+03
7.275866e+03	1.934117e+00	6.781039e-04	2.119095e+03
8.367246e+03	1.758786e+00	5.948242e-04	2.699183e+03
9.622333e+03	1.601423e+00	5.194531e-04	3.437778e+03
