# Energy_MeV	dEdx_Elec_MeV_um	dEdx_Nucl_MeV_um	Range_um
1.000000e-05	2.619126e-03	4.468474e-02	4.700623e-03
1.150000e-05	2.834198e-03	4.904840e-02	5.040857e-03
1.322500e-05	3.064617e-03	5.352985e-02	5.405717e-03
1.520875e-05	3.311514e-03	5.851800e-02	5.796986e-03
1.749006e-05	3.576099e-03	6.382911e-02	6.216574e-03
2.011357e-05	3.859669e-03	6.945702e-02	6.666533e-03
2.313061e-05	4.163611e-03	7.573588e-02	7.149061e-03
2.660020e-05	4.489414e-03	8.217553e-02	7.666513e-03
3.059023e-05	4.838670e-03	8.917911e-02	8.221420e-03
3.517876e-05	5.213088e-03	9.645787e-02	8.816490e-03
4.045558e-05	5.614499e-03	1.045732e-01	9.454633e-03
4.652391e-05	6.044864e-03	1.129921e-01	1.013896e-02
5.350250e-05	6.506288e-03	1.220823e-01	1.087283e-02
6.152788e-05	7.001026e-03	1.315067e-01	1.165981e-02
7.075706e-05	7.531495e-03	1.412572e-01	1.250375e-02
8.137062e-05	8.100288e-03	1.520045e-01	1.340878e-02
9.357621e-05	8.710183e-03	1.628994e-01	1.437931e-02
1.076126e-04	9.364162e-03	1.745961e-01	1.542010e-02
1.237545e-04	1.006542e-02	1.866616e-01	1.653621e-02
1.423177e-04	1.081738e-02	1.992963e-01	1.773311e-02
1.636654e-04	1.162372e-02	2.120331e-01	1.901664e-02
1.882152e-04	1.248838e-02	2.250066e-01	2.039308e-02
2.164475e-04	1.341558e-02	2.385049e-01	2.186914e-02
2.489146e-04	1.440985e-02	2.520797e-01	2.345204e-02
2.862518e-04	1.547605e-02	2.662515e-01	2.514951e-02
3.291895e-04	1.661939e-02	2.791353e-01	2.696985e-02
3.785680e-04	1.784546e-02	2.930842e-01	2.892194e-02
4.353531e-04	1.916024e-02	3.073477e-01	3.101532e-02
5.006561e-04	2.057016e-02	3.203790e-01	3.326023e-02
5.757545e-04	2.208210e-02	3.349640e-01	3.566762e-02
6.621177e-04	2.370346e-02	3.464867e-01	3.824926e-02
7.614354e-04	2.544214e-02	3.593420e-01	4.101776e-02
8.756507e-04	2.730666e-02	3.717895e-01	4.398665e-02
1.006998e-03	2.930611e-02	3.827045e-01	4.717043e-02
1.158048e-03	3.145026e-02	3.947201e-01	5.058465e-02
1.331755e-03	3.374960e-02	4.041936e-01	5.424599e-02
1.531519e-03	3.621534e-02	4.139528e-01	5.817235e-02
1.761246e-03	3.885954e-02	4.223805e-01	6.238289e-02
2.025433e-03	4.169512e-02	4.298288e-01	6.689820e-02
2.329248e-03	4.473593e-02	4.372633e-01	7.174033e-02
2.678635e-03	4.799682e-02	4.428911e-01	7.693293e-02
3.080431e-03	5.149373e-02	4.481986e-01	8.246447e-02
3.542495e-03	5.524373e-02	4.520874e-01	8.845786e-02
4.073870e-03	5.926516e-02	4.558896e-01	9.487931e-02
4.684950e-03	6.357764e-02	4.584096e-01	1.017460e-01
5.387693e-03	6.820226e-02	4.603424e-01	1.091103e-01
6.195847e-03	7.316160e-02	4.610936e-01	1.170078e-01
7.125224e-03	7.847990e-02	4.606961e-01	1.254766e-01
8.194007e-03	8.418313e-02	4.596751e-01	1.345585e-01
9.423108e-03	9.029916e-02	4.573220e-01	1.442977e-01
1.083657e-02	9.685786e-02	4.540885e-01	1.547419e-01
1.246206e-02	1.038913e-01	4.496550e-01	1.659421e-01
1.433137e-02	1.114338e-01	4.440433e-01	1.779529e-01
1.648108e-02	1.195222e-01	4.372668e-01	1.908330e-01
1.895324e-02	1.281961e-01	4.293841e-01	2.046454e-01
2.179622e-02	1.374978e-01	4.202703e-01	2.194577e-01
2.506566e-02	1.474727e-01	4.101748e-01	2.353420e-01
2.882550e-02	1.581696e-01	3.988629e-01	2.523759e-01
3.314933e-02	1.696408e-01	3.872962e-01	2.706428e-01
3.812173e-02	1.819422e-01	3.742448e-01	2.902319e-01
4.383999e-02	1.951341e-01	3.602302e-01	3.112390e-01
5.041599e-02	2.092808e-01	3.461545e-01	3.337665e-01
5.797838e-02	2.244514e-01	3.303993e-01	3.579244e-01
6.667514e-02	2.407200e-01	3.162631e-01	3.838309e-01
7.667641e-02	2.581662e-01	3.003048e-01	4.116127e-01
8.817787e-02	2.768752e-01	2.842329e-01	4.414054e-01
1.014046e-01	2.969383e-01	2.688731e-01	4.733544e-01
1.166152e-01	3.184536e-01	2.519777e-01	5.076157e-01
1.341075e-01	3.415262e-01	2.370135e-01	5.443570e-01
1.542237e-01	3.662688e-01	2.213027e-01	5.837578e-01
1.773572e-01	3.928023e-01	2.066267e-01	6.260103e-01
2.039608e-01	4.212563e-01	1.926219e-01	6.713215e-01
2.345549e-01	4.517698e-01	1.780999e-01	7.199104e-01
2.697381e-01	4.844918e-01	1.652843e-01	7.720190e-01
3.101989e-01	5.195831e-01	1.526610e-01	8.279070e-01
3.567287e-01	5.572167e-01	1.412905e-01	8.882644e-01
4.102380e-01	5.975742e-01	1.294059e-01	9.537088e-01
4.717737e-01	6.408529e-01	1.198144e-01	1.024707e+00
5.425397e-01	6.872642e-01	1.107903e-01	1.101837e+00
6.239207e-01	7.370275e-01	1.023048e-01	1.156626e+00
7.175088e-01	7.903876e-01	9.377943e-02	1.191495e+00
8.251351e-01	8.615651e-01	8.420084e-02	1.226459e+00
9.489054e-01	9.475661e-01	7.588330e-02	1.259841e+00
1.091241e+00	1.038461e+00	6.770204e-02	1.291876e+00
1.254927e+00	1.140321e+00	6.088887e-02	1.322929e+00
1.443166e+00	1.253802e+00	5.466509e-02	1.353519e+00
1.659641e+00	1.376912e+00	4.934492e-02	1.384341e+00
1.908588e+00	1.514357e+00	4.452323e-02	1.416279e+00
2.194876e+00	1.659414e+00	4.001061e-02	1.450419e+00
2.524107e+00	1.813390e+00	3.605232e-02	1.488063e+00
2.902723e+00	1.976567e+00	3.222417e-02	1.530749e+00
3.338132e+00	2.121969e+00	2.922993e-02	1.580267e+00
3.838852e+00	2.278127e+00	2.612373e-02	1.638698e+00
4.414679e+00	2.444666e+00	2.334432e-02	1.708463e+00
5.076881e+00	2.603244e+00	2.098803e-02	1.792342e+00
5.838413e+00	2.757456e+00	1.849720e-02	1.893536e+00
6.714175e+00	2.878053e+00	1.677032e-02	2.015698e+00
7.721302e+00	2.995240e+00	1.488445e-02	2.162984e+00
8.879497e+00	3.083398e+00	1.325525e-02	2.340129e+00
1.021142e+01	3.160442e+00	1.186676e-02	2.552545e+00
1.174313e+01	3.232706e+00	1.041582e-02	2.806503e+00
1.350460e+01	3.272098e+00	9.321810e-03	3.109411e+00
1.553030e+01	3.304496e+00	8.241575e-03	3.470157e+00
1.785984e+01	3.315952e+00	7.339876e-03	3.899599e+00
2.053882e+01	3.311675e+00	6.546641e-03	4.411161e+00
2.361964e+01	3.297142e+00	5.776853e-03	5.021583e+00
2.716258e+01	3.258920e+00	5.157111e-03	5.751866e+00
3.123697e+01	3.209584e+00	4.582071e-03	6.628453e+00
3.592252e+01	3.143364e+00	4.098780e-03	7.684717e+00
4.131089e+01	3.067054e+00	3.615884e-03	8.962960e+00
4.750753e+01	2.979236e+00	3.221621e-03	1.051661e+01
5.463366e+01	2.878256e+00	2.831280e-03	1.241320e+01
6.282871e+01	2.847521e+00	2.518378e-03	1.474484e+01
7.225301e+01	2.677475e+00	2.239263e-03	1.765517e+01
8.309096e+01	2.497908e+00	1.968711e-03	2.126285e+01
9.555461e+01	2.321920e+00	1.751780e-03	2.576969e+01
1.098878e+02	2.155273e+00	1.534651e-03	3.141114e+01
1.263710e+02	2.003959e+00	1.356279e-03	3.844232e+01
1.453266e+02	1.852456e+00	1.190266e-03	4.722018e+01
1.671256e+02	1.706287e+00	1.052318e-03	5.824366e+01
1.921945e+02	1.567053e+00	9.310839e-04	7.214005e+01
2.210236e+02	1.435534e+00	8.205100e-04	8.971664e+01
2.541772e+02	1.311710e+00	7.274349e-04	1.120221e+02
2.923037e+02	1.195477e+00	6.386410e-04	1.404082e+02
3.361493e+02	1.086273e+00	5.709731e-04	1.766172e+02
3.865717e+02	9.841049e-01	5.015807e-04	2.229175e+02
4.445574e+02	8.890923e-01	4.417151e-04	2.822686e+02
5.112411e+02	8.017004e-01	3.912142e-04	3.584667e+02
5.879272e+02	7.231554e-01	3.393840e-04	4.563092e+02
6.761163e+02	6.513917e-01	3.038758e-04	5.818896e+02
7.775337e+02	5.859359e-01	2.657626e-04	7.432132e+02
8.941638e+02	5.265091e-01	2.336128e-04	9.505396e+02
1.028288e+03	4.727713e-01	2.062723e-04	1.217042e+03
1.182532e+03	4.242888e-01	1.784387e-04	1.559575e+03
1.359911e+03	3.807404e-01	1.574901e-04	1.999644e+03
1.563898e+03	3.417968e-01	1.373971e-04	2.564623e+03
1.798483e+03	3.070250e-01	1.207772e-04	3.289380e+03
2.068255e+03	2.759628e-01	1.063166e-04	4.218148e+03
2.378493e+03	2.483086e-01	9.258477e-05	5.406871e+03
2.735268e+03	2.237856e-01	8.152259e-05	6.926064e+03
3.145558e+03	2.020219e-01	7.158431e-05	8.864255e+03
3.617391e+03	1.827172e-01	6.318068e-05	1.133209e+04
4.160000e+03	1.656612e-01	5.494160e-05	1.446718e+04
4.784000e+03	1.506174e-01	0.000000e+00	1.843964e+04
5.501600e+03	1.373474e-01	0.000000e+00	2.345848e+04
6.326840e+03	1.256780e-01	0.000000e+00	2.977863e+04
7.275866e+03	1.154526e-01	0.000000e+00	3.770860e+04
8.367246e+03	1.064944e-01	0.000000e+00	4.761866e+04
9.622333e+03	9.866464e-02	0.000000e+00	5.994901e+04
