# Energy_MeV	dEdx_Elec_MeV_um	dEdx_Nucl_MeV_um	Range_um
1.000000e-05	2.190699e-03	2.523747e-02	1.167499e-02
1.150000e-05	2.356678e-03	2.712980e-02	1.252003e-02
1.322500e-05	2.534649e-03	2.901081e-02	1.342624e-02
1.520875e-05	2.725480e-03	3.107055e-02	1.439803e-02
1.749006e-05	2.930104e-03	3.319343e-02	1.544017e-02
2.011357e-05	3.149522e-03	3.533576e-02	1.655774e-02
2.313061e-05	3.384804e-03	3.755701e-02	1.775620e-02
2.660020e-05	3.637101e-03	3.981872e-02	1.904140e-02
3.059023e-05	3.907645e-03	4.217946e-02	2.041963e-02
3.517876e-05	4.197759e-03	4.454391e-02	2.189761e-02
4.045558e-05	4.508859e-03	4.675966e-02	2.348257e-02
4.652391e-05	4.842465e-03	4.912480e-02	2.518225e-02
5.350250e-05	5.200207e-03	5.167411e-02	2.700496e-02
6.152788e-05	5.583833e-03	5.387613e-02	2.895959e-02
7.075706e-05	5.995217e-03	5.624490e-02	3.105570e-02
8.137062e-05	6.436369e-03	5.841149e-02	3.330353e-02
9.357621e-05	6.909443e-03	6.054157e-02	3.571405e-02
1.076126e-04	7.416752e-03	6.288885e-02	3.829906e-02
1.237545e-04	7.960774e-03	6.473068e-02	4.107116e-02
1.423177e-04	8.544166e-03	6.670685e-02	4.404391e-02
1.636654e-04	9.169778e-03	6.853332e-02	4.723184e-02
1.882152e-04	9.840667e-03	7.020656e-02	5.065050e-02
2.164475e-04	1.056011e-02	7.179979e-02	5.431661e-02
2.489146e-04	1.133162e-02	7.309334e-02	5.824808e-02
2.862518e-04	1.215897e-02	7.446624e-02	6.246410e-02
3.291895e-04	1.304620e-02	7.553224e-02	6.698529e-02
3.785680e-04	1.399765e-02	7.646293e-02	7.183372e-02
4.353531e-04	1.501795e-02	7.723583e-02	7.703308e-02
5.006561e-04	1.611211e-02	7.795177e-02	8.260878e-02
5.757545e-04	1.728545e-02	7.853526e-02	8.858804e-02
6.621177e-04	1.854373e-02	7.883780e-02	9.500009e-02
7.614354e-04	1.989307e-02	7.907839e-02	1.018763e-01
8.756507e-04	2.134007e-02	7.910434e-02	1.092501e-01
1.006998e-03	2.289181e-02	7.899942e-02	1.171577e-01
1.158048e-03	2.455587e-02	7.873537e-02	1.255727e-01
1.331755e-03	2.634036e-02	7.820662e-02	1.347153e-01
1.531519e-03	2.825402e-02	7.755557e-02	1.444869e-01
1.761246e-03	3.030619e-02	7.670030e-02	1.549448e-01
2.025433e-03	3.250689e-02	7.562930e-02	1.661592e-01
2.329248e-03	3.486688e-02	7.438157e-02	1.781858e-01
2.678635e-03	3.739768e-02	7.291741e-02	1.910827e-01
3.080431e-03	4.011166e-02	7.127176e-02	2.049130e-01
3.542495e-03	4.302208e-02	6.943762e-02	2.197445e-01
4.073870e-03	4.614316e-02	6.752834e-02	2.356495e-01
4.684950e-03	4.949015e-02	6.539210e-02	2.527057e-01
5.387693e-03	5.307938e-02	6.298325e-02	2.709964e-01
6.195847e-03	5.692841e-02	6.068440e-02	2.906109e-01
7.125224e-03	6.105603e-02	5.810180e-02	3.116453e-01
8.194007e-03	6.548242e-02	5.562930e-02	3.342022e-01
9.423108e-03	7.022918e-02	5.302466e-02	3.583916e-01
1.083657e-02	7.531952e-02	5.009392e-02	3.843318e-01
1.246206e-02	8.077829e-02	4.758559e-02	4.121497e-01
1.433137e-02	8.663218e-02	4.478220e-02	4.419812e-01
1.648108e-02	9.290977e-02	4.209112e-02	4.739718e-01
1.895324e-02	9.964174e-02	3.945724e-02	5.082778e-01
2.179622e-02	1.068610e-01	3.679804e-02	5.450668e-01
2.506566e-02	1.146027e-01	3.443851e-02	5.845189e-01
2.882550e-02	1.229048e-01	3.185078e-02	6.268266e-01
3.314933e-02	1.318079e-01	2.958994e-02	6.721963e-01
3.812173e-02	1.413553e-01	2.743736e-02	7.208498e-01
4.383999e-02	1.515938e-01	2.539872e-02	7.730250e-01
5.041599e-02	1.625733e-01	2.331390e-02	8.289768e-01
5.797838e-02	1.743476e-01	2.145822e-02	8.889786e-01
6.667514e-02	1.869740e-01	2.003506e-02	9.533228e-01
7.667641e-02	2.005144e-01	1.843446e-02	1.022325e+00
8.817787e-02	2.150349e-01	1.680771e-02	1.096321e+00
1.014046e-01	2.306063e-01	1.522314e-02	1.175666e+00
1.166152e-01	2.473052e-01	1.377660e-02	1.260818e+00
1.341075e-01	2.652134e-01	1.249726e-02	1.352882e+00
1.542237e-01	2.844177e-01	1.117577e-02	1.452703e+00
1.773572e-01	3.050122e-01	9.992835e-03	1.561023e+00
2.039608e-01	3.270967e-01	9.031534e-03	1.669088e+00
2.345549e-01	3.507773e-01	8.137610e-03	1.738334e+00
2.697381e-01	3.761728e-01	7.325919e-03	1.822193e+00
3.101989e-01	4.033836e-01	6.574050e-03	1.907019e+00
3.567287e-01	4.328391e-01	5.897841e-03	1.992938e+00
4.102380e-01	4.607582e-01	5.354000e-03	2.080294e+00
4.717737e-01	4.879146e-01	4.801120e-03	2.169712e+00
5.425397e-01	5.154307e-01	4.240519e-03	2.262167e+00
6.239207e-01	5.380316e-01	3.845595e-03	2.359061e+00
7.175088e-01	5.608727e-01	3.421508e-03	2.462296e+00
8.251351e-01	5.805841e-01	3.070066e-03	2.574347e+00
9.489054e-01	5.967335e-01	2.753518e-03	2.698365e+00
1.091241e+00	6.114886e-01	2.412998e-03	2.838281e+00
1.254927e+00	6.163700e-01	2.182002e-03	2.998945e+00
1.443166e+00	6.212290e-01	1.931222e-03	3.186306e+00
1.659641e+00	6.253400e-01	1.712765e-03	3.407635e+00
1.908588e+00	6.244759e-01	1.526339e-03	3.671786e+00
2.194876e+00	6.207420e-01	1.348388e-03	3.989510e+00
2.524107e+00	6.123694e-01	1.209512e-03	4.373799e+00
2.902723e+00	6.018323e-01	1.063052e-03	4.840294e+00
3.338132e+00	5.883153e-01	9.479663e-04	5.407800e+00
3.838852e+00	5.723083e-01	8.475306e-04	6.098960e+00
4.414679e+00	5.538355e-01	7.553837e-04	6.941177e+00
5.076881e+00	5.333214e-01	6.675336e-04	7.967885e+00
5.838413e+00	5.108987e-01	5.895846e-04	9.220330e+00
6.714175e+00	4.865346e-01	5.269581e-04	1.075002e+01
7.721302e+00	4.614776e-01	4.655294e-04	1.262210e+01
8.879497e+00	4.342542e-01	4.142355e-04	1.492002e+01
1.021142e+01	4.075449e-01	3.645469e-04	1.775182e+01
1.174313e+01	3.814852e-01	3.212995e-04	2.125861e+01
1.350460e+01	3.560137e-01	2.863104e-04	2.562555e+01
1.553030e+01	3.289490e-01	2.513680e-04	3.109633e+01
1.785984e+01	3.002540e-01	2.206978e-04	3.799144e+01
2.053882e+01	2.747472e-01	1.954790e-04	4.672377e+01
2.361964e+01	2.560311e-01	1.727882e-04	5.788269e+01
2.716258e+01	2.329827e-01	1.523561e-04	7.229622e+01
3.123697e+01	2.099692e-01	1.342377e-04	9.078706e+01
3.592252e+01	1.885146e-01	1.182175e-04	1.146586e+02
4.131089e+01	1.696076e-01	1.058119e-04	1.454032e+02
4.750753e+01	1.529235e-01	9.330450e-05	1.847249e+02
5.463366e+01	1.374494e-01	8.091964e-05	2.349761e+02
6.282871e+01	1.233442e-01	7.247844e-05	2.992571e+02
7.225301e+01	1.105958e-01	6.339767e-05	3.814909e+02
8.309096e+01	9.912881e-02	5.611311e-05	4.866960e+02
9.555461e+01	8.878634e-02	4.968177e-05	6.213681e+02
1.098878e+02	7.952516e-02	0.000000e+00	7.938435e+02
1.263710e+02	7.118952e-02	0.000000e+00	1.014866e+03
1.453266e+02	6.367456e-02	0.000000e+00	1.298400e+03
1.671256e+02	5.692477e-02	0.000000e+00	1.662607e+03
1.921945e+02	5.088155e-02	0.000000e+00	2.130689e+03
2.210236e+02	4.557178e-02	0.000000e+00	2.731903e+03
2.541772e+02	4.080326e-02	0.000000e+00	3.503547e+03
2.923037e+02	3.652431e-02	0.000000e+00	4.494517e+03
3.361493e+02	3.269214e-02	0.000000e+00	5.767372e+03
3.865717e+02	2.926543e-02	0.000000e+00	7.402414e+03
4.445574e+02	2.620514e-02	0.000000e+00	9.502385e+03
5.112411e+02	2.347946e-02	0.000000e+00	1.219837e+04
5.879272e+02	2.105170e-02	0.000000e+00	1.565729e+04
6.761163e+02	1.889123e-02	0.000000e+00	2.009182e+04
7.775337e+02	1.697146e-02	0.000000e+00	2.577167e+04
8.941638e+02	1.526750e-02	0.000000e+00	3.303795e+04
1.028288e+03	1.375640e-02	0.000000e+00	4.232044e+04
1.182532e+03	1.241709e-02	0.000000e+00	5.415845e+04
1.359911e+03	1.123149e-02	0.000000e+00	6.922556e+04
1.563898e+03	1.018420e-02	0.000000e+00	8.835877e+04
1.798483e+03	9.260208e-03	0.000000e+00	1.125920e+05
2.068255e+03	8.445823e-03	0.000000e+00	1.431940e+05
2.378493e+03	7.729654e-03	0.000000e+00	1.817107e+05
2.735268e+03	7.101615e-03	0.000000e+00	2.300106e+05
3.145558e+03	6.552552e-03	0.000000e+00	2.903330e+05
3.617391e+03	6.074168e-03	0.000000e+00	3.653370e+05
4.160000e+03	5.658964e-03	0.000000e+00	4.581496e+05
4.784000e+03	5.300148e-03	0.000000e+00	5.724111e+05
5.501600e+03	4.991710e-03	0.000000e+00	7.123157e+05
6.326840e+03	4.728503e-03	0.000000e+00	8.826457e+05
7.275866e+03	4.505927e-03	0.000000e+00	1.088807e+06
8.367246e+03	4.319798e-03	0.000000e+00	1.336818e+06
9.622333e+03	4.159767e-03	0.000000e+00	1.633574e+06
