# Energy_MeV	dEdx_Elec_MeV_um	dEdx_Nucl_MeV_um	Range_um
1.000000e-05	6.545269e-03	3.221708e-02	3.055642e-03
1.150000e-05	7.019019e-03	3.410936e-02	3.276811e-03
1.322500e-05	7.527060e-03	3.758348e-02	3.513988e-03
1.520875e-05	8.071872e-03	4.173344e-02	3.768333e-03
1.749006e-05	8.656119e-03	4.623875e-02	4.041087e-03
2.011357e-05	9.282653e-03	5.135213e-02	4.333583e-03
2.313061e-05	9.954536e-03	5.701924e-02	4.647250e-03
2.660020e-05	1.067505e-02	6.318177e-02	4.983620e-03
3.059023e-05	1.144772e-02	7.001610e-02	5.344337e-03
3.517876e-05	1.227631e-02	7.752259e-02	5.731163e-03
4.045558e-05	1.316487e-02	8.576486e-02	6.145988e-03
4.652391e-05	1.411776e-02	9.475858e-02	6.590837e-03
5.350250e-05	1.513961e-02	1.046551e-01	7.067886e-03
6.152788e-05	1.623542e-02	1.156204e-01	7.579463e-03
7.075706e-05	1.741055e-02	1.276339e-01	8.128069e-03
8.137062e-05	1.867073e-02	1.403171e-01	8.716382e-03
9.357621e-05	2.002213e-02	1.543515e-01	9.347279e-03
1.076126e-04	2.147134e-02	1.703478e-01	1.002384e-02
1.237545e-04	2.302545e-02	1.872906e-01	1.074937e-02
1.423177e-04	2.469204e-02	2.059945e-01	1.152742e-02
1.636654e-04	2.647926e-02	2.255948e-01	1.236178e-02
1.882152e-04	2.839585e-02	2.471496e-01	1.325653e-02
2.164475e-04	3.045115e-02	2.716152e-01	1.421604e-02
2.489146e-04	3.265523e-02	2.972922e-01	1.524501e-02
2.862518e-04	3.501883e-02	3.255071e-01	1.634845e-02
3.291895e-04	3.755351e-02	3.556226e-01	1.753176e-02
3.785680e-04	4.027165e-02	3.882362e-01	1.880072e-02
4.353531e-04	4.318654e-02	4.232876e-01	2.016152e-02
5.006561e-04	4.631240e-02	4.602565e-01	2.162082e-02
5.757545e-04	4.966452e-02	5.011252e-01	2.318575e-02
6.621177e-04	5.325926e-02	5.443384e-01	2.486395e-02
7.614354e-04	5.711419e-02	5.898131e-01	2.666361e-02
8.756507e-04	6.124815e-02	6.370554e-01	2.859354e-02
1.006998e-03	6.568132e-02	6.901593e-01	3.066316e-02
1.158048e-03	7.043537e-02	7.470201e-01	3.288257e-02
1.331755e-03	7.553352e-02	8.055554e-01	3.526263e-02
1.531519e-03	8.100068e-02	8.670913e-01	3.781496e-02
1.761246e-03	8.686355e-02	9.294359e-01	4.055202e-02
2.025433e-03	9.315078e-02	9.992622e-01	4.348720e-02
2.329248e-03	9.989308e-02	1.072728e+00	4.663483e-02
2.678635e-03	1.071234e-01	1.147017e+00	5.001028e-02
3.080431e-03	1.148770e-01	1.225497e+00	5.363005e-02
3.542495e-03	1.231919e-01	1.306637e+00	5.751182e-02
4.073870e-03	1.321086e-01	1.389017e+00	6.167456e-02
4.684950e-03	1.416707e-01	1.471784e+00	6.613859e-02
5.387693e-03	1.519249e-01	1.557062e+00	7.092574e-02
6.195847e-03	1.629213e-01	1.645837e+00	7.605938e-02
7.125224e-03	1.747136e-01	1.734756e+00	8.156460e-02
8.194007e-03	1.873595e-01	1.816455e+00	8.746829e-02
9.423108e-03	2.009207e-01	1.900829e+00	9.379929e-02
1.083657e-02	2.154634e-01	1.994678e+00	1.005885e-01
1.246206e-02	2.310588e-01	2.079775e+00	1.078692e-01
1.433137e-02	2.477829e-01	2.165251e+00	1.156768e-01
1.648108e-02	2.657176e-01	2.240019e+00	1.239968e-01
1.895324e-02	2.849504e-01	2.314443e+00	1.330053e-01
2.179622e-02	3.055752e-01	2.395877e+00	1.426612e-01
2.506566e-02	3.276929e-01	2.465794e+00	1.529859e-01
2.882550e-02	3.514115e-01	2.533775e+00	1.640590e-01
3.314933e-02	3.768469e-01	2.594947e+00	1.759336e-01
3.812173e-02	4.041232e-01	2.651563e+00	1.886674e-01
4.383999e-02	4.333739e-01	2.702425e+00	2.023230e-01
5.041599e-02	4.647417e-01	2.745835e+00	2.169669e-01
5.797838e-02	4.983800e-01	2.788565e+00	2.326709e-01
6.667514e-02	5.344530e-01	2.824136e+00	2.495116e-01
7.667641e-02	5.731370e-01	2.852428e+00	2.675711e-01
8.817787e-02	6.146209e-01	2.872956e+00	2.869377e-01
1.014046e-01	6.591075e-01	2.894002e+00	3.077061e-01
1.166152e-01	7.068140e-01	2.910230e+00	3.299778e-01
1.341075e-01	7.579736e-01	2.917229e+00	3.538616e-01
1.542237e-01	8.128362e-01	2.918299e+00	3.794740e-01
1.773572e-01	8.716697e-01	2.910913e+00	4.069402e-01
2.039608e-01	9.347616e-01	2.900765e+00	4.363945e-01
2.345549e-01	1.002420e+00	2.884148e+00	4.679808e-01
2.697381e-01	1.074976e+00	2.858382e+00	5.018533e-01
3.101989e-01	1.152783e+00	2.826072e+00	5.381773e-01
3.567287e-01	1.236222e+00	2.786099e+00	5.771305e-01
4.102380e-01	1.325701e+00	2.738939e+00	6.189034e-01
4.717737e-01	1.421656e+00	2.684766e+00	6.636998e-01
5.425397e-01	1.524556e+00	2.622995e+00	7.117385e-01
6.239207e-01	1.634904e+00	2.554498e+00	7.632541e-01
7.175088e-01	1.753239e+00	2.479892e+00	8.184984e-01
8.251351e-01	1.880139e+00	2.403184e+00	8.777418e-01
9.489054e-01	2.016225e+00	2.319224e+00	9.412729e-01
1.091241e+00	2.162160e+00	2.225277e+00	1.009403e+00
1.254927e+00	2.318659e+00	2.132174e+00	1.082462e+00
1.443166e+00	2.486484e+00	2.033994e+00	1.160813e+00
1.659641e+00	2.660690e+00	1.941108e+00	1.244842e+00
1.908588e+00	2.824247e+00	1.843682e+00	1.335575e+00
2.194876e+00	2.995226e+00	1.736660e+00	1.433955e+00
2.524107e+00	3.173013e+00	1.637063e+00	1.540680e+00
2.902723e+00	3.356601e+00	1.535349e+00	1.656619e+00
3.338132e+00	3.544476e+00	1.437721e+00	1.782766e+00
3.838852e+00	3.734478e+00	1.341941e+00	1.920296e+00
4.414679e+00	3.923674e+00	1.250006e+00	2.070615e+00
5.076881e+00	4.108240e+00	1.164030e+00	2.235425e+00
5.838413e+00	4.283411e+00	1.075430e+00	2.416817e+00
6.714175e+00	2.349620e+00	9.926303e-01	2.617388e+00
7.721302e+00	2.586716e+00	9.174351e-01	2.840388e+00
8.879497e+00	2.842842e+00	8.503641e-01	3.089919e+00
1.021142e+01	3.129224e+00	7.768130e-01	3.371178e+00
1.174313e+01	3.436490e+00	7.131126e-01	3.690760e+00
1.350460e+01	3.772857e+00	6.674870e-01	4.057047e+00
1.553030e+01	4.139809e+00	6.183835e-01	4.480699e+00
1.785984e+01	4.504780e+00	5.619237e-01	4.975287e+00
2.053882e+01	4.908275e+00	4.969949e-01	4.897538e+00
2.361964e+01	5.354355e+00	4.407484e-01	4.635918e+00
2.716258e+01	5.824883e+00	3.986206e-01	4.436632e+00
3.123697e+01	6.326628e+00	3.589964e-01	4.294566e+00
3.592252e+01	6.854691e+00	3.233163e-01	4.205843e+00
4.131089e+01	7.444088e+00	2.910278e-01	4.167619e+00
4.750753e+01	8.083731e+00	2.629044e-01	4.177944e+00
5.463366e+01	8.791232e+00	2.367567e-01	4.235594e+00
6.282871e+01	9.584275e+00	2.118064e-01	4.340358e+00
7.225301e+01	1.040395e+01	1.899496e-01	4.492831e+00
8.309096e+01	1.129224e+01	1.723211e-01	4.694649e+00
9.555461e+01	1.219124e+01	1.552680e-01	4.948658e+00
1.098878e+02	1.307986e+01	1.370764e-01	5.259105e+00
1.263710e+02	1.401737e+01	1.224463e-01	5.631846e+00
1.453266e+02	1.479912e+01	1.090113e-01	6.074590e+00
1.671256e+02	1.556021e+01	9.835054e-02	6.597184e+00
1.921945e+02	1.616877e+01	8.821835e-02	7.211941e+00
2.210236e+02	1.680136e+01	7.755010e-02	7.934238e+00
2.541772e+02	1.747845e+01	6.904676e-02	8.782762e+00
2.923037e+02	1.791824e+01	6.118180e-02	9.780354e+00
3.361493e+02	2.027890e+01	5.434762e-02	1.095892e+01
3.865717e+02	2.020927e+01	4.824016e-02	1.237630e+01
4.445574e+02	1.996879e+01	4.291194e-02	1.405627e+01
5.112411e+02	1.968929e+01	3.835358e-02	1.606205e+01
5.879272e+02	1.931300e+01	3.389460e-02	1.845782e+01
6.761163e+02	1.893229e+01	3.002544e-02	2.129660e+01
7.775337e+02	1.838605e+01	2.679336e-02	2.466360e+01
8.941638e+02	1.779965e+01	2.412056e-02	2.868779e+01
1.028288e+03	1.719437e+01	2.120684e-02	3.352002e+01
1.182532e+03	1.658590e+01	1.860048e-02	3.934755e+01
1.359911e+03	1.600736e+01	1.649747e-02	4.640741e+01
1.563898e+03	1.540332e+01	1.463807e-02	5.499574e+01
1.798483e+03	1.476649e+01	1.314925e-02	6.548380e+01
2.068255e+03	1.410171e+01	1.151999e-02	7.834680e+01
2.378493e+03	1.341468e+01	1.008802e-02	9.419587e+01
2.735268e+03	1.272121e+01	8.933737e-03	1.137975e+02
3.145558e+03	1.205288e+01	7.858989e-03	1.380964e+02
3.617391e+03	1.138316e+01	6.931385e-03	1.682755e+02
4.160000e+03	1.071410e+01	6.109367e-03	2.058986e+02
4.784000e+03	1.004940e+01	5.424646e-03	2.529576e+02
5.501600e+03	9.393652e+00	4.794691e-03	3.120032e+02
6.326840e+03	8.754593e+00	4.210653e-03	3.862939e+02
7.275866e+03	8.139608e+00	3.718675e-03	4.799893e+02
8.367246e+03	7.549637e+00	3.328773e-03	5.983917e+02
9.622333e+03	6.985850e+00	2.953913e-03	7.482781e+02
