# Energy_MeV	dEdx_Elec_MeV_um	dEdx_Nucl_MeV_um	Range_um
1.000000e-05	6.465831e-03	3.328709e-02	3.093183e-03
1.150000e-05	6.933831e-03	3.693467e-02	3.317069e-03
1.322500e-05	7.435706e-03	4.092989e-02	3.557161e-03
1.520875e-05	7.973906e-03	4.548655e-02	3.814630e-03
1.749006e-05	8.551062e-03	5.046730e-02	4.090735e-03
2.011357e-05	9.169992e-03	5.593240e-02	4.386824e-03
2.313061e-05	9.833721e-03	6.195547e-02	4.704345e-03
2.660020e-05	1.054549e-02	6.857820e-02	5.044848e-03
3.059023e-05	1.130878e-02	7.588714e-02	5.409997e-03
3.517876e-05	1.212731e-02	8.381328e-02	5.801575e-03
4.045558e-05	1.300510e-02	9.259930e-02	6.221496e-03
4.652391e-05	1.394641e-02	1.022554e-01	6.671812e-03
5.350250e-05	1.495586e-02	1.127643e-01	7.154721e-03
6.152788e-05	1.603837e-02	1.239840e-01	7.672583e-03
7.075706e-05	1.719924e-02	1.364858e-01	8.227929e-03
8.137062e-05	1.844413e-02	1.505134e-01	8.823471e-03
9.357621e-05	1.977912e-02	1.654962e-01	9.462118e-03
1.076126e-04	2.121075e-02	1.818697e-01	1.014699e-02
1.237545e-04	2.274599e-02	1.991841e-01	1.088144e-02
1.423177e-04	2.439236e-02	2.183836e-01	1.166904e-02
1.636654e-04	2.615789e-02	2.397953e-01	1.251365e-02
1.882152e-04	2.805121e-02	2.624841e-01	1.341940e-02
2.164475e-04	3.008158e-02	2.872606e-01	1.439070e-02
2.489146e-04	3.225890e-02	3.139145e-01	1.543231e-02
2.862518e-04	3.459381e-02	3.425983e-01	1.654930e-02
3.291895e-04	3.709773e-02	3.732389e-01	1.774715e-02
3.785680e-04	3.978288e-02	4.059638e-01	1.903170e-02
4.353531e-04	4.266239e-02	4.417799e-01	2.040922e-02
5.006561e-04	4.575032e-02	4.799928e-01	2.188645e-02
5.757545e-04	4.906175e-02	5.195621e-01	2.347061e-02
6.621177e-04	5.261287e-02	5.612981e-01	2.516942e-02
7.614354e-04	5.642101e-02	6.086204e-01	2.699120e-02
8.756507e-04	6.050480e-02	6.579443e-01	2.894484e-02
1.006998e-03	6.488416e-02	7.095929e-01	3.103988e-02
1.158048e-03	6.958051e-02	7.628192e-01	3.328656e-02
1.331755e-03	7.461679e-02	8.177565e-01	3.569586e-02
1.531519e-03	8.001759e-02	8.799807e-01	3.827955e-02
1.761246e-03	8.580931e-02	9.434085e-01	4.105024e-02
2.025433e-03	9.202023e-02	1.008835e+00	4.402148e-02
2.329248e-03	9.868070e-02	1.077012e+00	4.720778e-02
2.678635e-03	1.058233e-01	1.147264e+00	5.062470e-02
3.080431e-03	1.134828e-01	1.219929e+00	5.428894e-02
3.542495e-03	1.216968e-01	1.291557e+00	5.821840e-02
4.073870e-03	1.305052e-01	1.366926e+00	6.243228e-02
4.684950e-03	1.399513e-01	1.443570e+00	6.695116e-02
5.387693e-03	1.500810e-01	1.519044e+00	7.179713e-02
6.195847e-03	1.609440e-01	1.590366e+00	7.699384e-02
7.125224e-03	1.725932e-01	1.665469e+00	8.256669e-02
8.194007e-03	1.850856e-01	1.745465e+00	8.854291e-02
9.423108e-03	1.984821e-01	1.819512e+00	9.495170e-02
1.083657e-02	2.128484e-01	1.891972e+00	1.018244e-01
1.246206e-02	2.282545e-01	1.956756e+00	1.091945e-01
1.433137e-02	2.447756e-01	2.022973e+00	1.170382e-01
1.648108e-02	2.624926e-01	2.091713e+00	1.255611e-01
1.895324e-02	2.814920e-01	2.152156e+00	1.346660e-01
2.179622e-02	3.018665e-01	2.210001e+00	1.444132e-01
2.506566e-02	3.237158e-01	2.263201e+00	1.548653e-01
2.882550e-02	3.471465e-01	2.311386e+00	1.660745e-01
3.314933e-02	3.722732e-01	2.353860e+00	1.780947e-01
3.812173e-02	3.992185e-01	2.391548e+00	1.909850e-01
4.383999e-02	4.281141e-01	2.427444e+00	2.048084e-01
5.041599e-02	4.591013e-01	2.458096e+00	2.196324e-01
5.797838e-02	4.923312e-01	2.480978e+00	2.355292e-01
6.667514e-02	5.279664e-01	2.498398e+00	2.525767e-01
7.667641e-02	5.661809e-01	2.517153e+00	2.708580e-01
8.817787e-02	6.071614e-01	2.529271e+00	2.904627e-01
1.014046e-01	6.511081e-01	2.534621e+00	3.114864e-01
1.166152e-01	6.982356e-01	2.533891e+00	3.340316e-01
1.341075e-01	7.487743e-01	2.526665e+00	3.582087e-01
1.542237e-01	8.029710e-01	2.517622e+00	3.841358e-01
1.773572e-01	8.610904e-01	2.501339e+00	4.119396e-01
2.039608e-01	9.234166e-01	2.477977e+00	4.417558e-01
2.345549e-01	9.902540e-01	2.448632e+00	4.737300e-01
2.697381e-01	1.061929e+00	2.412688e+00	5.080185e-01
3.101989e-01	1.138792e+00	2.370605e+00	5.447890e-01
3.567287e-01	1.221218e+00	2.322461e+00	5.842210e-01
4.102380e-01	1.309611e+00	2.267437e+00	6.265070e-01
4.717737e-01	1.404401e+00	2.207130e+00	6.718535e-01
5.425397e-01	1.506053e+00	2.142231e+00	7.204823e-01
6.239207e-01	1.615061e+00	2.074557e+00	7.726311e-01
7.175088e-01	1.731960e+00	1.999777e+00	8.285545e-01
8.251351e-01	1.857321e+00	1.918473e+00	8.885252e-01
9.489054e-01	1.991754e+00	1.836687e+00	9.528371e-01
1.091241e+00	2.135919e+00	1.752398e+00	1.021804e+00
1.254927e+00	2.290518e+00	1.671179e+00	1.095754e+00
1.443166e+00	2.445899e+00	1.584449e+00	1.175131e+00
1.659641e+00	2.595819e+00	1.492916e+00	1.260977e+00
1.908588e+00	2.752384e+00	1.406075e+00	1.354055e+00
2.194876e+00	2.914971e+00	1.318547e+00	1.455063e+00
2.524107e+00	3.082578e+00	1.233039e+00	1.564822e+00
2.902723e+00	3.253718e+00	1.150469e+00	1.684291e+00
3.338132e+00	3.426293e+00	1.072350e+00	1.814604e+00
3.838852e+00	3.597478e+00	9.971200e-01	1.957119e+00
4.414679e+00	1.903081e+00	9.212628e-01	2.113490e+00
5.076881e+00	2.087378e+00	8.490019e-01	2.285749e+00
5.838413e+00	2.289555e+00	7.858116e-01	2.476426e+00
6.714175e+00	2.515894e+00	7.274828e-01	2.688696e+00
7.721302e+00	2.755133e+00	6.619389e-01	2.926567e+00
8.879497e+00	3.022312e+00	6.114595e-01	3.195120e+00
1.021142e+01	3.313518e+00	5.723323e-01	3.500804e+00
1.174313e+01	3.625180e+00	5.285728e-01	3.851819e+00
1.350460e+01	3.969804e+00	4.782599e-01	4.170549e+00
1.553030e+01	4.303249e+00	4.204001e-01	3.962961e+00
1.785984e+01	4.680443e+00	3.759847e-01	3.796056e+00
2.053882e+01	5.103838e+00	3.392275e-01	3.668401e+00
2.361964e+01	5.545368e+00	3.059162e-01	3.578953e+00
2.716258e+01	6.033062e+00	2.758915e-01	3.527075e+00
3.123697e+01	6.559597e+00	2.478380e-01	3.512506e+00
3.592252e+01	7.140444e+00	2.243750e-01	3.535305e+00
4.131089e+01	7.776200e+00	2.011546e-01	3.595959e+00
4.750753e+01	8.458772e+00	1.803725e-01	3.695376e+00
5.463366e+01	9.213021e+00	1.622543e-01	3.834941e+00
6.282871e+01	9.976078e+00	1.470815e-01	4.016703e+00
7.225301e+01	1.075805e+01	1.319155e-01	4.243560e+00
8.309096e+01	1.155838e+01	1.167351e-01	4.519478e+00
9.555461e+01	1.228784e+01	1.042138e-01	4.849723e+00
1.098878e+02	1.303931e+01	9.301192e-02	5.241124e+00
1.263710e+02	1.368876e+01	8.388363e-02	5.702329e+00
1.453266e+02	1.424198e+01	7.487312e-02	6.244222e+00
1.671256e+02	1.471924e+01	6.598869e-02	6.880265e+00
1.921945e+02	1.519398e+01	5.872204e-02	7.627074e+00
2.210236e+02	1.565542e+01	5.207194e-02	8.505221e+00
2.541772e+02	1.596303e+01	4.615857e-02	9.538191e+00
2.923037e+02	1.779270e+01	4.097603e-02	1.076636e+01
3.361493e+02	1.759717e+01	3.654797e-02	1.224464e+01
3.865717e+02	1.728782e+01	3.259643e-02	1.399886e+01
4.445574e+02	1.692092e+01	2.882962e-02	1.610421e+01
5.112411e+02	1.652922e+01	2.548481e-02	1.862379e+01
5.879272e+02	1.609856e+01	2.281342e-02	2.161710e+01
6.761163e+02	1.555646e+01	2.051040e-02	2.518950e+01
7.775337e+02	1.499429e+01	1.791385e-02	2.948059e+01
8.941638e+02	1.442074e+01	1.582295e-02	3.465988e+01
1.028288e+03	1.385461e+01	1.397561e-02	4.093820e+01
1.182532e+03	1.330668e+01	1.246302e-02	4.858408e+01
1.359911e+03	1.273763e+01	1.117501e-02	5.793306e+01
1.563898e+03	1.214665e+01	9.737300e-03	6.940985e+01
1.798483e+03	1.153598e+01	8.587793e-03	8.356095e+01
2.068255e+03	1.091709e+01	7.563239e-03	1.010889e+02
2.378493e+03	1.029983e+01	6.674964e-03	1.228741e+02
2.735268e+03	9.710028e+00	5.894011e-03	1.500063e+02
3.145558e+03	9.119547e+00	5.188804e-03	1.838712e+02
3.617391e+03	8.530920e+00	4.616708e-03	2.262965e+02
4.160000e+03	7.955000e+00	4.058440e-03	2.796117e+02
4.784000e+03	7.396978e+00	3.577696e-03	3.468054e+02
5.501600e+03	6.858582e+00	3.168749e-03	4.317037e+02
6.326840e+03	6.343202e+00	2.834364e-03	5.391945e+02
7.275866e+03	5.853167e+00	2.500885e-03	6.755206e+02
8.367246e+03	5.390033e+00	2.175174e-03	8.486626e+02
9.622333e+03	4.954688e+00	1.913903e-03	1.068781e+03
