# Energy_MeV	dEdx_Elec_MeV_um	dEdx_Nucl_MeV_um	Range_um
1.000000e-05	6.876928e-03	3.623765e-02	2.908275e-03
1.150000e-05	7.374684e-03	4.018986e-02	3.118778e-03
1.322500e-05	7.908468e-03	4.465638e-02	3.344516e-03
1.520875e-05	8.480887e-03	4.950781e-02	3.586594e-03
1.749006e-05	9.094738e-03	5.487878e-02	3.846194e-03
2.011357e-05	9.753020e-03	6.076496e-02	4.124583e-03
2.313061e-05	1.045895e-02	6.723463e-02	4.423123e-03
2.660020e-05	1.121597e-02	7.435245e-02	4.743271e-03
3.059023e-05	1.202779e-02	8.211021e-02	5.086591e-03
3.517876e-05	1.289837e-02	9.073596e-02	5.454762e-03
4.045558e-05	1.383196e-02	1.001671e-01	5.849580e-03
4.652391e-05	1.483312e-02	1.102961e-01	6.272976e-03
5.350250e-05	1.590675e-02	1.212896e-01	6.727017e-03
6.152788e-05	1.705809e-02	1.337232e-01	7.213922e-03
7.075706e-05	1.829277e-02	1.472411e-01	7.736070e-03
8.137062e-05	1.961681e-02	1.619068e-01	8.296010e-03
9.357621e-05	2.103668e-02	1.776319e-01	8.896480e-03
1.076126e-04	2.255933e-02	1.945441e-01	9.540412e-03
1.237545e-04	2.419218e-02	2.136385e-01	1.023095e-02
1.423177e-04	2.594323e-02	2.341856e-01	1.097147e-02
1.636654e-04	2.782101e-02	2.563510e-01	1.176559e-02
1.882152e-04	2.983471e-02	2.803043e-01	1.261719e-02
2.164475e-04	3.199416e-02	3.062597e-01	1.353043e-02
2.489146e-04	3.430992e-02	3.341570e-01	1.450977e-02
2.862518e-04	3.679329e-02	3.635564e-01	1.556000e-02
3.291895e-04	3.945640e-02	3.956511e-01	1.668624e-02
3.785680e-04	4.231228e-02	4.301341e-01	1.789400e-02
4.353531e-04	4.537487e-02	4.669178e-01	1.918918e-02
5.006561e-04	4.865912e-02	5.047167e-01	2.057810e-02
5.757545e-04	5.218110e-02	5.458223e-01	2.206755e-02
6.621177e-04	5.595799e-02	5.915316e-01	2.366481e-02
7.614354e-04	6.000826e-02	6.385772e-01	2.537769e-02
8.756507e-04	6.435169e-02	6.883798e-01	2.721454e-02
1.006998e-03	6.900950e-02	7.387600e-01	2.918434e-02
1.158048e-03	7.400444e-02	7.928509e-01	3.129672e-02
1.331755e-03	7.936092e-02	8.523413e-01	3.356199e-02
1.531519e-03	8.510511e-02	9.125037e-01	3.599122e-02
1.761246e-03	9.126506e-02	9.756706e-01	3.859629e-02
2.025433e-03	9.787088e-02	1.040800e+00	4.138991e-02
2.329248e-03	1.049548e-01	1.107545e+00	4.438573e-02
2.678635e-03	1.125515e-01	1.175615e+00	4.759839e-02
3.080431e-03	1.206980e-01	1.244190e+00	5.104359e-02
3.542495e-03	1.294342e-01	1.316266e+00	5.473815e-02
4.073870e-03	1.388028e-01	1.388886e+00	5.870013e-02
4.684950e-03	1.488494e-01	1.458044e+00	6.294888e-02
5.387693e-03	1.596232e-01	1.525857e+00	6.750515e-02
6.195847e-03	1.711768e-01	1.600447e+00	7.239121e-02
7.125224e-03	1.835666e-01	1.672920e+00	7.763092e-02
8.194007e-03	1.968533e-01	1.742725e+00	8.324989e-02
9.423108e-03	2.111016e-01	1.807655e+00	8.927556e-02
1.083657e-02	2.263813e-01	1.868165e+00	9.573737e-02
1.246206e-02	2.427669e-01	1.933907e+00	1.026421e-01
1.433137e-02	2.603385e-01	1.994755e+00	1.101012e-01
1.648108e-02	2.791819e-01	2.050878e+00	1.180688e-01
1.895324e-02	2.993892e-01	2.103184e+00	1.266158e-01
2.179622e-02	3.210592e-01	2.151767e+00	1.357797e-01
2.506566e-02	3.442976e-01	2.196003e+00	1.456074e-01
2.882550e-02	3.692181e-01	2.233295e+00	1.561463e-01
3.314933e-02	3.959423e-01	2.268721e+00	1.674481e-01
3.812173e-02	4.246008e-01	2.300158e+00	1.795679e-01
4.383999e-02	4.553336e-01	2.326450e+00	1.925649e-01
5.041599e-02	4.882909e-01	2.345546e+00	2.065026e-01
5.797838e-02	5.236337e-01	2.362095e+00	2.214492e-01
6.667514e-02	5.615345e-01	2.377856e+00	2.374776e-01
7.667641e-02	6.021787e-01	2.386533e+00	2.546662e-01
8.817787e-02	6.457647e-01	2.389918e+00	2.730988e-01
1.014046e-01	6.925055e-01	2.386590e+00	2.928656e-01
1.166152e-01	7.426294e-01	2.378976e+00	3.140632e-01
1.341075e-01	7.963813e-01	2.368058e+00	3.367951e-01
1.542237e-01	8.540238e-01	2.350082e+00	3.611723e-01
1.773572e-01	9.158385e-01	2.326057e+00	3.873138e-01
2.039608e-01	9.821274e-01	2.296024e+00	4.153476e-01
2.345549e-01	1.053214e+00	2.259938e+00	4.454106e-01
2.697381e-01	1.129447e+00	2.218094e+00	4.776495e-01
3.101989e-01	1.211196e+00	2.170288e+00	5.122217e-01
3.567287e-01	1.298864e+00	2.116458e+00	5.492962e-01
4.102380e-01	1.392876e+00	2.057390e+00	5.890545e-01
4.717737e-01	1.493693e+00	1.995492e+00	6.316905e-01
5.425397e-01	1.601807e+00	1.929603e+00	6.774124e-01
6.239207e-01	1.717747e+00	1.855220e+00	7.264435e-01
7.175088e-01	1.842078e+00	1.779077e+00	7.790235e-01
8.251351e-01	1.975409e+00	1.700200e+00	8.354091e-01
9.489054e-01	2.118390e+00	1.622541e+00	8.958809e-01
1.091241e+00	2.271720e+00	1.545087e+00	9.607045e-01
1.254927e+00	2.419383e+00	1.458851e+00	1.030401e+00
1.443166e+00	2.567107e+00	1.375415e+00	1.105892e+00
1.659641e+00	2.721172e+00	1.292919e+00	1.187741e+00
1.908588e+00	2.880883e+00	1.211944e+00	1.276598e+00
2.194876e+00	3.045151e+00	1.132473e+00	1.373191e+00
2.524107e+00	3.212384e+00	1.054617e+00	1.478383e+00
2.902723e+00	3.380363e+00	9.833277e-01	1.593196e+00
3.338132e+00	3.546133e+00	9.112528e-01	1.718861e+00
3.838852e+00	3.705921e+00	8.419377e-01	1.856877e+00
4.414679e+00	2.026608e+00	7.771293e-01	2.009097e+00
5.076881e+00	2.229372e+00	7.200403e-01	2.177830e+00
5.838413e+00	2.456332e+00	6.628318e-01	2.365983e+00
6.714175e+00	2.702341e+00	6.057560e-01	2.577224e+00
7.721302e+00	2.971876e+00	5.626458e-01	2.816211e+00
8.879497e+00	3.272209e+00	5.242170e-01	3.088857e+00
1.021142e+01	3.584341e+00	4.806635e-01	3.402684e+00
1.174313e+01	3.923317e+00	4.305769e-01	3.373899e+00
1.350460e+01	4.268668e+00	3.805309e-01	3.228198e+00
1.553030e+01	4.656315e+00	3.414672e-01	3.113223e+00
1.785984e+01	5.096320e+00	3.078798e-01	3.028523e+00
2.053882e+01	5.547832e+00	2.772232e-01	2.973888e+00
2.361964e+01	6.054797e+00	2.498230e-01	2.949358e+00
2.716258e+01	6.614551e+00	2.253400e-01	2.955229e+00
3.123697e+01	7.216027e+00	2.033501e-01	2.991965e+00
3.592252e+01	7.885545e+00	1.822586e-01	3.060481e+00
4.131089e+01	8.594612e+00	1.630227e-01	3.161909e+00
4.750753e+01	9.357815e+00	1.472576e-01	3.297833e+00
5.463366e+01	1.015795e+01	1.333302e-01	3.470428e+00
6.282871e+01	1.092573e+01	1.182653e-01	3.682633e+00
7.225301e+01	1.173420e+01	1.052216e-01	3.938352e+00
8.309096e+01	1.246611e+01	9.381376e-02	4.242670e+00
9.555461e+01	1.318563e+01	8.419518e-02	4.602088e+00
1.098878e+02	1.386953e+01	7.591622e-02	5.024797e+00
1.263710e+02	1.437125e+01	6.696178e-02	5.521029e+00
1.453266e+02	1.487187e+01	5.937749e-02	6.103417e+00
1.671256e+02	1.538146e+01	5.276814e-02	6.787426e+00
1.921945e+02	1.581437e+01	4.686984e-02	7.592693e+00
2.210236e+02	1.616944e+01	4.162706e-02	8.540329e+00
2.541772e+02	1.712826e+01	3.686100e-02	9.674604e+00
2.923037e+02	1.685563e+01	3.295983e-02	1.103611e+01
3.361493e+02	1.654671e+01	2.924594e-02	1.265511e+01
3.865717e+02	1.613610e+01	2.591449e-02	1.460160e+01
4.445574e+02	1.575903e+01	2.305084e-02	1.692917e+01
5.112411e+02	1.528718e+01	2.069524e-02	1.969585e+01
5.879272e+02	1.474399e+01	1.842455e-02	2.300953e+01
6.761163e+02	1.418693e+01	1.614840e-02	2.699924e+01
7.775337e+02	1.362142e+01	1.426477e-02	3.182594e+01
8.941638e+02	1.307315e+01	1.262951e-02	3.769076e+01
1.028288e+03	1.253012e+01	1.129559e-02	4.484975e+01
1.182532e+03	1.196706e+01	1.002557e-02	5.362264e+01
1.359911e+03	1.138638e+01	8.770629e-03	6.441706e+01
1.563898e+03	1.078663e+01	7.733796e-03	7.775909e+01
1.798483e+03	1.018623e+01	6.815154e-03	9.432163e+01
2.068255e+03	9.596493e+00	5.996743e-03	1.149447e+02
2.378493e+03	9.025970e+00	5.293066e-03	1.406699e+02
2.735268e+03	8.457286e+00	4.687463e-03	1.728459e+02
3.145558e+03	7.893357e+00	4.154644e-03	2.132334e+02
3.617391e+03	7.345041e+00	3.656134e-03	2.640816e+02
4.160000e+03	6.815716e+00	3.210715e-03	3.282741e+02
4.784000e+03	6.307226e+00	2.859699e-03	4.095048e+02
5.501600e+03	5.822364e+00	2.554953e-03	5.124898e+02
6.326840e+03	5.362650e+00	2.223507e-03	6.432590e+02
7.275866e+03	4.929744e+00	1.947867e-03	8.095138e+02
8.367246e+03	4.524698e+00	1.711691e-03	1.021051e+03
9.622333e+03	4.148150e+00	1.517436e-03	1.290296e+03
