# Energy_MeV	dEdx_Elec_MeV_um	dEdx_Nucl_MeV_um	Range_um
1.000000e-05	6.871575e-03	3.321787e-02	2.910541e-03
1.150000e-05	7.368943e-03	3.490191e-02	3.121207e-03
1.322500e-05	7.902311e-03	3.824359e-02	3.347122e-03
1.520875e-05	8.474285e-03	4.247991e-02	3.589388e-03
1.749006e-05	9.087658e-03	4.707124e-02	3.849190e-03
2.011357e-05	9.745428e-03	5.224226e-02	4.127797e-03
2.313061e-05	1.045081e-02	5.803720e-02	4.426569e-03
2.660020e-05	1.120724e-02	6.431398e-02	4.746966e-03
3.059023e-05	1.201843e-02	7.128621e-02	5.090554e-03
3.517876e-05	1.288833e-02	7.892241e-02	5.459011e-03
4.045558e-05	1.382119e-02	8.733551e-02	5.854137e-03
4.652391e-05	1.482158e-02	9.652527e-02	6.277863e-03
5.350250e-05	1.589437e-02	1.065871e-01	6.732258e-03
6.152788e-05	1.704481e-02	1.177825e-01	7.219542e-03
7.075706e-05	1.827853e-02	1.300076e-01	7.742097e-03
8.137062e-05	1.960154e-02	1.430934e-01	8.302474e-03
9.357621e-05	2.102031e-02	1.573027e-01	8.903411e-03
1.076126e-04	2.254177e-02	1.735923e-01	9.547845e-03
1.237545e-04	2.417335e-02	1.909934e-01	1.023892e-02
1.423177e-04	2.592303e-02	2.099882e-01	1.098002e-02
1.636654e-04	2.779935e-02	2.302403e-01	1.177476e-02
1.882152e-04	2.981149e-02	2.520617e-01	1.262702e-02
2.164475e-04	3.196926e-02	2.770768e-01	1.354098e-02
2.489146e-04	3.428321e-02	3.034178e-01	1.452108e-02
2.862518e-04	3.676465e-02	3.321323e-01	1.557212e-02
3.291895e-04	3.942569e-02	3.630395e-01	1.669924e-02
3.785680e-04	4.227934e-02	3.963709e-01	1.790794e-02
4.353531e-04	4.533954e-02	4.324934e-01	1.920413e-02
5.006561e-04	4.862124e-02	4.702229e-01	2.059413e-02
5.757545e-04	5.214047e-02	5.119563e-01	2.208474e-02
6.621177e-04	5.591443e-02	5.562795e-01	2.368325e-02
7.614354e-04	5.996155e-02	6.031530e-01	2.539746e-02
8.756507e-04	6.430159e-02	6.515842e-01	2.723574e-02
1.006998e-03	6.895578e-02	7.052949e-01	2.920708e-02
1.158048e-03	7.394683e-02	7.640555e-01	3.132110e-02
1.331755e-03	7.929914e-02	8.241260e-01	3.358814e-02
1.531519e-03	8.503886e-02	8.878371e-01	3.601926e-02
1.761246e-03	9.119402e-02	9.519817e-01	3.862636e-02
2.025433e-03	9.779469e-02	1.022611e+00	4.142215e-02
2.329248e-03	1.048731e-01	1.098856e+00	4.442031e-02
2.678635e-03	1.124639e-01	1.175268e+00	4.763548e-02
3.080431e-03	1.206041e-01	1.256289e+00	5.108336e-02
3.542495e-03	1.293335e-01	1.339580e+00	5.478080e-02
4.073870e-03	1.386947e-01	1.425232e+00	5.874586e-02
4.684950e-03	1.487335e-01	1.510952e+00	6.299792e-02
5.387693e-03	1.594989e-01	1.598423e+00	6.755774e-02
6.195847e-03	1.710435e-01	1.690560e+00	7.244760e-02
7.125224e-03	1.834237e-01	1.782805e+00	7.769140e-02
8.194007e-03	1.967000e-01	1.869573e+00	8.331475e-02
9.423108e-03	2.109373e-01	1.955156e+00	8.934511e-02
1.083657e-02	2.262051e-01	2.052810e+00	9.581196e-02
1.246206e-02	2.425779e-01	2.142206e+00	1.027469e-01
1.433137e-02	2.601358e-01	2.230670e+00	1.101838e-01
1.648108e-02	2.789646e-01	2.310734e+00	1.180991e-01
1.895324e-02	2.991562e-01	2.386331e+00	1.266998e-01
2.179622e-02	3.208093e-01	2.472173e+00	1.358860e-01
2.506566e-02	3.440296e-01	2.545769e+00	1.457216e-01
2.882550e-02	3.689307e-01	2.616643e+00	1.562684e-01
3.314933e-02	3.956341e-01	2.681185e+00	1.675791e-01
3.812173e-02	4.242703e-01	2.740651e+00	1.797082e-01
4.383999e-02	4.549792e-01	2.795472e+00	1.927153e-01
5.041599e-02	4.879108e-01	2.840907e+00	2.066640e-01
5.797838e-02	5.232260e-01	2.886189e+00	2.216222e-01
6.667514e-02	5.610974e-01	2.923886e+00	2.376631e-01
7.667641e-02	6.017099e-01	2.954784e+00	2.548650e-01
8.817787e-02	6.452620e-01	2.977094e+00	2.733120e-01
1.014046e-01	6.919664e-01	2.998414e+00	2.930943e-01
1.166152e-01	7.420513e-01	3.017090e+00	3.143084e-01
1.341075e-01	7.957614e-01	3.025652e+00	3.370579e-01
1.542237e-01	8.533590e-01	3.028348e+00	3.614540e-01
1.773572e-01	9.151256e-01	3.021997e+00	3.876161e-01
2.039608e-01	9.813629e-01	3.011764e+00	4.156718e-01
2.345549e-01	1.052394e+00	2.996281e+00	4.457581e-01
2.697381e-01	1.128567e+00	2.971095e+00	4.780220e-01
3.101989e-01	1.210254e+00	2.938975e+00	5.126211e-01
3.567287e-01	1.297852e+00	2.898950e+00	5.497248e-01
4.102380e-01	1.391792e+00	2.851435e+00	5.895140e-01
4.717737e-01	1.492530e+00	2.796563e+00	6.321831e-01
5.425397e-01	1.600560e+00	2.734036e+00	6.779404e-01
6.239207e-01	1.716410e+00	2.664097e+00	7.270098e-01
7.175088e-01	1.840644e+00	2.587523e+00	7.796311e-01
8.251351e-01	1.973871e+00	2.508360e+00	8.360612e-01
9.489054e-01	2.116741e+00	2.423341e+00	8.965751e-01
1.091241e+00	2.269952e+00	2.326138e+00	9.614697e-01
1.254927e+00	2.434252e+00	2.230178e+00	1.031062e+00
1.443166e+00	2.610445e+00	2.128417e+00	1.105681e+00
1.659641e+00	2.787056e+00	2.031452e+00	1.185783e+00
1.908588e+00	2.957846e+00	1.932647e+00	1.272423e+00
2.194876e+00	3.136191e+00	1.820894e+00	1.366362e+00
2.524107e+00	3.321375e+00	1.717330e+00	1.468307e+00
2.902723e+00	3.512251e+00	1.611308e+00	1.579087e+00
3.338132e+00	3.707113e+00	1.510256e+00	1.699671e+00
3.838852e+00	3.903562e+00	1.410629e+00	1.831204e+00
4.414679e+00	4.098366e+00	1.313264e+00	1.975063e+00
5.076881e+00	4.287355e+00	1.224221e+00	2.132917e+00
5.838413e+00	2.259662e+00	1.131560e+00	2.306823e+00
6.714175e+00	2.486993e+00	1.045526e+00	2.499340e+00
7.721302e+00	2.742186e+00	9.656423e-01	2.713680e+00
8.879497e+00	3.013407e+00	8.953432e-01	2.953900e+00
1.021142e+01	3.316723e+00	8.209183e-01	3.225141e+00
1.174313e+01	3.648619e+00	7.510274e-01	3.533930e+00
1.350460e+01	4.004351e+00	7.012899e-01	3.888565e+00
1.553030e+01	4.397984e+00	6.515775e-01	4.299603e+00
1.785984e+01	4.783824e+00	5.944930e-01	4.780486e+00
2.053882e+01	5.218375e+00	5.288459e-01	4.852085e+00
2.361964e+01	5.704015e+00	4.674213e-01	4.569377e+00
2.716258e+01	6.196665e+00	4.218265e-01	4.354158e+00
3.123697e+01	6.734094e+00	3.798937e-01	4.199597e+00
3.592252e+01	7.293005e+00	3.419598e-01	4.100494e+00
4.131089e+01	7.912491e+00	3.079524e-01	4.052972e+00
4.750753e+01	8.596541e+00	2.781617e-01	4.054264e+00
5.463366e+01	9.345978e+00	2.509027e-01	4.102521e+00
6.282871e+01	1.018415e+01	2.244609e-01	4.196969e+00
7.225301e+01	1.107142e+01	2.007322e-01	4.337793e+00
8.309096e+01	1.200911e+01	1.818889e-01	4.526267e+00
9.555461e+01	1.300749e+01	1.645427e-01	4.764898e+00
1.098878e+02	1.395648e+01	1.451955e-01	5.057587e+00
1.263710e+02	1.495080e+01	1.296361e-01	5.409806e+00
1.453266e+02	1.585312e+01	1.152541e-01	5.828816e+00
1.671256e+02	1.664880e+01	1.038952e-01	6.323928e+00
1.921945e+02	1.737856e+01	9.357828e-02	6.906765e+00
2.210236e+02	1.812098e+01	8.221167e-02	7.591841e+00
2.541772e+02	1.886166e+01	7.314915e-02	8.397145e+00
2.923037e+02	1.943300e+01	6.481728e-02	9.342895e+00
3.361493e+02	2.116524e+01	5.764075e-02	1.046572e+01
3.865717e+02	2.109175e+01	5.118903e-02	1.181413e+01
4.445574e+02	2.087747e+01	4.542552e-02	1.340802e+01
5.112411e+02	2.057856e+01	4.064544e-02	1.531385e+01
5.879272e+02	2.023466e+01	3.593068e-02	1.758394e+01
6.761163e+02	1.981972e+01	3.186526e-02	2.026618e+01
7.775337e+02	1.925358e+01	2.837785e-02	2.345043e+01
8.941638e+02	1.865551e+01	2.554361e-02	2.725469e+01
1.028288e+03	1.803681e+01	2.259483e-02	3.182123e+01
1.182532e+03	1.742485e+01	1.977831e-02	3.732592e+01
1.359911e+03	1.683581e+01	1.753246e-02	4.399183e+01
1.563898e+03	1.621170e+01	1.552205e-02	5.209584e+01
1.798483e+03	1.555225e+01	1.393229e-02	6.198687e+01
2.068255e+03	1.485952e+01	1.228346e-02	7.411230e+01
2.378493e+03	1.414854e+01	1.073403e-02	8.904467e+01
2.735268e+03	1.343221e+01	9.499709e-03	1.074968e+02
3.145558e+03	1.274035e+01	8.355757e-03	1.303450e+02
3.617391e+03	1.204320e+01	7.352581e-03	1.587005e+02
4.160000e+03	1.134823e+01	6.490698e-03	1.940275e+02
4.784000e+03	1.065470e+01	5.757260e-03	2.381844e+02
5.501600e+03	9.967945e+00	5.101478e-03	2.935491e+02
6.326840e+03	9.299180e+00	4.479526e-03	3.631577e+02
7.275866e+03	8.656159e+00	3.936910e-03	4.508803e+02
8.367246e+03	8.037631e+00	3.522170e-03	5.616514e+02
9.622333e+03	7.445295e+00	3.140621e-03	7.017729e+02
