# Energy_MeV	dEdx_Elec_MeV_um	dEdx_Nucl_MeV_um	Range_um
1.000000e-05	6.430004e-03	3.175720e-02	3.110418e-03
1.150000e-05	6.895412e-03	3.488739e-02	3.335551e-03
1.322500e-05	7.394505e-03	3.874328e-02	3.576980e-03
1.520875e-05	7.929723e-03	4.293023e-02	3.835884e-03
1.749006e-05	8.503681e-03	4.766206e-02	4.113527e-03
2.011357e-05	9.119182e-03	5.293371e-02	4.411267e-03
2.313061e-05	9.779233e-03	5.865861e-02	4.730557e-03
2.660020e-05	1.048706e-02	6.500901e-02	5.072957e-03
3.059023e-05	1.124612e-02	7.197762e-02	5.440140e-03
3.517876e-05	1.206012e-02	7.964392e-02	5.833900e-03
4.045558e-05	1.293304e-02	8.800339e-02	6.256161e-03
4.652391e-05	1.386914e-02	9.718905e-02	6.708985e-03
5.350250e-05	1.487299e-02	1.073824e-01	7.194585e-03
6.152788e-05	1.594951e-02	1.185370e-01	7.715333e-03
7.075706e-05	1.710394e-02	1.303931e-01	8.273773e-03
8.137062e-05	1.834193e-02	1.433873e-01	8.872633e-03
9.357621e-05	1.966953e-02	1.582747e-01	9.514839e-03
1.076126e-04	2.109322e-02	1.740398e-01	1.020353e-02
1.237545e-04	2.261996e-02	1.914154e-01	1.094206e-02
1.423177e-04	2.425720e-02	2.097194e-01	1.173406e-02
1.636654e-04	2.601295e-02	2.296796e-01	1.258337e-02
1.882152e-04	2.789579e-02	2.524639e-01	1.349417e-02
2.164475e-04	2.991490e-02	2.763729e-01	1.447088e-02
2.489146e-04	3.208015e-02	3.026376e-01	1.551829e-02
2.862518e-04	3.440213e-02	3.306415e-01	1.664151e-02
3.291895e-04	3.689218e-02	3.609698e-01	1.784603e-02
3.785680e-04	3.956245e-02	3.937113e-01	1.913774e-02
4.353531e-04	4.242600e-02	4.280947e-01	2.052294e-02
5.006561e-04	4.549682e-02	4.661585e-01	2.200840e-02
5.757545e-04	4.878990e-02	5.063715e-01	2.360138e-02
6.621177e-04	5.232134e-02	5.488343e-01	2.530966e-02
7.614354e-04	5.610839e-02	5.928827e-01	2.714159e-02
8.756507e-04	6.016954e-02	6.420291e-01	2.910611e-02
1.006998e-03	6.452465e-02	6.951860e-01	3.121283e-02
1.158048e-03	6.919498e-02	7.497930e-01	3.347203e-02
1.331755e-03	7.420334e-02	8.073783e-01	3.589475e-02
1.531519e-03	7.957422e-02	8.656126e-01	3.849283e-02
1.761246e-03	8.533385e-02	9.302374e-01	4.127896e-02
2.025433e-03	9.151036e-02	9.990372e-01	4.426676e-02
2.329248e-03	9.813392e-02	1.068452e+00	4.747081e-02
2.678635e-03	1.052369e-01	1.141796e+00	5.090677e-02
3.080431e-03	1.128540e-01	1.217524e+00	5.459143e-02
3.542495e-03	1.210224e-01	1.294786e+00	5.854278e-02
4.073870e-03	1.297821e-01	1.372240e+00	6.278014e-02
4.684950e-03	1.391758e-01	1.451799e+00	6.732420e-02
5.387693e-03	1.492494e-01	1.534953e+00	7.219716e-02
6.195847e-03	1.600522e-01	1.618729e+00	7.742283e-02
7.125224e-03	1.716368e-01	1.695871e+00	8.302674e-02
8.194007e-03	1.840600e-01	1.774100e+00	8.903626e-02
9.423108e-03	1.973824e-01	1.862305e+00	9.548075e-02
1.083657e-02	2.116690e-01	1.942449e+00	1.023917e-01
1.246206e-02	2.269897e-01	2.023126e+00	1.098029e-01
1.433137e-02	2.434194e-01	2.093719e+00	1.177504e-01
1.648108e-02	2.610382e-01	2.162787e+00	1.262306e-01
1.895324e-02	2.799323e-01	2.239583e+00	1.354155e-01
2.179622e-02	3.001939e-01	2.305733e+00	1.452168e-01
2.506566e-02	3.219221e-01	2.369850e+00	1.557288e-01
2.882550e-02	3.452230e-01	2.427477e+00	1.669999e-01
3.314933e-02	3.702104e-01	2.480848e+00	1.790872e-01
3.812173e-02	3.970065e-01	2.529459e+00	1.920493e-01
4.383999e-02	4.257420e-01	2.570399e+00	2.059498e-01
5.041599e-02	4.565574e-01	2.610860e+00	2.208563e-01
5.797838e-02	4.896033e-01	2.644604e+00	2.368417e-01
6.667514e-02	5.250410e-01	2.671812e+00	2.539841e-01
7.667641e-02	5.630438e-01	2.691571e+00	2.723674e-01
8.817787e-02	6.037972e-01	2.711069e+00	2.920813e-01
1.014046e-01	6.475003e-01	2.727031e+00	3.132221e-01
1.166152e-01	6.943668e-01	2.734288e+00	3.358929e-01
1.341075e-01	7.446254e-01	2.735980e+00	3.602047e-01
1.542237e-01	7.985218e-01	2.729705e+00	3.862763e-01
1.773572e-01	8.563192e-01	2.720330e+00	4.142351e-01
2.039608e-01	9.183000e-01	2.705505e+00	4.442174e-01
2.345549e-01	9.847671e-01	2.682119e+00	4.763697e-01
2.697381e-01	1.056045e+00	2.652459e+00	5.108493e-01
3.101989e-01	1.132482e+00	2.615691e+00	5.478247e-01
3.567287e-01	1.214452e+00	2.572116e+00	5.874764e-01
4.102380e-01	1.302354e+00	2.521953e+00	6.299979e-01
4.717737e-01	1.396620e+00	2.464761e+00	6.755970e-01
5.425397e-01	1.497708e+00	2.401099e+00	7.244969e-01
6.239207e-01	1.606113e+00	2.331320e+00	7.769363e-01
7.175088e-01	1.722364e+00	2.259814e+00	8.331712e-01
8.251351e-01	1.847029e+00	2.182053e+00	8.934761e-01
9.489054e-01	1.980718e+00	2.094211e+00	9.581458e-01
1.091241e+00	2.124084e+00	2.007151e+00	1.027497e+00
1.254927e+00	2.277826e+00	1.914983e+00	1.101872e+00
1.443166e+00	2.442696e+00	1.827819e+00	1.181603e+00
1.659641e+00	2.603093e+00	1.737496e+00	1.267291e+00
1.908588e+00	2.762180e+00	1.636991e+00	1.360075e+00
2.194876e+00	2.928149e+00	1.543414e+00	1.460674e+00
2.524107e+00	3.100272e+00	1.447923e+00	1.569877e+00
2.902723e+00	3.277403e+00	1.356413e+00	1.688574e+00
3.338132e+00	3.457858e+00	1.266526e+00	1.817824e+00
3.838852e+00	3.639287e+00	1.179483e+00	1.958874e+00
4.414679e+00	3.818551e+00	1.098868e+00	2.113226e+00
5.076881e+00	2.010227e+00	1.015573e+00	2.282710e+00
5.838413e+00	2.207964e+00	9.378057e-01	2.469583e+00
6.714175e+00	2.421481e+00	8.665246e-01	2.676659e+00
7.721302e+00	2.660230e+00	8.032132e-01	2.907478e+00
8.879497e+00	2.916834e+00	7.351271e-01	3.166508e+00
1.021142e+01	3.198979e+00	6.739010e-01	3.459416e+00
1.174313e+01	3.511491e+00	6.297925e-01	3.793400e+00
1.350460e+01	3.838594e+00	5.843154e-01	4.177616e+00
1.553030e+01	4.194773e+00	5.320760e-01	4.623710e+00
1.785984e+01	4.551783e+00	4.720007e-01	4.569014e+00
2.053882e+01	4.951112e+00	4.180614e-01	4.342512e+00
2.361964e+01	5.402176e+00	3.775040e-01	4.167628e+00
2.716258e+01	5.852236e+00	3.400493e-01	4.041370e+00
3.123697e+01	6.352950e+00	3.059598e-01	3.961508e+00
3.592252e+01	6.896758e+00	2.756104e-01	3.926492e+00
4.131089e+01	7.488856e+00	2.490050e-01	3.935372e+00
4.750753e+01	8.150535e+00	2.243777e-01	3.987680e+00
5.463366e+01	8.857046e+00	2.007840e-01	4.083731e+00
6.282871e+01	9.632246e+00	1.797324e-01	4.224405e+00
7.225301e+01	1.045212e+01	1.629882e-01	4.411413e+00
8.309096e+01	1.126712e+01	1.471476e-01	4.647474e+00
9.555461e+01	1.213514e+01	1.299158e-01	4.936519e+00
1.098878e+02	1.291954e+01	1.159986e-01	5.283920e+00
1.263710e+02	1.370841e+01	1.032197e-01	5.696744e+00
1.453266e+02	1.444524e+01	9.306449e-02	6.184028e+00
1.671256e+02	1.500679e+01	8.364629e-02	6.757119e+00
1.921945e+02	1.555029e+01	7.353282e-02	7.430149e+00
2.210236e+02	1.609691e+01	6.543019e-02	8.220428e+00
2.541772e+02	1.657570e+01	5.798766e-02	9.149876e+00
2.923037e+02	1.694784e+01	5.153150e-02	1.024199e+01
3.361493e+02	1.904097e+01	4.575656e-02	1.154563e+01
3.865717e+02	1.883508e+01	4.065502e-02	1.310932e+01
4.445574e+02	1.856828e+01	3.634836e-02	1.496307e+01
5.112411e+02	1.819133e+01	3.213509e-02	1.718625e+01
5.879272e+02	1.782821e+01	2.847862e-02	1.983815e+01
6.761163e+02	1.736418e+01	2.539353e-02	2.298002e+01
7.775337e+02	1.680291e+01	2.285120e-02	2.672888e+01
8.941638e+02	1.622180e+01	2.015367e-02	3.122640e+01
1.028288e+03	1.562692e+01	1.766665e-02	3.664790e+01
1.182532e+03	1.504825e+01	1.565787e-02	4.321134e+01
1.359911e+03	1.447859e+01	1.388262e-02	5.119376e+01
1.563898e+03	1.388130e+01	1.246077e-02	6.093975e+01
1.798483e+03	1.325895e+01	1.095226e-02	7.288699e+01
2.068255e+03	1.261047e+01	9.585075e-03	8.759890e+01
2.378493e+03	1.195519e+01	8.481522e-03	1.057953e+02
2.735268e+03	1.130589e+01	7.463103e-03	1.283727e+02
3.145558e+03	1.067604e+01	6.572271e-03	1.564378e+02
3.617391e+03	1.004475e+01	5.797862e-03	1.914163e+02
4.160000e+03	9.415608e+00	5.144751e-03	2.351728e+02
4.784000e+03	8.797288e+00	4.553334e-03	2.900832e+02
5.501600e+03	8.194622e+00	3.999860e-03	3.591900e+02
6.326840e+03	7.612106e+00	3.523593e-03	4.463856e+02
7.275866e+03	7.053901e+00	3.152517e-03	5.566352e+02
8.367246e+03	6.521366e+00	2.804159e-03	6.962816e+02
9.622333e+03	6.016206e+00	2.431771e-03	8.734249e+02
