# Energy_MeV	dEdx_Elec_MeV_um	dEdx_Nucl_MeV_um	Range_um
1.000000e-05	5.814500e-03	4.738445e-02	3.439677e-03
1.150000e-05	6.235356e-03	5.220204e-02	3.688642e-03
1.322500e-05	6.686675e-03	5.721255e-02	3.955628e-03
1.520875e-05	3.615775e-03	6.277971e-02	4.241939e-03
1.749006e-05	3.917642e-03	6.892167e-02	4.548973e-03
2.011357e-05	4.240965e-03	7.543927e-02	4.878230e-03
2.313061e-05	4.587332e-03	8.276079e-02	5.231318e-03
2.660020e-05	4.958446e-03	9.039789e-02	5.609964e-03
3.059023e-05	5.356126e-03	9.887924e-02	6.016016e-03
3.517876e-05	5.782320e-03	1.078530e-01	6.451459e-03
4.045558e-05	6.239116e-03	1.173843e-01	6.918419e-03
4.652391e-05	6.728749e-03	1.279494e-01	7.419177e-03
5.350250e-05	7.253616e-03	1.389176e-01	7.956181e-03
6.152788e-05	7.816283e-03	1.509728e-01	8.532054e-03
7.075706e-05	8.419502e-03	1.631913e-01	9.149609e-03
8.137062e-05	9.066222e-03	1.767869e-01	9.811862e-03
9.357621e-05	9.759604e-03	1.913255e-01	1.052205e-02
1.076126e-04	1.050304e-02	2.065856e-01	1.128364e-02
1.237545e-04	1.130015e-02	2.229347e-01	1.210036e-02
1.423177e-04	1.215485e-02	2.393046e-01	1.297619e-02
1.636654e-04	1.307130e-02	2.573263e-01	1.391541e-02
1.882152e-04	1.405399e-02	2.762411e-01	1.492262e-02
2.164475e-04	1.510771e-02	2.958903e-01	1.600272e-02
2.489146e-04	1.623762e-02	3.167231e-01	1.716101e-02
2.862518e-04	1.744923e-02	3.379198e-01	1.840313e-02
3.291895e-04	1.874847e-02	3.598340e-01	1.973516e-02
3.785680e-04	2.014168e-02	3.822712e-01	2.116360e-02
4.353531e-04	2.163566e-02	4.049513e-01	2.269543e-02
5.006561e-04	2.323773e-02	4.285358e-01	2.433814e-02
5.757545e-04	2.495569e-02	4.523294e-01	2.609975e-02
6.621177e-04	2.679796e-02	4.750934e-01	2.798886e-02
7.614354e-04	2.877352e-02	4.985470e-01	3.001471e-02
8.756507e-04	3.089203e-02	5.228598e-01	3.218719e-02
1.006998e-03	3.316384e-02	5.456724e-01	3.451692e-02
1.158048e-03	3.560005e-02	5.703385e-01	3.701527e-02
1.331755e-03	3.821255e-02	5.909989e-01	3.969445e-02
1.531519e-03	4.101412e-02	6.126329e-01	4.256756e-02
1.761246e-03	4.401844e-02	6.341487e-01	4.564862e-02
2.025433e-03	4.724019e-02	6.532536e-01	4.895269e-02
2.329248e-03	5.069510e-02	6.737529e-01	5.249592e-02
2.678635e-03	5.440005e-02	6.904623e-01	5.629560e-02
3.080431e-03	5.837315e-02	7.076151e-01	6.037030e-02
3.542495e-03	6.263380e-02	7.222858e-01	6.473994e-02
4.073870e-03	6.720282e-02	7.351324e-01	6.939575e-02
4.684950e-03	7.210253e-02	7.479586e-01	7.444873e-02
5.387693e-03	7.735687e-02	7.579405e-01	7.984130e-02
6.195847e-03	8.299150e-02	7.676689e-01	8.562070e-02
7.125224e-03	8.903395e-02	7.742818e-01	9.181758e-02
8.194007e-03	9.551375e-02	7.806856e-01	9.846330e-02
9.423108e-03	1.024625e-01	7.856946e-01	1.055899e-01
1.083657e-02	1.099143e-01	7.890272e-01	1.132325e-01
1.246206e-02	1.179054e-01	7.909178e-01	1.214282e-01
1.433137e-02	1.264749e-01	7.903142e-01	1.302171e-01
1.648108e-02	1.356646e-01	7.886534e-01	1.396421e-01
1.895324e-02	1.455195e-01	7.851757e-01	1.497493e-01
2.179622e-02	1.560877e-01	7.798261e-01	1.605881e-01
2.506566e-02	1.674208e-01	7.726314e-01	1.722115e-01
2.882550e-02	1.795742e-01	7.632626e-01	1.846761e-01
3.314933e-02	1.926072e-01	7.519898e-01	1.980429e-01
3.812173e-02	2.065836e-01	7.387662e-01	2.123772e-01
4.383999e-02	2.215716e-01	7.235201e-01	2.277490e-01
5.041599e-02	2.376444e-01	7.063867e-01	2.442335e-01
5.797838e-02	2.548806e-01	6.873771e-01	2.619111e-01
6.667514e-02	2.733644e-01	6.675285e-01	2.808682e-01
7.667641e-02	2.931860e-01	6.456418e-01	3.011974e-01
8.817787e-02	3.144423e-01	6.217361e-01	3.229982e-01
1.014046e-01	3.372371e-01	5.976843e-01	3.463768e-01
1.166152e-01	3.616818e-01	5.709023e-01	3.714476e-01
1.341075e-01	3.878959e-01	5.462895e-01	3.983329e-01
1.542237e-01	4.160073e-01	5.194823e-01	4.271644e-01
1.773572e-01	4.461535e-01	4.916360e-01	4.580828e-01
2.039608e-01	4.784816e-01	4.653630e-01	4.912389e-01
2.345549e-01	5.131497e-01	4.364498e-01	5.267947e-01
2.697381e-01	5.503271e-01	4.106426e-01	5.649242e-01
3.101989e-01	5.901953e-01	3.833401e-01	6.058152e-01
3.567287e-01	6.329493e-01	3.578240e-01	6.496547e-01
4.102380e-01	6.788005e-01	3.340691e-01	6.967447e-01
4.717737e-01	7.279726e-01	3.090064e-01	7.477124e-01
5.425397e-01	7.807039e-01	2.869775e-01	8.029726e-01
6.239207e-01	8.372520e-01	2.644673e-01	8.629528e-01
7.175088e-01	8.978932e-01	2.452715e-01	9.281402e-01
8.251351e-01	9.629240e-01	2.253232e-01	9.991116e-01
9.489054e-01	1.033524e+00	2.073382e-01	1.076547e+00
1.091241e+00	1.132242e+00	1.920022e-01	1.161266e+00
1.254927e+00	1.240930e+00	1.776833e-01	1.221667e+00
1.443166e+00	1.358045e+00	1.634562e-01	1.233987e+00
1.659641e+00	1.485204e+00	1.474366e-01	1.244578e+00
1.908588e+00	1.627687e+00	1.318999e-01	1.254119e+00
2.194876e+00	1.781562e+00	1.180001e-01	1.263414e+00
2.524107e+00	1.954281e+00	1.058584e-01	1.273353e+00
2.902723e+00	2.147478e+00	9.532763e-02	1.285010e+00
3.338132e+00	2.358233e+00	8.597321e-02	1.299549e+00
3.838852e+00	2.591517e+00	7.742600e-02	1.318256e+00
4.414679e+00	2.825282e+00	6.980620e-02	1.342555e+00
5.076881e+00	3.085840e+00	6.274566e-02	1.374020e+00
5.838413e+00	3.377106e+00	5.617005e-02	1.414401e+00
6.714175e+00	3.657342e+00	5.082052e-02	1.465642e+00
7.721302e+00	3.953689e+00	4.558583e-02	1.529899e+00
8.879497e+00	4.230071e+00	4.065989e-02	1.609541e+00
1.021142e+01	4.490215e+00	3.658158e-02	1.707192e+00
1.174313e+01	4.743298e+00	3.224019e-02	1.825750e+00
1.350460e+01	4.960083e+00	2.916784e-02	1.968458e+00
1.553030e+01	5.176466e+00	2.599007e-02	2.139012e+00
1.785984e+01	5.351590e+00	2.306450e-02	2.341729e+00
2.053882e+01	5.498178e+00	2.069437e-02	2.581769e+00
2.361964e+01	5.632464e+00	1.816061e-02	2.865403e+00
2.716258e+01	5.717393e+00	1.626437e-02	3.200345e+00
3.123697e+01	5.791529e+00	1.436072e-02	3.596154e+00
3.592252e+01	5.829615e+00	1.275978e-02	4.064723e+00
4.131089e+01	5.826806e+00	1.141986e-02	4.620875e+00
4.750753e+01	5.800647e+00	1.006547e-02	5.283105e+00
5.463366e+01	5.760158e+00	9.003532e-03	6.074516e+00
6.282871e+01	5.698907e+00	7.964458e-03	7.024384e+00
7.225301e+01	5.604311e+00	7.146182e-03	8.167191e+00
8.309096e+01	5.741164e+00	6.335398e-03	9.560319e+00
9.555461e+01	5.474818e+00	5.612131e-03	1.127373e+01
1.098878e+02	5.188739e+00	4.950705e-03	1.336434e+01
1.263710e+02	4.897897e+00	4.378194e-03	1.594374e+01
1.453266e+02	4.630518e+00	3.906836e-03	1.912002e+01
1.671256e+02	4.366073e+00	3.451082e-03	2.301356e+01
1.921945e+02	4.093602e+00	3.052598e-03	2.781410e+01
2.210236e+02	3.826554e+00	2.684617e-03	3.376519e+01
2.541772e+02	3.566549e+00	2.364368e-03	4.117642e+01
2.923037e+02	3.316716e+00	2.080242e-03	5.044352e+01
3.361493e+02	3.076976e+00	1.838823e-03	6.207963e+01
3.865717e+02	2.845049e+00	1.622651e-03	7.674114e+01
4.445574e+02	2.620990e+00	1.435768e-03	9.527635e+01
5.112411e+02	2.405043e+00	1.268678e-03	1.187920e+02
5.879272e+02	2.200204e+00	1.113998e-03	1.487272e+02
6.761163e+02	2.008068e+00	9.944184e-04	1.869166e+02
7.775337e+02	1.831148e+00	8.774220e-04	2.356740e+02
8.941638e+02	1.665774e+00	7.691632e-04	2.979831e+02
1.028288e+03	1.511528e+00	6.832189e-04	3.777604e+02
1.182532e+03	1.368531e+00	5.915102e-04	4.800292e+02
1.359911e+03	1.236626e+00	5.292812e-04	6.112475e+02
1.563898e+03	1.115871e+00	4.650777e-04	7.796928e+02
1.798483e+03	1.006303e+00	4.065245e-04	9.959303e+02
2.068255e+03	9.073856e-01	3.603905e-04	1.273431e+03
2.378493e+03	8.180248e-01	3.111932e-04	1.629349e+03
2.735268e+03	7.372708e-01	2.753283e-04	2.085431e+03
3.145558e+03	6.650192e-01	2.398057e-04	2.669157e+03
3.617391e+03	6.006964e-01	2.102417e-04	3.415109e+03
4.160000e+03	5.432681e-01	1.858139e-04	4.366632e+03
4.784000e+03	4.921460e-01	1.613170e-04	5.577788e+03
5.501600e+03	4.469357e-01	1.426203e-04	7.115669e+03
6.326840e+03	4.069631e-01	1.245885e-04	9.063040e+03
7.275866e+03	3.716295e-01	1.103520e-04	1.152133e+04
8.367246e+03	3.405974e-01	9.652503e-05	1.461395e+04
9.622333e+03	3.134302e-01	8.440818e-05	1.848986e+04
