# Energy_MeV	dEdx_Elec_MeV_um	dEdx_Nucl_MeV_um	Range_um
1.000000e-05	6.733381e-03	3.269204e-02	2.970276e-03
1.150000e-05	7.220746e-03	3.618230e-02	3.185266e-03
1.322500e-05	7.743388e-03	4.014918e-02	3.415818e-03
1.520875e-05	8.303858e-03	4.448955e-02	3.663056e-03
1.749006e-05	8.904896e-03	4.944422e-02	3.928190e-03
2.011357e-05	9.549437e-03	5.485997e-02	4.212515e-03
2.313061e-05	1.024063e-02	6.079712e-02	4.517419e-03
2.660020e-05	1.098185e-02	6.734601e-02	4.844392e-03
3.059023e-05	1.177672e-02	7.454226e-02	5.195032e-03
3.517876e-05	1.262913e-02	8.248567e-02	5.571051e-03
4.045558e-05	1.354323e-02	9.110321e-02	5.974286e-03
4.652391e-05	1.452350e-02	1.006501e-01	6.406708e-03
5.350250e-05	1.557472e-02	1.111492e-01	6.870429e-03
6.152788e-05	1.670202e-02	1.225672e-01	7.367715e-03
7.075706e-05	1.791093e-02	1.347552e-01	7.900994e-03
8.137062e-05	1.920733e-02	1.483464e-01	8.472872e-03
9.357621e-05	2.059757e-02	1.635999e-01	9.086143e-03
1.076126e-04	2.208843e-02	1.798746e-01	9.743803e-03
1.237545e-04	2.368720e-02	1.976744e-01	1.044906e-02
1.423177e-04	2.540169e-02	2.164797e-01	1.120537e-02
1.636654e-04	2.724028e-02	2.373512e-01	1.201642e-02
1.882152e-04	2.921195e-02	2.606346e-01	1.288618e-02
2.164475e-04	3.132632e-02	2.852758e-01	1.381889e-02
2.489146e-04	3.359374e-02	3.122103e-01	1.481911e-02
2.862518e-04	3.602527e-02	3.411659e-01	1.589172e-02
3.291895e-04	3.863280e-02	3.723474e-01	1.704197e-02
3.785680e-04	4.142906e-02	4.056377e-01	1.827548e-02
4.353531e-04	4.442772e-02	4.411801e-01	1.959827e-02
5.006561e-04	4.764342e-02	4.801242e-01	2.101680e-02
5.757545e-04	5.109188e-02	5.216311e-01	2.253801e-02
6.621177e-04	5.478993e-02	5.646423e-01	2.416932e-02
7.614354e-04	5.875566e-02	6.099519e-01	2.591871e-02
8.756507e-04	6.300842e-02	6.614062e-01	2.779472e-02
1.006998e-03	6.756901e-02	7.150359e-01	2.980652e-02
1.158048e-03	7.245969e-02	7.710910e-01	3.196393e-02
1.331755e-03	7.770436e-02	8.289577e-01	3.427749e-02
1.531519e-03	8.332864e-02	8.885689e-01	3.675852e-02
1.761246e-03	8.936001e-02	9.562252e-01	3.941912e-02
2.025433e-03	9.582793e-02	1.025144e+00	4.227229e-02
2.329248e-03	1.027640e-01	1.096171e+00	4.533198e-02
2.678635e-03	1.102021e-01	1.170294e+00	4.861314e-02
3.080431e-03	1.181786e-01	1.246544e+00	5.213178e-02
3.542495e-03	1.267324e-01	1.325446e+00	5.590511e-02
4.073870e-03	1.359054e-01	1.403170e+00	5.995155e-02
4.684950e-03	1.457423e-01	1.485099e+00	6.429087e-02
5.387693e-03	1.562912e-01	1.568428e+00	6.894428e-02
6.195847e-03	1.676037e-01	1.650302e+00	7.393450e-02
7.125224e-03	1.797349e-01	1.727631e+00	7.928592e-02
8.194007e-03	1.927442e-01	1.809242e+00	8.502468e-02
9.423108e-03	2.066951e-01	1.896233e+00	9.117881e-02
1.083657e-02	2.216558e-01	1.976459e+00	9.777838e-02
1.246206e-02	2.376994e-01	2.055197e+00	1.048556e-01
1.433137e-02	2.549042e-01	2.125366e+00	1.124136e-01
1.648108e-02	2.733543e-01	2.197298e+00	1.205629e-01
1.895324e-02	2.931398e-01	2.272054e+00	1.293161e-01
2.179622e-02	3.143575e-01	2.337432e+00	1.386743e-01
2.506566e-02	3.371108e-01	2.400314e+00	1.487119e-01
2.882550e-02	3.615111e-01	2.457961e+00	1.594756e-01
3.314933e-02	3.876774e-01	2.510296e+00	1.710182e-01
3.812173e-02	4.157377e-01	2.556316e+00	1.833964e-01
4.383999e-02	4.458291e-01	2.597108e+00	1.966705e-01
5.041599e-02	4.780984e-01	2.636134e+00	2.109053e-01
5.797838e-02	5.127034e-01	2.669276e+00	2.261706e-01
6.667514e-02	5.498132e-01	2.694131e+00	2.425407e-01
7.667641e-02	5.896089e-01	2.712895e+00	2.600957e-01
8.817787e-02	6.322851e-01	2.733281e+00	2.789212e-01
1.014046e-01	6.780503e-01	2.746340e+00	2.991095e-01
1.166152e-01	7.271279e-01	2.752083e+00	3.207590e-01
1.341075e-01	7.797578e-01	2.751276e+00	3.439755e-01
1.542237e-01	8.361971e-01	2.743286e+00	3.688724e-01
1.773572e-01	8.967215e-01	2.733447e+00	3.955712e-01
2.039608e-01	9.616267e-01	2.715647e+00	4.242027e-01
2.345549e-01	1.031230e+00	2.690225e+00	4.549066e-01
2.697381e-01	1.105871e+00	2.658311e+00	4.878327e-01
3.101989e-01	1.185914e+00	2.619183e+00	5.231419e-01
3.567287e-01	1.271751e+00	2.573412e+00	5.610070e-01
4.102380e-01	1.363801e+00	2.521066e+00	6.016128e-01
4.717737e-01	1.462514e+00	2.461236e+00	6.451578e-01
5.425397e-01	1.568371e+00	2.395709e+00	6.918543e-01
6.239207e-01	1.681891e+00	2.325146e+00	7.419307e-01
7.175088e-01	1.803627e+00	2.251664e+00	7.956318e-01
8.251351e-01	1.934175e+00	2.170376e+00	8.532200e-01
9.489054e-01	2.074171e+00	2.081962e+00	9.149769e-01
1.091241e+00	2.224301e+00	1.993248e+00	9.812007e-01
1.254927e+00	2.385297e+00	1.901601e+00	1.052226e+00
1.443166e+00	2.554909e+00	1.813529e+00	1.128377e+00
1.659641e+00	2.712171e+00	1.719278e+00	1.210538e+00
1.908588e+00	2.876644e+00	1.619735e+00	1.299619e+00
2.194876e+00	1.528966e+00	1.525656e+00	1.396242e+00
2.524107e+00	1.639679e+00	1.430493e+00	1.501194e+00
2.902723e+00	1.758405e+00	1.337792e+00	1.615366e+00
3.338132e+00	1.885726e+00	1.248032e+00	1.739813e+00
3.838852e+00	2.047360e+00	1.163289e+00	1.875795e+00
4.414679e+00	2.248115e+00	1.081748e+00	2.024834e+00
5.076881e+00	2.456594e+00	9.992685e-01	2.188801e+00
5.838413e+00	2.689265e+00	9.209742e-01	2.370014e+00
6.714175e+00	2.942556e+00	8.522900e-01	2.571373e+00
7.721302e+00	3.217045e+00	7.891633e-01	2.796536e+00
8.879497e+00	3.523273e+00	7.179042e-01	3.050134e+00
1.021142e+01	3.847682e+00	6.634064e-01	3.338047e+00
1.174313e+01	4.205849e+00	6.209414e-01	3.667745e+00
1.350460e+01	4.591512e+00	5.733682e-01	4.048728e+00
1.553030e+01	4.980967e+00	5.186589e-01	4.452029e+00
1.785984e+01	5.405792e+00	4.557432e-01	4.200450e+00
2.053882e+01	5.874313e+00	4.077721e-01	4.001378e+00
2.361964e+01	6.378855e+00	3.678795e-01	3.851015e+00
2.716258e+01	6.911679e+00	3.317877e-01	3.746433e+00
3.123697e+01	7.482433e+00	2.991632e-01	3.685474e+00
3.592252e+01	8.118859e+00	2.687542e-01	3.666645e+00
4.131089e+01	8.799287e+00	2.433518e-01	3.689048e+00
4.750753e+01	9.553175e+00	2.181235e-01	3.752247e+00
5.463366e+01	1.038877e+01	1.956115e-01	3.856683e+00
6.282871e+01	1.125252e+01	1.759274e-01	4.003324e+00
7.225301e+01	1.219081e+01	1.595177e-01	4.194032e+00
8.309096e+01	1.311398e+01	1.430433e-01	4.431707e+00
9.555461e+01	1.404829e+01	1.265330e-01	4.720472e+00
1.098878e+02	1.501197e+01	1.130117e-01	5.065895e+00
1.263710e+02	1.585083e+01	1.008345e-01	5.475221e+00
1.453266e+02	1.668679e+01	9.097798e-02	5.957637e+00
1.671256e+02	1.734363e+01	8.118406e-02	6.524644e+00
1.921945e+02	1.804143e+01	7.152086e-02	7.190536e+00
2.210236e+02	1.880441e+01	6.367634e-02	7.972640e+00
2.541772e+02	1.933555e+01	5.644733e-02	8.892676e+00
2.923037e+02	1.937804e+01	5.004972e-02	9.978036e+00
3.361493e+02	1.928702e+01	4.441693e-02	1.128349e+01
3.865717e+02	1.902366e+01	3.962295e-02	1.283455e+01
4.445574e+02	1.873631e+01	3.534572e-02	1.468551e+01
5.112411e+02	1.833964e+01	3.125019e-02	1.690045e+01
5.879272e+02	1.796614e+01	2.763196e-02	1.953070e+01
6.761163e+02	1.743217e+01	2.473922e-02	2.265206e+01
7.775337e+02	1.685655e+01	2.224103e-02	2.638639e+01
8.941638e+02	1.626373e+01	1.941826e-02	3.087499e+01
1.028288e+03	1.566347e+01	1.715761e-02	3.629399e+01
1.182532e+03	1.509673e+01	1.515189e-02	4.286591e+01
1.359911e+03	1.450895e+01	1.351633e-02	5.087003e+01
1.563898e+03	1.389208e+01	1.211761e-02	6.065604e+01
1.798483e+03	1.325121e+01	1.055460e-02	7.267143e+01
2.068255e+03	1.258837e+01	9.311852e-03	8.749280e+01
2.378493e+03	1.192157e+01	8.199495e-03	1.058464e+02
2.735268e+03	1.127765e+01	7.237635e-03	1.286299e+02
3.145558e+03	1.063652e+01	6.389310e-03	1.569635e+02
3.617391e+03	9.995630e+00	5.625380e-03	1.923261e+02
4.160000e+03	9.360766e+00	5.006147e-03	2.366089e+02
4.784000e+03	8.737888e+00	4.399699e-03	2.922343e+02
5.501600e+03	8.132393e+00	3.879156e-03	3.622989e+02
6.326840e+03	7.549723e+00	3.434935e-03	4.507600e+02
7.275866e+03	6.992086e+00	3.073760e-03	5.626633e+02
8.367246e+03	6.460834e+00	2.711280e-03	7.044602e+02
9.622333e+03	5.957838e+00	2.357010e-03	8.843714e+02
