# Energy_MeV	dEdx_Elec_MeV_um	dEdx_Nucl_MeV_um	Range_um
1.000000e-05	6.931495e-03	3.358159e-02	2.885380e-03
1.150000e-05	7.433200e-03	3.728823e-02	3.094226e-03
1.322500e-05	7.971219e-03	4.132860e-02	3.318187e-03
1.520875e-05	8.548181e-03	4.583099e-02	3.558360e-03
1.749006e-05	9.166902e-03	5.093809e-02	3.815916e-03
2.011357e-05	9.830408e-03	5.646264e-02	4.092113e-03
2.313061e-05	1.054194e-02	6.259735e-02	4.388303e-03
2.660020e-05	1.130497e-02	6.930140e-02	4.705931e-03
3.059023e-05	1.212323e-02	7.668697e-02	5.046548e-03
3.517876e-05	1.300071e-02	8.481415e-02	5.411820e-03
4.045558e-05	1.394171e-02	9.364895e-02	5.803530e-03
4.652391e-05	1.495082e-02	1.035042e-01	6.223593e-03
5.350250e-05	1.603297e-02	1.142451e-01	6.674060e-03
6.152788e-05	1.719344e-02	1.258281e-01	7.157132e-03
7.075706e-05	1.843792e-02	1.383401e-01	7.675169e-03
8.137062e-05	1.977246e-02	1.525078e-01	8.230702e-03
9.357621e-05	2.120360e-02	1.679784e-01	8.826444e-03
1.076126e-04	2.273833e-02	1.846666e-01	9.465307e-03
1.237545e-04	2.438414e-02	2.026674e-01	1.015041e-02
1.423177e-04	2.614908e-02	2.219096e-01	1.088510e-02
1.636654e-04	2.804176e-02	2.436664e-01	1.167297e-02
1.882152e-04	3.007144e-02	2.671942e-01	1.251787e-02
2.164475e-04	3.224803e-02	2.924101e-01	1.342392e-02
2.489146e-04	3.458216e-02	3.198059e-01	1.439555e-02
2.862518e-04	3.708523e-02	3.494352e-01	1.543751e-02
3.291895e-04	3.976948e-02	3.812018e-01	1.655488e-02
3.785680e-04	4.264802e-02	4.148239e-01	1.775313e-02
4.353531e-04	4.573490e-02	4.513455e-01	1.903811e-02
5.006561e-04	4.904522e-02	4.908085e-01	2.041610e-02
5.757545e-04	5.259514e-02	5.328891e-01	2.189383e-02
6.621177e-04	5.640200e-02	5.759037e-01	2.347852e-02
7.614354e-04	6.048441e-02	6.227173e-01	2.517791e-02
8.756507e-04	6.486230e-02	6.751382e-01	2.700030e-02
1.006998e-03	6.955707e-02	7.286690e-01	2.895459e-02
1.158048e-03	7.459165e-02	7.857676e-01	3.105034e-02
1.331755e-03	7.999063e-02	8.430853e-01	3.329778e-02
1.531519e-03	8.578040e-02	9.046706e-01	3.570789e-02
1.761246e-03	9.198923e-02	9.729732e-01	3.829245e-02
2.025433e-03	9.864746e-02	1.041405e+00	4.106407e-02
2.329248e-03	1.057876e-01	1.113746e+00	4.403631e-02
2.678635e-03	1.134446e-01	1.187861e+00	4.722369e-02
3.080431e-03	1.216558e-01	1.264258e+00	5.064176e-02
3.542495e-03	1.304613e-01	1.342174e+00	5.430724e-02
4.073870e-03	1.399041e-01	1.420178e+00	5.823802e-02
4.684950e-03	1.500305e-01	1.502852e+00	6.245332e-02
5.387693e-03	1.608897e-01	1.585455e+00	6.697373e-02
6.195847e-03	1.725350e-01	1.664988e+00	7.182132e-02
7.125224e-03	1.850232e-01	1.741961e+00	7.701979e-02
8.194007e-03	1.984153e-01	1.826928e+00	8.259452e-02
9.423108e-03	2.127767e-01	1.910560e+00	8.857276e-02
1.083657e-02	2.281776e-01	1.989694e+00	9.498370e-02
1.246206e-02	2.446932e-01	2.064687e+00	1.018587e-01
1.433137e-02	2.624042e-01	2.133246e+00	1.091821e-01
1.648108e-02	2.813972e-01	2.208121e+00	1.171328e-01
1.895324e-02	3.017648e-01	2.278562e+00	1.256185e-01
2.179622e-02	3.236067e-01	2.342070e+00	1.347114e-01
2.506566e-02	3.470295e-01	2.402401e+00	1.444613e-01
2.882550e-02	3.721477e-01	2.458000e+00	1.549174e-01
3.314933e-02	3.990840e-01	2.508253e+00	1.661301e-01
3.812173e-02	4.279699e-01	2.551254e+00	1.781545e-01
4.383999e-02	4.589466e-01	2.591382e+00	1.910492e-01
5.041599e-02	4.921654e-01	2.627807e+00	2.048772e-01
5.797838e-02	5.277886e-01	2.658074e+00	2.197061e-01
6.667514e-02	5.659902e-01	2.679677e+00	2.356083e-01
7.667641e-02	6.069569e-01	2.698454e+00	2.526616e-01
8.817787e-02	6.508887e-01	2.716997e+00	2.709492e-01
1.014046e-01	6.980004e-01	2.726734e+00	2.905604e-01
1.166152e-01	7.485220e-01	2.730917e+00	3.115910e-01
1.341075e-01	8.027004e-01	2.727018e+00	3.341439e-01
1.542237e-01	8.608003e-01	2.718277e+00	3.583293e-01
1.773572e-01	9.231055e-01	2.706177e+00	3.842652e-01
2.039608e-01	9.899204e-01	2.685600e+00	4.120782e-01
2.345549e-01	1.061571e+00	2.658305e+00	4.419043e-01
2.697381e-01	1.138408e+00	2.624042e+00	4.738894e-01
3.101989e-01	1.220807e+00	2.582929e+00	5.081896e-01
3.567287e-01	1.309170e+00	2.535201e+00	5.449725e-01
4.102380e-01	1.403928e+00	2.480726e+00	5.844175e-01
4.717737e-01	1.505545e+00	2.419207e+00	6.267176e-01
5.425397e-01	1.614517e+00	2.351937e+00	6.720797e-01
6.239207e-01	1.731377e+00	2.281038e+00	7.207251e-01
7.175088e-01	1.856695e+00	2.206098e+00	7.728914e-01
8.251351e-01	1.991083e+00	2.121347e+00	8.288331e-01
9.489054e-01	2.135199e+00	2.033878e+00	8.888243e-01
1.091241e+00	2.289746e+00	1.944273e+00	9.531598e-01
1.254927e+00	2.455479e+00	1.854891e+00	1.022136e+00
1.443166e+00	2.619268e+00	1.766982e+00	1.096218e+00
1.659641e+00	2.779571e+00	1.668738e+00	1.176392e+00
1.908588e+00	2.946891e+00	1.572545e+00	1.263319e+00
2.194876e+00	1.573939e+00	1.478991e+00	1.357668e+00
2.524107e+00	1.687910e+00	1.385863e+00	1.460205e+00
2.902723e+00	1.810131e+00	1.294996e+00	1.571837e+00
3.338132e+00	1.942246e+00	1.206461e+00	1.693631e+00
3.838852e+00	2.127235e+00	1.124515e+00	1.826873e+00
4.414679e+00	2.331495e+00	1.042714e+00	1.973124e+00
5.076881e+00	2.551670e+00	9.628574e-01	2.134312e+00
5.838413e+00	2.790056e+00	8.884373e-01	2.312833e+00
6.714175e+00	3.056369e+00	8.236408e-01	2.511700e+00
7.721302e+00	3.339183e+00	7.585872e-01	2.734721e+00
8.879497e+00	3.652378e+00	6.921179e-01	2.986716e+00
1.021142e+01	3.996160e+00	6.433643e-01	3.273813e+00
1.174313e+01	4.359341e+00	5.997914e-01	3.603800e+00
1.350460e+01	4.757651e+00	5.501563e-01	3.986587e+00
1.553030e+01	5.150735e+00	4.930759e-01	4.096377e+00
1.785984e+01	5.592269e+00	4.348495e-01	3.880027e+00
2.053882e+01	6.088765e+00	3.906506e-01	3.711630e+00
2.361964e+01	6.590927e+00	3.520898e-01	3.587957e+00
2.716258e+01	7.145143e+00	3.172759e-01	3.506561e+00
3.123697e+01	7.738897e+00	2.857853e-01	3.465673e+00
3.592252e+01	8.389684e+00	2.576880e-01	3.464121e+00
4.131089e+01	9.110741e+00	2.327311e-01	3.501223e+00
4.750753e+01	9.885766e+00	2.084322e-01	3.576959e+00
5.463366e+01	1.074243e+01	1.865940e-01	3.691878e+00
6.282871e+01	1.164041e+01	1.683638e-01	3.847247e+00
7.225301e+01	1.255827e+01	1.526174e-01	4.045208e+00
8.309096e+01	1.353657e+01	1.354605e-01	4.288952e+00
9.555461e+01	1.443188e+01	1.202979e-01	4.582909e+00
1.098878e+02	1.536180e+01	1.074213e-01	4.932961e+00
1.263710e+02	1.622271e+01	9.624992e-02	5.346682e+00
1.453266e+02	1.694824e+01	8.690513e-02	5.833582e+00
1.671256e+02	1.764206e+01	7.670714e-02	6.405555e+00
1.921945e+02	1.834514e+01	6.788319e-02	7.077219e+00
2.210236e+02	1.902343e+01	6.042703e-02	7.866894e+00
2.541772e+02	1.957291e+01	5.360824e-02	8.794678e+00
2.923037e+02	1.936124e+01	4.761278e-02	9.899425e+00
3.361493e+02	1.919187e+01	4.220060e-02	1.122612e+01
3.865717e+02	1.892576e+01	3.771139e-02	1.279746e+01
4.445574e+02	1.856915e+01	3.349462e-02	1.468084e+01
5.112411e+02	1.820226e+01	2.964042e-02	1.692803e+01
5.879272e+02	1.775636e+01	2.635018e-02	1.958961e+01
6.761163e+02	1.719600e+01	2.368097e-02	2.276100e+01
7.775337e+02	1.661285e+01	2.110123e-02	2.656211e+01
8.941638e+02	1.601449e+01	1.845970e-02	3.113985e+01
1.028288e+03	1.542713e+01	1.632583e-02	3.667648e+01
1.182532e+03	1.485644e+01	1.443640e-02	4.340372e+01
1.359911e+03	1.425653e+01	1.292499e-02	5.160982e+01
1.563898e+03	1.362956e+01	1.148282e-02	6.165983e+01
1.798483e+03	1.297601e+01	1.002578e-02	7.402317e+01
2.068255e+03	1.231236e+01	8.851493e-03	8.930073e+01
2.378493e+03	1.165078e+01	7.794069e-03	1.082417e+02
2.735268e+03	1.101187e+01	6.865320e-03	1.317704e+02
3.145558e+03	1.037058e+01	6.055787e-03	1.610688e+02
3.617391e+03	9.730995e+00	5.360551e-03	1.976896e+02
4.160000e+03	9.100460e+00	4.756615e-03	2.436086e+02
4.784000e+03	8.484212e+00	4.181282e-03	3.013567e+02
5.501600e+03	7.887519e+00	3.675896e-03	3.741709e+02
6.326840e+03	7.315202e+00	3.269491e-03	4.661805e+02
7.275866e+03	6.768307e+00	2.925359e-03	5.826583e+02
8.367246e+03	6.248597e+00	2.547870e-03	7.303395e+02
9.622333e+03	5.757803e+00	2.226779e-03	9.177942e+02
