# Energy_MeV	dEdx_Elec_MeV_um	dEdx_Nucl_MeV_um	Range_um
1.000000e-05	6.927172e-03	3.394220e-02	2.887181e-03
1.150000e-05	7.428564e-03	3.768862e-02	3.096157e-03
1.322500e-05	7.966248e-03	4.176983e-02	3.320258e-03
1.520875e-05	8.542849e-03	4.636295e-02	3.560580e-03
1.749006e-05	9.161185e-03	5.149139e-02	3.818297e-03
2.011357e-05	9.824276e-03	5.707181e-02	4.094667e-03
2.313061e-05	1.053536e-02	6.324723e-02	4.391042e-03
2.660020e-05	1.129792e-02	7.003449e-02	4.708868e-03
3.059023e-05	1.211567e-02	7.749169e-02	5.049698e-03
3.517876e-05	1.299261e-02	8.563596e-02	5.415198e-03
4.045558e-05	1.393302e-02	9.457987e-02	5.807153e-03
4.652391e-05	1.494150e-02	1.044935e-01	6.227477e-03
5.350250e-05	1.602297e-02	1.153604e-01	6.678225e-03
6.152788e-05	1.718272e-02	1.269370e-01	7.161599e-03
7.075706e-05	1.842641e-02	1.395735e-01	7.679959e-03
8.137062e-05	1.976013e-02	1.540403e-01	8.235839e-03
9.357621e-05	2.119038e-02	1.694465e-01	8.831953e-03
1.076126e-04	2.272415e-02	1.863226e-01	9.471215e-03
1.237545e-04	2.436893e-02	2.042481e-01	1.015675e-02
1.423177e-04	2.613277e-02	2.236355e-01	1.089190e-02
1.636654e-04	2.802427e-02	2.458228e-01	1.168026e-02
1.882152e-04	3.005269e-02	2.691636e-01	1.252568e-02
2.164475e-04	3.222791e-02	2.946778e-01	1.343230e-02
2.489146e-04	3.456059e-02	3.220514e-01	1.440453e-02
2.862518e-04	3.706210e-02	3.515712e-01	1.544714e-02
3.291895e-04	3.974468e-02	3.835604e-01	1.656521e-02
3.785680e-04	4.262142e-02	4.171001e-01	1.776421e-02
4.353531e-04	4.570638e-02	4.541783e-01	1.905000e-02
5.006561e-04	4.901463e-02	4.934180e-01	2.042884e-02
5.757545e-04	5.256233e-02	5.348297e-01	2.190749e-02
6.621177e-04	5.636682e-02	5.779156e-01	2.349317e-02
7.614354e-04	6.044668e-02	6.256301e-01	2.519362e-02
8.756507e-04	6.482185e-02	6.774683e-01	2.701715e-02
1.006998e-03	6.951369e-02	7.309385e-01	2.897266e-02
1.158048e-03	7.454513e-02	7.871250e-01	3.106972e-02
1.331755e-03	7.994074e-02	8.442339e-01	3.331856e-02
1.531519e-03	8.572689e-02	9.069732e-01	3.573018e-02
1.761246e-03	9.193185e-02	9.741588e-01	3.831635e-02
2.025433e-03	9.858593e-02	1.042209e+00	4.108970e-02
2.329248e-03	1.057216e-01	1.113735e+00	4.406380e-02
2.678635e-03	1.133738e-01	1.187863e+00	4.725316e-02
3.080431e-03	1.215799e-01	1.263536e+00	5.067337e-02
3.542495e-03	1.303799e-01	1.339336e+00	5.434113e-02
4.073870e-03	1.398169e-01	1.417192e+00	5.827437e-02
4.684950e-03	1.499369e-01	1.498405e+00	6.249230e-02
5.387693e-03	1.607894e-01	1.580554e+00	6.701553e-02
6.195847e-03	1.724274e-01	1.657052e+00	7.186615e-02
7.125224e-03	1.849078e-01	1.733146e+00	7.706786e-02
8.194007e-03	1.982915e-01	1.819458e+00	8.264607e-02
9.423108e-03	2.126440e-01	1.898528e+00	8.862804e-02
1.083657e-02	2.280352e-01	1.977227e+00	9.504298e-02
1.246206e-02	2.445406e-01	2.047587e+00	1.019222e-01
1.433137e-02	2.622405e-01	2.114846e+00	1.092739e-01
1.648108e-02	2.812216e-01	2.190111e+00	1.172140e-01
1.895324e-02	3.015766e-01	2.255668e+00	1.256964e-01
2.179622e-02	3.234049e-01	2.318665e+00	1.347955e-01
2.506566e-02	3.468131e-01	2.375532e+00	1.445515e-01
2.882550e-02	3.719156e-01	2.427888e+00	1.550140e-01
3.314933e-02	3.988351e-01	2.476245e+00	1.662338e-01
3.812173e-02	4.277030e-01	2.516736e+00	1.782657e-01
4.383999e-02	4.586603e-01	2.556552e+00	1.911684e-01
5.041599e-02	4.918584e-01	2.590066e+00	2.050050e-01
5.797838e-02	5.274594e-01	2.617014e+00	2.198431e-01
6.667514e-02	5.656372e-01	2.637033e+00	2.357553e-01
7.667641e-02	6.065783e-01	2.655993e+00	2.528193e-01
8.817787e-02	6.504827e-01	2.671978e+00	2.711182e-01
1.014046e-01	6.975650e-01	2.679803e+00	2.907416e-01
1.166152e-01	7.480551e-01	2.681796e+00	3.117854e-01
1.341075e-01	8.021998e-01	2.676314e+00	3.343525e-01
1.542237e-01	8.602634e-01	2.667246e+00	3.585529e-01
1.773572e-01	9.225297e-01	2.653159e+00	3.845049e-01
2.039608e-01	9.893029e-01	2.630911e+00	4.123352e-01
2.345549e-01	1.060909e+00	2.602262e+00	4.421801e-01
2.697381e-01	1.137698e+00	2.566771e+00	4.741852e-01
3.101989e-01	1.220046e+00	2.524560e+00	5.085068e-01
3.567287e-01	1.308353e+00	2.475864e+00	5.453125e-01
4.102380e-01	1.403052e+00	2.420329e+00	5.847821e-01
4.717737e-01	1.504606e+00	2.358394e+00	6.271089e-01
5.425397e-01	1.613510e+00	2.290333e+00	6.724993e-01
6.239207e-01	1.730297e+00	2.220301e+00	7.211749e-01
7.175088e-01	1.855537e+00	2.144754e+00	7.733735e-01
8.251351e-01	1.989842e+00	2.059048e+00	8.293504e-01
9.489054e-01	2.133867e+00	1.973705e+00	8.893786e-01
1.091241e+00	2.288318e+00	1.883487e+00	9.537570e-01
1.254927e+00	2.453947e+00	1.797777e+00	1.022768e+00
1.443166e+00	2.613334e+00	1.709914e+00	1.096969e+00
1.659641e+00	2.772889e+00	1.611660e+00	1.177341e+00
1.908588e+00	2.939289e+00	1.519483e+00	1.264483e+00
2.194876e+00	3.111782e+00	1.425965e+00	1.359086e+00
2.524107e+00	3.289189e+00	1.336067e+00	1.461925e+00
2.902723e+00	3.469789e+00	1.248159e+00	1.573922e+00
3.338132e+00	3.651181e+00	1.162164e+00	1.696163e+00
3.838852e+00	3.830172e+00	1.082906e+00	1.829960e+00
4.414679e+00	2.022315e+00	1.001301e+00	1.976909e+00
5.076881e+00	2.221875e+00	9.247345e-01	2.138985e+00
5.838413e+00	2.436327e+00	8.546352e-01	2.318648e+00
6.714175e+00	2.675946e+00	7.918547e-01	2.518995e+00
7.721302e+00	2.934919e+00	7.257189e-01	2.743934e+00
8.879497e+00	3.218141e+00	6.650601e-01	2.998426e+00
1.021142e+01	3.533538e+00	6.203985e-01	3.288774e+00
1.174313e+01	3.861419e+00	5.761853e-01	3.622990e+00
1.350460e+01	4.216696e+00	5.254926e-01	4.011269e+00
1.553030e+01	4.576993e+00	4.671960e-01	3.922446e+00
1.785984e+01	4.978809e+00	4.138259e-01	3.730307e+00
2.053882e+01	5.433100e+00	3.729109e-01	3.582452e+00
2.361964e+01	5.883774e+00	3.360899e-01	3.476348e+00
2.716258e+01	6.386350e+00	3.022418e-01	3.410115e+00
3.123697e+01	6.935172e+00	2.722605e-01	3.382451e+00
3.592252e+01	7.529523e+00	2.460858e-01	3.392573e+00
4.131089e+01	8.193943e+00	2.217563e-01	3.440104e+00
4.750753e+01	8.906972e+00	1.985740e-01	3.525360e+00
5.463366e+01	9.682631e+00	1.775233e-01	3.649137e+00
6.282871e+01	1.051007e+01	1.608669e-01	3.812963e+00
7.225301e+01	1.132131e+01	1.454206e-01	4.019241e+00
8.309096e+01	1.218336e+01	1.285050e-01	4.271434e+00
9.555461e+01	1.297501e+01	1.146316e-01	4.574261e+00
1.098878e+02	1.375372e+01	1.020140e-01	4.933914e+00
1.263710e+02	1.449735e+01	9.188688e-02	5.358299e+00
1.453266e+02	1.504083e+01	8.269524e-02	5.857341e+00
1.671256e+02	1.558391e+01	7.276253e-02	6.443388e+00
1.921945e+02	1.613558e+01	6.467993e-02	7.131531e+00
2.210236e+02	1.659859e+01	5.734737e-02	7.940996e+00
2.541772e+02	1.697417e+01	5.095519e-02	8.892200e+00
2.923037e+02	1.903365e+01	4.527709e-02	1.002934e+01
3.361493e+02	1.881097e+01	4.019289e-02	1.139178e+01
3.865717e+02	1.854831e+01	3.593226e-02	1.300793e+01
4.445574e+02	1.816147e+01	3.178953e-02	1.494619e+01
5.112411e+02	1.780399e+01	2.816793e-02	1.725708e+01
5.879272e+02	1.732804e+01	2.511593e-02	1.999487e+01
6.761163e+02	1.676514e+01	2.257940e-02	2.326340e+01
7.775337e+02	1.618277e+01	1.995832e-02	2.718589e+01
8.941638e+02	1.558762e+01	1.750408e-02	3.191553e+01
1.028288e+03	1.501173e+01	1.549262e-02	3.764314e+01
1.182532e+03	1.444014e+01	1.373835e-02	4.461094e+01
1.359911e+03	1.384109e+01	1.231513e-02	5.312031e+01
1.563898e+03	1.321751e+01	1.084931e-02	6.355453e+01
1.798483e+03	1.256727e+01	9.499860e-03	7.640727e+01
2.068255e+03	1.191183e+01	8.393821e-03	9.230822e+01
2.378493e+03	1.126462e+01	7.391639e-03	1.120405e+02
2.735268e+03	1.063449e+01	6.501219e-03	1.365716e+02
3.145558e+03	1.000318e+01	5.736593e-03	1.671534e+02
3.617391e+03	9.374574e+00	5.092879e-03	2.054179e+02
4.160000e+03	8.757123e+00	4.507131e-03	2.534461e+02
4.784000e+03	8.155638e+00	3.962645e-03	3.139020e+02
5.501600e+03	7.574654e+00	3.484615e-03	3.901941e+02
6.326840e+03	7.018078e+00	3.114608e-03	4.866692e+02
7.275866e+03	6.487286e+00	2.774733e-03	6.088816e+02
8.367246e+03	5.983982e+00	2.408771e-03	7.639225e+02
9.622333e+03	5.509791e+00	2.116216e-03	9.608109e+02
