# Energy_MeV	dEdx_Elec_MeV_um	dEdx_Nucl_MeV_um	Range_um
1.000000e-05	6.330591e-03	3.739166e-02	3.159263e-03
1.150000e-05	6.788803e-03	4.146165e-02	3.387932e-03
1.322500e-05	7.280180e-03	4.596884e-02	3.633152e-03
1.520875e-05	7.807123e-03	5.089543e-02	3.896121e-03
1.749006e-05	8.372207e-03	5.631318e-02	4.178125e-03
2.011357e-05	8.978192e-03	6.231015e-02	4.480540e-03
2.313061e-05	9.628038e-03	6.880845e-02	4.804843e-03
2.660020e-05	1.032492e-02	7.604975e-02	5.152621e-03
3.059023e-05	1.107224e-02	8.395186e-02	5.525570e-03
3.517876e-05	1.187366e-02	9.248156e-02	5.925514e-03
4.045558e-05	1.273308e-02	1.017133e-01	6.354406e-03
4.652391e-05	1.365471e-02	1.120563e-01	6.814341e-03
5.350250e-05	1.464304e-02	1.234511e-01	7.307566e-03
6.152788e-05	1.570291e-02	1.357734e-01	7.836492e-03
7.075706e-05	1.683950e-02	1.490510e-01	8.403701e-03
8.137062e-05	1.805835e-02	1.632807e-01	9.011966e-03
9.357621e-05	1.936542e-02	1.791651e-01	9.664256e-03
1.076126e-04	2.076710e-02	1.965203e-01	1.036376e-02
1.237545e-04	2.227024e-02	2.151672e-01	1.111389e-02
1.423177e-04	2.388217e-02	2.353361e-01	1.191832e-02
1.636654e-04	2.561077e-02	2.572718e-01	1.278098e-02
1.882152e-04	2.746449e-02	2.806700e-01	1.370607e-02
2.164475e-04	2.945239e-02	3.055217e-01	1.469813e-02
2.489146e-04	3.158417e-02	3.324555e-01	1.576198e-02
2.862518e-04	3.387025e-02	3.615432e-01	1.690284e-02
3.291895e-04	3.632179e-02	3.929685e-01	1.812628e-02
3.785680e-04	3.895078e-02	4.248585e-01	1.943827e-02
4.353531e-04	4.177006e-02	4.591764e-01	2.084522e-02
5.006561e-04	4.479340e-02	4.979538e-01	2.235401e-02
5.757545e-04	4.803557e-02	5.377922e-01	2.397201e-02
6.621177e-04	5.151241e-02	5.802055e-01	2.570711e-02
7.614354e-04	5.524091e-02	6.229357e-01	2.756781e-02
8.756507e-04	5.923927e-02	6.680281e-01	2.956318e-02
1.006998e-03	6.352704e-02	7.186748e-01	3.170298e-02
1.158048e-03	6.812516e-02	7.697842e-01	3.399766e-02
1.331755e-03	7.305610e-02	8.234351e-01	3.645843e-02
1.531519e-03	7.834394e-02	8.785456e-01	3.909731e-02
1.761246e-03	8.401451e-02	9.350788e-01	4.192719e-02
2.025433e-03	9.009553e-02	9.936729e-01	4.496190e-02
2.329248e-03	9.661669e-02	1.051811e+00	4.821627e-02
2.678635e-03	1.036099e-01	1.113278e+00	5.170619e-02
3.080431e-03	1.111092e-01	1.174991e+00	5.544871e-02
3.542495e-03	1.191513e-01	1.234596e+00	5.946212e-02
4.073870e-03	1.277756e-01	1.292684e+00	6.376602e-02
4.684950e-03	1.370240e-01	1.354822e+00	6.838144e-02
5.387693e-03	1.469419e-01	1.417662e+00	7.333092e-02
6.195847e-03	1.575776e-01	1.477772e+00	7.863865e-02
7.125224e-03	1.689832e-01	1.534383e+00	8.433056e-02
8.194007e-03	1.812143e-01	1.586812e+00	9.043445e-02
9.423108e-03	1.943307e-01	1.641602e+00	9.698014e-02
1.083657e-02	2.083964e-01	1.694962e+00	1.039561e-01
1.246206e-02	2.234803e-01	1.743774e+00	1.115077e-01
1.433137e-02	2.396559e-01	1.789207e+00	1.196031e-01
1.648108e-02	2.570023e-01	1.832378e+00	1.282590e-01
1.895324e-02	2.756043e-01	1.870268e+00	1.375424e-01
2.179622e-02	2.955527e-01	1.903070e+00	1.474977e-01
2.506566e-02	3.169449e-01	1.933646e+00	1.581734e-01
2.882550e-02	3.398856e-01	1.961371e+00	1.696218e-01
3.314933e-02	3.644867e-01	1.985776e+00	1.818989e-01
3.812173e-02	3.908684e-01	2.002935e+00	1.950647e-01
4.383999e-02	4.191597e-01	2.016843e+00	2.091834e-01
5.041599e-02	4.494987e-01	2.031334e+00	2.243240e-01
5.797838e-02	4.820336e-01	2.039818e+00	2.405604e-01
6.667514e-02	5.169235e-01	2.043764e+00	2.579720e-01
7.667641e-02	5.543387e-01	2.041942e+00	2.766440e-01
8.817787e-02	5.944620e-01	2.035722e+00	2.966675e-01
1.014046e-01	6.374895e-01	2.027466e+00	3.181402e-01
1.166152e-01	6.836313e-01	2.013260e+00	3.411670e-01
1.341075e-01	7.331129e-01	1.993709e+00	3.658607e-01
1.542237e-01	7.861760e-01	1.969060e+00	3.923418e-01
1.773572e-01	8.430798e-01	1.939186e+00	4.207395e-01
2.039608e-01	9.041024e-01	1.904415e+00	4.511925e-01
2.345549e-01	9.695418e-01	1.864631e+00	4.838498e-01
2.697381e-01	1.039718e+00	1.819473e+00	5.188709e-01
3.101989e-01	1.114973e+00	1.770003e+00	5.564270e-01
3.567287e-01	1.195675e+00	1.717563e+00	5.967013e-01
4.102380e-01	1.282219e+00	1.662005e+00	6.398904e-01
4.717737e-01	1.375027e+00	1.600135e+00	6.862057e-01
5.425397e-01	1.474552e+00	1.535086e+00	7.358736e-01
6.239207e-01	1.581281e+00	1.468174e+00	7.891364e-01
7.175088e-01	1.695735e+00	1.401331e+00	8.462548e-01
8.251351e-01	1.818473e+00	1.335138e+00	9.075048e-01
9.489054e-01	1.950095e+00	1.263374e+00	9.731929e-01
1.091241e+00	2.086839e+00	1.191196e+00	1.043639e+00
1.254927e+00	2.215130e+00	1.120507e+00	1.119702e+00
1.443166e+00	2.349247e+00	1.050904e+00	1.202176e+00
1.659641e+00	2.488709e+00	9.815357e-01	1.291645e+00
1.908588e+00	2.632728e+00	9.152830e-01	1.388837e+00
2.194876e+00	2.780118e+00	8.538238e-01	1.494586e+00
2.524107e+00	2.929189e+00	7.923553e-01	1.609876e+00
2.902723e+00	3.077643e+00	7.324184e-01	1.735884e+00
3.338132e+00	1.689695e+00	6.746586e-01	1.874036e+00
3.838852e+00	1.853315e+00	6.250793e-01	2.026086e+00
4.414679e+00	2.035403e+00	5.772917e-01	2.194207e+00
5.076881e+00	2.235562e+00	5.264816e-01	2.381121e+00
5.838413e+00	2.450255e+00	4.876074e-01	2.590266e+00
6.714175e+00	2.689442e+00	4.552832e-01	2.825992e+00
7.721302e+00	2.943507e+00	4.190541e-01	3.093825e+00
8.879497e+00	3.220143e+00	3.774293e-01	3.108207e+00
1.021142e+01	3.519687e+00	3.330409e-01	3.003100e+00
1.174313e+01	3.822658e+00	2.980679e-01	2.917000e+00
1.350460e+01	4.159996e+00	2.687212e-01	2.851200e+00
1.553030e+01	4.539787e+00	2.422081e-01	2.806979e+00
1.785984e+01	4.958281e+00	2.184737e-01	2.785667e+00
2.053882e+01	5.422181e+00	1.966526e-01	2.788691e+00
2.361964e+01	5.919413e+00	1.776543e-01	2.817499e+00
2.716258e+01	6.468913e+00	1.592972e-01	2.873890e+00
3.123697e+01	7.041020e+00	1.426413e-01	2.959670e+00
3.592252e+01	7.653932e+00	1.286674e-01	3.076902e+00
4.131089e+01	8.324957e+00	1.164551e-01	3.227983e+00
4.750753e+01	8.954392e+00	1.039044e-01	3.415796e+00
5.463366e+01	9.612287e+00	9.230262e-02	3.643909e+00
6.282871e+01	1.022320e+01	8.224959e-02	3.916810e+00
7.225301e+01	1.080041e+01	7.367938e-02	4.240144e+00
8.309096e+01	1.139050e+01	6.636591e-02	4.621026e+00
9.555461e+01	1.184608e+01	5.890889e-02	5.068358e+00
1.098878e+02	1.227545e+01	5.214733e-02	5.593191e+00
1.263710e+02	1.258243e+01	4.630828e-02	6.209182e+00
1.453266e+02	1.289349e+01	4.113233e-02	6.933219e+00
1.671256e+02	1.322044e+01	3.642906e-02	7.785922e+00
1.921945e+02	1.338346e+01	3.232104e-02	8.792616e+00
2.210236e+02	1.458510e+01	2.889882e-02	9.987894e+00
2.541772e+02	1.433186e+01	2.568600e-02	1.143218e+01
2.923037e+02	1.397236e+01	2.276199e-02	1.315705e+01
3.361493e+02	1.359440e+01	2.014618e-02	1.523240e+01
3.865717e+02	1.317306e+01	1.807197e-02	1.773297e+01
4.445574e+02	1.277019e+01	1.617107e-02	2.072595e+01
5.112411e+02	1.227780e+01	1.416633e-02	2.431303e+01
5.879272e+02	1.176800e+01	1.250126e-02	2.864478e+01
6.761163e+02	1.125355e+01	1.105093e-02	3.390100e+01
7.775337e+02	1.074276e+01	9.870076e-03	4.030735e+01
8.941638e+02	1.025078e+01	8.805583e-03	4.815173e+01
1.028288e+03	9.751542e+00	7.698823e-03	5.779768e+01
1.182532e+03	9.241295e+00	6.781798e-03	6.970535e+01
1.359911e+03	8.723406e+00	5.976190e-03	8.446770e+01
1.563898e+03	8.201831e+00	5.264598e-03	1.028524e+02
1.798483e+03	7.686568e+00	4.650771e-03	1.258321e+02
2.068255e+03	7.196598e+00	4.106084e-03	1.546195e+02
2.378493e+03	6.715877e+00	3.643909e-03	1.907452e+02
2.735268e+03	6.243275e+00	3.207725e-03	2.362337e+02
3.145558e+03	5.784547e+00	2.820419e-03	2.936794e+02
3.617391e+03	5.344303e+00	2.506805e-03	3.664195e+02
4.160000e+03	4.924757e+00	2.238374e-03	4.587335e+02
4.784000e+03	4.527672e+00	1.962394e-03	5.761024e+02
5.501600e+03	4.152685e+00	1.715682e-03	7.255289e+02
6.326840e+03	3.800846e+00	1.506071e-03	9.159728e+02
7.275866e+03	3.474356e+00	1.331946e-03	1.158850e+03
8.367246e+03	3.172892e+00	1.185755e-03	1.468657e+03
9.622333e+03	2.895104e+00	1.035970e-03	1.863726e+03
