# Energy_MeV	dEdx_Elec_MeV_um	dEdx_Nucl_MeV_um	Range_um
1.000000e-05	2.850427e-03	4.089895e-02	4.988551e-03
1.150000e-05	3.082497e-03	4.452499e-02	5.349625e-03
1.322500e-05	3.331159e-03	4.852459e-02	5.736834e-03
1.520875e-05	3.597630e-03	5.268024e-02	6.152069e-03
1.749006e-05	3.883218e-03	5.712901e-02	6.597359e-03
2.011357e-05	4.189319e-03	6.182538e-02	7.074880e-03
2.313061e-05	4.517433e-03	6.711094e-02	7.586963e-03
2.660020e-05	4.869163e-03	7.244282e-02	8.136112e-03
3.059023e-05	5.246232e-03	7.824826e-02	8.725008e-03
3.517876e-05	5.650481e-03	8.434172e-02	9.356528e-03
4.045558e-05	6.083887e-03	9.054908e-02	1.003376e-02
4.652391e-05	6.548570e-03	9.759000e-02	1.076001e-02
5.350250e-05	7.046799e-03	1.044760e-01	1.153882e-02
6.152788e-05	7.581010e-03	1.119435e-01	1.237401e-02
7.075706e-05	8.153814e-03	1.197863e-01	1.326965e-02
8.137062e-05	8.768008e-03	1.278383e-01	1.423011e-02
9.357621e-05	9.426595e-03	1.360971e-01	1.526009e-02
1.076126e-04	1.013279e-02	1.443075e-01	1.636463e-02
1.237545e-04	1.089005e-02	1.530659e-01	1.754911e-02
1.423177e-04	1.170207e-02	1.618555e-01	1.881932e-02
1.636654e-04	1.257281e-02	1.708243e-01	2.018147e-02
1.882152e-04	1.350654e-02	1.792254e-01	2.164222e-02
2.164475e-04	1.450781e-02	1.881381e-01	2.320869e-02
2.489146e-04	1.558152e-02	1.974476e-01	2.488855e-02
2.862518e-04	1.673291e-02	2.057473e-01	2.669000e-02
3.291895e-04	1.796760e-02	2.149468e-01	2.862183e-02
3.785680e-04	1.929163e-02	2.225916e-01	3.069350e-02
4.353531e-04	2.071147e-02	2.308491e-01	3.291511e-02
5.006561e-04	2.223405e-02	2.390333e-01	3.529752e-02
5.757545e-04	2.386681e-02	2.459978e-01	3.785238e-02
6.621177e-04	2.561773e-02	2.535958e-01	4.059215e-02
7.614354e-04	2.749536e-02	2.599538e-01	4.353023e-02
8.756507e-04	2.950888e-02	2.661541e-01	4.668097e-02
1.006998e-03	3.166812e-02	2.716911e-01	5.005977e-02
1.158048e-03	3.398362e-02	2.766637e-01	5.368312e-02
1.331755e-03	3.646671e-02	2.813625e-01	5.756873e-02
1.531519e-03	3.912952e-02	2.851149e-01	6.173559e-02
1.761246e-03	4.198504e-02	2.884409e-01	6.620404e-02
2.025433e-03	4.504724e-02	2.910946e-01	7.097354e-02
2.329248e-03	4.833107e-02	2.937722e-01	7.612119e-02
2.678635e-03	5.185257e-02	2.952858e-01	8.164793e-02
3.080431e-03	5.562895e-02	2.965133e-01	8.755659e-02
3.542495e-03	5.967866e-02	2.971494e-01	9.389411e-02
4.073870e-03	6.402148e-02	2.968657e-01	1.006901e-01
4.684950e-03	6.867862e-02	2.963951e-01	1.079780e-01
5.387693e-03	7.367285e-02	2.948352e-01	1.157933e-01
6.195847e-03	7.902855e-02	2.927626e-01	1.241743e-01
7.125224e-03	8.477190e-02	2.900347e-01	1.331620e-01
8.194007e-03	9.093094e-02	2.864340e-01	1.428002e-01
9.423108e-03	9.753578e-02	2.821610e-01	1.531360e-01
1.083657e-02	1.046187e-01	2.771246e-01	1.642199e-01
1.246206e-02	1.122142e-01	2.713134e-01	1.761061e-01
1.433137e-02	1.203595e-01	2.648753e-01	1.888526e-01
1.648108e-02	1.290944e-01	2.576949e-01	2.025217e-01
1.895324e-02	1.384615e-01	2.502580e-01	2.171802e-01
2.179622e-02	1.485066e-01	2.419144e-01	2.328996e-01
2.506566e-02	1.592788e-01	2.328928e-01	2.497569e-01
2.882550e-02	1.708306e-01	2.239162e-01	2.678343e-01
3.314933e-02	1.832186e-01	2.139355e-01	2.872202e-01
3.812173e-02	1.965032e-01	2.047448e-01	3.080092e-01
4.383999e-02	2.107494e-01	1.945194e-01	3.303028e-01
5.041599e-02	2.260267e-01	1.840659e-01	3.542101e-01
5.797838e-02	2.424098e-01	1.742639e-01	3.798480e-01
6.667514e-02	2.599787e-01	1.635088e-01	4.073415e-01
7.667641e-02	2.788193e-01	1.536979e-01	4.368249e-01
8.817787e-02	2.990235e-01	1.437062e-01	4.684422e-01
1.014046e-01	3.206901e-01	1.341781e-01	5.023482e-01
1.166152e-01	3.439250e-01	1.249711e-01	5.387084e-01
1.341075e-01	3.688416e-01	1.157222e-01	5.777006e-01
1.542237e-01	3.955617e-01	1.073602e-01	6.195132e-01
1.773572e-01	4.242158e-01	9.936679e-02	6.643571e-01
2.039608e-01	4.549444e-01	9.190880e-02	7.124395e-01
2.345549e-01	4.878998e-01	8.390273e-02	7.643249e-01
2.697381e-01	5.232406e-01	7.800463e-02	8.205816e-01
3.101989e-01	5.611394e-01	7.228766e-02	8.816027e-01
3.567287e-01	6.017748e-01	6.631618e-02	9.276553e-01
4.102380e-01	6.453444e-01	6.084821e-02	9.531088e-01
4.717737e-01	6.920705e-01	5.466130e-02	9.858539e-01
5.425397e-01	7.531045e-01	4.953037e-02	1.020372e+00
6.239207e-01	8.294220e-01	4.437774e-02	1.054101e+00
7.175088e-01	9.091867e-01	3.965629e-02	1.087185e+00
8.251351e-01	9.981863e-01	3.573530e-02	1.119884e+00
9.489054e-01	1.095067e+00	3.213698e-02	1.152597e+00
1.091241e+00	1.197009e+00	2.910253e-02	1.185881e+00
1.254927e+00	1.308936e+00	2.610166e-02	1.220473e+00
1.443166e+00	1.419809e+00	2.348256e-02	1.257301e+00
1.659641e+00	1.537066e+00	2.108531e-02	1.297507e+00
1.908588e+00	1.655158e+00	1.906221e-02	1.342484e+00
2.194876e+00	1.757159e+00	1.707622e-02	1.393881e+00
2.524107e+00	1.861060e+00	1.521683e-02	1.453651e+00
2.902723e+00	1.968536e+00	1.371126e-02	1.524096e+00
3.338132e+00	2.070260e+00	1.212685e-02	1.607909e+00
3.838852e+00	2.159175e+00	1.095902e-02	1.708243e+00
4.414679e+00	2.226275e+00	9.737965e-03	1.828753e+00
5.076881e+00	2.288600e+00	8.648024e-03	1.973660e+00
5.838413e+00	2.327318e+00	7.758584e-03	2.147839e+00
6.714175e+00	2.359970e+00	6.825438e-03	2.356941e+00
7.721302e+00	2.385480e+00	6.091780e-03	2.607591e+00
8.879497e+00	2.392974e+00	5.397922e-03	2.907670e+00
1.021142e+01	2.393877e+00	4.805426e-03	3.266703e+00
1.174313e+01	2.379208e+00	4.271980e-03	3.696384e+00
1.350460e+01	2.355156e+00	3.778029e-03	4.211243e+00
1.553030e+01	2.321737e+00	3.370225e-03	4.829492e+00
1.785984e+01	2.275131e+00	3.002532e-03	5.574110e+00
2.053882e+01	2.220384e+00	2.683033e-03	6.474216e+00
2.361964e+01	2.156202e+00	2.351012e-03	7.566817e+00
2.716258e+01	2.083623e+00	2.106548e-03	8.899143e+00
3.123697e+01	2.000934e+00	1.857270e-03	1.053119e+01
3.592252e+01	1.913746e+00	1.644754e-03	1.254010e+01
4.131089e+01	1.825364e+00	1.468059e-03	1.502666e+01
4.750753e+01	1.703210e+00	1.280712e-03	1.815341e+01
5.463366e+01	1.576901e+00	1.145914e-03	2.206478e+01
6.282871e+01	1.453860e+00	1.007182e-03	2.698448e+01
7.225301e+01	1.337482e+00	8.856034e-04	3.319285e+01
8.309096e+01	1.234324e+00	7.810877e-04	4.099421e+01
9.555461e+01	1.132853e+00	6.872361e-04	5.079742e+01
1.098878e+02	1.036007e+00	6.110873e-04	6.318461e+01
1.263710e+02	9.447904e-01	5.369380e-04	7.888633e+01
1.453266e+02	8.595302e-01	4.749571e-04	9.884442e+01
1.671256e+02	7.801431e-01	4.193339e-04	1.242805e+02
1.921945e+02	7.065709e-01	3.732613e-04	1.567713e+02
2.210236e+02	6.383754e-01	3.286279e-04	1.983453e+02
2.541772e+02	5.753813e-01	2.885695e-04	2.516381e+02
2.923037e+02	5.173657e-01	2.562663e-04	3.200855e+02
3.361493e+02	4.645787e-01	2.229525e-04	4.080982e+02
3.865717e+02	4.174376e-01	1.990646e-04	5.212503e+02
4.445574e+02	3.748310e-01	1.741057e-04	6.665936e+02
5.112411e+02	3.362637e-01	1.527225e-04	8.533708e+02
5.879272e+02	3.014882e-01	1.351919e-04	1.093439e+03
6.761163e+02	2.702382e-01	1.170889e-04	1.402017e+03
7.775337e+02	2.421962e-01	1.031566e-04	1.798567e+03
8.941638e+02	2.170984e-01	9.013495e-05	2.307942e+03
1.028288e+03	1.947063e-01	7.928283e-05	2.961772e+03
1.182532e+03	1.747570e-01	6.950338e-05	3.800363e+03
1.359911e+03	1.569903e-01	6.062678e-05	4.874887e+03
1.563898e+03	1.411966e-01	5.339760e-05	6.250095e+03
1.798483e+03	1.271927e-01	0.000000e+00	8.007652e+03
2.068255e+03	1.147753e-01	0.000000e+00	1.025015e+04
2.378493e+03	1.037706e-01	0.000000e+00	1.310586e+04
2.735268e+03	9.404632e-02	0.000000e+00	1.673444e+04
3.145558e+03	8.546848e-02	0.000000e+00	2.133337e+04
3.617391e+03	7.790429e-02	0.000000e+00	2.714543e+04
4.160000e+03	7.124979e-02	0.000000e+00	3.446695e+04
4.784000e+03	6.541457e-02	0.000000e+00	4.365687e+04
5.501600e+03	6.030488e-02	0.000000e+00	5.514631e+04
6.326840e+03	5.584110e-02	0.000000e+00	6.944834e+04
7.275866e+03	5.196219e-02	0.000000e+00	8.716784e+04
8.367246e+03	4.860703e-02	0.000000e+00	1.090108e+05
9.622333e+03	4.571644e-02	0.000000e+00	1.357926e+05
