# Energy_MeV	dEdx_Elec_MeV_um	dEdx_Nucl_MeV_um	Range_um
1.000000e-05	5.346587e-03	4.449410e-02	3.740704e-03
1.150000e-05	5.733576e-03	4.895818e-02	4.011458e-03
1.322500e-05	6.148575e-03	5.389551e-02	4.301810e-03
1.520875e-05	6.593612e-03	5.942022e-02	4.613177e-03
1.749006e-05	7.070861e-03	6.535254e-02	4.947081e-03
2.011357e-05	7.582654e-03	7.194376e-02	5.305154e-03
2.313061e-05	8.131490e-03	7.885008e-02	5.689144e-03
2.660020e-05	8.720052e-03	8.646476e-02	6.100927e-03
3.059023e-05	9.351214e-03	9.495217e-02	6.542515e-03
3.517876e-05	1.002806e-02	1.039600e-01	7.016066e-03
4.045558e-05	1.075390e-02	1.139389e-01	7.523892e-03
4.652391e-05	1.153227e-02	1.244863e-01	8.068476e-03
5.350250e-05	1.236698e-02	1.360572e-01	8.652476e-03
6.152788e-05	1.326211e-02	1.484940e-01	9.278747e-03
7.075706e-05	7.135585e-03	1.615057e-01	9.950348e-03
8.137062e-05	7.680861e-03	1.759203e-01	1.067056e-02
9.357621e-05	8.265500e-03	1.910780e-01	1.144290e-02
1.076126e-04	8.892360e-03	2.074138e-01	1.227114e-02
1.237545e-04	9.564503e-03	2.243619e-01	1.315933e-02
1.423177e-04	1.028521e-02	2.427935e-01	1.411181e-02
1.636654e-04	1.105802e-02	2.627726e-01	1.513323e-02
1.882152e-04	1.188668e-02	2.839866e-01	1.622859e-02
2.164475e-04	1.277526e-02	3.058774e-01	1.740322e-02
2.489146e-04	1.372810e-02	3.285633e-01	1.866287e-02
2.862518e-04	1.474985e-02	3.528365e-01	2.001370e-02
3.291895e-04	1.584550e-02	3.787752e-01	2.146231e-02
3.785680e-04	1.702041e-02	4.060702e-01	2.301576e-02
4.353531e-04	1.828031e-02	4.338565e-01	2.468165e-02
5.006561e-04	1.963137e-02	4.631984e-01	2.646812e-02
5.757545e-04	2.108017e-02	4.926454e-01	2.838390e-02
6.621177e-04	2.263381e-02	5.229587e-01	3.043834e-02
7.614354e-04	2.429987e-02	5.541201e-01	3.264148e-02
8.756507e-04	2.608648e-02	5.856562e-01	3.500409e-02
1.006998e-03	2.800239e-02	6.185909e-01	3.753771e-02
1.158048e-03	3.005694e-02	6.487192e-01	4.025471e-02
1.331755e-03	3.226017e-02	6.799569e-01	4.316836e-02
1.531519e-03	3.462286e-02	7.132440e-01	4.629291e-02
1.761246e-03	3.715653e-02	7.444382e-01	4.964362e-02
2.025433e-03	3.987358e-02	7.768040e-01	5.323685e-02
2.329248e-03	4.278726e-02	8.048431e-01	5.709016e-02
2.678635e-03	4.591183e-02	8.331286e-01	6.122238e-02
3.080431e-03	4.926253e-02	8.625385e-01	6.565368e-02
3.542495e-03	5.285575e-02	8.885545e-01	7.040573e-02
4.073870e-03	5.670903e-02	9.149229e-01	7.550174e-02
4.684950e-03	6.084120e-02	9.376468e-01	8.096659e-02
5.387693e-03	6.527245e-02	9.597661e-01	8.682700e-02
6.195847e-03	7.002442e-02	9.799318e-01	9.306660e-02
7.125224e-03	7.512033e-02	9.964349e-01	9.983518e-02
8.194007e-03	8.058508e-02	1.012974e+00	1.070813e-01
9.423108e-03	8.644535e-02	1.026468e+00	1.148313e-01
1.083657e-02	9.272979e-02	1.038468e+00	1.231426e-01
1.246206e-02	9.946910e-02	1.047558e+00	1.320557e-01
1.433137e-02	1.066962e-01	1.055308e+00	1.416137e-01
1.648108e-02	1.144464e-01	1.061803e+00	1.518636e-01
1.895324e-02	1.227575e-01	1.066389e+00	1.628553e-01
2.179622e-02	1.316702e-01	1.067695e+00	1.746427e-01
2.506566e-02	1.412280e-01	1.066692e+00	1.872833e-01
2.882550e-02	1.514776e-01	1.063547e+00	2.008388e-01
3.314933e-02	1.624691e-01	1.058425e+00	2.153753e-01
3.812173e-02	1.742561e-01	1.050904e+00	2.309641e-01
4.383999e-02	1.868963e-01	1.040221e+00	2.476813e-01
5.041599e-02	2.004513e-01	1.027094e+00	2.656085e-01
5.797838e-02	2.149875e-01	1.011120e+00	2.848331e-01
6.667514e-02	2.305758e-01	9.926510e-01	3.054492e-01
7.667641e-02	2.472924e-01	9.714296e-01	3.275576e-01
8.817787e-02	2.652190e-01	9.477219e-01	3.512663e-01
1.014046e-01	2.844431e-01	9.213029e-01	3.766910e-01
1.166152e-01	3.050586e-01	8.941821e-01	4.039558e-01
1.341075e-01	3.271663e-01	8.644289e-01	4.331941e-01
1.542237e-01	3.508742e-01	8.313568e-01	4.645488e-01
1.773572e-01	3.762981e-01	7.982130e-01	4.981730e-01
2.039608e-01	4.035621e-01	7.623071e-01	5.342307e-01
2.345549e-01	4.327995e-01	7.285675e-01	5.728983e-01
2.697381e-01	4.641532e-01	6.929796e-01	6.143648e-01
3.101989e-01	4.977762e-01	6.545575e-01	6.588329e-01
3.567287e-01	5.338329e-01	6.184934e-01	7.065193e-01
4.102380e-01	5.724994e-01	5.804298e-01	7.576577e-01
4.717737e-01	6.139646e-01	5.451109e-01	8.124957e-01
5.425397e-01	6.584311e-01	5.092645e-01	8.713042e-01
6.239207e-01	7.061171e-01	4.741789e-01	9.343880e-01
7.175088e-01	7.572574e-01	4.425657e-01	1.002540e+00
8.251351e-01	8.120992e-01	4.094822e-01	1.076436e+00
9.489054e-01	8.709107e-01	3.793911e-01	1.156610e+00
1.091241e+00	9.339790e-01	3.503081e-01	1.243712e+00
1.254927e+00	1.001612e+00	3.238116e-01	1.338494e+00
1.443166e+00	1.074142e+00	2.979443e-01	1.441845e+00
1.659641e+00	1.172555e+00	2.738837e-01	1.554827e+00
1.908588e+00	1.289688e+00	2.529062e-01	1.678729e+00
2.194876e+00	1.412566e+00	2.354760e-01	1.815136e+00
2.524107e+00	1.548478e+00	2.160743e-01	1.856812e+00
2.902723e+00	1.698641e+00	1.938704e-01	1.857185e+00
3.338132e+00	1.860204e+00	1.727809e-01	1.856725e+00
3.838852e+00	2.041502e+00	1.539137e-01	1.856826e+00
4.414679e+00	2.239995e+00	1.391209e-01	1.859009e+00
5.076881e+00	2.461476e+00	1.248400e-01	1.864876e+00
5.838413e+00	2.710051e+00	1.128840e-01	1.876208e+00
6.714175e+00	2.968251e+00	1.018363e-01	1.894905e+00
7.721302e+00	3.258184e+00	9.157855e-02	1.923002e+00
8.879497e+00	3.580102e+00	8.241163e-02	1.962706e+00
1.021142e+01	3.916455e+00	7.345639e-02	2.016428e+00
1.174313e+01	4.279163e+00	6.666942e-02	2.086801e+00
1.350460e+01	4.619786e+00	6.004785e-02	2.176693e+00
1.553030e+01	4.974898e+00	5.331994e-02	2.289225e+00
1.785984e+01	5.304077e+00	4.776437e-02	2.427795e+00
2.053882e+01	5.621776e+00	4.230626e-02	2.596158e+00
2.361964e+01	5.951984e+00	3.818145e-02	2.798555e+00
2.716258e+01	6.205636e+00	3.420683e-02	3.039871e+00
3.123697e+01	6.456182e+00	3.025085e-02	3.325898e+00
3.592252e+01	6.667395e+00	2.697491e-02	3.663640e+00
4.131089e+01	6.842799e+00	2.380279e-02	4.061688e+00
4.750753e+01	7.009632e+00	2.124577e-02	4.530655e+00
5.463366e+01	7.110624e+00	1.883787e-02	5.083703e+00
6.282871e+01	7.184221e+00	1.667285e-02	5.737184e+00
7.225301e+01	7.206491e+00	1.492678e-02	6.511412e+00
8.309096e+01	7.217980e+00	1.320117e-02	7.431723e+00
9.555461e+01	7.218744e+00	1.175125e-02	8.529585e+00
1.098878e+02	7.160561e+00	1.044830e-02	9.843684e+00
1.263710e+02	7.368257e+00	9.327158e-03	1.142885e+01
1.453266e+02	7.080413e+00	8.302452e-03	1.337075e+01
1.671256e+02	6.753962e+00	7.333366e-03	1.572746e+01
1.921945e+02	6.424294e+00	6.436628e-03	1.861344e+01
2.210236e+02	6.099660e+00	5.728895e-03	2.215137e+01
2.541772e+02	5.794493e+00	5.091057e-03	2.646642e+01
2.923037e+02	5.467597e+00	4.518867e-03	3.174350e+01
3.361493e+02	5.142453e+00	3.985134e-03	3.824122e+01
3.865717e+02	4.823427e+00	3.490671e-03	4.627971e+01
4.445574e+02	4.513877e+00	3.089194e-03	5.626683e+01
5.112411e+02	4.215732e+00	2.705714e-03	6.872967e+01
5.879272e+02	3.924856e+00	2.398742e-03	8.434244e+01
6.761163e+02	3.640267e+00	2.124308e-03	1.039708e+02
7.775337e+02	3.363282e+00	1.874013e-03	1.287405e+02
8.941638e+02	3.096021e+00	1.657607e-03	1.601192e+02
1.028288e+03	2.841393e+00	1.449035e-03	1.999844e+02
1.182532e+03	2.605925e+00	1.297968e-03	2.507041e+02
1.359911e+03	2.383464e+00	1.152006e-03	3.152961e+02
1.563898e+03	2.173803e+00	1.006218e-03	3.977463e+02
1.798483e+03	1.977374e+00	8.869254e-04	5.031740e+02
2.068255e+03	1.794433e+00	7.730286e-04	6.381734e+02
2.378493e+03	1.625348e+00	6.897566e-04	8.112056e+02
2.735268e+03	1.470470e+00	6.100848e-04	1.033096e+03
3.145558e+03	1.329384e+00	5.319043e-04	1.317656e+03
3.617391e+03	1.201152e+00	4.673949e-04	1.682508e+03
4.160000e+03	1.084700e+00	4.068287e-04	2.150033e+03
4.784000e+03	9.797205e-01	3.580449e-04	2.748551e+03
5.501600e+03	8.857544e-01	3.133642e-04	3.513760e+03
6.326840e+03	8.016600e-01	2.735072e-04	4.490460e+03
7.275866e+03	7.265555e-01	2.418849e-04	5.734611e+03
8.367246e+03	6.598496e-01	2.111253e-04	7.315747e+03
9.622333e+03	6.007193e-01	1.852828e-04	9.319771e+03
