# Energy_MeV	dEdx_Elec_MeV_um	dEdx_Nucl_MeV_um	Range_um
1.000000e-05	5.536942e-03	3.884356e-02	3.612102e-03
1.150000e-05	5.937709e-03	4.300736e-02	3.873548e-03
1.322500e-05	6.367483e-03	4.759810e-02	4.153917e-03
1.520875e-05	6.828365e-03	5.255710e-02	4.454580e-03
1.749006e-05	7.322606e-03	5.808422e-02	4.777005e-03
2.011357e-05	7.852620e-03	6.412272e-02	5.122767e-03
2.313061e-05	8.420997e-03	7.072970e-02	5.493556e-03
2.660020e-05	9.030513e-03	7.780539e-02	5.891182e-03
3.059023e-05	9.684146e-03	8.563605e-02	6.317589e-03
3.517876e-05	1.038509e-02	9.440095e-02	6.774860e-03
4.045558e-05	1.113677e-02	1.038524e-01	7.265228e-03
4.652391e-05	1.194285e-02	1.140982e-01	7.791089e-03
5.350250e-05	1.280728e-02	1.250333e-01	8.355012e-03
6.152788e-05	1.373428e-02	1.370638e-01	8.959752e-03
7.075706e-05	1.472838e-02	1.504406e-01	9.608263e-03
8.137062e-05	1.579442e-02	1.647684e-01	1.030371e-02
9.357621e-05	1.693763e-02	1.802810e-01	1.104950e-02
1.076126e-04	1.816359e-02	1.970805e-01	1.184927e-02
1.237545e-04	1.947828e-02	2.150405e-01	1.270693e-02
1.423177e-04	2.088812e-02	2.343159e-01	1.362666e-02
1.636654e-04	2.240002e-02	2.549540e-01	1.461297e-02
1.882152e-04	2.402134e-02	2.773671e-01	1.567066e-02
2.164475e-04	2.576002e-02	3.014771e-01	1.680491e-02
2.489146e-04	2.762455e-02	3.262608e-01	1.802126e-02
2.862518e-04	2.962402e-02	3.526969e-01	1.932565e-02
3.291895e-04	3.176823e-02	3.823155e-01	2.072445e-02
3.785680e-04	3.406763e-02	4.131369e-01	2.222450e-02
4.353531e-04	3.653346e-02	4.459276e-01	2.383312e-02
5.006561e-04	3.917777e-02	4.792162e-01	2.555817e-02
5.757545e-04	4.201348e-02	5.141530e-01	2.740809e-02
6.621177e-04	4.505444e-02	5.531005e-01	2.939190e-02
7.614354e-04	4.831550e-02	5.927237e-01	3.151930e-02
8.756507e-04	5.181260e-02	6.343892e-01	3.380068e-02
1.006998e-03	5.556283e-02	6.770327e-01	3.624719e-02
1.158048e-03	5.958449e-02	7.215415e-01	3.887078e-02
1.331755e-03	6.389725e-02	7.675321e-01	4.168427e-02
1.531519e-03	6.852217e-02	8.124634e-01	4.470140e-02
1.761246e-03	7.348184e-02	8.602660e-01	4.793691e-02
2.025433e-03	7.880049e-02	9.081823e-01	5.140661e-02
2.329248e-03	8.450412e-02	9.561602e-01	5.512745e-02
2.678635e-03	9.062057e-02	1.001840e+00	5.911760e-02
3.080431e-03	9.717973e-02	1.049037e+00	6.339657e-02
3.542495e-03	1.042137e-01	1.098933e+00	6.798525e-02
4.073870e-03	1.117567e-01	1.146529e+00	7.290605e-02
4.684950e-03	1.198457e-01	1.191997e+00	7.818303e-02
5.387693e-03	1.285202e-01	1.233826e+00	8.384196e-02
6.195847e-03	1.378226e-01	1.275533e+00	8.991049e-02
7.125224e-03	1.477982e-01	1.318371e+00	9.641826e-02
8.194007e-03	1.584959e-01	1.357536e+00	1.033971e-01
9.423108e-03	1.699680e-01	1.393920e+00	1.108810e-01
1.083657e-02	1.822703e-01	1.428143e+00	1.188907e-01
1.246206e-02	1.954632e-01	1.458469e+00	1.275177e-01
1.433137e-02	2.096109e-01	1.485726e+00	1.367450e-01
1.648108e-02	2.247826e-01	1.510080e+00	1.466434e-01
1.895324e-02	2.410525e-01	1.532588e+00	1.572572e-01
2.179622e-02	2.585000e-01	1.552527e+00	1.686393e-01
2.506566e-02	2.772104e-01	1.566983e+00	1.808454e-01
2.882550e-02	2.972750e-01	1.578705e+00	1.939348e-01
3.314933e-02	3.187919e-01	1.590480e+00	2.079716e-01
3.812173e-02	3.418663e-01	1.598006e+00	2.230245e-01
4.383999e-02	3.666107e-01	1.602212e+00	2.391669e-01
5.041599e-02	3.931462e-01	1.601766e+00	2.564777e-01
5.797838e-02	4.216024e-01	1.597858e+00	2.750414e-01
6.667514e-02	4.521182e-01	1.592235e+00	2.949488e-01
7.667641e-02	4.848427e-01	1.582088e+00	3.162972e-01
8.817787e-02	5.199359e-01	1.567911e+00	3.391908e-01
1.014046e-01	5.575691e-01	1.549570e+00	3.637413e-01
1.166152e-01	5.979263e-01	1.527288e+00	3.900688e-01
1.341075e-01	6.412045e-01	1.501020e+00	4.183019e-01
1.542237e-01	6.876152e-01	1.470910e+00	4.485787e-01
1.773572e-01	7.373851e-01	1.436469e+00	4.810469e-01
2.039608e-01	7.907575e-01	1.398752e+00	5.158650e-01
2.345549e-01	8.479929e-01	1.357976e+00	5.532032e-01
2.697381e-01	9.093711e-01	1.315160e+00	5.932442e-01
3.101989e-01	9.751919e-01	1.268282e+00	6.361834e-01
3.567287e-01	1.045777e+00	1.217539e+00	6.822305e-01
4.102380e-01	1.121471e+00	1.165524e+00	7.316104e-01
4.717737e-01	1.202643e+00	1.112746e+00	7.845643e-01
5.425397e-01	1.289691e+00	1.060827e+00	8.413513e-01
6.239207e-01	1.383040e+00	1.006323e+00	9.022492e-01
7.175088e-01	1.483145e+00	9.492529e-01	9.675521e-01
8.251351e-01	1.590496e+00	8.935318e-01	1.037591e+00
9.489054e-01	1.705617e+00	8.386399e-01	1.112671e+00
1.091241e+00	1.810850e+00	7.840625e-01	1.193589e+00
1.254927e+00	1.920896e+00	7.322069e-01	1.281312e+00
1.443166e+00	2.035475e+00	6.825111e-01	1.376445e+00
1.659641e+00	2.153998e+00	6.343646e-01	1.479761e+00
1.908588e+00	1.148083e+00	5.868786e-01	1.592131e+00
2.194876e+00	1.231212e+00	5.405610e-01	1.714579e+00
2.524107e+00	1.334870e+00	5.008716e-01	1.848331e+00
2.902723e+00	1.468656e+00	4.630105e-01	1.994865e+00
3.338132e+00	1.609158e+00	4.219477e-01	2.155992e+00
3.838852e+00	1.765452e+00	3.901463e-01	2.333955e+00
4.414679e+00	1.933692e+00	3.639482e-01	2.531559e+00
5.076881e+00	2.117638e+00	3.364848e-01	2.752335e+00
5.838413e+00	2.320672e+00	3.050190e-01	2.808079e+00
6.714175e+00	2.536600e+00	2.688334e-01	2.754449e+00
7.721302e+00	2.776928e+00	2.405777e-01	2.707718e+00
8.879497e+00	3.034548e+00	2.164359e-01	2.670146e+00
1.021142e+01	3.314518e+00	1.955008e-01	2.643964e+00
1.174313e+01	3.625059e+00	1.761496e-01	2.631416e+00
1.350460e+01	3.973411e+00	1.581889e-01	2.634746e+00
1.553030e+01	4.363260e+00	1.431735e-01	2.656384e+00
1.785984e+01	4.786880e+00	1.284050e-01	2.698856e+00
2.053882e+01	5.233760e+00	1.152967e-01	2.764823e+00
2.361964e+01	5.724256e+00	1.036752e-01	2.857115e+00
2.716258e+01	6.189474e+00	9.377819e-02	2.978752e+00
3.123697e+01	6.690293e+00	8.420190e-02	3.133011e+00
3.592252e+01	7.203227e+00	7.475452e-02	3.323531e+00
4.131089e+01	7.677839e+00	6.654264e-02	3.554493e+00
4.750753e+01	8.163609e+00	5.949521e-02	3.830817e+00
5.463366e+01	8.557662e+00	5.351160e-02	4.158509e+00
6.282871e+01	8.947685e+00	4.781276e-02	4.544944e+00
7.225301e+01	9.304878e+00	4.228676e-02	4.999248e+00
8.309096e+01	9.589621e+00	3.750624e-02	5.532751e+00
9.555461e+01	9.854810e+00	3.332194e-02	6.159467e+00
1.098878e+02	9.990291e+00	2.949278e-02	6.896766e+00
1.263710e+02	1.012828e+01	2.622915e-02	7.766151e+00
1.453266e+02	1.026656e+01	2.337820e-02	8.793916e+00
1.671256e+02	1.030991e+01	2.081563e-02	1.001356e+01
1.921945e+02	1.112693e+01	1.845663e-02	1.146453e+01
2.210236e+02	1.084524e+01	1.628758e-02	1.322406e+01
2.541772e+02	1.048697e+01	1.460688e-02	1.534549e+01
2.923037e+02	1.011843e+01	1.308983e-02	1.790699e+01
3.361493e+02	9.709087e+00	1.146413e-02	2.101882e+01
3.865717e+02	9.350685e+00	1.013288e-02	2.477883e+01
4.445574e+02	8.931578e+00	8.934184e-03	2.931440e+01
5.112411e+02	8.499817e+00	7.981542e-03	3.483012e+01
5.879272e+02	8.068522e+00	7.133891e-03	4.157013e+01
6.761163e+02	7.641022e+00	6.235446e-03	4.984412e+01
7.775337e+02	7.229977e+00	5.494990e-03	6.004724e+01
8.941638e+02	6.821705e+00	4.836144e-03	7.268431e+01
1.028288e+03	6.412531e+00	4.274000e-03	8.839568e+01
1.182532e+03	6.005006e+00	3.772092e-03	1.080083e+02
1.359911e+03	5.598837e+00	3.318932e-03	1.325978e+02
1.563898e+03	5.203994e+00	2.948748e-03	1.635423e+02
1.798483e+03	4.829474e+00	2.596364e-03	2.025751e+02
2.068255e+03	4.470604e+00	2.289560e-03	2.518775e+02
2.378493e+03	4.124070e+00	2.028653e-03	3.143227e+02
2.735268e+03	3.791730e+00	1.809476e-03	3.936238e+02
3.145558e+03	3.476535e+00	1.598727e-03	4.945605e+02
3.617391e+03	3.179972e+00	1.396230e-03	6.232711e+02
4.160000e+03	2.903105e+00	1.223697e-03	7.876291e+02
4.784000e+03	2.645207e+00	1.079728e-03	9.976938e+02
5.501600e+03	2.405795e+00	9.593031e-04	1.266331e+03
6.326840e+03	2.185983e+00	8.448550e-04	1.609936e+03
7.275866e+03	1.985362e+00	7.365542e-04	2.049313e+03
8.367246e+03	1.802539e+00	6.441521e-04	2.610766e+03
9.622333e+03	1.637006e+00	5.646709e-04	3.327395e+03
