# Energy_MeV	dEdx_Elec_MeV_um	dEdx_Nucl_MeV_um	Range_um
1.000000e-05	7.090945e-03	3.518334e-02	2.820499e-03
1.150000e-05	7.604191e-03	3.900394e-02	3.024648e-03
1.322500e-05	8.154587e-03	4.323359e-02	3.243573e-03
1.520875e-05	8.744820e-03	4.806169e-02	3.478345e-03
1.749006e-05	9.377775e-03	5.328297e-02	3.730109e-03
2.011357e-05	1.005654e-02	5.907954e-02	4.000097e-03
2.313061e-05	1.078444e-02	6.540697e-02	4.289626e-03
2.660020e-05	1.156502e-02	7.237286e-02	4.600111e-03
3.059023e-05	1.240211e-02	8.007488e-02	4.933070e-03
3.517876e-05	1.329978e-02	8.841396e-02	5.290128e-03
4.045558e-05	1.426242e-02	9.772786e-02	5.673030e-03
4.652391e-05	1.529475e-02	1.078692e-01	6.083647e-03
5.350250e-05	1.640179e-02	1.188403e-01	6.523984e-03
6.152788e-05	1.758896e-02	1.306775e-01	6.996194e-03
7.075706e-05	1.886205e-02	1.439805e-01	7.502582e-03
8.137062e-05	2.022730e-02	1.586444e-01	8.045623e-03
9.357621e-05	2.169136e-02	1.744343e-01	8.627969e-03
1.076126e-04	2.326140e-02	1.915100e-01	9.252466e-03
1.237545e-04	2.494507e-02	2.097409e-01	9.922165e-03
1.423177e-04	2.675060e-02	2.301692e-01	1.064034e-02
1.636654e-04	2.868683e-02	2.525028e-01	1.141049e-02
1.882152e-04	3.076320e-02	2.763791e-01	1.223639e-02
2.164475e-04	3.298985e-02	3.023225e-01	1.312206e-02
2.489146e-04	3.537767e-02	3.304482e-01	1.407184e-02
2.862518e-04	3.793833e-02	3.605322e-01	1.509037e-02
3.291895e-04	4.068433e-02	3.924022e-01	1.618262e-02
3.785680e-04	4.362908e-02	4.269256e-01	1.735393e-02
4.353531e-04	4.678697e-02	4.643506e-01	1.861001e-02
5.006561e-04	5.017344e-02	5.046119e-01	1.995702e-02
5.757545e-04	5.380502e-02	5.455011e-01	2.140152e-02
6.621177e-04	5.769946e-02	5.895076e-01	2.295057e-02
7.614354e-04	6.187577e-02	6.393774e-01	2.461174e-02
8.756507e-04	6.635438e-02	6.903161e-01	2.639316e-02
1.006998e-03	7.115714e-02	7.448043e-01	2.830351e-02
1.158048e-03	7.630753e-02	7.994353e-01	3.035213e-02
1.331755e-03	8.183071e-02	8.573572e-01	3.254903e-02
1.531519e-03	8.775366e-02	9.224842e-01	3.490495e-02
1.761246e-03	9.410532e-02	9.877532e-01	3.743139e-02
2.025433e-03	1.009167e-01	1.056673e+00	4.014069e-02
2.329248e-03	1.082211e-01	1.127145e+00	4.304610e-02
2.678635e-03	1.160542e-01	1.199808e+00	4.616179e-02
3.080431e-03	1.244543e-01	1.274766e+00	4.950301e-02
3.542495e-03	1.334624e-01	1.349005e+00	5.308606e-02
4.073870e-03	1.431224e-01	1.427970e+00	5.692846e-02
4.684950e-03	1.534817e-01	1.506764e+00	6.104897e-02
5.387693e-03	1.645908e-01	1.583328e+00	6.546773e-02
6.195847e-03	1.765040e-01	1.657225e+00	7.020632e-02
7.125224e-03	1.892794e-01	1.737041e+00	7.528789e-02
8.194007e-03	2.029796e-01	1.817859e+00	8.073727e-02
9.423108e-03	2.176713e-01	1.894069e+00	8.658107e-02
1.083657e-02	2.334265e-01	1.966782e+00	9.284786e-02
1.246206e-02	2.503220e-01	2.033146e+00	9.952748e-02
1.433137e-02	2.684405e-01	2.103503e+00	1.067563e-01
1.648108e-02	2.878703e-01	2.172044e+00	1.145069e-01
1.895324e-02	3.087065e-01	2.233688e+00	1.227939e-01
2.179622e-02	3.310509e-01	2.292068e+00	1.316818e-01
2.506566e-02	3.550125e-01	2.346749e+00	1.412129e-01
2.882550e-02	3.807085e-01	2.395096e+00	1.514337e-01
3.314933e-02	4.082644e-01	2.436876e+00	1.623943e-01
3.812173e-02	4.378148e-01	2.475621e+00	1.741483e-01
4.383999e-02	4.695040e-01	2.511209e+00	1.867530e-01
5.041599e-02	5.034870e-01	2.541881e+00	2.002702e-01
5.797838e-02	5.399296e-01	2.563364e+00	2.147656e-01
6.667514e-02	5.790100e-01	2.581152e+00	2.303102e-01
7.667641e-02	6.209191e-01	2.599726e+00	2.469799e-01
8.817787e-02	6.658615e-01	2.610051e+00	2.648563e-01
1.014046e-01	7.140570e-01	2.614979e+00	2.840266e-01
1.166152e-01	7.657408e-01	2.612186e+00	3.045844e-01
1.341075e-01	8.211655e-01	2.604105e+00	3.266301e-01
1.542237e-01	8.806019e-01	2.593432e+00	3.502715e-01
1.773572e-01	9.443403e-01	2.574798e+00	3.756242e-01
2.039608e-01	1.012692e+00	2.549553e+00	4.028119e-01
2.345549e-01	1.085991e+00	2.517675e+00	4.319674e-01
2.697381e-01	1.164596e+00	2.479194e+00	4.632331e-01
3.101989e-01	1.248890e+00	2.434401e+00	4.967620e-01
3.567287e-01	1.339285e+00	2.383214e+00	5.327179e-01
4.102380e-01	1.436224e+00	2.325109e+00	5.712761e-01
4.717737e-01	1.540178e+00	2.261612e+00	6.126250e-01
5.425397e-01	1.651657e+00	2.194165e+00	6.569668e-01
6.239207e-01	1.771205e+00	2.123080e+00	7.045183e-01
7.175088e-01	1.899406e+00	2.043500e+00	7.555116e-01
8.251351e-01	2.036886e+00	1.959871e+00	8.101962e-01
9.489054e-01	2.184317e+00	1.874481e+00	8.688364e-01
1.091241e+00	2.342419e+00	1.788531e+00	9.317258e-01
1.254927e+00	2.506867e+00	1.704342e+00	9.991689e-01
1.443166e+00	2.660997e+00	1.612066e+00	1.071985e+00
1.659641e+00	2.822130e+00	1.519358e+00	1.150938e+00
1.908588e+00	2.989694e+00	1.429499e+00	1.236586e+00
2.194876e+00	3.162744e+00	1.340078e+00	1.329627e+00
2.524107e+00	3.339859e+00	1.251825e+00	1.430858e+00
2.902723e+00	3.519013e+00	1.167282e+00	1.541220e+00
3.338132e+00	3.697449e+00	1.088431e+00	1.661839e+00
3.838852e+00	1.942729e+00	1.010158e+00	1.794080e+00
4.414679e+00	2.127497e+00	9.332188e-01	1.939619e+00
5.076881e+00	2.333512e+00	8.598741e-01	2.100534e+00
5.838413e+00	2.560256e+00	7.970656e-01	2.279430e+00
6.714175e+00	2.804810e+00	7.357231e-01	2.479590e+00
7.721302e+00	3.077901e+00	6.704777e-01	2.705177e+00
8.879497e+00	3.369529e+00	6.218901e-01	2.961472e+00
1.021142e+01	3.688722e+00	5.805598e-01	3.255188e+00
1.174313e+01	4.035781e+00	5.339698e-01	3.594860e+00
1.350460e+01	4.380905e+00	4.803912e-01	3.712323e+00
1.553030e+01	4.761824e+00	4.233427e-01	3.523371e+00
1.785984e+01	5.184134e+00	3.795377e-01	3.375069e+00
2.053882e+01	5.634314e+00	3.420437e-01	3.265200e+00
2.361964e+01	6.117239e+00	3.084240e-01	3.192107e+00
2.716258e+01	6.636001e+00	2.779796e-01	3.154638e+00
3.123697e+01	7.215533e+00	2.503075e-01	3.152097e+00
3.592252e+01	7.840327e+00	2.262272e-01	3.184150e+00
4.131089e+01	8.527058e+00	2.026910e-01	3.251003e+00
4.750753e+01	9.292138e+00	1.815766e-01	3.353304e+00
5.463366e+01	1.006706e+01	1.636731e-01	3.492284e+00
6.282871e+01	1.089931e+01	1.483117e-01	3.669907e+00
7.225301e+01	1.171987e+01	1.321871e-01	3.889042e+00
8.309096e+01	1.252208e+01	1.173063e-01	4.153642e+00
9.555461e+01	1.335856e+01	1.046699e-01	4.468944e+00
1.098878e+02	1.404239e+01	9.368579e-02	4.841701e+00
1.263710e+02	1.470390e+01	8.450842e-02	5.280403e+00
1.453266e+02	1.521400e+01	7.492331e-02	5.795688e+00
1.671256e+02	1.574148e+01	6.625059e-02	6.400710e+00
1.921945e+02	1.630585e+01	5.891883e-02	7.111477e+00
2.210236e+02	1.664730e+01	5.228615e-02	7.947631e+00
2.541772e+02	1.876173e+01	4.634326e-02	8.936078e+00
2.923037e+02	1.863234e+01	4.112659e-02	1.012579e+01
3.361493e+02	1.834853e+01	3.674353e-02	1.153847e+01
3.865717e+02	1.803376e+01	3.267728e-02	1.322771e+01
4.445574e+02	1.763511e+01	2.892751e-02	1.524962e+01
5.112411e+02	1.724235e+01	2.562604e-02	1.765134e+01
5.879272e+02	1.670529e+01	2.301267e-02	2.050669e+01
6.761163e+02	1.613430e+01	2.057546e-02	2.392760e+01
7.775337e+02	1.554869e+01	1.800043e-02	2.804548e+01
8.941638e+02	1.496137e+01	1.590547e-02	3.302397e+01
1.028288e+03	1.440103e+01	1.405109e-02	3.907052e+01
1.182532e+03	1.382067e+01	1.256607e-02	4.644514e+01
1.359911e+03	1.321381e+01	1.120229e-02	5.547447e+01
1.563898e+03	1.258495e+01	9.781126e-03	6.657726e+01
1.798483e+03	1.193893e+01	8.627302e-03	8.029307e+01
2.068255e+03	1.129032e+01	7.597106e-03	9.730056e+01
2.378493e+03	1.066733e+01	6.696541e-03	1.184392e+02
2.735268e+03	1.004582e+01	5.910205e-03	1.447612e+02
3.145558e+03	9.425018e+00	5.221326e-03	1.776584e+02
3.617391e+03	8.812349e+00	4.636099e-03	2.189067e+02
4.160000e+03	8.214221e+00	4.077286e-03	2.707836e+02
4.784000e+03	7.634550e+00	3.587060e-03	3.362017e+02
5.501600e+03	7.077651e+00	3.186220e-03	4.188833e+02
6.326840e+03	6.545841e+00	2.848993e-03	5.235774e+02
7.275866e+03	6.040706e+00	2.494227e-03	6.563564e+02
8.367246e+03	5.563720e+00	2.177831e-03	8.249568e+02
9.622333e+03	5.116719e+00	1.915126e-03	1.039205e+03
