# Energy_MeV	dEdx_Elec_MeV_um	dEdx_Nucl_MeV_um	Range_um
1.000000e-05	2.418419e-03	4.530421e-02	4.496005e-03
1.150000e-05	2.618381e-03	4.966882e-02	4.821428e-03
1.322500e-05	2.832590e-03	5.449324e-02	5.170406e-03
1.520875e-05	3.062096e-03	5.980254e-02	5.544643e-03
1.749006e-05	3.308027e-03	6.548966e-02	5.945967e-03
2.011357e-05	3.571587e-03	7.182891e-02	6.376339e-03
2.313061e-05	3.854067e-03	7.847858e-02	6.837862e-03
2.660020e-05	4.156850e-03	8.586037e-02	7.332790e-03
3.059023e-05	4.481417e-03	9.362656e-02	7.863541e-03
3.517876e-05	4.829356e-03	1.019188e-01	8.432708e-03
4.045558e-05	5.202369e-03	1.110548e-01	9.043072e-03
4.652391e-05	5.602279e-03	1.206250e-01	9.697615e-03
5.350250e-05	6.031040e-03	1.311521e-01	1.039953e-02
6.152788e-05	6.490749e-03	1.417356e-01	1.115226e-02
7.075706e-05	6.983653e-03	1.534764e-01	1.195946e-02
8.137062e-05	7.512159e-03	1.661891e-01	1.282510e-02
9.357621e-05	8.078851e-03	1.794329e-01	1.375338e-02
1.076126e-04	8.686498e-03	1.936978e-01	1.474886e-02
1.237545e-04	9.338068e-03	2.078980e-01	1.581639e-02
1.423177e-04	1.003675e-02	2.234551e-01	1.696119e-02
1.636654e-04	1.078594e-02	2.400198e-01	1.818885e-02
1.882152e-04	1.158932e-02	2.570779e-01	1.950537e-02
2.164475e-04	1.245081e-02	2.752166e-01	2.091718e-02
2.489146e-04	1.337461e-02	2.935946e-01	2.243117e-02
2.862518e-04	1.436524e-02	3.126743e-01	2.405475e-02
3.291895e-04	1.542754e-02	3.323030e-01	2.579585e-02
3.785680e-04	1.656669e-02	3.519306e-01	2.766297e-02
4.353531e-04	1.778827e-02	3.725086e-01	2.966523e-02
5.006561e-04	1.909824e-02	3.931467e-01	3.181241e-02
5.757545e-04	2.050300e-02	4.131007e-01	3.411501e-02
6.621177e-04	2.200941e-02	4.334379e-01	3.658427e-02
7.614354e-04	2.362484e-02	4.543881e-01	3.923226e-02
8.756507e-04	2.535717e-02	4.745283e-01	4.207191e-02
1.006998e-03	2.721487e-02	4.958400e-01	4.511710e-02
1.158048e-03	2.920701e-02	5.141079e-01	4.838270e-02
1.331755e-03	3.134333e-02	5.328590e-01	5.188466e-02
1.531519e-03	3.363426e-02	5.513499e-01	5.564010e-02
1.761246e-03	3.609100e-02	5.682929e-01	5.966736e-02
2.025433e-03	3.872554e-02	5.859290e-01	6.398612e-02
2.329248e-03	4.155076e-02	6.007177e-01	6.861747e-02
2.678635e-03	4.458046e-02	6.157340e-01	7.358404e-02
3.080431e-03	4.782944e-02	6.284126e-01	7.891009e-02
3.542495e-03	5.131357e-02	6.396678e-01	8.462164e-02
4.073870e-03	5.504988e-02	6.506966e-01	9.074660e-02
4.684950e-03	5.905661e-02	6.595866e-01	9.726537e-02
5.387693e-03	6.335335e-02	6.681413e-01	1.043439e-01
6.195847e-03	6.796107e-02	6.739165e-01	1.119150e-01
7.125224e-03	7.290230e-02	6.793639e-01	1.200152e-01
8.194007e-03	7.820118e-02	6.839013e-01	1.287016e-01
9.423108e-03	8.388358e-02	6.868288e-01	1.380170e-01
1.083657e-02	8.997727e-02	6.885393e-01	1.480065e-01
1.246206e-02	9.651202e-02	6.880273e-01	1.587191e-01
1.433137e-02	1.035198e-01	6.865276e-01	1.702071e-01
1.648108e-02	1.110347e-01	6.836296e-01	1.825266e-01
1.895324e-02	1.190936e-01	6.790155e-01	1.957378e-01
2.179622e-02	1.277358e-01	6.727876e-01	2.099052e-01
2.506566e-02	1.370035e-01	6.646697e-01	2.250979e-01
2.882550e-02	1.469420e-01	6.548950e-01	2.413905e-01
3.314933e-02	1.575999e-01	6.434252e-01	2.588623e-01
3.812173e-02	1.690291e-01	6.302107e-01	2.775987e-01
4.383999e-02	1.812857e-01	6.153031e-01	2.976912e-01
5.041599e-02	1.944293e-01	5.988224e-01	3.192380e-01
5.797838e-02	2.085244e-01	5.814996e-01	3.423445e-01
6.667514e-02	2.236396e-01	5.625262e-01	3.671234e-01
7.667641e-02	2.398488e-01	5.418698e-01	3.936958e-01
8.817787e-02	2.572313e-01	5.207752e-01	4.221914e-01
1.014046e-01	2.758719e-01	4.976492e-01	4.527496e-01
1.166152e-01	2.958618e-01	4.759636e-01	4.855198e-01
1.341075e-01	3.172985e-01	4.527898e-01	5.206618e-01
1.542237e-01	3.402869e-01	4.287254e-01	5.583473e-01
1.773572e-01	3.649391e-01	4.055636e-01	5.987604e-01
2.039608e-01	3.913757e-01	3.806405e-01	6.420989e-01
2.345549e-01	4.197258e-01	3.579345e-01	6.885744e-01
2.697381e-01	4.501278e-01	3.341520e-01	7.384134e-01
3.101989e-01	4.827304e-01	3.119931e-01	7.918603e-01
3.567287e-01	5.176928e-01	2.912223e-01	8.491744e-01
4.102380e-01	5.551857e-01	2.696245e-01	9.106353e-01
4.717737e-01	5.953935e-01	2.502012e-01	9.765785e-01
5.425397e-01	6.385135e-01	2.304577e-01	1.047849e+00
6.239207e-01	6.847546e-01	2.137601e-01	1.125125e+00
7.175088e-01	7.343427e-01	1.966342e-01	1.208973e+00
8.251351e-01	7.875201e-01	1.805537e-01	1.300073e+00
9.489054e-01	8.445468e-01	1.671853e-01	1.399217e+00
1.091241e+00	9.057012e-01	1.549673e-01	1.507335e+00
1.254927e+00	9.882900e-01	1.426920e-01	1.554795e+00
1.443166e+00	1.084682e+00	1.288243e-01	1.585562e+00
1.659641e+00	1.186756e+00	1.149143e-01	1.613854e+00
1.908588e+00	1.300310e+00	1.028137e-01	1.640240e+00
2.194876e+00	1.427359e+00	9.225904e-02	1.665416e+00
2.524107e+00	1.566502e+00	8.314505e-02	1.690390e+00
2.902723e+00	1.723412e+00	7.498091e-02	1.716289e+00
3.338132e+00	1.896542e+00	6.745269e-02	1.744457e+00
3.838852e+00	2.084080e+00	6.088446e-02	1.776449e+00
4.414679e+00	2.291329e+00	5.470179e-02	1.814045e+00
5.076881e+00	2.484006e+00	4.900360e-02	1.859270e+00
5.838413e+00	2.697989e+00	4.428580e-02	1.914418e+00
6.714175e+00	2.931791e+00	3.977779e-02	1.982090e+00
7.721302e+00	3.158938e+00	3.552418e-02	2.065219e+00
8.879497e+00	3.395999e+00	3.188603e-02	2.167126e+00
1.021142e+01	3.592090e+00	2.815927e-02	2.291540e+00
1.174313e+01	3.787554e+00	2.541161e-02	2.442620e+00
1.350460e+01	3.954931e+00	2.268856e-02	2.625027e+00
1.553030e+01	4.103878e+00	2.015365e-02	2.844018e+00
1.785984e+01	4.251854e+00	1.803739e-02	3.105626e+00
2.053882e+01	4.353161e+00	1.586369e-02	3.416907e+00
2.361964e+01	4.444316e+00	1.418249e-02	3.786290e+00
2.716258e+01	4.511236e+00	1.252281e-02	4.224017e+00
3.123697e+01	4.551244e+00	1.112983e-02	4.742705e+00
3.592252e+01	4.580214e+00	9.957562e-03	5.358010e+00
4.131089e+01	4.573508e+00	8.794319e-03	6.089474e+00
4.750753e+01	4.547257e+00	7.852556e-03	6.961553e+00
5.463366e+01	4.495139e+00	6.939681e-03	8.004898e+00
6.282871e+01	4.431074e+00	6.227886e-03	9.258090e+00
7.225301e+01	4.353478e+00	5.533834e-03	1.076966e+01
8.309096e+01	4.249636e+00	4.891586e-03	1.259953e+01
9.555461e+01	4.287681e+00	4.316563e-03	1.483438e+01
1.098878e+02	4.066280e+00	3.813719e-03	1.760217e+01
1.263710e+02	3.826977e+00	3.404862e-03	2.100181e+01
1.453266e+02	3.589728e+00	3.014814e-03	2.521756e+01
1.671256e+02	3.364957e+00	2.660620e-03	3.044863e+01
1.921945e+02	3.155232e+00	2.340760e-03	3.691006e+01
2.210236e+02	2.940550e+00	2.060987e-03	4.491669e+01
2.541772e+02	2.731245e+00	1.815066e-03	5.489838e+01
2.923037e+02	2.529370e+00	1.603962e-03	6.739608e+01
3.361493e+02	2.336565e+00	1.414511e-03	8.310355e+01
3.865717e+02	2.153001e+00	1.252419e-03	1.029218e+02
4.445574e+02	1.977996e+00	1.106055e-03	1.280088e+02
5.112411e+02	1.810929e+00	9.720548e-04	1.598583e+02
5.879272e+02	1.652183e+00	8.664893e-04	2.004174e+02
6.761163e+02	1.502714e+00	7.662274e-04	2.522262e+02
7.775337e+02	1.363339e+00	6.724179e-04	3.185381e+02
8.941638e+02	1.236923e+00	5.954890e-04	4.034631e+02
1.028288e+03	1.119856e+00	5.168587e-04	5.122468e+02
1.182532e+03	1.011869e+00	4.611521e-04	6.517936e+02
1.359911e+03	9.127184e-01	4.061227e-04	8.309539e+02
1.563898e+03	8.220736e-01	3.551543e-04	1.061104e+03
1.798483e+03	7.396291e-01	3.141104e-04	1.356811e+03
2.068255e+03	6.651939e-01	2.719473e-04	1.736670e+03
2.378493e+03	5.983615e-01	2.401510e-04	2.224362e+03
2.735268e+03	5.383906e-01	2.091284e-04	2.850045e+03
3.145558e+03	4.844792e-01	1.831662e-04	3.651970e+03
3.617391e+03	4.363371e-01	1.620356e-04	4.678485e+03
4.160000e+03	3.936086e-01	1.410094e-04	5.990496e+03
4.784000e+03	3.555901e-01	1.244044e-04	7.664414e+03
5.501600e+03	3.217865e-01	1.085553e-04	9.795671e+03
6.326840e+03	2.919128e-01	9.619622e-05	1.250286e+04
7.275866e+03	2.655521e-01	8.434649e-05	1.593250e+04
8.367246e+03	2.422732e-01	7.357211e-05	2.026446e+04
9.622333e+03	2.218067e-01	6.388668e-05	2.571797e+04
