# Energy_MeV	dEdx_Elec_MeV_um	dEdx_Nucl_MeV_um	Range_um
1.000000e-05	5.019193e-03	4.531507e-02	3.984704e-03
1.150000e-05	2.717148e-03	4.993748e-02	4.273119e-03
1.322500e-05	2.943706e-03	5.493363e-02	4.582410e-03
1.520875e-05	3.186373e-03	6.041130e-02	4.914087e-03
1.749006e-05	3.446340e-03	6.619132e-02	5.269771e-03
2.011357e-05	3.724884e-03	7.260442e-02	5.651200e-03
2.313061e-05	4.023371e-03	7.966496e-02	6.060237e-03
2.660020e-05	4.343264e-03	8.726228e-02	6.498880e-03
3.059023e-05	4.686130e-03	9.554740e-02	6.969273e-03
3.517876e-05	5.053645e-03	1.044272e-01	7.473712e-03
4.045558e-05	5.447609e-03	1.139942e-01	8.014663e-03
4.652391e-05	5.869948e-03	1.243282e-01	8.594769e-03
5.350250e-05	6.322728e-03	1.352865e-01	9.216863e-03
6.152788e-05	6.808161e-03	1.472189e-01	9.883984e-03
7.075706e-05	7.328621e-03	1.599939e-01	1.059939e-02
8.137062e-05	7.886651e-03	1.732508e-01	1.136658e-02
9.357621e-05	8.484979e-03	1.875664e-01	1.218930e-02
1.076126e-04	9.126529e-03	2.031425e-01	1.307157e-02
1.237545e-04	9.814434e-03	2.194186e-01	1.401770e-02
1.423177e-04	1.055206e-02	2.372257e-01	1.503230e-02
1.636654e-04	1.134300e-02	2.549010e-01	1.612035e-02
1.882152e-04	1.219114e-02	2.739764e-01	1.728715e-02
2.164475e-04	1.310060e-02	2.944826e-01	1.853840e-02
2.489146e-04	1.407583e-02	3.154480e-01	1.988022e-02
2.862518e-04	1.512161e-02	3.382312e-01	2.131916e-02
3.291895e-04	1.624303e-02	3.608684e-01	2.286226e-02
3.785680e-04	1.744557e-02	3.852088e-01	2.451704e-02
4.353531e-04	1.873512e-02	4.095869e-01	2.629159e-02
5.006561e-04	2.011797e-02	4.339316e-01	2.819459e-02
5.757545e-04	2.160087e-02	4.599697e-01	3.023533e-02
6.621177e-04	2.319108e-02	4.854447e-01	3.242378e-02
7.614354e-04	2.489636e-02	5.121089e-01	3.477063e-02
8.756507e-04	2.672504e-02	5.366818e-01	3.728735e-02
1.006998e-03	2.868605e-02	5.625263e-01	3.998623e-02
1.158048e-03	3.078898e-02	5.892053e-01	4.288045e-02
1.331755e-03	3.304409e-02	6.150708e-01	4.598416e-02
1.531519e-03	3.546242e-02	6.404301e-01	4.931252e-02
1.761246e-03	3.805576e-02	6.632338e-01	5.288179e-02
2.025433e-03	4.083680e-02	6.863818e-01	5.670940e-02
2.329248e-03	4.381910e-02	7.094119e-01	6.081406e-02
2.678635e-03	4.701726e-02	7.310472e-01	6.521581e-02
3.080431e-03	5.044688e-02	7.514667e-01	6.993616e-02
3.542495e-03	5.412473e-02	7.701744e-01	7.499818e-02
4.073870e-03	5.806878e-02	7.871357e-01	8.042659e-02
4.684950e-03	6.229828e-02	8.028047e-01	8.624791e-02
5.387693e-03	6.683390e-02	8.163909e-01	9.244385e-02
6.195847e-03	7.169781e-02	8.289471e-01	9.917619e-02
7.125224e-03	7.691376e-02	8.400547e-01	1.063667e-01
8.194007e-03	8.250723e-02	8.484850e-01	1.140656e-01
9.423108e-03	8.850555e-02	8.558044e-01	1.223213e-01
1.083657e-02	9.493803e-02	8.621554e-01	1.311749e-01
1.246206e-02	1.018361e-01	8.663666e-01	1.406692e-01
1.433137e-02	1.092334e-01	8.696934e-01	1.508507e-01
1.648108e-02	1.171662e-01	8.697976e-01	1.617692e-01
1.895324e-02	1.256731e-01	8.685916e-01	1.734780e-01
2.179622e-02	1.347957e-01	8.657763e-01	1.860342e-01
2.506566e-02	1.445787e-01	8.606332e-01	1.994992e-01
2.882550e-02	1.550697e-01	8.538682e-01	2.139389e-01
3.314933e-02	1.663201e-01	8.444233e-01	2.294238e-01
3.812173e-02	1.783848e-01	8.330592e-01	2.460294e-01
4.383999e-02	1.913227e-01	8.193747e-01	2.638369e-01
5.041599e-02	2.051971e-01	8.036567e-01	2.829333e-01
5.797838e-02	2.200757e-01	7.855862e-01	3.034120e-01
6.667514e-02	2.360313e-01	7.657688e-01	3.253730e-01
7.667641e-02	2.531417e-01	7.439331e-01	3.489235e-01
8.817787e-02	2.714905e-01	7.211859e-01	3.741785e-01
1.014046e-01	2.911675e-01	6.961732e-01	4.012615e-01
1.166152e-01	3.122687e-01	6.692821e-01	4.303050e-01
1.341075e-01	3.348972e-01	6.413316e-01	4.614506e-01
1.542237e-01	3.591635e-01	6.126902e-01	4.948504e-01
1.773572e-01	3.851863e-01	5.846352e-01	5.306676e-01
2.039608e-01	4.130926e-01	5.550951e-01	5.690774e-01
2.345549e-01	4.430188e-01	5.246612e-01	6.102674e-01
2.697381e-01	4.751110e-01	4.942024e-01	6.544388e-01
3.101989e-01	5.095261e-01	4.641967e-01	7.018070e-01
3.567287e-01	5.464322e-01	4.346222e-01	7.526042e-01
4.102380e-01	5.860095e-01	4.063202e-01	8.070784e-01
4.717737e-01	6.284515e-01	3.785832e-01	8.654873e-01
5.425397e-01	6.739671e-01	3.521420e-01	9.281891e-01
6.239207e-01	7.227791e-01	3.263218e-01	9.960086e-01
7.175088e-01	7.751242e-01	3.010088e-01	1.069542e+00
8.251351e-01	8.312582e-01	2.790582e-01	1.149343e+00
9.489054e-01	8.914552e-01	2.573141e-01	1.236059e+00
1.091241e+00	9.560096e-01	2.355264e-01	1.330450e+00
1.254927e+00	1.025237e+00	2.182317e-01	1.433412e+00
1.443166e+00	1.121388e+00	2.018015e-01	1.546023e+00
1.659641e+00	1.229722e+00	1.870321e-01	1.637595e+00
1.908588e+00	1.345151e+00	1.705034e-01	1.654418e+00
2.194876e+00	1.471456e+00	1.515683e-01	1.668834e+00
2.524107e+00	1.612936e+00	1.362688e-01	1.681738e+00
2.902723e+00	1.764598e+00	1.213750e-01	1.694191e+00
3.338132e+00	1.935752e+00	1.099008e-01	1.707376e+00
3.838852e+00	2.126157e+00	9.868608e-02	1.722708e+00
4.414679e+00	2.335240e+00	8.882862e-02	1.741736e+00
5.076881e+00	2.569059e+00	8.045950e-02	1.766169e+00
5.838413e+00	2.799437e+00	7.205737e-02	1.797897e+00
6.714175e+00	3.057821e+00	6.497087e-02	1.839010e+00
7.721302e+00	3.344863e+00	5.815394e-02	1.891830e+00
8.879497e+00	3.627164e+00	5.260610e-02	1.958938e+00
1.021142e+01	3.927051e+00	4.724068e-02	2.043196e+00
1.174313e+01	4.199418e+00	4.213394e-02	2.147755e+00
1.350460e+01	4.465795e+00	3.747764e-02	2.276094e+00
1.553030e+01	4.715200e+00	3.346015e-02	2.432066e+00
1.785984e+01	4.936618e+00	3.006887e-02	2.619964e+00
2.053882e+01	5.159544e+00	2.686737e-02	2.844679e+00
2.361964e+01	5.332123e+00	2.387623e-02	3.111902e+00
2.716258e+01	5.485193e+00	2.113602e-02	3.428424e+00
3.123697e+01	5.617527e+00	1.877880e-02	3.802485e+00
3.592252e+01	5.708060e+00	1.663867e-02	4.244212e+00
4.131089e+01	5.787843e+00	1.481343e-02	4.766143e+00
4.750753e+01	5.825376e+00	1.316117e-02	5.383878e+00
5.463366e+01	5.829297e+00	1.170778e-02	6.116853e+00
6.282871e+01	5.803939e+00	1.040835e-02	6.989315e+00
7.225301e+01	5.764667e+00	9.192583e-03	8.031588e+00
8.309096e+01	5.708070e+00	8.245685e-03	9.281847e+00
9.555461e+01	5.614849e+00	7.345059e-03	1.078587e+01
1.098878e+02	5.767671e+00	6.477272e-03	1.261530e+01
1.263710e+02	5.506038e+00	5.758525e-03	1.486670e+01
1.453266e+02	5.218266e+00	5.041264e-03	1.761285e+01
1.671256e+02	4.928863e+00	4.516025e-03	2.099899e+01
1.921945e+02	4.657150e+00	4.006824e-03	2.517050e+01
2.210236e+02	4.394623e+00	3.521094e-03	3.028511e+01
2.541772e+02	4.121983e+00	3.126502e-03	3.658553e+01
2.923037e+02	3.854179e+00	2.731280e-03	4.439242e+01
3.361493e+02	3.593383e+00	2.423929e-03	5.411047e+01
3.865717e+02	3.342424e+00	2.128297e-03	6.625673e+01
4.445574e+02	3.101737e+00	1.873952e-03	8.150173e+01
5.112411e+02	2.869012e+00	1.669013e-03	1.007039e+02
5.879272e+02	2.644012e+00	1.465031e-03	1.249708e+02
6.761163e+02	2.427262e+00	1.299613e-03	1.557464e+02
7.775337e+02	2.221150e+00	1.144236e-03	1.949114e+02
8.941638e+02	2.027217e+00	1.019380e-03	2.448678e+02
1.028288e+03	1.849156e+00	9.014774e-04	3.086462e+02
1.182532e+03	1.682557e+00	7.918235e-04	3.901354e+02
1.359911e+03	1.527159e+00	6.921810e-04	4.944543e+02
1.563898e+03	1.383001e+00	6.102422e-04	6.281672e+02
1.798483e+03	1.249930e+00	5.409129e-04	7.997184e+02
2.068255e+03	1.127995e+00	4.768883e-04	1.019932e+03
2.378493e+03	1.017275e+00	4.182057e-04	1.302632e+03
2.735268e+03	9.172822e-01	3.643247e-04	1.665439e+03
3.145558e+03	8.269779e-01	3.197704e-04	2.130806e+03
3.617391e+03	7.453343e-01	2.789815e-04	2.727204e+03
4.160000e+03	6.722011e-01	2.453742e-04	3.490624e+03
4.784000e+03	6.070982e-01	2.153045e-04	4.466380e+03
5.501600e+03	5.489853e-01	1.888069e-04	5.711292e+03
6.326840e+03	4.972177e-01	1.658251e-04	7.296270e+03
7.275866e+03	4.514153e-01	1.441926e-04	9.309361e+03
8.367246e+03	4.109275e-01	1.280498e-04	1.185925e+04
9.622333e+03	3.751254e-01	1.126340e-04	1.507923e+04
