# Energy_MeV	dEdx_Elec_MeV_um	dEdx_Nucl_MeV_um	Range_um
1.000000e-05	6.758250e-03	4.524545e-02	2.959346e-03
1.150000e-05	7.247416e-03	5.001628e-02	3.173545e-03
1.322500e-05	7.771988e-03	5.520777e-02	3.403248e-03
1.520875e-05	8.334528e-03	6.096770e-02	3.649577e-03
1.749006e-05	8.937786e-03	6.704693e-02	3.913735e-03
2.011357e-05	9.584707e-03	7.380968e-02	4.197013e-03
2.313061e-05	1.027845e-02	8.136594e-02	4.500795e-03
2.660020e-05	1.102241e-02	8.950997e-02	4.826565e-03
3.059023e-05	1.182022e-02	9.843718e-02	5.175915e-03
3.517876e-05	1.267578e-02	1.078534e-01	5.550550e-03
4.045558e-05	1.359325e-02	1.182551e-01	5.952302e-03
4.652391e-05	1.457714e-02	1.298011e-01	6.383132e-03
5.350250e-05	1.563224e-02	1.421855e-01	6.845147e-03
6.152788e-05	1.676371e-02	1.556706e-01	7.340602e-03
7.075706e-05	1.797708e-02	1.701321e-01	7.871919e-03
8.137062e-05	1.927827e-02	1.857110e-01	8.441693e-03
9.357621e-05	2.067364e-02	2.025425e-01	9.052707e-03
1.076126e-04	2.217001e-02	2.203953e-01	9.707947e-03
1.237545e-04	2.377469e-02	2.398422e-01	1.041061e-02
1.423177e-04	2.549551e-02	2.606514e-01	1.116414e-02
1.636654e-04	2.734089e-02	2.822813e-01	1.197220e-02
1.882152e-04	2.931984e-02	3.054477e-01	1.283876e-02
2.164475e-04	3.144202e-02	3.308016e-01	1.376804e-02
2.489146e-04	3.371782e-02	3.575007e-01	1.476457e-02
2.862518e-04	3.615833e-02	3.863118e-01	1.583324e-02
3.291895e-04	3.877549e-02	4.152951e-01	1.697926e-02
3.785680e-04	4.158208e-02	4.461264e-01	1.820823e-02
4.353531e-04	4.459181e-02	4.795005e-01	1.952615e-02
5.006561e-04	4.781939e-02	5.139338e-01	2.093946e-02
5.757545e-04	5.128058e-02	5.507459e-01	2.245507e-02
6.621177e-04	5.499230e-02	5.878171e-01	2.408038e-02
7.614354e-04	5.897267e-02	6.273775e-01	2.582333e-02
8.756507e-04	6.324114e-02	6.670974e-01	2.769244e-02
1.006998e-03	6.781857e-02	7.067932e-01	2.969683e-02
1.158048e-03	7.272731e-02	7.488678e-01	3.184630e-02
1.331755e-03	7.799136e-02	7.906532e-01	3.415136e-02
1.531519e-03	8.363641e-02	8.340818e-01	3.662325e-02
1.761246e-03	8.969006e-02	8.741095e-01	3.927406e-02
2.025433e-03	9.618187e-02	9.157518e-01	4.211674e-02
2.329248e-03	1.031436e-01	9.596010e-01	4.516517e-02
2.678635e-03	1.106092e-01	1.001791e+00	4.843425e-02
3.080431e-03	1.186151e-01	1.043010e+00	5.193994e-02
3.542495e-03	1.272005e-01	1.080098e+00	5.569938e-02
4.073870e-03	1.364074e-01	1.117217e+00	5.973093e-02
4.684950e-03	1.462806e-01	1.155121e+00	6.405429e-02
5.387693e-03	1.568685e-01	1.190415e+00	6.869057e-02
6.195847e-03	1.682227e-01	1.223427e+00	7.363646e-02
7.125224e-03	1.803987e-01	1.253814e+00	7.898014e-02
8.194007e-03	1.934561e-01	1.281297e+00	8.471445e-02
9.423108e-03	2.074586e-01	1.306678e+00	9.084514e-02
1.083657e-02	2.224745e-01	1.328777e+00	9.742063e-02
1.246206e-02	2.385773e-01	1.349180e+00	1.044719e-01
1.433137e-02	2.558457e-01	1.367242e+00	1.120335e-01
1.648108e-02	2.743639e-01	1.380928e+00	1.201424e-01
1.895324e-02	2.942225e-01	1.392435e+00	1.288381e-01
2.179622e-02	3.155185e-01	1.402710e+00	1.381634e-01
2.506566e-02	3.383559e-01	1.409880e+00	1.481636e-01
2.882550e-02	3.628463e-01	1.414941e+00	1.588876e-01
3.314933e-02	3.891093e-01	1.415276e+00	1.703878e-01
3.812173e-02	4.172733e-01	1.413039e+00	1.827204e-01
4.383999e-02	4.474757e-01	1.408407e+00	1.959456e-01
5.041599e-02	4.798642e-01	1.400204e+00	2.101282e-01
5.797838e-02	5.145971e-01	1.388971e+00	2.253372e-01
6.667514e-02	5.518439e-01	1.373618e+00	2.416470e-01
7.667641e-02	5.917866e-01	1.355021e+00	2.591374e-01
8.817787e-02	6.346205e-01	1.332709e+00	2.778938e-01
1.014046e-01	6.805546e-01	1.307058e+00	2.980078e-01
1.166152e-01	7.298135e-01	1.277626e+00	3.195776e-01
1.341075e-01	7.826378e-01	1.245237e+00	3.427085e-01
1.542237e-01	8.392856e-01	1.209588e+00	3.675138e-01
1.773572e-01	9.000335e-01	1.172518e+00	3.941146e-01
2.039608e-01	9.651784e-01	1.131979e+00	4.226407e-01
2.345549e-01	1.035039e+00	1.087886e+00	4.532314e-01
2.697381e-01	1.109955e+00	1.042310e+00	4.860363e-01
3.101989e-01	1.190294e+00	9.956081e-01	5.212158e-01
3.567287e-01	1.276448e+00	9.499276e-01	5.589416e-01
4.102380e-01	1.368838e+00	9.023110e-01	5.993983e-01
4.717737e-01	1.467916e+00	8.523153e-01	6.427813e-01
5.425397e-01	1.574164e+00	8.026406e-01	6.893090e-01
6.239207e-01	1.685374e+00	7.539674e-01	7.391998e-01
7.175088e-01	1.789054e+00	7.058531e-01	7.930470e-01
8.251351e-01	1.897467e+00	6.598888e-01	8.514315e-01
9.489054e-01	2.010234e+00	6.148296e-01	9.147629e-01
1.091241e+00	1.069546e+00	5.717889e-01	9.835568e-01
1.254927e+00	1.147006e+00	5.297981e-01	1.058401e+00
1.443166e+00	1.230073e+00	4.885786e-01	1.139988e+00
1.659641e+00	1.338884e+00	4.528093e-01	1.229148e+00
1.908588e+00	1.473796e+00	4.180611e-01	1.326885e+00
2.194876e+00	1.613267e+00	3.826835e-01	1.434430e+00
2.524107e+00	1.768879e+00	3.537291e-01	1.553313e+00
2.902723e+00	1.938805e+00	3.278323e-01	1.685446e+00
3.338132e+00	2.121856e+00	3.039320e-01	1.826629e+00
3.838852e+00	2.325818e+00	2.770385e-01	1.793667e+00
4.414679e+00	2.542577e+00	2.461840e-01	1.763658e+00
5.076881e+00	2.782428e+00	2.205750e-01	1.738095e+00
5.838413e+00	3.044358e+00	1.970406e-01	1.718454e+00
6.714175e+00	3.325577e+00	1.782212e-01	1.706214e+00
7.721302e+00	3.641570e+00	1.601111e-01	1.702875e+00
8.879497e+00	3.996475e+00	1.440817e-01	1.709928e+00
1.021142e+01	4.387570e+00	1.304572e-01	1.729059e+00
1.174313e+01	4.817460e+00	1.170123e-01	1.761969e+00
1.350460e+01	5.258688e+00	1.053354e-01	1.810473e+00
1.553030e+01	5.736724e+00	9.428418e-02	1.876509e+00
1.785984e+01	6.201816e+00	8.526199e-02	1.962147e+00
2.053882e+01	6.685421e+00	7.670093e-02	2.069643e+00
2.361964e+01	7.194279e+00	6.827987e-02	2.201515e+00
2.716258e+01	7.636406e+00	6.068302e-02	2.360662e+00
3.123697e+01	8.086326e+00	5.420568e-02	2.550516e+00
3.592252e+01	8.471259e+00	4.870001e-02	2.775270e+00
4.131089e+01	8.827663e+00	4.361322e-02	3.040067e+00
4.750753e+01	9.174728e+00	3.868189e-02	3.351277e+00
5.463366e+01	9.424495e+00	3.421191e-02	3.716797e+00
6.282871e+01	9.650121e+00	3.043072e-02	4.146410e+00
7.225301e+01	9.777810e+00	2.695429e-02	4.652219e+00
8.309096e+01	9.901543e+00	2.400738e-02	5.249232e+00
9.555461e+01	1.002995e+01	2.133527e-02	5.955845e+00
1.098878e+02	1.004573e+01	1.897282e-02	6.795020e+00
1.263710e+02	1.073805e+01	1.686969e-02	7.796754e+00
1.453266e+02	1.044212e+01	1.489003e-02	9.014067e+00
1.671256e+02	1.007574e+01	1.335454e-02	1.047960e+01
1.921945e+02	9.702839e+00	1.192484e-02	1.225519e+01
2.210236e+02	9.307348e+00	1.051822e-02	1.441253e+01
2.541772e+02	8.942185e+00	9.321563e-03	1.701876e+01
2.923037e+02	8.525705e+00	8.182119e-03	2.016985e+01
3.361493e+02	8.101868e+00	7.313140e-03	2.400883e+01
3.865717e+02	7.679798e+00	6.505076e-03	2.870837e+01
4.445574e+02	7.263933e+00	5.717449e-03	3.448715e+01
5.112411e+02	6.863262e+00	5.060016e-03	4.162557e+01
5.879272e+02	6.464660e+00	4.432609e-03	5.048078e+01
6.761163e+02	6.066055e+00	3.926637e-03	6.150752e+01
7.775337e+02	5.669815e+00	3.450082e-03	7.529435e+01
8.941638e+02	5.278020e+00	3.036782e-03	9.260680e+01
1.028288e+03	4.897737e+00	2.703480e-03	1.144222e+02
1.182532e+03	4.539690e+00	2.378004e-03	1.419684e+02
1.359911e+03	4.195566e+00	2.105121e-03	1.767991e+02
1.563898e+03	3.864128e+00	1.853664e-03	2.209686e+02
1.798483e+03	3.547652e+00	1.650734e-03	2.771189e+02
2.068255e+03	3.248284e+00	1.463088e-03	3.486539e+02
2.378493e+03	2.967358e+00	1.282094e-03	4.399442e+02
2.735268e+03	2.705774e+00	1.119521e-03	5.565912e+02
3.145558e+03	2.462666e+00	9.879481e-04	7.057509e+02
3.617391e+03	2.237811e+00	8.753169e-04	8.965731e+02
4.160000e+03	2.031843e+00	7.738981e-04	1.140705e+03
4.784000e+03	1.844126e+00	6.770193e-04	1.452916e+03
5.501600e+03	1.673460e+00	5.892483e-04	1.851862e+03
6.326840e+03	1.519367e+00	5.179243e-04	2.360996e+03
7.275866e+03	1.381180e+00	4.516125e-04	3.009661e+03
8.367246e+03	1.257318e+00	3.974409e-04	3.834362e+03
9.622333e+03	1.146413e+00	3.488300e-04	4.880242e+03
