# Energy_MeV	dEdx_Elec_MeV_um	dEdx_Nucl_MeV_um	Range_um
1.000000e-05	7.032495e-03	3.530243e-02	2.843941e-03
1.150000e-05	7.541510e-03	3.913072e-02	3.049787e-03
1.322500e-05	8.087369e-03	4.340257e-02	3.270532e-03
1.520875e-05	8.672737e-03	4.822615e-02	3.507255e-03
1.749006e-05	9.300474e-03	5.346123e-02	3.761112e-03
2.011357e-05	9.973647e-03	5.926130e-02	4.033343e-03
2.313061e-05	1.069555e-02	6.561514e-02	4.325279e-03
2.660020e-05	1.146969e-02	7.260369e-02	4.638345e-03
3.059023e-05	1.229988e-02	8.028307e-02	4.974071e-03
3.517876e-05	1.319015e-02	8.865755e-02	5.334097e-03
4.045558e-05	1.414486e-02	9.797240e-02	5.720181e-03
4.652391e-05	1.516867e-02	1.081518e-01	6.134211e-03
5.350250e-05	1.626659e-02	1.190832e-01	6.578208e-03
6.152788e-05	1.744397e-02	1.309431e-01	7.054343e-03
7.075706e-05	1.870658e-02	1.443850e-01	7.564940e-03
8.137062e-05	2.006057e-02	1.589765e-01	8.112494e-03
9.357621e-05	2.151256e-02	1.747944e-01	8.699681e-03
1.076126e-04	2.306965e-02	1.917633e-01	9.329368e-03
1.237545e-04	2.473945e-02	2.099994e-01	1.000463e-02
1.423177e-04	2.653010e-02	2.306418e-01	1.072877e-02
1.636654e-04	2.845036e-02	2.528167e-01	1.150533e-02
1.882152e-04	3.050962e-02	2.767153e-01	1.233809e-02
2.164475e-04	3.271792e-02	3.025729e-01	1.323113e-02
2.489146e-04	3.508606e-02	3.305471e-01	1.418880e-02
2.862518e-04	3.762560e-02	3.606502e-01	1.521580e-02
3.291895e-04	4.034897e-02	3.923816e-01	1.631712e-02
3.785680e-04	4.326945e-02	4.270031e-01	1.749817e-02
4.353531e-04	4.640131e-02	4.642217e-01	1.876469e-02
5.006561e-04	4.975986e-02	5.038207e-01	2.012289e-02
5.757545e-04	5.336151e-02	5.445406e-01	2.157940e-02
6.621177e-04	5.722384e-02	5.889598e-01	2.314132e-02
7.614354e-04	6.136573e-02	6.382702e-01	2.481630e-02
8.756507e-04	6.580742e-02	6.889381e-01	2.661252e-02
1.006998e-03	7.057059e-02	7.426254e-01	2.853875e-02
1.158048e-03	7.567853e-02	7.968496e-01	3.060440e-02
1.331755e-03	8.115618e-02	8.552879e-01	3.281956e-02
1.531519e-03	8.703031e-02	9.194457e-01	3.519506e-02
1.761246e-03	9.332961e-02	9.841929e-01	3.774250e-02
2.025433e-03	1.000849e-01	1.052293e+00	4.047432e-02
2.329248e-03	1.073291e-01	1.122448e+00	4.340387e-02
2.678635e-03	1.150976e-01	1.194410e+00	4.654547e-02
3.080431e-03	1.234284e-01	1.267614e+00	4.991445e-02
3.542495e-03	1.323622e-01	1.341455e+00	5.352729e-02
4.073870e-03	1.419427e-01	1.419129e+00	5.740162e-02
4.684950e-03	1.522166e-01	1.497283e+00	6.155638e-02
5.387693e-03	1.632341e-01	1.571679e+00	6.601186e-02
6.195847e-03	1.750490e-01	1.644515e+00	7.078984e-02
7.125224e-03	1.877192e-01	1.725137e+00	7.591364e-02
8.194007e-03	2.013064e-01	1.803117e+00	8.140831e-02
9.423108e-03	2.158771e-01	1.877969e+00	8.730069e-02
1.083657e-02	2.315024e-01	1.947762e+00	9.361956e-02
1.246206e-02	2.482586e-01	2.012570e+00	1.003488e-01
1.433137e-02	2.662277e-01	2.083619e+00	1.076448e-01
1.648108e-02	2.854974e-01	2.149016e+00	1.154584e-01
1.895324e-02	3.061619e-01	2.209036e+00	1.238146e-01
2.179622e-02	3.283220e-01	2.265292e+00	1.327762e-01
2.506566e-02	3.520861e-01	2.317204e+00	1.423866e-01
2.882550e-02	3.775703e-01	2.364676e+00	1.526923e-01
3.314933e-02	4.048991e-01	2.404736e+00	1.637440e-01
3.812173e-02	4.342059e-01	2.442687e+00	1.755957e-01
4.383999e-02	4.656339e-01	2.476443e+00	1.883052e-01
5.041599e-02	4.993368e-01	2.504331e+00	2.019347e-01
5.797838e-02	5.354790e-01	2.524616e+00	2.165506e-01
6.667514e-02	5.742373e-01	2.542445e+00	2.322244e-01
7.667641e-02	6.158009e-01	2.559299e+00	2.490327e-01
8.817787e-02	6.603729e-01	2.568335e+00	2.670577e-01
1.014046e-01	7.081710e-01	2.571794e+00	2.863873e-01
1.166152e-01	7.594288e-01	2.567945e+00	3.071159e-01
1.341075e-01	8.143967e-01	2.559664e+00	3.293448e-01
1.542237e-01	8.733431e-01	2.547753e+00	3.531828e-01
1.773572e-01	9.365561e-01	2.528116e+00	3.787462e-01
2.039608e-01	1.004345e+00	2.502056e+00	4.061599e-01
2.345549e-01	1.077040e+00	2.469503e+00	4.355577e-01
2.697381e-01	1.154996e+00	2.430459e+00	4.670833e-01
3.101989e-01	1.238596e+00	2.385206e+00	5.008909e-01
3.567287e-01	1.328246e+00	2.333534e+00	5.371455e-01
4.102380e-01	1.424385e+00	2.275392e+00	5.760242e-01
4.717737e-01	1.527483e+00	2.211632e+00	6.177167e-01
5.425397e-01	1.638043e+00	2.144871e+00	6.624272e-01
6.239207e-01	1.756605e+00	2.073860e+00	7.103740e-01
7.175088e-01	1.883749e+00	1.993449e+00	7.617910e-01
8.251351e-01	2.020096e+00	1.911369e+00	8.169300e-01
9.489054e-01	2.166311e+00	1.826505e+00	8.760580e-01
1.091241e+00	2.323110e+00	1.742880e+00	9.394679e-01
1.254927e+00	2.484749e+00	1.659675e+00	1.007483e+00
1.443166e+00	2.637397e+00	1.566459e+00	1.080950e+00
1.659641e+00	2.796937e+00	1.476637e+00	1.160610e+00
1.908588e+00	2.962784e+00	1.388106e+00	1.247034e+00
2.194876e+00	3.133980e+00	1.300892e+00	1.340924e+00
2.524107e+00	3.309090e+00	1.215699e+00	1.443090e+00
2.902723e+00	3.486074e+00	1.131952e+00	1.554486e+00
3.338132e+00	3.662163e+00	1.055229e+00	1.676256e+00
3.838852e+00	1.967155e+00	9.777822e-01	1.809787e+00
4.414679e+00	2.152816e+00	9.031673e-01	1.956781e+00
5.076881e+00	2.358833e+00	8.339325e-01	2.119354e+00
5.838413e+00	2.586499e+00	7.727789e-01	2.300157e+00
6.714175e+00	2.830824e+00	7.110341e-01	2.502534e+00
7.721302e+00	3.103640e+00	6.497676e-01	2.730724e+00
8.879497e+00	3.396620e+00	6.039963e-01	2.990105e+00
1.021142e+01	3.715238e+00	5.626132e-01	3.287513e+00
1.174313e+01	4.063794e+00	5.155231e-01	3.631646e+00
1.350460e+01	4.406016e+00	4.613694e-01	3.628294e+00
1.553030e+01	4.786758e+00	4.076246e-01	3.453994e+00
1.785984e+01	5.210349e+00	3.660889e-01	3.318048e+00
2.053882e+01	5.659041e+00	3.300610e-01	3.218716e+00
2.361964e+01	6.145397e+00	2.971929e-01	3.154737e+00
2.716258e+01	6.666238e+00	2.677471e-01	3.125289e+00
3.123697e+01	7.247290e+00	2.415753e-01	3.129954e+00
3.592252e+01	7.875445e+00	2.180016e-01	3.168619e+00
4.131089e+01	8.561352e+00	1.953325e-01	3.241729e+00
4.750753e+01	9.328098e+00	1.747194e-01	3.350108e+00
5.463366e+01	1.009425e+01	1.578244e-01	3.495165e+00
6.282871e+01	1.091180e+01	1.429532e-01	3.679047e+00
7.225301e+01	1.172440e+01	1.266725e-01	3.904804e+00
8.309096e+01	1.250426e+01	1.126739e-01	4.176586e+00
9.555461e+01	1.331623e+01	1.005180e-01	4.499848e+00
1.098878e+02	1.398593e+01	9.020222e-02	4.881581e+00
1.263710e+02	1.461499e+01	8.138283e-02	5.330578e+00
1.453266e+02	1.511366e+01	7.170528e-02	5.857803e+00
1.671256e+02	1.562427e+01	6.356744e-02	6.476815e+00
1.921945e+02	1.615788e+01	5.652935e-02	7.204171e+00
2.210236e+02	1.648910e+01	5.019157e-02	8.059829e+00
2.541772e+02	1.844565e+01	4.460514e-02	9.072838e+00
2.923037e+02	1.829582e+01	3.949160e-02	1.029240e+01
3.361493e+02	1.800304e+01	3.532735e-02	1.174004e+01
3.865717e+02	1.767203e+01	3.132635e-02	1.347314e+01
4.445574e+02	1.727401e+01	2.774627e-02	1.554760e+01
5.112411e+02	1.687054e+01	2.470224e-02	1.801191e+01
5.879272e+02	1.633147e+01	2.218712e-02	2.094493e+01
6.761163e+02	1.576305e+01	1.973810e-02	2.446167e+01
7.775337e+02	1.518131e+01	1.729162e-02	2.869838e+01
8.941638e+02	1.460097e+01	1.528292e-02	3.382463e+01
1.028288e+03	1.404424e+01	1.353084e-02	4.005578e+01
1.182532e+03	1.346769e+01	1.210825e-02	4.766146e+01
1.359911e+03	1.286591e+01	1.073900e-02	5.698116e+01
1.563898e+03	1.224312e+01	9.390196e-03	6.845057e+01
1.798483e+03	1.160589e+01	8.284862e-03	8.263082e+01
2.068255e+03	1.096670e+01	7.299287e-03	1.002271e+02
2.378493e+03	1.035490e+01	6.423086e-03	1.221118e+02
2.735268e+03	9.743474e+00	5.667575e-03	1.493825e+02
3.145558e+03	9.133086e+00	5.021404e-03	1.834906e+02
3.617391e+03	8.532142e+00	4.451026e-03	2.262873e+02
4.160000e+03	7.946937e+00	3.915374e-03	2.801468e+02
4.784000e+03	7.380622e+00	3.438601e-03	3.481070e+02
5.501600e+03	6.837119e+00	3.062776e-03	4.340496e+02
6.326840e+03	6.318767e+00	2.737899e-03	5.429284e+02
7.275866e+03	5.827197e+00	2.379679e-03	6.810784e+02
8.367246e+03	5.363684e+00	2.084615e-03	8.565684e+02
9.622333e+03	4.929933e+00	1.832853e-03	1.079646e+03
