# Energy_MeV	dEdx_Elec_MeV_um	dEdx_Nucl_MeV_um	Range_um
1.000000e-05	5.565190e-03	4.166644e-02	3.593768e-03
1.150000e-05	5.968001e-03	4.600711e-02	3.853887e-03
1.322500e-05	6.399968e-03	5.085835e-02	4.132833e-03
1.520875e-05	6.863201e-03	5.612629e-02	4.431970e-03
1.749006e-05	7.359964e-03	6.185214e-02	4.752758e-03
2.011357e-05	7.892682e-03	6.805754e-02	5.096765e-03
2.313061e-05	8.463958e-03	7.495594e-02	5.465672e-03
2.660020e-05	9.076584e-03	8.255570e-02	5.861280e-03
3.059023e-05	9.733552e-03	9.084381e-02	6.285522e-03
3.517876e-05	1.043807e-02	9.971514e-02	6.740472e-03
4.045558e-05	1.119358e-02	1.092979e-01	7.228351e-03
4.652391e-05	1.200378e-02	1.198961e-01	7.751543e-03
5.350250e-05	1.287262e-02	1.314721e-01	8.312603e-03
6.152788e-05	1.380435e-02	1.440303e-01	8.914274e-03
7.075706e-05	1.480352e-02	1.575047e-01	9.559494e-03
8.137062e-05	1.587500e-02	1.722447e-01	1.025141e-02
9.357621e-05	1.702404e-02	1.878767e-01	1.099342e-02
1.076126e-04	1.825625e-02	2.045698e-01	1.178913e-02
1.237545e-04	1.957765e-02	2.226802e-01	1.264243e-02
1.423177e-04	2.099469e-02	2.421072e-01	1.355750e-02
1.636654e-04	2.251430e-02	2.632510e-01	1.453880e-02
1.882152e-04	2.414389e-02	2.845912e-01	1.559112e-02
2.164475e-04	2.589144e-02	3.077724e-01	1.671961e-02
2.489146e-04	2.776548e-02	3.336884e-01	1.792979e-02
2.862518e-04	2.977516e-02	3.603147e-01	1.922756e-02
3.291895e-04	3.193030e-02	3.890427e-01	2.061926e-02
3.785680e-04	3.424143e-02	4.175359e-01	2.211169e-02
4.353531e-04	3.671984e-02	4.481311e-01	2.371215e-02
5.006561e-04	3.937765e-02	4.819881e-01	2.542844e-02
5.757545e-04	4.222782e-02	5.162794e-01	2.726897e-02
6.621177e-04	4.528429e-02	5.525934e-01	2.924271e-02
7.614354e-04	4.856199e-02	5.894095e-01	3.135931e-02
8.756507e-04	5.207694e-02	6.276808e-01	3.362912e-02
1.006998e-03	5.584629e-02	6.673244e-01	3.606321e-02
1.158048e-03	5.988848e-02	7.064868e-01	3.867348e-02
1.331755e-03	6.422324e-02	7.479330e-01	4.147269e-02
1.531519e-03	6.887175e-02	7.893094e-01	4.447451e-02
1.761246e-03	7.385672e-02	8.297834e-01	4.769359e-02
2.025433e-03	7.920251e-02	8.695288e-01	5.114568e-02
2.329248e-03	8.493523e-02	9.111037e-01	5.484763e-02
2.678635e-03	9.108289e-02	9.531175e-01	5.881753e-02
3.080431e-03	9.767552e-02	9.944514e-01	6.307478e-02
3.542495e-03	1.047453e-01	1.032558e+00	6.764017e-02
4.073870e-03	1.123268e-01	1.068802e+00	7.253600e-02
4.684950e-03	1.204571e-01	1.105539e+00	7.778619e-02
5.387693e-03	1.291759e-01	1.141240e+00	8.341640e-02
6.195847e-03	1.385257e-01	1.175123e+00	8.945412e-02
7.125224e-03	1.485522e-01	1.205751e+00	9.592885e-02
8.194007e-03	1.593045e-01	1.235476e+00	1.028192e-01
9.423108e-03	1.708351e-01	1.261035e+00	1.103060e-01
1.083657e-02	1.832002e-01	1.283724e+00	1.183060e-01
1.246206e-02	1.964603e-01	1.304869e+00	1.268690e-01
1.433137e-02	2.106803e-01	1.323541e+00	1.360513e-01
1.648108e-02	2.259294e-01	1.340699e+00	1.458987e-01
1.895324e-02	2.422823e-01	1.352299e+00	1.564587e-01
2.179622e-02	2.598188e-01	1.362376e+00	1.677830e-01
2.506566e-02	2.786246e-01	1.372177e+00	1.799271e-01
2.882550e-02	2.987916e-01	1.378147e+00	1.929501e-01
3.314933e-02	3.204183e-01	1.381399e+00	2.069157e-01
3.812173e-02	3.436104e-01	1.380321e+00	2.218921e-01
4.383999e-02	3.684811e-01	1.376691e+00	2.379526e-01
5.041599e-02	3.951519e-01	1.371282e+00	2.551756e-01
5.797838e-02	4.237532e-01	1.362080e+00	2.736451e-01
6.667514e-02	4.544247e-01	1.349329e+00	2.934515e-01
7.667641e-02	4.873162e-01	1.332996e+00	3.146914e-01
8.817787e-02	5.225884e-01	1.313245e+00	3.374687e-01
1.014046e-01	5.604137e-01	1.290133e+00	3.618947e-01
1.166152e-01	6.009767e-01	1.263617e+00	3.880887e-01
1.341075e-01	6.444757e-01	1.233497e+00	4.161785e-01
1.542237e-01	6.911232e-01	1.200431e+00	4.463014e-01
1.773572e-01	7.411471e-01	1.165311e+00	4.786048e-01
2.039608e-01	7.947917e-01	1.127816e+00	5.132463e-01
2.345549e-01	8.523191e-01	1.086519e+00	5.503952e-01
2.697381e-01	9.140104e-01	1.043104e+00	5.902327e-01
3.101989e-01	9.801670e-01	9.976706e-01	6.329538e-01
3.567287e-01	1.051112e+00	9.528685e-01	6.787672e-01
4.102380e-01	1.127192e+00	9.076408e-01	7.278967e-01
4.717737e-01	1.208779e+00	8.596273e-01	7.805818e-01
5.425397e-01	1.296271e+00	8.113971e-01	8.370808e-01
6.239207e-01	1.390096e+00	7.629227e-01	8.976688e-01
7.175088e-01	1.490711e+00	7.162144e-01	9.626361e-01
8.251351e-01	1.592178e+00	6.687505e-01	1.032364e+00
9.489054e-01	1.689799e+00	6.243606e-01	1.107762e+00
1.091241e+00	1.791758e+00	5.823617e-01	1.189513e+00
1.254927e+00	1.897653e+00	5.403790e-01	1.278227e+00
1.443166e+00	1.006361e+00	5.001989e-01	1.374622e+00
1.659641e+00	1.079233e+00	4.604015e-01	1.479542e+00
1.908588e+00	1.157380e+00	4.269075e-01	1.593979e+00
2.194876e+00	1.270163e+00	3.939619e-01	1.719124e+00
2.524107e+00	1.399510e+00	3.598081e-01	1.856425e+00
2.902723e+00	1.537454e+00	3.327638e-01	2.007663e+00
3.338132e+00	1.688740e+00	3.102940e-01	2.175052e+00
3.838852e+00	1.857625e+00	2.860843e-01	2.347984e+00
4.414679e+00	2.036480e+00	2.583630e-01	2.319412e+00
5.076881e+00	2.236529e+00	2.286007e-01	2.292421e+00
5.838413e+00	2.454905e+00	2.040924e-01	2.268950e+00
6.714175e+00	2.693590e+00	1.839224e-01	2.250976e+00
7.721302e+00	2.960975e+00	1.658628e-01	2.240513e+00
8.879497e+00	3.245253e+00	1.496537e-01	2.239632e+00
1.021142e+01	3.568142e+00	1.346184e-01	2.250394e+00
1.174313e+01	3.932126e+00	1.214815e-01	2.275173e+00
1.350460e+01	4.319475e+00	1.091113e-01	2.316341e+00
1.553030e+01	4.747030e+00	9.771042e-02	2.376466e+00
1.785984e+01	5.172337e+00	8.819253e-02	2.458292e+00
2.053882e+01	5.616722e+00	7.965006e-02	2.564760e+00
2.361964e+01	6.063950e+00	7.121475e-02	2.699042e+00
2.716258e+01	6.500537e+00	6.344132e-02	2.864617e+00
3.123697e+01	6.959671e+00	5.637167e-02	3.065384e+00
3.592252e+01	7.351689e+00	5.057288e-02	3.305861e+00
4.131089e+01	7.728558e+00	4.542214e-02	3.591444e+00
4.750753e+01	8.078454e+00	4.040219e-02	3.928673e+00
5.463366e+01	8.369862e+00	3.586577e-02	4.325598e+00
6.282871e+01	8.656772e+00	3.175279e-02	4.792171e+00
7.225301e+01	8.871789e+00	2.825751e-02	5.340731e+00
8.309096e+01	9.033726e+00	2.497983e-02	5.986573e+00
9.555461e+01	9.143544e+00	2.219921e-02	6.748618e+00
1.098878e+02	9.241840e+00	1.983448e-02	7.650341e+00
1.263710e+02	9.324208e+00	1.761119e-02	8.720959e+00
1.453266e+02	9.331279e+00	1.564342e-02	9.995110e+00
1.671256e+02	9.597792e+00	1.381621e-02	1.152724e+01
1.921945e+02	9.285612e+00	1.239372e-02	1.339348e+01
2.210236e+02	8.922285e+00	1.107927e-02	1.564254e+01
2.541772e+02	8.546014e+00	9.733097e-03	1.838247e+01
2.923037e+02	8.179639e+00	8.573364e-03	2.171695e+01
3.361493e+02	7.818698e+00	7.582236e-03	2.575248e+01
3.865717e+02	7.423714e+00	6.767726e-03	3.065783e+01
4.445574e+02	7.028598e+00	6.035287e-03	3.665875e+01
5.112411e+02	6.637359e+00	5.292099e-03	4.403557e+01
5.879272e+02	6.255967e+00	4.647371e-03	5.314328e+01
6.761163e+02	5.886648e+00	4.102770e-03	6.443943e+01
7.775337e+02	5.520657e+00	3.613097e-03	7.850556e+01
8.941638e+02	5.157503e+00	3.195724e-03	9.608734e+01
1.028288e+03	4.798663e+00	2.818389e-03	1.181533e+02
1.182532e+03	4.448827e+00	2.496740e-03	1.459614e+02
1.359911e+03	4.111780e+00	2.202766e-03	1.811121e+02
1.563898e+03	3.797189e+00	1.934644e-03	2.256166e+02
1.798483e+03	3.495448e+00	1.722515e-03	2.820485e+02
2.068255e+03	3.206939e+00	1.533664e-03	3.538062e+02
2.378493e+03	2.933773e+00	1.348018e-03	4.452487e+02
2.735268e+03	2.676976e+00	1.182408e-03	5.619910e+02
3.145558e+03	2.437523e+00	1.034194e-03	7.112421e+02
3.617391e+03	2.216004e+00	9.162736e-04	9.022279e+02
4.160000e+03	2.011628e+00	8.127659e-04	1.146734e+03
4.784000e+03	1.823999e+00	7.119461e-04	1.459811e+03
5.501600e+03	1.652787e+00	6.234698e-04	1.860585e+03
6.326840e+03	1.497463e+00	5.440973e-04	2.373280e+03
7.275866e+03	1.357143e+00	4.778876e-04	3.028436e+03
8.367246e+03	1.231008e+00	4.167076e-04	3.864394e+03
9.622333e+03	1.118106e+00	3.649619e-04	4.929032e+03
