# Energy_MeV	dEdx_Elec_MeV_um	dEdx_Nucl_MeV_um	Range_um
1.000000e-05	6.651821e-03	3.647411e-02	3.006696e-03
1.150000e-05	7.133283e-03	4.053245e-02	3.224322e-03
1.322500e-05	7.649594e-03	4.496189e-02	3.457700e-03
1.520875e-05	8.203275e-03	4.984313e-02	3.707970e-03
1.749006e-05	8.797033e-03	5.520178e-02	3.976355e-03
2.011357e-05	9.433767e-03	6.110813e-02	4.264166e-03
2.313061e-05	1.011659e-02	6.762735e-02	4.572808e-03
2.660020e-05	1.084883e-02	7.468067e-02	4.903790e-03
3.059023e-05	1.163408e-02	8.252313e-02	5.258729e-03
3.517876e-05	1.247616e-02	9.111292e-02	5.639359e-03
4.045558e-05	1.337919e-02	1.004796e-01	6.047539e-03
4.652391e-05	1.434758e-02	1.105023e-01	6.485263e-03
5.350250e-05	1.538607e-02	1.216436e-01	6.954670e-03
6.152788e-05	1.649972e-02	1.341125e-01	7.458052e-03
7.075706e-05	1.769398e-02	1.474985e-01	7.997870e-03
8.137062e-05	1.897467e-02	1.620638e-01	8.576760e-03
9.357621e-05	2.034807e-02	1.775378e-01	9.197551e-03
1.076126e-04	2.182088e-02	1.946513e-01	9.863274e-03
1.237545e-04	2.340028e-02	2.136789e-01	1.057718e-02
1.423177e-04	2.509401e-02	2.339583e-01	1.134277e-02
1.636654e-04	2.691032e-02	2.560087e-01	1.216376e-02
1.882152e-04	2.885811e-02	2.798125e-01	1.304418e-02
2.164475e-04	3.094687e-02	3.053463e-01	1.398832e-02
2.489146e-04	3.318682e-02	3.326596e-01	1.500081e-02
2.862518e-04	3.558890e-02	3.618932e-01	1.608657e-02
3.291895e-04	3.816485e-02	3.937537e-01	1.725093e-02
3.785680e-04	4.092724e-02	4.278961e-01	1.849956e-02
4.353531e-04	4.388958e-02	4.630898e-01	1.983857e-02
5.006561e-04	4.706633e-02	5.004471e-01	2.127449e-02
5.757545e-04	5.047301e-02	5.425992e-01	2.281435e-02
6.621177e-04	5.412627e-02	5.864068e-01	2.446567e-02
7.614354e-04	5.804396e-02	6.326834e-01	2.623651e-02
8.756507e-04	6.224522e-02	6.799605e-01	2.813552e-02
1.006998e-03	6.675056e-02	7.292154e-01	3.017198e-02
1.158048e-03	7.158200e-02	7.846439e-01	3.235585e-02
1.331755e-03	7.676314e-02	8.409482e-01	3.469778e-02
1.531519e-03	8.231930e-02	8.996429e-01	3.720922e-02
1.761246e-03	8.827761e-02	9.602255e-01	3.990245e-02
2.025433e-03	9.466719e-02	1.023012e+00	4.279061e-02
2.329248e-03	1.015193e-01	1.088011e+00	4.588781e-02
2.678635e-03	1.088673e-01	1.151804e+00	4.920920e-02
3.080431e-03	1.167471e-01	1.219236e+00	5.277098e-02
3.542495e-03	1.251974e-01	1.287293e+00	5.659058e-02
4.073870e-03	1.342592e-01	1.354746e+00	6.068663e-02
4.684950e-03	1.439770e-01	1.418828e+00	6.507916e-02
5.387693e-03	1.543981e-01	1.485869e+00	6.978963e-02
6.195847e-03	1.655735e-01	1.556735e+00	7.484104e-02
7.125224e-03	1.775578e-01	1.623374e+00	8.025807e-02
8.194007e-03	1.904095e-01	1.687748e+00	8.606719e-02
9.423108e-03	2.041915e-01	1.746134e+00	9.229678e-02
1.083657e-02	2.189710e-01	1.805306e+00	9.897727e-02
1.246206e-02	2.348202e-01	1.866124e+00	1.061433e-01
1.433137e-02	2.518166e-01	1.920697e+00	1.138278e-01
1.648108e-02	2.700432e-01	1.972151e+00	1.220644e-01
1.895324e-02	2.895891e-01	2.020035e+00	1.309006e-01
2.179622e-02	3.105497e-01	2.062916e+00	1.403747e-01
2.506566e-02	3.330275e-01	2.100977e+00	1.505349e-01
2.882550e-02	3.571322e-01	2.134981e+00	1.614306e-01
3.314933e-02	3.829816e-01	2.166815e+00	1.731148e-01
3.812173e-02	4.107020e-01	2.194526e+00	1.856447e-01
4.383999e-02	4.404288e-01	2.214836e+00	1.990815e-01
5.041599e-02	4.723073e-01	2.230821e+00	2.134909e-01
5.797838e-02	5.064932e-01	2.247547e+00	2.289434e-01
6.667514e-02	5.431534e-01	2.258133e+00	2.455142e-01
7.667641e-02	5.824671e-01	2.263394e+00	2.632844e-01
8.817787e-02	6.246264e-01	2.262624e+00	2.823408e-01
1.014046e-01	6.698372e-01	2.256544e+00	3.027766e-01
1.166152e-01	7.183204e-01	2.248507e+00	3.246916e-01
1.341075e-01	7.703128e-01	2.233986e+00	3.481927e-01
1.542237e-01	8.260684e-01	2.213373e+00	3.733948e-01
1.773572e-01	8.858597e-01	2.187206e+00	4.004211e-01
2.039608e-01	9.499787e-01	2.155305e+00	4.294037e-01
2.345549e-01	1.018739e+00	2.117857e+00	4.604840e-01
2.697381e-01	1.092475e+00	2.074983e+00	4.938138e-01
3.101989e-01	1.171549e+00	2.025978e+00	5.295559e-01
3.567287e-01	1.256347e+00	1.972313e+00	5.678853e-01
4.102380e-01	1.347282e+00	1.914529e+00	6.089891e-01
4.717737e-01	1.444799e+00	1.853999e+00	6.530679e-01
5.425397e-01	1.549374e+00	1.787330e+00	7.003369e-01
6.239207e-01	1.661519e+00	1.715180e+00	7.510273e-01
7.175088e-01	1.781780e+00	1.641870e+00	8.053871e-01
8.251351e-01	1.910746e+00	1.567002e+00	8.636802e-01
9.489054e-01	2.049047e+00	1.494071e+00	9.262000e-01
1.091241e+00	2.197358e+00	1.416658e+00	9.932146e-01
1.254927e+00	2.337143e+00	1.335553e+00	1.065337e+00
1.443166e+00	2.479567e+00	1.257414e+00	1.143494e+00
1.659641e+00	2.628003e+00	1.179625e+00	1.228238e+00
1.908588e+00	2.781742e+00	1.102886e+00	1.320253e+00
2.194876e+00	2.939685e+00	1.029407e+00	1.420299e+00
2.524107e+00	3.100236e+00	9.595782e-01	1.529281e+00
2.902723e+00	3.261184e+00	8.919408e-01	1.648269e+00
3.338132e+00	1.725568e+00	8.246254e-01	1.778554e+00
3.838852e+00	1.895488e+00	7.596445e-01	1.921715e+00
4.414679e+00	2.084286e+00	7.035525e-01	2.079702e+00
5.076881e+00	2.285889e+00	6.508155e-01	2.254953e+00
5.838413e+00	2.510192e+00	5.924123e-01	2.450533e+00
6.714175e+00	2.754506e+00	5.474318e-01	2.670316e+00
7.721302e+00	3.018214e+00	5.119114e-01	2.919222e+00
8.879497e+00	3.311862e+00	4.728873e-01	3.203500e+00
1.021142e+01	3.616464e+00	4.280839e-01	3.350384e+00
1.174313e+01	3.941588e+00	3.766770e-01	3.209830e+00
1.350460e+01	4.279895e+00	3.365961e-01	3.095548e+00
1.553030e+01	4.658751e+00	3.036887e-01	3.007819e+00
1.785984e+01	5.085202e+00	2.740422e-01	2.947024e+00
2.053882e+01	5.533235e+00	2.471256e-01	2.913686e+00
2.361964e+01	6.030765e+00	2.220030e-01	2.908506e+00
2.716258e+01	6.583045e+00	2.008255e-01	2.932303e+00
3.123697e+01	7.162285e+00	1.800974e-01	2.986220e+00
3.592252e+01	7.804260e+00	1.615125e-01	3.071566e+00
4.131089e+01	8.485196e+00	1.454021e-01	3.189964e+00
4.750753e+01	9.195044e+00	1.316676e-01	3.343469e+00
5.463366e+01	9.946203e+00	1.180998e-01	3.534739e+00
6.282871e+01	1.062893e+01	1.046908e-01	3.767229e+00
7.225301e+01	1.134101e+01	9.332088e-02	4.045416e+00
8.309096e+01	1.199640e+01	8.338351e-02	4.375038e+00
9.555461e+01	1.260426e+01	7.510517e-02	4.763320e+00
1.098878e+02	1.320091e+01	6.703942e-02	5.219388e+00
1.263710e+02	1.358271e+01	5.919501e-02	5.754521e+00
1.453266e+02	1.398604e+01	5.258376e-02	6.382673e+00
1.671256e+02	1.439949e+01	4.668112e-02	7.120848e+00
1.921945e+02	1.470431e+01	4.134124e-02	7.990779e+00
2.210236e+02	1.495889e+01	3.673243e-02	9.016068e+00
2.541772e+02	1.613209e+01	3.275969e-02	1.024755e+01
2.923037e+02	1.582262e+01	2.918546e-02	1.172403e+01
3.361493e+02	1.549087e+01	2.584902e-02	1.348508e+01
3.865717e+02	1.505755e+01	2.282516e-02	1.560495e+01
4.445574e+02	1.468452e+01	2.045758e-02	1.814170e+01
5.112411e+02	1.420040e+01	1.836256e-02	2.116334e+01
5.879272e+02	1.366737e+01	1.605920e-02	2.479237e+01
6.761163e+02	1.312370e+01	1.416998e-02	2.917248e+01
7.775337e+02	1.257484e+01	1.251786e-02	3.448411e+01
8.941638e+02	1.204627e+01	1.117090e-02	4.095402e+01
1.028288e+03	1.151739e+01	1.000560e-02	4.887057e+01
1.182532e+03	1.097214e+01	8.732617e-03	5.859487e+01
1.359911e+03	1.041383e+01	7.691249e-03	7.058896e+01
1.563898e+03	9.839402e+00	6.774716e-03	8.545020e+01
1.798483e+03	9.268554e+00	5.978494e-03	1.039413e+02
2.068255e+03	8.713051e+00	5.283696e-03	1.270143e+02
2.378493e+03	8.173843e+00	4.651404e-03	1.558535e+02
2.735268e+03	7.638919e+00	4.133978e-03	1.920051e+02
3.145558e+03	7.112015e+00	3.637991e-03	2.374764e+02
3.617391e+03	6.601878e+00	3.204231e-03	2.948379e+02
4.160000e+03	6.111462e+00	2.841580e-03	3.673856e+02
4.784000e+03	5.642757e+00	2.538223e-03	4.593432e+02
5.501600e+03	5.197462e+00	2.239860e-03	5.761042e+02
6.326840e+03	4.776430e+00	1.952410e-03	7.245683e+02
7.275866e+03	4.381733e+00	1.714280e-03	9.135433e+02
8.367246e+03	4.014289e+00	1.511519e-03	1.154229e+03
9.622333e+03	3.673771e+00	1.345279e-03	1.460822e+03
