# Energy_MeV	dEdx_Elec_MeV_um	dEdx_Nucl_MeV_um	Range_um
1.000000e-05	6.957511e-03	3.370528e-02	2.874591e-03
1.150000e-05	7.461099e-03	3.742575e-02	3.082656e-03
1.322500e-05	8.001137e-03	4.148045e-02	3.305780e-03
1.520875e-05	8.580264e-03	4.600650e-02	3.545054e-03
1.749006e-05	9.201308e-03	5.112678e-02	3.801647e-03
2.011357e-05	9.867304e-03	5.667136e-02	4.076812e-03
2.313061e-05	1.058150e-02	6.282456e-02	4.371894e-03
2.660020e-05	1.134740e-02	6.955492e-02	4.688334e-03
3.059023e-05	1.216873e-02	7.696652e-02	5.027678e-03
3.517876e-05	1.304951e-02	8.511173e-02	5.391584e-03
4.045558e-05	1.399404e-02	9.398205e-02	5.781830e-03
4.652391e-05	1.500694e-02	1.038655e-01	6.200322e-03
5.350250e-05	1.609315e-02	1.146478e-01	6.649104e-03
6.152788e-05	1.725798e-02	1.262511e-01	7.130370e-03
7.075706e-05	1.850712e-02	1.388082e-01	7.646470e-03
8.137062e-05	1.984667e-02	1.530524e-01	8.199926e-03
9.357621e-05	2.128318e-02	1.685476e-01	8.793441e-03
1.076126e-04	2.282367e-02	1.852928e-01	9.429914e-03
1.237545e-04	2.447566e-02	2.033147e-01	1.011246e-02
1.423177e-04	2.624722e-02	2.226187e-01	1.084440e-02
1.636654e-04	2.814701e-02	2.444927e-01	1.162933e-02
1.882152e-04	3.018431e-02	2.680472e-01	1.247106e-02
2.164475e-04	3.236906e-02	2.933428e-01	1.337372e-02
2.489146e-04	3.471195e-02	3.207933e-01	1.434172e-02
2.862518e-04	3.722442e-02	3.504550e-01	1.537978e-02
3.291895e-04	3.991875e-02	3.823377e-01	1.649298e-02
3.785680e-04	4.280809e-02	4.160202e-01	1.768675e-02
4.353531e-04	4.590656e-02	4.526745e-01	1.896693e-02
5.006561e-04	4.922930e-02	4.921973e-01	2.033976e-02
5.757545e-04	5.279254e-02	5.342271e-01	2.181196e-02
6.621177e-04	5.661369e-02	5.773326e-01	2.339073e-02
7.614354e-04	6.071142e-02	6.243855e-01	2.508376e-02
8.756507e-04	6.510575e-02	6.768059e-01	2.689934e-02
1.006998e-03	6.981814e-02	7.304356e-01	2.884632e-02
1.158048e-03	7.487161e-02	7.874933e-01	3.093424e-02
1.331755e-03	8.029086e-02	8.448796e-01	3.317327e-02
1.531519e-03	8.610235e-02	9.067739e-01	3.557437e-02
1.761246e-03	9.233449e-02	9.750149e-01	3.814926e-02
2.025433e-03	9.901770e-02	1.043529e+00	4.091053e-02
2.329248e-03	1.061847e-01	1.115863e+00	4.387165e-02
2.678635e-03	1.138704e-01	1.190124e+00	4.704711e-02
3.080431e-03	1.221124e-01	1.266539e+00	5.045240e-02
3.542495e-03	1.309509e-01	1.344253e+00	5.410417e-02
4.073870e-03	1.404292e-01	1.422397e+00	5.802026e-02
4.684950e-03	1.505936e-01	1.504965e+00	6.221980e-02
5.387693e-03	1.614936e-01	1.587666e+00	6.672330e-02
6.195847e-03	1.731826e-01	1.666844e+00	7.155277e-02
7.125224e-03	1.857176e-01	1.743813e+00	7.673179e-02
8.194007e-03	1.991600e-01	1.829233e+00	8.228568e-02
9.423108e-03	2.135753e-01	1.912378e+00	8.824156e-02
1.083657e-02	2.290340e-01	1.991408e+00	9.462853e-02
1.246206e-02	2.456116e-01	2.065854e+00	1.014778e-01
1.433137e-02	2.633891e-01	2.134248e+00	1.087799e-01
1.648108e-02	2.824533e-01	2.209523e+00	1.166986e-01
1.895324e-02	3.028974e-01	2.279360e+00	1.251485e-01
2.179622e-02	3.248213e-01	2.342654e+00	1.342077e-01
2.506566e-02	3.483320e-01	2.402619e+00	1.439211e-01
2.882550e-02	3.735445e-01	2.457681e+00	1.543381e-01
3.314933e-02	4.005818e-01	2.507870e+00	1.655089e-01
3.812173e-02	4.295762e-01	2.550554e+00	1.774883e-01
4.383999e-02	4.606691e-01	2.590608e+00	1.903348e-01
5.041599e-02	4.940126e-01	2.626669e+00	2.041111e-01
5.797838e-02	5.297695e-01	2.656321e+00	2.188845e-01
6.667514e-02	5.681145e-01	2.677694e+00	2.347273e-01
7.667641e-02	6.092349e-01	2.696536e+00	2.517168e-01
8.817787e-02	6.533317e-01	2.714683e+00	2.699360e-01
1.014046e-01	7.006201e-01	2.724140e+00	2.894739e-01
1.166152e-01	7.513314e-01	2.727953e+00	3.104259e-01
1.341075e-01	8.057132e-01	2.723790e+00	3.328944e-01
1.542237e-01	8.640311e-01	2.714974e+00	3.569894e-01
1.773572e-01	9.265701e-01	2.702519e+00	3.828283e-01
2.039608e-01	9.936358e-01	2.681637e+00	4.105373e-01
2.345549e-01	1.065556e+00	2.654054e+00	4.402519e-01
2.697381e-01	1.142681e+00	2.619526e+00	4.721174e-01
3.101989e-01	1.225389e+00	2.578150e+00	5.062894e-01
3.567287e-01	1.314083e+00	2.530170e+00	5.429347e-01
4.102380e-01	1.409197e+00	2.475414e+00	5.822322e-01
4.717737e-01	1.511196e+00	2.413712e+00	6.243742e-01
5.425397e-01	1.620577e+00	2.346177e+00	6.695667e-01
6.239207e-01	1.737875e+00	2.275256e+00	7.180302e-01
7.175088e-01	1.863664e+00	2.200108e+00	7.700013e-01
8.251351e-01	1.998556e+00	2.114898e+00	8.257339e-01
9.489054e-01	2.143213e+00	2.027576e+00	8.855006e-01
1.091241e+00	2.298340e+00	1.937837e+00	9.495966e-01
1.254927e+00	2.464695e+00	1.848791e+00	1.018312e+00
1.443166e+00	2.627676e+00	1.760867e+00	1.092139e+00
1.659641e+00	2.788368e+00	1.662096e+00	1.172062e+00
1.908588e+00	2.956047e+00	1.566367e+00	1.258716e+00
2.194876e+00	1.579845e+00	1.472863e+00	1.352776e+00
2.524107e+00	1.694244e+00	1.380029e+00	1.455008e+00
2.902723e+00	1.816923e+00	1.289672e+00	1.566318e+00
3.338132e+00	1.951516e+00	1.201067e+00	1.687778e+00
3.838852e+00	2.137896e+00	1.119534e+00	1.820675e+00
4.414679e+00	2.342529e+00	1.037587e+00	1.966578e+00
5.076881e+00	2.564359e+00	9.580968e-01	2.127419e+00
5.838413e+00	2.803508e+00	8.845231e-01	2.305608e+00
6.714175e+00	3.070544e+00	8.199188e-01	2.504173e+00
7.721302e+00	3.355485e+00	7.545722e-01	2.726938e+00
8.879497e+00	3.669609e+00	6.889454e-01	2.978753e+00
1.021142e+01	4.015977e+00	6.407313e-01	3.265776e+00
1.174313e+01	4.379828e+00	5.970125e-01	3.595838e+00
1.350460e+01	4.777358e+00	5.471073e-01	3.978905e+00
1.553030e+01	5.173394e+00	4.897163e-01	4.053018e+00
1.785984e+01	5.617158e+00	4.321737e-01	3.840929e+00
2.053882e+01	6.117387e+00	3.884026e-01	3.676243e+00
2.361964e+01	6.619232e+00	3.501066e-01	3.555798e+00
2.716258e+01	7.174908e+00	3.153703e-01	3.477204e+00
3.123697e+01	7.773127e+00	2.840466e-01	3.438738e+00
3.592252e+01	8.425831e+00	2.562444e-01	3.439269e+00
4.131089e+01	9.152311e+00	2.313487e-01	3.478143e+00
4.750753e+01	9.930156e+00	2.071903e-01	3.555379e+00
5.463366e+01	1.078744e+01	1.854100e-01	3.671554e+00
6.282871e+01	1.169218e+01	1.673841e-01	3.827967e+00
7.225301e+01	1.260731e+01	1.517128e-01	4.026796e+00
8.309096e+01	1.358838e+01	1.344648e-01	4.271268e+00
9.555461e+01	1.448308e+01	1.194848e-01	4.565854e+00
1.098878e+02	1.540496e+01	1.066881e-01	4.916475e+00
1.263710e+02	1.627235e+01	9.565518e-02	5.330744e+00
1.453266e+02	1.698314e+01	8.637122e-02	5.818212e+00
1.671256e+02	1.767731e+01	7.611931e-02	6.390830e+00
1.921945e+02	1.838568e+01	6.744734e-02	7.063241e+00
2.210236e+02	1.905098e+01	6.000080e-02	7.853915e+00
2.541772e+02	1.960459e+01	5.323784e-02	8.782813e+00
2.923037e+02	1.935686e+01	4.731605e-02	9.890313e+00
3.361493e+02	1.917243e+01	4.191159e-02	1.121932e+01
3.865717e+02	1.891098e+01	3.748788e-02	1.279379e+01
4.445574e+02	1.854593e+01	3.325166e-02	1.468122e+01
5.112411e+02	1.818329e+01	2.943241e-02	1.693235e+01
5.879272e+02	1.772756e+01	2.619579e-02	1.959823e+01
6.761163e+02	1.716514e+01	2.354201e-02	2.277634e+01
7.775337e+02	1.658117e+01	2.095158e-02	2.658642e+01
8.941638e+02	1.598223e+01	1.833551e-02	3.117604e+01
1.028288e+03	1.539741e+01	1.621668e-02	3.672839e+01
1.182532e+03	1.482499e+01	1.434813e-02	4.347629e+01
1.359911e+03	1.422353e+01	1.284735e-02	5.170925e+01
1.563898e+03	1.359547e+01	1.139947e-02	6.179444e+01
1.798483e+03	1.294038e+01	9.956836e-03	7.420419e+01
2.068255e+03	1.227654e+01	8.792355e-03	8.954237e+01
2.378493e+03	1.161670e+01	7.741961e-03	1.085611e+02
2.735268e+03	1.097750e+01	6.816441e-03	1.321883e+02
3.145558e+03	1.033627e+01	6.012403e-03	1.616154e+02
3.617391e+03	9.696924e+00	5.325957e-03	1.984033e+02
4.160000e+03	9.067007e+00	4.724235e-03	2.445398e+02
4.784000e+03	8.451674e+00	4.152765e-03	3.025700e+02
5.501600e+03	7.856229e+00	3.649438e-03	3.757491e+02
6.326840e+03	7.285227e+00	3.248005e-03	4.682296e+02
7.275866e+03	6.739738e+00	2.905904e-03	5.853141e+02
8.367246e+03	6.221538e+00	2.526416e-03	7.337754e+02
9.622333e+03	5.732386e+00	2.211930e-03	9.222291e+02
