# Energy_MeV	dEdx_Elec_MeV_um	dEdx_Nucl_MeV_um	Range_um
1.000000e-05	5.121261e-03	4.199251e-02	3.905288e-03
1.150000e-05	5.491941e-03	4.637112e-02	4.187955e-03
1.322500e-05	5.889451e-03	5.122191e-02	4.491081e-03
1.520875e-05	6.315732e-03	5.633837e-02	4.816148e-03
1.749006e-05	6.772868e-03	6.199884e-02	5.164743e-03
2.011357e-05	7.263092e-03	6.839807e-02	5.538570e-03
2.313061e-05	7.788798e-03	7.521085e-02	5.939455e-03
2.660020e-05	8.352556e-03	8.276528e-02	6.369356e-03
3.059023e-05	8.957118e-03	9.067825e-02	6.830373e-03
3.517876e-05	9.605439e-03	9.938785e-02	7.324759e-03
4.045558e-05	1.030069e-02	1.091819e-01	7.854929e-03
4.652391e-05	1.104625e-02	1.195441e-01	8.423473e-03
5.350250e-05	1.184579e-02	1.309671e-01	9.033168e-03
6.152788e-05	1.270319e-02	1.430724e-01	9.686994e-03
7.075706e-05	1.362266e-02	1.562483e-01	1.038814e-02
8.137062e-05	1.460867e-02	1.705199e-01	1.114004e-02
9.357621e-05	1.566606e-02	1.854515e-01	1.194636e-02
1.076126e-04	1.679997e-02	2.019597e-01	1.281105e-02
1.237545e-04	1.801596e-02	2.193666e-01	1.373832e-02
1.423177e-04	1.931997e-02	2.378315e-01	1.473271e-02
1.636654e-04	2.071836e-02	2.572722e-01	1.579907e-02
1.882152e-04	2.221796e-02	2.784400e-01	1.694261e-02
2.164475e-04	2.382611e-02	3.012460e-01	1.816893e-02
2.489146e-04	2.555066e-02	3.254395e-01	1.948400e-02
2.862518e-04	2.740003e-02	3.502536e-01	2.089427e-02
3.291895e-04	2.938326e-02	3.761607e-01	2.240661e-02
3.785680e-04	3.151003e-02	4.040264e-01	2.402841e-02
4.353531e-04	3.379075e-02	4.335555e-01	2.576760e-02
5.006561e-04	3.623654e-02	4.644980e-01	2.763267e-02
5.757545e-04	3.885936e-02	4.961222e-01	2.963274e-02
6.621177e-04	4.167202e-02	5.296284e-01	3.177757e-02
7.614354e-04	4.468826e-02	5.631353e-01	3.407765e-02
8.756507e-04	4.792282e-02	5.971562e-01	3.654420e-02
1.006998e-03	5.139150e-02	6.324790e-01	3.918929e-02
1.158048e-03	5.511125e-02	6.683071e-01	4.202583e-02
1.331755e-03	5.910023e-02	7.056687e-01	4.506769e-02
1.531519e-03	6.337793e-02	7.395386e-01	4.832971e-02
1.761246e-03	6.796526e-02	7.745513e-01	5.182784e-02
2.025433e-03	7.288462e-02	8.125933e-01	5.557917e-02
2.329248e-03	7.816005e-02	8.480230e-01	5.960201e-02
2.678635e-03	8.381732e-02	8.841412e-01	6.391604e-02
3.080431e-03	8.988406e-02	9.153472e-01	6.854232e-02
3.542495e-03	9.638991e-02	9.466421e-01	7.350345e-02
4.073870e-03	5.170261e-02	9.797904e-01	7.882366e-02
4.684950e-03	5.546891e-02	1.009470e+00	8.452896e-02
5.387693e-03	5.950781e-02	1.038390e+00	9.064721e-02
6.195847e-03	6.383903e-02	1.063901e+00	9.720831e-02
7.125224e-03	6.848375e-02	1.087898e+00	1.042443e-01
8.194007e-03	7.346464e-02	1.110104e+00	1.117818e-01
9.423108e-03	7.880604e-02	1.128666e+00	1.198850e-01
1.083657e-02	8.453405e-02	1.146701e+00	1.285600e-01
1.246206e-02	9.067665e-02	1.161904e+00	1.378664e-01
1.433137e-02	9.726385e-02	1.174376e+00	1.478447e-01
1.648108e-02	1.043278e-01	1.184208e+00	1.585456e-01
1.895324e-02	1.119031e-01	1.192783e+00	1.700210e-01
2.179622e-02	1.200267e-01	1.199664e+00	1.823270e-01
2.506566e-02	1.287382e-01	1.204126e+00	1.955237e-01
2.882550e-02	1.380803e-01	1.205049e+00	2.096755e-01
3.314933e-02	1.480986e-01	1.203349e+00	2.248517e-01
3.812173e-02	1.588420e-01	1.199481e+00	2.411265e-01
4.383999e-02	1.703630e-01	1.193153e+00	2.585791e-01
5.041599e-02	1.827179e-01	1.183909e+00	2.772950e-01
5.797838e-02	1.959670e-01	1.171302e+00	2.973654e-01
6.667514e-02	2.101751e-01	1.155864e+00	3.188887e-01
7.667641e-02	2.254116e-01	1.137250e+00	3.419699e-01
8.817787e-02	2.417510e-01	1.115798e+00	3.667217e-01
1.014046e-01	2.592730e-01	1.091212e+00	3.932649e-01
1.166152e-01	2.780632e-01	1.063897e+00	4.217293e-01
1.341075e-01	2.982135e-01	1.033526e+00	4.522541e-01
1.542237e-01	3.198222e-01	1.002496e+00	4.849884e-01
1.773572e-01	3.429951e-01	9.685336e-01	5.200919e-01
2.039608e-01	3.678451e-01	9.307690e-01	5.577360e-01
2.345549e-01	3.944939e-01	8.925790e-01	5.981050e-01
2.697381e-01	4.230715e-01	8.521465e-01	6.413961e-01
3.101989e-01	4.537175e-01	8.138293e-01	6.878206e-01
3.567287e-01	4.865817e-01	7.738107e-01	7.376050e-01
4.102380e-01	5.218247e-01	7.305621e-01	7.909929e-01
4.717737e-01	5.596185e-01	6.888721e-01	8.482453e-01
5.425397e-01	6.001479e-01	6.467268e-01	9.096407e-01
6.239207e-01	6.436108e-01	6.063822e-01	9.754870e-01
7.175088e-01	6.902196e-01	5.667226e-01	1.046068e+00
8.251351e-01	7.402046e-01	5.277387e-01	1.122005e+00
9.489054e-01	7.938082e-01	4.916472e-01	1.204285e+00
1.091241e+00	8.512917e-01	4.551668e-01	1.293498e+00
1.254927e+00	9.129359e-01	4.205786e-01	1.390361e+00
1.443166e+00	9.790422e-01	3.890336e-01	1.495671e+00
1.659641e+00	1.049933e+00	3.596390e-01	1.610377e+00
1.908588e+00	1.133105e+00	3.301041e-01	1.735602e+00
2.194876e+00	1.246890e+00	3.037528e-01	1.872701e+00
2.524107e+00	1.369414e+00	2.815653e-01	2.023325e+00
2.902723e+00	1.505016e+00	2.616146e-01	2.189518e+00
3.338132e+00	1.649422e+00	2.391721e-01	2.258997e+00
3.838852e+00	1.810728e+00	2.134102e-01	2.249922e+00
4.414679e+00	1.986563e+00	1.902084e-01	2.240738e+00
5.076881e+00	2.179693e+00	1.700937e-01	2.233239e+00
5.838413e+00	2.396828e+00	1.536628e-01	2.229335e+00
6.714175e+00	2.632914e+00	1.378948e-01	2.231044e+00
7.721302e+00	2.894413e+00	1.244432e-01	2.240413e+00
8.879497e+00	3.178435e+00	1.124726e-01	2.259797e+00
1.021142e+01	3.494983e+00	1.011255e-01	2.291585e+00
1.174313e+01	3.850466e+00	9.090082e-02	2.338379e+00
1.350460e+01	4.210766e+00	8.111999e-02	2.402992e+00
1.553030e+01	4.591460e+00	7.352439e-02	2.488473e+00
1.785984e+01	4.985020e+00	6.628765e-02	2.598122e+00
2.053882e+01	5.348903e+00	5.885352e-02	2.735512e+00
2.361964e+01	5.729535e+00	5.245342e-02	2.904539e+00
2.716258e+01	6.083061e+00	4.666572e-02	3.109516e+00
3.123697e+01	6.421525e+00	4.202652e-02	3.355384e+00
3.592252e+01	6.739867e+00	3.771811e-02	3.647894e+00
4.131089e+01	6.993398e+00	3.335705e-02	3.993946e+00
4.750753e+01	7.243415e+00	2.959004e-02	4.401949e+00
5.463366e+01	7.443904e+00	2.624614e-02	4.882256e+00
6.282871e+01	7.613123e+00	2.332436e-02	5.447699e+00
7.225301e+01	7.757139e+00	2.073885e-02	6.114178e+00
8.309096e+01	7.810575e+00	1.839389e-02	6.901430e+00
9.555461e+01	7.855500e+00	1.640886e-02	7.833988e+00
1.098878e+02	7.890472e+00	1.455570e-02	8.942151e+00
1.263710e+02	7.881139e+00	1.289144e-02	1.026466e+01
1.453266e+02	7.838255e+00	1.151429e-02	1.184565e+01
1.671256e+02	7.994120e+00	1.030006e-02	1.376860e+01
1.921945e+02	7.667450e+00	9.125723e-03	1.611093e+01
2.210236e+02	7.330886e+00	8.054515e-03	1.895234e+01
2.541772e+02	6.969677e+00	7.084684e-03	2.243264e+01
2.923037e+02	6.652185e+00	6.308242e-03	2.667879e+01
3.361493e+02	6.310356e+00	5.620700e-03	3.184044e+01
3.865717e+02	5.958189e+00	4.963179e-03	3.816311e+01
4.445574e+02	5.610229e+00	4.373771e-03	4.594642e+01
5.112411e+02	5.268605e+00	3.839681e-03	5.557274e+01
5.879272e+02	4.939543e+00	3.394832e-03	6.752993e+01
6.761163e+02	4.619144e+00	2.977697e-03	8.244713e+01
7.775337e+02	4.304297e+00	2.630658e-03	1.011253e+02
8.941638e+02	3.995870e+00	2.335901e-03	1.246002e+02
1.028288e+03	3.693342e+00	2.060915e-03	1.542224e+02
1.182532e+03	3.403794e+00	1.820685e-03	1.917373e+02
1.359911e+03	3.130503e+00	1.597083e-03	2.393562e+02
1.563898e+03	2.874093e+00	1.426139e-03	2.998641e+02
1.798483e+03	2.631100e+00	1.267427e-03	3.768950e+02
2.068255e+03	2.401357e+00	1.106887e-03	4.751860e+02
2.378493e+03	2.186013e+00	9.697993e-04	6.008259e+02
2.735268e+03	1.985492e+00	8.516075e-04	7.616405e+02
3.145558e+03	1.800345e+00	7.566622e-04	9.676690e+02
3.617391e+03	1.630625e+00	6.707292e-04	1.231731e+03
4.160000e+03	1.475623e+00	5.847114e-04	1.570198e+03
4.784000e+03	1.334390e+00	5.105858e-04	2.003927e+03
5.501600e+03	1.206232e+00	4.473807e-04	2.559361e+03
6.326840e+03	1.090887e+00	3.916352e-04	3.269915e+03
7.275866e+03	9.874319e-01	3.439195e-04	4.177630e+03
8.367246e+03	8.947865e-01	3.011657e-04	5.335149e+03
9.622333e+03	8.121659e-01	2.649815e-04	6.808072e+03
