# Energy_MeV	dEdx_Elec_MeV_um	dEdx_Nucl_MeV_um	Range_um
1.000000e-05	6.477567e-03	3.467656e-02	3.087579e-03
1.150000e-05	6.946417e-03	3.843143e-02	3.311060e-03
1.322500e-05	7.449202e-03	4.270799e-02	3.550716e-03
1.520875e-05	7.988379e-03	4.738134e-02	3.807719e-03
1.749006e-05	8.566582e-03	5.251781e-02	4.083323e-03
2.011357e-05	9.186636e-03	5.816979e-02	4.378876e-03
2.313061e-05	9.851570e-03	6.439132e-02	4.695822e-03
2.660020e-05	1.056463e-02	7.125625e-02	5.035708e-03
3.059023e-05	1.132931e-02	7.869485e-02	5.400195e-03
3.517876e-05	1.214933e-02	8.694991e-02	5.791064e-03
4.045558e-05	1.302870e-02	9.601073e-02	6.210224e-03
4.652391e-05	1.397173e-02	1.058825e-01	6.659724e-03
5.350250e-05	1.498301e-02	1.164289e-01	7.141758e-03
6.152788e-05	1.606748e-02	1.281658e-01	7.658682e-03
7.075706e-05	1.723046e-02	1.413257e-01	8.213022e-03
8.137062e-05	1.847761e-02	1.554104e-01	8.807485e-03
9.357621e-05	1.981503e-02	1.707774e-01	9.444975e-03
1.076126e-04	2.124925e-02	1.870567e-01	1.012861e-02
1.237545e-04	2.278728e-02	2.050830e-01	1.086172e-02
1.423177e-04	2.443663e-02	2.251691e-01	1.164790e-02
1.636654e-04	2.620537e-02	2.465025e-01	1.249098e-02
1.882152e-04	2.810213e-02	2.697586e-01	1.339508e-02
2.164475e-04	3.013618e-02	2.948097e-01	1.436463e-02
2.489146e-04	3.231745e-02	3.217347e-01	1.540435e-02
2.862518e-04	3.465660e-02	3.505195e-01	1.651932e-02
3.291895e-04	3.716507e-02	3.812802e-01	1.771500e-02
3.785680e-04	3.985509e-02	4.148931e-01	1.899722e-02
4.353531e-04	4.273983e-02	4.508166e-01	2.037225e-02
5.006561e-04	4.583336e-02	4.879568e-01	2.184680e-02
5.757545e-04	4.915080e-02	5.272269e-01	2.342808e-02
6.621177e-04	5.270836e-02	5.716418e-01	2.512382e-02
7.614354e-04	5.652342e-02	6.179123e-01	2.694230e-02
8.756507e-04	6.061462e-02	6.665315e-01	2.889239e-02
1.006998e-03	6.500193e-02	7.164689e-01	3.098364e-02
1.158048e-03	6.970681e-02	7.682022e-01	3.322625e-02
1.331755e-03	7.475222e-02	8.266053e-01	3.563119e-02
1.531519e-03	8.016283e-02	8.861008e-01	3.821019e-02
1.761246e-03	8.596506e-02	9.477277e-01	4.097587e-02
2.025433e-03	9.218725e-02	1.011696e+00	4.394172e-02
2.329248e-03	9.885982e-02	1.077791e+00	4.712225e-02
2.678635e-03	1.060153e-01	1.146141e+00	5.053298e-02
3.080431e-03	1.136888e-01	1.213481e+00	5.419058e-02
3.542495e-03	1.219176e-01	1.284322e+00	5.811293e-02
4.073870e-03	1.307421e-01	1.356224e+00	6.231917e-02
4.684950e-03	1.402053e-01	1.427273e+00	6.682986e-02
5.387693e-03	1.503534e-01	1.494515e+00	7.166704e-02
6.195847e-03	1.612361e-01	1.565077e+00	7.685434e-02
7.125224e-03	1.729064e-01	1.640073e+00	8.241710e-02
8.194007e-03	1.854215e-01	1.709943e+00	8.838249e-02
9.423108e-03	1.988424e-01	1.777975e+00	9.477967e-02
1.083657e-02	2.132347e-01	1.839150e+00	1.016399e-01
1.246206e-02	2.286688e-01	1.901394e+00	1.089862e-01
1.433137e-02	2.452199e-01	1.965821e+00	1.168680e-01
1.648108e-02	2.629691e-01	2.022954e+00	1.253505e-01
1.895324e-02	2.820029e-01	2.077283e+00	1.344211e-01
2.179622e-02	3.024144e-01	2.127485e+00	1.441512e-01
2.506566e-02	3.243034e-01	2.172754e+00	1.545847e-01
2.882550e-02	3.477766e-01	2.212807e+00	1.657734e-01
3.314933e-02	3.729489e-01	2.248425e+00	1.777720e-01
3.812173e-02	3.999431e-01	2.282095e+00	1.906389e-01
4.383999e-02	4.288912e-01	2.311085e+00	2.044372e-01
5.041599e-02	4.599346e-01	2.332591e+00	2.192343e-01
5.797838e-02	4.932249e-01	2.349188e+00	2.351024e-01
6.667514e-02	5.289247e-01	2.366800e+00	2.521190e-01
7.667641e-02	5.672086e-01	2.378138e+00	2.703672e-01
8.817787e-02	6.082634e-01	2.383418e+00	2.899362e-01
1.014046e-01	6.522899e-01	2.382721e+00	3.109218e-01
1.166152e-01	6.995030e-01	2.376126e+00	3.334263e-01
1.341075e-01	7.501334e-01	2.367647e+00	3.575597e-01
1.542237e-01	8.044284e-01	2.352450e+00	3.834397e-01
1.773572e-01	8.626534e-01	2.330572e+00	4.111930e-01
2.039608e-01	9.250927e-01	2.303031e+00	4.409553e-01
2.345549e-01	9.920514e-01	2.269358e+00	4.728717e-01
2.697381e-01	1.063857e+00	2.229878e+00	5.070981e-01
3.101989e-01	1.140859e+00	2.184691e+00	5.438017e-01
3.567287e-01	1.223435e+00	2.133050e+00	5.831622e-01
4.102380e-01	1.311988e+00	2.076439e+00	6.253718e-01
4.717737e-01	1.406950e+00	2.015507e+00	6.706363e-01
5.425397e-01	1.508786e+00	1.951853e+00	7.191769e-01
6.239207e-01	1.617993e+00	1.881635e+00	7.712309e-01
7.175088e-01	1.735104e+00	1.805388e+00	8.270529e-01
8.251351e-01	1.860692e+00	1.728369e+00	8.869158e-01
9.489054e-01	1.995370e+00	1.649276e+00	9.511088e-01
1.091241e+00	2.139796e+00	1.572727e+00	1.019957e+00
1.254927e+00	2.293891e+00	1.491244e+00	1.093764e+00
1.443166e+00	2.435245e+00	1.405432e+00	1.173337e+00
1.659641e+00	2.583140e+00	1.323467e+00	1.259606e+00
1.908588e+00	2.737092e+00	1.241347e+00	1.353166e+00
2.194876e+00	2.896296e+00	1.160779e+00	1.454781e+00
2.524107e+00	3.059522e+00	1.083237e+00	1.565306e+00
2.902723e+00	3.225002e+00	1.009695e+00	1.685756e+00
3.338132e+00	3.390311e+00	9.387307e-01	1.817338e+00
3.838852e+00	3.552267e+00	8.675900e-01	1.961513e+00
4.414679e+00	1.934122e+00	7.994163e-01	2.120072e+00
5.076881e+00	2.126357e+00	7.401140e-01	2.295233e+00
5.838413e+00	2.335501e+00	6.849581e-01	2.489770e+00
6.714175e+00	2.564418e+00	6.234291e-01	2.707177e+00
7.721302e+00	2.818893e+00	5.756153e-01	2.951879e+00
8.879497e+00	3.089615e+00	5.387912e-01	3.229492e+00
1.021142e+01	3.389653e+00	4.976967e-01	3.547151e+00
1.174313e+01	3.709260e+00	4.504795e-01	3.780683e+00
1.350460e+01	4.037444e+00	3.961797e-01	3.609363e+00
1.553030e+01	4.391625e+00	3.541323e-01	3.470469e+00
1.785984e+01	4.784682e+00	3.195484e-01	3.363714e+00
2.053882e+01	5.219040e+00	2.881839e-01	3.288995e+00
2.361964e+01	5.683410e+00	2.599307e-01	3.246444e+00
2.716258e+01	6.192724e+00	2.334909e-01	3.236442e+00
3.123697e+01	6.764011e+00	2.113193e-01	3.259562e+00
3.592252e+01	7.361915e+00	1.895011e-01	3.316732e+00
4.131089e+01	8.023502e+00	1.698973e-01	3.409149e+00
4.750753e+01	8.743770e+00	1.528940e-01	3.538385e+00
5.463366e+01	9.473137e+00	1.385348e-01	3.706539e+00
6.282871e+01	1.025715e+01	1.242710e-01	3.916416e+00
7.225301e+01	1.097890e+01	1.100487e-01	4.171742e+00
8.309096e+01	1.171025e+01	9.816967e-02	4.477400e+00
9.555461e+01	1.242970e+01	8.766428e-02	4.839681e+00
1.098878e+02	1.304817e+01	7.901584e-02	5.266534e+00
1.263710e+02	1.365566e+01	7.054014e-02	5.767982e+00
1.453266e+02	1.407287e+01	6.221749e-02	6.356426e+00
1.671256e+02	1.451416e+01	5.531908e-02	7.047227e+00
1.921945e+02	1.498402e+01	4.908156e-02	7.859019e+00
2.210236e+02	1.527979e+01	4.348963e-02	8.815433e+00
2.541772e+02	1.690631e+01	3.862446e-02	9.944407e+00
2.923037e+02	1.673532e+01	3.444623e-02	1.130380e+01
3.361493e+02	1.642038e+01	3.070826e-02	1.292602e+01
3.865717e+02	1.608548e+01	2.717642e-02	1.486548e+01
4.445574e+02	1.565762e+01	2.401138e-02	1.719574e+01
5.112411e+02	1.527731e+01	2.150587e-02	1.997637e+01
5.879272e+02	1.476678e+01	1.932147e-02	2.328847e+01
6.761163e+02	1.422201e+01	1.688369e-02	2.726657e+01
7.775337e+02	1.366614e+01	1.490693e-02	3.206726e+01
8.941638e+02	1.310562e+01	1.316965e-02	3.788694e+01
1.028288e+03	1.257194e+01	1.174073e-02	4.497396e+01
1.182532e+03	1.202783e+01	1.052780e-02	5.364207e+01
1.359911e+03	1.146452e+01	9.179539e-03	6.428513e+01
1.563898e+03	1.088650e+01	8.091020e-03	7.740812e+01
1.798483e+03	1.029342e+01	7.127287e-03	9.366374e+01
2.068255e+03	9.702367e+00	6.288867e-03	1.138796e+02
2.378493e+03	9.132876e+00	5.555624e-03	1.390847e+02
2.735268e+03	8.572899e+00	4.890493e-03	1.705640e+02
3.145558e+03	8.016052e+00	4.349331e-03	2.100114e+02
3.617391e+03	7.468687e+00	3.825089e-03	2.596040e+02
4.160000e+03	6.938432e+00	3.370907e-03	3.221351e+02
4.784000e+03	6.427981e+00	2.987062e-03	4.011825e+02
5.501600e+03	5.939559e+00	2.670207e-03	5.013267e+02
6.326840e+03	5.475108e+00	2.356631e-03	6.284148e+02
7.275866e+03	5.036000e+00	2.051548e-03	7.899278e+02
8.367246e+03	4.624015e+00	1.803313e-03	9.954058e+02
9.622333e+03	4.239920e+00	1.588657e-03	1.256973e+03
