# Energy_MeV	dEdx_Elec_MeV_um	dEdx_Nucl_MeV_um	Range_um
1.000000e-05	6.880072e-03	3.582275e-02	2.906946e-03
1.150000e-05	7.378055e-03	3.970496e-02	3.117353e-03
1.322500e-05	7.912083e-03	4.413763e-02	3.342988e-03
1.520875e-05	8.484763e-03	4.894964e-02	3.584956e-03
1.749006e-05	9.098895e-03	5.426039e-02	3.844437e-03
2.011357e-05	9.757478e-03	6.008770e-02	4.122699e-03
2.313061e-05	1.046373e-02	6.650037e-02	4.421102e-03
2.660020e-05	1.122110e-02	7.360299e-02	4.741104e-03
3.059023e-05	1.203329e-02	8.127088e-02	5.084267e-03
3.517876e-05	1.290426e-02	8.981218e-02	5.452269e-03
4.045558e-05	1.383828e-02	9.915052e-02	5.846908e-03
4.652391e-05	1.483990e-02	1.092885e-01	6.270110e-03
5.350250e-05	1.591402e-02	1.201815e-01	6.723944e-03
6.152788e-05	1.706589e-02	1.323441e-01	7.210626e-03
7.075706e-05	1.830113e-02	1.458785e-01	7.732535e-03
8.137062e-05	1.962577e-02	1.604225e-01	8.292220e-03
9.357621e-05	2.104630e-02	1.762108e-01	8.892416e-03
1.076126e-04	2.256964e-02	1.930137e-01	9.536053e-03
1.237545e-04	2.420324e-02	2.116930e-01	1.022628e-02
1.423177e-04	2.595508e-02	2.323318e-01	1.096646e-02
1.636654e-04	2.783373e-02	2.543509e-01	1.176022e-02
1.882152e-04	2.984835e-02	2.782827e-01	1.261143e-02
2.164475e-04	3.200879e-02	3.041621e-01	1.352425e-02
2.489146e-04	3.432560e-02	3.318936e-01	1.450315e-02
2.862518e-04	3.681010e-02	3.614502e-01	1.555289e-02
3.291895e-04	3.947444e-02	3.932262e-01	1.667862e-02
3.785680e-04	4.233162e-02	4.277842e-01	1.788582e-02
4.353531e-04	4.539561e-02	4.648773e-01	1.918041e-02
5.006561e-04	4.868136e-02	5.029305e-01	2.056870e-02
5.757545e-04	5.220495e-02	5.434529e-01	2.205747e-02
6.621177e-04	5.598357e-02	5.894890e-01	2.365400e-02
7.614354e-04	6.003569e-02	6.368280e-01	2.536609e-02
8.756507e-04	6.438110e-02	6.869648e-01	2.720210e-02
1.006998e-03	6.904104e-02	7.379815e-01	2.917101e-02
1.158048e-03	7.403827e-02	7.912933e-01	3.128242e-02
1.331755e-03	7.939720e-02	8.518279e-01	3.354666e-02
1.531519e-03	8.514401e-02	9.124776e-01	3.597478e-02
1.761246e-03	9.130678e-02	9.760436e-01	3.857865e-02
2.025433e-03	9.791561e-02	1.041535e+00	4.137100e-02
2.329248e-03	1.050028e-01	1.109050e+00	4.436545e-02
2.678635e-03	1.126030e-01	1.179298e+00	4.757665e-02
3.080431e-03	1.207532e-01	1.248150e+00	5.102027e-02
3.542495e-03	1.294934e-01	1.321469e+00	5.471314e-02
4.073870e-03	1.388662e-01	1.394858e+00	5.867331e-02
4.684950e-03	1.489174e-01	1.466697e+00	6.292012e-02
5.387693e-03	1.596961e-01	1.535698e+00	6.747431e-02
6.195847e-03	1.712550e-01	1.608785e+00	7.235813e-02
7.125224e-03	1.836505e-01	1.684838e+00	7.759545e-02
8.194007e-03	1.969433e-01	1.756391e+00	8.321185e-02
9.423108e-03	2.111981e-01	1.825155e+00	8.923477e-02
1.083657e-02	2.264848e-01	1.887688e+00	9.569363e-02
1.246206e-02	2.428778e-01	1.952141e+00	1.025715e-01
1.433137e-02	2.604575e-01	2.017156e+00	1.100414e-01
1.648108e-02	2.793095e-01	2.075468e+00	1.180156e-01
1.895324e-02	2.995261e-01	2.130489e+00	1.265580e-01
2.179622e-02	3.212059e-01	2.181891e+00	1.357177e-01
2.506566e-02	3.444550e-01	2.227755e+00	1.455410e-01
2.882550e-02	3.693868e-01	2.267922e+00	1.560750e-01
3.314933e-02	3.961233e-01	2.304353e+00	1.673716e-01
3.812173e-02	4.247949e-01	2.338236e+00	1.794859e-01
4.383999e-02	4.555417e-01	2.367773e+00	1.924770e-01
5.041599e-02	4.885141e-01	2.388979e+00	2.064083e-01
5.797838e-02	5.238730e-01	2.405744e+00	2.213480e-01
6.667514e-02	5.617912e-01	2.423977e+00	2.373691e-01
7.667641e-02	6.024540e-01	2.434527e+00	2.545499e-01
8.817787e-02	6.460599e-01	2.439695e+00	2.729741e-01
1.014046e-01	6.928220e-01	2.438194e+00	2.927318e-01
1.166152e-01	7.429689e-01	2.431035e+00	3.139197e-01
1.341075e-01	7.967454e-01	2.422022e+00	3.366412e-01
1.542237e-01	8.544142e-01	2.405651e+00	3.610073e-01
1.773572e-01	9.162572e-01	2.382929e+00	3.871370e-01
2.039608e-01	9.825763e-01	2.354116e+00	4.151579e-01
2.345549e-01	1.053696e+00	2.319064e+00	4.452070e-01
2.697381e-01	1.129963e+00	2.278151e+00	4.774312e-01
3.101989e-01	1.211750e+00	2.231347e+00	5.119878e-01
3.567287e-01	1.299457e+00	2.177889e+00	5.490455e-01
4.102380e-01	1.393513e+00	2.119550e+00	5.887853e-01
4.717737e-01	1.494376e+00	2.057075e+00	6.314018e-01
5.425397e-01	1.602539e+00	1.991423e+00	6.771029e-01
6.239207e-01	1.718532e+00	1.918665e+00	7.261118e-01
7.175088e-01	1.842920e+00	1.840746e+00	7.786677e-01
8.251351e-01	1.976312e+00	1.761486e+00	8.350279e-01
9.489054e-01	2.119358e+00	1.681006e+00	8.954691e-01
1.091241e+00	2.272759e+00	1.602415e+00	9.602716e-01
1.254927e+00	2.425055e+00	1.518011e+00	1.029860e+00
1.443166e+00	2.573533e+00	1.430833e+00	1.105157e+00
1.659641e+00	2.728533e+00	1.346815e+00	1.186797e+00
1.908588e+00	2.889413e+00	1.263145e+00	1.275403e+00
2.194876e+00	3.055154e+00	1.180365e+00	1.371696e+00
2.524107e+00	3.224243e+00	1.101289e+00	1.476523e+00
2.902723e+00	3.394561e+00	1.026858e+00	1.590885e+00
3.338132e+00	3.563259e+00	9.539918e-01	1.715986e+00
3.838852e+00	1.955672e+00	8.816836e-01	1.853287e+00
4.414679e+00	2.145268e+00	8.117614e-01	2.004591e+00
5.076881e+00	2.351891e+00	7.520748e-01	2.172140e+00
5.838413e+00	2.583209e+00	6.956276e-01	2.358753e+00
6.714175e+00	2.828553e+00	6.329852e-01	2.567987e+00
7.721302e+00	3.100759e+00	5.858940e-01	2.804352e+00
8.879497e+00	3.398586e+00	5.478206e-01	3.073575e+00
1.021142e+01	3.713235e+00	5.052295e-01	3.382939e+00
1.174313e+01	4.058442e+00	4.562879e-01	3.531983e+00
1.350460e+01	4.395592e+00	4.016783e-01	3.366561e+00
1.553030e+01	4.775765e+00	3.594127e-01	3.234342e+00
1.785984e+01	5.203847e+00	3.238906e-01	3.134487e+00
2.053882e+01	5.645819e+00	2.922632e-01	3.066440e+00
2.361964e+01	6.135907e+00	2.636272e-01	3.029943e+00
2.716258e+01	6.666355e+00	2.370228e-01	3.025031e+00
3.123697e+01	7.245170e+00	2.143637e-01	3.051961e+00
3.592252e+01	7.880908e+00	1.921266e-01	3.111393e+00
4.131089e+01	8.555664e+00	1.722415e-01	3.204282e+00
4.750753e+01	9.295413e+00	1.551444e-01	3.332010e+00
5.463366e+01	1.004725e+01	1.405230e-01	3.496536e+00
6.282871e+01	1.079975e+01	1.257573e-01	3.700565e+00
7.225301e+01	1.158015e+01	1.114904e-01	3.947744e+00
8.309096e+01	1.226990e+01	9.943254e-02	4.242870e+00
9.555461e+01	1.297531e+01	8.890099e-02	4.592130e+00
1.098878e+02	1.359525e+01	8.011787e-02	5.003318e+00
1.263710e+02	1.409247e+01	7.134571e-02	5.486251e+00
1.453266e+02	1.453626e+01	6.300573e-02	6.053030e+00
1.671256e+02	1.496871e+01	5.600970e-02	6.718568e+00
1.921945e+02	1.536927e+01	4.971045e-02	7.501473e+00
2.210236e+02	1.563678e+01	4.400073e-02	8.422494e+00
2.541772e+02	1.747331e+01	3.907960e-02	9.519868e+00
2.923037e+02	1.725262e+01	3.490348e-02	1.084015e+01
3.361493e+02	1.693814e+01	3.108086e-02	1.240750e+01
3.865717e+02	1.655544e+01	2.751556e-02	1.429030e+01
4.445574e+02	1.616641e+01	2.428860e-02	1.654347e+01
5.112411e+02	1.572245e+01	2.179867e-02	1.922092e+01
5.879272e+02	1.518071e+01	1.956111e-02	2.242058e+01
6.761163e+02	1.462159e+01	1.710786e-02	2.626743e+01
7.775337e+02	1.405195e+01	1.510456e-02	3.091480e+01
8.941638e+02	1.349189e+01	1.332913e-02	3.655357e+01
1.028288e+03	1.294828e+01	1.190850e-02	4.342698e+01
1.182532e+03	1.238304e+01	1.065531e-02	5.183883e+01
1.359911e+03	1.179767e+01	9.300026e-03	6.217464e+01
1.563898e+03	1.119327e+01	8.196378e-03	7.493106e+01
1.798483e+03	1.058335e+01	7.218017e-03	9.074569e+01
2.068255e+03	9.978106e+00	6.367275e-03	1.104169e+02
2.378493e+03	9.397746e+00	5.624242e-03	1.349334e+02
2.735268e+03	8.817902e+00	4.957260e-03	1.655589e+02
3.145558e+03	8.240854e+00	4.405173e-03	2.039567e+02
3.617391e+03	7.677693e+00	3.875305e-03	2.522474e+02
4.160000e+03	7.132863e+00	3.412135e-03	3.131515e+02
4.784000e+03	6.608096e+00	3.027133e-03	3.901531e+02
5.501600e+03	6.106660e+00	2.705059e-03	4.877024e+02
6.326840e+03	5.630371e+00	2.380488e-03	6.114853e+02
7.275866e+03	5.180835e+00	2.075294e-03	7.687691e+02
8.367246e+03	4.759080e+00	1.823927e-03	9.688037e+02
9.622333e+03	4.366293e+00	1.609163e-03	1.223328e+03
