# Energy_MeV	dEdx_Elec_MeV_um	dEdx_Nucl_MeV_um	Range_um
1.000000e-05	6.450834e-03	4.508507e-02	3.100374e-03
1.150000e-05	6.917748e-03	4.981904e-02	3.324781e-03
1.322500e-05	7.418459e-03	5.499774e-02	3.565431e-03
1.520875e-05	7.955411e-03	6.056671e-02	3.823498e-03
1.749006e-05	8.531227e-03	6.667110e-02	4.100245e-03
2.011357e-05	9.148722e-03	7.346193e-02	4.397023e-03
2.313061e-05	9.810912e-03	8.084395e-02	4.715282e-03
2.660020e-05	1.052103e-02	8.899475e-02	5.056577e-03
3.059023e-05	1.128255e-02	9.760421e-02	5.422574e-03
3.517876e-05	1.209919e-02	1.070282e-01	5.815063e-03
4.045558e-05	1.297493e-02	1.174614e-01	6.235961e-03
4.652391e-05	1.391406e-02	1.286879e-01	6.687323e-03
5.350250e-05	1.492117e-02	1.410379e-01	7.171355e-03
6.152788e-05	1.600117e-02	1.541509e-01	7.690421e-03
7.075706e-05	1.715935e-02	1.685819e-01	8.247058e-03
8.137062e-05	1.840135e-02	1.838880e-01	8.843984e-03
9.357621e-05	1.973325e-02	2.001227e-01	9.484116e-03
1.076126e-04	2.116155e-02	2.179425e-01	1.017058e-02
1.237545e-04	2.269323e-02	2.368166e-01	1.090673e-02
1.423177e-04	2.433578e-02	2.573574e-01	1.169617e-02
1.636654e-04	2.609722e-02	2.782405e-01	1.254274e-02
1.882152e-04	2.798615e-02	3.010514e-01	1.345059e-02
2.164475e-04	3.001180e-02	3.260909e-01	1.442416e-02
2.489146e-04	3.218407e-02	3.522255e-01	1.546818e-02
2.862518e-04	3.451357e-02	3.799324e-01	1.658778e-02
3.291895e-04	3.701168e-02	4.079063e-01	1.778841e-02
3.785680e-04	3.969061e-02	4.380132e-01	1.907595e-02
4.353531e-04	4.256344e-02	4.706318e-01	2.045667e-02
5.006561e-04	4.564420e-02	5.042746e-01	2.193734e-02
5.757545e-04	4.894795e-02	5.394111e-01	2.352517e-02
6.621177e-04	5.249083e-02	5.755688e-01	2.522794e-02
7.614354e-04	5.629014e-02	6.126430e-01	2.705395e-02
8.756507e-04	6.036446e-02	6.509410e-01	2.901213e-02
1.006998e-03	6.473367e-02	6.894016e-01	3.111204e-02
1.158048e-03	6.941912e-02	7.293535e-01	3.336395e-02
1.331755e-03	7.444372e-02	7.699523e-01	3.577885e-02
1.531519e-03	7.983199e-02	8.085953e-01	3.836854e-02
1.761246e-03	8.561027e-02	8.476713e-01	4.114568e-02
2.025433e-03	9.180679e-02	8.886322e-01	4.412382e-02
2.329248e-03	9.845182e-02	9.284442e-01	4.731753e-02
2.678635e-03	1.055778e-01	9.690491e-01	5.074239e-02
3.080431e-03	1.132196e-01	1.005062e+00	5.441516e-02
3.542495e-03	1.214145e-01	1.040670e+00	5.835375e-02
4.073870e-03	1.302025e-01	1.076879e+00	6.257743e-02
4.684950e-03	1.396267e-01	1.110402e+00	6.710682e-02
5.387693e-03	1.497329e-01	1.143678e+00	7.196404e-02
6.195847e-03	1.605707e-01	1.172756e+00	7.714521e-02
7.125224e-03	1.721928e-01	1.201332e+00	8.274396e-02
8.194007e-03	1.846562e-01	1.226278e+00	8.875154e-02
9.423108e-03	1.980218e-01	1.247758e+00	9.517440e-02
1.083657e-02	2.123547e-01	1.268578e+00	1.020632e-01
1.246206e-02	2.277250e-01	1.286080e+00	1.094505e-01
1.433137e-02	2.442079e-01	1.302130e+00	1.173725e-01
1.648108e-02	2.618838e-01	1.313461e+00	1.258678e-01
1.895324e-02	2.808391e-01	1.323388e+00	1.349780e-01
2.179622e-02	3.011664e-01	1.332239e+00	1.447476e-01
2.506566e-02	3.229649e-01	1.338000e+00	1.552244e-01
2.882550e-02	3.463413e-01	1.340638e+00	1.664594e-01
3.314933e-02	3.714097e-01	1.339512e+00	1.785077e-01
3.812173e-02	3.982925e-01	1.335954e+00	1.914279e-01
4.383999e-02	4.271211e-01	1.330169e+00	2.052835e-01
5.041599e-02	4.580364e-01	1.321049e+00	2.201419e-01
5.797838e-02	4.911893e-01	1.308335e+00	2.360757e-01
6.667514e-02	5.267418e-01	1.292242e+00	2.531628e-01
7.667641e-02	5.648677e-01	1.272767e+00	2.714866e-01
8.817787e-02	6.057531e-01	1.250070e+00	2.911369e-01
1.014046e-01	6.495978e-01	1.223987e+00	3.122094e-01
1.166152e-01	6.966161e-01	1.194600e+00	3.348071e-01
1.341075e-01	7.470375e-01	1.162099e+00	3.590404e-01
1.542237e-01	8.011085e-01	1.128100e+00	3.850278e-01
1.773572e-01	8.590931e-01	1.091228e+00	4.128962e-01
2.039608e-01	9.212748e-01	1.050569e+00	4.427818e-01
2.345549e-01	9.879571e-01	1.008868e+00	4.748303e-01
2.697381e-01	1.059466e+00	9.642007e-01	5.091985e-01
3.101989e-01	1.136151e+00	9.214140e-01	5.460545e-01
3.567287e-01	1.218386e+00	8.769559e-01	5.855781e-01
4.102380e-01	1.306573e+00	8.296582e-01	6.279628e-01
4.717737e-01	1.401144e+00	7.838185e-01	6.734132e-01
5.425397e-01	1.502559e+00	7.361763e-01	7.221581e-01
6.239207e-01	1.608654e+00	6.914562e-01	7.744269e-01
7.175088e-01	1.707609e+00	6.457425e-01	8.308424e-01
8.251351e-01	1.811080e+00	6.021521e-01	8.920115e-01
9.489054e-01	1.918705e+00	5.619910e-01	9.583639e-01
1.091241e+00	2.029886e+00	5.206628e-01	1.030440e+00
1.254927e+00	2.143725e+00	4.823810e-01	1.108855e+00
1.443166e+00	1.149033e+00	4.445995e-01	1.194336e+00
1.659641e+00	1.252615e+00	4.117855e-01	1.287752e+00
1.908588e+00	1.381731e+00	3.793195e-01	1.390154e+00
2.194876e+00	1.515940e+00	3.476996e-01	1.502836e+00
2.524107e+00	1.665873e+00	3.213734e-01	1.627399e+00
2.902723e+00	1.830111e+00	2.991294e-01	1.765849e+00
3.338132e+00	2.007425e+00	2.752721e-01	1.818604e+00
3.838852e+00	2.205340e+00	2.479898e-01	1.793357e+00
4.414679e+00	2.417060e+00	2.204117e-01	1.770659e+00
5.076881e+00	2.652365e+00	1.965412e-01	1.752033e+00
5.838413e+00	2.911088e+00	1.772513e-01	1.739015e+00
6.714175e+00	3.190717e+00	1.595456e-01	1.733169e+00
7.721302e+00	3.505506e+00	1.440573e-01	1.736063e+00
8.879497e+00	3.858214e+00	1.297431e-01	1.749411e+00
1.021142e+01	4.244775e+00	1.168620e-01	1.774984e+00
1.174313e+01	4.667433e+00	1.050986e-01	1.814667e+00
1.350460e+01	5.096401e+00	9.393591e-02	1.870469e+00
1.553030e+01	5.558673e+00	8.500487e-02	1.944537e+00
1.785984e+01	6.002429e+00	7.661118e-02	2.039176e+00
2.053882e+01	6.460048e+00	6.829224e-02	2.156900e+00
2.361964e+01	6.938393e+00	6.107694e-02	2.300514e+00
2.716258e+01	7.348007e+00	5.413527e-02	2.473228e+00
3.123697e+01	7.763191e+00	4.873615e-02	2.678873e+00
3.592252e+01	8.116092e+00	4.367472e-02	2.922074e+00
4.131089e+01	8.441117e+00	3.872212e-02	3.208512e+00
4.750753e+01	8.756953e+00	3.452042e-02	3.545216e+00
5.463366e+01	8.981259e+00	3.048116e-02	3.940882e+00
6.282871e+01	9.182650e+00	2.718254e-02	4.406308e+00
7.225301e+01	9.294108e+00	2.405048e-02	4.954839e+00
8.309096e+01	9.401173e+00	2.132155e-02	5.603047e+00
9.555461e+01	9.511396e+00	1.908578e-02	6.371288e+00
1.098878e+02	9.518838e+00	1.689683e-02	7.284971e+00
1.263710e+02	1.002795e+01	1.504388e-02	8.377384e+00
1.453266e+02	9.728269e+00	1.332193e-02	9.706805e+00
1.671256e+02	9.365261e+00	1.192941e-02	1.130999e+01
1.921945e+02	8.996904e+00	1.063134e-02	1.325586e+01
2.210236e+02	8.611048e+00	9.372716e-03	1.562435e+01
2.541772e+02	8.255208e+00	8.240956e-03	1.849128e+01
2.923037e+02	7.854896e+00	7.308719e-03	2.196474e+01
3.361493e+02	7.449253e+00	6.512849e-03	2.620494e+01
3.865717e+02	7.046516e+00	5.789043e-03	3.140599e+01
4.445574e+02	6.650754e+00	5.095310e-03	3.781408e+01
5.112411e+02	6.269483e+00	4.465989e-03	4.574534e+01
5.879272e+02	5.891755e+00	3.948621e-03	5.560293e+01
6.761163e+02	5.515778e+00	3.469072e-03	6.790097e+01
7.775337e+02	5.143701e+00	3.071639e-03	8.330542e+01
8.941638e+02	4.777462e+00	2.713497e-03	1.026832e+02
1.028288e+03	4.423363e+00	2.397558e-03	1.271422e+02
1.182532e+03	4.090942e+00	2.119514e-03	1.580759e+02
1.359911e+03	3.772740e+00	1.857110e-03	1.972492e+02
1.563898e+03	3.467702e+00	1.658883e-03	2.469954e+02
1.798483e+03	3.177530e+00	1.473264e-03	3.103159e+02
2.068255e+03	2.903850e+00	1.290132e-03	3.910781e+02
2.378493e+03	2.647770e+00	1.137284e-03	4.942480e+02
2.735268e+03	2.410107e+00	9.917376e-04	6.261893e+02
3.145558e+03	2.190223e+00	8.823639e-04	7.950301e+02
3.617391e+03	1.987662e+00	7.806160e-04	1.011160e+03
4.160000e+03	1.802419e+00	6.811199e-04	1.287799e+03
4.784000e+03	1.633948e+00	5.995474e-04	1.641707e+03
5.501600e+03	1.481343e+00	5.215827e-04	2.094042e+03
6.326840e+03	1.343845e+00	4.592386e-04	2.671398e+03
7.275866e+03	1.220631e+00	4.008841e-04	3.407034e+03
8.367246e+03	1.110423e+00	3.501062e-04	4.342320e+03
9.622333e+03	1.011997e+00	3.099030e-04	5.528406e+03
