# Energy_MeV	dEdx_Elec_MeV_um	dEdx_Nucl_MeV_um	Range_um
1.000000e-05	5.800209e-03	3.550698e-02	3.448151e-03
1.150000e-05	6.220032e-03	3.939762e-02	3.697730e-03
1.322500e-05	6.670241e-03	4.367253e-02	3.965374e-03
1.520875e-05	7.153036e-03	4.837492e-02	4.252390e-03
1.749006e-05	7.670777e-03	5.355919e-02	4.560180e-03
2.011357e-05	8.225992e-03	5.926579e-02	4.890248e-03
2.313061e-05	8.821394e-03	6.545528e-02	5.244207e-03
2.660020e-05	9.459891e-03	7.232069e-02	5.623786e-03
3.059023e-05	1.014460e-02	7.986049e-02	6.030838e-03
3.517876e-05	1.087887e-02	8.810318e-02	6.467353e-03
4.045558e-05	1.166629e-02	9.688915e-02	6.935464e-03
4.652391e-05	1.251071e-02	1.066293e-01	7.437456e-03
5.350250e-05	1.341624e-02	1.175910e-01	7.975784e-03
6.152788e-05	1.438731e-02	1.293257e-01	8.553075e-03
7.075706e-05	1.542867e-02	1.421377e-01	9.172151e-03
8.137062e-05	1.654541e-02	1.557099e-01	9.836036e-03
9.357621e-05	1.774297e-02	1.706719e-01	1.054797e-02
1.076126e-04	1.902722e-02	1.874106e-01	1.131144e-02
1.237545e-04	2.040442e-02	2.051947e-01	1.213017e-02
1.423177e-04	2.188130e-02	2.245709e-01	1.300816e-02
1.636654e-04	2.346508e-02	2.454323e-01	1.394970e-02
1.882152e-04	2.516350e-02	2.678562e-01	1.495938e-02
2.164475e-04	2.698484e-02	2.918984e-01	1.604215e-02
2.489146e-04	2.893802e-02	3.175184e-01	1.720329e-02
2.862518e-04	3.103257e-02	3.455351e-01	1.844847e-02
3.291895e-04	3.327873e-02	3.754669e-01	1.978378e-02
3.785680e-04	3.568746e-02	4.064932e-01	2.121574e-02
4.353531e-04	3.827053e-02	4.392602e-01	2.275135e-02
5.006561e-04	4.104058e-02	4.761058e-01	2.439810e-02
5.757545e-04	4.401111e-02	5.147657e-01	2.616405e-02
6.621177e-04	4.719666e-02	5.553774e-01	2.805782e-02
7.614354e-04	5.061278e-02	5.971447e-01	3.008866e-02
8.756507e-04	5.427616e-02	6.403922e-01	3.226649e-02
1.006998e-03	5.820470e-02	6.888436e-01	3.460196e-02
1.158048e-03	6.241759e-02	7.386162e-01	3.710647e-02
1.331755e-03	6.693540e-02	7.901667e-01	3.979225e-02
1.531519e-03	7.178022e-02	8.436038e-01	4.267244e-02
1.761246e-03	7.697571e-02	8.990736e-01	4.576109e-02
2.025433e-03	8.254726e-02	9.561188e-01	4.907330e-02
2.329248e-03	8.852207e-02	1.012433e+00	5.262525e-02
2.678635e-03	9.492935e-02	1.071612e+00	5.643430e-02
3.080431e-03	1.018004e-01	1.131776e+00	6.051904e-02
3.542495e-03	1.091687e-01	1.191805e+00	6.489944e-02
4.073870e-03	1.170704e-01	1.248274e+00	6.959690e-02
4.684950e-03	1.255441e-01	1.306908e+00	7.463436e-02
5.387693e-03	1.346310e-01	1.369848e+00	8.003643e-02
6.195847e-03	1.443757e-01	1.428639e+00	8.582951e-02
7.125224e-03	1.548257e-01	1.485947e+00	9.204190e-02
8.194007e-03	1.660320e-01	1.537534e+00	9.870394e-02
9.423108e-03	1.780495e-01	1.589298e+00	1.058482e-01
1.083657e-02	1.909368e-01	1.643504e+00	1.135095e-01
1.246206e-02	2.047569e-01	1.691774e+00	1.216637e-01
1.433137e-02	2.195773e-01	1.737521e+00	1.305239e-01
1.648108e-02	2.354705e-01	1.779772e+00	1.399876e-01
1.895324e-02	2.525139e-01	1.817886e+00	1.501200e-01
2.179622e-02	2.707910e-01	1.851968e+00	1.609852e-01
2.506566e-02	2.903910e-01	1.881992e+00	1.726373e-01
2.882550e-02	3.114097e-01	1.910430e+00	1.851325e-01
3.314933e-02	3.339497e-01	1.934973e+00	1.985322e-01
3.812173e-02	3.581211e-01	1.953374e+00	2.129019e-01
4.383999e-02	3.840421e-01	1.967621e+00	2.283117e-01
5.041599e-02	4.118393e-01	1.982245e+00	2.448367e-01
5.797838e-02	4.416485e-01	1.992140e+00	2.625578e-01
6.667514e-02	4.736152e-01	1.997022e+00	2.815616e-01
7.667641e-02	5.078957e-01	1.996812e+00	3.019410e-01
8.817787e-02	5.446575e-01	1.991702e+00	3.237955e-01
1.014046e-01	5.840801e-01	1.984680e+00	3.472317e-01
1.166152e-01	6.263561e-01	1.972361e+00	3.723641e-01
1.341075e-01	6.716921e-01	1.954508e+00	3.993159e-01
1.542237e-01	7.203095e-01	1.931790e+00	4.282184e-01
1.773572e-01	7.724459e-01	1.904004e+00	4.592128e-01
2.039608e-01	8.283560e-01	1.871290e+00	4.924505e-01
2.345549e-01	8.883128e-01	1.833785e+00	5.280940e-01
2.697381e-01	9.526094e-01	1.790938e+00	5.663176e-01
3.101989e-01	1.021560e+00	1.743837e+00	6.073079e-01
3.567287e-01	1.095501e+00	1.692872e+00	6.512649e-01
4.102380e-01	1.174794e+00	1.639760e+00	6.984033e-01
4.717737e-01	1.259826e+00	1.581471e+00	7.489539e-01
5.425397e-01	1.351013e+00	1.517746e+00	8.031635e-01
6.239207e-01	1.448800e+00	1.453310e+00	8.612968e-01
7.175088e-01	1.553665e+00	1.386977e+00	9.236373e-01
8.251351e-01	1.666120e+00	1.322757e+00	9.904906e-01
9.489054e-01	1.786714e+00	1.255055e+00	1.062183e+00
1.091241e+00	1.916038e+00	1.183115e+00	1.139055e+00
1.254927e+00	2.045750e+00	1.114249e+00	1.221573e+00
1.443166e+00	2.171120e+00	1.045370e+00	1.310824e+00
1.659641e+00	2.302039e+00	9.778368e-01	1.407594e+00
1.908588e+00	2.437981e+00	9.128347e-01	1.512612e+00
2.194876e+00	2.578106e+00	8.507159e-01	1.626729e+00
2.524107e+00	2.721164e+00	7.911829e-01	1.750945e+00
2.902723e+00	2.865395e+00	7.314695e-01	1.886439e+00
3.338132e+00	1.511450e+00	6.742147e-01	2.034627e+00
3.838852e+00	1.665073e+00	6.241156e-01	2.197229e+00
4.414679e+00	1.829582e+00	5.775636e-01	2.376364e+00
5.076881e+00	2.009645e+00	5.265092e-01	2.574664e+00
5.838413e+00	2.211272e+00	4.856379e-01	2.795438e+00
6.714175e+00	2.423722e+00	4.539059e-01	3.042862e+00
7.721302e+00	2.660439e+00	4.197923e-01	3.322229e+00
8.879497e+00	2.917577e+00	3.806311e-01	3.504057e+00
1.021142e+01	3.191077e+00	3.355956e-01	3.389877e+00
1.174313e+01	3.493163e+00	2.993461e-01	3.293575e+00
1.350460e+01	3.796850e+00	2.700404e-01	3.217001e+00
1.553030e+01	4.142565e+00	2.436088e-01	3.161925e+00
1.785984e+01	4.534603e+00	2.195286e-01	3.130125e+00
2.053882e+01	4.960733e+00	1.972005e-01	3.123442e+00
2.361964e+01	5.437535e+00	1.784045e-01	3.143744e+00
2.716258e+01	5.944521e+00	1.602397e-01	3.193203e+00
3.123697e+01	6.490269e+00	1.436526e-01	3.274036e+00
3.592252e+01	7.071651e+00	1.291205e-01	3.388667e+00
4.131089e+01	7.672314e+00	1.169511e-01	3.539799e+00
4.750753e+01	8.321399e+00	1.050787e-01	3.730551e+00
5.463366e+01	8.934355e+00	9.307690e-02	3.964654e+00
6.282871e+01	9.537459e+00	8.298655e-02	4.246698e+00
7.225301e+01	1.013094e+01	7.407959e-02	4.582405e+00
8.309096e+01	1.064595e+01	6.673020e-02	4.978932e+00
9.555461e+01	1.116632e+01	5.967113e-02	5.445283e+00
1.098878e+02	1.159621e+01	5.264469e-02	5.992642e+00
1.263710e+02	1.194126e+01	4.677441e-02	6.634887e+00
1.453266e+02	1.222185e+01	4.151061e-02	7.389140e+00
1.671256e+02	1.249201e+01	3.679049e-02	8.276533e+00
1.921945e+02	1.274216e+01	3.268774e-02	9.323292e+00
2.210236e+02	1.287761e+01	2.912359e-02	1.055969e+01
2.541772e+02	1.384279e+01	2.596650e-02	1.203643e+01
2.923037e+02	1.355539e+01	2.299146e-02	1.382152e+01
3.361493e+02	1.318743e+01	2.031805e-02	1.595285e+01
3.865717e+02	1.278468e+01	1.818926e-02	1.852658e+01
4.445574e+02	1.238126e+01	1.633286e-02	2.162755e+01
5.112411e+02	1.196089e+01	1.430989e-02	2.533984e+01
5.879272e+02	1.147254e+01	1.261223e-02	2.980543e+01
6.761163e+02	1.097551e+01	1.114998e-02	3.521139e+01
7.775337e+02	1.047558e+01	9.936096e-03	4.178780e+01
8.941638e+02	9.984597e+00	8.901503e-03	4.982317e+01
1.028288e+03	9.507633e+00	7.770150e-03	5.968701e+01
1.182532e+03	9.022731e+00	6.838922e-03	7.184455e+01
1.359911e+03	8.529649e+00	6.035875e-03	8.688861e+01
1.563898e+03	8.030209e+00	5.323830e-03	1.055856e+02
1.798483e+03	7.532934e+00	4.699998e-03	1.289253e+02
2.068255e+03	7.044706e+00	4.133724e-03	1.581571e+02
2.378493e+03	6.582037e+00	3.675904e-03	1.948391e+02
2.735268e+03	6.127564e+00	3.238076e-03	2.409622e+02
3.145558e+03	5.682454e+00	2.851785e-03	2.991537e+02
3.617391e+03	5.253300e+00	2.525779e-03	3.727745e+02
4.160000e+03	4.843207e+00	2.256634e-03	4.661481e+02
4.784000e+03	4.454111e+00	1.995528e-03	5.848215e+02
5.501600e+03	4.087240e+00	1.737740e-03	7.358924e+02
6.326840e+03	3.741647e+00	1.526075e-03	9.284346e+02
7.275866e+03	3.418953e+00	1.344032e-03	1.174050e+03
8.367246e+03	3.120875e+00	1.196270e-03	1.487504e+03
9.622333e+03	2.846410e+00	1.054601e-03	1.887528e+03
