# Energy_MeV	dEdx_Elec_MeV_um	dEdx_Nucl_MeV_um	Range_um
1.000000e-05	6.529943e-03	4.678837e-02	3.062814e-03
1.150000e-05	7.002583e-03	5.158474e-02	3.284502e-03
1.322500e-05	7.509434e-03	5.677799e-02	3.522236e-03
1.520875e-05	8.052971e-03	6.253850e-02	3.777177e-03
1.749006e-05	8.635849e-03	6.885116e-02	4.050572e-03
2.011357e-05	9.260917e-03	7.580881e-02	4.343754e-03
2.313061e-05	9.931227e-03	8.320093e-02	4.658157e-03
2.660020e-05	1.065005e-02	9.123944e-02	4.995317e-03
3.059023e-05	1.142091e-02	1.000880e-01	5.356881e-03
3.517876e-05	1.224756e-02	1.097043e-01	5.744615e-03
4.045558e-05	1.313405e-02	1.202804e-01	6.160413e-03
4.652391e-05	1.408470e-02	1.314960e-01	6.606307e-03
5.350250e-05	1.510415e-02	1.438506e-01	7.084475e-03
6.152788e-05	1.619740e-02	1.568722e-01	7.597253e-03
7.075706e-05	1.736978e-02	1.708787e-01	8.147146e-03
8.137062e-05	1.862701e-02	1.861188e-01	8.736841e-03
9.357621e-05	1.997524e-02	2.022761e-01	9.369218e-03
1.076126e-04	2.142106e-02	2.200495e-01	1.004737e-02
1.237545e-04	2.297153e-02	2.378190e-01	1.077460e-02
1.423177e-04	2.463422e-02	2.574225e-01	1.155447e-02
1.636654e-04	2.641726e-02	2.790383e-01	1.239079e-02
1.882152e-04	2.832936e-02	3.011126e-01	1.328764e-02
2.164475e-04	3.037985e-02	3.254599e-01	1.424941e-02
2.489146e-04	3.257876e-02	3.491907e-01	1.528079e-02
2.862518e-04	3.493683e-02	3.751971e-01	1.638682e-02
3.291895e-04	3.746557e-02	4.034661e-01	1.757291e-02
3.785680e-04	4.017735e-02	4.319093e-01	1.884484e-02
4.353531e-04	4.308541e-02	4.628632e-01	2.020884e-02
5.006561e-04	4.620395e-02	4.934908e-01	2.167157e-02
5.757545e-04	4.954822e-02	5.259388e-01	2.324017e-02
6.621177e-04	5.313455e-02	5.593580e-01	2.492231e-02
7.614354e-04	5.698045e-02	5.921723e-01	2.672620e-02
8.756507e-04	6.110473e-02	6.274187e-01	2.866065e-02
1.006998e-03	6.552752e-02	6.618289e-01	3.073513e-02
1.158048e-03	7.027044e-02	6.963790e-01	3.295975e-02
1.331755e-03	7.535665e-02	7.303591e-01	3.534539e-02
1.531519e-03	8.081100e-02	7.653899e-01	3.790371e-02
1.761246e-03	8.666015e-02	8.003629e-01	4.064720e-02
2.025433e-03	9.293265e-02	8.361581e-01	4.358927e-02
2.329248e-03	9.965917e-02	8.680803e-01	4.674428e-02
2.678635e-03	1.068726e-01	8.994550e-01	5.012766e-02
3.080431e-03	1.146080e-01	9.304395e-01	5.375593e-02
3.542495e-03	1.229034e-01	9.601804e-01	5.764681e-02
4.073870e-03	1.317993e-01	9.899032e-01	6.181932e-02
4.684950e-03	1.413389e-01	1.015587e+00	6.629383e-02
5.387693e-03	1.515691e-01	1.041340e+00	7.105622e-02
6.195847e-03	1.625398e-01	1.062809e+00	7.623094e-02
7.125224e-03	1.743045e-01	1.082536e+00	8.175801e-02
8.194007e-03	1.869208e-01	1.101075e+00	8.767573e-02
9.423108e-03	2.004502e-01	1.116747e+00	9.402139e-02
1.083657e-02	2.149589e-01	1.131970e+00	1.008267e-01
1.246206e-02	2.305177e-01	1.141702e+00	1.081244e-01
1.433137e-02	2.472027e-01	1.150953e+00	1.159503e-01
1.648108e-02	2.650954e-01	1.159324e+00	1.243427e-01
1.895324e-02	2.842831e-01	1.164279e+00	1.333426e-01
2.179622e-02	3.048597e-01	1.167912e+00	1.429938e-01
2.506566e-02	3.269256e-01	1.167123e+00	1.533436e-01
2.882550e-02	3.505886e-01	1.164767e+00	1.644426e-01
3.314933e-02	3.759644e-01	1.160431e+00	1.763449e-01
3.812173e-02	4.031769e-01	1.152813e+00	1.891087e-01
4.383999e-02	4.323591e-01	1.142758e+00	2.027963e-01
5.041599e-02	4.636535e-01	1.129278e+00	2.174746e-01
5.797838e-02	4.972129e-01	1.113113e+00	2.332155e-01
6.667514e-02	5.332015e-01	1.094005e+00	2.500956e-01
7.667641e-02	5.717949e-01	1.072031e+00	2.681976e-01
8.817787e-02	6.131817e-01	1.046982e+00	2.876096e-01
1.014046e-01	6.575641e-01	1.019548e+00	3.084268e-01
1.166152e-01	7.051590e-01	9.901327e-01	3.307508e-01
1.341075e-01	7.561987e-01	9.585054e-01	3.546906e-01
1.542237e-01	8.109328e-01	9.240658e-01	3.803631e-01
1.773572e-01	8.696285e-01	8.879932e-01	4.078938e-01
2.039608e-01	9.325727e-01	8.492873e-01	4.374172e-01
2.345549e-01	1.000073e+00	8.119292e-01	4.690777e-01
2.697381e-01	1.072459e+00	7.731068e-01	5.030297e-01
3.101989e-01	1.150084e+00	7.330048e-01	5.394389e-01
3.567287e-01	1.233327e+00	6.929091e-01	5.784837e-01
4.102380e-01	1.322596e+00	6.510788e-01	6.203549e-01
4.717737e-01	1.418327e+00	6.120442e-01	6.652506e-01
5.425397e-01	1.514306e+00	5.712126e-01	7.134453e-01
6.239207e-01	1.607104e+00	5.342604e-01	7.655725e-01
7.175088e-01	8.588862e-01	4.983388e-01	8.220914e-01
8.251351e-01	9.210961e-01	4.621517e-01	8.834277e-01
9.489054e-01	9.878090e-01	4.285712e-01	9.500785e-01
1.091241e+00	1.059351e+00	3.940852e-01	1.022628e+00
1.254927e+00	1.136072e+00	3.661724e-01	1.101765e+00
1.443166e+00	1.247225e+00	3.373752e-01	1.188318e+00
1.659641e+00	1.373098e+00	3.086251e-01	1.283290e+00
1.908588e+00	1.507713e+00	2.861500e-01	1.387919e+00
2.194876e+00	1.654885e+00	2.654035e-01	1.503744e+00
2.524107e+00	1.819550e+00	2.449965e-01	1.538521e+00
2.902723e+00	1.993514e+00	2.219435e-01	1.526042e+00
3.338132e+00	2.188398e+00	1.971299e-01	1.514434e+00
3.838852e+00	2.402273e+00	1.767675e-01	1.504973e+00
4.414679e+00	2.636933e+00	1.582284e-01	1.498987e+00
5.076881e+00	2.900406e+00	1.430027e-01	1.497853e+00
5.838413e+00	3.180253e+00	1.288017e-01	1.502959e+00
6.714175e+00	3.497172e+00	1.157573e-01	1.515872e+00
7.721302e+00	3.853956e+00	1.046942e-01	1.538188e+00
8.879497e+00	4.227849e+00	9.388724e-02	1.571630e+00
1.021142e+01	4.637518e+00	8.435556e-02	1.618051e+00
1.174313e+01	5.041217e+00	7.597570e-02	1.679445e+00
1.350460e+01	5.456094e+00	6.837105e-02	1.757958e+00
1.553030e+01	5.872389e+00	6.128139e-02	1.855914e+00
1.785984e+01	6.270313e+00	5.480747e-02	1.975870e+00
2.053882e+01	6.684654e+00	4.850768e-02	2.120680e+00
2.361964e+01	7.036147e+00	4.362096e-02	2.293698e+00
2.716258e+01	7.366599e+00	3.901176e-02	2.498882e+00
3.123697e+01	7.674690e+00	3.479681e-02	2.741045e+00
3.592252e+01	7.923037e+00	3.101861e-02	3.026102e+00
4.131089e+01	8.165132e+00	2.734307e-02	3.361364e+00
4.750753e+01	8.344289e+00	2.439852e-02	3.755901e+00
5.463366e+01	8.469496e+00	2.151117e-02	4.220956e+00
6.282871e+01	8.551176e+00	1.918553e-02	4.770451e+00
7.225301e+01	8.619907e+00	1.712199e-02	5.421687e+00
8.309096e+01	8.670075e+00	1.516649e-02	6.196268e+00
9.555461e+01	8.655865e+00	1.351490e-02	7.119691e+00
1.098878e+02	8.847465e+00	1.190227e-02	8.232880e+00
1.263710e+02	8.537008e+00	1.071061e-02	9.590890e+00
1.453266e+02	8.181784e+00	9.539212e-03	1.123070e+01
1.671256e+02	7.815400e+00	8.404831e-03	1.323290e+01
1.921945e+02	7.464250e+00	7.439349e-03	1.567422e+01
2.210236e+02	7.116648e+00	6.543244e-03	1.863505e+01
2.541772e+02	6.741872e+00	5.857988e-03	2.224331e+01
2.923037e+02	6.368537e+00	5.199352e-03	2.666783e+01
3.361493e+02	5.999995e+00	4.572805e-03	3.211949e+01
3.865717e+02	5.641698e+00	4.035741e-03	3.886579e+01
4.445574e+02	5.295130e+00	3.542662e-03	4.725198e+01
5.112411e+02	4.953068e+00	3.130939e-03	5.771736e+01
5.879272e+02	4.615373e+00	2.761837e-03	7.082630e+01
6.761163e+02	4.283184e+00	2.430422e-03	8.731263e+01
7.775337e+02	3.961066e+00	2.158979e-03	1.081297e+02
8.941638e+02	3.652370e+00	1.901774e-03	1.344911e+02
1.028288e+03	3.364758e+00	1.677435e-03	1.679230e+02
1.182532e+03	3.090262e+00	1.488724e-03	2.103829e+02
1.359911e+03	2.829051e+00	1.319264e-03	2.644526e+02
1.563898e+03	2.582722e+00	1.163250e-03	3.334447e+02
1.798483e+03	2.351956e+00	1.025352e-03	4.216248e+02
2.068255e+03	2.137515e+00	8.922557e-04	5.344690e+02
2.378493e+03	1.939895e+00	7.926838e-04	6.789825e+02
2.735268e+03	1.758407e+00	6.994650e-04	8.641113e+02
3.145558e+03	1.592379e+00	6.147265e-04	1.101274e+03
3.617391e+03	1.441149e+00	5.410580e-04	1.404974e+03
4.160000e+03	1.304342e+00	4.696975e-04	1.793567e+03
4.784000e+03	1.181178e+00	4.138471e-04	2.290191e+03
5.501600e+03	1.070644e+00	3.597318e-04	2.923870e+03
6.326840e+03	9.718144e-01	3.163709e-04	3.730843e+03
7.275866e+03	8.837513e-01	2.790611e-04	4.756102e+03
8.367246e+03	8.053917e-01	2.437075e-04	6.055176e+03
9.622333e+03	7.358164e-01	2.144754e-04	7.696143e+03
