# Energy_MeV	dEdx_Elec_MeV_um	dEdx_Nucl_MeV_um	Range_um
1.000000e-05	5.931207e-03	3.683484e-02	3.371995e-03
1.150000e-05	6.360511e-03	4.083766e-02	3.616061e-03
1.322500e-05	6.820889e-03	4.525238e-02	3.877794e-03
1.520875e-05	7.314588e-03	5.011536e-02	4.158471e-03
1.749006e-05	7.844022e-03	5.544682e-02	4.459463e-03
2.011357e-05	8.411776e-03	6.127999e-02	4.782241e-03
2.313061e-05	9.020625e-03	6.769043e-02	5.128382e-03
2.660020e-05	9.673543e-03	7.477577e-02	5.499577e-03
3.059023e-05	1.037372e-02	8.256487e-02	5.897640e-03
3.517876e-05	1.112457e-02	9.084604e-02	6.324514e-03
4.045558e-05	1.192978e-02	9.991630e-02	6.782286e-03
4.652391e-05	1.279326e-02	1.102471e-01	7.273191e-03
5.350250e-05	1.371924e-02	1.212890e-01	7.799629e-03
6.152788e-05	1.471225e-02	1.333809e-01	8.364170e-03
7.075706e-05	1.577713e-02	1.462012e-01	8.969573e-03
8.137062e-05	1.691909e-02	1.601332e-01	9.618795e-03
9.357621e-05	1.814370e-02	1.759970e-01	1.031501e-02
1.076126e-04	1.945695e-02	1.927465e-01	1.106161e-02
1.237545e-04	2.086525e-02	2.110036e-01	1.186226e-02
1.423177e-04	2.237549e-02	2.306054e-01	1.272086e-02
1.636654e-04	2.399504e-02	2.517771e-01	1.364160e-02
1.882152e-04	2.573182e-02	2.747345e-01	1.462899e-02
2.164475e-04	2.759430e-02	2.988257e-01	1.568784e-02
2.489146e-04	2.959159e-02	3.253205e-01	1.682333e-02
2.862518e-04	3.173344e-02	3.534780e-01	1.804101e-02
3.291895e-04	3.403033e-02	3.831644e-01	1.934683e-02
3.785680e-04	3.649346e-02	4.141696e-01	2.074717e-02
4.353531e-04	3.913488e-02	4.482907e-01	2.224886e-02
5.006561e-04	4.196748e-02	4.853476e-01	2.385924e-02
5.757545e-04	4.500511e-02	5.238868e-01	2.558619e-02
6.621177e-04	4.826260e-02	5.641202e-01	2.743813e-02
7.614354e-04	5.175587e-02	6.053067e-01	2.942411e-02
8.756507e-04	5.550199e-02	6.501896e-01	3.155385e-02
1.006998e-03	5.951925e-02	6.982239e-01	3.383773e-02
1.158048e-03	6.382729e-02	7.473791e-01	3.628693e-02
1.331755e-03	6.844714e-02	7.985805e-01	3.891339e-02
1.531519e-03	7.340138e-02	8.519722e-01	4.172996e-02
1.761246e-03	7.871421e-02	9.061746e-01	4.475040e-02
2.025433e-03	8.441159e-02	9.607979e-01	4.798946e-02
2.329248e-03	9.052135e-02	1.016963e+00	5.146296e-02
2.678635e-03	9.707333e-02	1.075081e+00	5.518788e-02
3.080431e-03	1.040995e-01	1.134412e+00	5.918240e-02
3.542495e-03	1.116343e-01	1.189371e+00	6.346606e-02
4.073870e-03	1.197145e-01	1.244526e+00	6.805977e-02
4.684950e-03	1.283795e-01	1.306361e+00	7.298597e-02
5.387693e-03	1.376717e-01	1.363676e+00	7.826873e-02
6.195847e-03	1.476364e-01	1.420173e+00	8.393386e-02
7.125224e-03	1.583224e-01	1.471059e+00	9.000904e-02
8.194007e-03	1.697819e-01	1.519826e+00	9.652394e-02
9.423108e-03	1.820708e-01	1.573783e+00	1.035104e-01
1.083657e-02	1.952491e-01	1.621637e+00	1.109979e-01
1.246206e-02	2.093814e-01	1.666867e+00	1.190199e-01
1.433137e-02	2.245365e-01	1.708103e+00	1.276574e-01
1.648108e-02	2.407886e-01	1.745890e+00	1.368949e-01
1.895324e-02	2.582170e-01	1.781088e+00	1.468041e-01
2.179622e-02	2.769069e-01	1.810675e+00	1.574296e-01
2.506566e-02	2.969495e-01	1.839308e+00	1.688242e-01
2.882550e-02	3.184429e-01	1.863843e+00	1.810436e-01
3.314933e-02	3.414920e-01	1.883270e+00	1.941473e-01
3.812173e-02	3.662093e-01	1.898172e+00	2.081995e-01
4.383999e-02	3.927158e-01	1.911830e+00	2.232689e-01
5.041599e-02	4.211407e-01	1.923317e+00	2.394291e-01
5.797838e-02	4.516231e-01	1.929563e+00	2.567589e-01
6.667514e-02	4.843118e-01	1.931123e+00	2.753429e-01
7.667641e-02	5.193666e-01	1.927659e+00	2.952721e-01
8.817787e-02	5.569586e-01	1.921261e+00	3.166439e-01
1.014046e-01	5.972716e-01	1.911253e+00	3.395626e-01
1.166152e-01	6.405024e-01	1.895756e+00	3.641400e-01
1.341075e-01	6.868623e-01	1.875354e+00	3.904963e-01
1.542237e-01	7.365778e-01	1.850168e+00	4.187604e-01
1.773572e-01	7.898917e-01	1.820062e+00	4.490704e-01
2.039608e-01	8.470644e-01	1.785320e+00	4.815742e-01
2.345549e-01	9.083754e-01	1.745639e+00	5.164305e-01
2.697381e-01	9.741241e-01	1.701395e+00	5.538096e-01
3.101989e-01	1.044632e+00	1.652600e+00	5.938944e-01
3.567287e-01	1.120243e+00	1.602325e+00	6.368808e-01
4.102380e-01	1.201326e+00	1.548135e+00	6.829783e-01
4.717737e-01	1.288279e+00	1.486816e+00	7.324123e-01
5.425397e-01	1.381525e+00	1.425222e+00	7.854243e-01
6.239207e-01	1.481521e+00	1.360533e+00	8.422736e-01
7.175088e-01	1.588754e+00	1.298624e+00	9.032382e-01
8.251351e-01	1.703749e+00	1.235571e+00	9.686126e-01
9.489054e-01	1.827067e+00	1.165214e+00	1.038728e+00
1.091241e+00	1.959053e+00	1.098347e+00	1.113891e+00
1.254927e+00	2.079807e+00	1.031235e+00	1.194912e+00
1.443166e+00	2.206160e+00	9.661774e-01	1.282748e+00
1.659641e+00	2.337705e+00	9.031663e-01	1.378006e+00
1.908588e+00	2.473759e+00	8.409171e-01	1.481461e+00
2.194876e+00	2.613280e+00	7.834259e-01	1.593983e+00
2.524107e+00	2.754766e+00	7.248743e-01	1.716604e+00
2.902723e+00	1.469280e+00	6.693432e-01	1.850550e+00
3.338132e+00	1.618470e+00	6.190097e-01	1.997306e+00
3.838852e+00	1.775145e+00	5.731412e-01	2.158688e+00
4.414679e+00	1.949561e+00	5.257586e-01	2.336949e+00
5.076881e+00	2.137606e+00	4.822266e-01	2.534904e+00
5.838413e+00	2.342640e+00	4.487315e-01	2.756099e+00
6.714175e+00	2.569153e+00	4.170317e-01	3.005025e+00
7.721302e+00	2.808392e+00	3.808385e-01	3.258351e+00
8.879497e+00	3.073127e+00	3.392164e-01	3.154657e+00
1.021142e+01	3.353548e+00	3.008688e-01	3.065793e+00
1.174313e+01	3.649462e+00	2.703413e-01	2.993651e+00
1.350460e+01	3.972510e+00	2.439147e-01	2.940030e+00
1.553030e+01	4.335470e+00	2.192117e-01	2.906706e+00
1.785984e+01	4.742588e+00	1.975113e-01	2.895496e+00
2.053882e+01	5.188663e+00	1.785444e-01	2.908237e+00
2.361964e+01	5.670315e+00	1.608176e-01	2.947004e+00
2.716258e+01	6.205835e+00	1.441884e-01	3.013948e+00
3.123697e+01	6.739963e+00	1.287548e-01	3.111373e+00
3.592252e+01	7.323003e+00	1.165779e-01	3.241809e+00
4.131089e+01	7.940228e+00	1.054591e-01	3.408112e+00
4.750753e+01	8.535663e+00	9.332424e-02	3.613634e+00
5.463366e+01	9.160188e+00	8.313549e-02	3.862431e+00
6.282871e+01	9.698412e+00	7.403755e-02	4.159521e+00
7.225301e+01	1.023796e+01	6.658988e-02	4.511133e+00
8.309096e+01	1.075169e+01	5.998967e-02	4.925129e+00
9.555461e+01	1.118130e+01	5.286443e-02	5.411267e+00
1.098878e+02	1.159540e+01	4.692190e-02	5.981669e+00
1.263710e+02	1.185228e+01	4.163726e-02	6.651324e+00
1.453266e+02	1.212136e+01	3.697174e-02	7.438771e+00
1.671256e+02	1.240275e+01	3.289096e-02	8.366596e+00
1.921945e+02	1.255702e+01	2.917952e-02	9.463488e+00
2.210236e+02	1.358759e+01	2.606531e-02	1.076323e+01
2.541772e+02	1.333592e+01	2.308634e-02	1.233364e+01
2.923037e+02	1.298053e+01	2.044281e-02	1.421766e+01
3.361493e+02	1.261116e+01	1.824630e-02	1.648163e+01
3.865717e+02	1.218079e+01	1.637533e-02	1.921759e+01
4.445574e+02	1.180213e+01	1.449703e-02	2.250406e+01
5.112411e+02	1.133571e+01	1.273458e-02	2.644503e+01
5.879272e+02	1.084836e+01	1.124663e-02	3.120989e+01
6.761163e+02	1.035716e+01	9.986307e-03	3.699858e+01
7.775337e+02	9.866558e+00	8.932395e-03	4.406346e+01
8.941638e+02	9.395994e+00	7.882506e-03	5.272521e+01
1.028288e+03	8.923268e+00	6.912093e-03	6.339158e+01
1.182532e+03	8.442727e+00	6.094606e-03	7.657736e+01
1.359911e+03	7.957730e+00	5.374560e-03	9.294536e+01
1.563898e+03	7.467990e+00	4.720774e-03	1.133555e+02
1.798483e+03	6.986444e+00	4.164926e-03	1.389045e+02
2.068255e+03	6.526169e+00	3.700856e-03	1.709655e+02
2.378493e+03	6.079919e+00	3.272860e-03	2.112613e+02
2.735268e+03	5.643146e+00	2.881611e-03	2.620619e+02
3.145558e+03	5.219440e+00	2.530362e-03	3.262955e+02
3.617391e+03	4.813730e+00	2.258353e-03	4.077272e+02
4.160000e+03	4.428237e+00	2.014365e-03	5.111887e+02
4.784000e+03	4.064532e+00	1.751832e-03	6.428752e+02
5.501600e+03	3.722113e+00	1.536339e-03	8.107019e+02
6.326840e+03	3.401098e+00	1.349013e-03	1.024798e+03
7.275866e+03	3.103874e+00	1.198371e-03	1.298078e+03
8.367246e+03	2.830348e+00	1.065755e-03	1.646947e+03
9.622333e+03	2.578877e+00	9.250553e-04	2.092166e+03
