# Energy_MeV	dEdx_Elec_MeV_um	dEdx_Nucl_MeV_um	Range_um
1.000000e-05	7.146640e-03	3.894289e-02	2.798518e-03
1.150000e-05	7.663917e-03	4.320955e-02	3.001076e-03
1.322500e-05	8.218636e-03	4.790876e-02	3.218296e-03
1.520875e-05	8.813505e-03	5.306362e-02	3.451238e-03
1.749006e-05	9.451431e-03	5.876361e-02	3.701040e-03
2.011357e-05	1.013553e-02	6.502631e-02	3.968923e-03
2.313061e-05	1.086915e-02	7.181325e-02	4.256196e-03
2.660020e-05	1.165586e-02	7.935298e-02	4.564262e-03
3.059023e-05	1.249952e-02	8.762038e-02	4.894626e-03
3.517876e-05	1.340424e-02	9.669422e-02	5.248901e-03
4.045558e-05	1.437445e-02	1.063626e-01	5.628819e-03
4.652391e-05	1.541488e-02	1.170277e-01	6.036236e-03
5.350250e-05	1.653061e-02	1.290490e-01	6.473142e-03
6.152788e-05	1.772711e-02	1.419670e-01	6.941672e-03
7.075706e-05	1.901020e-02	1.560325e-01	7.444114e-03
8.137062e-05	2.038617e-02	1.709850e-01	7.982922e-03
9.357621e-05	2.186173e-02	1.873708e-01	8.560731e-03
1.076126e-04	2.344410e-02	2.057345e-01	9.180361e-03
1.237545e-04	2.514099e-02	2.253247e-01	9.844840e-03
1.423177e-04	2.696071e-02	2.465893e-01	1.055741e-02
1.636654e-04	2.891214e-02	2.695409e-01	1.132157e-02
1.882152e-04	3.100482e-02	2.941349e-01	1.214103e-02
2.164475e-04	3.324897e-02	3.206212e-01	1.301980e-02
2.489146e-04	3.565554e-02	3.488179e-01	1.396218e-02
2.862518e-04	3.823631e-02	3.795681e-01	1.497277e-02
3.291895e-04	4.100387e-02	4.125225e-01	1.605651e-02
3.785680e-04	4.397176e-02	4.466172e-01	1.721869e-02
4.353531e-04	4.715446e-02	4.827797e-01	1.846498e-02
5.006561e-04	5.056752e-02	5.231229e-01	1.980149e-02
5.757545e-04	5.422762e-02	5.656135e-01	2.123473e-02
6.621177e-04	5.815265e-02	6.104758e-01	2.277171e-02
7.614354e-04	6.236177e-02	6.564143e-01	2.441994e-02
8.756507e-04	6.687554e-02	7.042494e-01	2.618747e-02
1.006998e-03	7.171603e-02	7.572977e-01	2.808293e-02
1.158048e-03	7.690688e-02	8.120423e-01	3.011559e-02
1.331755e-03	8.247344e-02	8.690970e-01	3.229537e-02
1.531519e-03	8.844291e-02	9.278511e-01	3.463293e-02
1.761246e-03	9.484445e-02	9.892708e-01	3.713968e-02
2.025433e-03	1.017093e-01	1.052202e+00	3.982787e-02
2.329248e-03	1.090711e-01	1.114168e+00	4.271063e-02
2.678635e-03	1.169657e-01	1.179569e+00	4.580205e-02
3.080431e-03	1.254318e-01	1.245776e+00	4.911723e-02
3.542495e-03	1.345106e-01	1.312581e+00	5.267236e-02
4.073870e-03	1.442466e-01	1.375399e+00	5.648481e-02
4.684950e-03	1.546872e-01	1.439711e+00	6.057321e-02
5.387693e-03	1.658835e-01	1.509044e+00	6.495753e-02
6.195847e-03	1.778903e-01	1.574599e+00	6.965919e-02
7.125224e-03	1.907661e-01	1.637943e+00	7.470116e-02
8.194007e-03	2.045738e-01	1.695675e+00	8.010807e-02
9.423108e-03	2.193810e-01	1.752522e+00	8.590634e-02
1.083657e-02	2.352599e-01	1.812340e+00	9.212316e-02
1.246206e-02	2.522881e-01	1.866423e+00	9.879578e-02
1.433137e-02	2.705489e-01	1.917029e+00	1.059446e-01
1.648108e-02	2.901313e-01	1.964185e+00	1.136138e-01
1.895324e-02	3.111312e-01	2.006319e+00	1.218368e-01
2.179622e-02	3.336511e-01	2.044592e+00	1.306553e-01
2.506566e-02	3.578009e-01	2.078175e+00	1.401120e-01
2.882550e-02	3.836987e-01	2.109683e+00	1.502533e-01
3.314933e-02	4.114710e-01	2.137268e+00	1.611285e-01
3.812173e-02	4.412535e-01	2.157850e+00	1.727908e-01
4.383999e-02	4.731917e-01	2.174182e+00	1.852973e-01
5.041599e-02	5.074415e-01	2.190232e+00	1.987091e-01
5.797838e-02	5.441704e-01	2.201389e+00	2.130916e-01
6.667514e-02	5.835578e-01	2.207484e+00	2.285151e-01
7.667641e-02	6.257960e-01	2.207538e+00	2.450549e-01
8.817787e-02	6.710914e-01	2.202484e+00	2.627920e-01
1.014046e-01	7.196654e-01	2.194831e+00	2.818128e-01
1.166152e-01	7.717552e-01	2.181543e+00	3.022104e-01
1.341075e-01	8.276152e-01	2.162453e+00	3.240843e-01
1.542237e-01	8.875184e-01	2.137697e+00	3.475415e-01
1.773572e-01	9.517575e-01	2.107488e+00	3.726966e-01
2.039608e-01	1.020646e+00	2.071746e+00	3.996725e-01
2.345549e-01	1.094521e+00	2.030704e+00	4.286007e-01
2.697381e-01	1.173743e+00	1.983790e+00	4.596228e-01
3.101989e-01	1.258699e+00	1.932158e+00	4.928904e-01
3.567287e-01	1.349805e+00	1.876014e+00	5.285660e-01
4.102380e-01	1.447504e+00	1.817424e+00	5.668237e-01
4.717737e-01	1.552275e+00	1.753572e+00	6.078504e-01
5.425397e-01	1.664630e+00	1.683539e+00	6.518467e-01
6.239207e-01	1.785117e+00	1.612240e+00	6.990278e-01
7.175088e-01	1.914324e+00	1.539136e+00	7.496226e-01
8.251351e-01	2.052884e+00	1.467787e+00	8.038861e-01
9.489054e-01	2.201473e+00	1.393523e+00	8.620508e-01
1.091241e+00	2.340873e+00	1.314321e+00	9.246621e-01
1.254927e+00	2.483464e+00	1.237700e+00	9.925175e-01
1.443166e+00	2.632053e+00	1.161710e+00	1.066093e+00
1.659641e+00	2.785921e+00	1.086779e+00	1.145985e+00
1.908588e+00	2.943958e+00	1.015086e+00	1.232853e+00
2.194876e+00	3.104551e+00	9.459069e-01	1.327485e+00
2.524107e+00	3.265473e+00	8.797957e-01	1.430813e+00
2.902723e+00	1.730013e+00	8.138981e-01	1.543961e+00
3.338132e+00	1.900123e+00	7.502237e-01	1.668304e+00
3.838852e+00	2.089236e+00	6.946685e-01	1.805542e+00
4.414679e+00	2.291592e+00	6.425150e-01	1.957799e+00
5.076881e+00	2.516213e+00	5.865914e-01	2.127747e+00
5.838413e+00	2.761441e+00	5.410851e-01	2.318765e+00
6.714175e+00	3.025537e+00	5.045249e-01	2.535141e+00
7.721302e+00	3.319402e+00	4.671138e-01	2.782323e+00
8.879497e+00	3.625141e+00	4.242686e-01	2.898944e+00
1.021142e+01	3.949970e+00	3.749966e-01	2.777786e+00
1.174313e+01	4.289536e+00	3.346891e-01	2.679393e+00
1.350460e+01	4.669476e+00	3.010815e-01	2.604012e+00
1.553030e+01	5.096310e+00	2.718322e-01	2.551974e+00
1.785984e+01	5.546015e+00	2.447404e-01	2.523737e+00
2.053882e+01	6.044469e+00	2.198725e-01	2.519913e+00
2.361964e+01	6.598813e+00	1.990633e-01	2.541213e+00
2.716258e+01	7.178549e+00	1.787525e-01	2.588635e+00
3.123697e+01	7.821181e+00	1.604159e-01	2.663319e+00
3.592252e+01	8.504663e+00	1.439785e-01	2.766678e+00
4.131089e+01	9.213725e+00	1.302747e-01	2.900505e+00
4.750753e+01	9.967696e+00	1.172183e-01	3.067119e+00
5.463366e+01	1.064793e+01	1.039533e-01	3.269534e+00
6.282871e+01	1.135733e+01	9.257066e-02	3.511655e+00
7.225301e+01	1.201517e+01	8.266288e-02	3.798486e+00
8.309096e+01	1.261912e+01	7.436371e-02	4.136322e+00
9.555461e+01	1.321801e+01	6.659223e-02	4.533119e+00
1.098878e+02	1.359329e+01	5.882566e-02	4.998702e+00
1.263710e+02	1.399635e+01	5.219545e-02	5.545230e+00
1.453266e+02	1.441135e+01	4.635046e-02	6.187509e+00
1.671256e+02	1.471073e+01	4.106629e-02	6.944472e+00
1.921945e+02	1.496157e+01	3.651763e-02	7.836783e+00
2.210236e+02	1.612591e+01	3.250859e-02	8.909061e+00
2.541772e+02	1.581428e+01	2.897553e-02	1.019404e+01
2.923037e+02	1.548072e+01	2.568027e-02	1.172726e+01
3.361493e+02	1.504455e+01	2.268653e-02	1.357275e+01
3.865717e+02	1.467364e+01	2.031419e-02	1.578071e+01
4.445574e+02	1.418632e+01	1.821561e-02	1.841098e+01
5.112411e+02	1.365292e+01	1.599879e-02	2.157054e+01
5.879272e+02	1.310904e+01	1.411571e-02	2.538454e+01
6.761163e+02	1.256014e+01	1.245427e-02	3.001019e+01
7.775337e+02	1.203232e+01	1.110499e-02	3.564523e+01
8.941638e+02	1.150300e+01	9.929984e-03	4.254100e+01
1.028288e+03	1.095728e+01	8.690100e-03	5.101231e+01
1.182532e+03	1.039883e+01	7.657043e-03	6.146215e+01
1.359911e+03	9.824151e+00	6.743591e-03	7.441161e+01
1.563898e+03	9.253274e+00	5.955159e-03	9.052553e+01
1.798483e+03	8.698561e+00	5.249339e-03	1.106334e+02
2.068255e+03	8.159448e+00	4.614737e-03	1.357676e+02
2.378493e+03	7.624625e+00	4.106758e-03	1.672782e+02
2.735268e+03	7.098132e+00	3.618437e-03	2.069149e+02
3.145558e+03	6.588487e+00	3.190998e-03	2.569201e+02
3.617391e+03	6.098620e+00	2.820330e-03	3.201679e+02
4.160000e+03	5.630532e+00	2.516559e-03	4.003417e+02
4.784000e+03	5.185870e+00	2.229187e-03	5.021446e+02
5.501600e+03	4.765512e+00	1.944142e-03	6.315936e+02
6.326840e+03	4.371542e+00	1.704566e-03	7.963685e+02
7.275866e+03	4.004828e+00	1.501729e-03	1.006235e+03
8.367246e+03	3.665017e+00	1.334486e-03	1.273567e+03
9.622333e+03	3.351689e+00	1.178397e-03	1.613985e+03
