# Energy_MeV	dEdx_Elec_MeV_um	dEdx_Nucl_MeV_um	Range_um
1.000000e-05	6.457565e-03	3.965665e-02	3.097143e-03
1.150000e-05	6.924967e-03	4.393671e-02	3.321316e-03
1.322500e-05	7.426199e-03	4.866632e-02	3.561714e-03
1.520875e-05	7.963712e-03	5.383840e-02	3.819513e-03
1.749006e-05	8.540129e-03	5.949694e-02	4.095971e-03
2.011357e-05	9.158268e-03	6.573199e-02	4.392440e-03
2.313061e-05	9.821149e-03	7.259925e-02	4.710367e-03
2.660020e-05	1.053201e-02	8.017531e-02	5.051306e-03
3.059023e-05	1.129432e-02	8.819539e-02	5.416922e-03
3.517876e-05	1.211181e-02	9.702490e-02	5.809002e-03
4.045558e-05	1.298847e-02	1.070558e-01	6.229460e-03
4.652391e-05	1.392858e-02	1.177475e-01	6.680352e-03
5.350250e-05	1.493674e-02	1.295215e-01	7.163879e-03
6.152788e-05	1.601787e-02	1.419250e-01	7.682405e-03
7.075706e-05	1.717725e-02	1.554931e-01	8.238461e-03
8.137062e-05	1.842055e-02	1.708448e-01	8.834766e-03
9.357621e-05	1.975384e-02	1.871069e-01	9.474231e-03
1.076126e-04	2.118363e-02	2.048903e-01	1.015998e-02
1.237545e-04	2.271691e-02	2.238701e-01	1.089537e-02
1.423177e-04	2.436118e-02	2.444218e-01	1.168398e-02
1.636654e-04	2.612445e-02	2.666833e-01	1.252967e-02
1.882152e-04	2.801535e-02	2.900971e-01	1.343657e-02
2.164475e-04	3.004312e-02	3.158201e-01	1.440912e-02
2.489146e-04	3.221766e-02	3.431298e-01	1.545206e-02
2.862518e-04	3.454959e-02	3.718913e-01	1.657049e-02
3.291895e-04	3.705030e-02	4.020892e-01	1.776987e-02
3.785680e-04	3.973202e-02	4.352611e-01	1.905606e-02
4.353531e-04	4.260785e-02	4.710470e-01	2.043535e-02
5.006561e-04	4.569183e-02	5.085941e-01	2.191447e-02
5.757545e-04	4.899903e-02	5.474620e-01	2.350065e-02
6.621177e-04	5.254560e-02	5.876019e-01	2.520164e-02
7.614354e-04	5.634888e-02	6.312487e-01	2.702575e-02
8.756507e-04	6.042744e-02	6.775850e-01	2.898189e-02
1.006998e-03	6.480121e-02	7.255027e-01	3.107961e-02
1.158048e-03	6.949156e-02	7.750236e-01	3.332917e-02
1.331755e-03	7.452139e-02	8.270327e-01	3.574155e-02
1.531519e-03	7.991529e-02	8.794846e-01	3.832855e-02
1.761246e-03	8.569960e-02	9.323910e-01	4.110279e-02
2.025433e-03	9.190259e-02	9.871293e-01	4.407783e-02
2.329248e-03	9.855454e-02	1.043252e+00	4.726821e-02
2.678635e-03	1.056880e-01	1.101088e+00	5.068950e-02
3.080431e-03	1.133377e-01	1.154033e+00	5.435844e-02
3.542495e-03	1.215412e-01	1.207950e+00	5.829293e-02
4.073870e-03	1.303384e-01	1.267469e+00	6.251220e-02
4.684950e-03	1.397723e-01	1.323060e+00	6.703687e-02
5.387693e-03	1.498891e-01	1.378379e+00	7.188903e-02
6.195847e-03	1.607382e-01	1.427181e+00	7.709240e-02
7.125224e-03	1.723725e-01	1.474987e+00	8.267239e-02
8.194007e-03	1.848489e-01	1.526823e+00	8.865626e-02
9.423108e-03	1.982284e-01	1.573391e+00	9.503193e-02
1.083657e-02	2.125763e-01	1.617273e+00	1.019372e-01
1.246206e-02	2.279626e-01	1.657228e+00	1.093374e-01
1.433137e-02	2.444627e-01	1.693906e+00	1.172504e-01
1.648108e-02	2.621570e-01	1.727966e+00	1.257370e-01
1.895324e-02	2.811321e-01	1.756921e+00	1.348378e-01
2.179622e-02	3.014806e-01	1.784449e+00	1.445972e-01
2.506566e-02	3.233019e-01	1.808266e+00	1.550631e-01
2.882550e-02	3.467027e-01	1.827018e+00	1.662864e-01
3.314933e-02	3.717972e-01	1.841688e+00	1.783221e-01
3.812173e-02	3.987081e-01	1.855020e+00	1.912290e-01
4.383999e-02	4.275668e-01	1.865803e+00	2.050700e-01
5.041599e-02	4.585143e-01	1.872062e+00	2.199129e-01
5.797838e-02	4.917018e-01	1.873379e+00	2.358301e-01
6.667514e-02	5.272915e-01	1.870149e+00	2.528994e-01
7.667641e-02	5.654571e-01	1.863984e+00	2.712043e-01
8.817787e-02	6.063852e-01	1.854041e+00	2.908340e-01
1.014046e-01	6.502757e-01	1.839097e+00	3.118844e-01
1.166152e-01	6.973430e-01	1.819232e+00	3.344586e-01
1.341075e-01	7.478170e-01	1.794809e+00	3.586668e-01
1.542237e-01	8.019444e-01	1.765559e+00	3.846271e-01
1.773572e-01	8.599896e-01	1.731841e+00	4.124663e-01
2.039608e-01	9.222361e-01	1.693284e+00	4.423205e-01
2.345549e-01	9.889880e-01	1.650415e+00	4.743358e-01
2.697381e-01	1.060571e+00	1.602998e+00	5.086684e-01
3.101989e-01	1.137336e+00	1.554339e+00	5.454859e-01
3.567287e-01	1.219657e+00	1.501535e+00	5.849681e-01
4.102380e-01	1.307937e+00	1.442343e+00	6.273082e-01
4.717737e-01	1.402606e+00	1.382410e+00	6.727130e-01
5.425397e-01	1.504127e+00	1.319927e+00	7.214042e-01
6.239207e-01	1.612997e+00	1.259845e+00	7.736200e-01
7.175088e-01	1.729746e+00	1.198209e+00	8.296130e-01
8.251351e-01	1.854946e+00	1.130458e+00	8.896626e-01
9.489054e-01	1.984733e+00	1.065205e+00	9.540647e-01
1.091241e+00	2.106723e+00	1.000411e+00	1.023610e+00
1.254927e+00	2.234244e+00	9.371707e-01	1.099017e+00
1.443166e+00	2.366835e+00	8.760999e-01	1.180822e+00
1.659641e+00	2.503744e+00	8.158467e-01	1.269689e+00
1.908588e+00	2.643835e+00	7.597034e-01	1.366384e+00
2.194876e+00	2.785497e+00	7.032468e-01	1.471805e+00
2.524107e+00	1.499771e+00	6.490456e-01	1.587032e+00
2.902723e+00	1.652317e+00	6.006866e-01	1.713371e+00
3.338132e+00	1.811452e+00	5.558042e-01	1.852427e+00
3.838852e+00	1.988023e+00	5.096602e-01	2.006192e+00
4.414679e+00	2.181849e+00	4.683021e-01	2.177162e+00
5.076881e+00	2.388991e+00	4.352943e-01	2.368484e+00
5.838413e+00	2.619536e+00	4.043135e-01	2.584147e+00
6.714175e+00	2.864282e+00	3.691531e-01	2.728889e+00
7.721302e+00	3.130531e+00	3.287186e-01	2.643979e+00
8.879497e+00	3.419566e+00	2.922523e-01	2.571936e+00
1.021142e+01	3.715598e+00	2.621996e-01	2.514334e+00
1.174313e+01	4.046980e+00	2.366824e-01	2.472681e+00
1.350460e+01	4.420887e+00	2.126050e-01	2.448479e+00
1.553030e+01	4.833927e+00	1.916047e-01	2.443273e+00
1.785984e+01	5.293713e+00	1.732546e-01	2.458620e+00
2.053882e+01	5.780522e+00	1.559033e-01	2.496318e+00
2.361964e+01	6.315229e+00	1.399235e-01	2.558196e+00
2.716258e+01	6.865777e+00	1.250017e-01	2.646232e+00
3.123697e+01	7.449436e+00	1.131579e-01	2.762611e+00
3.592252e+01	8.085637e+00	1.022232e-01	2.909821e+00
4.131089e+01	8.667054e+00	9.059424e-02	3.090801e+00
4.750753e+01	9.270460e+00	8.061684e-02	3.309129e+00
5.463366e+01	9.825233e+00	7.187675e-02	3.569238e+00
6.282871e+01	1.034323e+01	6.461708e-02	3.876661e+00
7.225301e+01	1.087027e+01	5.814694e-02	4.238346e+00
8.309096e+01	1.127349e+01	5.132188e-02	4.662923e+00
9.555461e+01	1.164804e+01	4.550032e-02	5.161108e+00
1.098878e+02	1.191282e+01	4.040913e-02	5.746130e+00
1.263710e+02	1.217903e+01	3.584514e-02	6.434362e+00
1.453266e+02	1.245581e+01	3.191389e-02	7.245828e+00
1.671256e+02	1.258702e+01	2.832217e-02	8.205069e+00
1.921945e+02	1.354155e+01	2.527142e-02	9.345958e+00
2.210236e+02	1.326988e+01	2.240526e-02	1.072640e+01
2.541772e+02	1.290350e+01	1.981962e-02	1.237768e+01
2.923037e+02	1.252035e+01	1.771486e-02	1.436847e+01
3.361493e+02	1.210405e+01	1.587896e-02	1.677162e+01
3.865717e+02	1.170627e+01	1.404760e-02	1.965395e+01
4.445574e+02	1.123108e+01	1.236678e-02	2.311664e+01
5.112411e+02	1.074214e+01	1.090511e-02	2.730769e+01
5.879272e+02	1.025056e+01	9.696875e-03	3.240480e+01
6.761163e+02	9.763927e+00	8.662097e-03	3.863148e+01
7.775337e+02	9.294278e+00	7.637831e-03	4.627336e+01
8.941638e+02	8.819932e+00	6.712812e-03	5.569173e+01
1.028288e+03	8.337783e+00	5.908666e-03	6.734486e+01
1.182532e+03	7.850902e+00	5.216452e-03	8.182420e+01
1.359911e+03	7.363229e+00	4.581992e-03	9.989619e+01
1.563898e+03	6.883484e+00	4.040916e-03	1.225333e+02
1.798483e+03	6.428774e+00	3.591375e-03	1.509505e+02
2.068255e+03	5.984502e+00	3.172143e-03	1.866838e+02
2.378493e+03	5.549885e+00	2.796951e-03	2.317655e+02
2.735268e+03	5.129911e+00	2.457076e-03	2.888013e+02
3.145558e+03	4.728449e+00	2.190855e-03	3.611449e+02
3.617391e+03	4.347527e+00	1.952285e-03	4.530993e+02
4.160000e+03	3.988563e+00	1.700997e-03	5.701762e+02
4.784000e+03	3.650637e+00	1.489776e-03	7.194191e+02
5.501600e+03	3.334614e+00	1.309912e-03	9.098392e+02
6.326840e+03	3.042637e+00	1.162125e-03	1.152915e+03
7.275866e+03	2.774041e+00	1.032896e-03	1.463215e+03
8.367246e+03	2.527251e+00	8.982492e-04	1.859160e+03
9.622333e+03	2.302594e+00	7.850902e-04	2.363932e+03
