# Energy_MeV	dEdx_Elec_MeV_um	dEdx_Nucl_MeV_um	Range_um
1.000000e-05	5.830529e-03	4.111142e-02	3.430220e-03
1.150000e-05	6.252546e-03	4.550727e-02	3.678501e-03
1.322500e-05	6.705109e-03	5.023890e-02	3.944753e-03
1.520875e-05	7.190428e-03	5.553831e-02	4.230277e-03
1.749006e-05	7.710875e-03	6.129079e-02	4.536466e-03
2.011357e-05	8.268992e-03	6.756541e-02	4.864818e-03
2.313061e-05	8.867506e-03	7.433828e-02	5.216936e-03
2.660020e-05	9.509341e-03	8.185469e-02	5.594541e-03
3.059023e-05	1.019763e-02	9.017991e-02	5.999477e-03
3.517876e-05	1.093574e-02	9.922632e-02	6.433722e-03
4.045558e-05	1.172728e-02	1.089502e-01	6.899398e-03
4.652391e-05	1.257610e-02	1.194119e-01	7.398780e-03
5.350250e-05	1.348637e-02	1.309596e-01	7.934308e-03
6.152788e-05	1.446252e-02	1.436489e-01	8.508597e-03
7.075706e-05	1.550932e-02	1.573590e-01	9.124454e-03
8.137062e-05	1.663190e-02	1.721116e-01	9.784887e-03
9.357621e-05	1.783572e-02	1.881967e-01	1.049312e-02
1.076126e-04	1.912668e-02	2.053006e-01	1.125262e-02
1.237545e-04	2.051108e-02	2.235960e-01	1.206709e-02
1.423177e-04	2.199568e-02	2.433595e-01	1.294051e-02
1.636654e-04	2.358774e-02	2.646439e-01	1.387715e-02
1.882152e-04	2.529504e-02	2.877224e-01	1.488159e-02
2.164475e-04	2.712591e-02	3.111566e-01	1.595873e-02
2.489146e-04	2.908929e-02	3.364611e-01	1.711383e-02
2.862518e-04	3.119479e-02	3.648970e-01	1.835254e-02
3.291895e-04	3.345269e-02	3.939696e-01	1.968090e-02
3.785680e-04	3.587401e-02	4.253500e-01	2.110542e-02
4.353531e-04	3.847059e-02	4.566949e-01	2.263304e-02
5.006561e-04	4.125511e-02	4.901115e-01	2.427123e-02
5.757545e-04	4.424118e-02	5.273453e-01	2.602799e-02
6.621177e-04	4.744338e-02	5.647585e-01	2.791191e-02
7.614354e-04	5.087735e-02	6.046113e-01	2.993219e-02
8.756507e-04	5.455988e-02	6.448803e-01	3.209870e-02
1.006998e-03	5.850896e-02	6.869437e-01	3.442202e-02
1.158048e-03	6.274387e-02	7.305760e-01	3.691351e-02
1.331755e-03	6.728530e-02	7.732985e-01	3.958532e-02
1.531519e-03	7.215545e-02	8.189699e-01	4.245053e-02
1.761246e-03	7.737810e-02	8.641131e-01	4.552312e-02
2.025433e-03	8.297876e-02	9.089033e-01	4.881811e-02
2.329248e-03	8.898481e-02	9.524135e-01	5.235159e-02
2.678635e-03	9.542558e-02	9.977184e-01	5.614083e-02
3.080431e-03	1.023325e-01	1.044209e+00	6.020433e-02
3.542495e-03	1.097394e-01	1.089500e+00	6.456195e-02
4.073870e-03	1.176824e-01	1.131747e+00	6.923498e-02
4.684950e-03	1.262003e-01	1.171494e+00	7.424624e-02
5.387693e-03	1.353348e-01	1.211530e+00	7.962023e-02
6.195847e-03	1.451304e-01	1.251179e+00	8.538318e-02
7.125224e-03	1.556350e-01	1.288362e+00	9.156326e-02
8.194007e-03	1.668999e-01	1.322265e+00	9.817711e-02
9.423108e-03	1.789802e-01	1.354836e+00	1.052810e-01
1.083657e-02	1.919349e-01	1.383116e+00	1.129231e-01
1.246206e-02	2.058273e-01	1.408342e+00	1.210946e-01
1.433137e-02	2.207252e-01	1.431520e+00	1.298600e-01
1.648108e-02	2.367014e-01	1.452294e+00	1.392591e-01
1.895324e-02	2.538339e-01	1.471206e+00	1.493386e-01
2.179622e-02	2.722066e-01	1.484223e+00	1.601476e-01
2.506566e-02	2.919090e-01	1.495319e+00	1.717389e-01
2.882550e-02	3.130376e-01	1.506393e+00	1.841692e-01
3.314933e-02	3.356954e-01	1.512958e+00	1.974993e-01
3.812173e-02	3.599932e-01	1.516834e+00	2.117943e-01
4.383999e-02	3.860497e-01	1.515772e+00	2.271238e-01
5.041599e-02	4.139922e-01	1.511904e+00	2.435629e-01
5.797838e-02	4.439571e-01	1.506241e+00	2.611919e-01
6.667514e-02	4.760910e-01	1.496250e+00	2.800969e-01
7.667641e-02	5.105507e-01	1.482520e+00	3.003704e-01
8.817787e-02	5.475046e-01	1.464739e+00	3.221111e-01
1.014046e-01	5.871333e-01	1.443270e+00	3.454253e-01
1.166152e-01	6.296303e-01	1.418078e+00	3.704272e-01
1.341075e-01	6.752033e-01	1.389186e+00	3.972388e-01
1.542237e-01	7.240749e-01	1.356244e+00	4.259910e-01
1.773572e-01	7.764838e-01	1.320200e+00	4.568242e-01
2.039608e-01	8.326861e-01	1.281632e+00	4.898891e-01
2.345549e-01	8.929564e-01	1.240684e+00	5.253474e-01
2.697381e-01	9.575890e-01	1.195687e+00	5.633722e-01
3.101989e-01	1.026900e+00	1.147911e+00	6.041492e-01
3.567287e-01	1.101227e+00	1.098242e+00	6.478774e-01
4.102380e-01	1.180935e+00	1.048800e+00	6.947709e-01
4.717737e-01	1.266412e+00	9.993020e-01	7.450587e-01
5.425397e-01	1.358075e+00	9.469822e-01	7.989867e-01
6.239207e-01	1.456373e+00	8.936801e-01	8.568156e-01
7.175088e-01	1.561786e+00	8.406008e-01	9.188383e-01
8.251351e-01	1.673970e+00	7.890959e-01	9.853289e-01
9.489054e-01	1.777100e+00	7.370285e-01	1.057025e+00
1.091241e+00	1.884993e+00	6.882742e-01	1.134756e+00
1.254927e+00	1.997294e+00	6.418313e-01	1.219059e+00
1.443166e+00	1.061264e+00	5.959003e-01	1.310621e+00
1.659641e+00	1.138113e+00	5.515093e-01	1.410215e+00
1.908588e+00	1.220525e+00	5.073701e-01	1.518757e+00
2.194876e+00	1.324953e+00	4.707030e-01	1.637335e+00
2.524107e+00	1.457892e+00	4.346166e-01	1.767270e+00
2.902723e+00	1.596686e+00	3.964440e-01	1.910179e+00
3.338132e+00	1.751295e+00	3.668339e-01	2.068064e+00
3.838852e+00	1.918564e+00	3.420685e-01	2.243433e+00
4.414679e+00	2.100581e+00	3.156927e-01	2.439441e+00
5.076881e+00	2.302569e+00	2.854898e-01	2.414716e+00
5.838413e+00	2.516725e+00	2.522622e-01	2.373848e+00
6.714175e+00	2.755259e+00	2.254395e-01	2.338728e+00
7.721302e+00	3.013105e+00	2.029115e-01	2.311342e+00
8.879497e+00	3.292663e+00	1.831882e-01	2.293674e+00
1.021142e+01	3.604725e+00	1.651994e-01	2.287734e+00
1.174313e+01	3.954086e+00	1.485149e-01	2.295523e+00
1.350460e+01	4.342907e+00	1.341660e-01	2.319284e+00
1.553030e+01	4.766075e+00	1.204142e-01	2.361288e+00
1.785984e+01	5.207125e+00	1.079613e-01	2.423962e+00
2.053882e+01	5.688347e+00	9.731327e-02	2.509887e+00
2.361964e+01	6.146162e+00	8.792907e-02	2.621824e+00
2.716258e+01	6.632454e+00	7.873579e-02	2.762771e+00
3.123697e+01	7.133347e+00	7.006399e-02	2.936064e+00
3.592252e+01	7.585418e+00	6.229029e-02	3.145536e+00
4.131089e+01	8.046223e+00	5.581949e-02	3.395686e+00
4.750753e+01	8.425128e+00	5.015491e-02	3.692037e+00
5.463366e+01	8.791488e+00	4.468367e-02	4.041330e+00
6.282871e+01	9.133117e+00	3.961886e-02	4.451921e+00
7.225301e+01	9.395454e+00	3.509503e-02	4.934165e+00
8.309096e+01	9.636804e+00	3.121531e-02	5.500891e+00
9.555461e+01	9.762493e+00	2.757670e-02	6.167976e+00
1.098878e+02	9.888069e+00	2.453975e-02	6.955103e+00
1.263710e+02	1.001520e+01	2.190654e-02	7.886357e+00
1.453266e+02	1.004383e+01	1.946913e-02	8.992275e+00
1.671256e+02	1.076739e+01	1.728414e-02	1.030995e+01
1.921945e+02	1.047831e+01	1.524418e-02	1.190987e+01
2.210236e+02	1.011723e+01	1.368856e-02	1.383877e+01
2.541772e+02	9.747948e+00	1.224604e-02	1.617182e+01
2.923037e+02	9.345666e+00	1.074749e-02	1.900790e+01
3.361493e+02	8.987102e+00	9.479144e-03	2.243659e+01
3.865717e+02	8.573346e+00	8.367481e-03	2.657825e+01
4.445574e+02	8.149676e+00	7.476708e-03	3.162123e+01
5.112411e+02	7.727317e+00	6.672036e-03	3.779117e+01
5.879272e+02	7.309591e+00	5.844412e-03	4.537434e+01
6.761163e+02	6.908229e+00	5.138985e-03	5.473675e+01
7.775337e+02	6.509643e+00	4.530844e-03	6.634580e+01
8.941638e+02	6.111013e+00	3.995872e-03	8.079534e+01
1.028288e+03	5.714824e+00	3.531399e-03	9.885303e+01
1.182532e+03	5.321604e+00	3.111832e-03	1.215179e+02
1.359911e+03	4.940017e+00	2.758787e-03	1.500686e+02
1.563898e+03	4.579338e+00	2.432907e-03	1.861134e+02
1.798483e+03	4.233784e+00	2.139968e-03	2.316805e+02
2.068255e+03	3.900920e+00	1.901989e-03	2.894452e+02
2.378493e+03	3.582572e+00	1.694376e-03	3.628592e+02
2.735268e+03	3.281190e+00	1.492045e-03	4.563677e+02
3.145558e+03	2.998132e+00	1.306900e-03	5.756789e+02
3.617391e+03	2.734378e+00	1.143780e-03	7.281129e+02
4.160000e+03	2.489234e+00	1.011977e-03	9.230206e+02
4.784000e+03	2.262269e+00	8.980687e-04	1.172360e+03
5.501600e+03	2.054177e+00	7.881844e-04	1.491364e+03
6.326840e+03	1.864454e+00	6.892336e-04	1.899352e+03
7.275866e+03	1.691905e+00	6.018740e-04	2.420743e+03
8.367246e+03	1.535952e+00	5.283075e-04	3.086251e+03
9.622333e+03	1.396043e+00	4.603078e-04	3.934322e+03
