# Energy_MeV	dEdx_Elec_MeV_um	dEdx_Nucl_MeV_um	Range_um
1.000000e-05	2.479666e-03	4.462973e-02	5.005714e-03
1.150000e-05	2.681455e-03	4.889485e-02	5.368030e-03
1.322500e-05	2.897671e-03	5.352402e-02	5.756571e-03
1.520875e-05	3.129375e-03	5.851679e-02	6.173235e-03
1.749006e-05	3.377702e-03	6.386607e-02	6.620057e-03
2.011357e-05	3.643868e-03	6.960220e-02	7.099220e-03
2.313061e-05	3.929175e-03	7.578341e-02	7.613065e-03
2.660020e-05	4.235018e-03	8.243231e-02	8.164103e-03
3.059023e-05	4.562895e-03	8.961413e-02	8.755025e-03
3.517876e-05	4.914407e-03	9.695406e-02	9.388718e-03
4.045558e-05	5.291273e-03	1.050324e-01	1.006828e-02
4.652391e-05	5.695336e-03	1.138490e-01	1.079703e-02
5.350250e-05	6.128570e-03	1.227770e-01	1.157852e-02
6.152788e-05	6.593092e-03	1.328774e-01	1.241658e-02
7.075706e-05	7.091173e-03	1.425448e-01	1.331530e-02
8.137062e-05	7.625246e-03	1.533435e-01	1.427907e-02
9.357621e-05	8.197920e-03	1.649473e-01	1.531259e-02
1.076126e-04	8.811995e-03	1.763912e-01	1.642093e-02
1.237545e-04	9.470469e-03	1.893574e-01	1.760948e-02
1.423177e-04	1.017656e-02	2.017782e-01	1.888407e-02
1.636654e-04	1.093372e-02	2.153235e-01	2.025090e-02
1.882152e-04	1.174564e-02	2.289718e-01	2.171668e-02
2.164475e-04	1.261630e-02	2.425081e-01	2.328854e-02
2.489146e-04	1.354995e-02	2.573299e-01	2.497418e-02
2.862518e-04	1.455114e-02	2.712215e-01	2.678182e-02
3.291895e-04	1.562477e-02	2.858825e-01	2.872030e-02
3.785680e-04	1.677609e-02	2.996150e-01	3.079909e-02
4.353531e-04	1.801071e-02	3.144415e-01	3.302835e-02
5.006561e-04	1.933468e-02	3.288404e-01	3.541896e-02
5.757545e-04	2.075445e-02	3.432974e-01	3.798260e-02
6.621177e-04	2.227697e-02	3.571925e-01	4.073180e-02
7.614354e-04	2.390967e-02	3.699682e-01	4.367999e-02
8.756507e-04	2.566053e-02	3.833165e-01	4.684157e-02
1.006998e-03	2.753810e-02	3.956336e-01	5.023199e-02
1.158048e-03	2.955156e-02	4.077206e-01	5.386781e-02
1.331755e-03	3.171074e-02	4.190224e-01	5.776679e-02
1.531519e-03	3.402620e-02	4.295436e-01	6.194798e-02
1.761246e-03	3.650923e-02	4.389162e-01	6.643181e-02
2.025433e-03	3.917197e-02	4.474402e-01	7.124018e-02
2.329248e-03	4.202744e-02	4.551487e-01	7.639658e-02
2.678635e-03	4.508958e-02	4.620054e-01	8.192620e-02
3.080431e-03	4.837334e-02	4.682464e-01	8.785606e-02
3.542495e-03	5.189478e-02	4.727484e-01	9.416711e-02
4.073870e-03	5.567110e-02	4.769837e-01	1.010204e-01
4.684950e-03	5.972074e-02	4.806238e-01	1.083502e-01
5.387693e-03	6.406349e-02	4.826023e-01	1.161924e-01
6.195847e-03	6.872056e-02	4.846400e-01	1.246021e-01
7.125224e-03	7.371471e-02	4.843921e-01	1.336208e-01
8.194007e-03	7.907034e-02	4.838242e-01	1.432921e-01
9.423108e-03	8.481360e-02	4.822224e-01	1.536634e-01
1.083657e-02	9.097256e-02	4.791436e-01	1.647855e-01
1.246206e-02	9.757730e-02	4.754347e-01	1.767126e-01
1.433137e-02	1.046601e-01	4.700210e-01	1.895030e-01
1.648108e-02	1.122555e-01	4.636530e-01	2.032191e-01
1.895324e-02	1.204007e-01	4.559599e-01	2.179279e-01
2.179622e-02	1.291355e-01	4.471422e-01	2.337015e-01
2.506566e-02	1.385025e-01	4.369832e-01	2.506168e-01
2.882550e-02	1.485474e-01	4.259443e-01	2.687564e-01
3.314933e-02	1.593194e-01	4.138574e-01	2.882089e-01
3.812173e-02	1.708711e-01	4.010975e-01	3.090694e-01
4.383999e-02	1.832590e-01	3.868971e-01	3.314398e-01
5.041599e-02	1.965434e-01	3.721865e-01	3.554295e-01
5.797838e-02	2.107894e-01	3.565118e-01	3.811554e-01
6.667514e-02	2.260665e-01	3.407919e-01	4.087434e-01
7.667641e-02	2.424494e-01	3.250506e-01	4.383283e-01
8.817787e-02	2.600181e-01	3.081593e-01	4.700546e-01
1.014046e-01	2.788584e-01	2.916918e-01	5.040773e-01
1.166152e-01	2.990624e-01	2.746305e-01	5.405624e-01
1.341075e-01	3.207287e-01	2.580204e-01	5.796882e-01
1.542237e-01	3.439633e-01	2.413796e-01	6.216463e-01
1.773572e-01	3.688796e-01	2.256945e-01	6.666413e-01
2.039608e-01	3.955993e-01	2.104498e-01	7.148929e-01
2.345549e-01	4.242531e-01	1.955513e-01	7.666373e-01
2.697381e-01	4.549808e-01	1.813419e-01	8.221258e-01
3.101989e-01	4.879326e-01	1.671000e-01	8.816289e-01
3.567287e-01	5.232704e-01	1.552023e-01	9.454723e-01
4.102380e-01	5.611678e-01	1.426928e-01	1.014474e+00
4.717737e-01	6.018083e-01	1.306337e-01	1.089292e+00
5.425397e-01	6.453903e-01	1.216650e-01	1.170472e+00
6.239207e-01	6.921270e-01	1.120158e-01	1.258674e+00
7.175088e-01	7.422386e-01	1.036718e-01	1.313850e+00
8.251351e-01	7.959747e-01	9.431353e-02	1.355237e+00
9.489054e-01	8.697615e-01	8.400318e-02	1.394697e+00
1.091241e+00	9.561563e-01	7.592207e-02	1.432387e+00
1.254927e+00	1.048338e+00	6.727118e-02	1.468583e+00
1.443166e+00	1.151040e+00	6.107541e-02	1.503714e+00
1.659641e+00	1.266126e+00	5.481899e-02	1.538391e+00
1.908588e+00	1.390081e+00	4.942961e-02	1.573422e+00
2.194876e+00	1.528047e+00	4.470523e-02	1.609832e+00
2.524107e+00	1.675153e+00	3.993506e-02	1.648874e+00
2.902723e+00	1.828780e+00	3.608771e-02	1.692052e+00
3.338132e+00	1.994262e+00	3.236022e-02	1.741139e+00
3.838852e+00	2.136982e+00	2.925864e-02	1.798192e+00
4.414679e+00	2.293820e+00	2.613968e-02	1.865611e+00
5.076881e+00	2.462708e+00	2.343485e-02	1.946179e+00
5.838413e+00	2.617767e+00	2.083554e-02	2.043094e+00
6.714175e+00	2.773584e+00	1.863727e-02	2.160034e+00
7.721302e+00	2.890537e+00	1.672768e-02	2.301199e+00
8.879497e+00	3.003536e+00	1.486268e-02	2.471362e+00
1.021142e+01	3.092937e+00	1.328195e-02	2.675960e+00
1.174313e+01	3.167239e+00	1.175219e-02	2.921221e+00
1.350460e+01	3.237640e+00	1.044347e-02	3.214371e+00
1.553030e+01	3.276211e+00	9.234599e-03	3.563955e+00
1.785984e+01	3.305573e+00	8.225360e-03	3.980251e+00
2.053882e+01	3.317190e+00	7.315517e-03	4.475831e+00
2.361964e+01	3.310359e+00	6.499737e-03	5.066250e+00
2.716258e+01	3.293550e+00	5.786417e-03	5.770927e+00
3.123697e+01	3.254789e+00	5.102483e-03	6.614226e+00
3.592252e+01	3.203361e+00	4.590525e-03	7.626843e+00
4.131089e+01	3.136208e+00	4.065494e-03	8.847520e+00
4.750753e+01	3.058802e+00	3.591784e-03	1.032536e+01
5.463366e+01	2.969748e+00	3.204517e-03	1.212259e+01
6.282871e+01	2.867346e+00	2.792041e-03	1.431676e+01
7.225301e+01	2.830614e+00	2.514961e-03	1.701923e+01
8.309096e+01	2.660235e+00	2.217913e-03	2.039310e+01
9.555461e+01	2.480318e+00	1.955751e-03	2.457355e+01
1.098878e+02	2.304308e+00	1.740056e-03	2.980139e+01
1.263710e+02	2.140135e+00	1.513842e-03	3.634316e+01
1.453266e+02	1.988743e+00	1.346743e-03	4.449301e+01
1.671256e+02	1.837524e+00	1.182182e-03	5.467528e+01
1.921945e+02	1.692032e+00	1.044693e-03	6.746707e+01
2.210236e+02	1.553514e+00	9.275484e-04	8.359861e+01
2.541772e+02	1.422813e+00	8.126955e-04	1.040089e+02
2.923037e+02	1.299745e+00	7.218657e-04	1.299189e+02
3.361493e+02	1.184247e+00	6.369834e-04	1.628998e+02
3.865717e+02	1.075740e+00	5.669989e-04	2.049799e+02
4.445574e+02	9.742206e-01	4.983566e-04	2.588016e+02
5.112411e+02	8.800222e-01	4.405707e-04	3.278086e+02
5.879272e+02	7.933604e-01	3.849792e-04	4.164104e+02
6.761163e+02	7.156782e-01	3.401083e-04	5.301740e+02
7.775337e+02	6.445619e-01	3.009915e-04	6.761943e+02
8.941638e+02	5.797188e-01	2.635850e-04	8.637891e+02
1.028288e+03	5.208782e-01	2.327065e-04	1.104886e+03
1.182532e+03	4.676872e-01	2.026359e-04	1.414799e+03
1.359911e+03	4.197095e-01	1.778728e-04	1.813114e+03
1.563898e+03	3.766399e-01	1.548800e-04	2.324820e+03
1.798483e+03	3.381357e-01	1.362478e-04	2.981720e+03
2.068255e+03	3.037550e-01	1.196474e-04	3.824315e+03
2.378493e+03	2.730442e-01	1.047895e-04	4.903967e+03
2.735268e+03	2.457183e-01	9.220534e-05	6.285616e+03
3.145558e+03	2.214883e-01	8.018641e-05	8.051085e+03
3.617391e+03	1.999821e-01	7.131328e-05	1.030306e+04
4.160000e+03	1.809118e-01	6.229966e-05	1.316981e+04
4.784000e+03	1.640688e-01	5.430492e-05	1.681077e+04
5.501600e+03	1.492124e-01	0.000000e+00	2.142295e+04
6.326840e+03	1.361095e-01	0.000000e+00	2.724820e+04
7.275866e+03	1.245921e-01	0.000000e+00	3.458131e+04
8.367246e+03	1.145014e-01	0.000000e+00	4.377872e+04
9.622333e+03	1.056614e-01	0.000000e+00	5.526782e+04
