# Energy_MeV	dEdx_Elec_MeV_um	dEdx_Nucl_MeV_um	Range_um
1.000000e-05	6.736805e-03	3.239851e-02	2.968766e-03
1.150000e-05	7.224419e-03	3.495039e-02	3.183647e-03
1.322500e-05	7.747326e-03	3.879353e-02	3.414081e-03
1.520875e-05	8.308081e-03	4.302333e-02	3.661194e-03
1.749006e-05	8.909425e-03	4.767832e-02	3.926193e-03
2.011357e-05	9.554294e-03	5.301978e-02	4.210373e-03
2.313061e-05	1.024584e-02	5.877253e-02	4.515122e-03
2.660020e-05	1.098744e-02	6.515947e-02	4.841929e-03
3.059023e-05	1.178271e-02	7.214749e-02	5.192391e-03
3.517876e-05	1.263555e-02	7.983987e-02	5.568219e-03
4.045558e-05	1.355012e-02	8.835531e-02	5.971249e-03
4.652391e-05	1.453089e-02	9.753580e-02	6.403452e-03
5.350250e-05	1.558264e-02	1.078210e-01	6.866937e-03
6.152788e-05	1.671052e-02	1.190028e-01	7.363969e-03
7.075706e-05	1.792004e-02	1.311562e-01	7.896977e-03
8.137062e-05	1.921710e-02	1.441830e-01	8.468565e-03
9.357621e-05	2.060804e-02	1.588249e-01	9.081524e-03
1.076126e-04	2.209966e-02	1.750857e-01	9.738850e-03
1.237545e-04	2.369925e-02	1.924589e-01	1.044375e-02
1.423177e-04	2.541461e-02	2.114033e-01	1.119968e-02
1.636654e-04	2.725413e-02	2.314623e-01	1.201032e-02
1.882152e-04	2.922680e-02	2.539478e-01	1.287963e-02
2.164475e-04	3.134225e-02	2.787345e-01	1.381186e-02
2.489146e-04	3.361082e-02	3.050030e-01	1.481157e-02
2.862518e-04	3.604359e-02	3.337421e-01	1.588364e-02
3.291895e-04	3.865245e-02	3.646907e-01	1.703331e-02
3.785680e-04	4.145013e-02	3.979704e-01	1.826619e-02
4.353531e-04	4.445031e-02	4.332767e-01	1.958831e-02
5.006561e-04	4.766765e-02	4.712601e-01	2.100612e-02
5.757545e-04	5.111786e-02	5.127586e-01	2.252655e-02
6.621177e-04	5.481780e-02	5.570560e-01	2.415703e-02
7.614354e-04	5.878554e-02	6.024826e-01	2.590553e-02
8.756507e-04	6.304047e-02	6.509019e-01	2.778059e-02
1.006998e-03	6.760337e-02	7.063696e-01	2.979136e-02
1.158048e-03	7.249654e-02	7.624802e-01	3.194768e-02
1.331755e-03	7.774388e-02	8.226757e-01	3.426007e-02
1.531519e-03	8.337102e-02	8.832812e-01	3.673983e-02
1.761246e-03	8.940546e-02	9.469958e-01	3.939908e-02
2.025433e-03	9.587667e-02	1.019562e+00	4.225080e-02
2.329248e-03	1.028163e-01	1.091457e+00	4.530894e-02
2.678635e-03	1.102582e-01	1.167857e+00	4.858842e-02
3.080431e-03	1.182387e-01	1.245624e+00	5.210528e-02
3.542495e-03	1.267969e-01	1.326277e+00	5.587669e-02
4.073870e-03	1.359745e-01	1.409594e+00	5.992107e-02
4.684950e-03	1.458164e-01	1.491331e+00	6.425819e-02
5.387693e-03	1.563707e-01	1.579243e+00	6.890923e-02
6.195847e-03	1.676889e-01	1.666038e+00	7.389692e-02
7.125224e-03	1.798263e-01	1.751697e+00	7.924562e-02
8.194007e-03	1.928422e-01	1.832934e+00	8.498146e-02
9.423108e-03	2.068003e-01	1.920763e+00	9.113246e-02
1.083657e-02	2.217686e-01	2.011591e+00	9.772868e-02
1.246206e-02	2.378203e-01	2.095330e+00	1.048023e-01
1.433137e-02	2.550339e-01	2.177187e+00	1.123880e-01
1.648108e-02	2.734933e-01	2.250090e+00	1.204821e-01
1.895324e-02	2.932889e-01	2.327494e+00	1.292486e-01
2.179622e-02	3.145173e-01	2.404904e+00	1.386035e-01
2.506566e-02	3.372823e-01	2.472590e+00	1.486368e-01
2.882550e-02	3.616949e-01	2.538159e+00	1.593945e-01
3.314933e-02	3.878746e-01	2.598279e+00	1.709314e-01
3.812173e-02	4.159492e-01	2.652406e+00	1.833032e-01
4.383999e-02	4.460558e-01	2.699360e+00	1.965706e-01
5.041599e-02	4.783416e-01	2.741899e+00	2.107983e-01
5.797838e-02	5.129642e-01	2.782152e+00	2.260557e-01
6.667514e-02	5.500928e-01	2.816281e+00	2.424175e-01
7.667641e-02	5.899088e-01	2.840456e+00	2.599635e-01
8.817787e-02	6.326067e-01	2.859963e+00	2.787796e-01
1.014046e-01	6.783951e-01	2.881409e+00	2.989576e-01
1.166152e-01	7.274977e-01	2.892819e+00	3.205961e-01
1.341075e-01	7.801544e-01	2.898804e+00	3.438007e-01
1.542237e-01	8.366224e-01	2.895833e+00	3.686849e-01
1.773572e-01	8.971775e-01	2.886877e+00	3.953704e-01
2.039608e-01	9.621157e-01	2.875710e+00	4.239873e-01
2.345549e-01	1.031754e+00	2.855218e+00	4.546753e-01
2.697381e-01	1.106433e+00	2.827610e+00	4.875847e-01
3.101989e-01	1.186517e+00	2.792525e+00	5.228762e-01
3.567287e-01	1.272398e+00	2.750198e+00	5.607221e-01
4.102380e-01	1.364495e+00	2.700831e+00	6.013072e-01
4.717737e-01	1.463258e+00	2.644475e+00	6.448297e-01
5.425397e-01	1.569169e+00	2.580208e+00	6.915026e-01
6.239207e-01	1.682746e+00	2.510290e+00	7.415538e-01
7.175088e-01	1.804545e+00	2.435371e+00	7.952277e-01
8.251351e-01	1.935158e+00	2.357173e+00	8.527864e-01
9.489054e-01	2.075226e+00	2.269582e+00	9.145110e-01
1.091241e+00	2.225432e+00	2.176281e+00	9.807033e-01
1.254927e+00	2.386510e+00	2.082388e+00	1.051691e+00
1.443166e+00	2.559247e+00	1.986193e+00	1.127792e+00
1.659641e+00	2.727272e+00	1.893646e+00	1.209578e+00
1.908588e+00	2.893946e+00	1.792106e+00	1.298137e+00
2.194876e+00	3.067829e+00	1.688077e+00	1.394155e+00
2.524107e+00	3.248159e+00	1.589349e+00	1.498386e+00
2.902723e+00	3.433734e+00	1.489384e+00	1.611680e+00
3.338132e+00	3.622789e+00	1.391707e+00	1.735045e+00
3.838852e+00	3.812863e+00	1.298132e+00	1.869674e+00
4.414679e+00	4.000665e+00	1.209990e+00	2.016999e+00
5.076881e+00	4.181984e+00	1.123984e+00	2.178768e+00
5.838413e+00	2.222469e+00	1.037734e+00	2.357136e+00
6.714175e+00	2.443451e+00	9.555317e-01	2.554788e+00
7.721302e+00	2.690822e+00	8.863486e-01	2.775104e+00
8.879497e+00	2.957355e+00	8.189533e-01	3.022348e+00
1.021142e+01	3.250837e+00	7.446789e-01	3.301931e+00
1.174313e+01	3.576352e+00	6.910959e-01	3.620724e+00
1.350460e+01	3.918101e+00	6.458184e-01	3.987467e+00
1.553030e+01	4.290795e+00	5.945267e-01	4.413277e+00
1.785984e+01	4.665996e+00	5.355414e-01	4.797897e+00
2.053882e+01	5.084848e+00	4.706884e-01	4.513585e+00
2.361964e+01	5.557416e+00	4.223952e-01	4.291584e+00
2.716258e+01	6.023490e+00	3.804963e-01	4.126276e+00
3.123697e+01	6.539099e+00	3.434518e-01	4.013342e+00
3.592252e+01	7.092479e+00	3.094022e-01	3.949542e+00
4.131089e+01	7.697284e+00	2.784216e-01	3.932554e+00
4.750753e+01	8.374606e+00	2.519197e-01	3.960860e+00
5.463366e+01	9.105154e+00	2.255212e-01	4.033587e+00
6.282871e+01	9.911675e+00	2.022571e-01	4.150946e+00
7.225301e+01	1.077488e+01	1.820380e-01	4.313849e+00
8.309096e+01	1.164811e+01	1.651751e-01	4.524292e+00
9.555461e+01	1.258673e+01	1.474399e-01	4.785485e+00
1.098878e+02	1.345145e+01	1.305291e-01	5.102035e+00
1.263710e+02	1.432684e+01	1.166722e-01	5.480165e+00
1.453266e+02	1.515501e+01	1.042025e-01	5.927952e+00
1.671256e+02	1.580112e+01	9.413485e-02	6.455601e+00
1.921945e+02	1.643471e+01	8.359406e-02	7.075867e+00
2.210236e+02	1.707765e+01	7.372602e-02	7.804423e+00
2.541772e+02	1.765255e+01	6.569015e-02	8.661132e+00
2.923037e+02	1.811846e+01	5.821253e-02	9.667154e+00
3.361493e+02	2.027219e+01	5.157881e-02	1.086732e+01
3.865717e+02	2.010770e+01	4.583522e-02	1.230562e+01
4.445574e+02	1.987737e+01	4.090447e-02	1.400833e+01
5.112411e+02	1.952330e+01	3.644150e-02	1.604754e+01
5.879272e+02	1.917784e+01	3.220996e-02	1.847583e+01
6.761163e+02	1.871699e+01	2.849753e-02	2.134714e+01
7.775337e+02	1.814663e+01	2.561895e-02	2.476653e+01
8.941638e+02	1.755236e+01	2.294383e-02	2.886072e+01
1.028288e+03	1.694107e+01	2.002732e-02	3.378615e+01
1.182532e+03	1.634688e+01	1.771835e-02	3.973691e+01
1.359911e+03	1.576197e+01	1.562706e-02	4.695927e+01
1.563898e+03	1.514428e+01	1.398997e-02	5.575887e+01
1.798483e+03	1.449675e+01	1.249379e-02	6.652326e+01
2.068255e+03	1.381796e+01	1.088259e-02	7.975071e+01
2.378493e+03	1.312900e+01	9.611663e-03	9.607675e+01
2.735268e+03	1.244402e+01	8.456474e-03	1.162909e+02
3.145558e+03	1.177670e+01	7.464166e-03	1.413657e+02
3.617391e+03	1.110673e+01	6.583139e-03	1.725528e+02
4.160000e+03	1.043901e+01	5.810583e-03	2.114881e+02
4.784000e+03	9.777175e+00	5.166667e-03	2.602535e+02
5.501600e+03	9.127334e+00	4.538704e-03	3.215119e+02
6.326840e+03	8.497652e+00	3.998708e-03	3.986673e+02
7.275866e+03	7.893044e+00	3.545077e-03	4.960584e+02
8.367246e+03	7.313605e+00	3.175099e-03	6.192243e+02
9.622333e+03	6.761368e+00	2.784926e-03	7.752364e+02
