# Energy_MeV	dEdx_Elec_MeV_um	dEdx_Nucl_MeV_um	Range_um
1.000000e-05	6.163825e-03	3.302150e-02	3.244738e-03
1.150000e-05	6.609966e-03	3.659908e-02	3.479594e-03
1.322500e-05	7.088399e-03	4.058624e-02	3.731449e-03
1.520875e-05	7.601461e-03	4.510953e-02	4.001533e-03
1.749006e-05	8.151659e-03	5.000128e-02	4.291167e-03
2.011357e-05	8.741680e-03	5.543431e-02	4.601764e-03
2.313061e-05	9.374407e-03	6.137066e-02	4.934842e-03
2.660020e-05	1.005293e-02	6.791148e-02	5.292028e-03
3.059023e-05	1.078057e-02	7.510853e-02	5.675068e-03
3.517876e-05	1.156087e-02	8.293162e-02	6.085832e-03
4.045558e-05	1.239765e-02	9.165977e-02	6.526328e-03
4.652391e-05	1.329500e-02	1.011706e-01	6.998707e-03
5.350250e-05	1.425730e-02	1.114289e-01	7.505277e-03
6.152788e-05	1.528925e-02	1.225072e-01	8.048513e-03
7.075706e-05	1.639590e-02	1.350541e-01	8.631069e-03
8.137062e-05	1.758264e-02	1.487561e-01	9.255790e-03
9.357621e-05	1.885528e-02	1.635317e-01	9.925729e-03
1.076126e-04	2.022004e-02	1.794745e-01	1.064416e-02
1.237545e-04	2.168357e-02	1.965110e-01	1.141459e-02
1.423177e-04	2.325304e-02	2.157787e-01	1.224078e-02
1.636654e-04	2.493611e-02	2.366172e-01	1.312678e-02
1.882152e-04	2.674100e-02	2.589422e-01	1.407690e-02
2.164475e-04	2.867653e-02	2.832056e-01	1.509579e-02
2.489146e-04	3.075215e-02	3.094416e-01	1.618843e-02
2.862518e-04	3.297801e-02	3.375696e-01	1.736016e-02
3.291895e-04	3.536497e-02	3.673465e-01	1.861670e-02
3.785680e-04	3.792471e-02	3.996830e-01	1.996419e-02
4.353531e-04	4.066972e-02	4.346344e-01	2.140921e-02
5.006561e-04	4.361341e-02	4.718965e-01	2.295881e-02
5.757545e-04	4.677017e-02	5.099785e-01	2.462059e-02
6.621177e-04	5.015542e-02	5.514332e-01	2.640264e-02
7.614354e-04	5.378570e-02	5.978651e-01	2.831367e-02
8.756507e-04	5.767874e-02	6.452558e-01	3.036303e-02
1.006998e-03	6.185355e-02	6.958256e-01	3.256072e-02
1.158048e-03	6.633055e-02	7.465668e-01	3.491749e-02
1.331755e-03	7.113159e-02	8.011007e-01	3.744483e-02
1.531519e-03	7.628013e-02	8.616008e-01	4.015511e-02
1.761246e-03	8.180133e-02	9.221801e-01	4.306156e-02
2.025433e-03	8.772215e-02	9.862468e-01	4.617838e-02
2.329248e-03	9.407153e-02	1.051862e+00	4.952079e-02
2.678635e-03	1.008805e-01	1.119519e+00	5.310513e-02
3.080431e-03	1.081823e-01	1.188510e+00	5.694891e-02
3.542495e-03	1.160125e-01	1.257565e+00	6.107090e-02
4.073870e-03	1.244096e-01	1.330786e+00	6.549125e-02
4.684950e-03	1.334144e-01	1.403910e+00	7.023154e-02
5.387693e-03	1.430710e-01	1.474348e+00	7.531493e-02
6.195847e-03	1.534266e-01	1.542470e+00	8.076627e-02
7.125224e-03	1.645317e-01	1.617714e+00	8.661217e-02
8.194007e-03	1.764406e-01	1.691798e+00	9.288121e-02
9.423108e-03	1.892114e-01	1.761820e+00	9.960400e-02
1.083657e-02	2.029067e-01	1.828248e+00	1.068134e-01
1.246206e-02	2.175932e-01	1.888905e+00	1.145446e-01
1.433137e-02	2.333427e-01	1.955211e+00	1.227736e-01
1.648108e-02	2.502321e-01	2.017614e+00	1.317070e-01
1.895324e-02	2.683441e-01	2.073794e+00	1.412644e-01
2.179622e-02	2.877669e-01	2.127233e+00	1.514888e-01
2.506566e-02	3.085957e-01	2.176439e+00	1.624532e-01
2.882550e-02	3.309320e-01	2.220914e+00	1.742116e-01
3.314933e-02	3.548850e-01	2.258997e+00	1.868208e-01
3.812173e-02	3.805718e-01	2.294501e+00	2.003427e-01
4.383999e-02	4.081178e-01	2.326768e+00	2.148433e-01
5.041599e-02	4.376576e-01	2.353550e+00	2.303936e-01
5.797838e-02	4.693354e-01	2.372651e+00	2.470694e-01
6.667514e-02	5.033062e-01	2.389270e+00	2.649521e-01
7.667641e-02	5.397358e-01	2.405704e+00	2.841292e-01
8.817787e-02	5.788021e-01	2.414299e+00	3.046944e-01
1.014046e-01	6.206961e-01	2.418001e+00	3.267481e-01
1.166152e-01	6.656224e-01	2.414528e+00	3.503981e-01
1.341075e-01	7.138005e-01	2.406779e+00	3.757597e-01
1.542237e-01	7.654658e-01	2.396070e+00	4.029571e-01
1.773572e-01	8.208706e-01	2.377830e+00	4.321232e-01
2.039608e-01	8.802857e-01	2.353654e+00	4.634004e-01
2.345549e-01	9.440012e-01	2.323304e+00	4.969412e-01
2.697381e-01	1.012329e+00	2.286891e+00	5.329097e-01
3.101989e-01	1.085601e+00	2.244620e+00	5.714817e-01
3.567287e-01	1.164178e+00	2.196378e+00	6.128458e-01
4.102380e-01	1.248442e+00	2.141893e+00	6.572037e-01
4.717737e-01	1.338804e+00	2.082326e+00	7.047721e-01
5.425397e-01	1.435708e+00	2.019534e+00	7.557834e-01
6.239207e-01	1.539625e+00	1.953188e+00	8.104873e-01
7.175088e-01	1.651064e+00	1.878133e+00	8.691508e-01
8.251351e-01	1.770569e+00	1.800657e+00	9.320599e-01
9.489054e-01	1.898724e+00	1.721342e+00	9.995231e-01
1.091241e+00	2.036154e+00	1.642171e+00	1.071867e+00
1.254927e+00	2.183532e+00	1.564370e+00	1.149447e+00
1.443166e+00	2.334129e+00	1.477367e+00	1.232679e+00
1.659641e+00	2.477411e+00	1.392157e+00	1.322624e+00
1.908588e+00	2.627121e+00	1.309369e+00	1.420150e+00
2.194876e+00	2.782693e+00	1.226882e+00	1.525966e+00
2.524107e+00	2.943210e+00	1.146446e+00	1.640933e+00
2.902723e+00	3.107297e+00	1.068075e+00	1.766046e+00
3.338132e+00	3.273009e+00	9.954997e-01	1.902480e+00
3.838852e+00	3.437711e+00	9.231020e-01	2.051645e+00
4.414679e+00	1.810904e+00	8.523673e-01	2.215249e+00
5.076881e+00	1.988030e+00	7.864920e-01	2.395394e+00
5.838413e+00	2.183987e+00	7.291575e-01	2.594689e+00
6.714175e+00	2.401771e+00	6.715613e-01	2.816409e+00
7.721302e+00	2.634527e+00	6.126654e-01	3.064685e+00
8.879497e+00	2.894433e+00	5.695589e-01	3.344752e+00
1.021142e+01	3.174955e+00	5.309951e-01	3.663256e+00
1.174313e+01	3.477690e+00	4.870376e-01	4.028643e+00
1.350460e+01	3.810480e+00	4.364864e-01	4.116864e+00
1.553030e+01	4.134996e+00	3.848948e-01	3.938071e+00
1.785984e+01	4.499912e+00	3.458106e-01	3.794981e+00
2.053882e+01	4.909168e+00	3.116717e-01	3.687326e+00
2.361964e+01	5.346937e+00	2.808634e-01	3.615065e+00
2.716258e+01	5.830491e+00	2.529774e-01	3.578425e+00
3.123697e+01	6.350942e+00	2.281066e-01	3.577905e+00
3.592252e+01	6.928676e+00	2.060227e-01	3.614195e+00
4.131089e+01	7.551278e+00	1.845014e-01	3.688453e+00
4.750753e+01	8.221857e+00	1.651768e-01	3.802090e+00
5.463366e+01	8.965718e+00	1.490319e-01	3.956993e+00
6.282871e+01	9.694901e+00	1.351050e-01	4.155683e+00
7.225301e+01	1.045590e+01	1.199116e-01	4.401528e+00
8.309096e+01	1.120746e+01	1.064780e-01	4.698986e+00
9.555461e+01	1.190836e+01	9.509168e-02	5.053867e+00
1.098878e+02	1.263141e+01	8.519538e-02	5.473620e+00
1.263710e+02	1.323028e+01	7.693226e-02	5.967639e+00
1.453266e+02	1.377054e+01	6.790156e-02	6.547717e+00
1.671256e+02	1.420497e+01	6.008360e-02	7.228408e+00
1.921945e+02	1.464353e+01	5.349087e-02	8.027718e+00
2.210236e+02	1.508892e+01	4.745085e-02	8.967719e+00
2.541772e+02	1.536319e+01	4.214589e-02	1.007460e+01
2.923037e+02	1.687138e+01	3.735629e-02	1.138849e+01
3.361493e+02	1.666128e+01	3.338352e-02	1.297216e+01
3.865717e+02	1.633263e+01	2.964982e-02	1.485490e+01
4.445574e+02	1.596538e+01	2.623563e-02	1.711520e+01
5.112411e+02	1.555712e+01	2.332416e-02	1.982612e+01
5.879272e+02	1.513975e+01	2.096304e-02	2.305415e+01
6.761163e+02	1.461102e+01	1.867929e-02	2.690928e+01
7.775337e+02	1.406203e+01	1.633890e-02	3.154586e+01
8.941638e+02	1.350390e+01	1.445146e-02	3.714918e+01
1.028288e+03	1.295074e+01	1.277830e-02	4.395036e+01
1.182532e+03	1.241652e+01	1.144142e-02	5.224382e+01
1.359911e+03	1.186702e+01	1.016480e-02	6.239882e+01
1.563898e+03	1.129844e+01	8.873839e-03	7.488218e+01
1.798483e+03	1.071445e+01	7.835535e-03	9.029455e+01
2.068255e+03	1.012259e+01	6.898887e-03	1.094103e+02
2.378493e+03	9.532306e+00	6.077103e-03	1.332042e+02
2.735268e+03	8.970661e+00	5.360257e-03	1.628853e+02
3.145558e+03	8.411422e+00	4.744922e-03	1.999827e+02
3.617391e+03	7.855989e+00	4.210666e-03	2.465186e+02
4.160000e+03	7.313236e+00	3.701010e-03	3.050740e+02
4.784000e+03	6.788573e+00	3.253840e-03	3.789636e+02
5.501600e+03	6.284122e+00	2.893931e-03	4.724332e+02
6.326840e+03	5.802555e+00	2.589610e-03	5.909120e+02
7.275866e+03	5.345262e+00	2.255327e-03	7.413343e+02
8.367246e+03	4.913874e+00	1.970835e-03	9.325690e+02
9.622333e+03	4.509884e+00	1.735478e-03	1.175912e+03
