# Energy_MeV	dEdx_Elec_MeV_um	dEdx_Nucl_MeV_um	Range_um
1.000000e-05	2.628373e-03	4.624422e-02	4.075336e-03
1.150000e-05	2.849378e-03	5.073262e-02	4.370310e-03
1.322500e-05	3.086063e-03	5.569828e-02	4.686636e-03
1.520875e-05	3.339591e-03	6.097967e-02	5.025857e-03
1.749006e-05	3.611209e-03	6.687976e-02	5.389631e-03
2.011357e-05	3.902249e-03	7.308340e-02	5.779736e-03
2.313061e-05	4.214138e-03	7.994760e-02	6.198076e-03
2.660020e-05	4.548405e-03	8.719802e-02	6.646696e-03
3.059023e-05	4.906686e-03	9.493772e-02	7.127787e-03
3.517876e-05	5.290733e-03	1.034545e-01	7.643700e-03
4.045558e-05	5.702427e-03	1.123603e-01	8.196955e-03
4.652391e-05	6.143780e-03	1.221471e-01	8.790255e-03
5.350250e-05	6.616949e-03	1.320256e-01	9.426499e-03
6.152788e-05	7.124250e-03	1.430442e-01	1.010879e-02
7.075706e-05	7.668160e-03	1.548556e-01	1.084047e-02
8.137062e-05	8.251338e-03	1.671438e-01	1.162511e-02
9.357621e-05	8.876635e-03	1.805206e-01	1.246654e-02
1.076126e-04	9.547105e-03	1.937105e-01	1.336888e-02
1.237545e-04	1.026603e-02	2.083360e-01	1.433653e-02
1.423177e-04	1.103691e-02	2.237262e-01	1.537421e-02
1.636654e-04	1.186352e-02	2.395487e-01	1.648701e-02
1.882152e-04	1.274990e-02	2.565957e-01	1.768034e-02
2.164475e-04	1.370038e-02	2.736771e-01	1.896006e-02
2.489146e-04	1.471960e-02	2.915584e-01	2.033239e-02
2.862518e-04	1.581255e-02	3.097973e-01	2.180406e-02
3.291895e-04	1.698455e-02	3.281550e-01	2.338225e-02
3.785680e-04	1.824135e-02	3.474761e-01	2.507467e-02
4.353531e-04	1.958907e-02	3.666502e-01	2.688959e-02
5.006561e-04	2.103430e-02	3.853772e-01	2.883588e-02
5.757545e-04	2.258410e-02	4.043152e-01	3.092303e-02
6.621177e-04	2.424605e-02	4.240868e-01	3.316126e-02
7.614354e-04	2.602826e-02	4.427700e-01	3.556149e-02
8.756507e-04	2.793944e-02	4.626720e-01	3.813544e-02
1.006998e-03	2.998893e-02	4.798322e-01	4.089571e-02
1.158048e-03	3.218674e-02	4.973273e-01	4.385576e-02
1.331755e-03	3.454360e-02	5.149005e-01	4.703006e-02
1.531519e-03	3.707103e-02	5.306214e-01	5.043413e-02
1.761246e-03	3.978139e-02	5.472079e-01	5.408457e-02
2.025433e-03	4.268790e-02	5.610783e-01	5.799924e-02
2.329248e-03	4.580476e-02	5.751128e-01	6.219726e-02
2.678635e-03	4.914722e-02	5.871063e-01	6.669913e-02
3.080431e-03	5.273158e-02	5.977875e-01	7.152685e-02
3.542495e-03	5.657538e-02	6.082235e-01	7.670400e-02
4.073870e-03	6.069737e-02	6.164913e-01	8.224392e-02
4.684950e-03	6.511771e-02	6.245296e-01	8.821243e-02
5.387693e-03	6.985798e-02	6.299985e-01	9.459573e-02
6.195847e-03	7.494134e-02	6.353329e-01	1.014435e-01
7.125224e-03	8.039264e-02	6.395526e-01	1.087856e-01
8.194007e-03	8.623849e-02	6.422364e-01	1.166594e-01
9.423108e-03	9.250746e-02	6.440464e-01	1.251032e-01
1.083657e-02	9.923017e-02	6.435753e-01	1.341581e-01
1.246206e-02	1.064395e-01	6.423572e-01	1.438683e-01
1.433137e-02	1.141706e-01	6.396684e-01	1.542814e-01
1.648108e-02	1.224613e-01	6.353611e-01	1.654482e-01
1.895324e-02	1.313520e-01	6.297045e-01	1.774233e-01
2.179622e-02	1.408863e-01	6.221697e-01	1.902651e-01
2.506566e-02	1.511106e-01	6.131404e-01	2.040364e-01
2.882550e-02	1.620750e-01	6.024906e-01	2.188045e-01
3.314933e-02	1.738330e-01	5.902216e-01	2.346415e-01
3.812173e-02	1.864421e-01	5.763682e-01	2.516249e-01
4.383999e-02	1.999638e-01	5.610605e-01	2.698375e-01
5.041599e-02	2.144642e-01	5.449233e-01	2.893683e-01
5.797838e-02	2.300141e-01	5.272785e-01	3.103126e-01
6.667514e-02	2.466896e-01	5.079375e-01	3.327731e-01
7.667641e-02	2.645720e-01	4.883640e-01	3.568593e-01
8.817787e-02	2.837488e-01	4.667354e-01	3.826888e-01
1.014046e-01	3.043136e-01	4.465525e-01	4.103878e-01
1.166152e-01	3.263669e-01	4.249118e-01	4.400917e-01
1.341075e-01	3.500164e-01	4.022753e-01	4.719457e-01
1.542237e-01	3.753776e-01	3.807844e-01	5.061053e-01
1.773572e-01	4.025746e-01	3.573037e-01	5.427372e-01
2.039608e-01	4.317400e-01	3.361912e-01	5.820205e-01
2.345549e-01	4.630165e-01	3.139313e-01	6.241473e-01
2.697381e-01	4.965568e-01	2.931958e-01	6.693228e-01
3.101989e-01	5.325247e-01	2.736313e-01	7.177729e-01
3.567287e-01	5.710960e-01	2.532207e-01	7.697078e-01
4.102380e-01	6.124619e-01	2.352357e-01	8.255679e-01
4.717737e-01	6.568228e-01	2.166881e-01	8.860856e-01
5.425397e-01	7.043946e-01	2.011238e-01	9.517014e-01
6.239207e-01	7.554098e-01	1.847693e-01	1.022940e+00
7.175088e-01	8.101176e-01	1.698522e-01	1.100387e+00
8.251351e-01	8.687855e-01	1.575039e-01	1.184738e+00
9.489054e-01	9.360151e-01	1.455722e-01	1.261331e+00
1.091241e+00	1.026418e+00	1.340740e-01	1.287984e+00
1.254927e+00	1.124300e+00	1.211707e-01	1.312390e+00
1.443166e+00	1.232322e+00	1.083180e-01	1.334935e+00
1.659641e+00	1.349631e+00	9.712127e-02	1.356122e+00
1.908588e+00	1.481871e+00	8.688728e-02	1.376644e+00
2.194876e+00	1.628274e+00	7.837247e-02	1.397349e+00
2.524107e+00	1.790639e+00	7.061417e-02	1.419242e+00
2.902723e+00	1.973854e+00	6.360973e-02	1.443496e+00
3.338132e+00	2.164573e+00	5.738711e-02	1.471463e+00
3.838852e+00	2.367592e+00	5.151720e-02	1.504684e+00
4.414679e+00	2.569050e+00	4.621135e-02	1.544909e+00
5.076881e+00	2.788827e+00	4.172998e-02	1.594122e+00
5.838413e+00	3.032643e+00	3.749412e-02	1.654572e+00
6.714175e+00	3.251250e+00	3.345390e-02	1.728782e+00
7.721302e+00	3.472210e+00	3.007674e-02	1.819628e+00
8.879497e+00	3.679742e+00	2.652106e-02	1.930305e+00
1.021142e+01	3.852618e+00	2.396895e-02	2.064392e+00
1.174313e+01	4.022857e+00	2.138539e-02	2.225908e+00
1.350460e+01	4.163142e+00	1.898674e-02	2.419402e+00
1.553030e+01	4.291243e+00	1.702193e-02	2.650151e+00
1.785984e+01	4.398462e+00	1.493424e-02	2.924368e+00
2.053882e+01	4.470338e+00	1.337949e-02	3.249533e+00
2.361964e+01	4.533071e+00	1.180642e-02	3.634794e+00
2.716258e+01	4.564543e+00	1.050419e-02	4.091456e+00
3.123697e+01	4.577606e+00	9.388915e-03	4.633589e+00
3.592252e+01	4.570509e+00	8.279495e-03	5.278772e+00
4.131089e+01	4.526987e+00	7.408004e-03	6.049026e+00
4.750753e+01	4.470710e+00	6.539389e-03	6.971997e+00
5.463366e+01	4.402061e+00	5.879839e-03	8.082307e+00
6.282871e+01	4.313089e+00	5.210572e-03	9.424455e+00
7.225301e+01	4.203188e+00	4.613093e-03	1.105075e+01
8.309096e+01	4.198949e+00	4.079969e-03	1.305315e+01
9.555461e+01	3.967471e+00	3.596544e-03	1.552686e+01
1.098878e+02	3.731602e+00	3.215623e-03	1.857084e+01
1.263710e+02	3.492192e+00	2.839226e-03	2.235309e+01
1.453266e+02	3.281023e+00	2.509790e-03	2.703868e+01
1.671256e+02	3.067772e+00	2.212739e-03	3.282344e+01
1.921945e+02	2.854756e+00	1.943899e-03	4.001430e+01
2.210236e+02	2.648428e+00	1.714273e-03	4.899418e+01
2.541772e+02	2.449851e+00	1.513018e-03	6.025548e+01
2.923037e+02	2.260969e+00	1.335647e-03	7.443120e+01
3.361493e+02	2.080978e+00	1.182459e-03	9.234264e+01
3.865717e+02	1.909251e+00	1.043160e-03	1.150426e+02
4.445574e+02	1.745748e+00	9.181375e-04	1.438966e+02
5.112411e+02	1.590138e+00	8.175702e-04	1.806890e+02
5.879272e+02	1.444923e+00	7.224174e-04	2.277325e+02
6.761163e+02	1.310944e+00	6.339296e-04	2.879693e+02
7.775337e+02	1.188290e+00	5.625686e-04	3.651109e+02
8.941638e+02	1.074990e+00	4.869002e-04	4.639805e+02
1.028288e+03	9.705917e-01	4.354896e-04	5.908582e+02
1.182532e+03	8.749237e-01	3.827214e-04	7.538000e+02
1.359911e+03	7.876452e-01	3.348920e-04	9.631388e+02
1.563898e+03	7.084788e-01	2.968436e-04	1.232099e+03
1.798483e+03	6.371894e-01	2.562374e-04	1.577531e+03
2.068255e+03	5.732514e-01	2.268047e-04	2.020905e+03
2.378493e+03	5.158131e-01	1.971875e-04	2.589521e+03
2.735268e+03	4.642587e-01	1.730896e-04	3.317954e+03
3.145558e+03	4.183856e-01	1.529537e-04	4.249851e+03
3.617391e+03	3.776516e-01	1.328667e-04	5.440105e+03
4.160000e+03	3.413814e-01	1.174955e-04	6.957460e+03
4.784000e+03	3.092098e-01	1.023836e-04	8.887608e+03
5.501600e+03	2.808203e-01	9.092070e-05	1.133680e+04
6.326840e+03	2.557527e-01	7.948876e-05	1.443597e+04
7.275866e+03	2.336424e-01	6.946396e-05	1.834540e+04
8.367246e+03	2.142475e-01	6.046708e-05	2.325985e+04
9.622333e+03	1.972614e-01	0.000000e+00	2.941402e+04
