# Energy_MeV	dEdx_Elec_MeV_um	dEdx_Nucl_MeV_um	Range_um
1.000000e-05	6.763898e-03	3.312523e-02	2.956875e-03
1.150000e-05	7.253473e-03	3.452087e-02	3.170895e-03
1.322500e-05	7.778483e-03	3.760379e-02	3.400406e-03
1.520875e-05	8.341494e-03	4.177990e-02	3.646529e-03
1.749006e-05	8.945255e-03	4.629799e-02	3.910467e-03
2.011357e-05	9.592718e-03	5.134910e-02	4.193509e-03
2.313061e-05	1.028704e-02	5.707535e-02	4.497037e-03
2.660020e-05	1.103163e-02	6.325372e-02	4.822535e-03
3.059023e-05	1.183010e-02	7.012899e-02	5.171592e-03
3.517876e-05	1.268637e-02	7.763173e-02	5.545915e-03
4.045558e-05	1.360462e-02	8.591028e-02	5.947331e-03
4.652391e-05	1.458932e-02	9.500412e-02	6.377802e-03
5.350250e-05	1.564531e-02	1.048914e-01	6.839431e-03
6.152788e-05	1.677772e-02	1.159374e-01	7.334473e-03
7.075706e-05	1.799210e-02	1.279559e-01	7.865346e-03
8.137062e-05	1.929438e-02	1.409256e-01	8.434644e-03
9.357621e-05	2.069092e-02	1.549084e-01	9.045148e-03
1.076126e-04	2.218854e-02	1.708122e-01	9.699840e-03
1.237545e-04	2.379456e-02	1.881453e-01	1.040192e-02
1.423177e-04	2.551682e-02	2.067852e-01	1.115482e-02
1.636654e-04	2.736374e-02	2.269441e-01	1.196221e-02
1.882152e-04	2.934434e-02	2.484255e-01	1.282804e-02
2.164475e-04	3.146830e-02	2.728479e-01	1.375654e-02
2.489146e-04	3.374599e-02	2.992026e-01	1.475224e-02
2.862518e-04	3.618855e-02	3.273478e-01	1.582002e-02
3.291895e-04	3.880789e-02	3.580428e-01	1.696508e-02
3.785680e-04	4.161683e-02	3.911177e-01	1.819302e-02
4.353531e-04	4.462908e-02	4.266454e-01	1.950984e-02
5.006561e-04	4.785935e-02	4.642964e-01	2.092198e-02
5.757545e-04	5.132344e-02	5.051083e-01	2.243632e-02
6.621177e-04	5.503826e-02	5.493161e-01	2.406027e-02
7.614354e-04	5.902195e-02	5.962126e-01	2.580177e-02
8.756507e-04	6.329400e-02	6.441591e-01	2.766931e-02
1.006998e-03	6.787525e-02	6.966454e-01	2.967203e-02
1.158048e-03	7.278809e-02	7.553487e-01	3.181971e-02
1.331755e-03	7.805654e-02	8.149802e-01	3.412284e-02
1.531519e-03	8.370631e-02	8.788112e-01	3.659267e-02
1.761246e-03	8.976502e-02	9.425858e-01	3.924126e-02
2.025433e-03	9.626225e-02	1.011604e+00	4.208157e-02
2.329248e-03	1.032298e-01	1.088063e+00	4.512745e-02
2.678635e-03	1.107016e-01	1.164162e+00	4.839380e-02
3.080431e-03	1.187142e-01	1.245044e+00	5.189657e-02
3.542495e-03	1.273068e-01	1.327637e+00	5.565287e-02
4.073870e-03	1.365214e-01	1.413037e+00	5.968106e-02
4.684950e-03	1.464029e-01	1.499712e+00	6.400080e-02
5.387693e-03	1.569996e-01	1.586528e+00	6.863321e-02
6.195847e-03	1.683633e-01	1.678960e+00	7.360092e-02
7.125224e-03	1.805495e-01	1.770832e+00	7.892820e-02
8.194007e-03	1.936178e-01	1.859471e+00	8.464106e-02
9.423108e-03	2.076319e-01	1.944684e+00	9.076743e-02
1.083657e-02	2.226604e-01	2.040032e+00	9.733722e-02
1.246206e-02	2.387767e-01	2.133362e+00	1.043825e-01
1.433137e-02	2.560595e-01	2.220663e+00	1.119378e-01
1.648108e-02	2.745932e-01	2.304224e+00	1.199888e-01
1.895324e-02	2.944684e-01	2.379657e+00	1.287062e-01
2.179622e-02	3.157822e-01	2.463666e+00	1.380500e-01
2.506566e-02	3.386387e-01	2.542167e+00	1.480409e-01
2.882550e-02	3.631496e-01	2.611833e+00	1.587561e-01
3.314933e-02	3.894345e-01	2.679106e+00	1.702469e-01
3.812173e-02	4.176220e-01	2.740178e+00	1.825692e-01
4.383999e-02	4.478497e-01	2.795764e+00	1.957833e-01
5.041599e-02	4.802653e-01	2.843380e+00	2.099539e-01
5.797838e-02	5.150271e-01	2.887758e+00	2.251503e-01
6.667514e-02	5.523051e-01	2.928301e+00	2.414466e-01
7.667641e-02	5.922812e-01	2.961121e+00	2.589224e-01
8.817787e-02	6.351508e-01	2.984535e+00	2.776630e-01
1.014046e-01	6.811234e-01	3.005436e+00	2.977601e-01
1.166152e-01	7.304235e-01	3.025995e+00	3.193120e-01
1.341075e-01	7.832919e-01	3.036077e+00	3.424238e-01
1.542237e-01	8.399870e-01	3.040425e+00	3.672083e-01
1.773572e-01	9.007857e-01	3.035458e+00	3.937867e-01
2.039608e-01	9.659850e-01	3.025509e+00	4.222889e-01
2.345549e-01	1.035904e+00	3.011775e+00	4.528543e-01
2.697381e-01	1.110883e+00	2.988158e+00	4.856319e-01
3.101989e-01	1.191289e+00	2.957376e+00	5.207819e-01
3.567287e-01	1.277515e+00	2.918710e+00	5.584760e-01
4.102380e-01	1.369982e+00	2.872490e+00	5.988986e-01
4.717737e-01	1.469142e+00	2.818867e+00	6.422471e-01
5.425397e-01	1.575480e+00	2.757748e+00	6.887330e-01
6.239207e-01	1.689514e+00	2.688759e+00	7.385835e-01
7.175088e-01	1.811802e+00	2.613494e+00	7.920422e-01
8.251351e-01	1.942941e+00	2.534151e+00	8.493706e-01
9.489054e-01	2.083572e+00	2.450585e+00	9.108483e-01
1.091241e+00	2.234382e+00	2.355451e+00	9.767762e-01
1.254927e+00	2.396108e+00	2.257614e+00	1.047473e+00
1.443166e+00	2.569539e+00	2.158046e+00	1.123292e+00
1.659641e+00	2.749548e+00	2.058214e+00	1.204605e+00
1.908588e+00	2.918566e+00	1.960854e+00	1.292406e+00
2.194876e+00	3.095253e+00	1.850599e+00	1.387606e+00
2.524107e+00	3.278975e+00	1.743655e+00	1.490883e+00
2.902723e+00	3.468691e+00	1.639795e+00	1.603075e+00
3.338132e+00	3.662835e+00	1.535744e+00	1.725146e+00
3.838852e+00	3.859176e+00	1.435329e+00	1.858232e+00
4.414679e+00	4.054682e+00	1.336927e+00	2.003694e+00
5.076881e+00	4.245401e+00	1.246262e+00	2.163178e+00
5.838413e+00	4.426409e+00	1.154912e+00	2.338711e+00
6.714175e+00	2.434112e+00	1.065945e+00	2.532802e+00
7.721302e+00	2.681369e+00	9.839412e-01	2.748599e+00
8.879497e+00	2.948772e+00	9.125410e-01	2.990072e+00
1.021142e+01	3.247940e+00	8.398032e-01	3.262248e+00
1.174313e+01	3.569515e+00	7.657876e-01	3.571512e+00
1.350460e+01	3.921978e+00	7.132149e-01	3.925973e+00
1.553030e+01	4.307066e+00	6.645848e-01	4.335951e+00
1.785984e+01	4.691856e+00	6.088566e-01	4.814578e+00
2.053882e+01	5.117717e+00	5.447692e-01	5.084287e+00
2.361964e+01	5.588257e+00	4.798939e-01	4.775581e+00
2.716258e+01	6.083781e+00	4.321412e-01	4.538398e+00
3.123697e+01	6.611470e+00	3.892319e-01	4.365251e+00
3.592252e+01	7.159781e+00	3.508497e-01	4.250424e+00
4.131089e+01	7.770707e+00	3.157897e-01	4.189634e+00
4.750753e+01	8.433487e+00	2.848788e-01	4.179777e+00
5.463366e+01	9.169145e+00	2.574077e-01	4.218741e+00
6.282871e+01	9.995752e+00	2.302910e-01	4.305464e+00
7.225301e+01	1.085992e+01	2.062583e-01	4.439918e+00
8.309096e+01	1.180217e+01	1.860161e-01	4.623147e+00
9.555461e+01	1.276950e+01	1.688026e-01	4.857437e+00
1.098878e+02	1.373640e+01	1.495556e-01	5.146476e+00
1.263710e+02	1.476377e+01	1.328471e-01	5.495528e+00
1.453266e+02	1.563803e+01	1.186753e-01	5.911645e+00
1.671256e+02	1.649754e+01	1.062588e-01	6.403932e+00
1.921945e+02	1.720460e+01	9.609419e-02	6.983811e+00
2.210236e+02	1.794547e+01	8.465368e-02	7.665592e+00
2.541772e+02	1.874323e+01	7.501828e-02	8.466690e+00
2.923037e+02	1.929680e+01	6.673874e-02	9.408381e+00
3.361493e+02	2.115469e+01	5.917537e-02	1.052052e+01
3.865717e+02	2.112617e+01	5.259190e-02	1.185753e+01
4.445574e+02	2.091587e+01	4.660824e-02	1.344092e+01
5.112411e+02	2.066267e+01	4.170137e-02	1.532967e+01
5.879272e+02	2.030286e+01	3.698434e-02	1.758324e+01
6.761163e+02	1.993366e+01	3.273594e-02	2.025005e+01
7.775337e+02	1.938530e+01	2.910702e-02	2.340876e+01
8.941638e+02	1.879239e+01	2.618727e-02	2.717887e+01
1.028288e+03	1.817781e+01	2.330486e-02	3.169971e+01
1.182532e+03	1.755869e+01	2.035882e-02	3.714400e+01
1.359911e+03	1.697171e+01	1.803819e-02	4.373006e+01
1.563898e+03	1.635599e+01	1.593784e-02	5.173028e+01
1.798483e+03	1.570359e+01	1.429119e-02	6.148565e+01
2.068255e+03	1.501963e+01	1.267918e-02	7.343220e+01
2.378493e+03	1.431004e+01	1.105412e-02	8.813011e+01
2.735268e+03	1.359162e+01	9.779455e-03	1.062808e+02
3.145558e+03	1.289765e+01	8.600725e-03	1.287476e+02
3.617391e+03	1.220085e+01	7.580973e-03	1.566094e+02
4.160000e+03	1.150519e+01	6.679845e-03	1.912929e+02
4.784000e+03	1.081124e+01	5.917581e-03	2.346134e+02
5.501600e+03	1.012205e+01	5.254747e-03	2.888935e+02
6.326840e+03	9.448204e+00	4.612926e-03	3.570979e+02
7.275866e+03	8.799347e+00	4.058737e-03	4.430089e+02
8.367246e+03	8.175266e+00	3.607417e-03	5.514451e+02
9.622333e+03	7.576710e+00	3.232514e-03	6.885630e+02
