# Energy_MeV	dEdx_Elec_MeV_um	dEdx_Nucl_MeV_um	Range_um
1.000000e-05	6.108659e-03	4.072673e-02	3.274041e-03
1.150000e-05	6.550807e-03	4.507303e-02	3.511018e-03
1.322500e-05	7.024957e-03	4.987925e-02	3.765147e-03
1.520875e-05	7.533428e-03	5.508081e-02	4.037671e-03
1.749006e-05	8.078701e-03	6.088148e-02	4.329920e-03
2.011357e-05	8.663442e-03	6.719498e-02	4.643321e-03
2.313061e-05	9.290506e-03	7.403987e-02	4.979407e-03
2.660020e-05	9.962958e-03	8.145632e-02	5.339820e-03
3.059023e-05	1.068408e-02	8.972166e-02	5.726319e-03
3.517876e-05	1.145740e-02	9.882628e-02	6.140793e-03
4.045558e-05	1.228669e-02	1.087300e-01	6.585266e-03
4.652391e-05	1.317601e-02	1.193527e-01	7.061911e-03
5.350250e-05	1.412970e-02	1.307987e-01	7.573056e-03
6.152788e-05	1.515241e-02	1.434957e-01	8.121198e-03
7.075706e-05	1.624915e-02	1.573633e-01	8.709015e-03
8.137062e-05	1.742528e-02	1.723635e-01	9.339378e-03
9.357621e-05	1.868653e-02	1.884990e-01	1.001537e-02
1.076126e-04	2.003907e-02	2.061168e-01	1.074028e-02
1.237545e-04	2.148951e-02	2.248357e-01	1.151767e-02
1.423177e-04	2.304493e-02	2.447936e-01	1.235133e-02
1.636654e-04	2.471293e-02	2.664327e-01	1.324532e-02
1.882152e-04	2.650167e-02	2.896982e-01	1.420403e-02
2.164475e-04	2.841987e-02	3.149601e-01	1.523212e-02
2.489146e-04	3.047692e-02	3.405005e-01	1.633463e-02
2.862518e-04	3.268285e-02	3.681687e-01	1.751694e-02
3.291895e-04	3.504845e-02	3.991904e-01	1.878482e-02
3.785680e-04	3.758528e-02	4.311017e-01	2.014448e-02
4.353531e-04	4.030572e-02	4.653220e-01	2.160255e-02
5.006561e-04	4.322307e-02	4.994607e-01	2.316615e-02
5.757545e-04	4.635158e-02	5.359241e-01	2.484293e-02
6.621177e-04	4.970653e-02	5.764525e-01	2.664108e-02
7.614354e-04	5.330432e-02	6.175491e-01	2.856937e-02
8.756507e-04	5.716251e-02	6.607679e-01	3.063724e-02
1.006998e-03	6.129996e-02	7.048775e-01	3.285478e-02
1.158048e-03	6.573689e-02	7.504908e-01	3.523282e-02
1.331755e-03	7.049496e-02	7.977690e-01	3.778299e-02
1.531519e-03	7.559742e-02	8.446724e-01	4.051775e-02
1.761246e-03	8.106920e-02	8.940312e-01	4.345044e-02
2.025433e-03	8.693703e-02	9.436051e-01	4.659541e-02
2.329248e-03	9.322958e-02	9.917368e-01	4.996801e-02
2.678635e-03	9.997759e-02	1.038974e+00	5.358472e-02
3.080431e-03	1.072140e-01	1.088743e+00	5.746321e-02
3.542495e-03	1.149742e-01	1.139028e+00	6.162243e-02
4.073870e-03	1.232961e-01	1.188081e+00	6.608269e-02
4.684950e-03	1.322204e-01	1.233606e+00	7.086579e-02
5.387693e-03	1.417905e-01	1.276540e+00	7.599509e-02
6.195847e-03	1.520534e-01	1.320492e+00	8.149566e-02
7.125224e-03	1.630591e-01	1.363207e+00	8.739436e-02
8.194007e-03	1.748614e-01	1.403302e+00	9.372001e-02
9.423108e-03	1.875180e-01	1.439880e+00	1.004997e-01
1.083657e-02	2.010906e-01	1.475132e+00	1.077817e-01
1.246206e-02	2.156457e-01	1.505648e+00	1.155808e-01
1.433137e-02	2.312542e-01	1.532528e+00	1.239477e-01
1.648108e-02	2.479925e-01	1.557572e+00	1.329186e-01
1.895324e-02	2.659424e-01	1.579872e+00	1.425391e-01
2.179622e-02	2.851914e-01	1.600085e+00	1.528560e-01
2.506566e-02	3.058337e-01	1.613931e+00	1.639197e-01
2.882550e-02	3.279701e-01	1.625701e+00	1.757840e-01
3.314933e-02	3.517088e-01	1.637385e+00	1.885071e-01
3.812173e-02	3.771657e-01	1.644533e+00	2.021512e-01
4.383999e-02	4.044651e-01	1.648083e+00	2.167828e-01
5.041599e-02	4.337405e-01	1.646769e+00	2.324735e-01
5.797838e-02	4.651349e-01	1.642195e+00	2.492998e-01
6.667514e-02	4.988016e-01	1.635672e+00	2.673440e-01
7.667641e-02	5.349051e-01	1.624638e+00	2.866944e-01
8.817787e-02	5.736218e-01	1.609160e+00	3.074453e-01
1.014046e-01	6.151409e-01	1.589571e+00	3.296982e-01
1.166152e-01	6.596651e-01	1.565820e+00	3.535616e-01
1.341075e-01	7.074120e-01	1.538100e+00	3.791524e-01
1.542237e-01	7.586149e-01	1.506317e+00	4.065955e-01
1.773572e-01	8.135238e-01	1.470239e+00	4.360250e-01
2.039608e-01	8.724071e-01	1.430607e+00	4.675845e-01
2.345549e-01	9.355524e-01	1.388628e+00	5.014281e-01
2.697381e-01	1.003268e+00	1.343873e+00	5.377216e-01
3.101989e-01	1.075885e+00	1.294402e+00	5.766421e-01
3.567287e-01	1.153758e+00	1.242407e+00	6.183796e-01
4.102380e-01	1.237268e+00	1.188275e+00	6.631379e-01
4.717737e-01	1.326822e+00	1.134683e+00	7.111359e-01
5.425397e-01	1.422858e+00	1.080909e+00	7.626082e-01
6.239207e-01	1.525845e+00	1.023430e+00	8.178052e-01
7.175088e-01	1.636287e+00	9.656902e-01	8.770039e-01
8.251351e-01	1.754722e+00	9.081082e-01	9.404592e-01
9.489054e-01	1.866829e+00	8.522599e-01	1.008737e+00
1.091241e+00	1.980637e+00	7.958640e-01	1.082722e+00
1.254927e+00	2.099264e+00	7.427364e-01	1.162941e+00
1.443166e+00	2.222152e+00	6.928020e-01	1.250041e+00
1.659641e+00	2.348430e+00	6.428761e-01	1.344738e+00
1.908588e+00	2.476831e+00	5.948254e-01	1.447888e+00
2.194876e+00	1.319280e+00	5.476369e-01	1.560502e+00
2.524107e+00	1.449837e+00	5.075743e-01	1.683797e+00
2.902723e+00	1.590042e+00	4.685980e-01	1.819265e+00
3.338132e+00	1.745317e+00	4.277956e-01	1.968745e+00
3.838852e+00	1.910459e+00	3.953986e-01	2.134535e+00
4.414679e+00	2.094471e+00	3.692239e-01	2.319526e+00
5.076881e+00	2.294351e+00	3.402446e-01	2.527374e+00
5.838413e+00	2.510666e+00	3.070161e-01	2.482901e+00
6.714175e+00	2.751971e+00	2.714286e-01	2.429244e+00
7.721302e+00	3.005101e+00	2.422689e-01	2.384104e+00
8.879497e+00	3.284712e+00	2.185660e-01	2.349361e+00
1.021142e+01	3.588180e+00	1.969553e-01	2.326867e+00
1.174313e+01	3.931016e+00	1.777985e-01	2.318489e+00
1.350460e+01	4.319935e+00	1.599725e-01	2.326093e+00
1.553030e+01	4.739227e+00	1.443954e-01	2.351748e+00
1.785984e+01	5.195915e+00	1.296357e-01	2.397570e+00
2.053882e+01	5.689427e+00	1.159992e-01	2.465801e+00
2.361964e+01	6.180033e+00	1.047587e-01	2.558830e+00
2.716258e+01	6.710635e+00	9.467594e-02	2.679239e+00
3.123697e+01	7.241485e+00	8.459018e-02	2.829883e+00
3.592252e+01	7.768823e+00	7.529271e-02	3.014031e+00
4.131089e+01	8.293410e+00	6.695905e-02	3.235544e+00
4.750753e+01	8.735404e+00	6.004455e-02	3.499074e+00
5.463366e+01	9.183176e+00	5.397940e-02	3.810413e+00
6.282871e+01	9.567760e+00	4.797991e-02	4.176703e+00
7.225301e+01	9.909807e+00	4.255440e-02	4.606821e+00
8.309096e+01	1.022510e+01	3.770945e-02	5.111778e+00
9.555461e+01	1.039091e+01	3.353975e-02	5.705188e+00
1.098878e+02	1.055473e+01	2.966803e-02	6.403902e+00
1.263710e+02	1.071224e+01	2.634423e-02	7.228560e+00
1.453266e+02	1.079709e+01	2.354812e-02	8.205493e+00
1.671256e+02	1.083584e+01	2.091548e-02	9.364001e+00
1.921945e+02	1.158666e+01	1.856515e-02	1.076282e+01
2.210236e+02	1.124153e+01	1.640822e-02	1.245220e+01
2.541772e+02	1.088078e+01	1.470871e-02	1.448281e+01
2.923037e+02	1.046521e+01	1.316182e-02	1.694710e+01
3.361493e+02	1.010237e+01	1.155311e-02	1.992338e+01
3.865717e+02	9.682706e+00	1.017443e-02	2.350323e+01
4.445574e+02	9.236870e+00	9.003683e-03	2.784351e+01
5.112411e+02	8.789490e+00	8.028989e-03	3.313225e+01
5.879272e+02	8.343893e+00	7.168798e-03	3.960748e+01
6.761163e+02	7.913016e+00	6.280742e-03	4.757072e+01
7.775337e+02	7.487361e+00	5.520812e-03	5.740828e+01
8.941638e+02	7.059062e+00	4.871063e-03	6.960829e+01
1.028288e+03	6.629951e+00	4.286575e-03	8.479887e+01
1.182532e+03	6.198833e+00	3.793038e-03	1.037961e+02
1.359911e+03	5.778045e+00	3.346407e-03	1.276494e+02
1.563898e+03	5.374157e+00	2.966004e-03	1.576801e+02
1.798483e+03	4.988593e+00	2.615072e-03	1.955441e+02
2.068255e+03	4.614419e+00	2.296977e-03	2.434037e+02
2.378493e+03	4.252921e+00	2.044517e-03	3.040750e+02
2.735268e+03	3.908728e+00	1.821959e-03	3.811748e+02
3.145558e+03	3.583528e+00	1.600054e-03	4.793513e+02
3.617391e+03	3.278634e+00	1.401991e-03	6.045699e+02
4.160000e+03	2.993471e+00	1.227613e-03	7.644556e+02
4.784000e+03	2.727100e+00	1.087079e-03	9.687613e+02
5.501600e+03	2.481453e+00	9.653889e-04	1.229931e+03
6.326840e+03	2.256839e+00	8.449288e-04	1.563772e+03
7.275866e+03	2.051350e+00	7.391159e-04	1.990294e+03
8.367246e+03	1.864366e+00	6.457603e-04	2.534708e+03
9.622333e+03	1.696203e+00	5.668202e-04	3.228630e+03
