# Energy_MeV	dEdx_Elec_MeV_um	dEdx_Nucl_MeV_um	Range_um
1.000000e-05	2.455593e-03	4.494942e-02	4.867836e-03
1.150000e-05	2.656207e-03	4.927809e-02	5.220173e-03
1.322500e-05	2.871152e-03	5.398203e-02	5.598012e-03
1.520875e-05	3.101484e-03	5.910159e-02	6.003199e-03
1.749006e-05	3.348330e-03	6.460616e-02	6.437713e-03
2.011357e-05	3.612900e-03	7.051969e-02	6.903678e-03
2.313061e-05	3.896488e-03	7.687030e-02	7.403370e-03
2.660020e-05	4.200482e-03	8.368294e-02	7.939230e-03
3.059023e-05	4.526369e-03	9.104072e-02	8.513876e-03
3.517876e-05	4.875742e-03	9.895939e-02	9.130115e-03
4.045558e-05	5.250310e-03	1.070985e-01	9.790957e-03
4.652391e-05	5.651903e-03	1.160059e-01	1.049963e-02
5.350250e-05	6.082485e-03	1.257126e-01	1.125960e-02
6.152788e-05	6.544159e-03	1.356290e-01	1.207458e-02
7.075706e-05	7.039181e-03	1.467687e-01	1.294854e-02
8.137062e-05	7.569972e-03	1.575054e-01	1.388576e-02
9.357621e-05	8.139123e-03	1.694122e-01	1.489082e-02
1.076126e-04	8.749417e-03	1.821829e-01	1.596863e-02
1.237545e-04	9.403834e-03	1.949124e-01	1.712445e-02
1.423177e-04	1.010557e-02	2.091899e-01	1.836392e-02
1.636654e-04	1.085806e-02	2.229874e-01	1.969311e-02
1.882152e-04	1.166498e-02	2.380061e-01	2.111851e-02
2.164475e-04	1.253026e-02	2.531064e-01	2.264708e-02
2.489146e-04	1.345814e-02	2.680604e-01	2.428629e-02
2.862518e-04	1.445315e-02	2.843788e-01	2.604414e-02
3.291895e-04	1.552014e-02	2.998401e-01	2.792923e-02
3.785680e-04	1.666434e-02	3.161547e-01	2.995076e-02
4.353531e-04	1.789134e-02	3.313165e-01	3.211861e-02
5.006561e-04	1.920712e-02	3.476215e-01	3.444338e-02
5.757545e-04	2.061811e-02	3.637052e-01	3.693641e-02
6.621177e-04	2.213122e-02	3.796720e-01	3.960988e-02
7.614354e-04	2.375382e-02	3.951719e-01	4.247687e-02
8.756507e-04	2.549385e-02	4.092771e-01	4.555137e-02
1.006998e-03	2.735982e-02	4.239535e-01	4.884840e-02
1.158048e-03	2.936082e-02	4.377512e-01	5.238407e-02
1.331755e-03	3.150664e-02	4.511079e-01	5.617566e-02
1.531519e-03	3.380777e-02	4.636856e-01	6.024168e-02
1.761246e-03	3.627544e-02	4.752947e-01	6.460201e-02
2.025433e-03	3.892171e-02	4.857301e-01	6.927793e-02
2.329248e-03	4.175951e-02	4.952537e-01	7.429231e-02
2.678635e-03	4.480270e-02	5.037429e-01	7.966962e-02
3.080431e-03	4.806615e-02	5.114058e-01	8.543615e-02
3.542495e-03	5.156580e-02	5.182966e-01	9.162007e-02
4.073870e-03	5.531875e-02	5.233743e-01	9.823575e-02
4.684950e-03	5.934334e-02	5.280501e-01	1.053664e-01
5.387693e-03	6.365921e-02	5.320514e-01	1.129911e-01
6.195847e-03	6.828747e-02	5.343518e-01	1.211705e-01
7.125224e-03	7.325072e-02	5.365838e-01	1.299404e-01
8.194007e-03	7.857320e-02	5.364165e-01	1.393453e-01
9.423108e-03	8.428092e-02	5.357941e-01	1.494311e-01
1.083657e-02	9.040177e-02	5.340667e-01	1.602468e-01
1.246206e-02	9.696564e-02	5.306945e-01	1.718453e-01
1.433137e-02	1.040046e-01	5.265988e-01	1.842834e-01
1.648108e-02	1.115530e-01	5.206689e-01	1.976217e-01
1.895324e-02	1.196478e-01	5.136506e-01	2.119255e-01
2.179622e-02	1.283285e-01	5.051678e-01	2.272646e-01
2.506566e-02	1.376376e-01	4.954467e-01	2.437139e-01
2.882550e-02	1.476204e-01	4.842334e-01	2.613538e-01
3.314933e-02	1.583257e-01	4.720432e-01	2.802705e-01
3.812173e-02	1.698059e-01	4.586439e-01	3.005565e-01
4.383999e-02	1.821171e-01	4.445679e-01	3.223108e-01
5.041599e-02	1.953193e-01	4.289340e-01	3.456396e-01
5.797838e-02	2.094772e-01	4.125771e-01	3.706569e-01
6.667514e-02	2.246597e-01	3.952804e-01	3.974851e-01
7.667641e-02	2.409412e-01	3.777866e-01	4.262552e-01
8.817787e-02	2.584012e-01	3.604159e-01	4.571076e-01
1.014046e-01	2.771249e-01	3.418309e-01	4.901929e-01
1.166152e-01	2.972038e-01	3.234554e-01	5.256731e-01
1.341075e-01	3.187361e-01	3.046237e-01	5.637215e-01
1.542237e-01	3.418269e-01	2.861636e-01	6.045239e-01
1.773572e-01	3.665890e-01	2.678077e-01	6.482794e-01
2.039608e-01	3.931434e-01	2.503893e-01	6.952018e-01
2.345549e-01	4.216198e-01	2.334091e-01	7.455207e-01
2.697381e-01	4.521574e-01	2.169953e-01	7.994812e-01
3.101989e-01	4.849053e-01	2.011812e-01	8.573528e-01
3.567287e-01	5.200235e-01	1.854729e-01	9.193873e-01
4.102380e-01	5.576856e-01	1.721589e-01	9.861063e-01
4.717737e-01	5.980745e-01	1.583592e-01	1.058386e+00
5.425397e-01	6.413868e-01	1.448229e-01	1.136754e+00
6.239207e-01	6.878341e-01	1.348917e-01	1.221838e+00
7.175088e-01	7.376435e-01	1.242917e-01	1.314335e+00
8.251351e-01	7.910508e-01	1.150869e-01	1.376068e+00
9.489054e-01	8.523313e-01	1.047954e-01	1.415705e+00
1.091241e+00	9.355785e-01	9.318774e-02	1.453186e+00
1.254927e+00	1.026142e+00	8.424189e-02	1.488676e+00
1.443166e+00	1.126305e+00	7.467168e-02	1.522590e+00
1.659641e+00	1.235475e+00	6.778463e-02	1.555451e+00
1.908588e+00	1.358227e+00	6.084480e-02	1.587979e+00
2.194876e+00	1.493158e+00	5.482582e-02	1.621096e+00
2.524107e+00	1.640078e+00	4.962627e-02	1.655942e+00
2.902723e+00	1.804068e+00	4.431582e-02	1.693888e+00
3.338132e+00	1.967376e+00	4.006344e-02	1.736554e+00
3.838852e+00	2.138323e+00	3.590110e-02	1.785825e+00
4.414679e+00	2.301108e+00	3.247120e-02	1.843884e+00
5.076881e+00	2.476944e+00	2.904913e-02	1.913221e+00
5.838413e+00	2.670862e+00	2.600806e-02	1.996752e+00
6.714175e+00	2.833968e+00	2.313554e-02	2.097783e+00
7.721302e+00	2.995383e+00	2.067538e-02	2.220093e+00
8.879497e+00	3.139718e+00	1.856687e-02	2.367970e+00
1.021142e+01	3.254287e+00	1.651907e-02	2.546254e+00
1.174313e+01	3.363603e+00	1.474117e-02	2.760465e+00
1.350460e+01	3.447866e+00	1.305031e-02	3.016914e+00
1.553030e+01	3.521472e+00	1.159207e-02	3.322955e+00
1.785984e+01	3.577125e+00	1.025911e-02	3.687323e+00
2.053882e+01	3.606060e+00	9.134536e-03	4.120579e+00
2.361964e+01	3.625786e+00	8.118774e-03	4.635681e+00
2.716258e+01	3.621688e+00	7.219286e-03	5.248705e+00
3.123697e+01	3.603194e+00	6.423553e-03	5.979732e+00
3.592252e+01	3.568328e+00	5.667876e-03	6.853955e+00
4.131089e+01	3.510608e+00	5.094199e-03	7.903089e+00
4.750753e+01	3.441237e+00	4.517378e-03	9.167146e+00
5.463366e+01	3.360529e+00	3.985063e-03	1.069652e+01
6.282871e+01	3.265746e+00	3.557556e-03	1.255619e+01
7.225301e+01	3.155207e+00	3.098620e-03	1.482344e+01
8.309096e+01	3.117829e+00	2.790446e-03	1.763095e+01
9.555461e+01	2.926836e+00	2.464530e-03	2.112038e+01
1.098878e+02	2.733435e+00	2.169926e-03	2.544109e+01
1.263710e+02	2.540549e+00	1.931820e-03	3.084229e+01
1.453266e+02	2.370752e+00	1.680178e-03	3.757529e+01
1.671256e+02	2.202572e+00	1.495350e-03	4.593959e+01
1.921945e+02	2.036737e+00	1.312599e-03	5.639739e+01
2.210236e+02	1.877597e+00	1.158831e-03	6.952871e+01
2.541772e+02	1.725877e+00	1.029982e-03	8.608092e+01
2.923037e+02	1.582674e+00	9.020554e-04	1.070165e+02
3.361493e+02	1.447530e+00	8.016896e-04	1.335853e+02
3.865717e+02	1.320111e+00	7.067938e-04	1.673916e+02
4.445574e+02	1.200188e+00	6.293854e-04	2.105163e+02
5.112411e+02	1.087369e+00	5.541213e-04	2.656768e+02
5.879272e+02	9.831413e-01	4.890490e-04	3.363951e+02
6.761163e+02	8.878492e-01	4.275904e-04	4.271511e+02
7.775337e+02	8.014327e-01	3.773430e-04	5.435930e+02
8.941638e+02	7.222470e-01	3.341830e-04	6.930479e+02
1.028288e+03	6.499398e-01	2.931081e-04	8.850450e+02
1.182532e+03	5.842644e-01	2.583259e-04	1.131796e+03
1.359911e+03	5.248156e-01	2.250825e-04	1.448951e+03
1.563898e+03	4.711820e-01	1.974780e-04	1.856524e+03
1.798483e+03	4.230690e-01	1.720533e-04	2.380006e+03
2.068255e+03	3.800582e-01	1.513537e-04	3.051863e+03
2.378493e+03	3.415940e-01	1.328454e-04	3.913377e+03
2.735268e+03	3.072249e-01	1.164313e-04	5.016830e+03
3.145558e+03	2.766919e-01	1.023799e-04	6.428236e+03
3.617391e+03	2.496084e-01	8.893179e-05	8.230638e+03
4.160000e+03	2.255500e-01	7.915161e-05	1.052806e+04
4.784000e+03	2.042413e-01	6.925230e-05	1.345018e+04
5.501600e+03	1.854407e-01	6.026074e-05	1.715787e+04
6.326840e+03	1.688516e-01	0.000000e+00	2.184935e+04
7.275866e+03	1.542314e-01	0.000000e+00	2.776733e+04
8.367246e+03	1.414028e-01	0.000000e+00	3.520671e+04
9.622333e+03	1.301662e-01	0.000000e+00	4.452294e+04
