# Energy_MeV	dEdx_Elec_MeV_um	dEdx_Nucl_MeV_um	Range_um
1.000000e-05	6.903746e-03	3.278033e-02	2.896978e-03
1.150000e-05	7.403443e-03	3.544981e-02	3.106663e-03
1.322500e-05	7.939308e-03	3.935573e-02	3.331524e-03
1.520875e-05	8.513960e-03	4.363624e-02	3.572662e-03
1.749006e-05	9.130205e-03	4.836389e-02	3.831253e-03
2.011357e-05	9.791054e-03	5.377916e-02	4.108561e-03
2.313061e-05	1.049974e-02	5.961089e-02	4.405941e-03
2.660020e-05	1.125971e-02	6.609753e-02	4.724845e-03
3.059023e-05	1.207470e-02	7.317444e-02	5.066832e-03
3.517876e-05	1.294867e-02	8.097573e-02	5.433572e-03
4.045558e-05	1.388590e-02	8.960171e-02	5.826857e-03
4.652391e-05	1.489097e-02	9.891602e-02	6.248608e-03
5.350250e-05	1.596878e-02	1.093546e-01	6.700886e-03
6.152788e-05	1.712461e-02	1.206836e-01	7.185899e-03
7.075706e-05	1.836410e-02	1.329921e-01	7.706019e-03
8.137062e-05	1.969331e-02	1.462032e-01	8.263784e-03
9.357621e-05	2.111872e-02	1.610749e-01	8.861921e-03
1.076126e-04	2.264730e-02	1.775403e-01	9.503352e-03
1.237545e-04	2.428653e-02	1.951570e-01	1.019121e-02
1.423177e-04	2.604440e-02	2.143336e-01	1.092885e-02
1.636654e-04	2.792950e-02	2.346697e-01	1.171989e-02
1.882152e-04	2.995106e-02	2.575079e-01	1.256818e-02
2.164475e-04	3.211893e-02	2.825902e-01	1.347787e-02
2.489146e-04	3.444372e-02	3.092286e-01	1.445341e-02
2.862518e-04	3.693677e-02	3.383387e-01	1.549956e-02
3.291895e-04	3.961027e-02	3.697271e-01	1.662142e-02
3.785680e-04	4.247729e-02	4.034141e-01	1.782449e-02
4.353531e-04	4.555181e-02	4.391636e-01	1.911464e-02
5.006561e-04	4.884888e-02	4.776942e-01	2.049816e-02
5.757545e-04	5.238459e-02	5.197047e-01	2.198183e-02
6.621177e-04	5.617621e-02	5.646298e-01	2.357289e-02
7.614354e-04	6.024227e-02	6.104772e-01	2.527911e-02
8.756507e-04	6.460264e-02	6.596482e-01	2.710882e-02
1.006998e-03	6.927861e-02	7.157334e-01	2.907097e-02
1.158048e-03	7.429304e-02	7.725619e-01	3.117514e-02
1.331755e-03	7.967041e-02	8.336905e-01	3.343162e-02
1.531519e-03	8.543699e-02	8.947477e-01	3.585141e-02
1.761246e-03	9.162097e-02	9.594479e-01	3.844636e-02
2.025433e-03	9.825254e-02	1.032765e+00	4.122913e-02
2.329248e-03	1.053641e-01	1.105547e+00	4.421331e-02
2.678635e-03	1.129904e-01	1.182940e+00	4.741350e-02
3.080431e-03	1.211687e-01	1.261571e+00	5.084531e-02
3.542495e-03	1.299390e-01	1.343159e+00	5.452552e-02
4.073870e-03	1.393440e-01	1.427225e+00	5.847211e-02
4.684950e-03	1.494298e-01	1.510011e+00	6.270435e-02
5.387693e-03	1.602456e-01	1.598815e+00	6.724292e-02
6.195847e-03	1.718443e-01	1.686680e+00	7.211000e-02
7.125224e-03	1.842825e-01	1.773024e+00	7.732936e-02
8.194007e-03	1.976210e-01	1.855164e+00	8.292650e-02
9.423108e-03	2.119249e-01	1.944368e+00	8.892876e-02
1.083657e-02	2.272641e-01	2.035751e+00	9.536548e-02
1.246206e-02	2.437136e-01	2.120406e+00	1.022681e-01
1.433137e-02	2.613537e-01	2.202734e+00	1.096703e-01
1.648108e-02	2.802706e-01	2.276312e+00	1.176101e-01
1.895324e-02	3.005568e-01	2.354925e+00	1.261252e-01
2.179622e-02	3.223112e-01	2.432637e+00	1.352516e-01
2.506566e-02	3.456403e-01	2.500965e+00	1.450424e-01
2.882550e-02	3.706579e-01	2.566926e+00	1.555401e-01
3.314933e-02	3.974863e-01	2.627699e+00	1.667980e-01
3.812173e-02	4.262566e-01	2.681989e+00	1.788707e-01
4.383999e-02	4.571093e-01	2.729181e+00	1.918173e-01
5.041599e-02	4.901951e-01	2.772170e+00	2.057009e-01
5.797838e-02	5.256757e-01	2.812538e+00	2.205893e-01
6.667514e-02	5.637244e-01	2.846966e+00	2.365555e-01
7.667641e-02	6.045270e-01	2.870813e+00	2.536773e-01
8.817787e-02	6.482830e-01	2.890604e+00	2.720384e-01
1.014046e-01	6.952061e-01	2.911939e+00	2.917284e-01
1.166152e-01	7.455255e-01	2.923251e+00	3.128435e-01
1.341075e-01	7.994870e-01	2.929055e+00	3.354871e-01
1.542237e-01	8.573543e-01	2.925767e+00	3.597697e-01
1.773572e-01	9.194100e-01	2.916654e+00	3.858098e-01
2.039608e-01	9.859574e-01	2.905052e+00	4.137346e-01
2.345549e-01	1.057322e+00	2.884077e+00	4.436806e-01
2.697381e-01	1.133851e+00	2.855916e+00	4.757944e-01
3.101989e-01	1.215920e+00	2.820215e+00	5.102324e-01
3.567287e-01	1.303929e+00	2.777192e+00	5.471630e-01
4.102380e-01	1.398308e+00	2.727056e+00	5.867666e-01
4.717737e-01	1.499518e+00	2.669828e+00	6.292369e-01
5.425397e-01	1.608054e+00	2.604687e+00	6.747813e-01
6.239207e-01	1.724446e+00	2.533754e+00	7.236222e-01
7.175088e-01	1.849262e+00	2.457967e+00	7.759979e-01
8.251351e-01	1.983113e+00	2.378713e+00	8.321647e-01
9.489054e-01	2.126651e+00	2.289749e+00	8.923972e-01
1.091241e+00	2.280579e+00	2.195559e+00	9.569881e-01
1.254927e+00	2.445649e+00	2.100456e+00	1.026262e+00
1.443166e+00	2.622666e+00	2.003508e+00	1.100517e+00
1.659641e+00	2.789401e+00	1.909854e+00	1.180433e+00
1.908588e+00	2.959376e+00	1.806724e+00	1.267037e+00
2.194876e+00	3.136521e+00	1.701976e+00	1.360940e+00
2.524107e+00	3.319991e+00	1.602117e+00	1.462901e+00
2.902723e+00	3.508473e+00	1.501320e+00	1.573762e+00
3.338132e+00	3.700057e+00	1.402469e+00	1.694525e+00
3.838852e+00	3.892103e+00	1.308242e+00	1.826377e+00
4.414679e+00	4.081112e+00	1.219403e+00	1.970750e+00
5.076881e+00	4.262643e+00	1.132347e+00	2.129392e+00
5.838413e+00	2.341266e+00	1.045480e+00	2.304468e+00
6.714175e+00	2.571848e+00	9.630451e-01	2.498678e+00
7.721302e+00	2.828915e+00	8.932270e-01	2.715422e+00
8.879497e+00	3.110135e+00	8.248084e-01	2.958995e+00
1.021142e+01	3.415140e+00	7.504514e-01	3.234851e+00
1.174313e+01	3.755672e+00	6.966982e-01	3.549918e+00
1.350460e+01	4.112438e+00	6.507617e-01	3.913007e+00
1.553030e+01	4.493209e+00	5.986642e-01	4.335325e+00
1.785984e+01	4.889949e+00	5.387520e-01	4.674364e+00
2.053882e+01	5.328776e+00	4.737821e-01	4.394535e+00
2.361964e+01	5.817269e+00	4.252871e-01	4.177164e+00
2.716258e+01	6.305638e+00	3.831325e-01	4.016299e+00
3.123697e+01	6.838981e+00	3.457288e-01	3.907369e+00
3.592252e+01	7.421090e+00	3.114322e-01	3.846946e+00
4.131089e+01	8.048356e+00	2.803648e-01	3.832562e+00
4.750753e+01	8.752438e+00	2.535922e-01	3.862585e+00
5.463366e+01	9.522953e+00	2.270289e-01	3.936061e+00
6.282871e+01	1.035772e+01	2.035466e-01	4.053150e+00
7.225301e+01	1.127274e+01	1.832839e-01	4.214734e+00
8.309096e+01	1.217315e+01	1.662761e-01	4.422794e+00
9.555461e+01	1.313551e+01	1.482642e-01	4.680529e+00
1.098878e+02	1.406838e+01	1.313337e-01	4.992530e+00
1.263710e+02	1.496230e+01	1.173717e-01	5.364985e+00
1.453266e+02	1.586666e+01	1.048895e-01	5.805908e+00
1.671256e+02	1.650984e+01	9.474767e-02	6.325409e+00
1.921945e+02	1.720227e+01	8.404179e-02	6.936134e+00
2.210236e+02	1.792848e+01	7.416717e-02	7.653496e+00
2.541772e+02	1.852229e+01	6.607272e-02	8.497317e+00
2.923037e+02	1.907025e+01	5.856306e-02	9.488595e+00
3.361493e+02	2.056177e+01	5.191298e-02	1.067589e+01
3.865717e+02	2.036995e+01	4.610987e-02	1.209322e+01
4.445574e+02	2.014687e+01	4.115711e-02	1.377429e+01
5.112411e+02	1.976661e+01	3.664811e-02	1.578629e+01
5.879272e+02	1.944329e+01	3.239937e-02	1.817751e+01
6.761163e+02	1.894523e+01	2.869075e-02	2.100425e+01
7.775337e+02	1.836749e+01	2.579178e-02	2.437403e+01
8.941638e+02	1.776615e+01	2.307657e-02	2.841063e+01
1.028288e+03	1.714978e+01	2.015022e-02	3.326833e+01
1.182532e+03	1.656102e+01	1.782706e-02	3.913955e+01
1.359911e+03	1.596605e+01	1.573003e-02	4.626747e+01
1.563898e+03	1.533732e+01	1.408296e-02	5.495403e+01
1.798483e+03	1.467971e+01	1.256450e-02	6.558344e+01
2.068255e+03	1.398784e+01	1.094886e-02	7.865013e+01
2.378493e+03	1.328940e+01	9.669651e-03	9.478118e+01
2.735268e+03	1.260205e+01	8.508442e-03	1.147525e+02
3.145558e+03	1.192425e+01	7.507447e-03	1.395217e+02
3.617391e+03	1.124536e+01	6.621417e-03	1.703368e+02
4.160000e+03	1.056908e+01	5.847523e-03	2.088125e+02
4.784000e+03	9.898098e+00	5.197463e-03	2.570087e+02
5.501600e+03	9.239804e+00	4.566298e-03	3.175566e+02
6.326840e+03	8.603340e+00	4.021480e-03	3.938190e+02
7.275866e+03	7.992070e+00	3.567407e-03	4.900794e+02
8.367246e+03	7.406012e+00	3.194552e-03	6.118097e+02
9.622333e+03	6.847574e+00	2.798267e-03	7.659887e+02
