# Energy_MeV	dEdx_Elec_MeV_um	dEdx_Nucl_MeV_um	Range_um
1.000000e-05	6.977702e-03	3.461505e-02	2.866273e-03
1.150000e-05	7.482752e-03	3.840065e-02	3.073736e-03
1.322500e-05	8.024357e-03	4.255793e-02	3.296214e-03
1.520875e-05	8.605164e-03	4.730129e-02	3.534796e-03
1.749006e-05	9.228011e-03	5.247111e-02	3.790646e-03
2.011357e-05	9.895939e-03	5.815802e-02	4.065015e-03
2.313061e-05	1.061221e-02	6.441351e-02	4.359243e-03
2.660020e-05	1.138033e-02	7.129463e-02	4.674768e-03
3.059023e-05	1.220404e-02	7.889987e-02	5.013130e-03
3.517876e-05	1.308738e-02	8.713224e-02	5.375983e-03
4.045558e-05	1.403465e-02	9.627563e-02	5.765099e-03
4.652391e-05	1.505049e-02	1.063025e-01	6.182380e-03
5.350250e-05	1.613985e-02	1.172044e-01	6.629864e-03
6.152788e-05	1.730806e-02	1.288751e-01	7.109737e-03
7.075706e-05	1.856083e-02	1.418898e-01	7.624344e-03
8.137062e-05	1.990427e-02	1.564417e-01	8.176198e-03
9.357621e-05	2.134495e-02	1.720257e-01	8.767995e-03
1.076126e-04	2.288991e-02	1.890074e-01	9.402628e-03
1.237545e-04	2.454669e-02	2.070147e-01	1.008319e-02
1.423177e-04	2.632339e-02	2.270024e-01	1.081302e-02
1.636654e-04	2.822870e-02	2.492054e-01	1.159567e-02
1.882152e-04	3.027190e-02	2.728024e-01	1.243497e-02
2.164475e-04	3.246300e-02	2.985178e-01	1.333503e-02
2.489146e-04	3.481269e-02	3.262436e-01	1.430022e-02
2.862518e-04	3.733245e-02	3.560259e-01	1.533528e-02
3.291895e-04	4.003459e-02	3.878111e-01	1.644525e-02
3.785680e-04	4.293232e-02	4.218532e-01	1.763557e-02
4.353531e-04	4.603978e-02	4.590095e-01	1.891204e-02
5.006561e-04	4.937216e-02	4.987554e-01	2.028091e-02
5.757545e-04	5.294575e-02	5.397490e-01	2.174885e-02
6.621177e-04	5.677799e-02	5.831659e-01	2.332304e-02
7.614354e-04	6.088761e-02	6.324279e-01	2.501118e-02
8.756507e-04	6.529469e-02	6.834826e-01	2.682150e-02
1.006998e-03	7.002075e-02	7.372082e-01	2.876285e-02
1.158048e-03	7.508889e-02	7.922724e-01	3.084472e-02
1.331755e-03	8.052386e-02	8.494122e-01	3.307728e-02
1.531519e-03	8.635222e-02	9.141878e-01	3.547143e-02
1.761246e-03	9.260244e-02	9.797745e-01	3.803887e-02
2.025433e-03	9.930506e-02	1.047824e+00	4.079215e-02
2.329248e-03	1.064928e-01	1.118421e+00	4.374470e-02
2.678635e-03	1.142008e-01	1.191190e+00	4.691097e-02
3.080431e-03	1.224667e-01	1.266755e+00	5.030641e-02
3.542495e-03	1.313309e-01	1.340845e+00	5.394761e-02
4.073870e-03	1.408367e-01	1.419305e+00	5.785237e-02
4.684950e-03	1.510306e-01	1.498563e+00	6.203976e-02
5.387693e-03	1.619623e-01	1.576432e+00	6.653023e-02
6.195847e-03	1.736852e-01	1.650522e+00	7.134572e-02
7.125224e-03	1.862566e-01	1.728721e+00	7.650976e-02
8.194007e-03	1.997379e-01	1.811196e+00	8.204758e-02
9.423108e-03	2.141951e-01	1.888082e+00	8.798622e-02
1.083657e-02	2.296986e-01	1.962740e+00	9.435471e-02
1.246206e-02	2.463243e-01	2.029980e+00	1.011842e-01
1.433137e-02	2.641534e-01	2.098934e+00	1.084945e-01
1.648108e-02	2.832730e-01	2.169652e+00	1.163659e-01
1.895324e-02	3.037764e-01	2.232382e+00	1.247862e-01
2.179622e-02	3.257639e-01	2.292034e+00	1.338191e-01
2.506566e-02	3.493429e-01	2.347271e+00	1.435046e-01
2.882550e-02	3.746285e-01	2.396981e+00	1.538914e-01
3.314933e-02	4.017443e-01	2.440690e+00	1.650300e-01
3.812173e-02	4.308228e-01	2.479834e+00	1.769747e-01
4.383999e-02	4.620060e-01	2.516733e+00	1.897839e-01
5.041599e-02	4.954462e-01	2.548527e+00	2.035204e-01
5.797838e-02	5.313069e-01	2.571876e+00	2.182511e-01
6.667514e-02	5.697632e-01	2.589944e+00	2.340481e-01
7.667641e-02	6.110029e-01	2.609472e+00	2.509883e-01
8.817787e-02	6.552277e-01	2.621556e+00	2.691547e-01
1.014046e-01	7.026534e-01	2.627087e+00	2.886361e-01
1.166152e-01	7.535118e-01	2.625972e+00	3.095276e-01
1.341075e-01	8.080514e-01	2.618403e+00	3.319312e-01
1.542237e-01	8.665386e-01	2.608993e+00	3.559562e-01
1.773572e-01	9.292591e-01	2.591710e+00	3.817203e-01
2.039608e-01	9.965194e-01	2.567395e+00	4.093493e-01
2.345549e-01	1.068648e+00	2.536732e+00	4.389781e-01
2.697381e-01	1.145997e+00	2.499277e+00	4.707513e-01
3.101989e-01	1.228945e+00	2.455475e+00	5.048242e-01
3.567287e-01	1.317897e+00	2.405378e+00	5.413634e-01
4.102380e-01	1.413287e+00	2.348101e+00	5.805475e-01
4.717737e-01	1.515581e+00	2.285497e+00	6.225677e-01
5.425397e-01	1.625280e+00	2.218236e+00	6.676291e-01
6.239207e-01	1.742919e+00	2.147862e+00	7.159521e-01
7.175088e-01	1.869072e+00	2.070010e+00	7.677729e-01
8.251351e-01	2.004356e+00	1.985905e+00	8.233450e-01
9.489054e-01	2.149433e+00	1.900882e+00	8.829371e-01
1.091241e+00	2.305010e+00	1.813826e+00	9.468513e-01
1.254927e+00	2.471848e+00	1.729450e+00	1.015364e+00
1.443166e+00	2.624853e+00	1.639144e+00	1.089193e+00
1.659641e+00	2.784413e+00	1.544704e+00	1.169229e+00
1.908588e+00	2.950563e+00	1.454483e+00	1.256023e+00
2.194876e+00	3.122456e+00	1.364034e+00	1.350282e+00
2.524107e+00	3.298790e+00	1.275185e+00	1.452796e+00
2.902723e+00	3.477690e+00	1.189788e+00	1.564502e+00
3.338132e+00	3.656579e+00	1.109157e+00	1.686513e+00
3.838852e+00	3.832062e+00	1.030965e+00	1.820176e+00
4.414679e+00	2.082633e+00	9.526699e-01	1.967139e+00
5.076881e+00	2.285636e+00	8.775930e-01	2.129445e+00
5.838413e+00	2.505195e+00	8.126166e-01	2.309644e+00
6.714175e+00	2.746590e+00	7.520057e-01	2.510952e+00
7.721302e+00	3.013567e+00	6.837694e-01	2.737434e+00
8.879497e+00	3.298704e+00	6.326101e-01	2.994253e+00
1.021142e+01	3.615428e+00	5.918673e-01	3.287971e+00
1.174313e+01	3.951489e+00	5.463025e-01	3.626927e+00
1.350460e+01	4.299822e+00	4.939295e-01	3.884996e+00
1.553030e+01	4.671581e+00	4.342809e-01	3.679801e+00
1.785984e+01	5.081563e+00	3.886194e-01	3.517199e+00
2.053882e+01	5.532321e+00	3.503443e-01	3.394763e+00
2.361964e+01	5.999945e+00	3.161184e-01	3.310653e+00
2.716258e+01	6.511186e+00	2.851193e-01	3.263562e+00
3.123697e+01	7.083436e+00	2.562180e-01	3.252668e+00
3.592252e+01	7.688572e+00	2.318588e-01	3.277545e+00
4.131089e+01	8.365468e+00	2.077438e-01	3.338265e+00
4.750753e+01	9.106306e+00	1.863527e-01	3.435391e+00
5.463366e+01	9.880551e+00	1.677291e-01	3.570042e+00
6.282871e+01	1.072600e+01	1.519900e-01	3.744059e+00
7.225301e+01	1.152056e+01	1.361947e-01	3.960170e+00
8.309096e+01	1.234541e+01	1.206186e-01	4.222183e+00
9.555461e+01	1.315538e+01	1.076318e-01	4.535182e+00
1.098878e+02	1.387689e+01	9.613550e-02	4.905758e+00
1.263710e+02	1.459616e+01	8.667094e-02	5.342238e+00
1.453266e+02	1.509009e+01	7.728787e-02	5.855067e+00
1.671256e+02	1.561921e+01	6.817633e-02	6.457190e+00
1.921945e+02	1.617975e+01	6.064006e-02	7.164303e+00
2.210236e+02	1.656436e+01	5.379391e-02	7.996477e+00
2.541772e+02	1.876732e+01	4.765484e-02	8.976431e+00
2.923037e+02	1.867574e+01	4.231404e-02	1.015399e+01
3.361493e+02	1.841110e+01	3.776151e-02	1.155762e+01
3.865717e+02	1.812104e+01	3.365667e-02	1.322994e+01
4.445574e+02	1.770752e+01	2.978016e-02	1.523447e+01
5.112411e+02	1.735161e+01	2.630771e-02	1.762005e+01
5.879272e+02	1.683323e+01	2.357392e-02	2.045078e+01
6.761163e+02	1.626724e+01	2.117943e-02	2.383835e+01
7.775337e+02	1.568460e+01	1.850641e-02	2.791143e+01
8.941638e+02	1.509270e+01	1.634547e-02	3.283097e+01
1.028288e+03	1.453098e+01	1.442189e-02	3.879949e+01
1.182532e+03	1.395656e+01	1.287951e-02	4.607249e+01
1.359911e+03	1.335569e+01	1.153845e-02	5.496916e+01
1.563898e+03	1.273355e+01	1.006132e-02	6.589749e+01
1.798483e+03	1.208753e+01	8.870731e-03	7.938377e+01
2.068255e+03	1.143938e+01	7.808845e-03	9.609432e+01
2.378493e+03	1.081014e+01	6.893320e-03	1.168550e+02
2.735268e+03	1.018901e+01	6.087825e-03	1.426920e+02
3.145558e+03	9.567792e+00	5.362082e-03	1.749546e+02
3.617391e+03	8.952410e+00	4.768285e-03	2.153779e+02
4.160000e+03	8.350451e+00	4.193034e-03	2.661836e+02
4.784000e+03	7.766250e+00	3.694453e-03	3.302132e+02
5.501600e+03	7.203786e+00	3.274468e-03	4.111014e+02
6.326840e+03	6.666069e+00	2.927619e-03	5.134831e+02
7.275866e+03	6.154622e+00	2.580414e-03	6.432856e+02
8.367246e+03	5.671051e+00	2.246629e-03	8.080672e+02
9.622333e+03	5.216925e+00	1.975730e-03	1.017435e+03
