# Energy_MeV	dEdx_Elec_MeV_um	dEdx_Nucl_MeV_um	Range_um
1.000000e-05	5.657640e-03	3.889245e-02	3.535043e-03
1.150000e-05	6.067143e-03	4.308103e-02	3.790911e-03
1.322500e-05	6.506286e-03	4.765890e-02	4.065299e-03
1.520875e-05	6.977215e-03	5.265477e-02	4.359548e-03
1.749006e-05	7.482229e-03	5.817678e-02	4.675094e-03
2.011357e-05	8.023797e-03	6.424750e-02	5.013480e-03
2.313061e-05	8.604563e-03	7.095565e-02	5.376358e-03
2.660020e-05	9.227366e-03	7.803170e-02	5.765502e-03
3.059023e-05	9.895248e-03	8.584395e-02	6.182812e-03
3.517876e-05	1.061147e-02	9.469589e-02	6.630327e-03
4.045558e-05	1.137954e-02	1.041838e-01	7.110234e-03
4.652391e-05	1.220319e-02	1.145666e-01	7.624876e-03
5.350250e-05	1.308647e-02	1.255292e-01	8.176769e-03
6.152788e-05	1.403367e-02	1.375245e-01	8.768608e-03
7.075706e-05	1.504944e-02	1.510619e-01	9.403284e-03
8.137062e-05	1.613872e-02	1.654776e-01	1.008390e-02
9.357621e-05	1.730685e-02	1.811314e-01	1.081378e-02
1.076126e-04	1.855953e-02	1.979652e-01	1.159648e-02
1.237545e-04	1.990288e-02	2.160640e-01	1.243584e-02
1.423177e-04	2.134346e-02	2.356569e-01	1.333596e-02
1.636654e-04	2.288831e-02	2.563809e-01	1.430122e-02
1.882152e-04	2.454498e-02	2.790413e-01	1.533635e-02
2.164475e-04	2.632156e-02	3.032718e-01	1.644640e-02
2.489146e-04	2.822672e-02	3.284869e-01	1.763680e-02
2.862518e-04	3.026979e-02	3.551354e-01	1.891336e-02
3.291895e-04	3.246073e-02	3.845800e-01	2.028232e-02
3.785680e-04	3.481026e-02	4.160495e-01	2.175037e-02
4.353531e-04	3.732984e-02	4.491548e-01	2.332467e-02
5.006561e-04	4.003180e-02	4.832716e-01	2.501292e-02
5.757545e-04	4.292932e-02	5.186293e-01	2.682337e-02
6.621177e-04	4.603657e-02	5.573636e-01	2.876486e-02
7.614354e-04	4.936872e-02	5.980420e-01	3.084688e-02
8.756507e-04	5.294205e-02	6.402327e-01	3.307959e-02
1.006998e-03	5.677403e-02	6.837602e-01	3.547391e-02
1.158048e-03	6.088336e-02	7.296120e-01	3.804153e-02
1.331755e-03	6.529013e-02	7.757767e-01	4.079499e-02
1.531519e-03	7.001586e-02	8.220376e-01	4.374776e-02
1.761246e-03	7.508365e-02	8.702909e-01	4.691424e-02
2.025433e-03	8.051824e-02	9.195198e-01	5.030992e-02
2.329248e-03	8.634620e-02	9.700603e-01	5.395138e-02
2.678635e-03	9.259598e-02	1.016586e+00	5.785641e-02
3.080431e-03	9.929813e-02	1.063922e+00	6.204409e-02
3.542495e-03	1.064854e-01	1.115872e+00	6.653487e-02
4.073870e-03	1.141928e-01	1.164922e+00	7.135070e-02
4.684950e-03	1.224582e-01	1.212639e+00	7.651510e-02
5.387693e-03	1.313218e-01	1.255831e+00	8.205331e-02
6.195847e-03	1.408269e-01	1.297591e+00	8.799237e-02
7.125224e-03	1.510200e-01	1.342673e+00	9.436130e-02
8.194007e-03	1.619509e-01	1.383423e+00	1.011912e-01
9.423108e-03	1.736730e-01	1.421474e+00	1.085155e-01
1.083657e-02	1.862436e-01	1.456793e+00	1.163543e-01
1.246206e-02	1.997240e-01	1.488401e+00	1.247972e-01
1.433137e-02	2.141801e-01	1.517752e+00	1.338277e-01
1.648108e-02	2.296826e-01	1.543006e+00	1.435150e-01
1.895324e-02	2.463071e-01	1.566874e+00	1.539023e-01
2.179622e-02	2.641350e-01	1.587743e+00	1.650416e-01
2.506566e-02	2.832532e-01	1.603649e+00	1.769873e-01
2.882550e-02	3.037552e-01	1.616257e+00	1.897974e-01
3.314933e-02	3.257412e-01	1.628050e+00	2.035348e-01
3.812173e-02	3.493185e-01	1.637078e+00	2.182665e-01
4.383999e-02	3.746024e-01	1.642211e+00	2.340646e-01
5.041599e-02	4.017163e-01	1.642933e+00	2.510061e-01
5.797838e-02	4.307927e-01	1.639756e+00	2.691738e-01
6.667514e-02	4.619737e-01	1.634242e+00	2.886564e-01
7.667641e-02	4.954116e-01	1.625092e+00	3.095494e-01
8.817787e-02	5.312698e-01	1.611571e+00	3.319546e-01
1.014046e-01	5.697234e-01	1.593764e+00	3.559814e-01
1.166152e-01	6.109603e-01	1.571952e+00	3.817472e-01
1.341075e-01	6.551819e-01	1.545944e+00	4.093780e-01
1.542237e-01	7.026043e-01	1.515999e+00	4.390089e-01
1.773572e-01	7.534592e-01	1.481771e+00	4.707844e-01
2.039608e-01	8.079950e-01	1.443860e+00	5.048597e-01
2.345549e-01	8.664781e-01	1.402207e+00	5.414014e-01
2.697381e-01	9.291942e-01	1.359057e+00	5.805881e-01
3.101989e-01	9.964498e-01	1.312416e+00	6.226113e-01
3.567287e-01	1.068573e+00	1.260439e+00	6.676761e-01
4.102380e-01	1.145917e+00	1.207632e+00	7.160024e-01
4.717737e-01	1.228859e+00	1.153043e+00	7.678267e-01
5.425397e-01	1.317805e+00	1.099923e+00	8.234022e-01
6.239207e-01	1.413188e+00	1.045670e+00	8.830009e-01
7.175088e-01	1.515476e+00	9.864439e-01	9.469107e-01
8.251351e-01	1.625166e+00	9.292842e-01	1.015456e+00
9.489054e-01	1.742797e+00	8.725742e-01	1.088933e+00
1.091241e+00	1.850303e+00	8.168647e-01	1.168126e+00
1.254927e+00	1.962744e+00	7.635135e-01	1.253979e+00
1.443166e+00	2.079817e+00	7.111735e-01	1.347083e+00
1.659641e+00	2.200918e+00	6.619408e-01	1.448197e+00
1.908588e+00	1.166454e+00	6.126195e-01	1.558171e+00
2.194876e+00	1.250915e+00	5.651300e-01	1.678010e+00
2.524107e+00	1.356292e+00	5.231239e-01	1.808911e+00
2.902723e+00	1.492293e+00	4.839563e-01	1.952323e+00
3.338132e+00	1.635033e+00	4.430560e-01	2.110017e+00
3.838852e+00	1.793794e+00	4.076405e-01	2.284189e+00
4.414679e+00	1.964659e+00	3.793539e-01	2.477586e+00
5.076881e+00	2.151358e+00	3.519743e-01	2.693663e+00
5.838413e+00	2.357371e+00	3.207439e-01	2.817074e+00
6.714175e+00	2.576082e+00	2.848289e-01	2.757339e+00
7.721302e+00	2.819218e+00	2.535389e-01	2.704923e+00
8.879497e+00	3.079092e+00	2.276933e-01	2.662036e+00
1.021142e+01	3.360542e+00	2.055792e-01	2.630843e+00
1.174313e+01	3.672061e+00	1.848287e-01	2.613502e+00
1.350460e+01	4.021809e+00	1.662669e-01	2.612211e+00
1.553030e+01	4.413636e+00	1.505120e-01	2.629150e+00
1.785984e+01	4.840485e+00	1.353281e-01	2.666841e+00
2.053882e+01	5.292457e+00	1.214488e-01	2.727777e+00
2.361964e+01	5.789598e+00	1.086915e-01	2.814639e+00
2.716258e+01	6.265013e+00	9.830210e-02	2.930290e+00
3.123697e+01	6.778059e+00	8.874316e-02	3.077833e+00
3.592252e+01	7.306273e+00	7.867035e-02	3.260718e+00
4.131089e+01	7.797994e+00	7.002292e-02	3.482914e+00
4.750753e+01	8.303037e+00	6.247051e-02	3.749112e+00
5.463366e+01	8.715537e+00	5.614978e-02	4.065024e+00
6.282871e+01	9.124492e+00	5.045585e-02	4.437698e+00
7.225301e+01	9.500583e+00	4.454805e-02	4.875857e+00
8.309096e+01	9.802075e+00	3.950669e-02	5.390331e+00
9.555461e+01	1.008398e+01	3.508573e-02	5.994530e+00
1.098878e+02	1.023131e+01	3.110835e-02	6.705054e+00
1.263710e+02	1.038192e+01	2.768405e-02	7.542457e+00
1.453266e+02	1.053366e+01	2.459574e-02	8.531859e+00
1.671256e+02	1.058602e+01	2.193813e-02	9.705236e+00
1.921945e+02	1.146554e+01	1.944793e-02	1.110024e+01
2.210236e+02	1.118836e+01	1.719496e-02	1.279085e+01
2.541772e+02	1.083070e+01	1.537834e-02	1.482762e+01
2.923037e+02	1.046216e+01	1.378621e-02	1.728496e+01
3.361493e+02	1.004984e+01	1.216457e-02	2.026782e+01
3.865717e+02	9.688904e+00	1.071598e-02	2.386870e+01
4.445574e+02	9.263431e+00	9.450928e-03	2.820828e+01
5.112411e+02	8.824050e+00	8.413107e-03	3.348083e+01
5.879272e+02	8.384475e+00	7.518154e-03	3.991782e+01
6.761163e+02	7.948176e+00	6.611613e-03	4.781267e+01
7.775337e+02	7.528695e+00	5.816055e-03	5.753947e+01
8.941638e+02	7.111284e+00	5.119810e-03	6.957586e+01
1.028288e+03	6.691979e+00	4.520437e-03	8.452729e+01
1.182532e+03	6.273453e+00	3.976055e-03	1.031752e+02
1.359911e+03	5.855395e+00	3.500620e-03	1.265358e+02
1.563898e+03	5.448231e+00	3.114770e-03	1.559103e+02
1.798483e+03	5.061497e+00	2.748407e-03	1.929338e+02
2.068255e+03	4.690241e+00	2.423406e-03	2.396638e+02
2.378493e+03	4.330904e+00	2.133684e-03	2.988101e+02
2.735268e+03	3.985629e+00	1.902688e-03	3.738740e+02
3.145558e+03	3.657726e+00	1.692198e-03	4.693619e+02
3.617391e+03	3.348805e+00	1.474927e-03	5.910610e+02
4.160000e+03	3.059968e+00	1.292299e-03	7.463943e+02
4.784000e+03	2.790329e+00	1.137142e-03	9.448461e+02
5.501600e+03	2.539467e+00	1.009422e-03	1.198548e+03
6.326840e+03	2.308942e+00	8.950127e-04	1.522961e+03
7.275866e+03	2.098370e+00	7.786304e-04	1.937709e+03
8.367246e+03	1.906118e+00	6.808186e-04	2.467605e+03
9.622333e+03	1.731828e+00	5.965211e-04	3.143882e+03
