# Energy_MeV	dEdx_Elec_MeV_um	dEdx_Nucl_MeV_um	Range_um
1.000000e-05	6.861447e-03	3.298199e-02	2.914837e-03
1.150000e-05	7.358082e-03	3.645272e-02	3.125815e-03
1.322500e-05	7.890664e-03	4.045372e-02	3.352063e-03
1.520875e-05	8.461794e-03	4.482756e-02	3.594687e-03
1.749006e-05	9.074264e-03	4.981134e-02	3.854872e-03
2.011357e-05	9.731064e-03	5.527471e-02	4.133890e-03
2.313061e-05	1.043540e-02	6.125765e-02	4.433103e-03
2.660020e-05	1.119072e-02	6.786055e-02	4.753973e-03
3.059023e-05	1.200071e-02	7.512080e-02	5.098068e-03
3.517876e-05	1.286933e-02	8.312062e-02	5.467069e-03
4.045558e-05	1.380082e-02	9.180976e-02	5.862779e-03
4.652391e-05	1.479973e-02	1.014263e-01	6.287130e-03
5.350250e-05	1.587094e-02	1.120137e-01	6.742195e-03
6.152788e-05	1.701969e-02	1.235517e-01	7.230199e-03
7.075706e-05	1.825159e-02	1.358408e-01	7.753525e-03
8.137062e-05	1.957264e-02	1.495153e-01	8.314729e-03
9.357621e-05	2.098932e-02	1.649101e-01	8.916553e-03
1.076126e-04	2.250854e-02	1.813213e-01	9.561938e-03
1.237545e-04	2.413772e-02	1.992979e-01	1.025404e-02
1.423177e-04	2.588482e-02	2.182663e-01	1.099623e-02
1.636654e-04	2.775838e-02	2.392670e-01	1.179214e-02
1.882152e-04	2.976755e-02	2.627752e-01	1.264566e-02
2.164475e-04	3.192214e-02	2.876313e-01	1.356096e-02
2.489146e-04	3.423268e-02	3.148147e-01	1.454251e-02
2.862518e-04	3.671046e-02	3.440048e-01	1.559511e-02
3.291895e-04	3.936758e-02	3.754630e-01	1.672389e-02
3.785680e-04	4.221703e-02	4.091088e-01	1.793437e-02
4.353531e-04	4.527272e-02	4.449477e-01	1.923247e-02
5.006561e-04	4.854958e-02	4.842590e-01	2.062453e-02
5.757545e-04	5.206362e-02	5.261159e-01	2.211734e-02
6.621177e-04	5.583202e-02	5.696104e-01	2.371821e-02
7.614354e-04	5.987317e-02	6.153349e-01	2.543495e-02
8.756507e-04	6.420682e-02	6.670928e-01	2.727594e-02
1.006998e-03	6.885414e-02	7.213461e-01	2.925019e-02
1.158048e-03	7.383784e-02	7.779439e-01	3.136733e-02
1.331755e-03	7.918226e-02	8.365251e-01	3.363772e-02
1.531519e-03	8.491352e-02	8.967423e-01	3.607243e-02
1.761246e-03	9.105960e-02	9.647989e-01	3.868337e-02
2.025433e-03	9.765055e-02	1.034636e+00	4.148330e-02
2.329248e-03	1.047185e-01	1.106357e+00	4.448588e-02
2.678635e-03	1.122981e-01	1.181325e+00	4.770579e-02
3.080431e-03	1.204263e-01	1.258620e+00	5.115876e-02
3.542495e-03	1.291428e-01	1.338253e+00	5.486166e-02
4.073870e-03	1.384903e-01	1.417180e+00	5.883257e-02
4.684950e-03	1.485143e-01	1.499641e+00	6.309091e-02
5.387693e-03	1.592638e-01	1.584029e+00	6.765746e-02
6.195847e-03	1.707914e-01	1.667433e+00	7.255454e-02
7.125224e-03	1.831534e-01	1.745743e+00	7.780608e-02
8.194007e-03	1.964101e-01	1.827902e+00	8.343773e-02
9.423108e-03	2.106264e-01	1.916227e+00	8.947699e-02
1.083657e-02	2.258716e-01	1.997593e+00	9.595338e-02
1.246206e-02	2.422204e-01	2.077698e+00	1.028985e-01
1.433137e-02	2.597524e-01	2.148938e+00	1.102992e-01
1.648108e-02	2.785534e-01	2.221381e+00	1.183128e-01
1.895324e-02	2.987153e-01	2.297436e+00	1.269021e-01
2.179622e-02	3.203364e-01	2.363952e+00	1.360863e-01
2.506566e-02	3.435225e-01	2.427832e+00	1.459362e-01
2.882550e-02	3.683869e-01	2.486296e+00	1.564990e-01
3.314933e-02	3.950509e-01	2.539510e+00	1.678262e-01
3.812173e-02	4.236449e-01	2.586599e+00	1.799733e-01
4.383999e-02	4.543086e-01	2.628035e+00	1.929996e-01
5.041599e-02	4.871917e-01	2.667788e+00	2.069688e-01
5.797838e-02	5.224548e-01	2.701537e+00	2.219492e-01
6.667514e-02	5.602704e-01	2.727091e+00	2.380138e-01
7.667641e-02	6.008231e-01	2.746328e+00	2.552410e-01
8.817787e-02	6.443110e-01	2.766840e+00	2.737152e-01
1.014046e-01	6.909465e-01	2.780627e+00	2.935267e-01
1.166152e-01	7.409576e-01	2.786664e+00	3.147722e-01
1.341075e-01	7.945885e-01	2.786248e+00	3.375553e-01
1.542237e-01	8.521012e-01	2.778481e+00	3.619874e-01
1.773572e-01	9.137768e-01	2.768590e+00	3.881880e-01
2.039608e-01	9.799164e-01	2.751189e+00	4.162852e-01
2.345549e-01	1.050843e+00	2.725647e+00	4.464159e-01
2.697381e-01	1.126904e+00	2.693676e+00	4.787274e-01
3.101989e-01	1.208470e+00	2.654434e+00	5.133776e-01
3.567287e-01	1.295939e+00	2.608418e+00	5.505360e-01
4.102380e-01	1.389740e+00	2.555727e+00	5.903840e-01
4.717737e-01	1.490330e+00	2.495545e+00	6.331161e-01
5.425397e-01	1.598201e+00	2.429395e+00	6.789410e-01
6.239207e-01	1.713880e+00	2.358077e+00	7.280828e-01
7.175088e-01	1.837932e+00	2.283917e+00	7.807817e-01
8.251351e-01	1.970962e+00	2.202120e+00	8.372949e-01
9.489054e-01	2.113621e+00	2.112645e+00	8.978991e-01
1.091241e+00	2.266606e+00	2.022933e+00	9.628871e-01
1.254927e+00	2.430664e+00	1.930020e+00	1.032584e+00
1.443166e+00	2.600905e+00	1.840860e+00	1.107330e+00
1.659641e+00	2.760783e+00	1.745984e+00	1.188042e+00
1.908588e+00	2.927914e+00	1.644997e+00	1.275557e+00
2.194876e+00	3.101697e+00	1.549606e+00	1.370495e+00
2.524107e+00	3.281148e+00	1.453170e+00	1.473629e+00
2.902723e+00	3.464785e+00	1.359328e+00	1.585845e+00
3.338132e+00	3.650497e+00	1.268389e+00	1.708188e+00
3.838852e+00	3.835413e+00	1.182098e+00	1.841907e+00
4.414679e+00	2.016618e+00	1.099523e+00	1.988518e+00
5.076881e+00	2.211623e+00	1.015851e+00	2.149883e+00
5.838413e+00	2.428760e+00	9.364863e-01	2.328310e+00
6.714175e+00	2.667990e+00	8.665129e-01	2.526692e+00
7.721302e+00	2.925807e+00	8.024140e-01	2.748681e+00
8.879497e+00	3.213801e+00	7.307269e-01	2.998898e+00
1.021142e+01	3.522197e+00	6.738110e-01	3.283215e+00
1.174313e+01	3.859444e+00	6.309814e-01	3.609087e+00
1.350460e+01	4.227077e+00	5.831211e-01	3.986004e+00
1.553030e+01	4.592155e+00	5.280922e-01	4.419073e+00
1.785984e+01	4.995876e+00	4.648089e-01	4.162315e+00
2.053882e+01	5.442938e+00	4.148135e-01	3.959547e+00
2.361964e+01	5.916137e+00	3.745833e-01	3.806483e+00
2.716258e+01	6.422680e+00	3.375939e-01	3.699812e+00
3.123697e+01	6.960456e+00	3.044626e-01	3.637068e+00
3.592252e+01	7.561144e+00	2.735177e-01	3.616506e+00
4.131089e+01	8.212303e+00	2.476001e-01	3.637023e+00
4.750753e+01	8.930612e+00	2.221959e-01	3.698020e+00
5.463366e+01	9.734482e+00	1.990914e-01	3.799786e+00
6.282871e+01	1.055957e+01	1.790171e-01	3.943180e+00
7.225301e+01	1.145119e+01	1.623085e-01	4.129964e+00
8.309096e+01	1.234842e+01	1.457151e-01	4.362945e+00
9.555461e+01	1.323317e+01	1.288770e-01	4.646151e+00
1.098878e+02	1.416539e+01	1.150722e-01	4.985038e+00
1.263710e+02	1.494553e+01	1.026454e-01	5.386721e+00
1.453266e+02	1.570687e+01	9.258016e-02	5.860224e+00
1.671256e+02	1.632213e+01	8.272357e-02	6.416837e+00
1.921945e+02	1.696384e+01	7.286453e-02	7.070597e+00
2.210236e+02	1.765217e+01	6.485081e-02	7.838577e+00
2.541772e+02	1.811381e+01	5.749581e-02	8.741637e+00
2.923037e+02	1.968054e+01	5.099009e-02	9.808901e+00
3.361493e+02	1.958474e+01	4.526334e-02	1.109281e+01
3.865717e+02	1.932571e+01	4.034900e-02	1.261548e+01
4.445574e+02	1.902980e+01	3.600366e-02	1.443469e+01
5.112411e+02	1.864415e+01	3.183671e-02	1.660927e+01
5.879272e+02	1.825663e+01	2.815651e-02	1.918826e+01
6.761163e+02	1.771276e+01	2.518730e-02	2.225015e+01
7.775337e+02	1.713169e+01	2.265186e-02	2.591322e+01
8.941638e+02	1.653356e+01	1.981196e-02	3.031615e+01
1.028288e+03	1.593323e+01	1.746867e-02	3.563129e+01
1.182532e+03	1.536126e+01	1.544708e-02	4.207695e+01
1.359911e+03	1.476589e+01	1.375278e-02	4.992620e+01
1.563898e+03	1.414027e+01	1.234322e-02	5.952170e+01
1.798483e+03	1.348909e+01	1.075522e-02	7.130237e+01
2.068255e+03	1.281793e+01	9.481886e-03	8.583304e+01
2.378493e+03	1.214189e+01	8.360695e-03	1.038228e+02
2.735268e+03	1.149145e+01	7.371603e-03	1.261468e+02
3.145558e+03	1.084054e+01	6.509185e-03	1.539019e+02
3.617391e+03	1.019021e+01	5.727316e-03	1.885381e+02
4.160000e+03	9.545902e+00	5.097782e-03	2.319037e+02
4.784000e+03	8.913022e+00	4.484701e-03	2.863668e+02
5.501600e+03	8.297628e+00	3.951460e-03	3.549540e+02
6.326840e+03	7.705786e+00	3.497903e-03	4.415307e+02
7.275866e+03	7.139045e+00	3.129303e-03	5.510259e+02
8.367246e+03	6.598785e+00	2.764546e-03	6.897405e+02
9.622333e+03	6.087019e+00	2.402844e-03	8.656997e+02
