# Energy_MeV	dEdx_Elec_MeV_um	dEdx_Nucl_MeV_um	Range_um
1.000000e-05	6.066369e-03	3.483387e-02	3.296865e-03
1.150000e-05	6.505456e-03	3.870142e-02	3.535494e-03
1.322500e-05	6.976324e-03	4.294353e-02	3.791395e-03
1.520875e-05	7.481274e-03	4.760038e-02	4.065818e-03
1.749006e-05	8.022773e-03	5.272725e-02	4.360104e-03
2.011357e-05	8.603465e-03	5.837603e-02	4.675691e-03
2.313061e-05	9.226189e-03	6.459472e-02	5.014120e-03
2.660020e-05	9.893985e-03	7.134277e-02	5.377044e-03
3.059023e-05	1.061012e-02	7.882276e-02	5.766238e-03
3.517876e-05	1.137808e-02	8.704343e-02	6.183601e-03
4.045558e-05	1.220163e-02	9.602458e-02	6.631173e-03
4.652391e-05	1.308480e-02	1.055942e-01	7.111141e-03
5.350250e-05	1.403188e-02	1.162120e-01	7.625849e-03
6.152788e-05	1.504751e-02	1.281646e-01	8.177812e-03
7.075706e-05	1.613666e-02	1.409457e-01	8.769727e-03
8.137062e-05	1.730464e-02	1.549132e-01	9.404484e-03
9.357621e-05	1.855716e-02	1.696935e-01	1.008519e-02
1.076126e-04	1.990034e-02	1.860025e-01	1.081516e-02
1.237545e-04	2.134074e-02	2.042550e-01	1.159796e-02
1.423177e-04	2.288539e-02	2.236223e-01	1.243743e-02
1.636654e-04	2.454185e-02	2.447451e-01	1.333766e-02
1.882152e-04	2.631820e-02	2.674687e-01	1.430304e-02
2.164475e-04	2.822312e-02	2.919125e-01	1.533831e-02
2.489146e-04	3.026593e-02	3.181071e-01	1.644850e-02
2.862518e-04	3.245659e-02	3.460130e-01	1.763905e-02
3.291895e-04	3.480582e-02	3.765562e-01	1.891578e-02
3.785680e-04	3.732508e-02	4.091565e-01	2.028491e-02
4.353531e-04	4.002669e-02	4.429765e-01	2.175314e-02
5.006561e-04	4.292384e-02	4.786477e-01	2.332765e-02
5.757545e-04	4.603069e-02	5.188174e-01	2.501611e-02
6.621177e-04	4.936242e-02	5.609707e-01	2.682679e-02
7.614354e-04	5.293530e-02	6.051692e-01	2.876853e-02
8.756507e-04	5.676678e-02	6.507055e-01	3.085081e-02
1.006998e-03	6.087559e-02	6.977636e-01	3.308381e-02
1.158048e-03	6.528180e-02	7.505847e-01	3.547844e-02
1.331755e-03	7.000693e-02	8.048562e-01	3.804638e-02
1.531519e-03	7.507407e-02	8.609373e-01	4.080020e-02
1.761246e-03	8.050797e-02	9.191976e-01	4.375334e-02
2.025433e-03	8.633518e-02	9.795808e-01	4.692023e-02
2.329248e-03	9.258416e-02	1.041686e+00	5.031634e-02
2.678635e-03	9.928545e-02	1.103072e+00	5.395827e-02
3.080431e-03	1.064718e-01	1.167473e+00	5.786379e-02
3.542495e-03	1.141783e-01	1.233070e+00	6.205201e-02
4.073870e-03	1.224426e-01	1.298387e+00	6.654336e-02
4.684950e-03	1.313050e-01	1.359776e+00	7.135981e-02
5.387693e-03	1.408089e-01	1.423663e+00	7.652487e-02
6.195847e-03	1.510008e-01	1.492307e+00	8.206378e-02
7.125224e-03	1.619303e-01	1.556194e+00	8.800360e-02
8.194007e-03	1.736509e-01	1.618646e+00	9.437334e-02
9.423108e-03	1.862198e-01	1.674674e+00	1.012041e-01
1.083657e-02	1.996985e-01	1.731061e+00	1.085293e-01
1.246206e-02	2.141528e-01	1.790184e+00	1.163468e-01
1.433137e-02	2.296533e-01	1.842587e+00	1.247866e-01
1.648108e-02	2.462757e-01	1.892423e+00	1.338467e-01
1.895324e-02	2.641013e-01	1.938334e+00	1.435329e-01
2.179622e-02	2.832171e-01	1.979853e+00	1.539221e-01
2.506566e-02	3.037165e-01	2.016897e+00	1.650629e-01
2.882550e-02	3.256996e-01	2.049505e+00	1.770100e-01
3.314933e-02	3.492739e-01	2.080494e+00	1.898219e-01
3.812173e-02	3.745546e-01	2.107127e+00	2.035610e-01
4.383999e-02	4.016650e-01	2.127160e+00	2.182946e-01
5.041599e-02	4.307378e-01	2.142559e+00	2.340947e-01
5.797838e-02	4.619148e-01	2.158495e+00	2.510384e-01
6.667514e-02	4.953484e-01	2.169287e+00	2.692084e-01
7.667641e-02	5.312020e-01	2.174467e+00	2.886935e-01
8.817787e-02	5.696507e-01	2.174235e+00	3.095891e-01
1.014046e-01	6.108823e-01	2.168562e+00	3.319971e-01
1.166152e-01	6.550983e-01	2.160900e+00	3.560270e-01
1.341075e-01	7.025147e-01	2.147471e+00	3.817961e-01
1.542237e-01	7.533630e-01	2.127922e+00	4.094304e-01
1.773572e-01	8.078919e-01	2.103150e+00	4.390651e-01
2.039608e-01	8.663675e-01	2.072821e+00	4.708447e-01
2.345549e-01	9.290756e-01	2.037144e+00	5.049244e-01
2.697381e-01	9.963226e-01	1.996250e+00	5.414707e-01
3.101989e-01	1.068437e+00	1.949541e+00	5.806624e-01
3.567287e-01	1.145771e+00	1.898185e+00	6.226909e-01
4.102380e-01	1.228703e+00	1.842654e+00	6.677615e-01
4.717737e-01	1.317637e+00	1.784826e+00	7.160940e-01
5.425397e-01	1.413008e+00	1.721292e+00	7.679249e-01
6.239207e-01	1.515282e+00	1.651799e+00	8.235075e-01
7.175088e-01	1.624959e+00	1.581685e+00	8.831133e-01
8.251351e-01	1.742574e+00	1.509380e+00	9.470339e-01
9.489054e-01	1.868703e+00	1.439546e+00	1.015578e+00
1.091241e+00	2.003961e+00	1.365776e+00	1.089091e+00
1.254927e+00	2.145892e+00	1.287315e+00	1.167914e+00
1.443166e+00	2.277932e+00	1.212456e+00	1.252977e+00
1.659641e+00	2.416009e+00	1.137395e+00	1.345206e+00
1.908588e+00	2.559646e+00	1.063944e+00	1.445247e+00
2.194876e+00	2.708056e+00	9.931145e-01	1.553915e+00
2.524107e+00	2.860042e+00	9.255265e-01	1.672136e+00
2.902723e+00	3.013900e+00	8.607918e-01	1.801004e+00
3.338132e+00	3.167300e+00	7.957081e-01	1.941825e+00
3.838852e+00	1.682030e+00	7.334646e-01	2.096184e+00
4.414679e+00	1.846666e+00	6.788814e-01	2.266023e+00
5.076881e+00	2.030893e+00	6.283521e-01	2.453749e+00
5.838413e+00	2.232669e+00	5.726991e-01	2.662380e+00
6.714175e+00	2.450763e+00	5.281226e-01	2.895715e+00
7.721302e+00	2.693994e+00	4.938762e-01	3.158573e+00
8.879497e+00	2.951259e+00	4.566953e-01	3.457064e+00
1.021142e+01	3.233713e+00	4.139972e-01	3.680700e+00
1.174313e+01	3.537447e+00	3.648945e-01	3.538476e+00
1.350460e+01	3.845863e+00	3.253574e-01	3.420555e+00
1.553030e+01	4.185449e+00	2.936989e-01	3.328019e+00
1.785984e+01	4.566330e+00	2.648873e-01	3.261944e+00
2.053882e+01	4.986852e+00	2.387429e-01	3.223476e+00
2.361964e+01	5.448723e+00	2.144722e-01	3.213885e+00
2.716258e+01	5.948935e+00	1.940237e-01	3.234525e+00
3.123697e+01	6.505099e+00	1.742670e-01	3.287045e+00
3.592252e+01	7.083260e+00	1.561816e-01	3.373228e+00
4.131089e+01	7.710360e+00	1.404089e-01	3.495112e+00
4.750753e+01	8.394295e+00	1.272077e-01	3.655109e+00
5.463366e+01	9.054837e+00	1.142791e-01	3.856169e+00
6.282871e+01	9.751645e+00	1.011867e-01	4.101996e+00
7.225301e+01	1.039417e+01	9.024611e-02	4.397299e+00
8.309096e+01	1.101792e+01	8.054573e-02	4.748067e+00
9.555461e+01	1.164542e+01	7.257754e-02	5.161832e+00
1.098878e+02	1.215139e+01	6.489222e-02	5.648121e+00
1.263710e+02	1.263629e+01	5.722688e-02	6.218744e+00
1.453266e+02	1.297772e+01	5.086344e-02	6.888315e+00
1.671256e+02	1.332995e+01	4.513137e-02	7.674920e+00
1.921945e+02	1.371028e+01	4.000600e-02	8.600548e+00
2.210236e+02	1.390993e+01	3.553763e-02	9.692618e+00
2.541772e+02	1.527275e+01	3.166542e-02	1.098650e+01
2.923037e+02	1.504105e+01	2.823727e-02	1.254830e+01
3.361493e+02	1.468978e+01	2.499552e-02	1.441308e+01
3.865717e+02	1.432476e+01	2.209289e-02	1.665212e+01
4.445574e+02	1.389841e+01	1.977451e-02	1.934774e+01
5.112411e+02	1.350046e+01	1.776324e-02	2.257134e+01
5.879272e+02	1.300124e+01	1.555807e-02	2.642706e+01
6.761163e+02	1.247983e+01	1.370651e-02	3.107537e+01
7.775337e+02	1.195195e+01	1.212392e-02	3.670601e+01
8.941638e+02	1.142477e+01	1.080055e-02	4.355714e+01
1.028288e+03	1.091988e+01	9.680734e-03	5.193179e+01
1.182532e+03	1.040629e+01	8.447523e-03	6.221271e+01
1.359911e+03	9.879423e+00	7.436550e-03	7.488307e+01
1.563898e+03	9.342991e+00	6.562866e-03	9.056446e+01
1.798483e+03	8.799568e+00	5.786608e-03	1.100614e+02
2.068255e+03	8.261351e+00	5.109887e-03	1.343939e+02
2.378493e+03	7.747300e+00	4.494526e-03	1.648326e+02
2.735268e+03	7.242753e+00	3.997731e-03	2.029750e+02
3.145558e+03	6.745061e+00	3.520714e-03	2.509331e+02
3.617391e+03	6.260068e+00	3.099743e-03	3.114156e+02
4.160000e+03	5.793251e+00	2.745939e-03	3.879046e+02
4.784000e+03	5.346996e+00	2.454140e-03	4.848642e+02
5.501600e+03	4.923275e+00	2.169848e-03	6.080116e+02
6.326840e+03	4.522301e+00	1.888609e-03	7.646497e+02
7.275866e+03	4.145100e+00	1.659254e-03	9.641236e+02
8.367246e+03	3.793899e+00	1.461025e-03	1.218344e+03
9.622333e+03	3.468742e+00	1.300901e-03	1.542441e+03
