# Energy_MeV	dEdx_Elec_MeV_um	dEdx_Nucl_MeV_um	Range_um
1.000000e-05	6.560158e-03	4.072985e-02	3.048707e-03
1.150000e-05	7.034985e-03	4.509591e-02	3.269374e-03
1.322500e-05	7.544181e-03	4.989847e-02	3.506013e-03
1.520875e-05	8.090233e-03	5.520687e-02	3.759780e-03
1.749006e-05	8.675809e-03	6.097831e-02	4.031915e-03
2.011357e-05	9.303768e-03	6.738092e-02	4.323747e-03
2.313061e-05	9.977180e-03	7.438744e-02	4.636703e-03
2.660020e-05	1.069933e-02	8.193080e-02	4.972310e-03
3.059023e-05	1.147376e-02	9.013525e-02	5.332208e-03
3.517876e-05	1.230423e-02	9.930989e-02	5.718156e-03
4.045558e-05	1.319482e-02	1.093642e-01	6.132039e-03
4.652391e-05	1.414987e-02	1.203173e-01	6.575879e-03
5.350250e-05	1.517404e-02	1.320370e-01	7.051845e-03
6.152788e-05	1.627235e-02	1.446894e-01	7.562261e-03
7.075706e-05	1.745015e-02	1.587820e-01	8.109622e-03
8.137062e-05	1.871320e-02	1.740861e-01	8.696600e-03
9.357621e-05	2.006767e-02	1.906674e-01	9.326065e-03
1.076126e-04	2.152018e-02	2.084892e-01	1.000109e-02
1.237545e-04	2.307782e-02	2.279773e-01	1.072497e-02
1.423177e-04	2.474821e-02	2.486692e-01	1.150125e-02
1.636654e-04	2.653950e-02	2.706599e-01	1.233372e-02
1.882152e-04	2.846044e-02	2.945998e-01	1.322644e-02
2.164475e-04	3.052042e-02	3.202818e-01	1.418378e-02
2.489146e-04	3.272951e-02	3.480961e-01	1.521041e-02
2.862518e-04	3.509848e-02	3.763350e-01	1.631135e-02
3.291895e-04	3.763893e-02	4.068988e-01	1.749197e-02
3.785680e-04	4.036326e-02	4.410568e-01	1.875805e-02
4.353531e-04	4.328477e-02	4.764486e-01	2.011577e-02
5.006561e-04	4.641775e-02	5.138803e-01	2.157175e-02
5.757545e-04	4.977749e-02	5.517293e-01	2.313313e-02
6.621177e-04	5.338041e-02	5.919485e-01	2.480752e-02
7.614354e-04	5.724411e-02	6.365138e-01	2.660310e-02
8.756507e-04	6.138747e-02	6.820351e-01	2.852865e-02
1.006998e-03	6.583073e-02	7.293585e-01	3.059356e-02
1.158048e-03	7.059559e-02	7.782724e-01	3.280794e-02
1.331755e-03	7.570534e-02	8.282830e-01	3.518260e-02
1.531519e-03	8.118493e-02	8.800839e-01	3.772913e-02
1.761246e-03	8.706114e-02	9.318870e-01	4.045999e-02
2.025433e-03	9.336267e-02	9.860229e-01	4.338850e-02
2.329248e-03	1.001203e-01	1.040984e+00	4.652899e-02
2.678635e-03	1.073671e-01	1.093320e+00	4.989678e-02
3.080431e-03	1.151384e-01	1.145204e+00	5.350834e-02
3.542495e-03	1.234721e-01	1.200405e+00	5.738130e-02
4.073870e-03	1.324091e-01	1.255360e+00	6.153459e-02
4.684950e-03	1.419929e-01	1.309128e+00	6.598849e-02
5.387693e-03	1.522705e-01	1.358721e+00	7.076477e-02
6.195847e-03	1.632919e-01	1.405678e+00	7.588677e-02
7.125224e-03	1.751110e-01	1.454404e+00	8.137949e-02
8.194007e-03	1.877857e-01	1.500910e+00	8.726978e-02
9.423108e-03	2.013777e-01	1.544696e+00	9.356685e-02
1.083657e-02	2.159535e-01	1.584592e+00	1.003633e-01
1.246206e-02	2.315844e-01	1.622870e+00	1.076261e-01
1.433137e-02	2.483465e-01	1.656504e+00	1.154171e-01
1.648108e-02	2.663220e-01	1.685497e+00	1.237706e-01
1.895324e-02	2.855985e-01	1.712910e+00	1.327290e-01
2.179622e-02	3.062703e-01	1.737109e+00	1.423358e-01
2.506566e-02	3.284383e-01	1.758654e+00	1.526380e-01
2.882550e-02	3.522109e-01	1.773908e+00	1.636858e-01
3.314933e-02	3.777041e-01	1.786588e+00	1.755333e-01
3.812173e-02	4.050425e-01	1.799057e+00	1.882382e-01
4.383999e-02	4.343597e-01	1.806826e+00	2.018629e-01
5.041599e-02	4.657989e-01	1.810109e+00	2.164737e-01
5.797838e-02	4.995136e-01	1.808584e+00	2.321420e-01
6.667514e-02	5.356687e-01	1.803222e+00	2.489443e-01
7.667641e-02	5.744407e-01	1.795684e+00	2.669628e-01
8.817787e-02	6.160190e-01	1.783237e+00	2.862856e-01
1.014046e-01	6.606068e-01	1.765852e+00	3.070069e-01
1.166152e-01	7.084218e-01	1.744072e+00	3.292280e-01
1.341075e-01	7.596978e-01	1.717583e+00	3.530574e-01
1.542237e-01	8.146851e-01	1.686800e+00	3.786118e-01
1.773572e-01	8.736524e-01	1.651526e+00	4.060158e-01
2.039608e-01	9.368879e-01	1.611614e+00	4.354033e-01
2.345549e-01	1.004700e+00	1.567684e+00	4.669177e-01
2.697381e-01	1.077421e+00	1.521460e+00	5.007132e-01
3.101989e-01	1.155405e+00	1.472028e+00	5.369550e-01
3.567287e-01	1.239034e+00	1.417124e+00	5.758200e-01
4.102380e-01	1.328716e+00	1.359968e+00	6.174979e-01
4.717737e-01	1.424889e+00	1.300322e+00	6.621924e-01
5.425397e-01	1.528024e+00	1.241623e+00	7.101220e-01
6.239207e-01	1.638623e+00	1.182528e+00	7.615204e-01
7.175088e-01	1.757227e+00	1.118771e+00	8.166439e-01
8.251351e-01	1.884416e+00	1.055577e+00	8.757336e-01
9.489054e-01	2.006533e+00	9.923731e-01	9.392733e-01
1.091241e+00	2.129015e+00	9.311835e-01	1.008101e+00
1.254927e+00	2.256742e+00	8.697297e-01	1.082727e+00
1.443166e+00	2.389134e+00	8.108903e-01	1.163744e+00
1.659641e+00	2.525282e+00	7.565627e-01	1.251817e+00
1.908588e+00	2.663856e+00	7.016697e-01	1.347733e+00
2.194876e+00	1.420268e+00	6.491164e-01	1.452428e+00
2.524107e+00	1.560140e+00	5.981077e-01	1.567024e+00
2.902723e+00	1.711681e+00	5.538142e-01	1.692893e+00
3.338132e+00	1.878013e+00	5.111750e-01	1.831726e+00
3.838852e+00	2.055531e+00	4.670799e-01	1.985636e+00
4.414679e+00	2.253220e+00	4.320091e-01	2.157279e+00
5.076881e+00	2.465536e+00	4.031889e-01	2.350010e+00
5.838413e+00	2.696096e+00	3.710281e-01	2.568087e+00
6.714175e+00	2.952088e+00	3.341301e-01	2.496537e+00
7.721302e+00	3.216597e+00	2.956022e-01	2.428590e+00
8.879497e+00	3.507334e+00	2.640862e-01	2.372812e+00
1.021142e+01	3.813551e+00	2.382539e-01	2.330735e+00
1.174313e+01	4.160200e+00	2.145117e-01	2.303867e+00
1.350460e+01	4.555234e+00	1.936642e-01	2.293736e+00
1.553030e+01	4.979543e+00	1.743760e-01	2.301887e+00
1.785984e+01	5.449884e+00	1.573407e-01	2.330037e+00
2.053882e+01	5.959858e+00	1.412421e-01	2.379968e+00
2.361964e+01	6.484312e+00	1.263319e-01	2.453577e+00
2.716258e+01	7.056234e+00	1.141372e-01	2.552924e+00
3.123697e+01	7.634300e+00	1.031561e-01	2.680303e+00
3.592252e+01	8.231728e+00	9.198069e-02	2.838360e+00
4.131089e+01	8.825859e+00	8.190509e-02	3.030259e+00
4.750753e+01	9.356205e+00	7.284893e-02	3.259877e+00
5.463366e+01	9.897875e+00	6.537793e-02	3.532004e+00
6.282871e+01	1.036171e+01	5.879141e-02	3.852670e+00
7.225301e+01	1.079867e+01	5.214626e-02	4.229362e+00
8.309096e+01	1.119577e+01	4.627257e-02	4.671386e+00
9.555461e+01	1.144490e+01	4.101092e-02	5.190268e+00
1.098878e+02	1.168169e+01	3.648121e-02	5.800228e+00
1.263710e+02	1.191211e+01	3.230440e-02	6.518719e+00
1.453266e+02	1.207523e+01	2.863015e-02	7.367897e+00
1.671256e+02	1.217456e+01	2.562507e-02	8.372133e+00
1.921945e+02	1.306538e+01	2.274223e-02	9.580039e+00
2.210236e+02	1.272954e+01	2.018684e-02	1.103718e+01
2.541772e+02	1.237057e+01	1.787500e-02	1.278182e+01
2.923037e+02	1.194800e+01	1.600821e-02	1.489318e+01
3.361493e+02	1.156743e+01	1.431715e-02	1.743654e+01
3.865717e+02	1.112968e+01	1.257113e-02	2.048476e+01
4.445574e+02	1.065164e+01	1.107460e-02	2.416593e+01
5.112411e+02	1.016927e+01	9.806182e-03	2.863474e+01
5.879272e+02	9.686167e+00	8.743613e-03	3.408598e+01
6.761163e+02	9.217588e+00	7.796109e-03	4.076507e+01
7.775337e+02	8.755425e+00	6.832506e-03	4.898622e+01
8.941638e+02	8.286793e+00	6.007948e-03	5.914505e+01
1.028288e+03	7.813298e+00	5.300783e-03	7.174899e+01
1.182532e+03	7.334309e+00	4.662770e-03	8.745595e+01
1.359911e+03	6.862861e+00	4.124181e-03	1.071119e+02
1.563898e+03	6.406392e+00	3.642471e-03	1.317806e+02
1.798483e+03	5.969784e+00	3.227295e-03	1.627911e+02
2.068255e+03	5.542989e+00	2.845206e-03	2.018700e+02
2.378493e+03	5.127248e+00	2.498020e-03	2.512733e+02
2.735268e+03	4.728893e+00	2.224692e-03	3.138935e+02
3.145558e+03	4.350070e+00	1.982794e-03	3.934474e+02
3.617391e+03	3.992461e+00	1.736982e-03	4.947048e+02
4.160000e+03	3.656220e+00	1.522915e-03	6.237633e+02
4.784000e+03	3.340547e+00	1.333755e-03	7.884225e+02
5.501600e+03	3.047549e+00	1.182260e-03	9.986427e+02
6.326840e+03	2.778067e+00	1.050322e-03	1.267086e+03
7.275866e+03	2.530476e+00	9.169524e-04	1.609795e+03
8.367246e+03	2.304010e+00	8.027974e-04	2.047004e+03
9.622333e+03	2.099188e+00	7.013719e-04	2.604115e+03
