# Energy_MeV	dEdx_Elec_MeV_um	dEdx_Nucl_MeV_um	Range_um
1.000000e-05	2.543353e-03	4.597232e-02	4.237725e-03
1.150000e-05	2.755724e-03	5.037112e-02	4.544454e-03
1.322500e-05	2.983189e-03	5.528520e-02	4.873384e-03
1.520875e-05	3.226867e-03	6.062844e-02	5.226122e-03
1.749006e-05	3.487953e-03	6.640969e-02	5.604391e-03
2.011357e-05	3.767728e-03	7.271794e-02	6.010040e-03
2.313061e-05	4.067563e-03	7.948053e-02	6.445050e-03
2.660020e-05	4.388927e-03	8.676444e-02	6.911546e-03
3.059023e-05	4.733393e-03	9.459818e-02	7.411807e-03
3.517876e-05	5.102645e-03	1.029654e-01	7.948278e-03
4.045558e-05	5.498490e-03	1.120370e-01	8.523578e-03
4.652391e-05	5.922864e-03	1.217663e-01	9.140520e-03
5.350250e-05	6.377841e-03	1.318208e-01	9.802115e-03
6.152788e-05	6.865645e-03	1.427654e-01	1.051160e-02
7.075706e-05	7.388661e-03	1.546744e-01	1.127243e-02
8.137062e-05	7.949444e-03	1.669442e-01	1.208834e-02
9.357621e-05	8.550735e-03	1.806150e-01	1.296330e-02
1.076126e-04	9.195472e-03	1.939179e-01	1.390159e-02
1.237545e-04	9.886806e-03	2.085478e-01	1.490779e-02
1.423177e-04	1.062811e-02	2.242097e-01	1.598683e-02
1.636654e-04	1.142302e-02	2.399820e-01	1.714396e-02
1.882152e-04	1.227540e-02	2.575005e-01	1.838485e-02
2.164475e-04	1.318943e-02	2.745748e-01	1.971555e-02
2.489146e-04	1.416957e-02	2.931199e-01	2.114258e-02
2.862518e-04	1.522061e-02	3.116633e-01	2.267289e-02
3.291895e-04	1.634768e-02	3.301468e-01	2.431396e-02
3.785680e-04	1.755629e-02	3.501670e-01	2.607382e-02
4.353531e-04	1.885235e-02	3.693354e-01	2.796106e-02
5.006561e-04	2.024218e-02	3.895524e-01	2.998489e-02
5.757545e-04	2.173258e-02	4.082093e-01	3.215522e-02
6.621177e-04	2.333083e-02	4.281895e-01	3.448263e-02
7.614354e-04	2.504473e-02	4.481958e-01	3.697850e-02
8.756507e-04	2.688266e-02	4.678463e-01	3.965502e-02
1.006998e-03	2.885360e-02	4.870996e-01	4.252527e-02
1.158048e-03	3.096718e-02	5.044501e-01	4.560328e-02
1.331755e-03	3.323372e-02	5.224307e-01	4.890407e-02
1.531519e-03	3.566429e-02	5.396408e-01	5.244377e-02
1.761246e-03	3.827077e-02	5.560837e-01	5.623968e-02
2.025433e-03	4.106590e-02	5.716770e-01	6.031033e-02
2.329248e-03	4.406332e-02	5.859494e-01	6.467563e-02
2.678635e-03	4.727768e-02	5.988858e-01	6.935688e-02
3.080431e-03	5.072469e-02	6.107373e-01	7.437697e-02
3.542495e-03	5.442118e-02	6.211550e-01	7.976042e-02
4.073870e-03	5.838521e-02	6.306907e-01	8.550080e-02
4.684950e-03	6.263616e-02	6.391682e-01	9.170825e-02
5.387693e-03	6.719478e-02	6.455381e-01	9.836656e-02
6.195847e-03	7.208334e-02	6.512910e-01	1.054853e-01
7.125224e-03	7.732574e-02	6.561755e-01	1.131205e-01
8.194007e-03	8.294757e-02	6.591586e-01	1.213081e-01
9.423108e-03	8.897631e-02	6.618819e-01	1.300882e-01
1.083657e-02	9.544140e-02	6.618023e-01	1.395039e-01
1.246206e-02	1.023744e-01	6.610253e-01	1.496011e-01
1.433137e-02	1.098093e-01	6.588965e-01	1.604291e-01
1.648108e-02	1.177823e-01	6.548464e-01	1.720409e-01
1.895324e-02	1.263323e-01	6.498055e-01	1.844932e-01
2.179622e-02	1.355012e-01	6.425662e-01	1.978467e-01
2.506566e-02	1.453338e-01	6.339455e-01	2.121667e-01
2.882550e-02	1.558780e-01	6.235259e-01	2.275233e-01
3.314933e-02	1.671855e-01	6.115793e-01	2.439914e-01
3.812173e-02	1.793114e-01	5.978088e-01	2.616515e-01
4.383999e-02	1.923149e-01	5.827874e-01	2.805897e-01
5.041599e-02	2.062596e-01	5.662386e-01	3.008987e-01
5.797838e-02	2.212137e-01	5.489351e-01	3.226778e-01
6.667514e-02	2.372502e-01	5.297548e-01	3.460333e-01
7.667641e-02	2.544473e-01	5.094961e-01	3.710791e-01
8.817787e-02	2.728893e-01	4.882317e-01	3.979378e-01
1.014046e-01	2.926660e-01	4.665436e-01	4.267405e-01
1.166152e-01	3.138742e-01	4.451839e-01	4.576282e-01
1.341075e-01	3.366175e-01	4.224000e-01	4.907514e-01
1.542237e-01	3.610069e-01	3.995642e-01	5.262720e-01
1.773572e-01	3.871616e-01	3.764013e-01	5.643635e-01
2.039608e-01	4.152095e-01	3.535485e-01	6.052124e-01
2.345549e-01	4.452874e-01	3.309865e-01	6.490179e-01
2.697381e-01	4.775424e-01	3.094434e-01	6.959944e-01
3.101989e-01	5.121321e-01	2.883753e-01	7.463689e-01
3.567287e-01	5.492253e-01	2.682269e-01	8.003942e-01
4.102380e-01	5.890040e-01	2.486226e-01	8.583279e-01
4.717737e-01	6.316647e-01	2.293165e-01	9.208665e-01
5.425397e-01	6.774133e-01	2.127297e-01	9.886752e-01
6.239207e-01	7.264732e-01	1.958195e-01	1.062232e+00
7.175088e-01	7.790841e-01	1.791912e-01	1.142135e+00
8.251351e-01	8.355033e-01	1.666003e-01	1.229069e+00
9.489054e-01	8.960064e-01	1.536268e-01	1.323839e+00
1.091241e+00	9.743520e-01	1.423107e-01	1.376879e+00
1.254927e+00	1.070202e+00	1.296992e-01	1.404585e+00
1.443166e+00	1.170106e+00	1.152571e-01	1.430028e+00
1.659641e+00	1.282292e+00	1.041199e-01	1.453690e+00
1.908588e+00	1.406640e+00	9.240216e-02	1.476170e+00
2.194876e+00	1.543945e+00	8.380444e-02	1.498325e+00
2.524107e+00	1.698868e+00	7.522493e-02	1.521135e+00
2.902723e+00	1.868320e+00	6.773887e-02	1.545765e+00
3.338132e+00	2.054709e+00	6.136277e-02	1.573569e+00
3.838852e+00	2.257556e+00	5.483088e-02	1.606095e+00
4.414679e+00	2.452992e+00	4.954707e-02	1.645107e+00
5.076881e+00	2.664870e+00	4.436692e-02	1.692606e+00
5.838413e+00	2.893711e+00	4.014070e-02	1.750858e+00
6.714175e+00	3.125301e+00	3.595700e-02	1.822423e+00
7.721302e+00	3.357805e+00	3.215216e-02	1.910193e+00
8.879497e+00	3.560167e+00	2.861486e-02	2.017426e+00
1.021142e+01	3.763863e+00	2.554916e-02	2.147756e+00
1.174313e+01	3.927690e+00	2.295607e-02	2.305250e+00
1.350460e+01	4.082307e+00	2.045058e-02	2.494490e+00
1.553030e+01	4.231509e+00	1.822432e-02	2.720715e+00
1.785984e+01	4.336678e+00	1.614235e-02	2.990040e+00
2.053882e+01	4.434849e+00	1.433228e-02	3.309740e+00
2.361964e+01	4.500350e+00	1.269456e-02	3.688637e+00
2.716258e+01	4.546406e+00	1.129942e-02	4.137583e+00
3.123697e+01	4.579879e+00	1.003859e-02	4.670028e+00
3.592252e+01	4.574599e+00	8.931596e-03	5.302749e+00
4.131089e+01	4.554628e+00	7.942863e-03	6.056732e+00
4.750753e+01	4.503615e+00	7.014076e-03	6.958280e+00
5.463366e+01	4.441622e+00	6.296987e-03	8.040500e+00
6.282871e+01	4.368163e+00	5.590888e-03	9.344821e+00
7.225301e+01	4.266523e+00	4.927302e-03	1.092361e+01
8.309096e+01	4.320749e+00	4.399175e-03	1.284629e+01
9.555461e+01	4.100888e+00	3.837191e-03	1.522651e+01
1.098878e+02	3.862679e+00	3.449054e-03	1.815270e+01
1.263710e+02	3.626520e+00	3.050293e-03	2.177492e+01
1.453266e+02	3.396620e+00	2.681774e-03	2.627195e+01
1.671256e+02	3.187954e+00	2.388901e-03	3.183048e+01
1.921945e+02	2.973210e+00	2.078979e-03	3.870960e+01
2.210236e+02	2.762878e+00	1.849830e-03	4.728027e+01
2.541772e+02	2.559813e+00	1.623347e-03	5.800428e+01
2.923037e+02	2.365420e+00	1.431890e-03	7.147475e+01
3.361493e+02	2.180564e+00	1.273938e-03	8.846066e+01
3.865717e+02	2.004286e+00	1.115292e-03	1.099526e+02
4.445574e+02	1.835988e+00	9.918058e-04	1.372256e+02
5.112411e+02	1.676076e+00	8.735816e-04	1.719397e+02
5.879272e+02	1.524940e+00	7.783335e-04	2.162635e+02
6.761163e+02	1.384049e+00	6.862293e-04	2.729829e+02
7.775337e+02	1.255714e+00	6.046868e-04	3.456223e+02
8.941638e+02	1.137203e+00	5.290014e-04	4.386569e+02
1.028288e+03	1.027855e+00	4.663363e-04	5.579778e+02
1.182532e+03	9.273684e-01	4.132755e-04	7.111524e+02
1.359911e+03	8.354362e-01	3.630306e-04	9.079103e+02
1.563898e+03	7.517527e-01	3.194200e-04	1.160712e+03
1.798483e+03	6.761057e-01	2.784846e-04	1.485475e+03
2.068255e+03	6.081442e-01	2.442058e-04	1.902468e+03
2.378493e+03	5.471791e-01	2.129711e-04	2.437519e+03
2.735268e+03	4.923709e-01	1.872716e-04	3.123397e+03
3.145558e+03	4.433543e-01	1.642938e-04	4.001550e+03
3.617391e+03	3.998393e-01	1.440916e-04	5.124217e+03
4.160000e+03	3.611404e-01	1.266192e-04	6.556979e+03
4.784000e+03	3.267086e-01	1.100903e-04	8.381803e+03
5.501600e+03	2.962545e-01	9.785475e-05	1.070063e+04
6.326840e+03	2.693861e-01	8.574149e-05	1.363953e+04
7.275866e+03	2.456553e-01	7.448575e-05	1.735341e+04
8.367246e+03	2.247724e-01	6.561582e-05	2.203131e+04
9.622333e+03	2.064830e-01	5.627601e-05	2.790212e+04
