# Energy_MeV	dEdx_Elec_MeV_um	dEdx_Nucl_MeV_um	Range_um
1.000000e-05	2.451328e-03	4.540505e-02	4.321620e-03
1.150000e-05	2.655330e-03	4.999704e-02	4.634421e-03
1.322500e-05	2.873844e-03	5.474514e-02	4.969863e-03
1.520875e-05	3.107942e-03	6.006709e-02	5.329584e-03
1.749006e-05	3.358775e-03	6.593825e-02	5.715342e-03
2.011357e-05	3.627572e-03	7.217769e-02	6.129022e-03
2.313061e-05	3.915650e-03	7.911409e-02	6.572644e-03
2.660020e-05	4.224419e-03	8.641133e-02	7.048375e-03
3.059023e-05	4.555392e-03	9.439225e-02	7.558540e-03
3.517876e-05	4.910186e-03	1.029779e-01	8.105632e-03
4.045558e-05	5.290537e-03	1.120295e-01	8.692321e-03
4.652391e-05	5.698305e-03	1.220167e-01	9.321476e-03
5.350250e-05	6.135483e-03	1.325167e-01	9.996170e-03
6.152788e-05	6.604209e-03	1.436580e-01	1.071970e-02
7.075706e-05	7.106773e-03	1.554869e-01	1.149560e-02
8.137062e-05	7.645630e-03	1.683794e-01	1.232765e-02
9.357621e-05	8.223416e-03	1.819708e-01	1.321993e-02
1.076126e-04	8.842952e-03	1.967668e-01	1.417680e-02
1.237545e-04	9.507265e-03	2.116017e-01	1.520292e-02
1.423177e-04	1.021960e-02	2.274255e-01	1.630332e-02
1.636654e-04	1.098344e-02	2.444040e-01	1.748336e-02
1.882152e-04	1.180252e-02	2.619652e-01	1.874882e-02
2.164475e-04	1.268084e-02	2.809911e-01	2.010587e-02
2.489146e-04	1.362268e-02	2.999112e-01	2.156114e-02
2.862518e-04	1.463266e-02	3.203736e-01	2.312175e-02
3.291895e-04	1.571570e-02	3.404953e-01	2.479531e-02
3.785680e-04	1.687709e-02	3.610949e-01	2.659001e-02
4.353531e-04	1.812252e-02	3.828456e-01	2.851461e-02
5.006561e-04	1.945806e-02	4.041868e-01	3.057851e-02
5.757545e-04	2.089024e-02	4.269594e-01	3.279180e-02
6.621177e-04	2.242605e-02	4.472180e-01	3.516529e-02
7.614354e-04	2.407300e-02	4.690180e-01	3.771057e-02
8.756507e-04	2.583914e-02	4.916352e-01	4.044008e-02
1.006998e-03	2.773309e-02	5.129054e-01	4.336716e-02
1.158048e-03	2.976411e-02	5.350353e-01	4.650609e-02
1.331755e-03	3.194211e-02	5.538401e-01	4.987223e-02
1.531519e-03	3.427774e-02	5.735495e-01	5.348201e-02
1.761246e-03	3.678241e-02	5.932104e-01	5.735306e-02
2.025433e-03	3.946836e-02	6.110336e-01	6.150431e-02
2.329248e-03	4.234870e-02	6.289409e-01	6.595602e-02
2.678635e-03	4.543751e-02	6.444026e-01	7.072996e-02
3.080431e-03	4.874988e-02	6.591764e-01	7.584943e-02
3.542495e-03	5.230199e-02	6.726151e-01	8.133945e-02
4.073870e-03	5.611119e-02	6.840498e-01	8.722684e-02
4.684950e-03	6.019609e-02	6.951166e-01	9.350487e-02
5.387693e-03	6.457665e-02	7.043138e-01	1.002931e-01
6.195847e-03	6.927427e-02	7.119896e-01	1.075747e-01
7.125224e-03	7.431190e-02	7.182776e-01	1.153599e-01
8.194007e-03	7.971415e-02	7.236870e-01	1.237097e-01
9.423108e-03	8.550741e-02	7.275550e-01	1.326638e-01
1.083657e-02	9.171998e-02	7.306760e-01	1.422659e-01
1.246206e-02	9.838222e-02	7.310859e-01	1.525630e-01
1.433137e-02	1.055267e-01	7.303276e-01	1.636053e-01
1.648108e-02	1.131882e-01	7.281232e-01	1.754470e-01
1.895324e-02	1.214043e-01	7.241421e-01	1.881458e-01
2.179622e-02	1.302151e-01	7.188316e-01	2.017637e-01
2.506566e-02	1.396636e-01	7.111900e-01	2.163672e-01
2.882550e-02	1.497960e-01	7.019751e-01	2.320277e-01
3.314933e-02	1.606618e-01	6.907657e-01	2.488219e-01
3.812173e-02	1.723140e-01	6.778740e-01	2.668316e-01
4.383999e-02	1.848097e-01	6.630274e-01	2.861448e-01
5.041599e-02	1.982098e-01	6.466459e-01	3.068559e-01
5.797838e-02	2.125797e-01	6.283600e-01	3.290660e-01
6.667514e-02	2.279898e-01	6.096777e-01	3.528839e-01
7.667641e-02	2.445153e-01	5.888860e-01	3.784257e-01
8.817787e-02	2.622369e-01	5.663572e-01	4.058161e-01
1.014046e-01	2.812412e-01	5.433756e-01	4.351890e-01
1.166152e-01	3.016210e-01	5.188846e-01	4.666880e-01
1.341075e-01	3.234759e-01	4.957780e-01	5.004671e-01
1.542237e-01	3.469127e-01	4.709423e-01	5.366910e-01
1.773572e-01	3.720459e-01	4.452191e-01	5.755366e-01
2.039608e-01	3.989982e-01	4.201296e-01	6.171940e-01
2.345549e-01	4.279013e-01	3.943076e-01	6.618667e-01
2.697381e-01	4.588965e-01	3.699032e-01	7.097729e-01
3.101989e-01	4.921351e-01	3.456804e-01	7.611469e-01
3.567287e-01	5.277795e-01	3.220732e-01	8.162369e-01
4.102380e-01	5.660039e-01	3.000793e-01	8.753197e-01
4.717737e-01	6.069956e-01	2.778539e-01	9.386763e-01
5.425397e-01	6.509569e-01	2.569457e-01	1.007068e+00
6.239207e-01	6.981002e-01	2.377801e-01	1.081222e+00
7.175088e-01	7.486558e-01	2.193605e-01	1.161662e+00
8.251351e-01	8.028707e-01	2.012665e-01	1.249043e+00
9.489054e-01	8.610099e-01	1.861116e-01	1.344111e+00
1.091241e+00	9.233575e-01	1.716299e-01	1.447749e+00
1.254927e+00	1.003739e+00	1.594162e-01	1.540630e+00
1.443166e+00	1.101976e+00	1.458208e-01	1.568885e+00
1.659641e+00	1.204099e+00	1.302640e-01	1.594433e+00
1.908588e+00	1.318665e+00	1.169463e-01	1.617839e+00
2.194876e+00	1.445413e+00	1.039039e-01	1.639844e+00
2.524107e+00	1.585283e+00	9.409632e-02	1.661308e+00
2.902723e+00	1.743135e+00	8.433750e-02	1.683416e+00
3.338132e+00	1.916603e+00	7.620457e-02	1.707447e+00
3.838852e+00	2.108498e+00	6.889342e-02	1.734892e+00
4.414679e+00	2.318799e+00	6.173948e-02	1.767446e+00
5.076881e+00	2.524223e+00	5.569352e-02	1.807025e+00
5.838413e+00	2.747896e+00	4.968401e-02	1.855788e+00
6.714175e+00	2.990289e+00	4.509690e-02	1.916169e+00
7.721302e+00	3.237600e+00	4.048814e-02	1.990915e+00
8.879497e+00	3.488056e+00	3.608793e-02	2.083089e+00
1.021142e+01	3.709700e+00	3.223977e-02	2.196150e+00
1.174313e+01	3.934328e+00	2.863398e-02	2.333939e+00
1.350460e+01	4.118007e+00	2.581520e-02	2.500732e+00
1.553030e+01	4.292875e+00	2.304828e-02	2.701338e+00
1.785984e+01	4.462917e+00	2.046718e-02	2.941229e+00
2.053882e+01	4.585789e+00	1.819915e-02	3.226789e+00
2.361964e+01	4.701918e+00	1.609959e-02	3.565598e+00
2.716258e+01	4.782862e+00	1.432117e-02	3.966839e+00
3.123697e+01	4.843371e+00	1.271845e-02	4.441793e+00
3.592252e+01	4.891063e+00	1.128012e-02	5.004433e+00
4.131089e+01	4.896207e+00	1.006803e-02	5.672167e+00
4.750753e+01	4.885828e+00	8.926368e-03	6.466746e+00
5.463366e+01	4.840839e+00	7.917100e-03	7.415390e+00
6.282871e+01	4.784832e+00	7.071210e-03	8.552316e+00
7.225301e+01	4.717659e+00	6.293005e-03	9.920264e+00
8.309096e+01	4.618015e+00	5.575231e-03	1.157319e+01
9.555461e+01	4.687764e+00	4.953393e-03	1.358255e+01
1.098878e+02	4.458604e+00	4.331432e-03	1.606591e+01
1.263710e+02	4.208495e+00	3.875398e-03	1.911335e+01
1.453266e+02	3.959933e+00	3.433757e-03	2.287875e+01
1.671256e+02	3.716700e+00	3.032602e-03	2.754508e+01
1.921945e+02	3.495635e+00	2.691089e-03	3.330211e+01
2.210236e+02	3.266615e+00	2.348018e-03	4.041359e+01
2.541772e+02	3.041564e+00	2.084368e-03	4.925819e+01
2.923037e+02	2.823652e+00	1.825075e-03	6.030638e+01
3.361493e+02	2.614455e+00	1.614744e-03	7.416199e+01
3.865717e+02	2.415096e+00	1.434388e-03	9.160745e+01
4.445574e+02	2.224306e+00	1.259837e-03	1.136501e+02
5.112411e+02	2.041465e+00	1.118061e-03	1.415862e+02
5.879272e+02	1.867096e+00	9.800910e-04	1.771031e+02
6.761163e+02	1.701703e+00	8.765677e-04	2.224050e+02
7.775337e+02	1.547019e+00	7.749752e-04	2.803237e+02
8.941638e+02	1.405708e+00	6.801259e-04	3.544412e+02
1.028288e+03	1.274843e+00	5.976234e-04	4.493068e+02
1.182532e+03	1.153753e+00	5.235214e-04	5.709119e+02
1.359911e+03	1.042128e+00	4.656986e-04	7.269554e+02
1.563898e+03	9.396863e-01	4.102273e-04	9.273390e+02
1.798483e+03	8.462131e-01	3.594284e-04	1.184747e+03
2.068255e+03	7.615800e-01	3.148068e-04	1.515390e+03
2.378493e+03	6.854511e-01	2.748595e-04	1.939911e+03
2.735268e+03	6.170654e-01	2.408828e-04	2.484618e+03
3.145558e+03	5.554686e-01	2.112481e-04	3.182897e+03
3.617391e+03	5.003071e-01	1.848127e-04	4.076975e+03
4.160000e+03	4.513171e-01	1.628421e-04	5.220071e+03
4.784000e+03	4.077181e-01	1.425758e-04	6.678995e+03
5.501600e+03	3.688902e-01	1.246022e-04	8.537246e+03
6.326840e+03	3.345356e-01	1.100854e-04	1.089866e+04
7.275866e+03	3.042217e-01	9.668853e-05	1.389166e+04
8.367246e+03	2.774369e-01	8.439470e-05	1.767403e+04
9.622333e+03	2.538622e-01	7.405764e-05	2.243830e+04
