# Energy_MeV	dEdx_Elec_MeV_um	dEdx_Nucl_MeV_um	Range_um
1.000000e-05	6.717694e-03	4.095320e-02	2.977212e-03
1.150000e-05	7.203925e-03	4.533650e-02	3.192704e-03
1.322500e-05	7.725349e-03	5.018130e-02	3.423794e-03
1.520875e-05	8.284513e-03	5.554178e-02	3.671610e-03
1.749006e-05	8.884151e-03	6.132310e-02	3.937363e-03
2.011357e-05	9.527190e-03	6.779033e-02	4.222351e-03
2.313061e-05	1.021677e-02	7.481229e-02	4.527967e-03
2.660020e-05	1.095627e-02	8.245841e-02	4.855704e-03
3.059023e-05	1.174929e-02	9.071664e-02	5.207162e-03
3.517876e-05	1.259971e-02	9.990054e-02	5.584059e-03
4.045558e-05	1.351168e-02	1.100597e-01	5.988237e-03
4.652391e-05	1.448967e-02	1.210894e-01	6.421668e-03
5.350250e-05	1.553844e-02	1.329500e-01	6.886472e-03
6.152788e-05	1.666312e-02	1.457011e-01	7.384919e-03
7.075706e-05	1.786920e-02	1.598098e-01	7.919443e-03
8.137062e-05	1.916258e-02	1.752916e-01	8.492656e-03
9.357621e-05	2.054958e-02	1.920022e-01	9.107359e-03
1.076126e-04	2.203697e-02	2.100018e-01	9.766555e-03
1.237545e-04	2.363202e-02	2.296174e-01	1.047346e-02
1.423177e-04	2.534252e-02	2.504886e-01	1.123154e-02
1.636654e-04	2.717682e-02	2.727839e-01	1.204448e-02
1.882152e-04	2.914389e-02	2.968785e-01	1.291627e-02
2.164475e-04	3.125334e-02	3.228447e-01	1.385116e-02
2.489146e-04	3.351548e-02	3.509802e-01	1.485371e-02
2.862518e-04	3.594134e-02	3.795428e-01	1.592883e-02
3.291895e-04	3.854280e-02	4.103748e-01	1.708177e-02
3.785680e-04	4.133255e-02	4.450665e-01	1.831815e-02
4.353531e-04	4.432422e-02	4.805519e-01	1.964403e-02
5.006561e-04	4.753243e-02	5.187573e-01	2.106588e-02
5.757545e-04	5.097285e-02	5.569439e-01	2.259064e-02
6.621177e-04	5.466229e-02	5.976127e-01	2.422576e-02
7.614354e-04	5.861878e-02	6.429837e-01	2.597923e-02
8.756507e-04	6.286164e-02	6.886910e-01	2.785962e-02
1.006998e-03	6.741160e-02	7.371747e-01	2.987611e-02
1.158048e-03	7.229088e-02	7.862552e-01	3.203856e-02
1.331755e-03	7.752333e-02	8.373794e-01	3.435753e-02
1.531519e-03	8.313451e-02	8.904078e-01	3.684435e-02
1.761246e-03	8.915184e-02	9.425806e-01	3.951116e-02
2.025433e-03	9.560469e-02	9.980263e-01	4.237100e-02
2.329248e-03	1.025246e-01	1.053167e+00	4.543784e-02
2.678635e-03	1.099454e-01	1.107443e+00	4.872665e-02
3.080431e-03	1.179033e-01	1.160272e+00	5.225351e-02
3.542495e-03	1.264372e-01	1.215594e+00	5.603565e-02
4.073870e-03	1.355888e-01	1.272164e+00	6.009154e-02
4.684950e-03	1.454028e-01	1.327092e+00	6.444100e-02
5.387693e-03	1.559271e-01	1.378416e+00	6.910527e-02
6.195847e-03	1.672132e-01	1.426555e+00	7.410715e-02
7.125224e-03	1.793162e-01	1.475425e+00	7.947106e-02
8.194007e-03	1.922952e-01	1.523620e+00	8.522322e-02
9.423108e-03	2.062136e-01	1.568616e+00	9.138800e-02
1.083657e-02	2.211395e-01	1.609809e+00	9.801003e-02
1.246206e-02	2.371457e-01	1.649293e+00	1.051021e-01
1.433137e-02	2.543104e-01	1.683652e+00	1.127104e-01
1.648108e-02	2.727175e-01	1.714122e+00	1.208680e-01
1.895324e-02	2.924569e-01	1.742187e+00	1.296163e-01
2.179622e-02	3.136251e-01	1.767399e+00	1.389979e-01
2.506566e-02	3.363255e-01	1.790254e+00	1.490585e-01
2.882550e-02	3.606689e-01	1.805962e+00	1.598472e-01
3.314933e-02	3.867743e-01	1.819267e+00	1.714168e-01
3.812173e-02	4.147692e-01	1.832647e+00	1.838239e-01
4.383999e-02	4.447904e-01	1.840649e+00	1.971290e-01
5.041599e-02	4.769846e-01	1.845109e+00	2.113971e-01
5.797838e-02	5.115090e-01	1.843698e+00	2.266980e-01
6.667514e-02	5.485323e-01	1.838785e+00	2.431062e-01
7.667641e-02	5.882354e-01	1.831773e+00	2.607022e-01
8.817787e-02	6.308122e-01	1.819550e+00	2.795719e-01
1.014046e-01	6.764707e-01	1.802583e+00	2.998073e-01
1.166152e-01	7.254340e-01	1.780839e+00	3.215072e-01
1.341075e-01	7.779413e-01	1.754531e+00	3.447779e-01
1.542237e-01	8.342491e-01	1.723732e+00	3.697330e-01
1.773572e-01	8.946325e-01	1.688419e+00	3.964943e-01
2.039608e-01	9.593864e-01	1.648213e+00	4.251926e-01
2.345549e-01	1.028827e+00	1.604167e+00	4.559679e-01
2.697381e-01	1.103294e+00	1.557199e+00	4.889710e-01
3.101989e-01	1.183151e+00	1.507315e+00	5.243629e-01
3.567287e-01	1.268789e+00	1.452342e+00	5.623164e-01
4.102380e-01	1.360624e+00	1.394113e+00	6.030169e-01
4.717737e-01	1.459107e+00	1.333691e+00	6.466633e-01
5.425397e-01	1.564718e+00	1.273515e+00	6.934691e-01
6.239207e-01	1.677973e+00	1.213397e+00	7.436618e-01
7.175088e-01	1.799425e+00	1.149507e+00	7.974935e-01
8.251351e-01	1.929669e+00	1.084619e+00	8.551958e-01
9.489054e-01	2.052977e+00	1.020197e+00	9.172830e-01
1.091241e+00	2.178135e+00	9.575169e-01	9.845595e-01
1.254927e+00	2.308594e+00	8.942542e-01	1.057505e+00
1.443166e+00	2.443740e+00	8.349146e-01	1.136707e+00
1.659641e+00	2.582616e+00	7.786351e-01	1.222818e+00
1.908588e+00	2.723828e+00	7.228380e-01	1.316614e+00
2.194876e+00	1.439275e+00	6.688322e-01	1.419015e+00
2.524107e+00	1.583977e+00	6.154051e-01	1.531130e+00
2.902723e+00	1.739463e+00	5.707662e-01	1.654312e+00
3.338132e+00	1.911679e+00	5.270863e-01	1.790235e+00
3.838852e+00	2.094177e+00	4.807944e-01	1.940988e+00
4.414679e+00	2.297166e+00	4.446581e-01	2.109200e+00
5.076881e+00	2.516874e+00	4.150175e-01	2.298192e+00
5.838413e+00	2.753606e+00	3.828093e-01	2.512182e+00
6.714175e+00	3.016870e+00	3.458952e-01	2.475924e+00
7.721302e+00	3.288854e+00	3.055678e-01	2.403998e+00
8.879497e+00	3.584660e+00	2.728293e-01	2.344796e+00
1.021142e+01	3.897991e+00	2.459336e-01	2.299728e+00
1.174313e+01	4.251798e+00	2.218691e-01	2.270179e+00
1.350460e+01	4.653129e+00	2.001707e-01	2.257555e+00
1.553030e+01	5.085795e+00	1.800041e-01	2.263284e+00
1.785984e+01	5.562417e+00	1.625372e-01	2.288940e+00
2.053882e+01	6.084384e+00	1.459155e-01	2.336186e+00
2.361964e+01	6.616832e+00	1.307129e-01	2.406790e+00
2.716258e+01	7.199290e+00	1.179097e-01	2.502678e+00
3.123697e+01	7.797971e+00	1.065752e-01	2.626013e+00
3.592252e+01	8.407142e+00	9.535815e-02	2.779311e+00
4.131089e+01	9.029220e+00	8.482962e-02	2.965598e+00
4.750753e+01	9.574399e+00	7.544985e-02	3.188603e+00
5.463366e+01	1.013504e+01	6.760933e-02	3.452957e+00
6.282871e+01	1.063334e+01	6.077931e-02	3.764488e+00
7.225301e+01	1.109119e+01	5.410563e-02	4.130454e+00
8.309096e+01	1.152754e+01	4.795770e-02	4.559869e+00
9.555461e+01	1.179311e+01	4.250204e-02	5.063900e+00
1.098878e+02	1.206500e+01	3.779424e-02	5.656327e+00
1.263710e+02	1.233794e+01	3.340698e-02	6.354018e+00
1.453266e+02	1.252770e+01	2.970385e-02	7.178476e+00
1.671256e+02	1.266970e+01	2.652891e-02	8.153350e+00
1.921945e+02	1.339897e+01	2.357744e-02	9.327325e+00
2.210236e+02	1.305788e+01	2.092406e-02	1.074087e+01
2.541772e+02	1.269856e+01	1.846859e-02	1.243392e+01
2.923037e+02	1.226773e+01	1.657287e-02	1.448137e+01
3.361493e+02	1.189161e+01	1.483345e-02	1.694462e+01
3.865717e+02	1.144110e+01	1.301420e-02	1.989501e+01
4.445574e+02	1.095517e+01	1.146579e-02	2.345744e+01
5.112411e+02	1.046453e+01	1.013605e-02	2.778055e+01
5.879272e+02	9.973201e+00	9.049542e-03	3.305183e+01
6.761163e+02	9.498303e+00	8.080758e-03	3.950790e+01
7.775337e+02	9.027064e+00	7.076156e-03	4.745113e+01
8.941638e+02	8.548361e+00	6.219810e-03	5.726212e+01
1.028288e+03	8.064432e+00	5.487054e-03	6.942945e+01
1.182532e+03	7.573603e+00	4.834199e-03	8.458665e+01
1.359911e+03	7.090895e+00	4.275295e-03	1.035463e+02
1.563898e+03	6.624577e+00	3.768942e-03	1.273285e+02
1.798483e+03	6.176504e+00	3.341884e-03	1.572075e+02
2.068255e+03	5.737780e+00	2.946163e-03	1.948466e+02
2.378493e+03	5.310392e+00	2.589010e-03	2.424107e+02
2.735268e+03	4.900556e+00	2.303053e-03	3.026772e+02
3.145558e+03	4.510525e+00	2.052597e-03	3.792132e+02
3.617391e+03	4.142002e+00	1.805774e-03	4.765952e+02
4.160000e+03	3.795045e+00	1.581104e-03	6.006719e+02
4.784000e+03	3.469166e+00	1.384563e-03	7.589265e+02
5.501600e+03	3.166638e+00	1.224968e-03	9.609110e+02
6.326840e+03	2.888082e+00	1.087786e-03	1.218767e+03
7.275866e+03	2.631894e+00	9.537759e-04	1.547874e+03
8.367246e+03	2.397520e+00	8.337118e-04	1.967627e+03
9.622333e+03	2.185429e+00	7.284757e-04	2.502365e+03
