# Energy_MeV	dEdx_Elec_MeV_um	dEdx_Nucl_MeV_um	Range_um
1.000000e-05	5.732967e-03	4.122783e-02	3.488595e-03
1.150000e-05	6.147922e-03	4.559215e-02	3.741101e-03
1.322500e-05	6.592912e-03	5.036792e-02	4.011884e-03
1.520875e-05	7.070110e-03	5.564084e-02	4.302267e-03
1.749006e-05	7.581849e-03	6.144622e-02	4.613667e-03
2.011357e-05	8.130627e-03	6.763093e-02	4.947607e-03
2.313061e-05	8.719126e-03	7.441243e-02	5.305717e-03
2.660020e-05	9.350221e-03	8.203497e-02	5.689748e-03
3.059023e-05	1.002699e-02	9.028332e-02	6.101575e-03
3.517876e-05	1.075275e-02	9.933288e-02	6.543210e-03
4.045558e-05	1.153104e-02	1.089312e-01	7.016811e-03
4.652391e-05	1.236567e-02	1.193773e-01	7.524691e-03
5.350250e-05	1.326070e-02	1.310849e-01	8.069332e-03
6.152788e-05	1.422052e-02	1.436204e-01	8.653395e-03
7.075706e-05	1.524981e-02	1.573101e-01	9.279732e-03
8.137062e-05	1.635359e-02	1.719459e-01	9.951404e-03
9.357621e-05	1.753728e-02	1.879078e-01	1.067169e-02
1.076126e-04	1.880663e-02	2.050764e-01	1.144411e-02
1.237545e-04	2.016787e-02	2.230687e-01	1.227245e-02
1.423177e-04	2.162763e-02	2.428624e-01	1.316073e-02
1.636654e-04	2.319305e-02	2.639198e-01	1.411331e-02
1.882152e-04	2.487177e-02	2.865164e-01	1.513484e-02
2.164475e-04	2.667201e-02	3.099184e-01	1.623031e-02
2.489146e-04	2.860254e-02	3.351429e-01	1.740507e-02
2.862518e-04	3.067281e-02	3.629826e-01	1.866486e-02
3.291895e-04	3.289292e-02	3.921372e-01	2.001583e-02
3.785680e-04	3.527373e-02	4.225173e-01	2.146458e-02
4.353531e-04	3.782686e-02	4.537944e-01	2.301820e-02
5.006561e-04	4.056479e-02	4.869975e-01	2.468427e-02
5.757545e-04	4.350089e-02	5.232035e-01	2.647093e-02
6.621177e-04	4.664950e-02	5.605646e-01	2.838691e-02
7.614354e-04	5.002602e-02	5.991463e-01	3.044157e-02
8.756507e-04	5.364693e-02	6.395017e-01	3.264495e-02
1.006998e-03	5.752992e-02	6.802540e-01	3.500781e-02
1.158048e-03	6.169397e-02	7.221668e-01	3.754169e-02
1.331755e-03	6.615941e-02	7.647414e-01	4.025898e-02
1.531519e-03	7.094807e-02	8.086975e-01	4.317295e-02
1.761246e-03	7.608332e-02	8.538178e-01	4.629783e-02
2.025433e-03	8.159028e-02	8.959005e-01	4.964889e-02
2.329248e-03	8.749582e-02	9.383378e-01	5.324250e-02
2.678635e-03	9.382882e-02	9.841655e-01	5.709622e-02
3.080431e-03	1.006202e-01	1.028125e+00	6.122888e-02
3.542495e-03	1.079031e-01	1.071962e+00	6.566065e-02
4.073870e-03	1.157132e-01	1.111397e+00	7.041321e-02
4.684950e-03	1.240886e-01	1.149561e+00	7.550975e-02
5.387693e-03	1.330702e-01	1.189993e+00	8.097519e-02
6.195847e-03	1.427019e-01	1.226814e+00	8.683622e-02
7.125224e-03	1.530307e-01	1.262349e+00	9.312147e-02
8.194007e-03	1.641072e-01	1.294188e+00	9.983047e-02
9.423108e-03	1.759854e-01	1.324489e+00	1.070708e-01
1.083657e-02	1.887233e-01	1.352249e+00	1.148446e-01
1.246206e-02	2.023832e-01	1.374961e+00	1.231556e-01
1.433137e-02	2.170318e-01	1.397313e+00	1.320698e-01
1.648108e-02	2.327406e-01	1.416369e+00	1.416290e-01
1.895324e-02	2.495865e-01	1.432857e+00	1.518800e-01
2.179622e-02	2.676517e-01	1.445213e+00	1.628729e-01
2.506566e-02	2.870245e-01	1.455464e+00	1.746615e-01
2.882550e-02	3.077995e-01	1.464869e+00	1.873034e-01
3.314933e-02	3.300782e-01	1.470782e+00	2.008603e-01
3.812173e-02	3.539694e-01	1.472786e+00	2.153985e-01
4.383999e-02	3.795899e-01	1.471209e+00	2.309889e-01
5.041599e-02	4.070648e-01	1.466637e+00	2.477078e-01
5.797838e-02	4.365284e-01	1.459815e+00	2.656368e-01
6.667514e-02	4.681245e-01	1.449154e+00	2.848636e-01
7.667641e-02	5.020076e-01	1.434456e+00	3.054820e-01
8.817787e-02	5.383432e-01	1.416224e+00	3.275926e-01
1.014046e-01	5.773088e-01	1.394144e+00	3.513037e-01
1.166152e-01	6.190947e-01	1.368577e+00	3.767311e-01
1.341075e-01	6.639051e-01	1.339283e+00	4.039990e-01
1.542237e-01	7.119589e-01	1.306400e+00	4.332404e-01
1.773572e-01	7.634909e-01	1.270052e+00	4.645983e-01
2.039608e-01	8.187527e-01	1.232284e+00	4.982259e-01
2.345549e-01	8.780145e-01	1.191520e+00	5.342877e-01
2.697381e-01	9.415656e-01	1.145912e+00	5.729596e-01
3.101989e-01	1.009717e+00	1.099567e+00	6.144304e-01
3.567287e-01	1.082800e+00	1.050528e+00	6.589028e-01
4.102380e-01	1.161174e+00	1.003271e+00	7.065944e-01
4.717737e-01	1.245221e+00	9.548944e-01	7.577380e-01
5.425397e-01	1.335350e+00	9.019594e-01	8.125838e-01
6.239207e-01	1.432004e+00	8.513262e-01	8.713966e-01
7.175088e-01	1.535653e+00	7.995952e-01	9.344733e-01
8.251351e-01	1.644553e+00	7.502714e-01	1.002105e+00
9.489054e-01	1.745756e+00	7.009903e-01	1.075085e+00
1.091241e+00	1.851590e+00	6.525145e-01	1.154213e+00
1.254927e+00	1.961692e+00	6.090592e-01	1.240042e+00
1.443166e+00	2.075460e+00	5.639905e-01	1.333272e+00
1.659641e+00	2.191979e+00	5.218578e-01	1.434696e+00
1.908588e+00	1.159021e+00	4.816577e-01	1.545252e+00
2.194876e+00	1.262362e+00	4.456369e-01	1.666061e+00
2.524107e+00	1.392136e+00	4.104061e-01	1.798479e+00
2.902723e+00	1.526956e+00	3.760745e-01	1.944171e+00
3.338132e+00	1.677665e+00	3.482343e-01	2.105201e+00
3.838852e+00	1.842367e+00	3.243790e-01	2.284153e+00
4.414679e+00	2.020545e+00	2.976565e-01	2.419013e+00
5.076881e+00	2.219327e+00	2.669890e-01	2.380376e+00
5.838413e+00	2.431204e+00	2.369080e-01	2.345317e+00
6.714175e+00	2.666934e+00	2.117801e-01	2.315838e+00
7.721302e+00	2.925066e+00	1.911558e-01	2.293940e+00
8.879497e+00	3.204467e+00	1.718641e-01	2.281641e+00
1.021142e+01	3.518576e+00	1.551286e-01	2.280969e+00
1.174313e+01	3.870925e+00	1.399148e-01	2.294070e+00
1.350460e+01	4.259609e+00	1.260627e-01	2.323213e+00
1.553030e+01	4.685313e+00	1.132165e-01	2.370777e+00
1.785984e+01	5.122259e+00	1.011099e-01	2.439295e+00
2.053882e+01	5.595572e+00	9.151115e-02	2.531470e+00
2.361964e+01	6.051299e+00	8.264239e-02	2.650197e+00
2.716258e+01	6.526108e+00	7.337363e-02	2.798627e+00
3.123697e+01	7.021856e+00	6.550971e-02	2.980277e+00
3.592252e+01	7.454018e+00	5.819481e-02	3.199176e+00
4.131089e+01	7.893323e+00	5.236946e-02	3.460113e+00
4.750753e+01	8.265060e+00	4.706629e-02	3.768897e+00
5.463366e+01	8.612418e+00	4.155750e-02	4.132658e+00
6.282871e+01	8.947152e+00	3.698940e-02	4.560220e+00
7.225301e+01	9.191252e+00	3.273929e-02	5.062513e+00
8.309096e+01	9.412615e+00	2.915790e-02	5.653088e+00
9.555461e+01	9.535322e+00	2.586568e-02	6.348706e+00
1.098878e+02	9.655036e+00	2.288302e-02	7.170163e+00
1.263710e+02	9.779126e+00	2.049697e-02	8.142961e+00
1.453266e+02	9.796480e+00	1.814663e-02	9.299073e+00
1.671256e+02	1.039303e+01	1.612755e-02	1.067954e+01
1.921945e+02	1.009633e+01	1.433160e-02	1.235801e+01
2.210236e+02	9.731907e+00	1.283195e-02	1.438103e+01
2.541772e+02	9.362228e+00	1.143009e-02	1.683325e+01
2.923037e+02	8.969577e+00	1.005665e-02	1.981570e+01
3.361493e+02	8.610210e+00	8.855079e-03	2.342282e+01
3.865717e+02	8.202102e+00	7.858122e-03	2.778744e+01
4.445574e+02	7.787113e+00	7.005954e-03	3.310943e+01
5.112411e+02	7.374369e+00	6.220752e-03	3.962992e+01
5.879272e+02	6.967727e+00	5.463937e-03	4.765468e+01
6.761163e+02	6.576496e+00	4.801836e-03	5.757582e+01
7.775337e+02	6.188082e+00	4.239877e-03	6.989336e+01
8.941638e+02	5.800556e+00	3.723001e-03	8.524412e+01
1.028288e+03	5.416205e+00	3.292656e-03	1.044524e+02
1.182532e+03	5.036684e+00	2.915344e-03	1.285911e+02
1.359911e+03	4.669042e+00	2.578530e-03	1.590313e+02
1.563898e+03	4.323075e+00	2.275016e-03	1.974971e+02
1.798483e+03	3.991472e+00	1.993701e-03	2.461691e+02
2.068255e+03	3.672830e+00	1.779925e-03	3.079293e+02
2.378493e+03	3.369030e+00	1.584824e-03	3.864871e+02
2.735268e+03	3.082010e+00	1.381018e-03	4.866215e+02
3.145558e+03	2.813000e+00	1.215174e-03	6.144691e+02
3.617391e+03	2.562878e+00	1.062725e-03	7.778954e+02
4.160000e+03	2.330939e+00	9.452996e-04	9.869476e+02
4.784000e+03	2.116798e+00	8.391025e-04	1.254471e+03
5.501600e+03	1.920764e+00	7.295264e-04	1.596817e+03
6.326840e+03	1.742268e+00	6.402251e-04	2.034717e+03
7.275866e+03	1.580273e+00	5.585893e-04	2.594356e+03
8.367246e+03	1.434130e+00	4.910697e-04	3.308654e+03
9.622333e+03	1.303109e+00	4.299321e-04	4.218793e+03
