# Energy_MeV	dEdx_Elec_MeV_um	dEdx_Nucl_MeV_um	Range_um
1.000000e-05	6.012543e-03	3.310055e-02	3.326379e-03
1.150000e-05	6.447734e-03	3.668234e-02	3.567144e-03
1.322500e-05	6.914425e-03	4.072879e-02	3.825336e-03
1.520875e-05	7.414894e-03	4.522471e-02	4.102216e-03
1.749006e-05	7.951588e-03	5.012212e-02	4.399137e-03
2.011357e-05	8.527129e-03	5.554115e-02	4.717549e-03
2.313061e-05	9.144327e-03	6.150209e-02	5.059007e-03
2.660020e-05	9.806198e-03	6.804937e-02	5.425181e-03
3.059023e-05	1.051598e-02	7.518341e-02	5.817858e-03
3.517876e-05	1.127713e-02	8.304085e-02	6.238958e-03
4.045558e-05	1.209337e-02	9.173798e-02	6.690537e-03
4.652391e-05	1.296870e-02	1.012796e-01	7.174802e-03
5.350250e-05	1.390738e-02	1.113922e-01	7.694118e-03
6.152788e-05	1.491400e-02	1.225062e-01	8.251022e-03
7.075706e-05	1.599348e-02	1.351965e-01	8.848235e-03
8.137062e-05	1.715110e-02	1.486788e-01	9.488675e-03
9.357621e-05	1.839251e-02	1.635372e-01	1.017547e-02
1.076126e-04	1.972377e-02	1.791435e-01	1.091198e-02
1.237545e-04	2.115138e-02	1.962168e-01	1.170179e-02
1.423177e-04	2.268233e-02	2.156310e-01	1.254877e-02
1.636654e-04	2.432409e-02	2.360786e-01	1.345706e-02
1.882152e-04	2.608468e-02	2.584823e-01	1.443109e-02
2.164475e-04	2.797270e-02	2.824307e-01	1.547562e-02
2.489146e-04	2.999738e-02	3.083081e-01	1.659575e-02
2.862518e-04	3.216861e-02	3.362370e-01	1.779696e-02
3.291895e-04	3.449699e-02	3.656441e-01	1.908512e-02
3.785680e-04	3.699390e-02	3.980974e-01	2.046651e-02
4.353531e-04	3.967154e-02	4.324877e-01	2.194788e-02
5.006561e-04	4.254299e-02	4.686477e-01	2.353648e-02
5.757545e-04	4.562227e-02	5.063423e-01	2.524006e-02
6.621177e-04	4.892444e-02	5.483727e-01	2.706695e-02
7.614354e-04	5.246561e-02	5.935968e-01	2.902607e-02
8.756507e-04	5.626310e-02	6.403318e-01	3.112700e-02
1.006998e-03	6.033545e-02	6.893029e-01	3.337999e-02
1.158048e-03	6.470257e-02	7.391502e-01	3.579605e-02
1.331755e-03	6.938577e-02	7.944201e-01	3.838698e-02
1.531519e-03	7.440795e-02	8.529005e-01	4.116545e-02
1.761246e-03	7.979364e-02	9.123217e-01	4.414503e-02
2.025433e-03	8.556914e-02	9.747494e-01	4.734027e-02
2.329248e-03	9.176268e-02	1.039557e+00	5.076679e-02
2.678635e-03	9.840451e-02	1.105396e+00	5.444131e-02
3.080431e-03	1.055271e-01	1.171313e+00	5.838180e-02
3.542495e-03	1.131652e-01	1.239412e+00	6.260751e-02
4.073870e-03	1.213561e-01	1.310102e+00	6.713907e-02
4.684950e-03	1.301400e-01	1.381669e+00	7.199864e-02
5.387693e-03	1.395596e-01	1.447312e+00	7.720994e-02
6.195847e-03	1.496610e-01	1.514260e+00	8.279843e-02
7.125224e-03	1.604935e-01	1.589045e+00	8.879143e-02
8.194007e-03	1.721101e-01	1.657606e+00	9.521820e-02
9.423108e-03	1.845675e-01	1.726028e+00	1.021101e-01
1.083657e-02	1.979266e-01	1.786417e+00	1.095009e-01
1.246206e-02	2.122527e-01	1.845546e+00	1.174267e-01
1.433137e-02	2.276156e-01	1.910542e+00	1.258611e-01
1.648108e-02	2.440906e-01	1.967141e+00	1.350236e-01
1.895324e-02	2.617580e-01	2.021579e+00	1.448186e-01
2.179622e-02	2.807041e-01	2.070876e+00	1.553005e-01
2.506566e-02	3.010217e-01	2.116187e+00	1.665407e-01
2.882550e-02	3.228098e-01	2.157469e+00	1.785949e-01
3.314933e-02	3.461749e-01	2.192509e+00	1.915214e-01
3.812173e-02	3.712312e-01	2.226770e+00	2.053835e-01
4.383999e-02	3.981011e-01	2.255642e+00	2.202490e-01
5.041599e-02	4.269159e-01	2.278558e+00	2.361905e-01
5.797838e-02	4.578163e-01	2.295527e+00	2.532859e-01
6.667514e-02	4.909533e-01	2.312213e+00	2.716185e-01
7.667641e-02	5.264888e-01	2.325460e+00	2.912781e-01
8.817787e-02	5.645963e-01	2.331741e+00	3.123608e-01
1.014046e-01	6.054621e-01	2.332913e+00	3.349694e-01
1.166152e-01	6.492857e-01	2.327598e+00	3.592144e-01
1.341075e-01	6.962814e-01	2.319592e+00	3.852142e-01
1.542237e-01	7.466786e-01	2.306680e+00	4.130959e-01
1.773572e-01	8.007236e-01	2.286730e+00	4.429959e-01
2.039608e-01	8.586804e-01	2.261279e+00	4.750600e-01
2.345549e-01	9.208321e-01	2.229845e+00	5.094447e-01
2.697381e-01	9.874825e-01	2.192579e+00	5.463182e-01
3.101989e-01	1.058957e+00	2.149707e+00	5.858608e-01
3.567287e-01	1.135605e+00	2.100799e+00	6.282656e-01
4.102380e-01	1.217801e+00	2.046482e+00	6.737396e-01
4.717737e-01	1.305946e+00	1.987028e+00	7.225048e-01
5.425397e-01	1.400471e+00	1.925871e+00	7.747997e-01
6.239207e-01	1.501837e+00	1.859352e+00	8.308800e-01
7.175088e-01	1.610541e+00	1.784663e+00	8.910195e-01
8.251351e-01	1.727113e+00	1.710197e+00	9.555115e-01
9.489054e-01	1.852122e+00	1.631889e+00	1.024672e+00
1.091241e+00	1.986180e+00	1.557330e+00	1.098837e+00
1.254927e+00	2.129941e+00	1.480035e+00	1.178366e+00
1.443166e+00	2.275687e+00	1.394771e+00	1.263708e+00
1.659641e+00	2.415283e+00	1.314715e+00	1.355968e+00
1.908588e+00	2.561106e+00	1.233525e+00	1.456003e+00
2.194876e+00	2.712590e+00	1.155248e+00	1.564551e+00
2.524107e+00	2.868824e+00	1.078792e+00	1.682493e+00
2.902723e+00	3.028446e+00	1.004771e+00	1.810857e+00
3.338132e+00	3.189534e+00	9.357870e-01	1.950853e+00
3.838852e+00	3.349489e+00	8.650490e-01	2.103934e+00
4.414679e+00	1.819431e+00	7.985211e-01	2.271864e+00
5.076881e+00	1.997092e+00	7.381521e-01	2.456812e+00
5.838413e+00	2.192605e+00	6.839003e-01	2.661476e+00
6.714175e+00	2.410447e+00	6.256572e-01	2.889238e+00
7.721302e+00	2.641434e+00	5.742833e-01	3.144372e+00
8.879497e+00	2.898973e+00	5.363696e-01	3.432288e+00
1.021142e+01	3.177334e+00	4.974587e-01	3.759860e+00
1.174313e+01	3.475462e+00	4.527892e-01	4.135822e+00
1.350460e+01	3.804564e+00	4.014192e-01	4.001439e+00
1.553030e+01	4.123272e+00	3.561150e-01	3.847185e+00
1.785984e+01	4.484570e+00	3.212666e-01	3.725270e+00
2.053882e+01	4.891105e+00	2.895434e-01	3.636092e+00
2.361964e+01	5.325801e+00	2.605364e-01	3.580208e+00
2.716258e+01	5.808414e+00	2.345683e-01	3.558378e+00
3.123697e+01	6.327331e+00	2.120201e-01	3.571586e+00
3.592252e+01	6.898632e+00	1.909145e-01	3.620915e+00
4.131089e+01	7.513899e+00	1.709500e-01	3.708002e+00
4.750753e+01	8.169884e+00	1.530968e-01	3.834601e+00
5.463366e+01	8.892575e+00	1.387648e-01	4.002969e+00
6.282871e+01	9.598353e+00	1.251982e-01	4.216004e+00
7.225301e+01	1.032153e+01	1.106456e-01	4.477467e+00
8.309096e+01	1.103876e+01	9.873456e-02	4.792245e+00
9.555461e+01	1.169287e+01	8.792084e-02	5.166636e+00
1.098878e+02	1.236397e+01	7.923033e-02	5.608625e+00
1.263710e+02	1.292457e+01	7.116182e-02	6.128300e+00
1.453266e+02	1.341180e+01	6.262543e-02	6.738228e+00
1.671256e+02	1.381053e+01	5.568898e-02	7.453925e+00
1.921945e+02	1.420799e+01	4.937504e-02	8.294571e+00
2.210236e+02	1.460075e+01	4.385093e-02	9.283762e+00
2.541772e+02	1.484235e+01	3.894944e-02	1.044912e+01
2.923037e+02	1.622139e+01	3.461940e-02	1.183492e+01
3.361493e+02	1.598678e+01	3.093221e-02	1.350603e+01
3.865717e+02	1.564572e+01	2.736171e-02	1.549394e+01
4.445574e+02	1.526341e+01	2.423253e-02	1.788401e+01
5.112411e+02	1.485513e+01	2.162602e-02	2.075267e+01
5.879272e+02	1.443089e+01	1.944535e-02	2.417164e+01
6.761163e+02	1.390713e+01	1.713762e-02	2.826190e+01
7.775337e+02	1.336722e+01	1.504363e-02	3.318839e+01
8.941638e+02	1.281969e+01	1.331921e-02	3.915087e+01
1.028288e+03	1.227889e+01	1.182333e-02	4.639866e+01
1.182532e+03	1.175531e+01	1.060293e-02	5.524989e+01
1.359911e+03	1.121753e+01	9.312462e-03	6.610365e+01
1.563898e+03	1.066342e+01	8.161793e-03	7.946568e+01
1.798483e+03	1.009585e+01	7.214279e-03	9.598755e+01
2.068255e+03	9.523451e+00	6.353116e-03	1.165093e+02
2.378493e+03	8.954546e+00	5.595374e-03	1.420884e+02
2.735268e+03	8.414041e+00	4.932645e-03	1.740377e+02
3.145558e+03	7.876912e+00	4.379704e-03	2.140240e+02
3.617391e+03	7.345075e+00	3.872655e-03	2.642499e+02
4.160000e+03	6.827093e+00	3.404872e-03	3.275273e+02
4.784000e+03	6.327648e+00	3.001140e-03	4.074690e+02
5.501600e+03	5.848860e+00	2.683451e-03	5.087045e+02
6.326840e+03	5.393106e+00	2.385044e-03	6.371544e+02
7.275866e+03	4.961053e+00	2.070916e-03	8.003833e+02
8.367246e+03	4.554377e+00	1.820235e-03	1.008066e+03
9.622333e+03	4.174745e+00	1.598215e-03	1.272521e+03
