# Energy_MeV	dEdx_Elec_MeV_um	dEdx_Nucl_MeV_um	Range_um
1.000000e-05	2.962943e-03	4.279816e-02	4.250575e-03
1.150000e-05	3.210221e-03	4.675364e-02	4.558234e-03
1.322500e-05	3.475076e-03	5.095768e-02	4.888162e-03
1.520875e-05	3.758810e-03	5.549609e-02	5.241969e-03
1.749006e-05	4.062816e-03	6.044396e-02	5.621386e-03
2.011357e-05	4.388586e-03	6.563939e-02	6.028265e-03
2.313061e-05	4.737715e-03	7.111769e-02	6.464594e-03
2.660020e-05	5.111913e-03	7.698306e-02	6.932504e-03
3.059023e-05	5.513013e-03	8.355392e-02	7.434283e-03
3.517876e-05	5.942975e-03	9.010638e-02	7.972380e-03
4.045558e-05	6.403903e-03	9.741373e-02	8.549425e-03
4.652391e-05	6.898052e-03	1.047670e-01	9.168237e-03
5.350250e-05	7.427836e-03	1.125905e-01	9.831839e-03
6.152788e-05	7.995846e-03	1.213011e-01	1.054347e-02
7.075706e-05	8.604858e-03	1.297304e-01	1.130661e-02
8.137062e-05	9.257847e-03	1.391252e-01	1.212499e-02
9.357621e-05	9.958006e-03	1.486000e-01	1.300261e-02
1.076126e-04	1.070876e-02	1.585540e-01	1.394374e-02
1.237545e-04	1.151376e-02	1.687800e-01	1.495300e-02
1.423177e-04	1.237696e-02	1.788677e-01	1.603530e-02
1.636654e-04	1.330257e-02	1.897558e-01	1.719595e-02
1.882152e-04	1.429511e-02	2.003348e-01	1.844060e-02
2.164475e-04	1.535944e-02	2.112298e-01	1.977534e-02
2.489146e-04	1.650074e-02	2.215738e-01	2.120669e-02
2.862518e-04	1.772460e-02	2.327644e-01	2.274164e-02
3.291895e-04	1.903700e-02	2.437105e-01	2.438769e-02
3.785680e-04	2.044434e-02	2.541528e-01	2.615289e-02
4.353531e-04	2.195351e-02	2.651804e-01	2.804585e-02
5.006561e-04	2.357187e-02	2.744946e-01	3.007582e-02
5.757545e-04	2.530734e-02	2.848143e-01	3.225272e-02
6.621177e-04	2.716839e-02	2.942723e-01	3.458719e-02
7.614354e-04	2.916411e-02	3.030120e-01	3.709063e-02
8.756507e-04	3.130426e-02	3.121675e-01	3.977527e-02
1.006998e-03	3.359928e-02	3.198376e-01	4.265423e-02
1.158048e-03	3.606039e-02	3.273052e-01	4.574156e-02
1.331755e-03	3.869962e-02	3.337651e-01	4.905236e-02
1.531519e-03	4.152986e-02	3.397926e-01	5.260280e-02
1.761246e-03	4.456492e-02	3.453924e-01	5.641022e-02
2.025433e-03	4.781966e-02	3.499179e-01	6.049322e-02
2.329248e-03	5.130995e-02	3.537791e-01	6.486891e-02
2.678635e-03	5.505285e-02	3.569235e-01	6.956956e-02
3.080431e-03	5.906666e-02	3.600604e-01	7.460366e-02
3.542495e-03	6.337097e-02	3.616771e-01	8.000421e-02
4.073870e-03	6.798682e-02	3.631957e-01	8.579464e-02
4.684950e-03	7.293675e-02	3.635649e-01	9.200438e-02
5.387693e-03	7.824495e-02	3.632038e-01	9.866360e-02
6.195847e-03	8.393736e-02	3.624268e-01	1.058048e-01
7.125224e-03	9.004177e-02	3.602916e-01	1.134629e-01
8.194007e-03	9.658801e-02	3.576582e-01	1.216752e-01
9.423108e-03	1.036081e-01	3.540199e-01	1.304820e-01
1.083657e-02	1.111362e-01	3.494627e-01	1.399263e-01
1.246206e-02	1.192093e-01	3.440094e-01	1.500541e-01
1.433137e-02	1.278666e-01	3.376711e-01	1.609149e-01
1.648108e-02	1.371506e-01	3.303281e-01	1.725619e-01
1.895324e-02	1.471066e-01	3.223080e-01	1.850519e-01
2.179622e-02	1.577832e-01	3.134444e-01	1.984460e-01
2.506566e-02	1.692325e-01	3.041340e-01	2.128095e-01
2.882550e-02	1.815106e-01	2.936353e-01	2.282125e-01
3.314933e-02	1.946773e-01	2.827228e-01	2.447305e-01
3.812173e-02	2.087971e-01	2.714204e-01	2.624442e-01
4.383999e-02	2.239388e-01	2.593085e-01	2.814399e-01
5.041599e-02	2.401765e-01	2.479374e-01	3.018106e-01
5.797838e-02	2.575895e-01	2.351138e-01	3.236556e-01
6.667514e-02	2.762629e-01	2.227474e-01	3.470818e-01
7.667641e-02	2.962878e-01	2.104284e-01	3.722037e-01
8.817787e-02	3.177622e-01	1.973438e-01	3.991439e-01
1.014046e-01	3.407908e-01	1.853237e-01	4.280340e-01
1.166152e-01	3.654863e-01	1.731413e-01	4.590151e-01
1.341075e-01	3.919693e-01	1.617909e-01	4.922388e-01
1.542237e-01	4.203691e-01	1.504786e-01	5.278667e-01
1.773572e-01	4.508246e-01	1.392831e-01	5.660775e-01
2.039608e-01	4.834843e-01	1.290182e-01	6.070358e-01
2.345549e-01	5.185112e-01	1.194755e-01	6.511062e-01
2.697381e-01	5.560742e-01	1.103591e-01	6.988596e-01
3.101989e-01	5.963560e-01	1.006576e-01	7.506371e-01
3.567287e-01	6.395536e-01	9.392360e-02	8.068551e-01
4.102380e-01	6.858706e-01	8.676560e-02	8.513541e-01
4.717737e-01	7.355300e-01	7.977814e-02	8.739016e-01
5.425397e-01	7.937620e-01	7.288374e-02	9.019793e-01
6.239207e-01	8.728083e-01	6.513994e-02	9.290049e-01
7.175088e-01	9.585559e-01	5.925739e-02	9.550830e-01
8.251351e-01	1.053996e+00	5.277070e-02	9.804263e-01
9.489054e-01	1.157160e+00	4.750039e-02	1.005361e+00
1.091241e+00	1.272107e+00	4.272130e-02	1.030338e+00
1.254927e+00	1.396826e+00	3.840914e-02	1.055952e+00
1.443166e+00	1.528942e+00	3.476307e-02	1.082950e+00
1.659641e+00	1.674335e+00	3.110864e-02	1.112246e+00
1.908588e+00	1.815524e+00	2.809550e-02	1.144938e+00
2.194876e+00	1.958848e+00	2.522857e-02	1.182301e+00
2.524107e+00	2.093113e+00	2.281079e-02	1.225858e+00
2.902723e+00	2.236031e+00	2.032296e-02	1.277369e+00
3.338132e+00	2.390493e+00	1.823122e-02	1.338880e+00
3.838852e+00	2.515411e+00	1.634590e-02	1.412761e+00
4.414679e+00	2.633649e+00	1.446815e-02	1.501733e+00
5.076881e+00	2.737596e+00	1.309011e-02	1.608920e+00
5.838413e+00	2.813396e+00	1.157062e-02	1.737887e+00
6.714175e+00	2.884304e+00	1.035089e-02	1.892718e+00
7.721302e+00	2.936336e+00	9.239229e-03	2.078134e+00
8.879497e+00	2.976984e+00	8.123398e-03	2.299680e+00
1.021142e+01	3.004620e+00	7.252430e-03	2.563979e+00
1.174313e+01	3.009733e+00	6.419895e-03	2.879082e+00
1.350460e+01	3.006810e+00	5.735876e-03	3.254905e+00
1.553030e+01	2.986425e+00	5.092352e-03	3.703801e+00
1.785984e+01	2.953314e+00	4.504948e-03	4.241253e+00
2.053882e+01	2.907626e+00	4.009781e-03	4.886766e+00
2.361964e+01	2.845695e+00	3.576793e-03	5.664990e+00
2.716258e+01	2.773861e+00	3.193024e-03	6.607168e+00
3.123697e+01	2.691667e+00	2.796534e-03	7.752799e+00
3.592252e+01	2.598906e+00	2.511489e-03	9.153026e+00
4.131089e+01	2.493318e+00	2.199830e-03	1.086929e+01
4.750753e+01	2.407569e+00	1.966343e-03	1.300665e+01
5.463366e+01	2.248068e+00	1.743777e-03	1.567435e+01
6.282871e+01	2.087941e+00	1.522100e-03	1.899614e+01
7.225301e+01	1.930018e+00	1.365200e-03	2.316830e+01
8.309096e+01	1.792599e+00	1.191879e-03	2.839261e+01
9.555461e+01	1.656903e+00	1.055894e-03	3.491389e+01
1.098878e+02	1.524728e+00	9.290429e-04	4.310519e+01
1.263710e+02	1.398846e+00	8.181903e-04	5.343377e+01
1.453266e+02	1.279770e+00	7.261945e-04	6.650282e+01
1.671256e+02	1.168103e+00	6.365711e-04	8.309032e+01
1.921945e+02	1.063502e+00	5.660567e-04	1.042062e+02
2.210236e+02	9.657180e-01	4.997553e-04	1.311469e+02
2.541772e+02	8.745003e-01	4.451289e-04	1.655945e+02
2.923037e+02	7.893525e-01	3.892222e-04	2.097441e+02
3.361493e+02	7.113246e-01	3.447117e-04	2.664362e+02
3.865717e+02	6.405428e-01	3.043099e-04	3.392788e+02
4.445574e+02	5.766711e-01	2.651239e-04	4.328189e+02
5.112411e+02	5.184745e-01	2.370092e-04	5.529619e+02
5.879272e+02	4.656523e-01	2.059785e-04	7.073668e+02
6.761163e+02	4.179388e-01	1.822909e-04	9.058471e+02
7.775337e+02	3.749534e-01	1.604052e-04	1.160970e+03
8.941638e+02	3.363076e-01	1.390208e-04	1.488801e+03
1.028288e+03	3.017243e-01	1.223579e-04	1.909796e+03
1.182532e+03	2.708650e-01	1.068075e-04	2.450010e+03
1.359911e+03	2.433315e-01	9.432650e-05	3.142569e+03
1.563898e+03	2.187909e-01	8.257792e-05	4.029425e+03
1.798483e+03	1.970089e-01	7.212420e-05	5.163549e+03
2.068255e+03	1.776943e-01	6.329831e-05	6.611568e+03
2.378493e+03	1.605576e-01	5.582877e-05	8.456933e+03
2.735268e+03	1.453932e-01	0.000000e+00	1.080367e+04
3.145558e+03	1.320144e-01	0.000000e+00	1.378075e+04
3.617391e+03	1.202129e-01	0.000000e+00	1.754708e+04
4.160000e+03	1.098182e-01	0.000000e+00	2.229711e+04
4.784000e+03	1.006974e-01	0.000000e+00	2.826704e+04
5.501600e+03	9.270768e-02	0.000000e+00	3.574141e+04
6.326840e+03	8.571409e-02	0.000000e+00	4.505998e+04
7.275866e+03	7.962287e-02	0.000000e+00	5.662465e+04
8.367246e+03	7.434808e-02	0.000000e+00	7.090610e+04
9.622333e+03	6.979538e-02	0.000000e+00	8.844999e+04
