# Energy_MeV	dEdx_Elec_MeV_um	dEdx_Nucl_MeV_um	Range_um
1.000000e-05	6.426268e-03	3.440920e-02	3.112226e-03
1.150000e-05	6.891405e-03	3.813407e-02	3.337491e-03
1.322500e-05	7.390208e-03	4.236289e-02	3.579060e-03
1.520875e-05	7.925115e-03	4.701370e-02	3.838114e-03
1.749006e-05	8.498740e-03	5.210930e-02	4.115919e-03
2.011357e-05	9.113883e-03	5.772708e-02	4.413832e-03
2.313061e-05	9.773550e-03	6.391612e-02	4.733307e-03
2.660020e-05	1.048097e-02	7.071978e-02	5.075906e-03
3.059023e-05	1.123958e-02	7.811392e-02	5.443303e-03
3.517876e-05	1.205311e-02	8.629726e-02	5.837292e-03
4.045558e-05	1.292552e-02	9.530650e-02	6.259799e-03
4.652391e-05	1.386108e-02	1.051603e-01	6.712886e-03
5.350250e-05	1.486435e-02	1.156363e-01	7.198768e-03
6.152788e-05	1.594024e-02	1.272463e-01	7.719819e-03
7.075706e-05	1.709400e-02	1.403562e-01	8.278584e-03
8.137062e-05	1.833127e-02	1.543487e-01	8.877792e-03
9.357621e-05	1.965810e-02	1.696730e-01	9.520371e-03
1.076126e-04	2.108096e-02	1.858572e-01	1.020946e-02
1.237545e-04	2.260682e-02	2.036903e-01	1.094843e-02
1.423177e-04	2.424311e-02	2.237185e-01	1.174088e-02
1.636654e-04	2.599784e-02	2.449235e-01	1.259069e-02
1.882152e-04	2.787958e-02	2.680834e-01	1.350201e-02
2.164475e-04	2.989751e-02	2.929581e-01	1.447929e-02
2.489146e-04	3.206151e-02	3.197520e-01	1.552731e-02
2.862518e-04	3.438214e-02	3.484952e-01	1.665119e-02
3.291895e-04	3.687074e-02	3.790404e-01	1.785641e-02
3.785680e-04	3.953946e-02	4.125450e-01	1.914887e-02
4.353531e-04	4.240135e-02	4.482340e-01	2.053487e-02
5.006561e-04	4.547038e-02	4.853823e-01	2.202120e-02
5.757545e-04	4.876155e-02	5.244370e-01	2.361510e-02
6.621177e-04	5.229094e-02	5.683589e-01	2.532438e-02
7.614354e-04	5.607579e-02	6.146910e-01	2.715737e-02
8.756507e-04	6.013458e-02	6.630906e-01	2.912303e-02
1.006998e-03	6.448715e-02	7.131683e-01	3.123097e-02
1.158048e-03	6.915477e-02	7.647096e-01	3.349149e-02
1.331755e-03	7.416023e-02	8.224646e-01	3.591562e-02
1.531519e-03	7.952798e-02	8.821714e-01	3.851521e-02
1.761246e-03	8.528426e-02	9.435998e-01	4.130296e-02
2.025433e-03	9.145718e-02	1.007617e+00	4.429249e-02
2.329248e-03	9.807690e-02	1.073984e+00	4.749841e-02
2.678635e-03	1.051758e-01	1.142003e+00	5.093637e-02
3.080431e-03	1.127884e-01	1.209480e+00	5.462317e-02
3.542495e-03	1.209521e-01	1.280000e+00	5.857682e-02
4.073870e-03	1.297067e-01	1.352166e+00	6.281664e-02
4.684950e-03	1.390949e-01	1.424221e+00	6.736335e-02
5.387693e-03	1.491627e-01	1.491572e+00	7.223914e-02
6.195847e-03	1.599592e-01	1.561434e+00	7.746785e-02
7.125224e-03	1.715371e-01	1.637147e+00	8.307501e-02
8.194007e-03	1.839531e-01	1.707266e+00	8.908802e-02
9.423108e-03	1.972677e-01	1.776203e+00	9.553626e-02
1.083657e-02	2.115460e-01	1.837748e+00	1.024512e-01
1.246206e-02	2.268578e-01	1.899410e+00	1.098667e-01
1.433137e-02	2.432779e-01	1.964746e+00	1.178091e-01
1.648108e-02	2.608865e-01	2.022321e+00	1.263513e-01
1.895324e-02	2.797696e-01	2.077298e+00	1.354939e-01
2.179622e-02	3.000195e-01	2.127691e+00	1.453021e-01
2.506566e-02	3.217350e-01	2.173486e+00	1.558187e-01
2.882550e-02	3.450224e-01	2.214471e+00	1.670967e-01
3.314933e-02	3.699953e-01	2.250269e+00	1.791911e-01
3.812173e-02	3.967758e-01	2.284545e+00	1.921608e-01
4.383999e-02	4.254946e-01	2.313822e+00	2.060692e-01
5.041599e-02	4.562921e-01	2.336137e+00	2.209843e-01
5.797838e-02	4.893188e-01	2.353097e+00	2.369791e-01
6.667514e-02	5.247359e-01	2.370522e+00	2.541316e-01
7.667641e-02	5.627166e-01	2.382743e+00	2.725255e-01
8.817787e-02	6.034463e-01	2.388531e+00	2.922508e-01
1.014046e-01	6.471241e-01	2.388577e+00	3.134038e-01
1.166152e-01	6.939633e-01	2.382465e+00	3.360880e-01
1.341075e-01	7.441927e-01	2.374087e+00	3.604140e-01
1.542237e-01	7.980578e-01	2.359648e+00	3.865007e-01
1.773572e-01	8.558216e-01	2.338345e+00	4.144755e-01
2.039608e-01	9.177664e-01	2.311356e+00	4.444752e-01
2.345549e-01	9.841949e-01	2.278244e+00	4.766465e-01
2.697381e-01	1.055431e+00	2.239243e+00	5.111462e-01
3.101989e-01	1.131824e+00	2.194510e+00	5.481428e-01
3.567287e-01	1.213746e+00	2.143431e+00	5.878174e-01
4.102380e-01	1.301598e+00	2.087151e+00	6.303638e-01
4.717737e-01	1.395808e+00	2.026153e+00	6.759898e-01
5.425397e-01	1.496837e+00	1.962821e+00	7.249180e-01
6.239207e-01	1.605179e+00	1.893350e+00	7.773875e-01
7.175088e-01	1.721363e+00	1.816929e+00	8.336550e-01
8.251351e-01	1.845956e+00	1.740092e+00	8.939956e-01
9.489054e-01	1.979567e+00	1.660458e+00	9.587016e-01
1.091241e+00	2.122850e+00	1.583871e+00	1.028100e+00
1.254927e+00	2.276503e+00	1.503202e+00	1.102489e+00
1.443166e+00	2.418826e+00	1.416720e+00	1.182613e+00
1.659641e+00	2.565995e+00	1.334594e+00	1.269464e+00
1.908588e+00	2.719292e+00	1.251960e+00	1.363642e+00
2.194876e+00	2.877952e+00	1.171426e+00	1.465914e+00
2.524107e+00	3.040798e+00	1.093490e+00	1.577132e+00
2.902723e+00	3.206131e+00	1.018943e+00	1.698307e+00
3.338132e+00	3.371605e+00	9.479651e-01	1.830642e+00
3.838852e+00	3.534129e+00	8.762406e-01	1.975588e+00
4.414679e+00	1.913556e+00	8.079617e-01	2.134921e+00
5.076881e+00	2.104369e+00	7.475980e-01	2.310840e+00
5.838413e+00	2.310213e+00	6.921458e-01	2.506092e+00
6.714175e+00	2.537662e+00	6.312956e-01	2.724134e+00
7.721302e+00	2.788122e+00	5.815361e-01	2.969340e+00
8.879497e+00	3.057039e+00	5.437920e-01	3.247265e+00
1.021142e+01	3.356044e+00	5.031404e-01	3.564962e+00
1.174313e+01	3.670615e+00	4.564538e-01	3.863194e+00
1.350460e+01	4.000200e+00	4.027642e-01	3.685355e+00
1.553030e+01	4.348794e+00	3.586855e-01	3.540504e+00
1.785984e+01	4.737154e+00	3.238235e-01	3.428331e+00
2.053882e+01	5.170208e+00	2.919851e-01	3.348709e+00
2.361964e+01	5.627253e+00	2.630860e-01	3.301743e+00
2.716258e+01	6.132312e+00	2.364608e-01	3.287791e+00
3.123697e+01	6.697733e+00	2.138324e-01	3.307413e+00
3.592252e+01	7.289607e+00	1.921986e-01	3.361507e+00
4.131089e+01	7.947757e+00	1.722005e-01	3.451259e+00
4.750753e+01	8.656662e+00	1.546912e-01	3.578214e+00
5.463366e+01	9.388449e+00	1.401779e-01	3.744436e+00
6.282871e+01	1.018105e+01	1.260394e-01	3.952682e+00
7.225301e+01	1.089161e+01	1.115380e-01	4.206621e+00
8.309096e+01	1.163459e+01	9.950192e-02	4.511067e+00
9.555461e+01	1.234268e+01	8.875574e-02	4.872234e+00
1.098878e+02	1.297861e+01	7.998821e-02	5.297995e+00
1.263710e+02	1.361178e+01	7.158346e-02	5.798271e+00
1.453266e+02	1.402241e+01	6.308973e-02	6.385369e+00
1.671256e+02	1.446475e+01	5.608780e-02	7.074516e+00
1.921945e+02	1.492719e+01	4.975500e-02	7.884216e+00
2.210236e+02	1.524793e+01	4.412540e-02	8.838118e+00
2.541772e+02	1.691612e+01	3.919311e-02	9.962549e+00
2.923037e+02	1.676166e+01	3.490527e-02	1.131457e+01
3.361493e+02	1.645681e+01	3.114133e-02	1.293128e+01
3.865717e+02	1.612984e+01	2.755926e-02	1.486062e+01
4.445574e+02	1.569499e+01	2.437086e-02	1.718001e+01
5.112411e+02	1.532876e+01	2.179828e-02	1.995021e+01
5.879272e+02	1.482774e+01	1.958808e-02	2.324735e+01
6.761163e+02	1.428465e+01	1.717700e-02	2.720497e+01
7.775337e+02	1.372981e+01	1.511870e-02	3.197821e+01
8.941638e+02	1.316918e+01	1.337849e-02	3.776183e+01
1.028288e+03	1.263285e+01	1.190773e-02	4.480115e+01
1.182532e+03	1.209069e+01	1.067630e-02	5.340705e+01
1.359911e+03	1.152959e+01	9.327954e-03	6.396893e+01
1.563898e+03	1.095403e+01	8.198462e-03	7.698528e+01
1.798483e+03	1.036048e+01	7.242822e-03	9.310044e+01
2.068255e+03	9.769491e+00	6.383596e-03	1.131340e+02
2.378493e+03	9.196570e+00	5.634348e-03	1.381062e+02
2.735268e+03	8.636494e+00	4.956410e-03	1.692873e+02
3.145558e+03	8.079262e+00	4.407669e-03	2.083441e+02
3.617391e+03	7.530177e+00	3.885979e-03	2.574288e+02
4.160000e+03	6.997777e+00	3.419627e-03	3.193000e+02
4.784000e+03	6.485011e+00	3.026520e-03	3.974916e+02
5.501600e+03	5.993941e+00	2.705557e-03	4.965296e+02
6.326840e+03	5.526705e+00	2.394657e-03	6.221916e+02
7.275866e+03	5.084618e+00	2.082820e-03	7.818686e+02
8.367246e+03	4.669497e+00	1.830347e-03	9.849912e+02
9.622333e+03	4.282199e+00	1.610564e-03	1.243548e+03
