# Energy_MeV	dEdx_Elec_MeV_um	dEdx_Nucl_MeV_um	Range_um
1.000000e-05	5.437987e-03	4.686713e-02	3.677832e-03
1.150000e-05	2.949121e-03	5.163897e-02	3.944035e-03
1.322500e-05	3.198627e-03	5.655376e-02	4.229506e-03
1.520875e-05	3.465804e-03	6.207300e-02	4.535640e-03
1.749006e-05	3.751969e-03	6.816215e-02	4.863932e-03
2.011357e-05	4.058528e-03	7.456297e-02	5.215986e-03
2.313061e-05	4.386986e-03	8.179755e-02	5.593522e-03
2.660020e-05	4.738956e-03	8.931679e-02	5.998384e-03
3.059023e-05	5.116161e-03	9.764793e-02	6.432551e-03
3.517876e-05	5.520448e-03	1.065531e-01	6.898142e-03
4.045558e-05	5.953798e-03	1.158907e-01	7.397433e-03
4.652391e-05	6.418329e-03	1.263307e-01	7.932863e-03
5.350250e-05	6.916314e-03	1.371239e-01	8.507048e-03
6.152788e-05	7.450189e-03	1.488596e-01	9.122793e-03
7.075706e-05	8.022562e-03	1.610072e-01	9.783105e-03
8.137062e-05	8.636233e-03	1.743880e-01	1.049121e-02
9.357621e-05	9.294200e-03	1.885914e-01	1.125057e-02
1.076126e-04	9.999679e-03	2.037787e-01	1.206489e-02
1.237545e-04	1.075612e-02	2.195393e-01	1.293816e-02
1.423177e-04	1.156721e-02	2.358200e-01	1.387463e-02
1.636654e-04	1.243693e-02	2.535117e-01	1.487888e-02
1.882152e-04	1.336951e-02	2.719288e-01	1.595582e-02
2.164475e-04	1.436951e-02	2.914689e-01	1.711071e-02
2.489146e-04	1.544183e-02	3.115718e-01	1.834920e-02
2.862518e-04	1.659170e-02	3.326389e-01	1.967732e-02
3.291895e-04	1.782474e-02	3.538809e-01	2.110157e-02
3.785680e-04	1.914697e-02	3.757407e-01	2.262892e-02
4.353531e-04	2.056485e-02	3.981116e-01	2.426681e-02
5.006561e-04	2.208530e-02	4.208112e-01	2.602325e-02
5.757545e-04	2.371577e-02	4.444433e-01	2.790683e-02
6.621177e-04	2.546421e-02	4.661087e-01	2.992674e-02
7.614354e-04	2.733916e-02	4.891872e-01	3.209286e-02
8.756507e-04	2.934979e-02	5.131348e-01	3.441575e-02
1.006998e-03	3.150591e-02	5.349943e-01	3.690679e-02
1.158048e-03	3.381807e-02	5.589817e-01	3.957812e-02
1.331755e-03	3.629755e-02	5.786849e-01	4.244280e-02
1.531519e-03	3.895647e-02	5.997574e-01	4.551484e-02
1.761246e-03	4.180782e-02	6.208317e-01	4.880922e-02
2.025433e-03	4.486552e-02	6.390706e-01	5.234206e-02
2.329248e-03	4.814453e-02	6.588079e-01	5.613061e-02
2.678635e-03	5.166085e-02	6.748469e-01	6.019337e-02
3.080431e-03	5.543166e-02	6.910629e-01	6.455020e-02
3.542495e-03	5.947540e-02	7.054003e-01	6.922238e-02
4.073870e-03	6.381180e-02	7.175271e-01	7.420410e-02
4.684950e-03	6.846206e-02	7.298920e-01	7.959166e-02
5.387693e-03	7.344889e-02	7.393551e-01	8.537025e-02
6.195847e-03	7.879666e-02	7.481915e-01	9.154850e-02
7.125224e-03	8.453149e-02	7.547556e-01	9.817485e-02
8.194007e-03	9.068141e-02	7.607363e-01	1.052807e-01
9.423108e-03	9.727644e-02	7.652223e-01	1.129008e-01
1.083657e-02	1.043488e-01	7.684955e-01	1.210725e-01
1.246206e-02	1.119331e-01	7.696966e-01	1.298356e-01
1.433137e-02	1.200663e-01	7.690356e-01	1.392330e-01
1.648108e-02	1.287882e-01	7.671127e-01	1.493107e-01
1.895324e-02	1.381414e-01	7.633510e-01	1.601177e-01
2.179622e-02	1.481715e-01	7.579852e-01	1.717069e-01
2.506566e-02	1.589277e-01	7.505114e-01	1.841350e-01
2.882550e-02	1.704624e-01	7.411434e-01	1.974626e-01
3.314933e-02	1.828319e-01	7.297994e-01	2.117550e-01
3.812173e-02	1.960968e-01	7.166255e-01	2.270818e-01
4.383999e-02	2.103217e-01	7.014268e-01	2.435178e-01
5.041599e-02	2.255763e-01	6.845070e-01	2.611436e-01
5.797838e-02	2.419350e-01	6.655830e-01	2.800452e-01
6.667514e-02	2.594778e-01	6.462118e-01	3.003150e-01
7.667641e-02	2.782903e-01	6.245828e-01	3.220517e-01
8.817787e-02	2.984645e-01	6.009506e-01	3.453617e-01
1.014046e-01	3.200989e-01	5.774375e-01	3.703591e-01
1.166152e-01	3.432992e-01	5.511837e-01	3.971658e-01
1.341075e-01	3.681787e-01	5.273770e-01	4.259128e-01
1.542237e-01	3.948590e-01	5.011820e-01	4.567403e-01
1.773572e-01	4.234705e-01	4.739163e-01	4.897992e-01
2.039608e-01	4.541529e-01	4.482487e-01	5.252510e-01
2.345549e-01	4.870560e-01	4.201919e-01	5.632689e-01
2.697381e-01	5.223408e-01	3.951298e-01	6.040388e-01
3.101989e-01	5.601794e-01	3.690431e-01	6.477577e-01
3.567287e-01	6.007568e-01	3.441013e-01	6.946451e-01
4.102380e-01	6.442721e-01	3.210783e-01	7.449248e-01
4.717737e-01	6.909405e-01	2.968896e-01	7.992021e-01
5.425397e-01	7.409868e-01	2.754219e-01	8.580533e-01
6.239207e-01	7.946556e-01	2.543050e-01	9.218934e-01
7.175088e-01	8.522090e-01	2.352535e-01	9.912419e-01
8.251351e-01	9.139285e-01	2.159972e-01	1.066693e+00
9.489054e-01	9.801156e-01	1.992637e-01	1.148945e+00
1.091241e+00	1.065429e+00	1.841320e-01	1.238838e+00
1.254927e+00	1.169530e+00	1.706724e-01	1.302557e+00
1.443166e+00	1.277343e+00	1.565983e-01	1.318978e+00
1.659641e+00	1.397814e+00	1.406511e-01	1.333406e+00
1.908588e+00	1.530341e+00	1.260928e-01	1.346499e+00
2.194876e+00	1.675438e+00	1.123764e-01	1.359053e+00
2.524107e+00	1.838748e+00	1.013005e-01	1.371959e+00
2.902723e+00	2.018219e+00	9.093464e-02	1.386337e+00
3.338132e+00	2.218212e+00	8.216216e-02	1.403391e+00
3.838852e+00	2.439595e+00	7.408382e-02	1.424475e+00
4.414679e+00	2.660873e+00	6.658923e-02	1.451096e+00
5.076881e+00	2.903857e+00	6.000066e-02	1.484933e+00
5.838413e+00	3.168811e+00	5.351013e-02	1.527859e+00
6.714175e+00	3.442319e+00	4.860024e-02	1.581963e+00
7.721302e+00	3.723713e+00	4.358248e-02	1.649578e+00
8.879497e+00	3.978850e+00	3.881698e-02	1.733275e+00
1.021142e+01	4.240068e+00	3.488040e-02	1.835921e+00
1.174313e+01	4.459738e+00	3.076601e-02	1.960679e+00
1.350460e+01	4.670890e+00	2.785787e-02	2.111079e+00
1.553030e+01	4.878900e+00	2.483645e-02	2.291129e+00
1.785984e+01	5.033436e+00	2.203531e-02	2.505469e+00
2.053882e+01	5.181785e+00	1.971396e-02	2.759615e+00
2.361964e+01	5.290955e+00	1.733376e-02	3.060229e+00
2.716258e+01	5.377459e+00	1.549863e-02	3.415485e+00
3.123697e+01	5.451179e+00	1.371905e-02	3.835494e+00
3.592252e+01	5.475111e+00	1.217999e-02	4.332831e+00
4.131089e+01	5.481856e+00	1.088869e-02	4.923172e+00
4.750753e+01	5.447424e+00	9.614330e-03	5.626088e+00
5.463366e+01	5.401828e+00	8.575297e-03	6.466118e+00
6.282871e+01	5.345431e+00	7.618030e-03	7.473819e+00
7.225301e+01	5.249143e+00	6.809489e-03	8.687647e+00
8.309096e+01	5.440898e+00	6.034008e-03	1.015863e+01
9.555461e+01	5.193666e+00	5.354362e-03	1.197118e+01
1.098878e+02	4.920202e+00	4.701101e-03	1.418792e+01
1.263710e+02	4.647333e+00	4.182767e-03	1.691798e+01
1.453266e+02	4.378135e+00	3.719632e-03	2.028988e+01
1.671256e+02	4.132474e+00	3.284992e-03	2.443530e+01
1.921945e+02	3.874928e+00	2.910864e-03	2.953850e+01
2.210236e+02	3.620482e+00	2.547522e-03	3.586465e+01
2.541772e+02	3.372908e+00	2.254461e-03	4.374211e+01
2.923037e+02	3.134136e+00	1.974904e-03	5.359161e+01
3.361493e+02	2.905803e+00	1.750430e-03	6.595773e+01
3.865717e+02	2.685894e+00	1.548774e-03	8.154075e+01
4.445574e+02	2.473716e+00	1.364126e-03	1.012409e+02
5.112411e+02	2.270028e+00	1.209430e-03	1.262296e+02
5.879272e+02	2.075595e+00	1.058217e-03	1.580371e+02
6.761163e+02	1.892672e+00	9.483068e-04	1.986282e+02
7.775337e+02	1.724729e+00	8.370445e-04	2.504875e+02
8.941638e+02	1.568333e+00	7.338490e-04	3.167713e+02
1.028288e+03	1.422821e+00	6.493864e-04	4.016408e+02
1.182532e+03	1.287935e+00	5.640409e-04	5.104451e+02
1.359911e+03	1.163487e+00	5.043008e-04	6.500681e+02
1.563898e+03	1.049443e+00	4.433957e-04	8.293334e+02
1.798483e+03	9.458349e-01	3.880751e-04	1.059522e+03
2.068255e+03	8.523497e-01	3.423109e-04	1.355009e+03
2.378493e+03	7.681151e-01	2.967739e-04	1.734119e+03
2.735268e+03	6.920077e-01	2.616765e-04	2.220113e+03
3.145558e+03	6.236927e-01	2.285698e-04	2.842414e+03
3.617391e+03	5.629280e-01	2.002393e-04	3.638107e+03
4.160000e+03	5.087691e-01	1.767098e-04	4.653745e+03
4.784000e+03	4.604723e-01	1.539966e-04	5.947499e+03
5.501600e+03	4.177020e-01	1.354602e-04	7.591706e+03
6.326840e+03	3.799332e-01	1.189269e-04	9.675801e+03
7.275866e+03	3.465336e-01	1.049069e-04	1.230967e+04
8.367246e+03	3.171272e-01	9.167552e-05	1.562738e+04
9.622333e+03	2.913811e-01	8.032724e-05	1.979125e+04
