# Energy_MeV	dEdx_Elec_MeV_um	dEdx_Nucl_MeV_um	Range_um
1.000000e-05	8.929337e-04	1.712550e-02	2.239808e-02
1.150000e-05	9.575647e-04	1.821746e-02	2.401926e-02
1.322500e-05	1.026874e-03	1.933177e-02	2.575779e-02
1.520875e-05	1.101199e-03	2.051397e-02	2.762215e-02
1.749006e-05	1.180905e-03	2.168858e-02	2.962146e-02
2.011357e-05	1.266379e-03	2.289432e-02	3.176548e-02
2.313061e-05	1.358041e-03	2.400096e-02	3.406468e-02
2.660020e-05	1.456336e-03	2.523854e-02	3.653030e-02
3.059023e-05	1.561747e-03	2.650081e-02	3.917438e-02
3.517876e-05	1.674787e-03	2.762553e-02	4.200984e-02
4.045558e-05	1.796009e-03	2.880651e-02	4.505054e-02
4.652391e-05	1.926005e-03	2.988305e-02	4.831132e-02
5.350250e-05	2.065410e-03	3.099726e-02	5.180812e-02
6.152788e-05	2.214905e-03	3.213361e-02	5.555802e-02
7.075706e-05	2.375221e-03	3.308153e-02	5.957934e-02
8.137062e-05	2.547141e-03	3.406019e-02	6.389172e-02
9.357621e-05	2.731505e-03	3.498203e-02	6.851624e-02
1.076126e-04	2.929212e-03	3.580125e-02	7.347548e-02
1.237545e-04	3.141230e-03	3.657283e-02	7.879367e-02
1.423177e-04	3.368594e-03	3.724471e-02	8.449680e-02
1.636654e-04	3.612415e-03	3.791227e-02	9.061272e-02
1.882152e-04	3.873883e-03	3.845047e-02	9.717132e-02
2.164475e-04	4.154277e-03	3.887676e-02	1.042046e-01
2.489146e-04	4.454966e-03	3.927102e-02	1.117470e-01
2.862518e-04	4.777419e-03	3.964492e-02	1.198353e-01
3.291895e-04	5.123211e-03	3.988812e-02	1.285091e-01
3.785680e-04	5.494031e-03	4.004232e-02	1.378106e-01
4.353531e-04	5.891692e-03	4.011777e-02	1.477854e-01
5.006561e-04	6.318136e-03	4.012676e-02	1.584822e-01
5.757545e-04	6.775446e-03	4.006519e-02	1.699532e-01
6.621177e-04	7.265857e-03	3.988996e-02	1.822546e-01
7.614354e-04	7.791763e-03	3.960687e-02	1.953777e-01
8.756507e-04	8.355735e-03	3.924527e-02	2.095954e-01
1.006998e-03	8.960528e-03	3.879133e-02	2.247671e-01
1.158048e-03	9.609095e-03	3.822227e-02	2.410376e-01
1.331755e-03	1.030461e-02	3.756744e-02	2.584830e-01
1.531519e-03	1.105046e-02	3.679512e-02	2.771918e-01
1.761246e-03	1.185030e-02	3.594686e-02	2.972546e-01
2.025433e-03	1.270803e-02	3.500302e-02	3.187698e-01
2.329248e-03	1.362784e-02	3.401865e-02	3.418422e-01
2.678635e-03	1.461423e-02	3.289680e-02	3.665845e-01
3.080431e-03	1.567202e-02	3.168887e-02	3.931175e-01
3.542495e-03	1.680637e-02	3.049153e-02	4.215712e-01
4.073870e-03	1.802282e-02	2.919871e-02	4.520845e-01
4.684950e-03	1.932732e-02	2.793762e-02	4.848062e-01
5.387693e-03	2.072624e-02	2.657229e-02	5.198963e-01
6.195847e-03	2.222642e-02	2.514234e-02	5.575261e-01
7.125224e-03	2.396145e-02	2.382824e-02	5.947292e-01
8.194007e-03	2.704824e-02	2.243348e-02	6.058862e-01
9.423108e-03	3.045537e-02	2.104882e-02	6.188192e-01
1.083657e-02	3.423219e-02	1.973744e-02	6.331265e-01
1.246206e-02	3.842726e-02	1.843086e-02	6.486096e-01
1.433137e-02	4.308794e-02	1.719696e-02	6.652191e-01
1.648108e-02	4.826006e-02	1.592433e-02	6.830152e-01
1.895324e-02	5.398761e-02	1.475401e-02	7.021368e-01
2.179622e-02	6.031272e-02	1.372509e-02	7.227773e-01
2.506566e-02	6.727567e-02	1.267059e-02	7.451660e-01
2.882550e-02	7.491521e-02	1.157765e-02	7.695536e-01
3.314933e-02	8.326899e-02	1.075346e-02	7.962022e-01
3.812173e-02	9.237424e-02	1.001711e-02	8.253790e-01
4.383999e-02	1.022687e-01	9.190062e-03	8.573517e-01
5.041599e-02	1.129919e-01	8.332364e-03	8.923845e-01
5.797838e-02	1.245866e-01	7.499054e-03	9.307382e-01
6.667514e-02	1.371007e-01	6.859917e-03	9.726333e-01
7.667641e-02	1.496599e-01	6.197939e-03	1.018465e+00
8.817787e-02	1.623772e-01	5.565701e-03	1.068995e+00
1.014046e-01	8.799751e-02	4.966600e-03	1.124563e+00
1.166152e-01	9.684811e-02	4.484295e-03	1.185474e+00
1.341075e-01	1.061958e-01	4.049695e-03	1.252006e+00
1.542237e-01	1.160402e-01	3.629719e-03	1.324430e+00
1.773572e-01	1.263806e-01	3.268500e-03	1.402991e+00
2.039608e-01	1.372150e-01	2.937477e-03	1.487914e+00
2.345549e-01	1.485372e-01	2.665943e-03	1.579411e+00
2.697381e-01	1.603336e-01	2.377555e-03	1.677702e+00
3.101989e-01	1.725798e-01	2.114510e-03	1.783066e+00
3.567287e-01	1.852362e-01	1.907484e-03	1.895908e+00
4.102380e-01	1.982440e-01	1.705542e-03	2.016864e+00
4.717737e-01	2.115197e-01	1.528154e-03	2.146954e+00
5.425397e-01	2.249452e-01	1.362665e-03	2.287774e+00
6.239207e-01	2.383535e-01	1.203242e-03	2.441731e+00
7.175088e-01	2.515093e-01	1.081622e-03	2.612333e+00
8.251351e-01	2.640909e-01	9.613600e-04	2.804512e+00
9.489054e-01	2.756845e-01	8.488292e-04	3.025010e+00
1.091241e+00	2.858009e-01	7.577685e-04	3.282814e+00
1.254927e+00	2.939176e-01	6.721505e-04	3.589659e+00
1.443166e+00	2.995396e-01	5.994769e-04	3.960620e+00
1.659641e+00	3.022632e-01	5.290568e-04	4.414834e+00
1.908588e+00	3.018293e-01	4.693701e-04	4.976391e+00
2.194876e+00	2.981559e-01	4.222527e-04	5.675462e+00
2.524107e+00	2.913515e-01	3.748741e-04	6.549702e+00
2.902723e+00	2.817077e-01	3.288044e-04	7.646006e+00
3.338132e+00	2.696721e-01	2.928873e-04	9.022682e+00
3.838852e+00	2.558016e-01	2.602652e-04	1.075218e+01
4.414679e+00	2.406979e-01	2.319514e-04	1.292457e+01
5.076881e+00	2.249395e-01	2.052182e-04	1.565220e+01
5.838413e+00	2.090232e-01	1.795055e-04	1.907606e+01
6.714175e+00	1.933295e-01	1.594583e-04	2.337442e+01
7.721302e+00	1.781165e-01	1.413552e-04	2.877473e+01
8.879497e+00	1.635368e-01	1.247516e-04	3.556918e+01
1.021142e+01	1.496691e-01	1.094361e-04	4.413454e+01
1.174313e+01	1.365460e-01	9.670210e-05	5.496227e+01
1.350460e+01	1.241859e-01	8.575326e-05	6.866623e+01
1.553030e+01	1.111867e-01	7.521603e-05	8.617936e+01
1.785984e+01	1.003746e-01	6.657077e-05	1.086653e+02
2.053882e+01	9.001574e-02	5.886014e-05	1.373663e+02
2.361964e+01	8.060968e-02	5.258300e-05	1.742390e+02
2.716258e+01	7.265171e-02	4.605819e-05	2.214261e+02
3.123697e+01	6.552427e-02	0.000000e+00	2.814532e+02
3.592252e+01	5.896147e-02	0.000000e+00	3.579640e+02
4.131089e+01	5.299926e-02	0.000000e+00	4.556072e+02
4.750753e+01	4.760030e-02	0.000000e+00	5.803425e+02
5.463366e+01	4.272227e-02	0.000000e+00	7.398150e+02
6.282871e+01	3.831359e-02	0.000000e+00	9.439260e+02
7.225301e+01	3.434864e-02	0.000000e+00	1.205359e+03
8.309096e+01	3.076869e-02	0.000000e+00	1.540493e+03
9.555461e+01	2.752701e-02	0.000000e+00	1.970635e+03
1.098878e+02	2.461899e-02	0.000000e+00	2.523386e+03
1.263710e+02	2.202253e-02	0.000000e+00	3.233864e+03
1.453266e+02	1.972622e-02	0.000000e+00	4.146271e+03
1.671256e+02	1.766326e-02	0.000000e+00	5.317533e+03
1.921945e+02	1.581151e-02	0.000000e+00	6.821861e+03
2.210236e+02	1.415332e-02	0.000000e+00	8.754242e+03
2.541772e+02	1.267073e-02	0.000000e+00	1.123646e+04
2.923037e+02	1.134734e-02	0.000000e+00	1.442434e+04
3.361493e+02	1.016882e-02	0.000000e+00	1.851641e+04
3.865717e+02	9.119051e-03	0.000000e+00	2.376570e+04
4.445574e+02	8.185140e-03	0.000000e+00	3.049420e+04
5.112411e+02	7.355463e-03	0.000000e+00	3.911003e+04
5.879272e+02	6.619165e-03	0.000000e+00	5.012891e+04
6.761163e+02	5.966256e-03	0.000000e+00	6.420000e+04
7.775337e+02	5.387760e-03	0.000000e+00	8.213707e+04
8.941638e+02	4.875933e-03	0.000000e+00	1.049553e+05
1.028288e+03	4.423956e-03	0.000000e+00	1.339146e+05
1.182532e+03	4.025271e-03	0.000000e+00	1.705688e+05
1.359911e+03	3.674075e-03	0.000000e+00	2.168220e+05
1.563898e+03	3.365434e-03	0.000000e+00	2.749895e+05
1.798483e+03	3.094950e-03	0.000000e+00	3.478645e+05
2.068255e+03	2.858667e-03	0.000000e+00	4.387878e+05
2.378493e+03	2.652970e-03	0.000000e+00	5.517174e+05
2.735268e+03	2.474593e-03	0.000000e+00	6.912971e+05
3.145558e+03	2.320614e-03	0.000000e+00	8.629192e+05
3.617391e+03	2.188467e-03	0.000000e+00	1.072782e+06
4.160000e+03	2.075919e-03	0.000000e+00	1.327937e+06
4.784000e+03	1.980968e-03	0.000000e+00	1.636340e+06
5.501600e+03	1.901813e-03	0.000000e+00	2.006819e+06
6.326840e+03	1.832489e-03	0.000000e+00	2.449691e+06
7.275866e+03	1.774267e-03	0.000000e+00	2.808730e+06
8.367246e+03	1.727460e-03	0.000000e+00	2.808730e+06
9.622333e+03	1.690798e-03	0.000000e+00	2.808730e+06
