# Energy_MeV	dEdx_Elec_MeV_um	dEdx_Nucl_MeV_um	Range_um
1.000000e-05	6.290277e-03	3.555563e-02	3.179510e-03
1.150000e-05	6.745571e-03	3.951457e-02	3.409645e-03
1.322500e-05	7.233819e-03	4.383266e-02	3.656437e-03
1.520875e-05	7.757406e-03	4.858836e-02	3.921091e-03
1.749006e-05	8.318892e-03	5.381280e-02	4.204902e-03
2.011357e-05	8.921017e-03	5.956693e-02	4.509255e-03
2.313061e-05	9.566725e-03	6.592165e-02	4.835637e-03
2.660020e-05	1.025917e-02	7.279795e-02	5.185643e-03
3.059023e-05	1.100173e-02	8.044077e-02	5.560983e-03
3.517876e-05	1.179805e-02	8.881520e-02	5.963490e-03
4.045558e-05	1.265199e-02	9.793661e-02	6.395131e-03
4.652391e-05	1.356775e-02	1.076990e-01	6.858014e-03
5.350250e-05	1.454979e-02	1.185652e-01	7.354400e-03
6.152788e-05	1.560292e-02	1.307200e-01	7.886716e-03
7.075706e-05	1.673226e-02	1.437578e-01	8.457560e-03
8.137062e-05	1.794335e-02	1.579505e-01	9.069723e-03
9.357621e-05	1.924210e-02	1.730194e-01	9.726194e-03
1.076126e-04	2.063486e-02	1.897091e-01	1.043018e-02
1.237545e-04	2.212842e-02	2.082561e-01	1.118512e-02
1.423177e-04	2.373008e-02	2.280039e-01	1.199471e-02
1.636654e-04	2.544768e-02	2.494930e-01	1.286289e-02
1.882152e-04	2.728960e-02	2.726821e-01	1.379391e-02
2.164475e-04	2.926483e-02	2.975679e-01	1.479233e-02
2.489146e-04	3.138304e-02	3.241636e-01	1.586300e-02
2.862518e-04	3.365456e-02	3.526395e-01	1.701117e-02
3.291895e-04	3.609049e-02	3.836886e-01	1.824245e-02
3.785680e-04	3.870274e-02	4.169420e-01	1.956285e-02
4.353531e-04	4.150406e-02	4.512212e-01	2.097882e-02
5.006561e-04	4.450815e-02	4.875832e-01	2.249728e-02
5.757545e-04	4.772967e-02	5.287008e-01	2.412564e-02
6.621177e-04	5.118437e-02	5.713777e-01	2.587187e-02
7.614354e-04	5.488912e-02	6.164017e-01	2.774449e-02
8.756507e-04	5.886203e-02	6.624464e-01	2.975265e-02
1.006998e-03	6.312249e-02	7.103553e-01	3.190616e-02
1.158048e-03	6.769133e-02	7.644221e-01	3.421555e-02
1.331755e-03	7.259087e-02	8.192604e-01	3.669209e-02
1.531519e-03	7.784503e-02	8.763357e-01	3.934788e-02
1.761246e-03	8.347950e-02	9.353529e-01	4.219590e-02
2.025433e-03	8.952179e-02	9.963930e-01	4.525006e-02
2.329248e-03	9.600142e-02	1.059662e+00	4.852529e-02
2.678635e-03	1.029501e-01	1.121784e+00	5.203757e-02
3.080431e-03	1.104016e-01	1.187388e+00	5.580408e-02
3.542495e-03	1.183926e-01	1.253667e+00	5.984321e-02
4.073870e-03	1.269619e-01	1.319128e+00	6.417469e-02
4.684950e-03	1.361514e-01	1.381372e+00	6.881969e-02
5.387693e-03	1.460062e-01	1.446720e+00	7.380089e-02
6.195847e-03	1.565742e-01	1.515709e+00	7.914264e-02
7.125224e-03	1.679071e-01	1.580383e+00	8.487103e-02
8.194007e-03	1.800603e-01	1.642964e+00	9.101404e-02
9.423108e-03	1.930932e-01	1.699587e+00	9.760168e-02
1.083657e-02	2.070693e-01	1.757243e+00	1.046661e-01
1.246206e-02	2.220571e-01	1.816424e+00	1.121851e-01
1.433137e-02	2.381297e-01	1.869311e+00	1.203551e-01
1.648108e-02	2.553657e-01	1.919326e+00	1.290813e-01
1.895324e-02	2.738492e-01	1.965795e+00	1.384244e-01
2.179622e-02	2.936705e-01	2.007476e+00	1.484430e-01
2.506566e-02	3.149266e-01	2.044337e+00	1.591873e-01
2.882550e-02	3.377211e-01	2.077314e+00	1.707091e-01
3.314933e-02	3.621656e-01	2.108245e+00	1.830648e-01
3.812173e-02	3.883793e-01	2.135081e+00	1.963150e-01
4.383999e-02	4.164904e-01	2.154750e+00	2.105242e-01
5.041599e-02	4.466362e-01	2.170142e+00	2.257618e-01
5.797838e-02	4.789640e-01	2.186449e+00	2.421023e-01
6.667514e-02	5.136316e-01	2.196673e+00	2.596255e-01
7.667641e-02	5.508085e-01	2.201593e+00	2.784172e-01
8.817787e-02	5.906764e-01	2.200759e+00	2.985690e-01
1.014046e-01	6.334298e-01	2.194675e+00	3.201793e-01
1.166152e-01	6.792778e-01	2.186830e+00	3.433537e-01
1.341075e-01	7.284443e-01	2.172604e+00	3.682057e-01
1.542237e-01	7.811695e-01	2.152371e+00	3.948564e-01
1.773572e-01	8.377110e-01	2.126815e+00	4.234361e-01
2.039608e-01	8.983449e-01	2.095638e+00	4.540843e-01
2.345549e-01	9.633676e-01	2.059096e+00	4.869509e-01
2.697381e-01	1.033097e+00	2.017277e+00	5.221965e-01
3.101989e-01	1.107873e+00	1.969472e+00	5.599933e-01
3.567287e-01	1.188061e+00	1.917150e+00	6.005256e-01
4.102380e-01	1.274054e+00	1.860897e+00	6.439916e-01
4.717737e-01	1.366270e+00	1.801974e+00	6.906038e-01
5.425397e-01	1.465162e+00	1.736960e+00	7.405900e-01
6.239207e-01	1.571211e+00	1.666668e+00	7.941942e-01
7.175088e-01	1.684936e+00	1.595372e+00	8.516779e-01
8.251351e-01	1.806892e+00	1.522508e+00	9.133227e-01
9.489054e-01	1.937676e+00	1.451650e+00	9.794299e-01
1.091241e+00	2.077926e+00	1.376190e+00	1.050312e+00
1.254927e+00	2.218529e+00	1.297215e+00	1.126403e+00
1.443166e+00	2.354481e+00	1.221340e+00	1.208703e+00
1.659641e+00	2.496448e+00	1.145649e+00	1.297937e+00
1.908588e+00	2.643860e+00	1.071069e+00	1.394777e+00
2.194876e+00	2.795804e+00	9.995676e-01	1.500007e+00
2.524107e+00	2.950922e+00	9.317911e-01	1.614552e+00
2.902723e+00	3.107306e+00	8.660740e-01	1.739497e+00
3.338132e+00	1.637002e+00	8.005781e-01	1.876149e+00
3.838852e+00	1.801634e+00	7.374702e-01	2.026095e+00
4.414679e+00	1.977980e+00	6.829776e-01	2.191288e+00
5.076881e+00	2.171008e+00	6.318708e-01	2.374159e+00
5.838413e+00	2.387232e+00	5.749057e-01	2.577758e+00
6.714175e+00	2.615026e+00	5.312711e-01	2.805940e+00
7.721302e+00	2.868853e+00	4.971366e-01	3.063586e+00
8.879497e+00	3.144699e+00	4.590831e-01	3.356895e+00
1.021142e+01	3.437552e+00	4.153744e-01	3.519457e+00
1.174313e+01	3.760258e+00	3.653986e-01	3.380688e+00
1.350460e+01	4.076596e+00	3.266944e-01	3.266755e+00
1.553030e+01	4.435769e+00	2.946539e-01	3.178456e+00
1.785984e+01	4.841663e+00	2.658283e-01	3.116622e+00
2.053882e+01	5.276198e+00	2.397892e-01	3.082182e+00
2.361964e+01	5.760955e+00	2.154427e-01	3.076210e+00
2.716258e+01	6.283912e+00	1.949142e-01	3.099864e+00
3.123697e+01	6.853179e+00	1.747099e-01	3.154621e+00
3.592252e+01	7.468485e+00	1.566940e-01	3.242088e+00
4.131089e+01	8.116260e+00	1.410782e-01	3.364154e+00
4.750753e+01	8.823573e+00	1.277841e-01	3.523109e+00
5.463366e+01	9.515679e+00	1.145690e-01	3.721811e+00
6.282871e+01	1.020813e+01	1.015275e-01	3.963897e+00
7.225301e+01	1.090397e+01	9.053078e-02	4.254024e+00
8.309096e+01	1.152214e+01	8.088651e-02	4.598133e+00
9.555461e+01	1.215338e+01	7.288099e-02	5.003692e+00
1.098878e+02	1.269114e+01	6.502714e-02	5.480148e+00
1.263710e+02	1.313722e+01	5.739806e-02	6.039192e+00
1.453266e+02	1.351777e+01	5.100691e-02	6.695269e+00
1.671256e+02	1.389228e+01	4.527373e-02	7.466199e+00
1.921945e+02	1.424971e+01	4.009727e-02	8.374066e+00
2.210236e+02	1.447864e+01	3.561942e-02	9.444193e+00
2.541772e+02	1.555018e+01	3.177526e-02	1.071977e+01
2.923037e+02	1.529140e+01	2.831244e-02	1.225839e+01
3.361493e+02	1.493936e+01	2.506716e-02	1.409018e+01
3.865717e+02	1.454248e+01	2.213628e-02	1.629605e+01
4.445574e+02	1.413747e+01	1.983975e-02	1.894543e+01
5.112411e+02	1.370514e+01	1.781481e-02	2.210600e+01
5.879272e+02	1.318848e+01	1.557529e-02	2.589467e+01
6.761163e+02	1.265891e+01	1.374807e-02	3.046522e+01
7.775337e+02	1.212317e+01	1.213883e-02	3.600590e+01
8.941638e+02	1.159605e+01	1.083114e-02	4.275193e+01
1.028288e+03	1.108439e+01	9.706433e-03	5.100387e+01
1.182532e+03	1.055940e+01	8.468794e-03	6.113883e+01
1.359911e+03	1.002085e+01	7.461780e-03	7.363608e+01
1.563898e+03	9.470645e+00	6.570936e-03	8.911397e+01
1.798483e+03	8.918783e+00	5.798988e-03	1.083695e+02
2.068255e+03	8.373444e+00	5.124047e-03	1.324053e+02
2.378493e+03	7.854395e+00	4.511854e-03	1.624678e+02
2.735268e+03	7.340380e+00	4.010739e-03	2.001475e+02
3.145558e+03	6.833042e+00	3.528536e-03	2.475424e+02
3.617391e+03	6.340746e+00	3.108218e-03	3.073322e+02
4.160000e+03	5.867410e+00	2.755914e-03	3.829608e+02
4.784000e+03	5.415084e+00	2.462536e-03	4.788432e+02
5.501600e+03	4.985796e+00	2.171982e-03	6.006253e+02
6.326840e+03	4.579582e+00	1.892464e-03	7.555234e+02
7.275866e+03	4.198240e+00	1.662466e-03	9.527649e+02
8.367246e+03	3.843446e+00	1.465683e-03	1.204097e+03
9.622333e+03	3.514948e+00	1.305043e-03	1.524426e+03
