# Energy_MeV	dEdx_Elec_MeV_um	dEdx_Nucl_MeV_um	Range_um
1.000000e-05	7.068098e-03	3.353893e-02	2.829616e-03
1.150000e-05	7.579691e-03	3.714996e-02	3.034425e-03
1.322500e-05	8.128313e-03	4.121529e-02	3.254058e-03
1.520875e-05	8.716644e-03	4.567334e-02	3.489588e-03
1.749006e-05	9.347559e-03	5.076761e-02	3.742167e-03
2.011357e-05	1.002414e-02	5.631784e-02	4.013027e-03
2.313061e-05	1.074969e-02	6.241605e-02	4.303492e-03
2.660020e-05	1.152776e-02	6.913195e-02	4.614981e-03
3.059023e-05	1.236215e-02	7.651172e-02	4.949015e-03
3.517876e-05	1.325693e-02	8.467258e-02	5.307228e-03
4.045558e-05	1.421647e-02	9.350305e-02	5.691368e-03
4.652391e-05	1.524547e-02	1.033181e-01	6.103312e-03
5.350250e-05	1.634894e-02	1.140829e-01	6.545073e-03
6.152788e-05	1.753228e-02	1.257711e-01	7.018809e-03
7.075706e-05	1.880128e-02	1.382838e-01	7.526834e-03
8.137062e-05	2.016213e-02	1.522570e-01	8.071630e-03
9.357621e-05	2.162147e-02	1.678801e-01	8.655859e-03
1.076126e-04	2.318645e-02	1.845862e-01	9.282374e-03
1.237545e-04	2.486469e-02	2.028094e-01	9.954238e-03
1.423177e-04	2.666441e-02	2.221095e-01	1.067473e-02
1.636654e-04	2.859440e-02	2.435675e-01	1.144737e-02
1.882152e-04	3.066408e-02	2.674042e-01	1.227594e-02
2.164475e-04	3.288356e-02	2.926921e-01	1.316448e-02
2.489146e-04	3.526369e-02	3.202907e-01	1.411733e-02
2.862518e-04	3.781609e-02	3.500195e-01	1.513915e-02
3.291895e-04	4.055324e-02	3.819816e-01	1.623493e-02
3.785680e-04	4.348851e-02	4.160579e-01	1.741002e-02
4.353531e-04	4.663623e-02	4.525474e-01	1.867017e-02
5.006561e-04	5.001178e-02	4.924326e-01	2.002153e-02
5.757545e-04	5.363166e-02	5.350389e-01	2.147070e-02
6.621177e-04	5.751355e-02	5.790146e-01	2.302476e-02
7.614354e-04	6.167641e-02	6.255155e-01	2.469130e-02
8.756507e-04	6.614058e-02	6.784198e-01	2.647847e-02
1.006998e-03	7.092787e-02	7.332093e-01	2.839500e-02
1.158048e-03	7.606167e-02	7.907234e-01	3.045024e-02
1.331755e-03	8.156705e-02	8.498012e-01	3.265424e-02
1.531519e-03	8.747092e-02	9.109466e-01	3.501778e-02
1.761246e-03	9.380211e-02	9.805095e-01	3.755238e-02
2.025433e-03	1.005916e-01	1.050670e+00	4.027044e-02
2.329248e-03	1.078724e-01	1.123685e+00	4.318524e-02
2.678635e-03	1.156803e-01	1.199438e+00	4.631101e-02
3.080431e-03	1.240533e-01	1.277307e+00	4.966302e-02
3.542495e-03	1.330323e-01	1.358263e+00	5.325766e-02
4.073870e-03	1.426613e-01	1.437495e+00	5.711248e-02
4.684950e-03	1.529872e-01	1.521721e+00	6.124631e-02
5.387693e-03	1.640605e-01	1.606616e+00	6.567935e-02
6.195847e-03	1.759353e-01	1.689961e+00	7.043326e-02
7.125224e-03	1.886695e-01	1.769127e+00	7.553125e-02
8.194007e-03	2.023255e-01	1.853022e+00	8.099824e-02
9.423108e-03	2.169700e-01	1.941510e+00	8.686094e-02
1.083657e-02	2.326744e-01	2.023556e+00	9.314798e-02
1.246206e-02	2.495155e-01	2.103553e+00	9.989008e-02
1.433137e-02	2.675755e-01	2.175267e+00	1.070678e-01
1.648108e-02	2.869428e-01	2.249208e+00	1.148654e-01
1.895324e-02	3.077119e-01	2.325068e+00	1.231911e-01
2.179622e-02	3.299842e-01	2.391828e+00	1.321079e-01
2.506566e-02	3.538686e-01	2.455785e+00	1.416694e-01
2.882550e-02	3.794818e-01	2.514739e+00	1.519234e-01
3.314933e-02	4.069489e-01	2.567971e+00	1.629194e-01
3.812173e-02	4.364041e-01	2.614563e+00	1.747113e-01
4.383999e-02	4.679913e-01	2.656267e+00	1.873569e-01
5.041599e-02	5.018647e-01	2.695827e+00	2.009177e-01
5.797838e-02	5.381900e-01	2.729642e+00	2.154599e-01
6.667514e-02	5.771445e-01	2.754604e+00	2.310548e-01
7.667641e-02	6.189185e-01	2.773692e+00	2.477784e-01
8.817787e-02	6.637161e-01	2.794654e+00	2.657126e-01
1.014046e-01	7.117562e-01	2.807277e+00	2.849448e-01
1.166152e-01	7.632735e-01	2.813167e+00	3.055690e-01
1.341075e-01	8.185197e-01	2.811900e+00	3.276860e-01
1.542237e-01	8.777646e-01	2.803534e+00	3.514039e-01
1.773572e-01	9.412976e-01	2.793419e+00	3.768386e-01
2.039608e-01	1.009429e+00	2.774650e+00	4.041141e-01
2.345549e-01	1.082492e+00	2.748505e+00	4.333638e-01
2.697381e-01	1.160844e+00	2.715502e+00	4.647306e-01
3.101989e-01	1.244866e+00	2.675238e+00	4.983680e-01
3.567287e-01	1.334970e+00	2.628177e+00	5.344400e-01
4.102380e-01	1.431596e+00	2.574382e+00	5.731228e-01
4.717737e-01	1.535216e+00	2.512867e+00	6.146053e-01
5.425397e-01	1.646335e+00	2.445736e+00	6.590906e-01
6.239207e-01	1.765498e+00	2.373546e+00	7.067959e-01
7.175088e-01	1.893286e+00	2.298154e+00	7.579540e-01
8.251351e-01	2.030323e+00	2.214582e+00	8.128146e-01
9.489054e-01	2.177279e+00	2.124309e+00	8.716464e-01
1.091241e+00	2.334871e+00	2.033386e+00	9.347377e-01
1.254927e+00	2.503870e+00	1.939986e+00	1.002383e+00
1.443166e+00	2.672329e+00	1.849816e+00	1.075014e+00
1.659641e+00	2.836007e+00	1.752912e+00	1.153591e+00
1.908588e+00	3.006895e+00	1.651569e+00	1.238787e+00
2.194876e+00	3.184296e+00	1.555296e+00	1.331250e+00
2.524107e+00	3.367094e+00	1.458260e+00	1.431729e+00
2.902723e+00	3.553639e+00	1.363318e+00	1.541109e+00
3.338132e+00	3.741608e+00	1.271734e+00	1.660431e+00
3.838852e+00	3.927878e+00	1.185571e+00	1.790948e+00
4.414679e+00	2.075884e+00	1.102060e+00	1.934180e+00
5.076881e+00	2.279421e+00	1.018065e+00	2.092002e+00
5.838413e+00	2.501722e+00	9.379341e-01	2.266745e+00
6.714175e+00	2.750743e+00	8.683000e-01	2.461340e+00
7.721302e+00	3.015149e+00	8.037316e-01	2.679485e+00
8.879497e+00	3.309629e+00	7.304632e-01	2.925868e+00
1.021142e+01	3.631988e+00	6.763755e-01	3.206442e+00
1.174313e+01	3.975197e+00	6.327458e-01	3.528774e+00
1.350460e+01	4.353381e+00	5.838323e-01	3.902496e+00
1.553030e+01	4.723807e+00	5.275818e-01	4.246650e+00
1.785984e+01	5.140526e+00	4.636405e-01	3.999467e+00
2.053882e+01	5.607464e+00	4.151879e-01	3.805738e+00
2.361964e+01	6.080741e+00	3.741970e-01	3.660960e+00
2.716258e+01	6.600106e+00	3.377334e-01	3.561671e+00
3.123697e+01	7.151245e+00	3.045118e-01	3.505283e+00
3.592252e+01	7.760162e+00	2.736774e-01	3.489958e+00
4.131089e+01	8.434046e+00	2.477149e-01	3.514519e+00
4.750753e+01	9.165543e+00	2.218826e-01	3.578318e+00
5.463366e+01	9.978784e+00	1.990637e-01	3.681627e+00
6.282871e+01	1.083190e+01	1.791191e-01	3.825302e+00
7.225301e+01	1.171706e+01	1.623799e-01	4.011126e+00
8.309096e+01	1.265441e+01	1.454418e-01	4.241936e+00
9.555461e+01	1.352295e+01	1.287361e-01	4.521786e+00
1.098878e+02	1.442567e+01	1.149567e-01	4.856151e+00
1.263710e+02	1.524225e+01	1.026367e-01	5.252140e+00
1.453266e+02	1.593969e+01	9.259437e-02	5.718745e+00
1.671256e+02	1.658196e+01	8.252482e-02	6.267197e+00
1.921945e+02	1.722765e+01	7.275421e-02	6.911382e+00
2.210236e+02	1.785734e+01	6.476043e-02	7.668589e+00
2.541772e+02	1.833513e+01	5.742115e-02	8.558079e+00
2.923037e+02	1.997669e+01	5.088581e-02	9.615511e+00
3.361493e+02	1.984521e+01	4.516683e-02	1.088570e+01
3.865717e+02	1.959210e+01	4.031713e-02	1.238894e+01
4.445574e+02	1.925696e+01	3.594153e-02	1.418900e+01
5.112411e+02	1.889471e+01	3.178458e-02	1.633581e+01
5.879272e+02	1.846220e+01	2.808883e-02	1.887657e+01
6.761163e+02	1.789983e+01	2.518600e-02	2.189946e+01
7.775337e+02	1.731114e+01	2.261874e-02	2.551816e+01
8.941638e+02	1.670545e+01	1.975379e-02	2.987084e+01
1.028288e+03	1.610824e+01	1.745636e-02	3.512865e+01
1.182532e+03	1.553114e+01	1.539515e-02	4.150902e+01
1.359911e+03	1.492301e+01	1.375907e-02	4.928228e+01
1.563898e+03	1.428490e+01	1.232169e-02	5.879005e+01
1.798483e+03	1.361819e+01	1.073848e-02	7.047103e+01
2.068255e+03	1.293812e+01	9.472978e-03	8.488708e+01
2.378493e+03	1.225687e+01	8.336921e-03	1.027387e+02
2.735268e+03	1.159981e+01	7.360911e-03	1.248891e+02
3.145558e+03	1.093923e+01	6.498090e-03	1.524372e+02
3.617391e+03	1.028023e+01	5.724839e-03	1.868292e+02
4.160000e+03	9.627707e+00	5.092270e-03	2.299041e+02
4.784000e+03	8.987127e+00	4.476238e-03	2.840165e+02
5.501600e+03	8.365514e+00	3.944803e-03	3.521762e+02
6.326840e+03	7.768662e+00	3.495237e-03	4.382223e+02
7.275866e+03	7.196943e+00	3.127095e-03	5.470539e+02
8.367246e+03	6.652158e+00	2.754412e-03	6.849298e+02
9.622333e+03	6.136440e+00	2.396631e-03	8.598130e+02
