# Energy_MeV	dEdx_Elec_MeV_um	dEdx_Nucl_MeV_um	Range_um
1.000000e-05	6.966815e-03	4.207280e-02	2.870752e-03
1.150000e-05	7.471077e-03	4.660543e-02	3.078539e-03
1.322500e-05	8.011837e-03	5.155406e-02	3.301365e-03
1.520875e-05	8.591739e-03	5.698880e-02	3.540320e-03
1.749006e-05	9.213613e-03	6.296517e-02	3.796570e-03
2.011357e-05	9.880499e-03	6.954420e-02	4.071368e-03
2.313061e-05	1.059566e-02	7.680691e-02	4.366055e-03
2.660020e-05	1.136257e-02	8.450591e-02	4.682073e-03
3.059023e-05	1.218500e-02	9.298127e-02	5.020964e-03
3.517876e-05	1.306696e-02	1.025568e-01	5.384384e-03
4.045558e-05	1.401275e-02	1.128139e-01	5.774108e-03
4.652391e-05	1.502700e-02	1.241242e-01	6.192041e-03
5.350250e-05	1.611467e-02	1.360464e-01	6.640224e-03
6.152788e-05	1.728106e-02	1.490875e-01	7.120847e-03
7.075706e-05	1.853187e-02	1.637930e-01	7.636258e-03
8.137062e-05	1.987321e-02	1.793558e-01	8.188974e-03
9.357621e-05	2.131165e-02	1.964592e-01	8.781697e-03
1.076126e-04	2.285420e-02	2.146716e-01	9.417320e-03
1.237545e-04	2.450839e-02	2.344855e-01	1.009895e-02
1.423177e-04	2.628232e-02	2.559687e-01	1.082992e-02
1.636654e-04	2.818465e-02	2.783246e-01	1.161379e-02
1.882152e-04	3.022467e-02	3.030824e-01	1.245441e-02
2.164475e-04	3.241235e-02	3.292491e-01	1.335586e-02
2.489146e-04	3.475837e-02	3.571206e-01	1.432257e-02
2.862518e-04	3.727420e-02	3.862504e-01	1.535924e-02
3.291895e-04	3.997213e-02	4.179178e-01	1.647095e-02
3.785680e-04	4.286533e-02	4.523688e-01	1.766313e-02
4.353531e-04	4.596795e-02	4.886274e-01	1.894160e-02
5.006561e-04	4.929513e-02	5.261394e-01	2.031260e-02
5.757545e-04	5.286314e-02	5.649772e-01	2.178283e-02
6.621177e-04	5.668940e-02	6.066633e-01	2.335949e-02
7.614354e-04	6.079261e-02	6.513438e-01	2.505026e-02
8.756507e-04	6.519282e-02	6.977298e-01	2.686341e-02
1.006998e-03	6.991151e-02	7.454694e-01	2.880780e-02
1.158048e-03	7.497174e-02	7.956765e-01	3.089292e-02
1.331755e-03	8.039823e-02	8.462042e-01	3.312897e-02
1.531519e-03	8.621750e-02	8.976478e-01	3.552686e-02
1.761246e-03	9.245797e-02	9.505740e-01	3.809831e-02
2.025433e-03	9.915012e-02	1.004775e+00	4.085589e-02
2.329248e-03	1.063267e-01	1.060781e+00	4.381306e-02
2.678635e-03	1.140226e-01	1.112282e+00	4.698427e-02
3.080431e-03	1.222757e-01	1.164761e+00	5.038502e-02
3.542495e-03	1.311260e-01	1.222270e+00	5.403191e-02
4.073870e-03	1.406170e-01	1.275720e+00	5.794277e-02
4.684950e-03	1.507949e-01	1.329874e+00	6.213670e-02
5.387693e-03	1.617096e-01	1.377593e+00	6.663419e-02
6.195847e-03	1.734142e-01	1.424539e+00	7.145721e-02
7.125224e-03	1.859660e-01	1.475070e+00	7.662932e-02
8.194007e-03	1.994263e-01	1.519619e+00	8.213473e-02
9.423108e-03	2.138609e-01	1.563277e+00	8.811053e-02
1.083657e-02	2.293403e-01	1.601912e+00	9.450467e-02
1.246206e-02	2.459400e-01	1.638430e+00	1.013446e-01
1.433137e-02	2.637413e-01	1.672250e+00	1.086797e-01
1.648108e-02	2.828310e-01	1.700091e+00	1.165460e-01
1.895324e-02	3.033025e-01	1.727635e+00	1.249814e-01
2.179622e-02	3.252557e-01	1.750486e+00	1.340275e-01
2.506566e-02	3.487979e-01	1.769757e+00	1.437283e-01
2.882550e-02	3.740440e-01	1.784568e+00	1.541313e-01
3.314933e-02	4.011175e-01	1.797389e+00	1.652872e-01
3.812173e-02	4.301506e-01	1.808258e+00	1.772506e-01
4.383999e-02	4.612852e-01	1.815038e+00	1.900799e-01
5.041599e-02	4.946732e-01	1.816825e+00	2.038378e-01
5.797838e-02	5.304780e-01	1.814353e+00	2.185916e-01
6.667514e-02	5.688742e-01	1.808560e+00	2.344132e-01
7.667641e-02	6.100496e-01	1.799426e+00	2.513799e-01
8.817787e-02	6.542054e-01	1.785656e+00	2.695747e-01
1.014046e-01	7.015571e-01	1.766924e+00	2.890866e-01
1.166152e-01	7.523362e-01	1.743848e+00	3.100107e-01
1.341075e-01	8.067907e-01	1.716029e+00	3.324493e-01
1.542237e-01	8.651866e-01	1.683908e+00	3.565118e-01
1.773572e-01	9.278093e-01	1.647118e+00	3.823162e-01
2.039608e-01	9.949646e-01	1.606077e+00	4.099884e-01
2.345549e-01	1.066981e+00	1.560589e+00	4.396634e-01
2.697381e-01	1.144209e+00	1.513787e+00	4.714862e-01
3.101989e-01	1.227028e+00	1.462930e+00	5.056124e-01
3.567287e-01	1.315841e+00	1.405830e+00	5.422087e-01
4.102380e-01	1.411082e+00	1.348600e+00	5.814541e-01
4.717737e-01	1.513217e+00	1.287602e+00	6.235398e-01
5.425397e-01	1.622744e+00	1.229807e+00	6.686721e-01
6.239207e-01	1.740199e+00	1.169829e+00	7.170697e-01
7.175088e-01	1.866156e+00	1.104180e+00	7.689702e-01
8.251351e-01	1.995025e+00	1.041659e+00	8.246501e-01
9.489054e-01	2.117505e+00	9.777353e-01	8.848172e-01
1.091241e+00	2.245484e+00	9.172662e-01	9.500550e-01
1.254927e+00	2.378482e+00	8.571906e-01	1.020838e+00
1.443166e+00	2.515716e+00	7.980433e-01	1.097741e+00
1.659641e+00	2.656014e+00	7.439484e-01	1.181430e+00
1.908588e+00	2.797718e+00	6.885307e-01	1.272690e+00
2.194876e+00	1.512101e+00	6.366712e-01	1.372463e+00
2.524107e+00	1.665086e+00	5.884722e-01	1.481891e+00
2.902723e+00	1.826147e+00	5.443299e-01	1.602378e+00
3.338132e+00	2.003596e+00	5.001546e-01	1.735668e+00
3.838852e+00	2.199769e+00	4.593300e-01	1.883948e+00
4.414679e+00	2.407772e+00	4.258874e-01	2.049979e+00
5.076881e+00	2.639236e+00	3.960609e-01	2.237258e+00
5.838413e+00	2.886939e+00	3.624954e-01	2.337835e+00
6.714175e+00	3.153804e+00	3.239516e-01	2.265782e+00
7.721302e+00	3.446332e+00	2.880647e-01	2.204904e+00
8.879497e+00	3.742413e+00	2.577687e-01	2.156546e+00
1.021142e+01	4.077097e+00	2.327400e-01	2.122002e+00
1.174313e+01	4.455527e+00	2.090264e-01	2.102563e+00
1.350460e+01	4.870973e+00	1.886128e-01	2.099561e+00
1.553030e+01	5.336326e+00	1.703457e-01	2.114337e+00
1.785984e+01	5.825233e+00	1.533257e-01	2.148454e+00
2.053882e+01	6.359616e+00	1.377242e-01	2.203484e+00
2.361964e+01	6.916833e+00	1.228526e-01	2.281143e+00
2.716258e+01	7.500748e+00	1.113619e-01	2.383325e+00
3.123697e+01	8.138593e+00	1.005030e-01	2.512196e+00
3.592252e+01	8.720391e+00	8.912816e-02	2.670321e+00
4.131089e+01	9.315228e+00	7.951329e-02	2.860830e+00
4.750753e+01	9.876724e+00	7.063702e-02	3.087605e+00
5.463366e+01	1.038597e+01	6.366966e-02	3.355493e+00
6.282871e+01	1.090283e+01	5.720481e-02	3.670578e+00
7.225301e+01	1.131093e+01	5.052392e-02	4.040414e+00
8.309096e+01	1.166942e+01	4.486419e-02	4.474381e+00
9.555461e+01	1.193741e+01	3.975727e-02	4.984051e+00
1.098878e+02	1.220245e+01	3.537399e-02	5.583739e+00
1.263710e+02	1.246640e+01	3.143422e-02	6.291036e+00
1.453266e+02	1.259921e+01	2.785851e-02	7.127027e+00
1.671256e+02	1.352177e+01	2.488107e-02	8.123137e+00
1.921945e+02	1.324206e+01	2.205205e-02	9.328440e+00
2.210236e+02	1.287428e+01	1.955485e-02	1.076914e+01
2.541772e+02	1.248319e+01	1.743842e-02	1.250792e+01
2.923037e+02	1.207254e+01	1.561307e-02	1.460583e+01
3.361493e+02	1.166774e+01	1.385688e-02	1.712076e+01
3.865717e+02	1.118915e+01	1.220787e-02	2.014457e+01
4.445574e+02	1.069984e+01	1.074887e-02	2.380583e+01
5.112411e+02	1.020817e+01	9.555076e-03	2.826050e+01
5.879272e+02	9.723439e+00	8.521015e-03	3.370443e+01
6.761163e+02	9.253707e+00	7.537794e-03	4.038833e+01
7.775337e+02	8.778763e+00	6.629920e-03	4.862873e+01
8.941638e+02	8.296032e+00	5.826448e-03	5.882794e+01
1.028288e+03	7.808462e+00	5.146829e-03	7.150568e+01
1.182532e+03	7.321641e+00	4.513507e-03	8.733476e+01
1.359911e+03	6.842628e+00	3.991394e-03	1.071672e+02
1.563898e+03	6.390118e+00	3.540649e-03	1.320668e+02
1.798483e+03	5.946696e+00	3.128006e-03	1.633841e+02
2.068255e+03	5.512995e+00	2.760674e-03	2.029053e+02
2.378493e+03	5.094537e+00	2.418091e-03	2.529178e+02
2.735268e+03	4.694774e+00	2.161453e-03	3.163655e+02
3.145558e+03	4.315701e+00	1.923415e-03	3.970259e+02
3.617391e+03	3.958611e+00	1.677205e-03	4.997354e+02
4.160000e+03	3.622486e+00	1.471188e-03	6.306756e+02
4.784000e+03	3.308480e+00	1.289622e-03	7.977531e+02
5.501600e+03	3.018577e+00	1.147003e-03	1.011036e+03
6.326840e+03	2.751914e+00	1.018046e-03	1.283298e+03
7.275866e+03	2.506996e+00	8.860865e-04	1.630686e+03
8.367246e+03	2.284275e+00	7.746893e-04	2.073510e+03
9.622333e+03	2.083265e+00	6.780484e-04	2.637189e+03
