# Energy_MeV	dEdx_Elec_MeV_um	dEdx_Nucl_MeV_um	Range_um
1.000000e-05	5.615604e-03	4.318865e-02	3.561504e-03
1.150000e-05	6.022065e-03	4.770165e-02	3.819288e-03
1.322500e-05	6.457945e-03	5.268518e-02	4.095730e-03
1.520875e-05	6.925375e-03	5.797796e-02	4.392181e-03
1.749006e-05	7.426637e-03	6.380864e-02	4.710090e-03
2.011357e-05	7.964181e-03	7.034436e-02	5.051008e-03
2.313061e-05	8.540632e-03	7.739436e-02	5.416603e-03
2.660020e-05	9.158808e-03	8.517687e-02	5.808660e-03
3.059023e-05	9.821727e-03	9.338377e-02	6.229093e-03
3.517876e-05	1.053263e-02	1.023718e-01	6.679959e-03
4.045558e-05	1.129499e-02	1.124115e-01	7.163457e-03
4.652391e-05	1.211252e-02	1.231221e-01	7.681952e-03
5.350250e-05	1.298923e-02	1.349007e-01	8.237976e-03
6.152788e-05	1.392940e-02	1.474227e-01	8.834245e-03
7.075706e-05	1.493762e-02	1.611241e-01	9.473672e-03
8.137062e-05	1.601881e-02	1.758421e-01	1.015938e-02
9.357621e-05	1.717826e-02	1.912719e-01	1.089472e-02
1.076126e-04	1.842163e-02	2.082894e-01	1.168329e-02
1.237545e-04	1.975500e-02	2.262960e-01	1.252893e-02
1.423177e-04	2.118488e-02	2.456761e-01	1.343578e-02
1.636654e-04	2.271825e-02	2.657368e-01	1.440827e-02
1.882152e-04	2.436261e-02	2.874733e-01	1.545115e-02
2.164475e-04	2.612599e-02	3.112500e-01	1.656951e-02
2.489146e-04	2.801700e-02	3.363713e-01	1.776882e-02
2.862518e-04	3.004489e-02	3.623277e-01	1.905494e-02
3.291895e-04	3.221955e-02	3.891930e-01	2.043415e-02
3.785680e-04	3.455162e-02	4.177813e-01	2.191318e-02
4.353531e-04	3.705249e-02	4.486854e-01	2.349927e-02
5.006561e-04	3.973437e-02	4.809117e-01	2.520016e-02
5.757545e-04	4.261036e-02	5.138992e-01	2.702416e-02
6.621177e-04	4.569452e-02	5.486391e-01	2.898018e-02
7.614354e-04	4.900191e-02	5.835113e-01	3.107778e-02
8.756507e-04	5.254870e-02	6.194779e-01	3.332721e-02
1.006998e-03	5.635220e-02	6.562009e-01	3.573945e-02
1.158048e-03	6.043100e-02	6.937544e-01	3.832629e-02
1.331755e-03	6.480503e-02	7.326836e-01	4.110037e-02
1.531519e-03	6.949565e-02	7.685565e-01	4.407523e-02
1.761246e-03	7.452578e-02	8.052838e-01	4.726542e-02
2.025433e-03	7.992000e-02	8.446260e-01	5.068652e-02
2.329248e-03	8.570465e-02	8.820057e-01	5.435523e-02
2.678635e-03	9.190800e-02	9.200148e-01	5.828949e-02
3.080431e-03	9.856035e-02	9.535987e-01	6.250852e-02
3.542495e-03	1.056942e-01	9.867655e-01	6.703292e-02
4.073870e-03	1.133444e-01	1.021504e+00	7.188480e-02
4.684950e-03	1.215483e-01	1.052779e+00	7.708786e-02
5.387693e-03	1.303461e-01	1.083672e+00	8.266752e-02
6.195847e-03	1.397806e-01	1.110835e+00	8.865104e-02
7.125224e-03	1.498980e-01	1.137007e+00	9.502167e-02
8.194007e-03	1.607477e-01	1.160854e+00	1.019325e-01
9.423108e-03	1.723827e-01	1.180458e+00	1.093308e-01
1.083657e-02	1.848598e-01	1.199843e+00	1.172437e-01
1.246206e-02	1.982401e-01	1.216051e+00	1.257296e-01
1.433137e-02	2.125888e-01	1.230303e+00	1.348299e-01
1.648108e-02	2.279761e-01	1.241051e+00	1.445887e-01
1.895324e-02	2.444771e-01	1.250013e+00	1.550539e-01
2.179622e-02	2.621725e-01	1.257935e+00	1.662766e-01
2.506566e-02	2.811487e-01	1.263246e+00	1.783116e-01
2.882550e-02	3.014984e-01	1.264899e+00	1.912177e-01
3.314933e-02	3.233210e-01	1.263722e+00	2.050579e-01
3.812173e-02	3.467231e-01	1.259847e+00	2.198999e-01
4.383999e-02	3.718191e-01	1.253922e+00	2.358162e-01
5.041599e-02	3.987316e-01	1.244929e+00	2.528845e-01
5.797838e-02	4.275920e-01	1.232325e+00	2.711883e-01
6.667514e-02	4.585413e-01	1.216766e+00	2.908168e-01
7.667641e-02	4.917308e-01	1.197846e+00	3.118660e-01
8.817787e-02	5.273225e-01	1.175963e+00	3.344389e-01
1.014046e-01	5.654904e-01	1.150852e+00	3.586456e-01
1.166152e-01	6.064209e-01	1.122718e+00	3.846044e-01
1.341075e-01	6.503140e-01	1.091497e+00	4.124420e-01
1.542237e-01	6.973840e-01	1.059233e+00	4.422945e-01
1.773572e-01	7.478611e-01	1.024132e+00	4.743079e-01
2.039608e-01	8.019916e-01	9.850160e-01	5.086385e-01
2.345549e-01	8.600402e-01	9.454788e-01	5.454537e-01
2.697381e-01	9.222904e-01	9.031820e-01	5.849336e-01
3.101989e-01	9.890463e-01	8.628874e-01	6.272712e-01
3.567287e-01	1.060634e+00	8.210358e-01	6.726734e-01
4.102380e-01	1.137403e+00	7.755950e-01	7.213616e-01
4.717737e-01	1.219729e+00	7.324467e-01	7.735744e-01
5.425397e-01	1.308014e+00	6.877170e-01	8.295644e-01
6.239207e-01	1.402688e+00	6.455895e-01	8.896083e-01
7.175088e-01	1.499977e+00	6.031539e-01	9.540175e-01
8.251351e-01	1.592100e+00	5.613800e-01	1.023602e+00
9.489054e-01	8.495429e-01	5.241471e-01	1.099051e+00
1.091241e+00	9.110653e-01	4.852128e-01	1.180909e+00
1.254927e+00	9.770408e-01	4.492519e-01	1.269842e+00
1.443166e+00	1.047792e+00	4.147040e-01	1.366617e+00
1.659641e+00	1.123664e+00	3.833647e-01	1.472141e+00
1.908588e+00	1.228432e+00	3.530935e-01	1.587497e+00
2.194876e+00	1.353581e+00	3.240277e-01	1.714005e+00
2.524107e+00	1.485250e+00	2.995792e-01	1.853281e+00
2.902723e+00	1.630968e+00	2.790217e-01	2.007333e+00
3.338132e+00	1.792044e+00	2.560941e-01	2.082991e+00
3.838852e+00	1.964456e+00	2.298148e-01	2.066084e+00
4.414679e+00	2.157318e+00	2.043431e-01	2.050087e+00
5.076881e+00	2.366523e+00	1.823299e-01	2.036716e+00
5.838413e+00	2.598449e+00	1.646836e-01	2.027755e+00
6.714175e+00	2.857371e+00	1.479333e-01	2.025053e+00
7.721302e+00	3.133437e+00	1.336535e-01	2.030482e+00
8.879497e+00	3.445256e+00	1.205470e-01	2.046129e+00
1.021142e+01	3.794231e+00	1.085146e-01	2.074136e+00
1.174313e+01	4.167035e+00	9.755407e-02	2.116805e+00
1.350460e+01	4.575533e+00	8.704521e-02	2.176614e+00
1.553030e+01	4.973569e+00	7.888636e-02	2.256228e+00
1.785984e+01	5.395417e+00	7.114660e-02	2.358514e+00
2.053882e+01	5.802588e+00	6.317607e-02	2.486573e+00
2.361964e+01	6.206380e+00	5.650036e-02	2.643805e+00
2.716258e+01	6.633379e+00	5.012471e-02	2.833996e+00
3.123697e+01	6.977166e+00	4.516331e-02	3.061560e+00
3.592252e+01	7.321635e+00	4.052692e-02	3.331699e+00
4.131089e+01	7.622971e+00	3.579488e-02	3.650716e+00
4.750753e+01	7.883677e+00	3.191035e-02	4.026350e+00
5.463366e+01	8.138971e+00	2.820130e-02	4.468153e+00
6.282871e+01	8.314199e+00	2.514047e-02	4.987981e+00
7.225301e+01	8.457565e+00	2.229626e-02	5.600523e+00
8.309096e+01	8.537454e+00	1.971764e-02	6.323975e+00
9.555461e+01	8.608636e+00	1.766884e-02	7.180973e+00
1.098878e+02	8.672151e+00	1.562769e-02	8.199514e+00
1.263710e+02	8.658253e+00	1.390661e-02	9.413839e+00
1.453266e+02	8.892841e+00	1.235929e-02	1.087277e+01
1.671256e+02	8.589402e+00	1.104676e-02	1.265316e+01
1.921945e+02	8.236000e+00	9.840826e-03	1.480412e+01
2.210236e+02	7.875884e+00	8.674886e-03	1.742645e+01
2.541772e+02	7.515952e+00	7.626066e-03	2.062623e+01
2.923037e+02	7.174868e+00	6.776724e-03	2.450950e+01
3.361493e+02	6.801486e+00	6.031689e-03	2.923493e+01
3.865717e+02	6.427396e+00	5.356157e-03	3.502526e+01
4.445574e+02	6.058017e+00	4.713906e-03	4.215453e+01
5.112411e+02	5.697764e+00	4.135695e-03	5.097068e+01
5.879272e+02	5.349781e+00	3.655719e-03	6.192220e+01
6.761163e+02	5.007105e+00	3.206306e-03	7.558106e+01
7.775337e+02	4.668456e+00	2.839250e-03	9.267977e+01
8.941638e+02	4.335591e+00	2.513778e-03	1.141695e+02
1.028288e+03	4.011350e+00	2.220593e-03	1.412886e+02
1.182532e+03	3.699696e+00	1.961684e-03	1.756181e+02
1.359911e+03	3.409568e+00	1.717126e-03	2.191483e+02
1.563898e+03	3.132870e+00	1.535285e-03	2.744134e+02
1.798483e+03	2.869530e+00	1.364913e-03	3.447637e+02
2.068255e+03	2.620796e+00	1.190388e-03	4.345018e+02
2.378493e+03	2.387505e+00	1.048954e-03	5.491714e+02
2.735268e+03	2.170424e+00	9.157006e-04	6.958896e+02
3.145558e+03	1.970158e+00	8.155828e-04	8.837685e+02
3.617391e+03	1.786154e+00	7.227868e-04	1.124442e+03
4.160000e+03	1.617716e+00	6.292150e-04	1.432769e+03
4.784000e+03	1.464174e+00	5.527428e-04	1.827636e+03
5.501600e+03	1.325111e+00	4.812842e-04	2.332957e+03
6.326840e+03	1.199852e+00	4.236394e-04	2.978897e+03
7.275866e+03	1.087377e+00	3.708073e-04	3.803331e+03
8.367246e+03	9.867509e-01	3.236408e-04	4.853577e+03
9.622333e+03	8.970469e-01	2.862713e-04	6.188443e+03
