# Energy_MeV	dEdx_Elec_MeV_um	dEdx_Nucl_MeV_um	Range_um
1.000000e-05	3.177352e-03	1.604302e-02	7.864816e-03
1.150000e-05	3.424040e-03	1.718048e-02	8.434075e-03
1.322500e-05	3.688505e-03	1.834991e-02	9.044538e-03
1.520875e-05	3.972039e-03	1.956296e-02	9.699187e-03
1.749006e-05	4.276030e-03	2.080459e-02	1.040122e-02
2.011357e-05	4.601963e-03	2.205866e-02	1.115406e-02
2.313061e-05	4.951430e-03	2.340437e-02	1.196140e-02
2.660020e-05	5.326140e-03	2.471377e-02	1.282717e-02
3.059023e-05	5.727923e-03	2.598379e-02	1.375561e-02
3.517876e-05	6.158743e-03	2.728138e-02	1.475125e-02
4.045558e-05	6.620705e-03	2.870565e-02	1.581895e-02
4.652391e-05	7.116065e-03	3.002580e-02	1.696394e-02
5.350250e-05	7.647245e-03	3.131717e-02	1.819180e-02
6.152788e-05	8.216839e-03	3.254143e-02	1.950853e-02
7.075706e-05	8.827630e-03	3.379237e-02	2.092057e-02
8.137062e-05	9.482603e-03	3.506112e-02	2.243481e-02
9.357621e-05	1.018496e-02	3.622103e-02	2.405865e-02
1.076126e-04	1.093812e-02	3.729379e-02	2.580003e-02
1.237545e-04	1.174578e-02	3.832242e-02	2.766745e-02
1.423177e-04	1.261188e-02	3.937345e-02	2.967003e-02
1.636654e-04	1.354064e-02	4.022159e-02	3.181757e-02
1.882152e-04	1.453661e-02	4.103048e-02	3.412054e-02
2.164475e-04	1.560466e-02	4.178509e-02	3.659020e-02
2.489146e-04	1.674999e-02	4.244543e-02	3.923862e-02
2.862518e-04	1.797821e-02	4.304004e-02	4.207873e-02
3.291895e-04	1.929531e-02	4.345017e-02	4.512441e-02
3.785680e-04	2.070774e-02	4.390289e-02	4.839054e-02
4.353531e-04	2.222238e-02	4.426942e-02	5.189307e-02
5.006561e-04	2.384665e-02	4.447767e-02	5.564263e-02
5.757545e-04	2.558847e-02	4.462817e-02	5.966774e-02
6.621177e-04	2.745635e-02	4.466563e-02	6.399871e-02
7.614354e-04	2.945943e-02	4.464413e-02	6.862983e-02
8.756507e-04	3.160748e-02	4.453544e-02	7.359758e-02
1.006998e-03	3.391099e-02	4.428069e-02	7.892448e-02
1.158048e-03	3.638124e-02	4.393194e-02	8.463697e-02
1.331755e-03	3.903027e-02	4.348649e-02	9.076294e-02
1.531519e-03	4.187103e-02	4.292676e-02	9.733227e-02
1.761246e-03	4.491741e-02	4.225449e-02	1.043771e-01
2.025433e-03	4.818428e-02	4.147302e-02	1.119319e-01
2.329248e-03	5.168760e-02	4.057373e-02	1.200335e-01
2.678635e-03	5.544449e-02	3.958226e-02	1.287214e-01
3.080431e-03	5.947330e-02	3.852825e-02	1.380382e-01
3.542495e-03	6.379371e-02	3.736724e-02	1.480293e-01
4.073870e-03	6.842683e-02	3.605197e-02	1.587437e-01
4.684950e-03	7.339530e-02	3.473473e-02	1.702336e-01
5.387693e-03	7.872339e-02	3.333711e-02	1.825550e-01
6.195847e-03	8.443712e-02	3.195432e-02	1.957683e-01
7.125224e-03	9.056441e-02	3.047803e-02	2.099380e-01
8.194007e-03	9.713519e-02	2.889694e-02	2.251334e-01
9.423108e-03	1.041816e-01	2.738741e-02	2.414285e-01
1.083657e-02	1.117380e-01	2.587461e-02	2.589031e-01
1.246206e-02	1.198413e-01	2.437190e-02	2.776425e-01
1.433137e-02	1.285312e-01	2.279477e-02	2.977383e-01
1.648108e-02	1.378500e-01	2.136439e-02	3.192887e-01
1.895324e-02	1.478433e-01	1.995903e-02	3.423989e-01
2.179622e-02	1.585600e-01	1.854567e-02	3.671817e-01
2.506566e-02	1.700523e-01	1.721852e-02	3.937583e-01
2.882550e-02	1.823764e-01	1.591981e-02	4.222587e-01
3.314933e-02	1.955926e-01	1.482998e-02	4.528222e-01
3.812173e-02	2.097654e-01	1.360607e-02	4.855965e-01
4.383999e-02	2.249640e-01	1.248829e-02	5.207476e-01
5.041599e-02	2.412627e-01	1.165876e-02	5.584304e-01
5.797838e-02	2.587433e-01	1.080385e-02	5.990604e-01
6.667514e-02	2.774891e-01	9.842683e-03	6.431098e-01
7.667641e-02	2.975917e-01	8.894613e-03	6.908829e-01
8.817787e-02	3.191495e-01	8.038577e-03	7.427689e-01
1.014046e-01	3.422622e-01	7.351569e-03	7.779601e-01
1.166152e-01	3.670479e-01	6.622122e-03	8.136628e-01
1.341075e-01	3.934355e-01	5.922370e-03	8.520034e-01
1.542237e-01	4.231170e-01	5.323871e-03	8.908086e-01
1.773572e-01	4.505237e-01	4.800520e-03	9.301995e-01
2.039608e-01	4.791494e-01	4.328616e-03	9.704114e-01
2.345549e-01	5.053570e-01	3.872659e-03	1.011829e+00
2.697381e-01	5.299554e-01	3.482634e-03	1.055015e+00
3.101989e-01	5.541356e-01	3.157048e-03	1.100751e+00
3.567287e-01	5.733815e-01	2.842190e-03	1.150067e+00
4.102380e-01	5.920482e-01	2.519407e-03	1.204280e+00
4.717737e-01	6.061038e-01	2.258450e-03	1.265045e+00
5.425397e-01	6.145913e-01	2.027971e-03	1.334411e+00
6.239207e-01	6.199260e-01	1.826109e-03	1.414892e+00
7.175088e-01	6.238423e-01	1.624514e-03	1.509569e+00
8.251351e-01	6.255842e-01	1.439726e-03	1.622196e+00
9.489054e-01	6.222493e-01	1.281906e-03	1.757335e+00
1.091241e+00	6.154151e-01	1.147943e-03	1.920510e+00
1.254927e+00	6.061063e-01	1.023362e-03	2.118378e+00
1.443166e+00	5.932287e-01	9.002406e-04	2.358948e+00
1.659641e+00	5.781736e-01	8.041726e-04	2.651846e+00
1.908588e+00	5.604897e-01	7.152752e-04	3.008704e+00
2.194876e+00	5.407722e-01	6.339916e-04	3.443668e+00
2.524107e+00	5.185922e-01	5.636743e-04	3.974116e+00
2.902723e+00	4.953805e-01	4.998435e-04	4.621656e+00
3.338132e+00	4.703553e-01	4.504943e-04	5.413502e+00
3.838852e+00	4.435622e-01	3.963889e-04	6.384360e+00
4.414679e+00	4.172387e-01	3.493801e-04	7.579008e+00
5.076881e+00	3.895233e-01	3.119098e-04	9.055771e+00
5.838413e+00	3.652568e-01	2.770470e-04	1.089109e+01
6.714175e+00	3.386656e-01	2.466086e-04	1.318556e+01
7.721302e+00	3.093277e-01	2.174246e-04	1.607095e+01
8.879497e+00	2.840016e-01	1.907108e-04	1.972154e+01
1.021142e+01	2.642695e-01	1.696983e-04	2.436282e+01
1.174313e+01	2.408524e-01	1.501435e-04	3.034987e+01
1.350460e+01	2.177836e-01	1.317681e-04	3.804694e+01
1.553030e+01	1.957787e-01	1.164806e-04	4.795775e+01
1.785984e+01	1.756702e-01	1.028979e-04	6.074555e+01
2.053882e+01	1.585818e-01	9.100159e-05	7.714246e+01
2.361964e+01	1.426629e-01	7.975495e-05	9.807890e+01
2.716258e+01	1.280775e-01	7.041951e-05	1.248630e+02
3.123697e+01	1.148684e-01	6.294540e-05	1.591252e+02
3.592252e+01	1.029704e-01	5.569361e-05	2.029560e+02
4.131089e+01	9.224113e-02	4.843447e-05	2.590497e+02
4.750753e+01	8.262365e-02	0.000000e+00	3.308798e+02
5.463366e+01	7.398061e-02	0.000000e+00	4.229045e+02
6.282871e+01	6.620226e-02	0.000000e+00	5.409057e+02
7.225301e+01	5.917894e-02	0.000000e+00	6.924177e+02
8.309096e+01	5.289918e-02	0.000000e+00	8.871319e+02
9.555461e+01	4.734935e-02	0.000000e+00	1.137310e+03
1.098878e+02	4.239879e-02	0.000000e+00	1.458432e+03
1.263710e+02	3.795583e-02	0.000000e+00	1.870752e+03
1.453266e+02	3.397350e-02	0.000000e+00	2.400325e+03
1.671256e+02	3.041043e-02	0.000000e+00	3.080594e+03
1.921945e+02	2.722712e-02	0.000000e+00	3.954363e+03
2.210236e+02	2.438934e-02	0.000000e+00	5.076329e+03
2.541772e+02	2.186209e-02	0.000000e+00	6.516134e+03
2.923037e+02	1.961193e-02	0.000000e+00	8.362546e+03
3.361493e+02	1.761165e-02	0.000000e+00	1.072833e+04
3.865717e+02	1.583548e-02	0.000000e+00	1.375622e+04
4.445574e+02	1.426001e-02	0.000000e+00	1.762631e+04
5.112411e+02	1.286335e-02	0.000000e+00	2.256492e+04
5.879272e+02	1.162626e-02	0.000000e+00	2.885520e+04
6.761163e+02	1.053270e-02	0.000000e+00	3.684963e+04
7.775337e+02	9.567605e-03	0.000000e+00	4.698457e+04
8.941638e+02	8.716601e-03	0.000000e+00	5.979676e+04
1.028288e+03	7.967561e-03	0.000000e+00	7.594179e+04
1.182532e+03	7.310041e-03	0.000000e+00	9.621443e+04
1.359911e+03	6.734567e-03	0.000000e+00	1.215700e+05
1.563898e+03	6.232561e-03	0.000000e+00	1.531467e+05
1.798483e+03	5.796247e-03	0.000000e+00	1.922873e+05
2.068255e+03	5.418601e-03	0.000000e+00	2.405608e+05
2.378493e+03	5.093312e-03	0.000000e+00	2.997815e+05
2.735268e+03	4.814961e-03	0.000000e+00	3.720259e+05
3.145558e+03	4.578789e-03	0.000000e+00	4.596458e+05
3.617391e+03	4.380465e-03	0.000000e+00	5.652807e+05
4.160000e+03	4.214197e-03	0.000000e+00	6.918821e+05
4.784000e+03	4.066808e-03	0.000000e+00	8.429939e+05
5.501600e+03	3.946896e-03	0.000000e+00	8.901828e+05
6.326840e+03	3.851454e-03	0.000000e+00	8.901828e+05
7.275866e+03	3.777709e-03	0.000000e+00	8.901828e+05
8.367246e+03	3.723134e-03	0.000000e+00	8.901828e+05
9.622333e+03	3.685468e-03	0.000000e+00	8.901828e+05
