# Energy_MeV	dEdx_Elec_MeV_um	dEdx_Nucl_MeV_um	Range_um
1.000000e-05	6.330952e-03	4.014451e-02	3.159082e-03
1.150000e-05	6.789190e-03	4.444869e-02	3.387738e-03
1.322500e-05	7.280595e-03	4.918109e-02	3.632945e-03
1.520875e-05	7.807569e-03	5.441277e-02	3.895899e-03
1.749006e-05	8.372685e-03	6.009936e-02	4.177886e-03
2.011357e-05	8.978704e-03	6.641127e-02	4.480284e-03
2.313061e-05	9.628587e-03	7.331859e-02	4.804569e-03
2.660020e-05	1.032551e-02	8.075187e-02	5.152327e-03
3.059023e-05	1.107288e-02	8.883422e-02	5.525255e-03
3.517876e-05	1.187434e-02	9.787794e-02	5.925176e-03
4.045558e-05	1.273381e-02	1.077914e-01	6.354043e-03
4.652391e-05	1.365549e-02	1.185810e-01	6.813952e-03
5.350250e-05	1.464388e-02	1.301352e-01	7.307149e-03
6.152788e-05	1.570381e-02	1.425973e-01	7.836045e-03
7.075706e-05	1.684046e-02	1.564885e-01	8.403222e-03
8.137062e-05	1.805938e-02	1.715785e-01	9.011451e-03
9.357621e-05	1.936653e-02	1.879105e-01	9.663705e-03
1.076126e-04	2.076829e-02	2.054798e-01	1.036317e-02
1.237545e-04	2.227151e-02	2.246794e-01	1.111326e-02
1.423177e-04	2.388353e-02	2.450761e-01	1.191764e-02
1.636654e-04	2.561223e-02	2.667449e-01	1.278025e-02
1.882152e-04	2.746606e-02	2.903284e-01	1.370529e-02
2.164475e-04	2.945407e-02	3.156474e-01	1.469729e-02
2.489146e-04	3.158597e-02	3.430493e-01	1.576108e-02
2.862518e-04	3.387218e-02	3.708848e-01	1.690188e-02
3.291895e-04	3.632387e-02	4.009802e-01	1.812525e-02
3.785680e-04	3.895301e-02	4.346585e-01	1.943716e-02
4.353531e-04	4.177244e-02	4.695502e-01	2.084403e-02
5.006561e-04	4.479596e-02	5.064068e-01	2.235274e-02
5.757545e-04	4.803831e-02	5.437187e-01	2.397064e-02
6.621177e-04	5.151535e-02	5.833085e-01	2.570565e-02
7.614354e-04	5.524406e-02	6.272489e-01	2.756624e-02
8.756507e-04	5.924265e-02	6.720597e-01	2.956149e-02
1.006998e-03	6.353067e-02	7.187087e-01	3.170117e-02
1.158048e-03	6.812905e-02	7.669285e-01	3.399572e-02
1.331755e-03	7.306027e-02	8.161742e-01	3.645635e-02
1.531519e-03	7.834841e-02	8.671956e-01	3.909508e-02
1.761246e-03	8.401931e-02	9.181911e-01	4.192480e-02
2.025433e-03	9.010067e-02	9.715579e-01	4.495934e-02
2.329248e-03	9.662220e-02	1.025677e+00	4.821352e-02
2.678635e-03	1.036158e-01	1.077259e+00	5.170324e-02
3.080431e-03	1.111155e-01	1.128299e+00	5.544555e-02
3.542495e-03	1.191581e-01	1.182698e+00	5.945873e-02
4.073870e-03	1.277829e-01	1.236898e+00	6.376238e-02
4.684950e-03	1.370319e-01	1.289769e+00	6.837753e-02
5.387693e-03	1.469503e-01	1.338658e+00	7.332674e-02
6.195847e-03	1.575866e-01	1.384811e+00	7.863416e-02
7.125224e-03	1.689928e-01	1.432820e+00	8.432575e-02
8.194007e-03	1.812246e-01	1.478692e+00	9.042929e-02
9.423108e-03	1.943418e-01	1.521716e+00	9.692637e-02
1.083657e-02	2.084083e-01	1.561032e+00	1.039854e-01
1.246206e-02	2.234930e-01	1.598677e+00	1.115235e-01
1.433137e-02	2.396696e-01	1.631817e+00	1.195957e-01
1.648108e-02	2.570170e-01	1.660330e+00	1.282516e-01
1.895324e-02	2.756200e-01	1.687274e+00	1.375344e-01
2.179622e-02	2.955695e-01	1.711129e+00	1.474890e-01
2.506566e-02	3.169630e-01	1.732298e+00	1.581641e-01
2.882550e-02	3.399050e-01	1.747318e+00	1.696119e-01
3.314933e-02	3.645075e-01	1.759732e+00	1.818884e-01
3.812173e-02	3.908907e-01	1.772030e+00	1.950533e-01
4.383999e-02	4.191836e-01	1.779613e+00	2.091711e-01
5.041599e-02	4.495243e-01	1.782843e+00	2.243108e-01
5.797838e-02	4.820611e-01	1.781337e+00	2.405464e-01
6.667514e-02	5.169530e-01	1.775987e+00	2.579571e-01
7.667641e-02	5.543703e-01	1.768559e+00	2.766280e-01
8.817787e-02	5.944959e-01	1.756243e+00	2.966502e-01
1.014046e-01	6.375258e-01	1.739098e+00	3.181217e-01
1.166152e-01	6.836703e-01	1.717607e+00	3.411474e-01
1.341075e-01	7.331547e-01	1.691489e+00	3.658397e-01
1.542237e-01	7.862208e-01	1.661136e+00	3.923190e-01
1.773572e-01	8.431279e-01	1.626364e+00	4.207151e-01
2.039608e-01	9.041539e-01	1.587014e+00	4.511666e-01
2.345549e-01	9.695971e-01	1.543729e+00	4.838221e-01
2.697381e-01	1.039777e+00	1.498153e+00	5.188412e-01
3.101989e-01	1.115037e+00	1.449472e+00	5.563948e-01
3.567287e-01	1.195744e+00	1.395355e+00	5.966668e-01
4.102380e-01	1.282292e+00	1.338990e+00	6.398538e-01
4.717737e-01	1.375105e+00	1.280279e+00	6.861666e-01
5.425397e-01	1.474636e+00	1.222409e+00	7.358313e-01
6.239207e-01	1.581371e+00	1.164268e+00	7.890911e-01
7.175088e-01	1.695831e+00	1.101437e+00	8.462065e-01
8.251351e-01	1.818577e+00	1.039111e+00	9.074463e-01
9.489054e-01	1.941229e+00	9.769453e-01	9.731934e-01
1.091241e+00	2.060154e+00	9.166326e-01	1.044316e+00
1.254927e+00	2.184327e+00	8.561528e-01	1.121429e+00
1.443166e+00	2.313245e+00	7.981720e-01	1.205118e+00
1.659641e+00	2.446103e+00	7.447037e-01	1.296062e+00
1.908588e+00	2.581707e+00	6.906864e-01	1.395058e+00
2.194876e+00	2.718377e+00	6.388772e-01	1.503048e+00
2.524107e+00	1.488739e+00	5.886901e-01	1.621164e+00
2.902723e+00	1.637319e+00	5.450498e-01	1.750781e+00
3.338132e+00	1.796395e+00	5.031590e-01	1.893590e+00
3.838852e+00	1.969688e+00	4.596659e-01	2.051699e+00
4.414679e+00	2.163444e+00	4.252779e-01	2.227753e+00
5.076881e+00	2.367154e+00	3.968998e-01	2.425091e+00
5.838413e+00	2.593556e+00	3.652020e-01	2.647947e+00
6.714175e+00	2.839575e+00	3.288260e-01	2.588106e+00
7.721302e+00	3.101115e+00	2.908182e-01	2.520922e+00
8.879497e+00	3.390402e+00	2.599042e-01	2.465362e+00
1.021142e+01	3.687471e+00	2.344569e-01	2.423125e+00
1.174313e+01	4.025631e+00	2.111190e-01	2.395875e+00
1.350460e+01	4.409565e+00	1.905691e-01	2.385291e+00
1.553030e+01	4.827066e+00	1.715935e-01	2.393065e+00
1.785984e+01	5.293461e+00	1.548508e-01	2.421073e+00
2.053882e+01	5.784593e+00	1.389835e-01	2.471250e+00
2.361964e+01	6.307123e+00	1.243271e-01	2.545654e+00
2.716258e+01	6.860326e+00	1.123043e-01	2.646497e+00
3.123697e+01	7.422339e+00	1.015213e-01	2.776222e+00
3.592252e+01	8.023847e+00	9.051259e-02	2.937611e+00
4.131089e+01	8.582168e+00	8.057228e-02	3.133949e+00
4.750753e+01	9.121092e+00	7.168319e-02	3.369226e+00
5.463366e+01	9.648605e+00	6.432136e-02	3.648344e+00
6.282871e+01	1.009460e+01	5.785671e-02	3.977461e+00
7.225301e+01	1.054123e+01	5.131253e-02	4.364215e+00
8.309096e+01	1.090497e+01	4.552033e-02	4.818103e+00
9.555461e+01	1.118309e+01	4.035297e-02	5.350896e+00
1.098878e+02	1.140401e+01	3.589020e-02	5.977107e+00
1.263710e+02	1.161105e+01	3.178479e-02	6.714675e+00
1.453266e+02	1.179357e+01	2.816674e-02	7.585910e+00
1.671256e+02	1.187533e+01	2.521238e-02	8.616511e+00
1.921945e+02	1.277190e+01	2.237830e-02	9.849984e+00
2.210236e+02	1.247141e+01	1.985923e-02	1.134304e+01
2.541772e+02	1.209972e+01	1.758663e-02	1.312917e+01
2.923037e+02	1.169729e+01	1.575494e-02	1.529057e+01
3.361493e+02	1.130184e+01	1.408906e-02	1.789990e+01
3.865717e+02	1.089089e+01	1.236702e-02	2.103068e+01
4.445574e+02	1.042322e+01	1.089788e-02	2.480645e+01
5.112411e+02	9.949548e+00	9.647900e-03	2.938848e+01
5.879272e+02	9.474733e+00	8.604998e-03	3.497619e+01
6.761163e+02	9.009365e+00	7.671700e-03	4.182024e+01
7.775337e+02	8.557056e+00	6.721320e-03	5.024218e+01
8.941638e+02	8.099484e+00	5.911940e-03	6.064757e+01
1.028288e+03	7.636835e+00	5.215122e-03	7.355441e+01
1.182532e+03	7.170630e+00	4.588219e-03	8.963327e+01
1.359911e+03	6.708994e+00	4.057341e-03	1.097510e+02
1.563898e+03	6.258130e+00	3.583646e-03	1.350034e+02
1.798483e+03	5.831685e+00	3.175783e-03	1.667594e+02
2.068255e+03	5.415019e+00	2.799172e-03	2.067722e+02
2.378493e+03	5.008984e+00	2.458025e-03	2.573544e+02
2.735268e+03	4.619306e+00	2.188551e-03	3.214666e+02
3.145558e+03	4.248513e+00	1.951126e-03	4.029186e+02
3.617391e+03	3.898341e+00	1.709035e-03	5.066006e+02
4.160000e+03	3.569566e+00	1.497934e-03	6.387702e+02
4.784000e+03	3.260855e+00	1.312215e-03	8.074275e+02
5.501600e+03	2.973704e+00	1.162948e-03	1.022799e+03
6.326840e+03	2.709639e+00	1.033503e-03	1.297895e+03
7.275866e+03	2.467328e+00	9.021736e-04	1.649214e+03
8.367246e+03	2.245423e+00	7.895953e-04	2.097583e+03
9.622333e+03	2.044479e+00	6.900729e-04	2.669180e+03
