# Energy_MeV	dEdx_Elec_MeV_um	dEdx_Nucl_MeV_um	Range_um
1.000000e-05	5.919051e-03	4.219652e-02	3.378920e-03
1.150000e-05	6.347475e-03	4.661326e-02	3.623488e-03
1.322500e-05	6.806908e-03	5.151518e-02	3.885758e-03
1.520875e-05	7.299596e-03	5.687449e-02	4.167012e-03
1.749006e-05	7.827944e-03	6.280160e-02	4.468622e-03
2.011357e-05	8.394535e-03	6.906903e-02	4.792063e-03
2.313061e-05	9.002136e-03	7.601283e-02	5.138915e-03
2.660020e-05	9.653716e-03	8.381403e-02	5.510873e-03
3.059023e-05	1.035246e-02	9.221484e-02	5.909753e-03
3.517876e-05	1.110177e-02	1.013902e-01	6.337504e-03
4.045558e-05	1.190533e-02	1.110983e-01	6.796215e-03
4.652391e-05	1.276704e-02	1.217664e-01	7.288129e-03
5.350250e-05	1.369112e-02	1.336891e-01	7.815648e-03
6.152788e-05	1.468209e-02	1.464642e-01	8.381349e-03
7.075706e-05	1.574479e-02	1.603076e-01	8.987995e-03
8.137062e-05	1.688441e-02	1.752177e-01	9.638551e-03
9.357621e-05	1.810651e-02	1.912330e-01	1.033619e-02
1.076126e-04	1.941707e-02	2.085429e-01	1.108433e-02
1.237545e-04	2.082249e-02	2.269461e-01	1.188662e-02
1.423177e-04	2.232963e-02	2.469338e-01	1.274698e-02
1.636654e-04	2.394586e-02	2.683940e-01	1.366962e-02
1.882152e-04	2.567908e-02	2.906354e-01	1.465903e-02
2.164475e-04	2.753774e-02	3.143397e-01	1.572006e-02
2.489146e-04	2.953094e-02	3.404558e-01	1.685789e-02
2.862518e-04	3.166840e-02	3.680830e-01	1.807807e-02
3.291895e-04	3.396058e-02	3.975438e-01	1.938657e-02
3.785680e-04	3.641866e-02	4.275006e-01	2.078978e-02
4.353531e-04	3.905466e-02	4.589868e-01	2.229455e-02
5.006561e-04	4.188146e-02	4.933533e-01	2.390825e-02
5.757545e-04	4.491286e-02	5.290057e-01	2.563874e-02
6.621177e-04	4.816368e-02	5.665845e-01	2.749448e-02
7.614354e-04	5.164979e-02	6.048714e-01	2.948455e-02
8.756507e-04	5.538823e-02	6.454047e-01	3.161865e-02
1.006998e-03	5.939726e-02	6.863213e-01	3.390723e-02
1.158048e-03	6.369647e-02	7.271177e-01	3.636145e-02
1.331755e-03	6.830685e-02	7.700800e-01	3.899331e-02
1.531519e-03	7.325094e-02	8.132767e-01	4.181567e-02
1.761246e-03	7.855288e-02	8.577498e-01	4.484231e-02
2.025433e-03	8.423858e-02	8.989685e-01	4.808802e-02
2.329248e-03	9.033581e-02	9.413087e-01	5.156866e-02
2.678635e-03	9.687436e-02	9.866644e-01	5.530122e-02
3.080431e-03	1.038862e-01	1.030192e+00	5.930396e-02
3.542495e-03	1.114055e-01	1.072107e+00	6.359641e-02
4.073870e-03	1.194691e-01	1.110311e+00	6.819955e-02
4.684950e-03	1.281163e-01	1.147808e+00	7.313587e-02
5.387693e-03	1.373895e-01	1.187044e+00	7.842948e-02
6.195847e-03	1.473338e-01	1.223460e+00	8.410625e-02
7.125224e-03	1.579979e-01	1.256785e+00	9.019390e-02
8.194007e-03	1.694339e-01	1.288088e+00	9.668486e-02
9.423108e-03	1.816976e-01	1.315988e+00	1.037226e-01
1.083657e-02	1.948489e-01	1.341825e+00	1.112325e-01
1.246206e-02	2.089522e-01	1.364440e+00	1.192844e-01
1.433137e-02	2.240763e-01	1.385235e+00	1.279177e-01
1.648108e-02	2.402951e-01	1.403856e+00	1.371763e-01
1.895324e-02	2.576877e-01	1.417634e+00	1.471050e-01
2.179622e-02	2.763393e-01	1.429035e+00	1.577524e-01
2.506566e-02	2.963409e-01	1.439547e+00	1.691704e-01
2.882550e-02	3.177902e-01	1.447097e+00	1.814149e-01
3.314933e-02	3.407920e-01	1.451867e+00	1.945455e-01
3.812173e-02	3.654587e-01	1.452248e+00	2.086266e-01
4.383999e-02	3.919108e-01	1.449601e+00	2.237270e-01
5.041599e-02	4.202775e-01	1.444763e+00	2.399203e-01
5.797838e-02	4.506975e-01	1.436392e+00	2.572856e-01
6.667514e-02	4.833192e-01	1.424542e+00	2.759078e-01
7.667641e-02	5.183021e-01	1.408697e+00	2.958780e-01
8.817787e-02	5.558171e-01	1.389405e+00	3.172937e-01
1.014046e-01	5.960474e-01	1.366372e+00	3.402594e-01
1.166152e-01	6.391896e-01	1.339878e+00	3.648873e-01
1.341075e-01	6.854545e-01	1.309539e+00	3.912978e-01
1.542237e-01	7.350681e-01	1.276082e+00	4.196200e-01
1.773572e-01	7.882727e-01	1.239368e+00	4.499922e-01
2.039608e-01	8.453283e-01	1.201148e+00	4.825627e-01
2.345549e-01	9.065136e-01	1.159632e+00	5.174905e-01
2.697381e-01	9.721275e-01	1.114035e+00	5.549465e-01
3.101989e-01	1.042491e+00	1.067029e+00	5.951138e-01
3.567287e-01	1.117947e+00	1.019213e+00	6.381883e-01
4.102380e-01	1.198864e+00	9.721077e-01	6.843805e-01
4.717737e-01	1.285639e+00	9.237014e-01	7.339158e-01
5.425397e-01	1.378694e+00	8.719500e-01	7.870368e-01
6.239207e-01	1.478484e+00	8.209563e-01	8.440056e-01
7.175088e-01	1.585498e+00	7.712083e-01	9.050796e-01
8.251351e-01	1.690223e+00	7.216079e-01	9.707001e-01
9.489054e-01	1.793576e+00	6.747222e-01	1.041742e+00
1.091241e+00	1.901419e+00	6.286203e-01	1.118766e+00
1.254927e+00	2.013288e+00	5.846680e-01	1.202374e+00
1.443166e+00	2.128448e+00	5.414809e-01	1.293247e+00
1.659641e+00	2.245818e+00	4.991051e-01	1.392192e+00
1.908588e+00	1.199116e+00	4.625478e-01	1.500159e+00
2.194876e+00	1.319404e+00	4.274639e-01	1.618297e+00
2.524107e+00	1.451514e+00	3.911122e-01	1.747998e+00
2.902723e+00	1.595010e+00	3.608478e-01	1.890984e+00
3.338132e+00	1.750071e+00	3.352346e-01	2.049398e+00
3.838852e+00	1.923327e+00	3.107905e-01	2.225934e+00
4.414679e+00	2.108251e+00	2.830968e-01	2.252442e+00
5.076881e+00	2.312478e+00	2.512721e-01	2.217497e+00
5.838413e+00	2.538331e+00	2.244923e-01	2.186767e+00
6.714175e+00	2.780424e+00	2.011369e-01	2.162129e+00
7.721302e+00	3.050965e+00	1.817594e-01	2.145466e+00
8.879497e+00	3.342983e+00	1.634092e-01	2.138686e+00
1.021142e+01	3.673496e+00	1.469356e-01	2.143693e+00
1.174313e+01	4.049091e+00	1.330531e-01	2.162593e+00
1.350460e+01	4.446789e+00	1.194695e-01	2.197546e+00
1.553030e+01	4.884012e+00	1.073822e-01	2.250848e+00
1.785984e+01	5.337282e+00	9.616810e-02	2.324946e+00
2.053882e+01	5.795965e+00	8.690005e-02	2.422452e+00
2.361964e+01	6.281757e+00	7.832601e-02	2.546184e+00
2.716258e+01	6.744107e+00	6.959454e-02	2.699238e+00
3.123697e+01	7.223129e+00	6.183928e-02	2.885118e+00
3.592252e+01	7.662429e+00	5.526991e-02	3.107882e+00
4.131089e+01	8.056797e+00	4.959905e-02	3.372446e+00
4.750753e+01	8.449349e+00	4.453003e-02	3.684778e+00
5.463366e+01	8.759623e+00	3.941295e-02	4.052248e+00
6.282871e+01	9.060636e+00	3.488899e-02	4.483987e+00
7.225301e+01	9.309165e+00	3.102531e-02	4.991304e+00
8.309096e+01	9.466579e+00	2.746459e-02	5.588221e+00
9.555461e+01	9.594586e+00	2.447160e-02	6.292071e+00
1.098878e+02	9.709609e+00	2.175312e-02	7.124252e+00
1.263710e+02	9.788045e+00	1.937010e-02	8.111770e+00
1.453266e+02	9.804096e+00	1.719708e-02	9.285260e+00
1.671256e+02	1.026454e+01	1.518041e-02	1.070004e+01
1.921945e+02	9.934311e+00	1.360656e-02	1.241825e+01
2.210236e+02	9.570227e+00	1.217451e-02	1.448610e+01
2.541772e+02	9.176498e+00	1.073119e-02	1.700341e+01
2.923037e+02	8.811304e+00	9.483922e-03	2.005812e+01
3.361493e+02	8.426834e+00	8.345298e-03	2.374563e+01
3.865717e+02	8.012330e+00	7.445951e-03	2.822629e+01
4.445574e+02	7.598300e+00	6.639675e-03	3.370115e+01
5.112411e+02	7.187242e+00	5.832137e-03	4.042337e+01
5.879272e+02	6.787895e+00	5.146686e-03	4.871323e+01
6.761163e+02	6.398841e+00	4.520250e-03	5.898312e+01
7.775337e+02	6.010856e+00	3.997797e-03	7.175544e+01
8.941638e+02	5.624741e+00	3.516323e-03	8.770170e+01
1.028288e+03	5.240954e+00	3.091929e-03	1.076947e+02
1.182532e+03	4.867208e+00	2.753892e-03	1.328635e+02
1.359911e+03	4.508182e+00	2.425544e-03	1.646381e+02
1.563898e+03	4.169895e+00	2.142942e-03	2.048124e+02
1.798483e+03	3.844466e+00	1.888494e-03	2.557047e+02
2.068255e+03	3.531921e+00	1.680404e-03	3.203595e+02
2.378493e+03	3.235651e+00	1.493164e-03	4.026825e+02
2.735268e+03	2.956741e+00	1.305212e-03	5.076999e+02
3.145558e+03	2.696313e+00	1.141191e-03	6.418646e+02
3.617391e+03	2.454656e+00	1.006354e-03	8.134288e+02
4.160000e+03	2.230812e+00	8.915173e-04	1.032940e+03
4.784000e+03	2.024957e+00	7.897057e-04	1.313862e+03
5.501600e+03	1.837044e+00	6.890752e-04	1.673300e+03
6.326840e+03	1.666225e+00	6.011976e-04	2.132904e+03
7.275866e+03	1.511526e+00	5.275681e-04	2.719966e+03
8.367246e+03	1.372445e+00	4.602058e-04	3.468718e+03
9.622333e+03	1.247868e+00	4.047264e-04	4.421880e+03
