# Energy_MeV	dEdx_Elec_MeV_um	dEdx_Nucl_MeV_um	Range_um
1.000000e-05	6.923397e-03	4.188264e-02	2.888755e-03
1.150000e-05	7.424516e-03	4.639235e-02	3.097845e-03
1.322500e-05	7.961907e-03	5.131863e-02	3.322069e-03
1.520875e-05	8.538194e-03	5.674121e-02	3.562522e-03
1.749006e-05	9.156193e-03	6.268691e-02	3.820379e-03
2.011357e-05	9.818923e-03	6.924444e-02	4.096900e-03
2.313061e-05	1.052962e-02	7.647137e-02	4.393436e-03
2.660020e-05	1.129176e-02	8.415501e-02	4.711435e-03
3.059023e-05	1.210906e-02	9.259286e-02	5.052451e-03
3.517876e-05	1.298553e-02	1.021010e-01	5.418150e-03
4.045558e-05	1.392542e-02	1.123462e-01	5.810319e-03
4.652391e-05	1.493335e-02	1.236037e-01	6.230873e-03
5.350250e-05	1.601424e-02	1.355172e-01	6.681866e-03
6.152788e-05	1.717336e-02	1.485070e-01	7.165503e-03
7.075706e-05	1.841637e-02	1.631099e-01	7.684146e-03
8.137062e-05	1.974936e-02	1.786661e-01	8.240329e-03
9.357621e-05	2.117883e-02	1.956952e-01	8.836768e-03
1.076126e-04	2.271177e-02	2.138776e-01	9.476378e-03
1.237545e-04	2.435565e-02	2.336755e-01	1.016228e-02
1.423177e-04	2.611853e-02	2.550693e-01	1.089784e-02
1.636654e-04	2.800900e-02	2.773833e-01	1.168663e-02
1.882152e-04	3.003631e-02	3.020225e-01	1.253251e-02
2.164475e-04	3.221035e-02	3.281644e-01	1.343962e-02
2.489146e-04	3.454176e-02	3.561123e-01	1.441239e-02
2.862518e-04	3.704191e-02	3.851786e-01	1.545556e-02
3.291895e-04	3.972302e-02	4.166282e-01	1.657424e-02
3.785680e-04	4.259819e-02	4.511269e-01	1.777390e-02
4.353531e-04	4.568147e-02	4.873141e-01	1.906038e-02
5.006561e-04	4.898792e-02	5.249195e-01	2.043998e-02
5.757545e-04	5.253369e-02	5.637149e-01	2.191944e-02
6.621177e-04	5.633611e-02	6.051193e-01	2.350598e-02
7.614354e-04	6.041375e-02	6.499343e-01	2.520735e-02
8.756507e-04	6.478653e-02	6.962658e-01	2.703188e-02
1.006998e-03	6.947581e-02	7.440693e-01	2.898846e-02
1.158048e-03	7.450451e-02	7.941696e-01	3.108666e-02
1.331755e-03	7.989718e-02	8.447075e-01	3.333673e-02
1.531519e-03	8.568018e-02	8.964370e-01	3.574966e-02
1.761246e-03	9.188176e-02	9.492710e-01	3.833724e-02
2.025433e-03	9.853221e-02	1.003656e+00	4.111210e-02
2.329248e-03	1.056640e-01	1.059603e+00	4.408782e-02
2.678635e-03	1.133120e-01	1.111500e+00	4.727892e-02
3.080431e-03	1.215136e-01	1.164020e+00	5.070099e-02
3.542495e-03	1.303088e-01	1.221154e+00	5.437076e-02
4.073870e-03	1.397407e-01	1.275207e+00	5.830614e-02
4.684950e-03	1.498552e-01	1.329436e+00	6.252637e-02
5.387693e-03	1.607018e-01	1.377848e+00	6.705206e-02
6.195847e-03	1.723334e-01	1.424929e+00	7.190533e-02
7.125224e-03	1.848070e-01	1.475317e+00	7.710987e-02
8.194007e-03	1.981835e-01	1.520411e+00	8.265548e-02
9.423108e-03	2.125281e-01	1.564275e+00	8.866106e-02
1.083657e-02	2.279110e-01	1.603375e+00	9.509759e-02
1.246206e-02	2.444073e-01	1.640441e+00	1.019800e-01
1.433137e-02	2.620976e-01	1.674724e+00	1.093613e-01
1.648108e-02	2.810684e-01	1.702591e+00	1.172769e-01
1.895324e-02	3.014123e-01	1.730216e+00	1.257652e-01
2.179622e-02	3.232287e-01	1.753493e+00	1.348680e-01
2.506566e-02	3.466241e-01	1.773402e+00	1.446296e-01
2.882550e-02	3.717130e-01	1.788463e+00	1.550978e-01
3.314933e-02	3.986177e-01	1.801221e+00	1.663238e-01
3.812173e-02	4.274699e-01	1.812540e+00	1.783622e-01
4.383999e-02	4.584104e-01	1.819595e+00	1.912719e-01
5.041599e-02	4.915904e-01	1.821769e+00	2.051161e-01
5.797838e-02	5.271720e-01	1.819562e+00	2.199624e-01
6.667514e-02	5.653289e-01	1.813833e+00	2.358833e-01
7.667641e-02	6.062478e-01	1.805073e+00	2.529564e-01
8.817787e-02	6.501283e-01	1.791591e+00	2.712653e-01
1.014046e-01	6.971849e-01	1.773138e+00	2.908995e-01
1.166152e-01	7.476475e-01	1.750309e+00	3.119548e-01
1.341075e-01	8.017627e-01	1.722729e+00	3.345341e-01
1.542237e-01	8.597947e-01	1.690833e+00	3.587477e-01
1.773572e-01	9.220270e-01	1.654297e+00	3.847138e-01
2.039608e-01	9.887639e-01	1.613395e+00	4.125594e-01
2.345549e-01	1.060331e+00	1.568140e+00	4.424206e-01
2.697381e-01	1.137078e+00	1.521300e+00	4.744431e-01
3.101989e-01	1.219381e+00	1.470637e+00	5.087832e-01
3.567287e-01	1.307640e+00	1.413755e+00	5.456090e-01
4.102380e-01	1.402288e+00	1.356463e+00	5.851004e-01
4.717737e-01	1.503786e+00	1.295575e+00	6.274502e-01
5.425397e-01	1.612631e+00	1.237331e+00	6.728656e-01
6.239207e-01	1.729354e+00	1.177386e+00	7.215661e-01
7.175088e-01	1.854526e+00	1.111395e+00	7.737951e-01
8.251351e-01	1.984346e+00	1.049061e+00	8.298092e-01
9.489054e-01	2.106318e+00	9.850182e-01	8.902952e-01
1.091241e+00	2.233822e+00	9.241934e-01	9.558788e-01
1.254927e+00	2.366398e+00	8.635559e-01	1.027026e+00
1.443166e+00	2.503294e+00	8.037668e-01	1.104317e+00
1.659641e+00	2.643378e+00	7.499308e-01	1.188414e+00
1.908588e+00	2.785037e+00	6.940831e-01	1.280100e+00
2.194876e+00	1.499218e+00	6.422020e-01	1.380313e+00
2.524107e+00	1.651753e+00	5.930922e-01	1.490190e+00
2.902723e+00	1.810812e+00	5.487213e-01	1.611125e+00
3.338132e+00	1.987354e+00	5.048172e-01	1.744849e+00
3.838852e+00	2.181089e+00	4.630133e-01	1.893533e+00
4.414679e+00	2.388205e+00	4.290287e-01	2.059913e+00
5.076881e+00	2.618722e+00	3.993444e-01	2.247456e+00
5.838413e+00	2.863354e+00	3.660140e-01	2.374279e+00
6.714175e+00	3.129580e+00	3.277506e-01	2.300377e+00
7.721302e+00	3.418474e+00	2.910689e-01	2.237664e+00
8.879497e+00	3.714506e+00	2.603416e-01	2.187509e+00
1.021142e+01	4.045758e+00	2.350118e-01	2.151226e+00
1.174313e+01	4.419486e+00	2.112028e-01	2.130120e+00
1.350460e+01	4.832436e+00	1.905897e-01	2.125535e+00
1.553030e+01	5.292006e+00	1.720121e-01	2.138826e+00
1.785984e+01	5.778740e+00	1.549191e-01	2.171556e+00
2.053882e+01	6.313468e+00	1.391352e-01	2.225317e+00
2.361964e+01	6.863761e+00	1.241975e-01	2.301828e+00
2.716258e+01	7.447419e+00	1.124764e-01	2.402990e+00
3.123697e+01	8.083327e+00	1.015531e-01	2.530965e+00
3.592252e+01	8.664976e+00	9.000795e-02	2.688310e+00
4.131089e+01	9.268722e+00	8.042179e-02	2.878135e+00
4.750753e+01	9.823242e+00	7.143163e-02	3.104295e+00
5.463366e+01	1.034158e+01	6.433982e-02	3.371598e+00
6.282871e+01	1.086902e+01	5.781749e-02	3.686084e+00
7.225301e+01	1.127206e+01	5.103476e-02	4.055258e+00
8.309096e+01	1.164723e+01	4.539406e-02	4.488434e+00
9.555461e+01	1.191188e+01	4.017625e-02	4.997113e+00
1.098878e+02	1.217814e+01	3.578831e-02	5.595530e+00
1.263710e+02	1.245540e+01	3.177099e-02	6.301090e+00
1.453266e+02	1.258656e+01	2.813178e-02	7.135143e+00
1.671256e+02	1.354228e+01	2.516471e-02	8.127072e+00
1.921945e+02	1.327090e+01	2.227691e-02	9.327271e+00
2.210236e+02	1.290458e+01	1.978977e-02	1.076299e+01
2.541772e+02	1.252174e+01	1.761362e-02	1.249382e+01
2.923037e+02	1.210522e+01	1.577199e-02	1.458320e+01
3.361493e+02	1.170772e+01	1.402582e-02	1.708926e+01
3.865717e+02	1.123265e+01	1.234644e-02	2.009982e+01
4.445574e+02	1.074373e+01	1.087211e-02	2.374357e+01
5.112411e+02	1.025216e+01	9.654786e-03	2.817501e+01
5.879272e+02	9.765447e+00	8.609559e-03	3.358842e+01
6.761163e+02	9.295803e+00	7.631735e-03	4.023208e+01
7.775337e+02	8.821480e+00	6.706682e-03	4.842007e+01
8.941638e+02	8.339353e+00	5.894526e-03	5.855076e+01
1.028288e+03	7.852500e+00	5.205388e-03	7.113823e+01
1.182532e+03	7.364794e+00	4.568430e-03	8.684873e+01
1.359911e+03	6.885023e+00	4.039940e-03	1.065276e+02
1.563898e+03	6.430230e+00	3.579939e-03	1.312312e+02
1.798483e+03	5.985926e+00	3.164990e-03	1.622944e+02
2.068255e+03	5.551275e+00	2.792623e-03	2.014840e+02
2.378493e+03	5.131245e+00	2.445984e-03	2.510648e+02
2.735268e+03	4.729718e+00	2.185579e-03	3.139520e+02
3.145558e+03	4.348728e+00	1.945517e-03	3.938861e+02
3.617391e+03	3.989693e+00	1.695378e-03	4.956583e+02
4.160000e+03	3.651700e+00	1.490008e-03	6.253912e+02
4.784000e+03	3.335601e+00	1.303070e-03	7.909180e+02
5.501600e+03	3.043546e+00	1.160295e-03	1.002216e+03
6.326840e+03	2.774876e+00	1.029967e-03	1.271952e+03
7.275866e+03	2.528016e+00	8.958737e-04	1.616136e+03
8.367246e+03	2.303287e+00	7.848259e-04	2.054922e+03
9.622333e+03	2.100420e+00	6.854305e-04	2.613542e+03
