# Energy_MeV	dEdx_Elec_MeV_um	dEdx_Nucl_MeV_um	Range_um
1.000000e-05	3.083955e-03	4.088346e-02	4.292288e-03
1.150000e-05	3.340902e-03	4.449498e-02	4.602966e-03
1.322500e-05	3.616120e-03	4.849580e-02	4.936131e-03
1.520875e-05	3.910963e-03	5.273793e-02	5.293410e-03
1.749006e-05	4.226879e-03	5.729634e-02	5.676550e-03
2.011357e-05	4.565416e-03	6.198773e-02	6.087422e-03
2.313061e-05	4.928233e-03	6.716324e-02	6.528033e-03
2.660020e-05	5.317107e-03	7.280677e-02	7.000535e-03
3.059023e-05	5.733940e-03	7.848215e-02	7.507238e-03
3.517876e-05	6.180773e-03	8.485405e-02	8.050616e-03
4.045558e-05	6.659791e-03	9.106493e-02	8.633323e-03
4.652391e-05	7.173335e-03	9.799925e-02	9.258208e-03
5.350250e-05	7.723917e-03	1.053827e-01	9.928322e-03
6.152788e-05	8.314228e-03	1.126932e-01	1.064694e-02
7.075706e-05	8.947152e-03	1.208555e-01	1.141757e-02
8.137062e-05	9.625783e-03	1.289260e-01	1.224398e-02
9.357621e-05	1.035344e-02	1.374307e-01	1.313021e-02
1.076126e-04	1.113367e-02	1.460936e-01	1.408058e-02
1.237545e-04	1.197030e-02	1.548964e-01	1.509974e-02
1.423177e-04	1.286740e-02	1.641747e-01	1.619266e-02
1.636654e-04	1.382937e-02	1.731978e-01	1.736470e-02
1.882152e-04	1.486090e-02	1.821928e-01	1.862156e-02
2.164475e-04	1.596703e-02	1.911685e-01	1.996940e-02
2.489146e-04	1.715317e-02	2.010534e-01	2.141480e-02
2.862518e-04	1.842510e-02	2.097743e-01	2.296481e-02
3.291895e-04	1.978906e-02	2.189918e-01	2.462702e-02
3.785680e-04	2.125169e-02	2.278068e-01	2.640953e-02
4.353531e-04	2.282015e-02	2.358890e-01	2.832107e-02
5.006561e-04	2.450209e-02	2.449406e-01	3.037096e-02
5.757545e-04	2.630574e-02	2.522840e-01	3.256923e-02
6.621177e-04	2.823990e-02	2.599796e-01	3.492661e-02
7.614354e-04	3.031403e-02	2.672998e-01	3.745461e-02
8.756507e-04	3.253826e-02	2.738727e-01	4.016560e-02
1.006998e-03	3.492345e-02	2.800295e-01	4.307281e-02
1.158048e-03	3.748125e-02	2.851730e-01	4.619044e-02
1.331755e-03	4.022417e-02	2.903243e-01	4.953373e-02
1.531519e-03	4.316560e-02	2.946749e-01	5.311901e-02
1.761246e-03	4.631991e-02	2.984703e-01	5.696379e-02
2.025433e-03	4.970252e-02	3.014599e-01	6.108323e-02
2.329248e-03	5.332994e-02	3.041517e-01	6.551071e-02
2.678635e-03	5.721990e-02	3.064731e-01	7.025100e-02
3.080431e-03	6.139140e-02	3.077055e-01	7.533637e-02
3.542495e-03	6.586483e-02	3.088480e-01	8.078901e-02
4.073870e-03	7.066203e-02	3.088149e-01	8.663645e-02
4.684950e-03	7.580644e-02	3.084621e-01	9.290715e-02
5.387693e-03	8.132319e-02	3.074410e-01	9.963170e-02
6.195847e-03	8.723924e-02	3.054507e-01	1.068430e-01
7.125224e-03	9.358349e-02	3.030089e-01	1.145762e-01
8.194007e-03	1.003869e-01	2.996275e-01	1.228691e-01
9.423108e-03	1.076828e-01	2.955336e-01	1.317624e-01
1.083657e-02	1.155067e-01	2.906558e-01	1.412993e-01
1.246206e-02	1.238970e-01	2.850174e-01	1.515264e-01
1.433137e-02	1.328945e-01	2.785728e-01	1.624939e-01
1.648108e-02	1.425432e-01	2.714958e-01	1.742552e-01
1.895324e-02	1.528904e-01	2.639302e-01	1.868678e-01
2.179622e-02	1.639864e-01	2.557163e-01	2.003932e-01
2.506566e-02	1.758856e-01	2.464220e-01	2.148976e-01
2.882550e-02	1.886460e-01	2.373321e-01	2.304519e-01
3.314933e-02	2.023301e-01	2.273218e-01	2.471321e-01
3.812173e-02	2.170046e-01	2.174063e-01	2.650195e-01
4.383999e-02	2.327412e-01	2.073995e-01	2.842016e-01
5.041599e-02	2.496169e-01	1.961448e-01	3.047721e-01
5.797838e-02	2.677141e-01	1.861381e-01	3.268316e-01
6.667514e-02	2.871211e-01	1.752558e-01	3.504878e-01
7.667641e-02	3.079328e-01	1.645898e-01	3.758562e-01
8.817787e-02	3.302509e-01	1.541917e-01	4.030606e-01
1.014046e-01	3.541843e-01	1.439114e-01	4.322342e-01
1.166152e-01	3.798501e-01	1.345683e-01	4.635196e-01
1.341075e-01	4.073736e-01	1.247659e-01	4.970685e-01
1.542237e-01	4.368892e-01	1.157350e-01	5.330504e-01
1.773572e-01	4.685412e-01	1.070308e-01	5.716191e-01
2.039608e-01	5.024878e-01	9.919320e-02	6.131521e-01
2.345549e-01	5.388920e-01	9.120153e-02	6.581690e-01
2.697381e-01	5.779311e-01	8.371307e-02	7.069831e-01
3.101989e-01	6.197960e-01	7.806216e-02	7.599900e-01
3.567287e-01	6.646750e-01	7.183412e-02	7.844460e-01
4.102380e-01	7.128023e-01	6.599403e-02	8.076508e-01
4.717737e-01	7.710416e-01	5.987572e-02	8.348750e-01
5.425397e-01	8.482879e-01	5.381839e-02	8.612750e-01
6.239207e-01	9.311925e-01	4.876151e-02	8.869560e-01
7.175088e-01	1.023644e+00	4.336496e-02	9.121154e-01
8.251351e-01	1.123299e+00	3.910509e-02	9.370577e-01
9.489054e-01	1.232558e+00	3.517776e-02	9.622096e-01
1.091241e+00	1.350943e+00	3.174671e-02	9.881352e-01
1.254927e+00	1.473078e+00	2.857124e-02	1.015550e+00
1.443166e+00	1.605840e+00	2.562327e-02	1.045334e+00
1.659641e+00	1.734868e+00	2.308611e-02	1.078533e+00
1.908588e+00	1.859961e+00	2.081680e-02	1.116412e+00
2.194876e+00	1.978880e+00	1.876500e-02	1.160447e+00
2.524107e+00	2.103365e+00	1.660844e-02	1.212369e+00
2.902723e+00	2.233571e+00	1.502489e-02	1.274202e+00
3.338132e+00	2.339246e+00	1.337002e-02	1.348292e+00
3.838852e+00	2.433131e+00	1.195018e-02	1.437362e+00
4.414679e+00	2.517782e+00	1.074619e-02	1.544537e+00
5.076881e+00	2.572880e+00	9.445021e-03	1.673405e+00
5.838413e+00	2.624546e+00	8.520484e-03	1.828100e+00
6.714175e+00	2.662114e+00	7.545495e-03	2.013429e+00
7.721302e+00	2.686370e+00	6.684958e-03	2.235064e+00
8.879497e+00	2.701731e+00	5.942890e-03	2.499816e+00
1.021142e+01	2.695150e+00	5.258291e-03	2.815993e+00
1.174313e+01	2.681573e+00	4.709501e-03	3.193864e+00
1.350460e+01	2.654229e+00	4.160768e-03	3.646254e+00
1.553030e+01	2.614323e+00	3.703369e-03	4.189282e+00
1.785984e+01	2.563943e+00	3.293274e-03	4.843304e+00
2.053882e+01	2.500536e+00	2.944183e-03	5.634111e+00
2.361964e+01	2.428118e+00	2.607338e-03	6.594494e+00
2.716258e+01	2.345705e+00	2.303508e-03	7.765969e+00
3.123697e+01	2.255080e+00	2.056339e-03	9.202423e+00
3.592252e+01	2.195061e+00	1.803752e-03	1.096950e+01
4.131089e+01	2.056490e+00	1.616360e-03	1.317940e+01
4.750753e+01	1.913567e+00	1.421956e-03	1.594221e+01
5.463366e+01	1.771436e+00	1.255027e-03	1.939611e+01
6.282871e+01	1.632107e+00	1.116937e-03	2.374517e+01
7.225301e+01	1.512617e+00	9.755582e-04	2.920240e+01
8.309096e+01	1.393695e+00	8.634839e-04	3.603360e+01
9.555461e+01	1.278905e+00	7.602652e-04	4.463779e+01
1.098878e+02	1.170096e+00	6.731232e-04	5.551310e+01
1.263710e+02	1.067678e+00	5.936636e-04	6.930305e+01
1.453266e+02	9.719954e-01	5.223368e-04	8.683912e+01
1.671256e+02	8.827710e-01	4.625964e-04	1.091990e+02
1.921945e+02	7.997180e-01	4.105704e-04	1.377667e+02
2.210236e+02	7.226662e-01	3.644238e-04	1.743383e+02
2.541772e+02	6.510289e-01	3.165095e-04	2.212576e+02
2.923037e+02	5.856694e-01	2.829595e-04	2.815497e+02
3.361493e+02	5.267369e-01	2.475423e-04	3.590505e+02
3.865717e+02	4.736032e-01	2.184160e-04	4.585958e+02
4.445574e+02	4.253362e-01	1.937140e-04	5.864866e+02
5.112411e+02	3.816673e-01	1.674580e-04	7.508644e+02
5.879272e+02	3.423267e-01	1.495001e-04	9.621666e+02
6.761163e+02	3.069597e-01	1.303241e-04	1.233752e+03
7.775337e+02	2.752198e-01	1.139774e-04	1.582692e+03
8.941638e+02	2.468528e-01	9.994829e-05	2.030719e+03
1.028288e+03	2.215606e-01	8.718377e-05	2.605522e+03
1.182532e+03	1.990159e-01	7.713725e-05	3.342288e+03
1.359911e+03	1.789457e-01	6.713916e-05	4.285572e+03
1.563898e+03	1.611398e-01	5.906931e-05	5.491615e+03
1.798483e+03	1.453519e-01	0.000000e+00	7.031135e+03
2.068255e+03	1.313521e-01	0.000000e+00	8.992669e+03
2.378493e+03	1.189708e-01	0.000000e+00	1.148653e+04
2.735268e+03	1.080480e-01	0.000000e+00	1.464940e+04
3.145558e+03	9.841464e-02	0.000000e+00	1.864957e+04
3.617391e+03	8.993366e-02	0.000000e+00	2.369285e+04
4.160000e+03	8.249351e-02	0.000000e+00	3.002901e+04
4.784000e+03	7.597621e-02	0.000000e+00	3.795868e+04
5.501600e+03	7.027451e-02	0.000000e+00	4.784053e+04
6.326840e+03	6.531178e-02	0.000000e+00	6.009837e+04
7.275866e+03	6.101526e-02	0.000000e+00	7.522807e+04
8.367246e+03	5.730876e-02	0.000000e+00	9.380392e+04
9.622333e+03	5.413182e-02	0.000000e+00	1.164843e+05
