# Energy_MeV	dEdx_Elec_MeV_um	dEdx_Nucl_MeV_um	Range_um
1.000000e-05	6.538446e-03	3.367694e-02	3.058831e-03
1.150000e-05	7.011702e-03	3.735212e-02	3.280231e-03
1.322500e-05	7.519213e-03	4.139377e-02	3.517656e-03
1.520875e-05	8.063457e-03	4.602465e-02	3.772265e-03
1.749006e-05	8.647094e-03	5.102987e-02	4.045304e-03
2.011357e-05	9.272976e-03	5.656992e-02	4.338105e-03
2.313061e-05	9.944159e-03	6.264562e-02	4.652100e-03
2.660020e-05	1.066392e-02	6.931971e-02	4.988821e-03
3.059023e-05	1.143578e-02	7.671884e-02	5.349914e-03
3.517876e-05	1.226351e-02	8.469814e-02	5.737144e-03
4.045558e-05	1.315115e-02	9.361861e-02	6.152402e-03
4.652391e-05	1.410304e-02	1.033424e-01	6.597716e-03
5.350250e-05	1.512382e-02	1.138913e-01	7.075262e-03
6.152788e-05	1.621849e-02	1.252251e-01	7.587373e-03
7.075706e-05	1.739240e-02	1.379234e-01	8.136551e-03
8.137062e-05	1.865127e-02	1.520306e-01	8.725479e-03
9.357621e-05	2.000125e-02	1.671554e-01	9.357034e-03
1.076126e-04	2.144896e-02	1.835961e-01	1.003430e-02
1.237545e-04	2.300144e-02	2.010651e-01	1.076059e-02
1.423177e-04	2.466630e-02	2.205639e-01	1.153945e-02
1.636654e-04	2.645166e-02	2.420708e-01	1.237468e-02
1.882152e-04	2.836624e-02	2.649505e-01	1.327036e-02
2.164475e-04	3.041941e-02	2.898874e-01	1.423088e-02
2.489146e-04	3.262118e-02	3.168171e-01	1.526092e-02
2.862518e-04	3.498232e-02	3.457115e-01	1.636551e-02
3.291895e-04	3.751436e-02	3.764221e-01	1.755005e-02
3.785680e-04	4.022967e-02	4.094677e-01	1.882034e-02
4.353531e-04	4.314151e-02	4.454768e-01	2.018256e-02
5.006561e-04	4.626412e-02	4.840440e-01	2.164339e-02
5.757545e-04	4.961274e-02	5.236249e-01	2.320995e-02
6.621177e-04	5.320374e-02	5.656932e-01	2.488990e-02
7.614354e-04	5.705465e-02	6.137840e-01	2.669144e-02
8.756507e-04	6.118430e-02	6.627778e-01	2.862338e-02
1.006998e-03	6.561285e-02	7.150234e-01	3.069516e-02
1.158048e-03	7.036194e-02	7.679859e-01	3.291689e-02
1.331755e-03	7.545477e-02	8.232893e-01	3.529943e-02
1.531519e-03	8.091623e-02	8.863022e-01	3.785442e-02
1.761246e-03	8.677299e-02	9.490602e-01	4.059434e-02
2.025433e-03	9.305367e-02	1.015388e+00	4.353258e-02
2.329248e-03	9.978894e-02	1.083264e+00	4.668350e-02
2.678635e-03	1.070117e-01	1.153332e+00	5.006247e-02
3.080431e-03	1.147573e-01	1.226026e+00	5.368602e-02
3.542495e-03	1.230635e-01	1.297345e+00	5.757184e-02
4.073870e-03	1.319709e-01	1.373770e+00	6.173892e-02
4.684950e-03	1.415230e-01	1.449534e+00	6.620762e-02
5.387693e-03	1.517665e-01	1.524047e+00	7.099976e-02
6.195847e-03	1.627514e-01	1.595263e+00	7.613876e-02
7.125224e-03	1.745315e-01	1.671451e+00	8.164972e-02
8.194007e-03	1.871642e-01	1.750384e+00	8.755958e-02
9.423108e-03	2.007112e-01	1.823959e+00	9.389718e-02
1.083657e-02	2.152388e-01	1.895144e+00	1.006935e-01
1.246206e-02	2.308179e-01	1.959358e+00	1.079818e-01
1.433137e-02	2.475246e-01	2.026514e+00	1.157519e-01
1.648108e-02	2.654406e-01	2.093896e+00	1.241781e-01
1.895324e-02	2.846533e-01	2.153528e+00	1.331696e-01
2.179622e-02	3.052566e-01	2.210547e+00	1.428094e-01
2.506566e-02	3.273513e-01	2.263403e+00	1.531454e-01
2.882550e-02	3.510451e-01	2.310863e+00	1.642300e-01
3.314933e-02	3.764540e-01	2.351890e+00	1.761168e-01
3.812173e-02	4.037019e-01	2.389269e+00	1.888640e-01
4.383999e-02	4.329221e-01	2.424328e+00	2.025339e-01
5.041599e-02	4.642572e-01	2.454472e+00	2.171931e-01
5.797838e-02	4.978604e-01	2.476056e+00	2.329134e-01
6.667514e-02	5.338958e-01	2.493064e+00	2.497715e-01
7.667641e-02	5.725394e-01	2.511775e+00	2.678500e-01
8.817787e-02	6.139801e-01	2.522163e+00	2.872369e-01
1.014046e-01	6.584204e-01	2.527461e+00	3.080270e-01
1.166152e-01	7.060772e-01	2.525324e+00	3.303218e-01
1.341075e-01	7.571834e-01	2.517636e+00	3.542305e-01
1.542237e-01	8.119887e-01	2.508021e+00	3.798697e-01
1.773572e-01	8.707609e-01	2.490545e+00	4.073647e-01
2.039608e-01	9.337871e-01	2.466703e+00	4.368496e-01
2.345549e-01	1.001375e+00	2.436404e+00	4.684687e-01
2.697381e-01	1.073855e+00	2.399742e+00	5.023766e-01
3.101989e-01	1.151581e+00	2.356971e+00	5.387388e-01
3.567287e-01	1.234933e+00	2.308093e+00	5.777327e-01
4.102380e-01	1.324319e+00	2.252340e+00	6.195489e-01
4.717737e-01	1.420173e+00	2.191578e+00	6.643919e-01
5.425397e-01	1.522966e+00	2.126534e+00	7.124809e-01
6.239207e-01	1.633199e+00	2.058365e+00	7.640505e-01
7.175088e-01	1.751411e+00	1.982412e+00	8.193526e-01
8.251351e-01	1.878179e+00	1.901345e+00	8.786572e-01
9.489054e-01	2.014123e+00	1.819356e+00	9.422546e-01
1.091241e+00	2.159906e+00	1.735772e+00	1.010459e+00
1.254927e+00	2.316241e+00	1.654679e+00	1.083578e+00
1.443166e+00	2.469395e+00	1.566605e+00	1.162137e+00
1.659641e+00	2.620406e+00	1.476126e+00	1.247183e+00
1.908588e+00	2.777985e+00	1.389597e+00	1.339391e+00
2.194876e+00	2.941452e+00	1.302679e+00	1.439480e+00
2.524107e+00	3.109738e+00	1.217221e+00	1.548265e+00
2.902723e+00	3.281265e+00	1.135348e+00	1.666710e+00
3.338132e+00	3.453829e+00	1.058610e+00	1.795956e+00
3.838852e+00	3.624476e+00	9.833565e-01	1.937372e+00
4.414679e+00	1.930821e+00	9.083138e-01	2.092627e+00
5.076881e+00	2.119280e+00	8.362934e-01	2.263779e+00
5.838413e+00	2.323625e+00	7.752982e-01	2.453392e+00
6.714175e+00	2.552210e+00	7.167004e-01	2.664687e+00
7.721302e+00	2.796489e+00	6.520461e-01	2.901735e+00
8.879497e+00	3.066152e+00	6.043867e-01	3.169695e+00
1.021142e+01	3.363935e+00	5.648667e-01	3.475122e+00
1.174313e+01	3.677439e+00	5.204012e-01	3.826350e+00
1.350460e+01	4.020006e+00	4.692660e-01	4.043248e+00
1.553030e+01	4.360982e+00	4.128338e-01	3.846712e+00
1.785984e+01	4.744187e+00	3.699599e-01	3.689712e+00
2.053882e+01	5.177146e+00	3.333248e-01	3.570905e+00
2.361964e+01	5.619319e+00	3.008108e-01	3.489337e+00
2.716258e+01	6.112337e+00	2.711502e-01	3.444443e+00
3.123697e+01	6.650765e+00	2.439073e-01	3.436028e+00
3.592252e+01	7.236164e+00	2.206384e-01	3.464191e+00
4.131089e+01	7.886280e+00	1.976350e-01	3.529494e+00
4.750753e+01	8.575043e+00	1.772012e-01	3.632884e+00
5.463366e+01	9.327911e+00	1.595553e-01	3.775807e+00
6.282871e+01	1.010820e+01	1.446421e-01	3.960387e+00
7.225301e+01	1.087856e+01	1.292509e-01	4.189611e+00
8.309096e+01	1.169255e+01	1.145116e-01	4.467542e+00
9.555461e+01	1.240919e+01	1.022458e-01	4.799558e+00
1.098878e+02	1.313710e+01	9.136779e-02	5.192607e+00
1.263710e+02	1.380121e+01	8.244957e-02	5.655456e+00
1.453266e+02	1.431384e+01	7.330026e-02	6.199139e+00
1.671256e+02	1.479589e+01	6.469880e-02	6.837272e+00
1.921945e+02	1.527513e+01	5.757791e-02	7.586587e+00
2.210236e+02	1.570174e+01	5.106112e-02	8.468153e+00
2.541772e+02	1.601630e+01	4.521345e-02	9.504897e+00
2.923037e+02	1.777150e+01	4.017266e-02	1.074227e+01
3.361493e+02	1.753991e+01	3.587000e-02	1.222900e+01
3.865717e+02	1.723944e+01	3.194506e-02	1.399381e+01
4.445574e+02	1.685048e+01	2.825899e-02	1.611353e+01
5.112411e+02	1.647114e+01	2.497982e-02	1.864753e+01
5.879272e+02	1.601467e+01	2.243791e-02	2.165634e+01
6.761163e+02	1.546745e+01	2.010906e-02	2.525273e+01
7.775337e+02	1.490358e+01	1.757239e-02	2.957575e+01
8.941638e+02	1.432864e+01	1.553054e-02	3.479727e+01
1.028288e+03	1.376718e+01	1.370247e-02	4.113138e+01
1.182532e+03	1.321721e+01	1.225500e-02	4.885065e+01
1.359911e+03	1.264446e+01	1.095166e-02	5.829508e+01
1.563898e+03	1.205100e+01	9.550267e-03	6.989681e+01
1.798483e+03	1.143669e+01	8.425976e-03	8.421270e+01
2.068255e+03	1.081785e+01	7.416842e-03	1.019561e+02
2.378493e+03	1.020563e+01	6.544120e-03	1.240184e+02
2.735268e+03	9.615603e+00	5.775565e-03	1.515023e+02
3.145558e+03	9.025574e+00	5.094932e-03	1.858258e+02
3.617391e+03	8.437828e+00	4.528848e-03	2.288478e+02
4.160000e+03	7.864517e+00	3.981342e-03	2.829395e+02
4.784000e+03	7.309560e+00	3.506272e-03	3.511404e+02
5.501600e+03	6.774605e+00	3.109427e-03	4.373430e+02
6.326840e+03	6.263126e+00	2.782136e-03	5.465167e+02
7.275866e+03	5.777315e+00	2.443503e-03	6.850118e+02
8.367246e+03	5.318575e+00	2.129056e-03	8.609416e+02
9.622333e+03	4.887794e+00	1.873578e-03	1.084630e+03
