# Energy_MeV	dEdx_Elec_MeV_um	dEdx_Nucl_MeV_um	Range_um
1.000000e-05	6.071139e-03	3.538089e-02	3.294275e-03
1.150000e-05	6.510571e-03	3.932273e-02	3.532716e-03
1.322500e-05	6.981810e-03	4.359521e-02	3.788416e-03
1.520875e-05	7.487157e-03	4.833144e-02	4.062623e-03
1.749006e-05	8.029081e-03	5.351173e-02	4.356678e-03
2.011357e-05	8.610231e-03	5.920960e-02	4.672017e-03
2.313061e-05	9.233444e-03	6.549589e-02	5.010180e-03
2.660020e-05	9.901765e-03	7.232291e-02	5.372820e-03
3.059023e-05	1.061846e-02	7.993119e-02	5.761707e-03
3.517876e-05	1.138703e-02	8.823282e-02	6.178742e-03
4.045558e-05	1.221123e-02	9.718185e-02	6.625963e-03
4.652391e-05	1.309508e-02	1.068667e-01	7.105554e-03
5.350250e-05	1.404291e-02	1.177801e-01	7.619858e-03
6.152788e-05	1.505935e-02	1.297344e-01	8.171387e-03
7.075706e-05	1.614935e-02	1.426515e-01	8.762836e-03
8.137062e-05	1.731825e-02	1.565655e-01	9.397095e-03
9.357621e-05	1.857175e-02	1.714712e-01	1.007726e-02
1.076126e-04	1.991599e-02	1.882312e-01	1.080666e-02
1.237545e-04	2.135752e-02	2.064182e-01	1.158885e-02
1.423177e-04	2.290338e-02	2.259492e-01	1.242766e-02
1.636654e-04	2.456114e-02	2.471157e-01	1.332718e-02
1.882152e-04	2.633889e-02	2.700826e-01	1.429181e-02
2.164475e-04	2.824532e-02	2.946466e-01	1.532626e-02
2.489146e-04	3.028973e-02	3.206327e-01	1.643558e-02
2.862518e-04	3.248211e-02	3.488904e-01	1.762519e-02
3.291895e-04	3.483319e-02	3.793903e-01	1.890091e-02
3.785680e-04	3.735443e-02	4.120842e-01	2.026897e-02
4.353531e-04	4.005816e-02	4.454591e-01	2.173605e-02
5.006561e-04	4.295759e-02	4.815534e-01	2.330932e-02
5.757545e-04	4.606689e-02	5.220921e-01	2.499646e-02
6.621177e-04	4.940123e-02	5.636642e-01	2.680572e-02
7.614354e-04	5.297692e-02	6.079025e-01	2.874593e-02
8.756507e-04	5.681142e-02	6.524579e-01	3.082657e-02
1.006998e-03	6.092346e-02	6.999610e-01	3.305782e-02
1.158048e-03	6.533313e-02	7.528231e-01	3.545056e-02
1.331755e-03	7.006198e-02	8.060398e-01	3.801649e-02
1.531519e-03	7.513310e-02	8.620672e-01	4.076814e-02
1.761246e-03	8.057127e-02	9.195975e-01	4.371896e-02
2.025433e-03	8.640307e-02	9.787317e-01	4.688337e-02
2.329248e-03	9.265697e-02	1.039431e+00	5.027681e-02
2.678635e-03	9.936353e-02	1.100011e+00	5.391587e-02
3.080431e-03	1.065555e-01	1.164084e+00	5.781833e-02
3.542495e-03	1.142681e-01	1.228326e+00	6.200325e-02
4.073870e-03	1.225388e-01	1.290177e+00	6.649108e-02
4.684950e-03	1.314083e-01	1.350295e+00	7.130374e-02
5.387693e-03	1.409197e-01	1.415774e+00	7.646474e-02
6.195847e-03	1.511195e-01	1.480807e+00	8.199930e-02
7.125224e-03	1.620576e-01	1.542789e+00	8.793445e-02
8.194007e-03	1.737874e-01	1.601226e+00	9.429919e-02
9.423108e-03	1.863663e-01	1.655056e+00	1.011246e-01
1.083657e-02	1.998555e-01	1.712772e+00	1.084441e-01
1.246206e-02	2.143212e-01	1.767671e+00	1.162332e-01
1.433137e-02	2.298339e-01	1.817678e+00	1.246955e-01
1.648108e-02	2.464694e-01	1.864641e+00	1.337406e-01
1.895324e-02	2.643090e-01	1.908488e+00	1.434207e-01
2.179622e-02	2.834398e-01	1.947785e+00	1.538011e-01
2.506566e-02	3.039553e-01	1.981337e+00	1.649332e-01
2.882550e-02	3.259557e-01	2.012827e+00	1.768709e-01
3.314933e-02	3.495486e-01	2.041266e+00	1.896726e-01
3.812173e-02	3.748491e-01	2.065474e+00	2.034010e-01
4.383999e-02	4.019809e-01	2.082719e+00	2.181231e-01
5.041599e-02	4.310765e-01	2.097284e+00	2.339107e-01
5.797838e-02	4.622780e-01	2.111866e+00	2.508410e-01
6.667514e-02	4.957379e-01	2.119953e+00	2.689967e-01
7.667641e-02	5.316197e-01	2.123494e+00	2.884667e-01
8.817787e-02	5.700986e-01	2.120925e+00	3.093459e-01
1.014046e-01	6.113627e-01	2.114274e+00	3.317362e-01
1.166152e-01	6.556134e-01	2.105132e+00	3.557471e-01
1.341075e-01	7.030671e-01	2.089622e+00	3.814960e-01
1.542237e-01	7.539554e-01	2.068737e+00	4.091088e-01
1.773572e-01	8.085271e-01	2.042491e+00	4.387201e-01
2.039608e-01	8.670488e-01	2.010874e+00	4.704746e-01
2.345549e-01	9.298062e-01	1.974135e+00	5.045274e-01
2.697381e-01	9.971061e-01	1.932156e+00	5.410452e-01
3.101989e-01	1.069277e+00	1.884681e+00	5.802063e-01
3.567287e-01	1.146672e+00	1.832699e+00	6.222017e-01
4.102380e-01	1.229669e+00	1.777826e+00	6.672366e-01
4.717737e-01	1.318673e+00	1.719728e+00	7.155311e-01
5.425397e-01	1.414119e+00	1.654439e+00	7.673216e-01
6.239207e-01	1.516474e+00	1.586667e+00	8.228607e-01
7.175088e-01	1.626237e+00	1.516966e+00	8.824193e-01
8.251351e-01	1.743945e+00	1.447560e+00	9.462893e-01
9.489054e-01	1.870172e+00	1.378959e+00	1.014782e+00
1.091241e+00	2.005536e+00	1.303257e+00	1.088226e+00
1.254927e+00	2.142558e+00	1.228532e+00	1.167043e+00
1.443166e+00	2.273969e+00	1.155374e+00	1.252255e+00
1.659641e+00	2.411235e+00	1.083092e+00	1.344647e+00
1.908588e+00	2.553822e+00	1.011898e+00	1.444905e+00
2.194876e+00	2.700867e+00	9.429873e-01	1.553840e+00
2.524107e+00	2.851086e+00	8.792918e-01	1.672403e+00
2.902723e+00	3.002662e+00	8.154844e-01	1.801713e+00
3.338132e+00	3.153145e+00	7.534395e-01	1.943114e+00
3.838852e+00	1.700693e+00	6.947774e-01	2.098236e+00
4.414679e+00	1.869396e+00	6.438743e-01	2.269086e+00
5.076881e+00	2.055071e+00	5.935912e-01	2.458157e+00
5.838413e+00	2.262227e+00	5.416650e-01	2.668581e+00
6.714175e+00	2.482005e+00	5.027152e-01	2.904309e+00
7.721302e+00	2.727082e+00	4.688781e-01	3.170347e+00
8.879497e+00	2.992250e+00	4.306523e-01	3.473052e+00
1.021142e+01	3.276112e+00	3.866926e-01	3.496119e+00
1.174313e+01	3.589977e+00	3.412459e-01	3.372976e+00
1.350460e+01	3.898583e+00	3.060370e-01	3.272467e+00
1.553030e+01	4.249788e+00	2.758616e-01	3.195839e+00
1.785984e+01	4.646807e+00	2.485852e-01	3.144346e+00
2.053882e+01	5.077699e+00	2.240345e-01	3.119313e+00
2.361964e+01	5.559427e+00	2.018962e-01	3.122189e+00
2.716258e+01	6.074658e+00	1.823391e-01	3.154458e+00
3.123697e+01	6.637520e+00	1.634008e-01	3.217991e+00
3.592252e+01	7.238149e+00	1.462737e-01	3.314694e+00
4.131089e+01	7.870541e+00	1.319841e-01	3.446776e+00
4.750753e+01	8.562090e+00	1.195449e-01	3.616841e+00
5.463366e+01	9.221538e+00	1.063180e-01	3.828063e+00
6.282871e+01	9.888391e+00	9.446835e-02	4.084419e+00
7.225301e+01	1.054153e+01	8.425307e-02	4.390936e+00
8.309096e+01	1.112793e+01	7.551048e-02	4.753962e+00
9.555461e+01	1.172577e+01	6.809462e-02	5.181503e+00
1.098878e+02	1.221912e+01	6.023230e-02	5.683586e+00
1.263710e+02	1.263984e+01	5.333357e-02	6.272649e+00
1.453266e+02	1.297905e+01	4.741053e-02	6.964053e+00
1.671256e+02	1.331402e+01	4.209365e-02	7.776761e+00
1.921945e+02	1.364039e+01	3.734218e-02	8.734176e+00
2.210236e+02	1.383098e+01	3.310507e-02	9.863683e+00
2.541772e+02	1.489052e+01	2.958963e-02	1.120917e+01
2.923037e+02	1.462542e+01	2.628650e-02	1.283399e+01
3.361493e+02	1.426646e+01	2.328196e-02	1.477080e+01
3.865717e+02	1.387220e+01	2.066197e-02	1.710447e+01
4.445574e+02	1.346205e+01	1.855225e-02	1.991175e+01
5.112411e+02	1.304071e+01	1.655531e-02	2.326612e+01
5.879272e+02	1.253567e+01	1.449697e-02	2.729013e+01
6.761163e+02	1.201843e+01	1.280699e-02	3.214980e+01
7.775337e+02	1.149636e+01	1.132529e-02	3.804727e+01
8.941638e+02	1.098186e+01	1.012846e-02	4.523554e+01
1.028288e+03	1.048297e+01	9.011244e-03	5.403802e+01
1.182532e+03	9.973950e+00	7.875807e-03	6.486147e+01
1.359911e+03	9.453209e+00	6.945221e-03	7.822255e+01
1.563898e+03	8.923313e+00	6.118086e-03	9.478804e+01
1.798483e+03	8.392241e+00	5.388338e-03	1.154189e+02
2.068255e+03	7.867394e+00	4.756053e-03	1.412010e+02
2.378493e+03	7.369979e+00	4.206311e-03	1.734865e+02
2.735268e+03	6.878799e+00	3.731624e-03	2.139952e+02
3.145558e+03	6.395381e+00	3.282975e-03	2.649996e+02
3.617391e+03	5.926970e+00	2.885711e-03	3.294049e+02
4.160000e+03	5.477453e+00	2.566582e-03	4.109464e+02
4.784000e+03	5.048937e+00	2.293876e-03	5.144145e+02
5.501600e+03	4.643167e+00	2.002870e-03	6.459384e+02
6.326840e+03	4.259778e+00	1.751628e-03	8.133516e+02
7.275866e+03	3.900369e+00	1.539643e-03	1.026673e+03
8.367246e+03	3.566810e+00	1.362626e-03	1.298659e+03
9.622333e+03	3.258597e+00	1.214709e-03	1.645499e+03
