# Energy_MeV	dEdx_Elec_MeV_um	dEdx_Nucl_MeV_um	Range_um
1.000000e-05	2.680210e-03	4.181097e-02	5.350128e-03
1.150000e-05	2.896416e-03	4.553514e-02	5.737373e-03
1.322500e-05	3.128109e-03	4.960291e-02	6.152647e-03
1.520875e-05	3.376422e-03	5.396673e-02	6.597979e-03
1.749006e-05	3.642572e-03	5.865404e-02	7.075544e-03
2.011357e-05	3.927862e-03	6.345806e-02	7.587676e-03
2.313061e-05	4.233685e-03	6.874008e-02	8.136876e-03
2.660020e-05	4.561540e-03	7.456309e-02	8.725827e-03
3.059023e-05	4.913028e-03	8.035840e-02	9.357407e-03
3.517876e-05	5.289868e-03	8.695714e-02	1.003470e-02
4.045558e-05	5.693901e-03	9.329063e-02	1.076102e-02
4.652391e-05	6.127103e-03	1.003638e-01	1.153991e-02
5.350250e-05	6.591591e-03	1.080011e-01	1.237517e-02
6.152788e-05	7.089634e-03	1.154670e-01	1.327089e-02
7.075706e-05	7.623666e-03	1.239256e-01	1.423145e-02
8.137062e-05	8.196297e-03	1.321190e-01	1.526153e-02
9.357621e-05	8.810323e-03	1.409158e-01	1.636616e-02
1.076126e-04	9.468747e-03	1.498706e-01	1.755075e-02
1.237545e-04	1.017478e-02	1.588487e-01	1.882109e-02
1.423177e-04	1.093188e-02	1.684791e-01	2.018337e-02
1.636654e-04	1.174374e-02	1.776440e-01	2.164425e-02
1.882152e-04	1.261433e-02	1.870804e-01	2.321087e-02
2.164475e-04	1.354790e-02	1.962056e-01	2.489089e-02
2.489146e-04	1.454901e-02	2.062155e-01	2.669250e-02
2.862518e-04	1.562256e-02	2.154188e-01	2.862452e-02
3.291895e-04	1.677378e-02	2.248362e-01	3.069638e-02
3.785680e-04	1.800831e-02	2.340692e-01	3.291820e-02
4.353531e-04	1.933217e-02	2.423568e-01	3.530084e-02
5.006561e-04	2.075183e-02	2.514745e-01	3.785593e-02
5.757545e-04	2.227422e-02	2.593143e-01	4.059596e-02
6.621177e-04	2.390679e-02	2.671782e-01	4.353432e-02
7.614354e-04	2.565751e-02	2.747940e-01	4.668536e-02
8.756507e-04	2.753493e-02	2.816342e-01	5.006447e-02
1.006998e-03	2.954823e-02	2.879146e-01	5.368816e-02
1.158048e-03	3.170724e-02	2.933719e-01	5.757414e-02
1.331755e-03	3.402250e-02	2.985760e-01	6.174138e-02
1.531519e-03	3.650533e-02	3.031619e-01	6.621026e-02
1.761246e-03	3.916786e-02	3.072095e-01	7.100259e-02
2.025433e-03	4.202310e-02	3.102375e-01	7.614180e-02
2.329248e-03	4.508498e-02	3.130074e-01	8.162742e-02
2.678635e-03	4.836849e-02	3.154903e-01	8.754760e-02
3.080431e-03	5.188964e-02	3.167746e-01	9.390394e-02
3.542495e-03	5.566565e-02	3.180811e-01	1.006995e-01
4.073870e-03	5.971496e-02	3.180180e-01	1.079884e-01
4.684950e-03	6.405736e-02	3.176675e-01	1.158045e-01
5.387693e-03	6.871406e-02	3.166986e-01	1.241863e-01
6.195847e-03	7.370780e-02	3.146852e-01	1.331748e-01
7.125224e-03	7.906299e-02	3.122528e-01	1.428139e-01
8.194007e-03	8.480578e-02	3.087872e-01	1.531507e-01
9.423108e-03	9.096424e-02	3.046310e-01	1.642357e-01
1.083657e-02	9.756845e-02	2.996467e-01	1.761230e-01
1.246206e-02	1.046507e-01	2.939009e-01	1.888706e-01
1.433137e-02	1.122455e-01	2.872845e-01	2.025410e-01
1.648108e-02	1.203900e-01	2.800729e-01	2.172009e-01
1.895324e-02	1.291241e-01	2.722410e-01	2.329219e-01
2.179622e-02	1.384903e-01	2.638748e-01	2.497807e-01
2.506566e-02	1.485344e-01	2.544447e-01	2.678597e-01
2.882550e-02	1.593056e-01	2.449656e-01	2.872474e-01
3.314933e-02	1.708564e-01	2.347489e-01	3.080384e-01
3.812173e-02	1.832432e-01	2.244162e-01	3.303342e-01
4.383999e-02	1.965265e-01	2.141782e-01	3.542438e-01
5.041599e-02	2.107714e-01	2.028029e-01	3.798839e-01
5.797838e-02	2.260472e-01	1.922517e-01	4.073799e-01
6.667514e-02	2.424288e-01	1.811390e-01	4.368662e-01
7.667641e-02	2.599960e-01	1.700805e-01	4.684867e-01
8.817787e-02	2.788348e-01	1.592408e-01	5.023958e-01
1.014046e-01	2.990372e-01	1.488263e-01	5.387592e-01
1.166152e-01	3.207017e-01	1.390218e-01	5.777547e-01
1.341075e-01	3.439344e-01	1.290798e-01	6.195728e-01
1.542237e-01	3.688487e-01	1.196654e-01	6.644181e-01
1.773572e-01	3.955663e-01	1.104712e-01	7.125071e-01
2.039608e-01	4.242177e-01	1.025310e-01	7.640824e-01
2.345549e-01	4.549433e-01	9.435081e-02	8.193823e-01
2.697381e-01	4.878952e-01	8.638372e-02	8.790553e-01
3.101989e-01	5.232323e-01	8.056494e-02	9.437556e-01
3.567287e-01	5.611270e-01	7.417858e-02	1.013935e+00
4.102380e-01	6.017590e-01	6.836090e-02	1.066961e+00
4.717737e-01	6.453257e-01	6.215515e-02	1.096245e+00
5.425397e-01	6.920484e-01	5.562074e-02	1.133891e+00
6.239207e-01	7.530690e-01	5.041778e-02	1.173596e+00
7.175088e-01	8.293778e-01	4.472946e-02	1.212393e+00
8.251351e-01	9.091372e-01	4.047254e-02	1.250447e+00
9.489054e-01	9.981305e-01	3.636559e-02	1.288058e+00
1.091241e+00	1.094999e+00	3.279586e-02	1.325685e+00
1.254927e+00	1.196935e+00	2.958310e-02	1.363967e+00
1.443166e+00	1.308859e+00	2.646899e-02	1.403752e+00
1.659641e+00	1.419717e+00	2.390847e-02	1.446108e+00
1.908588e+00	1.536976e+00	2.148937e-02	1.492347e+00
2.194876e+00	1.655049e+00	1.941386e-02	1.544073e+00
2.524107e+00	1.757070e+00	1.724779e-02	1.603179e+00
2.902723e+00	1.860965e+00	1.553763e-02	1.671913e+00
3.338132e+00	1.968422e+00	1.384570e-02	1.752921e+00
3.838852e+00	2.070175e+00	1.235202e-02	1.849301e+00
4.414679e+00	2.159074e+00	1.111362e-02	1.964679e+00
5.076881e+00	2.226205e+00	9.812008e-03	2.103257e+00
5.838413e+00	2.288559e+00	8.810728e-03	2.269890e+00
6.714175e+00	2.327270e+00	7.814624e-03	2.470184e+00
7.721302e+00	2.359942e+00	6.919463e-03	2.710638e+00
8.879497e+00	2.385447e+00	6.138123e-03	2.998870e+00
1.021142e+01	2.392968e+00	5.449676e-03	3.343942e+00
1.174313e+01	2.393894e+00	4.866771e-03	3.756808e+00
1.350460e+01	2.379228e+00	4.312890e-03	4.250915e+00
1.553030e+01	2.355195e+00	3.833842e-03	4.842969e+00
1.785984e+01	2.321782e+00	3.397296e-03	5.553912e+00
2.053882e+01	2.275196e+00	3.045513e-03	6.410167e+00
2.361964e+01	2.220462e+00	2.700093e-03	7.445217e+00
2.716258e+01	2.156292e+00	2.381881e-03	8.701614e+00
3.123697e+01	2.083724e+00	2.128600e-03	1.023366e+01
3.592252e+01	2.001050e+00	1.859488e-03	1.211035e+01
4.131089e+01	1.913870e+00	1.671361e-03	1.442039e+01
4.750753e+01	1.825527e+00	1.472897e-03	1.727961e+01
5.463366e+01	1.703373e+00	1.297583e-03	2.087494e+01
6.282871e+01	1.577071e+00	1.156354e-03	2.537251e+01
7.225301e+01	1.454024e+00	1.006832e-03	3.102945e+01
8.309096e+01	1.337621e+00	8.945173e-04	3.816820e+01
9.555461e+01	1.234462e+00	7.860822e-04	4.713873e+01
1.098878e+02	1.132986e+00	6.953701e-04	5.841102e+01
1.263710e+02	1.036133e+00	6.150921e-04	7.265445e+01
1.453266e+02	9.449091e-01	5.395009e-04	9.070904e+01
1.671256e+02	8.596399e-01	4.793624e-04	1.136577e+02
1.921945e+02	7.802457e-01	4.237390e-04	1.429052e+02
2.210236e+02	7.066660e-01	3.771447e-04	1.802642e+02
2.541772e+02	6.384635e-01	3.291138e-04	2.280674e+02
2.923037e+02	5.754631e-01	2.926650e-04	2.893451e+02
3.361493e+02	5.174400e-01	2.564547e-04	3.680478e+02
3.865717e+02	4.646463e-01	2.257997e-04	4.692473e+02
4.445574e+02	4.174977e-01	2.003693e-04	5.993528e+02
5.112411e+02	3.748854e-01	1.741632e-04	7.664727e+02
5.879272e+02	3.363129e-01	1.546236e-04	9.812344e+02
6.761163e+02	3.015325e-01	1.350310e-04	1.257272e+03
7.775337e+02	2.702780e-01	1.180283e-04	1.612083e+03
8.941638e+02	2.422319e-01	1.032236e-04	2.068048e+03
1.028288e+03	2.171303e-01	9.040785e-05	2.653742e+03
1.182532e+03	1.947346e-01	7.972043e-05	3.405536e+03
1.359911e+03	1.747822e-01	6.964153e-05	4.369775e+03
1.563898e+03	1.570128e-01	6.118165e-05	5.605299e+03
1.798483e+03	1.412165e-01	5.350161e-05	7.186562e+03
2.068255e+03	1.272104e-01	0.000000e+00	9.207469e+03
2.378493e+03	1.147910e-01	0.000000e+00	1.178598e+04
2.735268e+03	1.037845e-01	0.000000e+00	1.506961e+04
3.145558e+03	9.405859e-02	0.000000e+00	1.924192e+04
3.617391e+03	8.547930e-02	0.000000e+00	2.453001e+04
4.160000e+03	7.791383e-02	0.000000e+00	3.121304e+04
4.784000e+03	7.125816e-02	0.000000e+00	3.963178e+04
5.501600e+03	6.542191e-02	0.000000e+00	5.019898e+04
6.326840e+03	6.031130e-02	0.000000e+00	6.341038e+04
7.275866e+03	5.584669e-02	0.000000e+00	7.985602e+04
8.367246e+03	5.196704e-02	0.000000e+00	1.002315e+05
9.622333e+03	4.861121e-02	0.000000e+00	1.253486e+05
