# Energy_MeV	dEdx_Elec_MeV_um	dEdx_Nucl_MeV_um	Range_um
1.000000e-05	7.228146e-03	3.377178e-02	2.766961e-03
1.150000e-05	7.751324e-03	3.714505e-02	2.967235e-03
1.322500e-05	8.312368e-03	4.123756e-02	3.182005e-03
1.520875e-05	8.914022e-03	4.569801e-02	3.412320e-03
1.749006e-05	9.559224e-03	5.074753e-02	3.659306e-03
2.011357e-05	1.025113e-02	5.634177e-02	3.924169e-03
2.313061e-05	1.099311e-02	6.244238e-02	4.208202e-03
2.660020e-05	1.178879e-02	6.919014e-02	4.512794e-03
3.059023e-05	1.264207e-02	7.661690e-02	4.839432e-03
3.517876e-05	1.355711e-02	8.476568e-02	5.189713e-03
4.045558e-05	1.453838e-02	9.364701e-02	5.565347e-03
4.652391e-05	1.559068e-02	1.034386e-01	5.968170e-03
5.350250e-05	1.671914e-02	1.142644e-01	6.400149e-03
6.152788e-05	1.792928e-02	1.261472e-01	6.863395e-03
7.075706e-05	1.922701e-02	1.387066e-01	7.360172e-03
8.137062e-05	2.061867e-02	1.525728e-01	7.892905e-03
9.357621e-05	2.211107e-02	1.683581e-01	8.464197e-03
1.076126e-04	2.371148e-02	1.851385e-01	9.076840e-03
1.237545e-04	2.542773e-02	2.036095e-01	9.733827e-03
1.423177e-04	2.726820e-02	2.230278e-01	1.043837e-02
1.636654e-04	2.924188e-02	2.443276e-01	1.119390e-02
1.882152e-04	3.135843e-02	2.684682e-01	1.200412e-02
2.164475e-04	3.362817e-02	2.939094e-01	1.287299e-02
2.489146e-04	3.606219e-02	3.217780e-01	1.380474e-02
2.862518e-04	3.867239e-02	3.515939e-01	1.480393e-02
3.291895e-04	4.147152e-02	3.838007e-01	1.587545e-02
3.785680e-04	4.447325e-02	4.184852e-01	1.702452e-02
4.353531e-04	4.769225e-02	4.550941e-01	1.825677e-02
5.006561e-04	5.114424e-02	4.954505e-01	1.957820e-02
5.757545e-04	5.484608e-02	5.382518e-01	2.099528e-02
6.621177e-04	5.881587e-02	5.831647e-01	2.251493e-02
7.614354e-04	6.307300e-02	6.300304e-01	2.414458e-02
8.756507e-04	6.763825e-02	6.824775e-01	2.589217e-02
1.006998e-03	7.253395e-02	7.385958e-01	2.776626e-02
1.158048e-03	7.778399e-02	7.967027e-01	2.977600e-02
1.331755e-03	8.341404e-02	8.574524e-01	3.193120e-02
1.531519e-03	8.945159e-02	9.193745e-01	3.424240e-02
1.761246e-03	9.592614e-02	9.883407e-01	3.672088e-02
2.025433e-03	1.028693e-01	1.060839e+00	3.937876e-02
2.329248e-03	1.103151e-01	1.134665e+00	4.222901e-02
2.678635e-03	1.182997e-01	1.212145e+00	4.528557e-02
3.080431e-03	1.268623e-01	1.292618e+00	4.856337e-02
3.542495e-03	1.360447e-01	1.374295e+00	5.207841e-02
4.073870e-03	1.458917e-01	1.456059e+00	5.584787e-02
4.684950e-03	1.564514e-01	1.540723e+00	5.989017e-02
5.387693e-03	1.677754e-01	1.628351e+00	6.422505e-02
6.195847e-03	1.799191e-01	1.716620e+00	6.887369e-02
7.125224e-03	1.929417e-01	1.797961e+00	7.385881e-02
8.194007e-03	2.069070e-01	1.881441e+00	7.920475e-02
9.423108e-03	2.218830e-01	1.973956e+00	8.493763e-02
1.083657e-02	2.379430e-01	2.058805e+00	9.108546e-02
1.246206e-02	2.551655e-01	2.143287e+00	9.767827e-02
1.433137e-02	2.736345e-01	2.217935e+00	1.046970e-01
1.648108e-02	2.934403e-01	2.291639e+00	1.123220e-01
1.895324e-02	3.146796e-01	2.371900e+00	1.204633e-01
2.179622e-02	3.374563e-01	2.441787e+00	1.291827e-01
2.506566e-02	3.618816e-01	2.509040e+00	1.385325e-01
2.882550e-02	3.880748e-01	2.570042e+00	1.485594e-01
3.314933e-02	4.161638e-01	2.626060e+00	1.593119e-01
3.812173e-02	4.462860e-01	2.676714e+00	1.708428e-01
4.383999e-02	4.785884e-01	2.720052e+00	1.832083e-01
5.041599e-02	5.132289e-01	2.762279e+00	1.964689e-01
5.797838e-02	5.503766e-01	2.797890e+00	2.106891e-01
6.667514e-02	5.902132e-01	2.825922e+00	2.259387e-01
7.667641e-02	6.329331e-01	2.846708e+00	2.422920e-01
8.817787e-02	6.787452e-01	2.867520e+00	2.598291e-01
1.014046e-01	7.278731e-01	2.883497e+00	2.786355e-01
1.166152e-01	7.805570e-01	2.890958e+00	2.988030e-01
1.341075e-01	8.370541e-01	2.892011e+00	3.204302e-01
1.542237e-01	8.976405e-01	2.885107e+00	3.436230e-01
1.773572e-01	9.626122e-01	2.875108e+00	3.684945e-01
2.039608e-01	1.032287e+00	2.858673e+00	3.951661e-01
2.345549e-01	1.107004e+00	2.833554e+00	4.237681e-01
2.697381e-01	1.187130e+00	2.801658e+00	4.544404e-01
3.101989e-01	1.273055e+00	2.762316e+00	4.873329e-01
3.567287e-01	1.365199e+00	2.715784e+00	5.226062e-01
4.102380e-01	1.464013e+00	2.662306e+00	5.604324e-01
4.717737e-01	1.569979e+00	2.601289e+00	6.009965e-01
5.425397e-01	1.683615e+00	2.533672e+00	6.444968e-01
6.239207e-01	1.805476e+00	2.459894e+00	6.911457e-01
7.175088e-01	1.936157e+00	2.383842e+00	7.411711e-01
8.251351e-01	2.076297e+00	2.300861e+00	7.948169e-01
9.489054e-01	2.226580e+00	2.208189e+00	8.523461e-01
1.091241e+00	2.387742e+00	2.115729e+00	9.140403e-01
1.254927e+00	2.560568e+00	2.018768e+00	9.801883e-01
1.443166e+00	2.732864e+00	1.926338e+00	1.051211e+00
1.659641e+00	2.900251e+00	1.829952e+00	1.128047e+00
1.908588e+00	3.075013e+00	1.724423e+00	1.211355e+00
2.194876e+00	3.256437e+00	1.625237e+00	1.301770e+00
2.524107e+00	3.443382e+00	1.524690e+00	1.400023e+00
2.902723e+00	3.634160e+00	1.427605e+00	1.506980e+00
3.338132e+00	3.826396e+00	1.332888e+00	1.623658e+00
3.838852e+00	4.016898e+00	1.241605e+00	1.751282e+00
4.414679e+00	4.201554e+00	1.156039e+00	1.891340e+00
5.076881e+00	2.264230e+00	1.068521e+00	2.045664e+00
5.838413e+00	2.489066e+00	9.860874e-01	2.216533e+00
6.714175e+00	2.741132e+00	9.117176e-01	2.406812e+00
7.721302e+00	3.009188e+00	8.446199e-01	2.620119e+00
8.879497e+00	3.307949e+00	7.719544e-01	2.861034e+00
1.021142e+01	3.635311e+00	7.091823e-01	3.135380e+00
1.174313e+01	3.984397e+00	6.627914e-01	3.450556e+00
1.350460e+01	4.369397e+00	6.142477e-01	3.815977e+00
1.553030e+01	4.747584e+00	5.585022e-01	4.243627e+00
1.785984e+01	5.172867e+00	4.943948e-01	4.089732e+00
2.053882e+01	5.649116e+00	4.389700e-01	3.872580e+00
2.361964e+01	6.130384e+00	3.962485e-01	3.708681e+00
2.716258e+01	6.657340e+00	3.571167e-01	3.593463e+00
3.123697e+01	7.212201e+00	3.214895e-01	3.523465e+00
3.592252e+01	7.825849e+00	2.893200e-01	3.496147e+00
4.131089e+01	8.505558e+00	2.615125e-01	3.509766e+00
4.750753e+01	9.246465e+00	2.353833e-01	3.563229e+00
5.463366e+01	1.007222e+01	2.107662e-01	3.656364e+00
6.282871e+01	1.094441e+01	1.889339e-01	3.789698e+00
7.225301e+01	1.185553e+01	1.712656e-01	3.964693e+00
8.309096e+01	1.282585e+01	1.543611e-01	4.183870e+00
9.555461e+01	1.373365e+01	1.364373e-01	4.450961e+00
1.098878e+02	1.468013e+01	1.217641e-01	4.771088e+00
1.263710e+02	1.554217e+01	1.084634e-01	5.150965e+00
1.453266e+02	1.628451e+01	9.776681e-02	5.599134e+00
1.671256e+02	1.697293e+01	8.771572e-02	6.126261e+00
1.921945e+02	1.766792e+01	7.720644e-02	6.745584e+00
2.210236e+02	1.834977e+01	6.866457e-02	7.473580e+00
2.541772e+02	1.887685e+01	6.088049e-02	8.328572e+00
2.923037e+02	2.057702e+01	5.405408e-02	9.344710e+00
3.361493e+02	2.046987e+01	4.800632e-02	1.056490e+01
3.865717e+02	2.023581e+01	4.269500e-02	1.200802e+01
4.445574e+02	1.991498e+01	3.813574e-02	1.373499e+01
5.112411e+02	1.956261e+01	3.373277e-02	1.579303e+01
5.879272e+02	1.913460e+01	2.986559e-02	1.822647e+01
6.761163e+02	1.856909e+01	2.666684e-02	2.111894e+01
7.775337e+02	1.797496e+01	2.397903e-02	2.457825e+01
8.941638e+02	1.736209e+01	2.109993e-02	2.873519e+01
1.028288e+03	1.675751e+01	1.853102e-02	3.375162e+01
1.182532e+03	1.617397e+01	1.640959e-02	3.983301e+01
1.359911e+03	1.555685e+01	1.457471e-02	4.723454e+01
1.563898e+03	1.490724e+01	1.307333e-02	5.627838e+01
1.798483e+03	1.422654e+01	1.146325e-02	6.737799e+01
2.068255e+03	1.353054e+01	1.005208e-02	8.106253e+01
2.378493e+03	1.283201e+01	8.886768e-03	9.799101e+01
2.735268e+03	1.215707e+01	7.826151e-03	1.189745e+02
3.145558e+03	1.147786e+01	6.897774e-03	1.450448e+02
3.617391e+03	1.080051e+01	6.077641e-03	1.775598e+02
4.160000e+03	1.012721e+01	5.396729e-03	2.182446e+02
4.784000e+03	9.463553e+00	4.769707e-03	2.693072e+02
5.501600e+03	8.818579e+00	4.193660e-03	3.335684e+02
6.326840e+03	8.198869e+00	3.701034e-03	4.146249e+02
7.275866e+03	7.604001e+00	3.309862e-03	5.170649e+02
8.367246e+03	7.035804e+00	2.938095e-03	6.467486e+02
9.622333e+03	6.496838e+00	2.551608e-03	8.111311e+02
