# Energy_MeV	dEdx_Elec_MeV_um	dEdx_Nucl_MeV_um	Range_um
1.000000e-05	5.502885e-03	4.558421e-02	3.634457e-03
1.150000e-05	5.901187e-03	5.019398e-02	3.897521e-03
1.322500e-05	6.328318e-03	5.534208e-02	4.179626e-03
1.520875e-05	6.786365e-03	6.084929e-02	4.482149e-03
1.749006e-05	7.277565e-03	6.700275e-02	4.806570e-03
2.011357e-05	7.804319e-03	7.341476e-02	5.154472e-03
2.313061e-05	8.369200e-03	8.052591e-02	5.527555e-03
2.660020e-05	8.974967e-03	8.843504e-02	5.927643e-03
3.059023e-05	9.624580e-03	9.679363e-02	6.356688e-03
3.517876e-05	1.032121e-02	1.061128e-01	6.816789e-03
4.045558e-05	1.106827e-02	1.159126e-01	7.310192e-03
4.652391e-05	5.965001e-03	1.266899e-01	7.839307e-03
5.350250e-05	6.428238e-03	1.382753e-01	8.406720e-03
6.152788e-05	6.924855e-03	1.503777e-01	9.015203e-03
7.075706e-05	7.457281e-03	1.638373e-01	9.667729e-03
8.137062e-05	8.028119e-03	1.779138e-01	1.036748e-02
9.357621e-05	8.640158e-03	1.931071e-01	1.111789e-02
1.076126e-04	9.296391e-03	2.088927e-01	1.192261e-02
1.237545e-04	1.000002e-02	2.261122e-01	1.278557e-02
1.423177e-04	1.075449e-02	2.446445e-01	1.371100e-02
1.636654e-04	1.156349e-02	2.643949e-01	1.470341e-02
1.882152e-04	1.243096e-02	2.847575e-01	1.576765e-02
2.164475e-04	1.336115e-02	3.058880e-01	1.690892e-02
2.489146e-04	1.435860e-02	3.285877e-01	1.813279e-02
2.862518e-04	1.542818e-02	3.526330e-01	1.944526e-02
3.291895e-04	1.657513e-02	3.780434e-01	2.085271e-02
3.785680e-04	1.780503e-02	4.039361e-01	2.236204e-02
4.353531e-04	1.912391e-02	4.312644e-01	2.398062e-02
5.006561e-04	2.053820e-02	4.586831e-01	2.571635e-02
5.757545e-04	2.205482e-02	4.868926e-01	2.757771e-02
6.621177e-04	2.368117e-02	5.159545e-01	2.957380e-02
7.614354e-04	2.542521e-02	5.452690e-01	3.171437e-02
8.756507e-04	2.729544e-02	5.759308e-01	3.400987e-02
1.006998e-03	2.930101e-02	6.039147e-01	3.647153e-02
1.158048e-03	3.145171e-02	6.332084e-01	3.911135e-02
1.331755e-03	3.375805e-02	6.642578e-01	4.194225e-02
1.531519e-03	3.623131e-02	6.930199e-01	4.497806e-02
1.761246e-03	3.888355e-02	7.233957e-01	4.823359e-02
2.025433e-03	4.172775e-02	7.492628e-01	5.172477e-02
2.329248e-03	4.477778e-02	7.758463e-01	5.546863e-02
2.678635e-03	4.804857e-02	8.032874e-01	5.948348e-02
3.080431e-03	5.155607e-02	8.272111e-01	6.378893e-02
3.542495e-03	5.531743e-02	8.520143e-01	6.840600e-02
4.073870e-03	5.935103e-02	8.730132e-01	7.335727e-02
4.684950e-03	6.367657e-02	8.936514e-01	7.866690e-02
5.387693e-03	6.831518e-02	9.123440e-01	8.432978e-02
6.195847e-03	7.328952e-02	9.277792e-01	9.045090e-02
7.125224e-03	7.862389e-02	9.433426e-01	9.701799e-02
8.194007e-03	8.434436e-02	9.557666e-01	1.040391e-01
9.423108e-03	9.047887e-02	9.669375e-01	1.115696e-01
1.083657e-02	9.705739e-02	9.754130e-01	1.196450e-01
1.246206e-02	1.041121e-01	9.827610e-01	1.283047e-01
1.433137e-02	1.116773e-01	9.886847e-01	1.375913e-01
1.648108e-02	1.197902e-01	9.929430e-01	1.475500e-01
1.895324e-02	1.284902e-01	9.941983e-01	1.582296e-01
2.179622e-02	1.378200e-01	9.932640e-01	1.696822e-01
2.506566e-02	1.478251e-01	9.904382e-01	1.819638e-01
2.882550e-02	1.585543e-01	9.855938e-01	1.951342e-01
3.314933e-02	1.700601e-01	9.786161e-01	2.092579e-01
3.812173e-02	1.823987e-01	9.686877e-01	2.244039e-01
4.383999e-02	1.956303e-01	9.564603e-01	2.406463e-01
5.041599e-02	2.098197e-01	9.416101e-01	2.580642e-01
5.797838e-02	2.250361e-01	9.244271e-01	2.767428e-01
6.667514e-02	2.413539e-01	9.046584e-01	2.967734e-01
7.667641e-02	2.588527e-01	8.826238e-01	3.182539e-01
8.817787e-02	2.776181e-01	8.580169e-01	3.412892e-01
1.014046e-01	2.977418e-01	8.328257e-01	3.659917e-01
1.166152e-01	3.193220e-01	8.050254e-01	3.924820e-01
1.341075e-01	3.424642e-01	7.742018e-01	4.208899e-01
1.542237e-01	3.672815e-01	7.435287e-01	4.513541e-01
1.773572e-01	3.938950e-01	7.099316e-01	4.840232e-01
2.039608e-01	4.224349e-01	6.787338e-01	5.190568e-01
2.345549e-01	4.530405e-01	6.453806e-01	5.566261e-01
2.697381e-01	4.858613e-01	6.097981e-01	5.969150e-01
3.101989e-01	5.210577e-01	5.762744e-01	6.401199e-01
3.567287e-01	5.588016e-01	5.405748e-01	6.864523e-01
4.102380e-01	5.992775e-01	5.078813e-01	7.361361e-01
4.717737e-01	6.426830e-01	4.744639e-01	7.894211e-01
5.425397e-01	6.892309e-01	4.419462e-01	8.465592e-01
6.239207e-01	7.391514e-01	4.124006e-01	9.082338e-01
7.175088e-01	7.926851e-01	3.814868e-01	9.751055e-01
8.251351e-01	8.500938e-01	3.535535e-01	1.047644e+00
9.489054e-01	9.116578e-01	3.265096e-01	1.126441e+00
1.091241e+00	9.776780e-01	3.018205e-01	1.212170e+00
1.254927e+00	1.048477e+00	2.774977e-01	1.305624e+00
1.443166e+00	1.141277e+00	2.554340e-01	1.407755e+00
1.659641e+00	1.255785e+00	2.357422e-01	1.519715e+00
1.908588e+00	1.374462e+00	2.193025e-01	1.642917e+00
2.194876e+00	1.506942e+00	2.012198e-01	1.655176e+00
2.524107e+00	1.652164e+00	1.805268e-01	1.658855e+00
2.902723e+00	1.810062e+00	1.612085e-01	1.661667e+00
3.338132e+00	1.987129e+00	1.433863e-01	1.664826e+00
3.838852e+00	2.180278e+00	1.296931e-01	1.669674e+00
4.414679e+00	2.397116e+00	1.163638e-01	1.677623e+00
5.076881e+00	2.639016e+00	1.052223e-01	1.690303e+00
5.838413e+00	2.891354e+00	9.493942e-02	1.709418e+00
6.714175e+00	3.171925e+00	8.529774e-02	1.736819e+00
7.721302e+00	3.481032e+00	7.682974e-02	1.774529e+00
8.879497e+00	3.808234e+00	6.842683e-02	1.824762e+00
1.021142e+01	4.152968e+00	6.217569e-02	1.889945e+00
1.174313e+01	4.481645e+00	5.593617e-02	1.972735e+00
1.350460e+01	4.825588e+00	4.971917e-02	2.076035e+00
1.553030e+01	5.130715e+00	4.456190e-02	2.202996e+00
1.785984e+01	5.432751e+00	3.941172e-02	2.357130e+00
2.053882e+01	5.736953e+00	3.561927e-02	2.542374e+00
2.361964e+01	5.978117e+00	3.186555e-02	2.763266e+00
2.716258e+01	6.215915e+00	2.821110e-02	3.025174e+00
3.123697e+01	6.404977e+00	2.516999e-02	3.334569e+00
3.592252e+01	6.569310e+00	2.219448e-02	3.699392e+00
4.131089e+01	6.721365e+00	1.981457e-02	4.129442e+00
4.750753e+01	6.809464e+00	1.756409e-02	4.636868e+00
5.463366e+01	6.878238e+00	1.555953e-02	5.236778e+00
6.282871e+01	6.889650e+00	1.392004e-02	5.947953e+00
7.225301e+01	6.891971e+00	1.231041e-02	6.793842e+00
8.309096e+01	6.887838e+00	1.096013e-02	7.803485e+00
9.555461e+01	6.823761e+00	9.746493e-03	9.013326e+00
1.098878e+02	7.009660e+00	8.701168e-03	1.047135e+01
1.263710e+02	6.730858e+00	7.732813e-03	1.225880e+01
1.453266e+02	6.414574e+00	6.841904e-03	1.443269e+01
1.671256e+02	6.097264e+00	5.996139e-03	1.709438e+01
1.921945e+02	5.778035e+00	5.344278e-03	2.036302e+01
2.210236e+02	5.485893e+00	4.747407e-03	2.435737e+01
2.541772e+02	5.172665e+00	4.208470e-03	2.924420e+01
2.923037e+02	4.860411e+00	3.718153e-03	3.526642e+01
3.361493e+02	4.554290e+00	3.251842e-03	4.272243e+01
3.865717e+02	4.256891e+00	2.880952e-03	5.199333e+01
4.445574e+02	3.971382e+00	2.520335e-03	6.357102e+01
5.112411e+02	3.693530e+00	2.236675e-03	7.808645e+01
5.879272e+02	3.422395e+00	1.981159e-03	9.634865e+01
6.761163e+02	3.159202e+00	1.745612e-03	1.194091e+02
7.775337e+02	2.905103e+00	1.545844e-03	1.486403e+02
8.941638e+02	2.663628e+00	1.349733e-03	1.858026e+02
1.028288e+03	2.439994e+00	1.210955e-03	2.331196e+02
1.182532e+03	2.229687e+00	1.073198e-03	2.934142e+02
1.359911e+03	2.031967e+00	9.385765e-04	3.704129e+02
1.563898e+03	1.846964e+00	8.278594e-04	4.689103e+02
1.798483e+03	1.674871e+00	7.212860e-04	5.950820e+02
2.068255e+03	1.515962e+00	6.437219e-04	7.568510e+02
2.378493e+03	1.370526e+00	5.683728e-04	9.643585e+02
2.735268e+03	1.238255e+00	4.961842e-04	1.230539e+03
3.145558e+03	1.118244e+00	4.362075e-04	1.571896e+03
3.617391e+03	1.009343e+00	3.795049e-04	2.009398e+03
4.160000e+03	9.111679e-01	3.340261e-04	2.569582e+03
4.784000e+03	8.233885e-01	2.922519e-04	3.285908e+03
5.501600e+03	7.449043e-01	2.553536e-04	4.200387e+03
6.326840e+03	6.748040e-01	2.255856e-04	5.365520e+03
7.275866e+03	6.125565e-01	1.969315e-04	6.846585e+03
8.367246e+03	5.574285e-01	1.728486e-04	8.724283e+03
9.622333e+03	5.085821e-01	1.519513e-04	1.109775e+04
