# Energy_MeV	dEdx_Elec_MeV_um	dEdx_Nucl_MeV_um	Range_um
1.000000e-05	2.618163e-03	4.410186e-02	4.908499e-03
1.150000e-05	2.831806e-03	4.813853e-02	5.263779e-03
1.322500e-05	3.060715e-03	5.262004e-02	5.644774e-03
1.520875e-05	3.306014e-03	5.739690e-02	6.053346e-03
1.749006e-05	3.568902e-03	6.246422e-02	6.491490e-03
2.011357e-05	3.850670e-03	6.810394e-02	6.961347e-03
2.313061e-05	4.152694e-03	7.390112e-02	7.465213e-03
2.660020e-05	4.476453e-03	8.018779e-02	8.005549e-03
3.059023e-05	4.823531e-03	8.674153e-02	8.584995e-03
3.517876e-05	5.195624e-03	9.406067e-02	9.206382e-03
4.045558e-05	5.594552e-03	1.016142e-01	9.872745e-03
4.652391e-05	6.022265e-03	1.097839e-01	1.058734e-02
5.350250e-05	6.480853e-03	1.182677e-01	1.135366e-02
6.152788e-05	6.972557e-03	1.270307e-01	1.217544e-02
7.075706e-05	7.499780e-03	1.367290e-01	1.305670e-02
8.137062e-05	8.065098e-03	1.465028e-01	1.400176e-02
9.357621e-05	8.671274e-03	1.570122e-01	1.501521e-02
1.076126e-04	9.321270e-03	1.678842e-01	1.610202e-02
1.237545e-04	1.001826e-02	1.792418e-01	1.726749e-02
1.423177e-04	1.076565e-02	1.907093e-01	1.851732e-02
1.636654e-04	1.156710e-02	2.023531e-01	1.985762e-02
1.882152e-04	1.242651e-02	2.145120e-01	2.129492e-02
2.164475e-04	1.334809e-02	2.267362e-01	2.283626e-02
2.489146e-04	1.433633e-02	2.394720e-01	2.448916e-02
2.862518e-04	1.539608e-02	2.510664e-01	2.626170e-02
3.291895e-04	1.653249e-02	2.636100e-01	2.816253e-02
3.785680e-04	1.775114e-02	2.764585e-01	3.020095e-02
4.353531e-04	1.905796e-02	2.881704e-01	3.238691e-02
5.006561e-04	2.045935e-02	3.012366e-01	3.473109e-02
5.757545e-04	2.196215e-02	3.116617e-01	3.724495e-02
6.621177e-04	2.357370e-02	3.232267e-01	3.994076e-02
7.614354e-04	2.530188e-02	3.344582e-01	4.283169e-02
8.756507e-04	2.715512e-02	3.442679e-01	4.593187e-02
1.006998e-03	2.914249e-02	3.550650e-01	4.925645e-02
1.158048e-03	3.127368e-02	3.636262e-01	5.282165e-02
1.331755e-03	3.355912e-02	3.723838e-01	5.664491e-02
1.531519e-03	3.600997e-02	3.799891e-01	6.074490e-02
1.761246e-03	3.863820e-02	3.867329e-01	6.514165e-02
2.025433e-03	4.145664e-02	3.934387e-01	6.985664e-02
2.329248e-03	4.447908e-02	3.984914e-01	7.491290e-02
2.678635e-03	4.772027e-02	4.032415e-01	8.033513e-02
3.080431e-03	5.119606e-02	4.067749e-01	8.613540e-02
3.542495e-03	5.492341e-02	4.102506e-01	9.238831e-02
4.073870e-03	5.892054e-02	4.124923e-01	9.907385e-02
4.684950e-03	6.320698e-02	4.142207e-01	1.062458e-01
5.387693e-03	6.780367e-02	4.149271e-01	1.139355e-01
6.195847e-03	7.273306e-02	4.145678e-01	1.221820e-01
7.125224e-03	7.801923e-02	4.136864e-01	1.310255e-01
8.194007e-03	8.368802e-02	4.115588e-01	1.405090e-01
9.423108e-03	8.976711e-02	4.086451e-01	1.506790e-01
1.083657e-02	9.628620e-02	4.046824e-01	1.615850e-01
1.246206e-02	1.032771e-01	3.996370e-01	1.732804e-01
1.433137e-02	1.107741e-01	3.935548e-01	1.858224e-01
1.648108e-02	1.188137e-01	3.864705e-01	1.992722e-01
1.895324e-02	1.274352e-01	3.782786e-01	2.136954e-01
2.179622e-02	1.366807e-01	3.692087e-01	2.291626e-01
2.506566e-02	1.465954e-01	3.590554e-01	2.457493e-01
2.882550e-02	1.572277e-01	3.486464e-01	2.635367e-01
3.314933e-02	1.686296e-01	3.369121e-01	2.826115e-01
3.812173e-02	1.808567e-01	3.243079e-01	3.030668e-01
4.383999e-02	1.939689e-01	3.116578e-01	3.250027e-01
5.041599e-02	2.080302e-01	2.975029e-01	3.485264e-01
5.797838e-02	2.231091e-01	2.847821e-01	3.737529e-01
6.667514e-02	2.392796e-01	2.704306e-01	4.008052e-01
7.667641e-02	2.566204e-01	2.559520e-01	4.298154e-01
8.817787e-02	2.752164e-01	2.421478e-01	4.609254e-01
1.014046e-01	2.951583e-01	2.269072e-01	4.942874e-01
1.166152e-01	3.165437e-01	2.134715e-01	5.300641e-01
1.341075e-01	3.394770e-01	1.993562e-01	5.684302e-01
1.542237e-01	3.640701e-01	1.861485e-01	6.095731e-01
1.773572e-01	3.904434e-01	1.735002e-01	6.536942e-01
2.039608e-01	4.187255e-01	1.604099e-01	7.010083e-01
2.345549e-01	4.490548e-01	1.489039e-01	7.517518e-01
2.697381e-01	4.815792e-01	1.375302e-01	8.061455e-01
3.101989e-01	5.164600e-01	1.273186e-01	8.646453e-01
3.567287e-01	5.538663e-01	1.165390e-01	9.280199e-01
4.102380e-01	5.939801e-01	1.079771e-01	9.967329e-01
4.717737e-01	6.369974e-01	9.988983e-02	1.071333e+00
5.425397e-01	6.831238e-01	9.213339e-02	1.133817e+00
6.239207e-01	7.325802e-01	8.445210e-02	1.163099e+00
7.175088e-01	7.895390e-01	7.583735e-02	1.200629e+00
8.251351e-01	8.679447e-01	6.841753e-02	1.236750e+00
9.489054e-01	9.534427e-01	6.107263e-02	1.271594e+00
1.091241e+00	1.048108e+00	5.487907e-02	1.305438e+00
1.254927e+00	1.150791e+00	4.929214e-02	1.338705e+00
1.443166e+00	1.265398e+00	4.447183e-02	1.371990e+00
1.659641e+00	1.389100e+00	4.014824e-02	1.406071e+00
1.908588e+00	1.521033e+00	3.606554e-02	1.441932e+00
2.194876e+00	1.666437e+00	3.249295e-02	1.480779e+00
2.524107e+00	1.806738e+00	2.906353e-02	1.524059e+00
2.902723e+00	1.951572e+00	2.635024e-02	1.573461e+00
3.338132e+00	2.084732e+00	2.355553e-02	1.630993e+00
3.838852e+00	2.227315e+00	2.104358e-02	1.698982e+00
4.414679e+00	2.383693e+00	1.892488e-02	1.780132e+00
5.076881e+00	2.507580e+00	1.667119e-02	1.877577e+00
5.838413e+00	2.627975e+00	1.512346e-02	1.994917e+00
6.714175e+00	2.731064e+00	1.341897e-02	2.136285e+00
7.721302e+00	2.809218e+00	1.195005e-02	2.306396e+00
8.879497e+00	2.881455e+00	1.070165e-02	2.510651e+00
1.021142e+01	2.933057e+00	9.387234e-03	2.755291e+00
1.174313e+01	2.975468e+00	8.406067e-03	3.047636e+00
1.350460e+01	3.002875e+00	7.427866e-03	3.396420e+00
1.553030e+01	3.009642e+00	6.621018e-03	3.812251e+00
1.785984e+01	3.007930e+00	5.901968e-03	4.308187e+00
2.053882e+01	2.987714e+00	5.206471e-03	4.900482e+00
2.361964e+01	2.955826e+00	4.650444e-03	5.609505e+00
2.716258e+01	2.910516e+00	4.130557e-03	6.460910e+00
3.123697e+01	2.849657e+00	3.697112e-03	7.487113e+00
3.592252e+01	2.778386e+00	3.257565e-03	8.729185e+00
4.131089e+01	2.696872e+00	2.904877e-03	1.023909e+01
4.750753e+01	2.604721e+00	2.554158e-03	1.208400e+01
5.463366e+01	2.500006e+00	2.270859e-03	1.434450e+01
6.282871e+01	2.416777e+00	2.020028e-03	1.715675e+01
7.225301e+01	2.257724e+00	1.773792e-03	2.066896e+01
8.309096e+01	2.097377e+00	1.579677e-03	2.503944e+01
9.555461e+01	1.939335e+00	1.384538e-03	3.052865e+01
1.098878e+02	1.800613e+00	1.222877e-03	3.740398e+01
1.263710e+02	1.664940e+00	1.073872e-03	4.598517e+01
1.453266e+02	1.532416e+00	9.488011e-04	5.676029e+01
1.671256e+02	1.406148e+00	8.401277e-04	7.034384e+01
1.921945e+02	1.286641e+00	7.399600e-04	8.752836e+01
2.210236e+02	1.174541e+00	6.558640e-04	1.093352e+02
2.541772e+02	1.069523e+00	5.762437e-04	1.370910e+02
2.923037e+02	9.713545e-01	5.149266e-04	1.724988e+02
3.361493e+02	8.797215e-01	4.521538e-04	2.177667e+02
3.865717e+02	7.942149e-01	3.983255e-04	2.757761e+02
4.445574e+02	7.157788e-01	3.529084e-04	3.502594e+02
5.112411e+02	6.445217e-01	3.059628e-04	4.459618e+02
5.879272e+02	5.803056e-01	2.741475e-04	5.688623e+02
6.761163e+02	5.217813e-01	2.394245e-04	7.267070e+02
7.775337e+02	4.686437e-01	2.106766e-04	9.295624e+02
8.941638e+02	4.206370e-01	1.860918e-04	1.190321e+03
1.028288e+03	3.773831e-01	1.608553e-04	1.525499e+03
1.182532e+03	3.384865e-01	1.420705e-04	1.956213e+03
1.359911e+03	3.036711e-01	1.238628e-04	2.509351e+03
1.563898e+03	2.726016e-01	1.089950e-04	3.219165e+03
1.798483e+03	2.448812e-01	9.587426e-05	4.129207e+03
2.068255e+03	2.201694e-01	8.346333e-05	5.294647e+03
2.378493e+03	1.982310e-01	7.353973e-05	6.785157e+03
2.735268e+03	1.787785e-01	6.454748e-05	8.688394e+03
3.145558e+03	1.615189e-01	5.701151e-05	1.111418e+04
3.617391e+03	1.462423e-01	0.000000e+00	1.419944e+04
4.160000e+03	1.327632e-01	0.000000e+00	1.811402e+04
4.784000e+03	1.208733e-01	0.000000e+00	2.306725e+04
5.501600e+03	1.103989e-01	0.000000e+00	2.931541e+04
6.326840e+03	1.012062e-01	0.000000e+00	3.716990e+04
7.275866e+03	9.315340e-02	0.000000e+00	4.700609e+04
8.367246e+03	8.610359e-02	0.000000e+00	5.927243e+04
9.622333e+03	7.996102e-02	0.000000e+00	7.449968e+04
