# Energy_MeV	dEdx_Elec_MeV_um	dEdx_Nucl_MeV_um	Range_um
1.000000e-05	2.251512e-03	3.571849e-02	8.986013e-03
1.150000e-05	2.424659e-03	3.871954e-02	9.636426e-03
1.322500e-05	2.610298e-03	4.192586e-02	1.033392e-02
1.520875e-05	2.809335e-03	4.522093e-02	1.108189e-02
1.749006e-05	3.022744e-03	4.886157e-02	1.188400e-02
2.011357e-05	3.251567e-03	5.243448e-02	1.274417e-02
2.313061e-05	3.496923e-03	5.644985e-02	1.366660e-02
2.660020e-05	3.760010e-03	6.062958e-02	1.465580e-02
3.059023e-05	4.042113e-03	6.487186e-02	1.571659e-02
3.517876e-05	4.344613e-03	6.954500e-02	1.685417e-02
4.045558e-05	4.668985e-03	7.417888e-02	1.807408e-02
4.652391e-05	5.016815e-03	7.905585e-02	1.938229e-02
5.350250e-05	5.389803e-03	8.397901e-02	2.078519e-02
6.152788e-05	5.789770e-03	8.905308e-02	2.228964e-02
7.075706e-05	6.218671e-03	9.434153e-02	2.390297e-02
8.137062e-05	6.678600e-03	9.952517e-02	2.563308e-02
9.357621e-05	7.171806e-03	1.046379e-01	2.748842e-02
1.076126e-04	7.700698e-03	1.097843e-01	2.947805e-02
1.237545e-04	8.267859e-03	1.154295e-01	3.161168e-02
1.423177e-04	8.876060e-03	1.203650e-01	3.389975e-02
1.636654e-04	9.528273e-03	1.257046e-01	3.635344e-02
1.882152e-04	1.022768e-02	1.305862e-01	3.898472e-02
2.164475e-04	1.097771e-02	1.352786e-01	4.180645e-02
2.489146e-04	1.178201e-02	1.404009e-01	4.483242e-02
2.862518e-04	1.264453e-02	1.445427e-01	4.807742e-02
3.291895e-04	1.356946e-02	1.489958e-01	5.155729e-02
3.785680e-04	1.456133e-02	1.530368e-01	5.528903e-02
4.353531e-04	1.562500e-02	1.567857e-01	5.929088e-02
5.006561e-04	1.676564e-02	1.602645e-01	6.358239e-02
5.757545e-04	1.798884e-02	1.631817e-01	6.818451e-02
6.621177e-04	1.930057e-02	1.661022e-01	7.311974e-02
7.614354e-04	2.070723e-02	1.684933e-01	7.841219e-02
8.756507e-04	2.221571e-02	1.706224e-01	8.408771e-02
1.006998e-03	2.383337e-02	1.722851e-01	9.017402e-02
1.158048e-03	2.556812e-02	1.738396e-01	9.670086e-02
1.331755e-03	2.742842e-02	1.750496e-01	1.037001e-01
1.531519e-03	2.942336e-02	1.757653e-01	1.112060e-01
1.761246e-03	3.156270e-02	1.763648e-01	1.192551e-01
2.025433e-03	3.385689e-02	1.762886e-01	1.278525e-01
2.329248e-03	3.631712e-02	1.760717e-01	1.371195e-01
2.678635e-03	3.895543e-02	1.753950e-01	1.470748e-01
3.080431e-03	4.178469e-02	1.742374e-01	1.577180e-01
3.542495e-03	4.481874e-02	1.727983e-01	1.691340e-01
4.073870e-03	4.807239e-02	1.708019e-01	1.813759e-01
4.684950e-03	5.156154e-02	1.684174e-01	1.945037e-01
5.387693e-03	5.530323e-02	1.655763e-01	2.085817e-01
6.195847e-03	5.931575e-02	1.622993e-01	2.236786e-01
7.125224e-03	6.361870e-02	1.585809e-01	2.398683e-01
8.194007e-03	6.823309e-02	1.544762e-01	2.572299e-01
9.423108e-03	7.318147e-02	1.501324e-01	2.758481e-01
1.083657e-02	7.848802e-02	1.453833e-01	2.958138e-01
1.246206e-02	8.417866e-02	1.400358e-01	3.172246e-01
1.433137e-02	9.028119e-02	1.348376e-01	3.401853e-01
1.648108e-02	9.682542e-02	1.290327e-01	3.648079e-01
1.895324e-02	1.038433e-01	1.234571e-01	3.912127e-01
2.179622e-02	1.113692e-01	1.176481e-01	4.195285e-01
2.506566e-02	1.194398e-01	1.112274e-01	4.498938e-01
2.882550e-02	1.280945e-01	1.055402e-01	4.824572e-01
3.314933e-02	1.373757e-01	9.923562e-02	5.173775e-01
3.812173e-02	1.473287e-01	9.326660e-02	5.548253e-01
4.383999e-02	1.580020e-01	8.731260e-02	5.949835e-01
5.041599e-02	1.694479e-01	8.145379e-02	6.380483e-01
5.797838e-02	1.817223e-01	7.612835e-02	6.842305e-01
6.667514e-02	1.948850e-01	7.051979e-02	7.337553e-01
7.667641e-02	2.090006e-01	6.546860e-02	7.868646e-01
8.817787e-02	2.241378e-01	6.053463e-02	8.438178e-01
1.014046e-01	2.403706e-01	5.609007e-02	9.048935e-01
1.166152e-01	2.577784e-01	5.146524e-02	9.703901e-01
1.341075e-01	2.764461e-01	4.739712e-02	1.040628e+00
1.542237e-01	2.964651e-01	4.412112e-02	1.115946e+00
1.773572e-01	3.179330e-01	4.052761e-02	1.196725e+00
2.039608e-01	3.409549e-01	3.728450e-02	1.283333e+00
2.345549e-01	3.656444e-01	3.374989e-02	1.376771e+00
2.697381e-01	3.921208e-01	3.037750e-02	1.478078e+00
3.101989e-01	4.205121e-01	2.744305e-02	1.568333e+00
3.567287e-01	4.509560e-01	2.437922e-02	1.633706e+00
4.102380e-01	4.836032e-01	2.202564e-02	1.694408e+00
4.717737e-01	5.186143e-01	1.980271e-02	1.765878e+00
5.425397e-01	5.611576e-01	1.789844e-02	1.841638e+00
6.239207e-01	6.129717e-01	1.610026e-02	1.917488e+00
7.175088e-01	6.639486e-01	1.443009e-02	1.993684e+00
8.251351e-01	7.188151e-01	1.299512e-02	2.070666e+00
9.489054e-01	7.739687e-01	1.171966e-02	2.149160e+00
1.091241e+00	8.279865e-01	1.056100e-02	2.230236e+00
1.254927e+00	8.847895e-01	9.348652e-03	2.315356e+00
1.443166e+00	9.355435e-01	8.462110e-03	2.406432e+00
1.659641e+00	9.871562e-01	7.505607e-03	2.505901e+00
1.908588e+00	1.034262e+00	6.738747e-03	2.616780e+00
2.194876e+00	1.069105e+00	6.039681e-03	2.742756e+00
2.524107e+00	1.100853e+00	5.312817e-03	2.888315e+00
2.902723e+00	1.131719e+00	4.795373e-03	3.058860e+00
3.338132e+00	1.157934e+00	4.232469e-03	3.260887e+00
3.838852e+00	1.174886e+00	3.764188e-03	3.502166e+00
4.414679e+00	1.182762e+00	3.341164e-03	3.791944e+00
5.076881e+00	1.186927e+00	2.957141e-03	4.141191e+00
5.838413e+00	1.181883e+00	2.646362e-03	4.562894e+00
6.714175e+00	1.173159e+00	2.335818e-03	5.072483e+00
7.721302e+00	1.159838e+00	2.084460e-03	5.688430e+00
8.879497e+00	1.139982e+00	1.852936e-03	6.433090e+00
1.021142e+01	1.115781e+00	1.657632e-03	7.333867e+00
1.174313e+01	1.085948e+00	1.462745e-03	8.424791e+00
1.350460e+01	1.051868e+00	1.298113e-03	9.748591e+00
1.553030e+01	1.012877e+00	1.155116e-03	1.135945e+01
1.785984e+01	9.711686e-01	1.013168e-03	1.332660e+01
2.053882e+01	9.258701e-01	9.092001e-04	1.573900e+01
2.361964e+01	8.810968e-01	7.972518e-04	1.871138e+01
2.716258e+01	8.316341e-01	7.069434e-04	2.239235e+01
3.123697e+01	7.761786e-01	6.271994e-04	2.697346e+01
3.592252e+01	7.249102e-01	5.472037e-04	3.270423e+01
4.131089e+01	6.680487e-01	4.848824e-04	3.991007e+01
4.750753e+01	6.144850e-01	4.265194e-04	4.910519e+01
5.463366e+01	5.607589e-01	3.784930e-04	6.078587e+01
6.282871e+01	5.092262e-01	3.336788e-04	7.568212e+01
7.225301e+01	4.616729e-01	2.933420e-04	9.472679e+01
8.309096e+01	4.204004e-01	2.597130e-04	1.189517e+02
9.555461e+01	3.811276e-01	2.305429e-04	1.497122e+02
1.098878e+02	3.445241e-01	2.045992e-04	1.889172e+02
1.263710e+02	3.108197e-01	1.777553e-04	2.389611e+02
1.453266e+02	2.799902e-01	1.590347e-04	3.029229e+02
1.671256e+02	2.518174e-01	1.385767e-04	3.847827e+02
1.921945e+02	2.262518e-01	1.229622e-04	4.896670e+02
2.210236e+02	2.030236e-01	1.086196e-04	6.241561e+02
2.541772e+02	1.819422e-01	9.400276e-05	7.967787e+02
2.923037e+02	1.628137e-01	8.397907e-05	1.018634e+03
3.361493e+02	1.456315e-01	7.291252e-05	1.303965e+03
3.865717e+02	1.304303e-01	6.406432e-05	1.670764e+03
4.445574e+02	1.168233e-01	5.607420e-05	2.141763e+03
5.112411e+02	1.045972e-01	0.000000e+00	2.746741e+03
5.879272e+02	9.363374e-02	0.000000e+00	3.523930e+03
6.761163e+02	8.382326e-02	0.000000e+00	4.522411e+03
7.775337e+02	7.505595e-02	0.000000e+00	5.804991e+03
8.941638e+02	6.723838e-02	0.000000e+00	7.451910e+03
1.028288e+03	6.027590e-02	0.000000e+00	9.565331e+03
1.182532e+03	5.407828e-02	0.000000e+00	1.227548e+04
1.359911e+03	4.856832e-02	0.000000e+00	1.574772e+04
1.563898e+03	4.367570e-02	0.000000e+00	2.019134e+04
1.798483e+03	3.933696e-02	0.000000e+00	2.587036e+04
2.068255e+03	3.549050e-02	0.000000e+00	3.311642e+04
2.378493e+03	3.208310e-02	0.000000e+00	4.234432e+04
2.735268e+03	2.907167e-02	0.000000e+00	5.407027e+04
3.145558e+03	2.641454e-02	0.000000e+00	6.893298e+04
3.617391e+03	2.407140e-02	0.000000e+00	8.771773e+04
4.160000e+03	2.200929e-02	0.000000e+00	1.113832e+05
4.784000e+03	2.019980e-02	0.000000e+00	1.410910e+05
5.501600e+03	1.861625e-02	0.000000e+00	1.782363e+05
6.326840e+03	1.723478e-02	0.000000e+00	2.244804e+05
7.275866e+03	1.603448e-02	0.000000e+00	2.817819e+05
8.367246e+03	1.499601e-02	0.000000e+00	3.524275e+05
9.622333e+03	1.410169e-02	0.000000e+00	4.390595e+05
