# Energy_MeV	dEdx_Elec_MeV_um	dEdx_Nucl_MeV_um	Range_um
1.000000e-05	7.073006e-03	3.328711e-02	2.827652e-03
1.150000e-05	7.584954e-03	3.632787e-02	3.032319e-03
1.322500e-05	8.133957e-03	4.034806e-02	3.251800e-03
1.520875e-05	8.722697e-03	4.471508e-02	3.487167e-03
1.749006e-05	9.354051e-03	4.960977e-02	3.739570e-03
2.011357e-05	1.003110e-02	5.512117e-02	4.010242e-03
2.313061e-05	1.075716e-02	6.109363e-02	4.300505e-03
2.660020e-05	1.153577e-02	6.771966e-02	4.611778e-03
3.059023e-05	1.237073e-02	7.497582e-02	4.945581e-03
3.517876e-05	1.326613e-02	8.296491e-02	5.303545e-03
4.045558e-05	1.422634e-02	9.172043e-02	5.687418e-03
4.652391e-05	1.525605e-02	1.012834e-01	6.099076e-03
5.350250e-05	1.636029e-02	1.119250e-01	6.540531e-03
6.152788e-05	1.754446e-02	1.235470e-01	7.013938e-03
7.075706e-05	1.881434e-02	1.360132e-01	7.521610e-03
8.137062e-05	2.017613e-02	1.495338e-01	8.066028e-03
9.357621e-05	2.163649e-02	1.649459e-01	8.649852e-03
1.076126e-04	2.320255e-02	1.815932e-01	9.275933e-03
1.237545e-04	2.488196e-02	1.996140e-01	9.947330e-03
1.423177e-04	2.668293e-02	2.189587e-01	1.066732e-02
1.636654e-04	2.861426e-02	2.397205e-01	1.143943e-02
1.882152e-04	3.068537e-02	2.633880e-01	1.226742e-02
2.164475e-04	3.290639e-02	2.886723e-01	1.315534e-02
2.489146e-04	3.528818e-02	3.158755e-01	1.410753e-02
2.862518e-04	3.784235e-02	3.453870e-01	1.512864e-02
3.291895e-04	4.058140e-02	3.771771e-01	1.622366e-02
3.785680e-04	4.351871e-02	4.115217e-01	1.739794e-02
4.353531e-04	4.666861e-02	4.476662e-01	1.865721e-02
5.006561e-04	5.004651e-02	4.871823e-01	2.000763e-02
5.757545e-04	5.366890e-02	5.296352e-01	2.145580e-02
6.621177e-04	5.755349e-02	5.744687e-01	2.300878e-02
7.614354e-04	6.171924e-02	6.207267e-01	2.467417e-02
8.756507e-04	6.618651e-02	6.715870e-01	2.646009e-02
1.006998e-03	7.097713e-02	7.277428e-01	2.837529e-02
1.158048e-03	7.611449e-02	7.852438e-01	3.042911e-02
1.331755e-03	8.162370e-02	8.462255e-01	3.263158e-02
1.531519e-03	8.753166e-02	9.076822e-01	3.499348e-02
1.761246e-03	9.386725e-02	9.745618e-01	3.752632e-02
2.025433e-03	1.006614e-01	1.047547e+00	4.024250e-02
2.329248e-03	1.079473e-01	1.120858e+00	4.315527e-02
2.678635e-03	1.157606e-01	1.198286e+00	4.627887e-02
3.080431e-03	1.241394e-01	1.277949e+00	4.962856e-02
3.542495e-03	1.331247e-01	1.359781e+00	5.322070e-02
4.073870e-03	1.427604e-01	1.442436e+00	5.707284e-02
4.684950e-03	1.530934e-01	1.526154e+00	6.120381e-02
5.387693e-03	1.641744e-01	1.614390e+00	6.563377e-02
6.195847e-03	1.760574e-01	1.702893e+00	7.038438e-02
7.125224e-03	1.888006e-01	1.786918e+00	7.547884e-02
8.194007e-03	2.024661e-01	1.868957e+00	8.094203e-02
9.423108e-03	2.171207e-01	1.961364e+00	8.680066e-02
1.083657e-02	2.328360e-01	2.049411e+00	9.308334e-02
1.246206e-02	2.496888e-01	2.133377e+00	9.982076e-02
1.433137e-02	2.677614e-01	2.211983e+00	1.070071e-01
1.648108e-02	2.871421e-01	2.284408e+00	1.147735e-01
1.895324e-02	3.079256e-01	2.365828e+00	1.231065e-01
2.179622e-02	3.302134e-01	2.438901e+00	1.320157e-01
2.506566e-02	3.541144e-01	2.506248e+00	1.415711e-01
2.882550e-02	3.797454e-01	2.569712e+00	1.518180e-01
3.314933e-02	4.072316e-01	2.627229e+00	1.628064e-01
3.812173e-02	4.367072e-01	2.680626e+00	1.745902e-01
4.383999e-02	4.683163e-01	2.725122e+00	1.872269e-01
5.041599e-02	5.022133e-01	2.768116e+00	2.007782e-01
5.797838e-02	5.385637e-01	2.805834e+00	2.153105e-01
6.667514e-02	5.775453e-01	2.836191e+00	2.308946e-01
7.667641e-02	6.193483e-01	2.858397e+00	2.476066e-01
8.817787e-02	6.641770e-01	2.878648e+00	2.655282e-01
1.014046e-01	7.122505e-01	2.897298e+00	2.847471e-01
1.166152e-01	7.638036e-01	2.906571e+00	3.053571e-01
1.341075e-01	8.190881e-01	2.909875e+00	3.274588e-01
1.542237e-01	8.783741e-01	2.904704e+00	3.511601e-01
1.773572e-01	9.419513e-01	2.895062e+00	3.765770e-01
2.039608e-01	1.010130e+00	2.881011e+00	4.038337e-01
2.345549e-01	1.083244e+00	2.857839e+00	4.330633e-01
2.697381e-01	1.161650e+00	2.827710e+00	4.644083e-01
3.101989e-01	1.245731e+00	2.790123e+00	4.980221e-01
3.567287e-01	1.335897e+00	2.745261e+00	5.340690e-01
4.102380e-01	1.432590e+00	2.693338e+00	5.727251e-01
4.717737e-01	1.536282e+00	2.634134e+00	6.141791e-01
5.425397e-01	1.647479e+00	2.567664e+00	6.586334e-01
6.239207e-01	1.766724e+00	2.494877e+00	7.063052e-01
7.175088e-01	1.894601e+00	2.418872e+00	7.574279e-01
8.251351e-01	2.031733e+00	2.338143e+00	8.122508e-01
9.489054e-01	2.178791e+00	2.245949e+00	8.710422e-01
1.091241e+00	2.336493e+00	2.153103e+00	9.340862e-01
1.254927e+00	2.505609e+00	2.056647e+00	1.001700e+00
1.443166e+00	2.682462e+00	1.961961e+00	1.074202e+00
1.659641e+00	2.847467e+00	1.868187e+00	1.152457e+00
1.908588e+00	3.019999e+00	1.761335e+00	1.237307e+00
2.194876e+00	3.199453e+00	1.660845e+00	1.329347e+00
2.524107e+00	3.384837e+00	1.560218e+00	1.429326e+00
2.902723e+00	3.574644e+00	1.461718e+00	1.538099e+00
3.338132e+00	3.766728e+00	1.366089e+00	1.656674e+00
3.838852e+00	3.958165e+00	1.271433e+00	1.786257e+00
4.414679e+00	4.145134e+00	1.185717e+00	1.928308e+00
5.076881e+00	2.197347e+00	1.097206e+00	2.084619e+00
5.838413e+00	2.417536e+00	1.013522e+00	2.257413e+00
6.714175e+00	2.659564e+00	9.361200e-01	2.449475e+00
7.721302e+00	2.921942e+00	8.677284e-01	2.664313e+00
8.879497e+00	3.215297e+00	7.972447e-01	2.906376e+00
1.021142e+01	3.528755e+00	7.286111e-01	3.181308e+00
1.174313e+01	3.873702e+00	6.788571e-01	3.496279e+00
1.350460e+01	4.248178e+00	6.317221e-01	3.860413e+00
1.553030e+01	4.624475e+00	5.777185e-01	4.285320e+00
1.785984e+01	5.038058e+00	5.156144e-01	4.353762e+00
2.053882e+01	5.494083e+00	4.553218e-01	4.108527e+00
2.361964e+01	5.978848e+00	4.100304e-01	3.920665e+00
2.716258e+01	6.491457e+00	3.694640e-01	3.784988e+00
3.123697e+01	7.031576e+00	3.326659e-01	3.697547e+00
3.592252e+01	7.633444e+00	2.994610e-01	3.655410e+00
4.131089e+01	8.284289e+00	2.704293e-01	3.656507e+00
4.750753e+01	9.007374e+00	2.440713e-01	3.699486e+00
5.463366e+01	9.816133e+00	2.184710e-01	3.783872e+00
6.282871e+01	1.066047e+01	1.954427e-01	3.909969e+00
7.225301e+01	1.158085e+01	1.765484e-01	4.078989e+00
8.309096e+01	1.250997e+01	1.600550e-01	4.293205e+00
9.555461e+01	1.344417e+01	1.414013e-01	4.556104e+00
1.098878e+02	1.442334e+01	1.260537e-01	4.872564e+00
1.263710e+02	1.526153e+01	1.123257e-01	5.249054e+00
1.453266e+02	1.608963e+01	1.008947e-01	5.693879e+00
1.671256e+02	1.674881e+01	9.107486e-02	6.217422e+00
1.921945e+02	1.744256e+01	8.004571e-02	6.832705e+00
2.210236e+02	1.820056e+01	7.116005e-02	7.555501e+00
2.541772e+02	1.870525e+01	6.313953e-02	8.405370e+00
2.923037e+02	2.057143e+01	5.610203e-02	9.408265e+00
3.361493e+02	2.052444e+01	4.986308e-02	1.061410e+01
3.865717e+02	2.029476e+01	4.418412e-02	1.204396e+01
4.445574e+02	2.003370e+01	3.954558e-02	1.374934e+01
5.112411e+02	1.965945e+01	3.497628e-02	1.578630e+01
5.879272e+02	1.929135e+01	3.102696e-02	1.819982e+01
6.761163e+02	1.874871e+01	2.762436e-02	2.105974e+01
7.775337e+02	1.816134e+01	2.483903e-02	2.447554e+01
8.941638e+02	1.755359e+01	2.204549e-02	2.857430e+01
1.028288e+03	1.693930e+01	1.929319e-02	3.351386e+01
1.182532e+03	1.635853e+01	1.708347e-02	3.949367e+01
1.359911e+03	1.575209e+01	1.512012e-02	4.676315e+01
1.563898e+03	1.511151e+01	1.355239e-02	5.563439e+01
1.798483e+03	1.444200e+01	1.199004e-02	6.650646e+01
2.068255e+03	1.374747e+01	1.047335e-02	7.989273e+01
2.378493e+03	1.304580e+01	9.259461e-03	9.643752e+01
2.735268e+03	1.236759e+01	8.148889e-03	1.169349e+02
3.145558e+03	1.168877e+01	7.172898e-03	1.423763e+02
3.617391e+03	1.101051e+01	6.323461e-03	1.740714e+02
4.160000e+03	1.033567e+01	5.609932e-03	2.136901e+02
4.784000e+03	9.668076e+00	4.973908e-03	2.633701e+02
5.501600e+03	9.016315e+00	4.369575e-03	3.258410e+02
6.326840e+03	8.388665e+00	3.839248e-03	4.045874e+02
7.275866e+03	7.785996e+00	3.423655e-03	5.040498e+02
8.367246e+03	7.209196e+00	3.060610e-03	6.299029e+02
9.622333e+03	6.660893e+00	2.653514e-03	7.893742e+02
