# Energy_MeV	dEdx_Elec_MeV_um	dEdx_Nucl_MeV_um	Range_um
1.000000e-05	6.391299e-03	3.770605e-02	3.129254e-03
1.150000e-05	6.853904e-03	4.180898e-02	3.355752e-03
1.322500e-05	7.349993e-03	4.634615e-02	3.598643e-03
1.520875e-05	7.881990e-03	5.131981e-02	3.859114e-03
1.749006e-05	8.452492e-03	5.677952e-02	4.138439e-03
2.011357e-05	9.064288e-03	6.280501e-02	4.437981e-03
2.313061e-05	9.720366e-03	6.936091e-02	4.759205e-03
2.660020e-05	1.042393e-02	7.664815e-02	5.103679e-03
3.059023e-05	1.117842e-02	8.461917e-02	5.473086e-03
3.517876e-05	1.198752e-02	9.318544e-02	5.869231e-03
4.045558e-05	1.285518e-02	1.024899e-01	6.294049e-03
4.652391e-05	1.378565e-02	1.129601e-01	6.749615e-03
5.350250e-05	1.478346e-02	1.243993e-01	7.238156e-03
6.152788e-05	1.585350e-02	1.368130e-01	7.762057e-03
7.075706e-05	1.700098e-02	1.501241e-01	8.323879e-03
8.137062e-05	1.823152e-02	1.644519e-01	8.926366e-03
9.357621e-05	1.955113e-02	1.805300e-01	9.572461e-03
1.076126e-04	2.096625e-02	1.979305e-01	1.026532e-02
1.237545e-04	2.248380e-02	2.167037e-01	1.100833e-02
1.423177e-04	2.411119e-02	2.369641e-01	1.180512e-02
1.636654e-04	2.585637e-02	2.589992e-01	1.265958e-02
1.882152e-04	2.772787e-02	2.825887e-01	1.357589e-02
2.164475e-04	2.973482e-02	3.074693e-01	1.455852e-02
2.489146e-04	3.188705e-02	3.346204e-01	1.561227e-02
2.862518e-04	3.419505e-02	3.638122e-01	1.674229e-02
3.291895e-04	3.667010e-02	3.951442e-01	1.795411e-02
3.785680e-04	3.932430e-02	4.272314e-01	1.925364e-02
4.353531e-04	4.217062e-02	4.618645e-01	2.064723e-02
5.006561e-04	4.522295e-02	5.006181e-01	2.214168e-02
5.757545e-04	4.849621e-02	5.405962e-01	2.374431e-02
6.621177e-04	5.200639e-02	5.828985e-01	2.546294e-02
7.614354e-04	5.577064e-02	6.257659e-01	2.730596e-02
8.756507e-04	5.980735e-02	6.713542e-01	2.928238e-02
1.006998e-03	6.413624e-02	7.218617e-01	3.140185e-02
1.158048e-03	6.877845e-02	7.730659e-01	3.367473e-02
1.331755e-03	7.375667e-02	8.266757e-01	3.611213e-02
1.531519e-03	7.909522e-02	8.820010e-01	3.872594e-02
1.761246e-03	8.482017e-02	9.385825e-01	4.152895e-02
2.025433e-03	9.095950e-02	9.967621e-01	4.453484e-02
2.329248e-03	9.754320e-02	1.055062e+00	4.775829e-02
2.678635e-03	1.046034e-01	1.116319e+00	5.121506e-02
3.080431e-03	1.121747e-01	1.178138e+00	5.492203e-02
3.542495e-03	1.202939e-01	1.237169e+00	5.889732e-02
4.073870e-03	1.290009e-01	1.295172e+00	6.316034e-02
4.684950e-03	1.383380e-01	1.358014e+00	6.773192e-02
5.387693e-03	1.483510e-01	1.420003e+00	7.263439e-02
6.195847e-03	1.590887e-01	1.479847e+00	7.789171e-02
7.125224e-03	1.706037e-01	1.535514e+00	8.352955e-02
8.194007e-03	1.829520e-01	1.587571e+00	8.957546e-02
9.423108e-03	1.961942e-01	1.642954e+00	9.605898e-02
1.083657e-02	2.103949e-01	1.695201e+00	1.029590e-01
1.246206e-02	2.256233e-01	1.743585e+00	1.104528e-01
1.433137e-02	2.419541e-01	1.788385e+00	1.184666e-01
1.648108e-02	2.594669e-01	1.830525e+00	1.270410e-01
1.895324e-02	2.782472e-01	1.868412e+00	1.362359e-01
2.179622e-02	2.983869e-01	1.900422e+00	1.460967e-01
2.506566e-02	3.199843e-01	1.930860e+00	1.566710e-01
2.882550e-02	3.431449e-01	1.957928e+00	1.680106e-01
3.314933e-02	3.679819e-01	1.981171e+00	1.801711e-01
3.812173e-02	3.946166e-01	1.997914e+00	1.932119e-01
4.383999e-02	4.231792e-01	2.011931e+00	2.071964e-01
5.041599e-02	4.538091e-01	2.025703e+00	2.221932e-01
5.797838e-02	4.866561e-01	2.033655e+00	2.382754e-01
6.667514e-02	5.218805e-01	2.036946e+00	2.555217e-01
7.667641e-02	5.596545e-01	2.034632e+00	2.740163e-01
8.817787e-02	6.001626e-01	2.028290e+00	2.938496e-01
1.014046e-01	6.436027e-01	2.019402e+00	3.151183e-01
1.166152e-01	6.901870e-01	2.004643e+00	3.379264e-01
1.341075e-01	7.401431e-01	1.984596e+00	3.623856e-01
1.542237e-01	7.937150e-01	1.959477e+00	3.886151e-01
1.773572e-01	8.511645e-01	1.929157e+00	4.167430e-01
2.039608e-01	9.127723e-01	1.893952e+00	4.469068e-01
2.345549e-01	9.788392e-01	1.853687e+00	4.792539e-01
2.697381e-01	1.049688e+00	1.808226e+00	5.139425e-01
3.101989e-01	1.125665e+00	1.758316e+00	5.511418e-01
3.567287e-01	1.207141e+00	1.705824e+00	5.910334e-01
4.102380e-01	1.294515e+00	1.649949e+00	6.338124e-01
4.717737e-01	1.388213e+00	1.587326e+00	6.796879e-01
5.425397e-01	1.488692e+00	1.522587e+00	7.288841e-01
6.239207e-01	1.596444e+00	1.455474e+00	7.816407e-01
7.175088e-01	1.711996e+00	1.389218e+00	8.382164e-01
8.251351e-01	1.835911e+00	1.323081e+00	8.988859e-01
9.489054e-01	1.968795e+00	1.250456e+00	9.639442e-01
1.091241e+00	2.104005e+00	1.179202e+00	1.033751e+00
1.254927e+00	2.233112e+00	1.108610e+00	1.109203e+00
1.443166e+00	2.367993e+00	1.039578e+00	1.191014e+00
1.659641e+00	2.508131e+00	9.712132e-01	1.279784e+00
1.908588e+00	2.652691e+00	9.048787e-01	1.376233e+00
2.194876e+00	2.800422e+00	8.440346e-01	1.481201e+00
2.524107e+00	2.949560e+00	7.825096e-01	1.595674e+00
2.902723e+00	1.553348e+00	7.233107e-01	1.720838e+00
3.338132e+00	1.710706e+00	6.670646e-01	1.858131e+00
3.838852e+00	1.877479e+00	6.179076e-01	2.009323e+00
4.414679e+00	2.061108e+00	5.696063e-01	2.176612e+00
5.076881e+00	2.265125e+00	5.203295e-01	2.362754e+00
5.838413e+00	2.481315e+00	4.825071e-01	2.571232e+00
6.714175e+00	2.722073e+00	4.499142e-01	2.806455e+00
7.721302e+00	2.981034e+00	4.132404e-01	3.074023e+00
8.879497e+00	3.258617e+00	3.710842e-01	3.034306e+00
1.021142e+01	3.563933e+00	3.279570e-01	2.933656e+00
1.174313e+01	3.866198e+00	2.937983e-01	2.851831e+00
1.350460e+01	4.208778e+00	2.649156e-01	2.790092e+00
1.553030e+01	4.595888e+00	2.385922e-01	2.749697e+00
1.785984e+01	5.017868e+00	2.151260e-01	2.731964e+00
2.053882e+01	5.489966e+00	1.938819e-01	2.738269e+00
2.361964e+01	5.992201e+00	1.750075e-01	2.770154e+00
2.716258e+01	6.542402e+00	1.569287e-01	2.829306e+00
3.123697e+01	7.125533e+00	1.404005e-01	2.917553e+00
3.592252e+01	7.740129e+00	1.267776e-01	3.036956e+00
4.131089e+01	8.413112e+00	1.147240e-01	3.189923e+00
4.750753e+01	9.046140e+00	1.020296e-01	3.379360e+00
5.463366e+01	9.690765e+00	9.077523e-02	3.608879e+00
6.282871e+01	1.031345e+01	8.086203e-02	3.883024e+00
7.225301e+01	1.087621e+01	7.254806e-02	4.207507e+00
8.309096e+01	1.144932e+01	6.535072e-02	4.589534e+00
9.555461e+01	1.191334e+01	5.780380e-02	5.038101e+00
1.098878e+02	1.231489e+01	5.125468e-02	5.564374e+00
1.263710e+02	1.262779e+01	4.550259e-02	6.182140e+00
1.453266e+02	1.293701e+01	4.043619e-02	6.908427e+00
1.671256e+02	1.324138e+01	3.586369e-02	7.764205e+00
1.921945e+02	1.340754e+01	3.177577e-02	8.774278e+00
2.210236e+02	1.455665e+01	2.842305e-02	9.977084e+00
2.541772e+02	1.428900e+01	2.522764e-02	1.143040e+01
2.923037e+02	1.392729e+01	2.236672e-02	1.316404e+01
3.361493e+02	1.353499e+01	1.985059e-02	1.525340e+01
3.865717e+02	1.312283e+01	1.780813e-02	1.776883e+01
4.445574e+02	1.270728e+01	1.588826e-02	2.077710e+01
5.112411e+02	1.220864e+01	1.393159e-02	2.438727e+01
5.879272e+02	1.169800e+01	1.229521e-02	2.874955e+01
6.761163e+02	1.118316e+01	1.088194e-02	3.404631e+01
7.775337e+02	1.067539e+01	9.722858e-03	4.050599e+01
8.941638e+02	1.018328e+01	8.648148e-03	4.842067e+01
1.028288e+03	9.682608e+00	7.569189e-03	5.815813e+01
1.182532e+03	9.171104e+00	6.667863e-03	7.018546e+01
1.359911e+03	8.651658e+00	5.877239e-03	8.510544e+01
1.563898e+03	8.131243e+00	5.172555e-03	1.036971e+02
1.798483e+03	7.616935e+00	4.568241e-03	1.269445e+02
2.068255e+03	7.130523e+00	4.040585e-03	1.560736e+02
2.378493e+03	6.650935e+00	3.582027e-03	1.926418e+02
2.735268e+03	6.179619e+00	3.153904e-03	2.387080e+02
3.145558e+03	5.723269e+00	2.770210e-03	2.969057e+02
3.617391e+03	5.285744e+00	2.466049e-03	3.706220e+02
4.160000e+03	4.869165e+00	2.201515e-03	4.642012e+02
4.784000e+03	4.475163e+00	1.922197e-03	5.832032e+02
5.501600e+03	4.103202e+00	1.683831e-03	7.347339e+02
6.326840e+03	3.754739e+00	1.477757e-03	9.278820e+02
7.275866e+03	3.431726e+00	1.309565e-03	1.174221e+03
8.367246e+03	3.133573e+00	1.165834e-03	1.488440e+03
9.622333e+03	2.859003e+00	1.014251e-03	1.889105e+03
