# Energy_MeV	dEdx_Elec_MeV_um	dEdx_Nucl_MeV_um	Range_um
1.000000e-05	6.497052e-03	3.615837e-02	3.078319e-03
1.150000e-05	6.967312e-03	4.019005e-02	3.301130e-03
1.322500e-05	7.471609e-03	4.457460e-02	3.540067e-03
1.520875e-05	8.012408e-03	4.941289e-02	3.796299e-03
1.749006e-05	8.592351e-03	5.472085e-02	4.071077e-03
2.011357e-05	9.214270e-03	6.056678e-02	4.365744e-03
2.313061e-05	9.881203e-03	6.703338e-02	4.681739e-03
2.660020e-05	1.059641e-02	7.401961e-02	5.020606e-03
3.059023e-05	1.136338e-02	8.179691e-02	5.384000e-03
3.517876e-05	1.218587e-02	9.030376e-02	5.773697e-03
4.045558e-05	1.306789e-02	9.955567e-02	6.191600e-03
4.652391e-05	1.401375e-02	1.094831e-01	6.639751e-03
5.350250e-05	1.502808e-02	1.205482e-01	7.120340e-03
6.152788e-05	1.611582e-02	1.328835e-01	7.635714e-03
7.075706e-05	1.728229e-02	1.461404e-01	8.188391e-03
8.137062e-05	1.853319e-02	1.605378e-01	8.781071e-03
9.357621e-05	1.987463e-02	1.758574e-01	9.416649e-03
1.076126e-04	2.131317e-02	1.928523e-01	1.009823e-02
1.237545e-04	2.285582e-02	2.116669e-01	1.082915e-02
1.423177e-04	2.451014e-02	2.317430e-01	1.161297e-02
1.636654e-04	2.628420e-02	2.535577e-01	1.245352e-02
1.882152e-04	2.818666e-02	2.771407e-01	1.335491e-02
2.164475e-04	3.022683e-02	3.024134e-01	1.432155e-02
2.489146e-04	3.241466e-02	3.293877e-01	1.535815e-02
2.862518e-04	3.476085e-02	3.583470e-01	1.646978e-02
3.291895e-04	3.727686e-02	3.898534e-01	1.766187e-02
3.785680e-04	3.997498e-02	4.236651e-01	1.894025e-02
4.353531e-04	4.286839e-02	4.583966e-01	2.031115e-02
5.006561e-04	4.597123e-02	4.953614e-01	2.178128e-02
5.757545e-04	4.929865e-02	5.372343e-01	2.335782e-02
6.621177e-04	5.286691e-02	5.804449e-01	2.504847e-02
7.614354e-04	5.669344e-02	6.262029e-01	2.686150e-02
8.756507e-04	6.079695e-02	6.727940e-01	2.880575e-02
1.006998e-03	6.519746e-02	7.214707e-01	3.089072e-02
1.158048e-03	6.991649e-02	7.765312e-01	3.312661e-02
1.331755e-03	7.497708e-02	8.319976e-01	3.552433e-02
1.531519e-03	8.040396e-02	8.899811e-01	3.809560e-02
1.761246e-03	8.622364e-02	9.497555e-01	4.085298e-02
2.025433e-03	9.246456e-02	1.011529e+00	4.380994e-02
2.329248e-03	9.915719e-02	1.075800e+00	4.698092e-02
2.678635e-03	1.063342e-01	1.138684e+00	5.038143e-02
3.080431e-03	1.140308e-01	1.205397e+00	5.402806e-02
3.542495e-03	1.222844e-01	1.272435e+00	5.793864e-02
4.073870e-03	1.311354e-01	1.338389e+00	6.213227e-02
4.684950e-03	1.406270e-01	1.401519e+00	6.662944e-02
5.387693e-03	1.508057e-01	1.468052e+00	7.145211e-02
6.195847e-03	1.617211e-01	1.537628e+00	7.662386e-02
7.125224e-03	1.734265e-01	1.603169e+00	8.216993e-02
8.194007e-03	1.859792e-01	1.666197e+00	8.811743e-02
9.423108e-03	1.994405e-01	1.723535e+00	9.449542e-02
1.083657e-02	2.138761e-01	1.782231e+00	1.013350e-01
1.246206e-02	2.293566e-01	1.841786e+00	1.086436e-01
1.433137e-02	2.459576e-01	1.895307e+00	1.165387e-01
1.648108e-02	2.637601e-01	1.945726e+00	1.249722e-01
1.895324e-02	2.828512e-01	1.992813e+00	1.340189e-01
2.179622e-02	3.033241e-01	2.034839e+00	1.437187e-01
2.506566e-02	3.252789e-01	2.071849e+00	1.541209e-01
2.882550e-02	3.488227e-01	2.105256e+00	1.652761e-01
3.314933e-02	3.740707e-01	2.136343e+00	1.772386e-01
3.812173e-02	4.011461e-01	2.163481e+00	1.900671e-01
4.383999e-02	4.301813e-01	2.183077e+00	2.038240e-01
5.041599e-02	4.613181e-01	2.198593e+00	2.185766e-01
5.797838e-02	4.947085e-01	2.215201e+00	2.343971e-01
6.667514e-02	5.305158e-01	2.225176e+00	2.513627e-01
7.667641e-02	5.689148e-01	2.230025e+00	2.695563e-01
8.817787e-02	6.100931e-01	2.228862e+00	2.890666e-01
1.014046e-01	6.542520e-01	2.222549e+00	3.099892e-01
1.166152e-01	7.016071e-01	2.214492e+00	3.324262e-01
1.341075e-01	7.523898e-01	2.199764e+00	3.564872e-01
1.542237e-01	8.068482e-01	2.179120e+00	3.822897e-01
1.773572e-01	8.652483e-01	2.152991e+00	4.099597e-01
2.039608e-01	9.278754e-01	2.121181e+00	4.396326e-01
2.345549e-01	9.950355e-01	2.083975e+00	4.714533e-01
2.697381e-01	1.067057e+00	2.041396e+00	5.055772e-01
3.101989e-01	1.144291e+00	1.992714e+00	5.421708e-01
3.567287e-01	1.227115e+00	1.939562e+00	5.814131e-01
4.102380e-01	1.315934e+00	1.882577e+00	6.234960e-01
4.717737e-01	1.411182e+00	1.822692e+00	6.686249e-01
5.425397e-01	1.513325e+00	1.756491e+00	7.170201e-01
6.239207e-01	1.622860e+00	1.685357e+00	7.689180e-01
7.175088e-01	1.740323e+00	1.612963e+00	8.245723e-01
8.251351e-01	1.866289e+00	1.539363e+00	8.842547e-01
9.489054e-01	2.001372e+00	1.467483e+00	9.482622e-01
1.091241e+00	2.146232e+00	1.390651e+00	1.016876e+00
1.254927e+00	2.285729e+00	1.310941e+00	1.090647e+00
1.443166e+00	2.425291e+00	1.234007e+00	1.170553e+00
1.659641e+00	2.570844e+00	1.157519e+00	1.257188e+00
1.908588e+00	2.721730e+00	1.081839e+00	1.351241e+00
2.194876e+00	2.876921e+00	1.009542e+00	1.453482e+00
2.524107e+00	3.034912e+00	9.412252e-01	1.564825e+00
2.902723e+00	3.193607e+00	8.745497e-01	1.686353e+00
3.338132e+00	1.719790e+00	8.084311e-01	1.819367e+00
3.838852e+00	1.888634e+00	7.444337e-01	1.965454e+00
4.414679e+00	2.073963e+00	6.896578e-01	2.126576e+00
5.076881e+00	2.272784e+00	6.378740e-01	2.305177e+00
5.838413e+00	2.494573e+00	5.803276e-01	2.504334e+00
6.714175e+00	2.733114e+00	5.368248e-01	2.727932e+00
7.721302e+00	2.992988e+00	5.021105e-01	2.980897e+00
8.879497e+00	3.281462e+00	4.633576e-01	3.269493e+00
1.021142e+01	3.578830e+00	4.188455e-01	3.395863e+00
1.174313e+01	3.901513e+00	3.687126e-01	3.258752e+00
1.350460e+01	4.229961e+00	3.297115e-01	3.147034e+00
1.553030e+01	4.599605e+00	2.971452e-01	3.061245e+00
1.785984e+01	5.019772e+00	2.681433e-01	3.001989e+00
2.053882e+01	5.457188e+00	2.419370e-01	2.969993e+00
2.361964e+01	5.947200e+00	2.174571e-01	2.966143e+00
2.716258e+01	6.486094e+00	1.966704e-01	2.991423e+00
3.123697e+01	7.057831e+00	1.763028e-01	3.047143e+00
3.592252e+01	7.690290e+00	1.580655e-01	3.134759e+00
4.131089e+01	8.350725e+00	1.423744e-01	3.256025e+00
4.750753e+01	9.053592e+00	1.289332e-01	3.413120e+00
5.463366e+01	9.777950e+00	1.154808e-01	3.608815e+00
6.282871e+01	1.045714e+01	1.023919e-01	3.846674e+00
7.225301e+01	1.116479e+01	9.128318e-02	4.131291e+00
8.309096e+01	1.179212e+01	8.160941e-02	4.468537e+00
9.555461e+01	1.240166e+01	7.352403e-02	4.865793e+00
1.098878e+02	1.297141e+01	6.552969e-02	5.332390e+00
1.263710e+02	1.337113e+01	5.787653e-02	5.879858e+00
1.453266e+02	1.376283e+01	5.142454e-02	6.522451e+00
1.671256e+02	1.415580e+01	4.565294e-02	7.277615e+00
1.921945e+02	1.447474e+01	4.041252e-02	8.167492e+00
2.210236e+02	1.471776e+01	3.590180e-02	9.216070e+00
2.541772e+02	1.583029e+01	3.204628e-02	1.047269e+01
2.923037e+02	1.552961e+01	2.853997e-02	1.198326e+01
3.361493e+02	1.519604e+01	2.527363e-02	1.378302e+01
3.865717e+02	1.477464e+01	2.230696e-02	1.595098e+01
4.445574e+02	1.438957e+01	2.000781e-02	1.854915e+01
5.112411e+02	1.392389e+01	1.796001e-02	2.164511e+01
5.879272e+02	1.339731e+01	1.570966e-02	2.536225e+01
6.761163e+02	1.286031e+01	1.386534e-02	2.984875e+01
7.775337e+02	1.231762e+01	1.223453e-02	3.528994e+01
8.941638e+02	1.179111e+01	1.092615e-02	4.191801e+01
1.028288e+03	1.127039e+01	9.784347e-03	5.002907e+01
1.182532e+03	1.073444e+01	8.540994e-03	5.999385e+01
1.359911e+03	1.018536e+01	7.524689e-03	7.228587e+01
1.563898e+03	9.622077e+00	6.627475e-03	8.751713e+01
1.798483e+03	9.061097e+00	5.846475e-03	1.064719e+02
2.068255e+03	8.512391e+00	5.165933e-03	1.301315e+02
2.378493e+03	7.983468e+00	4.551276e-03	1.597161e+02
2.735268e+03	7.459528e+00	4.044212e-03	1.968066e+02
3.145558e+03	6.942785e+00	3.558567e-03	2.434680e+02
3.617391e+03	6.442558e+00	3.133359e-03	3.023420e+02
4.160000e+03	5.961870e+00	2.779746e-03	3.768178e+02
4.784000e+03	5.502680e+00	2.483327e-03	4.712407e+02
5.501600e+03	5.066710e+00	2.187567e-03	5.911615e+02
6.326840e+03	4.654441e+00	1.907381e-03	7.436791e+02
7.275866e+03	4.267959e+00	1.675333e-03	9.378618e+02
8.367246e+03	3.908415e+00	1.478053e-03	1.185244e+03
9.622333e+03	3.575399e+00	1.315914e-03	1.500453e+03
