# Energy_MeV	dEdx_Elec_MeV_um	dEdx_Nucl_MeV_um	Range_um
1.000000e-05	7.153633e-03	3.628544e-02	2.795782e-03
1.150000e-05	7.671417e-03	4.021824e-02	2.998143e-03
1.322500e-05	8.226678e-03	4.468549e-02	3.215150e-03
1.520875e-05	8.822129e-03	4.957816e-02	3.447864e-03
1.749006e-05	9.460679e-03	5.495839e-02	3.697422e-03
2.011357e-05	1.014545e-02	6.087348e-02	3.965043e-03
2.313061e-05	1.087978e-02	6.739406e-02	4.252035e-03
2.660020e-05	1.166727e-02	7.457730e-02	4.559800e-03
3.059023e-05	1.251175e-02	8.236300e-02	4.889841e-03
3.517876e-05	1.341736e-02	9.100466e-02	5.243770e-03
4.045558e-05	1.438851e-02	1.004882e-01	5.623317e-03
4.652391e-05	1.542996e-02	1.108478e-01	6.030336e-03
5.350250e-05	1.654679e-02	1.219024e-01	6.466814e-03
6.152788e-05	1.774445e-02	1.341677e-01	6.934886e-03
7.075706e-05	1.902881e-02	1.479493e-01	7.436837e-03
8.137062e-05	2.040612e-02	1.627137e-01	7.975119e-03
9.357621e-05	2.188313e-02	1.788189e-01	8.552362e-03
1.076126e-04	2.346704e-02	1.958925e-01	9.171387e-03
1.237545e-04	2.516560e-02	2.147331e-01	9.835216e-03
1.423177e-04	2.698709e-02	2.357737e-01	1.054709e-02
1.636654e-04	2.894043e-02	2.581470e-01	1.131050e-02
1.882152e-04	3.103516e-02	2.825115e-01	1.212916e-02
2.164475e-04	3.328150e-02	3.087605e-01	1.300707e-02
2.489146e-04	3.569043e-02	3.369611e-01	1.394853e-02
2.862518e-04	3.827372e-02	3.671758e-01	1.495813e-02
3.291895e-04	4.104400e-02	3.994134e-01	1.604081e-02
3.785680e-04	4.401478e-02	4.346344e-01	1.720185e-02
4.353531e-04	4.720060e-02	4.722937e-01	1.844693e-02
5.006561e-04	5.061700e-02	5.112699e-01	1.978213e-02
5.757545e-04	5.428069e-02	5.524897e-01	2.121397e-02
6.621177e-04	5.820955e-02	5.988896e-01	2.274945e-02
7.614354e-04	6.242279e-02	6.474409e-01	2.439607e-02
8.756507e-04	6.694098e-02	6.985209e-01	2.616187e-02
1.006998e-03	7.178621e-02	7.509583e-01	2.805548e-02
1.158048e-03	7.698213e-02	8.053448e-01	3.008615e-02
1.331755e-03	8.255414e-02	8.663598e-01	3.226380e-02
1.531519e-03	8.852945e-02	9.288368e-01	3.459907e-02
1.761246e-03	9.493726e-02	9.936592e-01	3.710337e-02
2.025433e-03	1.018089e-01	1.060778e+00	3.978894e-02
2.329248e-03	1.091778e-01	1.130413e+00	4.266888e-02
2.678635e-03	1.170802e-01	1.202163e+00	4.575728e-02
3.080431e-03	1.255545e-01	1.272879e+00	4.906921e-02
3.542495e-03	1.346422e-01	1.347312e+00	5.262087e-02
4.073870e-03	1.443877e-01	1.422832e+00	5.642959e-02
4.684950e-03	1.548386e-01	1.498034e+00	6.051400e-02
5.387693e-03	1.660459e-01	1.568968e+00	6.489403e-02
6.195847e-03	1.780643e-01	1.642794e+00	6.959110e-02
7.125224e-03	1.909527e-01	1.721694e+00	7.462814e-02
8.194007e-03	2.047740e-01	1.795521e+00	8.002976e-02
9.423108e-03	2.195956e-01	1.867317e+00	8.582236e-02
1.083657e-02	2.354901e-01	1.932064e+00	9.203423e-02
1.246206e-02	2.525350e-01	1.997236e+00	9.867159e-02
1.433137e-02	2.708136e-01	2.065119e+00	1.058424e-01
1.648108e-02	2.904152e-01	2.125686e+00	1.135019e-01
1.895324e-02	3.114357e-01	2.183017e+00	1.217183e-01
2.179622e-02	3.339775e-01	2.236071e+00	1.305278e-01
2.506566e-02	3.581510e-01	2.283839e+00	1.399753e-01
2.882550e-02	3.840742e-01	2.326457e+00	1.501065e-01
3.314933e-02	4.118737e-01	2.364150e+00	1.609712e-01
3.812173e-02	4.416853e-01	2.399741e+00	1.726222e-01
4.383999e-02	4.736547e-01	2.430525e+00	1.851164e-01
5.041599e-02	5.079381e-01	2.453462e+00	1.985150e-01
5.797838e-02	5.447029e-01	2.471296e+00	2.128835e-01
6.667514e-02	5.841288e-01	2.489712e+00	2.282919e-01
7.667641e-02	6.264083e-01	2.501939e+00	2.448156e-01
8.817787e-02	6.717481e-01	2.507977e+00	2.625352e-01
1.014046e-01	7.203696e-01	2.507545e+00	2.815375e-01
1.166152e-01	7.725103e-01	2.501030e+00	3.019152e-01
1.341075e-01	8.284250e-01	2.492187e+00	3.237678e-01
1.542237e-01	8.883869e-01	2.476537e+00	3.472020e-01
1.773572e-01	9.526888e-01	2.453991e+00	3.723324e-01
2.039608e-01	1.021645e+00	2.425326e+00	3.992818e-01
2.345549e-01	1.095592e+00	2.390297e+00	4.281820e-01
2.697381e-01	1.174892e+00	2.349093e+00	4.591739e-01
3.101989e-01	1.259931e+00	2.301873e+00	4.924088e-01
3.567287e-01	1.351125e+00	2.247920e+00	5.280493e-01
4.102380e-01	1.448921e+00	2.188675e+00	5.662697e-01
4.717737e-01	1.553794e+00	2.124662e+00	6.072566e-01
5.425397e-01	1.666259e+00	2.057856e+00	6.512099e-01
6.239207e-01	1.786863e+00	1.984457e+00	6.983445e-01
7.175088e-01	1.916197e+00	1.904446e+00	7.488907e-01
8.251351e-01	2.054893e+00	1.823439e+00	8.030953e-01
9.489054e-01	2.203627e+00	1.740228e+00	8.612280e-01
1.091241e+00	2.363127e+00	1.659538e+00	9.235442e-01
1.254927e+00	2.516776e+00	1.574292e+00	9.905437e-01
1.443166e+00	2.670450e+00	1.484077e+00	1.063113e+00
1.659641e+00	2.830723e+00	1.397572e+00	1.141795e+00
1.908588e+00	2.996871e+00	1.311152e+00	1.227213e+00
2.194876e+00	3.167762e+00	1.226283e+00	1.320067e+00
2.524107e+00	3.341741e+00	1.144706e+00	1.421188e+00
2.902723e+00	3.516502e+00	1.066880e+00	1.531557e+00
3.338132e+00	3.688969e+00	9.920683e-01	1.652356e+00
3.838852e+00	1.965543e+00	9.171866e-01	1.785028e+00
4.414679e+00	2.160729e+00	8.452615e-01	1.931352e+00
5.076881e+00	2.371236e+00	7.825587e-01	2.093548e+00
5.838413e+00	2.606737e+00	7.241119e-01	2.274410e+00
6.714175e+00	2.861744e+00	6.598201e-01	2.477463e+00
7.721302e+00	3.141340e+00	6.089140e-01	2.707183e+00
8.879497e+00	3.452964e+00	5.692202e-01	2.969253e+00
1.021142e+01	3.777649e+00	5.262608e-01	3.270901e+00
1.174313e+01	4.129766e+00	4.769442e-01	3.487483e+00
1.350460e+01	4.486757e+00	4.202301e-01	3.312278e+00
1.553030e+01	4.885944e+00	3.750493e-01	3.172530e+00
1.785984e+01	5.338147e+00	3.383653e-01	3.066747e+00
2.053882e+01	5.792301e+00	3.052667e-01	2.993825e+00
2.361964e+01	6.300401e+00	2.751489e-01	2.953044e+00
2.716258e+01	6.857651e+00	2.470998e-01	2.944037e+00
3.123697e+01	7.457643e+00	2.235763e-01	2.966726e+00
3.592252e+01	8.126185e+00	2.007476e-01	3.021439e+00
4.131089e+01	8.836704e+00	1.799831e-01	3.108875e+00
4.750753e+01	9.604691e+00	1.618501e-01	3.230180e+00
5.463366e+01	1.041443e+01	1.465883e-01	3.387101e+00
6.282871e+01	1.119763e+01	1.316418e-01	3.582140e+00
7.225301e+01	1.202469e+01	1.166296e-01	3.818738e+00
8.309096e+01	1.277425e+01	1.039816e-01	4.101463e+00
9.555461e+01	1.351005e+01	9.284485e-02	4.436232e+00
1.098878e+02	1.420691e+01	8.363358e-02	4.830518e+00
1.263710e+02	1.471350e+01	7.474708e-02	5.293718e+00
1.453266e+02	1.521631e+01	6.596010e-02	5.837441e+00
1.671256e+02	1.572565e+01	5.860305e-02	6.475899e+00
1.921945e+02	1.615269e+01	5.201199e-02	7.227164e+00
2.210236e+02	1.649478e+01	4.608826e-02	8.110532e+00
2.541772e+02	1.807964e+01	4.094848e-02	9.167069e+00
2.923037e+02	1.783213e+01	3.649408e-02	1.043411e+01
3.361493e+02	1.754529e+01	3.253110e-02	1.193878e+01
3.865717e+02	1.714642e+01	2.880581e-02	1.374548e+01
4.445574e+02	1.677823e+01	2.545090e-02	1.590265e+01
5.112411e+02	1.630461e+01	2.279156e-02	1.846239e+01
5.879272e+02	1.575133e+01	2.046358e-02	2.152302e+01
6.761163e+02	1.518142e+01	1.791603e-02	2.520176e+01
7.775337e+02	1.460085e+01	1.579680e-02	2.964456e+01
8.941638e+02	1.403832e+01	1.396417e-02	3.503347e+01
1.028288e+03	1.348079e+01	1.244872e-02	4.159993e+01
1.182532e+03	1.289951e+01	1.115209e-02	4.963242e+01
1.359911e+03	1.229713e+01	9.728353e-03	5.949820e+01
1.563898e+03	1.167192e+01	8.568653e-03	7.167081e+01
1.798483e+03	1.104370e+01	7.558761e-03	8.675509e+01
2.068255e+03	1.042479e+01	6.667887e-03	1.055048e+02
2.378493e+03	9.824440e+00	5.888469e-03	1.288527e+02
2.735268e+03	9.223827e+00	5.180403e-03	1.580060e+02
3.145558e+03	8.626392e+00	4.605982e-03	1.945396e+02
3.617391e+03	8.043127e+00	4.054756e-03	2.404638e+02
4.160000e+03	7.477864e+00	3.571514e-03	2.983539e+02
4.784000e+03	6.932945e+00	3.165133e-03	3.715070e+02
5.501600e+03	6.411919e+00	2.827733e-03	4.641303e+02
6.326840e+03	5.916779e+00	2.499027e-03	5.816015e+02
7.275866e+03	5.448931e+00	2.176756e-03	7.307879e+02
8.367246e+03	5.009467e+00	1.911569e-03	9.204250e+02
9.622333e+03	4.599852e+00	1.684060e-03	1.161593e+03
