# Energy_MeV	dEdx_Elec_MeV_um	dEdx_Nucl_MeV_um	Range_um
1.000000e-05	6.252660e-03	3.142966e-02	3.198638e-03
1.150000e-05	6.705231e-03	3.475845e-02	3.430158e-03
1.322500e-05	7.190559e-03	3.857778e-02	3.678434e-03
1.520875e-05	7.711016e-03	4.274513e-02	3.944681e-03
1.749006e-05	8.269143e-03	4.749774e-02	4.230199e-03
2.011357e-05	8.867668e-03	5.271170e-02	4.536383e-03
2.313061e-05	9.509515e-03	5.841208e-02	4.864729e-03
2.660020e-05	1.019782e-02	6.471227e-02	5.216841e-03
3.059023e-05	1.093594e-02	7.163400e-02	5.594439e-03
3.517876e-05	1.172749e-02	7.925948e-02	5.999367e-03
4.045558e-05	1.257633e-02	8.754955e-02	6.433605e-03
4.652391e-05	1.348661e-02	9.671373e-02	6.899272e-03
5.350250e-05	1.446278e-02	1.068163e-01	7.398645e-03
6.152788e-05	1.550961e-02	1.178203e-01	7.934163e-03
7.075706e-05	1.663220e-02	1.295290e-01	8.508442e-03
8.137062e-05	1.783605e-02	1.425662e-01	9.124288e-03
9.357621e-05	1.912703e-02	1.572613e-01	9.784708e-03
1.076126e-04	2.051146e-02	1.728970e-01	1.049293e-02
1.237545e-04	2.199609e-02	1.900523e-01	1.125241e-02
1.423177e-04	2.358817e-02	2.081227e-01	1.206687e-02
1.636654e-04	2.529550e-02	2.281434e-01	1.294028e-02
1.882152e-04	2.712640e-02	2.505858e-01	1.387690e-02
2.164475e-04	2.908982e-02	2.742644e-01	1.488132e-02
2.489146e-04	3.119536e-02	3.002001e-01	1.595844e-02
2.862518e-04	3.345330e-02	3.280140e-01	1.711352e-02
3.291895e-04	3.587466e-02	3.580251e-01	1.835220e-02
3.785680e-04	3.847129e-02	3.901119e-01	1.968054e-02
4.353531e-04	4.125586e-02	4.242528e-01	2.110503e-02
5.006561e-04	4.424198e-02	4.617731e-01	2.263262e-02
5.757545e-04	4.744424e-02	5.016513e-01	2.427079e-02
6.621177e-04	5.087828e-02	5.431655e-01	2.602752e-02
7.614354e-04	5.456088e-02	5.867008e-01	2.791140e-02
8.756507e-04	5.851002e-02	6.360561e-01	2.993165e-02
1.006998e-03	6.274501e-02	6.878684e-01	3.209811e-02
1.158048e-03	6.728653e-02	7.417404e-01	3.442139e-02
1.331755e-03	7.215676e-02	7.976869e-01	3.691283e-02
1.531519e-03	7.737951e-02	8.549918e-01	3.958460e-02
1.761246e-03	8.298028e-02	9.198876e-01	4.244976e-02
2.025433e-03	8.898643e-02	9.866005e-01	4.552229e-02
2.329248e-03	9.542732e-02	1.054841e+00	4.881722e-02
2.678635e-03	1.023344e-01	1.126421e+00	5.235064e-02
3.080431e-03	1.097414e-01	1.200085e+00	5.613980e-02
3.542495e-03	1.176846e-01	1.275926e+00	6.020323e-02
4.073870e-03	1.262026e-01	1.351162e+00	6.456077e-02
4.684950e-03	1.353372e-01	1.429755e+00	6.923372e-02
5.387693e-03	1.451330e-01	1.510363e+00	7.424489e-02
6.195847e-03	1.556378e-01	1.589881e+00	7.961877e-02
7.125224e-03	1.669030e-01	1.664366e+00	8.538162e-02
8.194007e-03	1.789835e-01	1.742650e+00	9.156159e-02
9.423108e-03	1.919384e-01	1.827102e+00	9.818887e-02
1.083657e-02	2.058310e-01	1.904448e+00	1.052958e-01
1.246206e-02	2.207292e-01	1.980982e+00	1.129172e-01
1.433137e-02	2.367057e-01	2.048682e+00	1.210902e-01
1.648108e-02	2.538386e-01	2.117682e+00	1.298028e-01
1.895324e-02	2.722115e-01	2.190447e+00	1.392522e-01
2.179622e-02	2.919144e-01	2.253565e+00	1.493358e-01
2.506566e-02	3.130433e-01	2.314615e+00	1.601458e-01
2.882550e-02	3.357015e-01	2.370194e+00	1.717365e-01
3.314933e-02	3.599998e-01	2.420996e+00	1.841667e-01
3.812173e-02	3.860567e-01	2.465863e+00	1.974964e-01
4.383999e-02	4.139997e-01	2.505200e+00	2.117911e-01
5.041599e-02	4.439652e-01	2.543229e+00	2.271205e-01
5.797838e-02	4.760997e-01	2.575249e+00	2.435593e-01
6.667514e-02	5.105600e-01	2.599711e+00	2.611879e-01
7.667641e-02	5.475146e-01	2.617884e+00	2.800925e-01
8.817787e-02	5.871440e-01	2.637436e+00	3.003656e-01
1.014046e-01	6.296418e-01	2.650714e+00	3.221060e-01
1.166152e-01	6.752156e-01	2.656289e+00	3.454199e-01
1.341075e-01	7.240881e-01	2.655974e+00	3.704212e-01
1.542237e-01	7.764980e-01	2.648438e+00	3.972323e-01
1.773572e-01	8.327013e-01	2.638998e+00	4.259840e-01
2.039608e-01	8.929727e-01	2.622394e+00	4.568167e-01
2.345549e-01	9.576065e-01	2.598012e+00	4.898810e-01
2.697381e-01	1.026919e+00	2.567550e+00	5.253385e-01
3.101989e-01	1.101247e+00	2.530090e+00	5.633626e-01
3.567287e-01	1.180956e+00	2.486197e+00	6.041389e-01
4.102380e-01	1.266435e+00	2.435947e+00	6.478666e-01
4.717737e-01	1.358100e+00	2.378555e+00	6.947590e-01
5.425397e-01	1.456400e+00	2.315456e+00	7.450457e-01
6.239207e-01	1.561815e+00	2.247393e+00	7.989725e-01
7.175088e-01	1.674860e+00	2.176761e+00	8.568024e-01
8.251351e-01	1.796087e+00	2.098786e+00	9.188179e-01
9.489054e-01	1.926089e+00	2.013309e+00	9.853217e-01
1.091241e+00	2.065500e+00	1.927957e+00	1.056640e+00
1.254927e+00	2.215002e+00	1.839175e+00	1.133123e+00
1.443166e+00	2.375325e+00	1.754355e+00	1.215119e+00
1.659641e+00	2.532532e+00	1.663950e+00	1.303212e+00
1.908588e+00	2.687417e+00	1.567404e+00	1.398576e+00
2.194876e+00	2.849042e+00	1.476758e+00	1.501971e+00
2.524107e+00	3.016715e+00	1.384628e+00	1.614202e+00
2.902723e+00	3.189338e+00	1.295380e+00	1.736183e+00
3.338132e+00	3.365298e+00	1.208543e+00	1.868995e+00
3.838852e+00	3.542335e+00	1.126281e+00	2.013914e+00
4.414679e+00	3.717426e+00	1.047780e+00	2.172478e+00
5.076881e+00	2.023551e+00	9.678133e-01	2.346556e+00
5.838413e+00	2.217659e+00	8.923863e-01	2.538452e+00
6.714175e+00	2.427958e+00	8.254709e-01	2.751039e+00
7.721302e+00	2.663197e+00	7.646312e-01	2.987928e+00
8.879497e+00	2.914836e+00	6.962827e-01	3.253679e+00
1.021142e+01	3.192546e+00	6.420447e-01	3.554071e+00
1.174313e+01	3.498846e+00	6.013008e-01	3.896448e+00
1.350460e+01	3.820974e+00	5.556671e-01	4.290146e+00
1.553030e+01	4.172962e+00	5.031883e-01	4.747045e+00
1.785984e+01	4.522698e+00	4.428377e-01	4.514226e+00
2.053882e+01	4.915237e+00	3.951916e-01	4.309445e+00
2.361964e+01	5.358099e+00	3.569178e-01	4.152414e+00
2.716258e+01	5.806550e+00	3.216471e-01	4.041130e+00
3.123697e+01	6.305118e+00	2.900207e-01	3.974179e+00
3.592252e+01	6.847009e+00	2.605920e-01	3.950688e+00
4.131089e+01	7.437783e+00	2.359121e-01	3.970280e+00
4.750753e+01	8.094506e+00	2.117105e-01	4.032945e+00
5.463366e+01	8.793855e+00	1.896854e-01	4.139475e+00
6.282871e+01	9.561014e+00	1.704986e-01	4.291098e+00
7.225301e+01	1.036110e+01	1.546406e-01	4.489872e+00
8.309096e+01	1.115817e+01	1.388388e-01	4.738852e+00
9.555461e+01	1.200446e+01	1.227166e-01	5.042310e+00
1.098878e+02	1.275434e+01	1.096387e-01	5.405991e+00
1.263710e+02	1.351926e+01	9.774787e-02	5.837384e+00
1.453266e+02	1.421940e+01	8.821217e-02	6.346007e+00
1.671256e+02	1.476616e+01	7.881828e-02	6.943823e+00
1.921945e+02	1.528170e+01	6.937677e-02	7.645662e+00
2.210236e+02	1.579563e+01	6.178750e-02	8.469740e+00
2.541772e+02	1.625828e+01	5.475544e-02	9.438991e+00
2.923037e+02	1.660455e+01	4.858124e-02	1.057833e+01
3.361493e+02	1.841473e+01	4.310829e-02	1.193735e+01
3.865717e+02	1.820232e+01	3.842706e-02	1.356948e+01
4.445574e+02	1.791592e+01	3.430335e-02	1.550521e+01
5.112411e+02	1.753626e+01	3.031808e-02	1.782831e+01
5.879272e+02	1.716224e+01	2.682592e-02	2.060289e+01
6.761163e+02	1.670616e+01	2.398421e-02	2.389380e+01
7.775337e+02	1.615231e+01	2.158247e-02	2.782290e+01
8.941638e+02	1.557979e+01	1.887497e-02	3.254054e+01
1.028288e+03	1.499465e+01	1.664155e-02	3.823225e+01
1.182532e+03	1.442298e+01	1.471732e-02	4.512879e+01
1.359911e+03	1.386352e+01	1.310248e-02	5.352373e+01
1.563898e+03	1.327880e+01	1.176055e-02	6.378284e+01
1.798483e+03	1.267100e+01	1.024640e-02	7.637052e+01
2.068255e+03	1.203995e+01	9.032768e-03	9.188476e+01
2.378493e+03	1.140258e+01	7.965616e-03	1.110911e+02
2.735268e+03	1.077062e+01	7.022766e-03	1.349450e+02
3.145558e+03	1.016050e+01	6.199343e-03	1.646271e+02
3.617391e+03	9.549493e+00	5.454417e-03	2.016540e+02
4.160000e+03	8.940483e+00	4.856688e-03	2.480142e+02
4.784000e+03	8.344036e+00	4.272724e-03	3.062418e+02
5.501600e+03	7.764580e+00	3.764411e-03	3.795846e+02
6.326840e+03	7.205073e+00	3.330865e-03	4.721991e+02
7.275866e+03	6.669415e+00	2.981587e-03	5.893903e+02
8.367246e+03	6.159429e+00	2.633912e-03	7.379356e+02
9.622333e+03	5.676676e+00	2.287453e-03	9.264932e+02
