# Energy_MeV	dEdx_Elec_MeV_um	dEdx_Nucl_MeV_um	Range_um
1.000000e-05	6.591120e-03	4.303230e-02	3.034386e-03
1.150000e-05	7.068189e-03	4.764001e-02	3.254016e-03
1.322500e-05	7.579788e-03	5.258653e-02	3.489543e-03
1.520875e-05	8.128417e-03	5.813712e-02	3.742118e-03
1.749006e-05	8.716756e-03	6.415602e-02	4.012975e-03
2.011357e-05	9.347680e-03	7.073442e-02	4.303436e-03
2.313061e-05	1.002427e-02	7.784086e-02	4.614921e-03
2.660020e-05	1.074983e-02	8.569960e-02	4.948952e-03
3.059023e-05	1.152791e-02	9.441031e-02	5.307159e-03
3.517876e-05	1.236231e-02	1.039001e-01	5.691294e-03
4.045558e-05	1.325710e-02	1.140789e-01	6.103233e-03
4.652391e-05	1.421665e-02	1.250607e-01	6.544988e-03
5.350250e-05	1.524566e-02	1.371356e-01	7.018718e-03
6.152788e-05	1.634915e-02	1.504140e-01	7.526737e-03
7.075706e-05	1.753251e-02	1.648032e-01	8.071526e-03
8.137062e-05	1.880152e-02	1.802450e-01	8.655747e-03
9.357621e-05	2.016239e-02	1.971136e-01	9.282255e-03
1.076126e-04	2.162175e-02	2.150088e-01	9.954109e-03
1.237545e-04	2.318675e-02	2.342028e-01	1.067459e-02
1.423177e-04	2.486501e-02	2.549372e-01	1.144723e-02
1.636654e-04	2.666476e-02	2.772182e-01	1.227578e-02
1.882152e-04	2.859477e-02	3.014319e-01	1.316431e-02
2.164475e-04	3.066447e-02	3.259771e-01	1.411715e-02
2.489146e-04	3.288398e-02	3.525527e-01	1.513896e-02
2.862518e-04	3.526414e-02	3.822942e-01	1.623472e-02
3.291895e-04	3.781658e-02	4.127467e-01	1.740980e-02
3.785680e-04	4.055376e-02	4.457239e-01	1.866993e-02
4.353531e-04	4.348907e-02	4.785944e-01	2.002127e-02
5.006561e-04	4.663683e-02	5.137229e-01	2.147042e-02
5.757545e-04	5.001243e-02	5.527669e-01	2.302446e-02
6.621177e-04	5.363235e-02	5.918811e-01	2.469098e-02
7.614354e-04	5.751429e-02	6.338217e-01	2.647813e-02
8.756507e-04	6.167720e-02	6.760281e-01	2.839463e-02
1.006998e-03	6.614143e-02	7.202754e-01	3.044985e-02
1.158048e-03	7.092878e-02	7.662321e-01	3.265382e-02
1.331755e-03	7.606265e-02	8.109288e-01	3.501733e-02
1.531519e-03	8.156810e-02	8.590481e-01	3.755190e-02
1.761246e-03	8.747204e-02	9.062811e-01	4.026992e-02
2.025433e-03	9.380332e-02	9.535488e-01	4.318468e-02
2.329248e-03	1.005929e-01	9.995362e-01	4.631041e-02
2.678635e-03	1.078738e-01	1.046954e+00	4.966238e-02
3.080431e-03	1.156818e-01	1.095706e+00	5.325697e-02
3.542495e-03	1.240549e-01	1.143614e+00	5.711174e-02
4.073870e-03	1.330340e-01	1.188014e+00	6.124552e-02
4.684950e-03	1.426631e-01	1.230150e+00	6.567850e-02
5.387693e-03	1.529892e-01	1.272083e+00	7.043235e-02
6.195847e-03	1.640626e-01	1.313692e+00	7.553028e-02
7.125224e-03	1.759375e-01	1.353157e+00	8.099720e-02
8.194007e-03	1.886720e-01	1.388799e+00	8.685547e-02
9.423108e-03	2.023282e-01	1.423278e+00	9.315012e-02
1.083657e-02	2.169728e-01	1.453001e+00	9.989037e-02
1.246206e-02	2.326774e-01	1.479754e+00	1.071213e-01
1.433137e-02	2.495187e-01	1.504356e+00	1.148744e-01
1.648108e-02	2.675790e-01	1.526213e+00	1.231890e-01
1.895324e-02	2.869465e-01	1.546331e+00	1.321053e-01
2.179622e-02	3.077158e-01	1.560109e+00	1.416670e-01
2.506566e-02	3.299885e-01	1.572008e+00	1.519207e-01
2.882550e-02	3.538732e-01	1.583748e+00	1.629166e-01
3.314933e-02	3.794867e-01	1.590629e+00	1.747085e-01
3.812173e-02	4.069542e-01	1.595022e+00	1.873538e-01
4.383999e-02	4.364097e-01	1.594035e+00	2.009144e-01
5.041599e-02	4.679973e-01	1.590221e+00	2.154565e-01
5.797838e-02	5.018712e-01	1.584401e+00	2.310512e-01
6.667514e-02	5.381969e-01	1.573972e+00	2.477747e-01
7.667641e-02	5.771519e-01	1.559857e+00	2.657086e-01
8.817787e-02	6.189264e-01	1.541292e+00	2.849405e-01
1.014046e-01	6.637247e-01	1.518941e+00	3.055644e-01
1.166152e-01	7.117654e-01	1.492639e+00	3.276812e-01
1.341075e-01	7.632834e-01	1.462450e+00	3.513988e-01
1.542237e-01	8.185302e-01	1.427979e+00	3.768331e-01
1.773572e-01	8.777759e-01	1.390307e+00	4.041082e-01
2.039608e-01	9.413098e-01	1.349839e+00	4.333575e-01
2.345549e-01	1.009442e+00	1.306825e+00	4.647241e-01
2.697381e-01	1.082506e+00	1.259767e+00	4.983610e-01
3.101989e-01	1.160859e+00	1.209736e+00	5.344325e-01
3.567287e-01	1.244882e+00	1.157448e+00	5.731146e-01
4.102380e-01	1.334987e+00	1.105584e+00	6.145968e-01
4.717737e-01	1.431614e+00	1.053344e+00	6.590817e-01
5.425397e-01	1.535236e+00	9.985873e-01	7.067852e-01
6.239207e-01	1.646357e+00	9.427181e-01	7.579480e-01
7.175088e-01	1.765521e+00	8.866374e-01	8.127890e-01
8.251351e-01	1.876618e+00	8.325869e-01	8.718402e-01
9.489054e-01	1.990865e+00	7.776655e-01	9.358433e-01
1.091241e+00	2.109893e+00	7.264964e-01	1.005244e+00
1.254927e+00	2.233118e+00	6.774889e-01	1.080606e+00
1.443166e+00	2.359640e+00	6.289712e-01	1.162554e+00
1.659641e+00	2.488151e+00	5.823808e-01	1.251832e+00
1.908588e+00	1.329941e+00	5.357477e-01	1.349323e+00
2.194876e+00	1.462106e+00	4.971568e-01	1.456092e+00
2.524107e+00	1.602738e+00	4.589109e-01	1.573442e+00
2.902723e+00	1.758895e+00	4.186979e-01	1.702983e+00
3.338132e+00	1.926000e+00	3.877137e-01	1.846731e+00
3.838852e+00	2.110844e+00	3.609551e-01	2.007218e+00
4.414679e+00	2.313188e+00	3.333480e-01	2.179722e+00
5.076881e+00	2.530548e+00	3.017862e-01	2.128417e+00
5.838413e+00	2.772720e+00	2.668709e-01	2.082904e+00
6.714175e+00	3.028966e+00	2.388092e-01	2.044851e+00
7.721302e+00	3.309594e+00	2.144540e-01	2.015868e+00
8.879497e+00	3.616801e+00	1.937930e-01	1.997546e+00
1.021142e+01	3.963182e+00	1.746579e-01	1.991492e+00
1.174313e+01	4.354334e+00	1.569631e-01	1.999310e+00
1.350460e+01	4.778796e+00	1.419288e-01	2.022794e+00
1.553030e+01	5.236422e+00	1.272990e-01	2.063764e+00
1.785984e+01	5.736021e+00	1.142670e-01	2.124157e+00
2.053882e+01	6.224836e+00	1.029001e-01	2.206039e+00
2.361964e+01	6.754236e+00	9.290966e-02	2.311643e+00
2.716258e+01	7.291636e+00	8.327407e-02	2.443449e+00
3.123697e+01	7.811925e+00	7.416564e-02	2.604300e+00
3.592252e+01	8.342986e+00	6.587736e-02	2.797570e+00
4.131089e+01	8.775134e+00	5.905687e-02	3.027321e+00
4.750753e+01	9.214790e+00	5.300997e-02	3.298627e+00
5.463366e+01	9.604121e+00	4.727249e-02	3.617740e+00
6.282871e+01	9.935732e+00	4.195187e-02	3.992431e+00
7.225301e+01	1.025105e+01	3.712467e-02	4.432334e+00
8.309096e+01	1.040533e+01	3.303965e-02	4.949365e+00
9.555461e+01	1.056769e+01	2.917592e-02	5.558276e+00
1.098878e+02	1.072713e+01	2.598096e-02	6.277103e+00
1.263710e+02	1.080027e+01	2.318347e-02	7.128889e+00
1.453266e+02	1.182321e+01	2.059508e-02	8.139653e+00
1.671256e+02	1.156052e+01	1.829773e-02	9.361956e+00
1.921945e+02	1.121060e+01	1.612281e-02	1.083608e+01
2.210236e+02	1.084672e+01	1.449030e-02	1.261015e+01
2.541772e+02	1.042612e+01	1.295131e-02	1.476272e+01
2.923037e+02	1.006920e+01	1.137448e-02	1.736103e+01
3.361493e+02	9.643715e+00	1.004778e-02	2.048738e+01
3.865717e+02	9.197583e+00	8.851260e-03	2.428002e+01
4.445574e+02	8.750209e+00	7.918009e-03	2.890349e+01
5.112411e+02	8.305006e+00	7.056726e-03	3.456633e+01
5.879272e+02	7.875733e+00	6.186491e-03	4.153337e+01
6.761163e+02	7.449859e+00	5.448606e-03	5.014332e+01
7.775337e+02	7.021228e+00	4.794211e-03	6.082456e+01
8.941638e+02	6.592518e+00	4.233928e-03	7.412896e+01
1.028288e+03	6.161620e+00	3.738019e-03	9.077383e+01
1.182532e+03	5.741505e+00	3.292231e-03	1.116796e+02
1.359911e+03	5.339888e+00	2.921583e-03	1.380037e+02
1.563898e+03	4.955259e+00	2.574562e-03	1.711988e+02
1.798483e+03	4.582022e+00	2.267937e-03	2.131693e+02
2.068255e+03	4.222003e+00	2.013107e-03	2.663863e+02
2.378493e+03	3.879398e+00	1.791634e-03	3.340271e+02
2.735268e+03	3.555931e+00	1.579497e-03	4.201724e+02
3.145558e+03	3.252842e+00	1.384968e-03	5.300591e+02
3.617391e+03	2.969322e+00	1.210663e-03	6.703788e+02
4.160000e+03	2.704674e+00	1.071634e-03	8.496919e+02
4.784000e+03	2.460917e+00	9.498108e-04	1.078916e+03
5.501600e+03	2.238062e+00	8.345430e-04	1.371915e+03
6.326840e+03	2.034182e+00	7.305711e-04	1.746232e+03
7.275866e+03	1.848855e+00	6.371887e-04	2.223961e+03
8.367246e+03	1.682291e+00	5.596912e-04	2.832796e+03
9.622333e+03	1.532622e+00	4.872002e-04	3.607262e+03
