# Energy_MeV	dEdx_Elec_MeV_um	dEdx_Nucl_MeV_um	Range_um
1.000000e-05	9.238932e-03	7.032281e-02	2.164752e-03
1.150000e-05	9.907651e-03	7.799118e-02	2.321438e-03
1.322500e-05	1.062477e-02	8.631568e-02	2.489465e-03
1.520875e-05	1.139380e-02	9.560184e-02	2.669654e-03
1.749006e-05	1.221849e-02	1.057314e-01	2.862885e-03
2.011357e-05	1.310287e-02	1.166490e-01	3.070102e-03
2.313061e-05	1.405126e-02	1.290043e-01	3.292318e-03
2.660020e-05	1.506830e-02	1.423130e-01	3.530617e-03
3.059023e-05	1.615895e-02	1.570277e-01	3.786165e-03
3.517876e-05	1.732854e-02	1.723358e-01	4.060210e-03
4.045558e-05	1.858279e-02	1.899401e-01	4.354090e-03
4.652391e-05	1.992782e-02	2.095662e-01	4.669242e-03
5.350250e-05	2.137021e-02	2.300424e-01	5.007204e-03
6.152788e-05	2.291700e-02	2.529907e-01	5.369628e-03
7.075706e-05	2.457574e-02	2.764986e-01	5.758284e-03
8.137062e-05	2.635455e-02	3.035326e-01	6.175072e-03
9.357621e-05	1.414007e-02	3.333881e-01	6.622027e-03
1.076126e-04	1.525429e-02	3.643399e-01	7.101333e-03
1.237545e-04	1.644863e-02	3.990349e-01	7.615331e-03
1.423177e-04	1.772895e-02	4.355690e-01	8.166533e-03
1.636654e-04	1.910150e-02	4.751552e-01	8.757631e-03
1.882152e-04	2.057300e-02	5.174995e-01	9.391513e-03
2.164475e-04	2.215063e-02	5.625181e-01	1.007128e-02
2.489146e-04	2.384211e-02	6.125349e-01	1.080024e-02
2.862518e-04	2.565571e-02	6.647908e-01	1.158197e-02
3.291895e-04	2.760028e-02	7.183028e-01	1.242028e-02
3.785680e-04	2.968534e-02	7.763154e-01	1.331926e-02
4.353531e-04	3.192107e-02	8.430298e-01	1.428332e-02
5.006561e-04	3.431839e-02	9.088674e-01	1.531715e-02
5.757545e-04	3.688902e-02	9.810104e-01	1.642581e-02
6.621177e-04	3.964552e-02	1.051971e+00	1.761472e-02
7.614354e-04	4.260135e-02	1.128250e+00	1.888969e-02
8.756507e-04	4.577096e-02	1.215972e+00	2.025693e-02
1.006998e-03	4.916983e-02	1.299467e+00	2.172314e-02
1.158048e-03	5.281457e-02	1.391008e+00	2.329547e-02
1.331755e-03	5.672298e-02	1.482401e+00	2.498161e-02
1.531519e-03	6.091416e-02	1.580085e+00	2.678979e-02
1.761246e-03	6.540858e-02	1.677954e+00	2.872885e-02
2.025433e-03	7.022820e-02	1.772870e+00	3.080826e-02
2.329248e-03	7.539657e-02	1.878603e+00	3.303818e-02
2.678635e-03	8.093894e-02	1.979654e+00	3.542950e-02
3.080431e-03	8.688238e-02	2.083769e+00	3.799391e-02
3.542495e-03	9.325593e-02	2.175540e+00	4.074393e-02
4.073870e-03	1.000907e-01	2.281076e+00	4.369299e-02
4.684950e-03	1.074202e-01	2.390581e+00	4.685551e-02
5.387693e-03	1.152800e-01	2.485455e+00	5.024694e-02
6.195847e-03	1.237088e-01	2.585062e+00	5.388384e-02
7.125224e-03	1.327475e-01	2.665921e+00	5.778398e-02
8.194007e-03	1.424404e-01	2.758910e+00	6.196642e-02
9.423108e-03	1.528348e-01	2.851654e+00	6.645158e-02
1.083657e-02	1.639816e-01	2.927561e+00	7.122687e-02
1.246206e-02	1.759351e-01	3.006742e+00	7.641423e-02
1.433137e-02	1.887538e-01	3.074601e+00	8.195244e-02
1.648108e-02	2.025003e-01	3.137033e+00	8.788438e-02
1.895324e-02	2.172417e-01	3.192470e+00	9.424512e-02
2.179622e-02	2.330500e-01	3.241088e+00	1.010666e-01
2.506566e-02	2.500026e-01	3.289427e+00	1.083816e-01
2.882550e-02	2.681822e-01	3.327215e+00	1.162262e-01
3.314933e-02	2.876775e-01	3.353514e+00	1.246386e-01
3.812173e-02	3.085840e-01	3.376487e+00	1.336599e-01
4.383999e-02	3.310036e-01	3.402907e+00	1.433341e-01
5.041599e-02	3.550460e-01	3.413084e+00	1.537085e-01
5.797838e-02	3.808286e-01	3.419890e+00	1.648339e-01
6.667514e-02	4.084773e-01	3.414259e+00	1.767645e-01
7.667641e-02	4.381272e-01	3.403157e+00	1.895587e-01
8.817787e-02	4.699231e-01	3.390390e+00	2.032789e-01
1.014046e-01	5.040205e-01	3.363356e+00	2.179921e-01
1.166152e-01	5.405858e-01	3.330043e+00	2.337704e-01
1.341075e-01	5.797977e-01	3.287064e+00	2.506908e-01
1.542237e-01	6.218478e-01	3.236112e+00	2.688357e-01
1.773572e-01	6.669415e-01	3.176425e+00	2.882940e-01
2.039608e-01	7.152991e-01	3.108866e+00	3.091607e-01
2.345549e-01	7.671568e-01	3.031306e+00	3.315378e-01
2.697381e-01	8.227680e-01	2.948375e+00	3.555346e-01
3.101989e-01	8.824044e-01	2.857977e+00	3.812682e-01
3.567287e-01	9.463573e-01	2.766402e+00	4.088644e-01
4.102380e-01	1.014939e+00	2.661090e+00	4.384581e-01
4.717737e-01	1.088485e+00	2.549192e+00	4.701939e-01
5.425397e-01	1.167354e+00	2.439641e+00	5.042266e-01
6.239207e-01	1.251932e+00	2.323646e+00	5.407226e-01
7.175088e-01	1.342631e+00	2.217512e+00	5.798601e-01
8.251351e-01	1.439895e+00	2.095458e+00	6.218306e-01
9.489054e-01	1.544200e+00	1.971485e+00	6.668391e-01
1.091241e+00	1.656054e+00	1.857468e+00	7.151051e-01
1.254927e+00	1.776003e+00	1.737473e+00	7.668644e-01
1.443166e+00	1.904635e+00	1.624524e+00	8.223703e-01
1.659641e+00	2.042578e+00	1.515294e+00	8.818939e-01
1.908588e+00	2.190505e+00	1.411140e+00	9.457258e-01
2.194876e+00	2.349139e+00	1.310648e+00	1.014178e+00
2.524107e+00	2.519254e+00	1.207638e+00	1.087584e+00
2.902723e+00	2.753848e+00	1.112790e+00	1.166303e+00
3.338132e+00	3.020016e+00	1.034261e+00	1.250732e+00
3.838852e+00	3.316301e+00	9.539221e-01	1.341199e+00
4.414679e+00	3.640531e+00	8.615319e-01	1.438732e+00
5.076881e+00	4.004054e+00	8.073438e-01	1.546251e+00
5.838413e+00	4.388852e+00	7.536989e-01	1.665714e+00
6.714175e+00	4.816009e+00	6.920072e-01	1.799362e+00
7.721302e+00	5.281820e+00	6.210618e-01	1.924257e+00
8.879497e+00	5.775180e+00	5.394746e-01	1.832529e+00
1.021142e+01	6.318582e+00	4.910498e-01	1.752415e+00
1.174313e+01	6.859164e+00	4.404089e-01	1.684739e+00
1.350460e+01	7.468846e+00	3.990553e-01	1.630319e+00
1.553030e+01	8.154371e+00	3.580926e-01	1.590008e+00
1.785984e+01	8.860100e+00	3.216801e-01	1.564707e+00
2.053882e+01	9.642975e+00	2.927858e-01	1.555334e+00
2.361964e+01	1.050187e+01	2.603431e-01	1.562885e+00
2.716258e+01	1.144959e+01	2.347825e-01	1.588361e+00
3.123697e+01	1.249824e+01	2.105546e-01	1.632779e+00
3.592252e+01	1.357125e+01	1.920270e-01	1.697211e+00
4.131089e+01	1.471397e+01	1.707204e-01	1.782854e+00
4.750753e+01	1.576040e+01	1.507290e-01	1.891145e+00
5.463366e+01	1.675098e+01	1.352930e-01	2.023893e+00
6.282871e+01	1.771680e+01	1.203840e-01	2.183442e+00
7.225301e+01	1.851311e+01	1.093711e-01	2.372822e+00
8.309096e+01	1.930744e+01	9.670639e-02	2.595962e+00
9.555461e+01	1.995751e+01	8.515152e-02	2.857853e+00
1.098878e+02	2.046018e+01	7.612547e-02	3.164784e+00
1.263710e+02	2.088161e+01	6.723256e-02	3.524572e+00
1.453266e+02	2.128429e+01	5.969164e-02	3.946921e+00
1.671256e+02	2.164788e+01	5.311700e-02	4.444475e+00
1.921945e+02	2.185494e+01	4.738368e-02	5.027848e+00
2.210236e+02	2.176609e+01	4.220715e-02	5.742142e+00
2.541772e+02	2.157816e+01	3.720815e-02	6.654043e+00
2.923037e+02	2.121315e+01	3.291298e-02	7.723750e+00
3.361493e+02	2.068674e+01	2.976920e-02	9.003209e+00
3.865717e+02	2.008139e+01	2.658639e-02	1.053170e+01
4.445574e+02	1.943410e+01	2.292615e-02	1.237101e+01
5.112411e+02	1.875150e+01	2.054409e-02	1.459526e+01
5.879272e+02	1.807999e+01	1.798572e-02	1.729613e+01
6.761163e+02	1.738876e+01	1.625030e-02	2.059031e+01
7.775337e+02	1.666127e+01	1.447034e-02	2.462478e+01
8.941638e+02	1.590285e+01	1.242338e-02	2.958449e+01
1.028288e+03	1.511984e+01	1.114193e-02	3.570676e+01
1.182532e+03	1.432347e+01	9.721281e-03	4.329296e+01
1.359911e+03	1.352365e+01	8.644524e-03	5.272723e+01
1.563898e+03	1.272360e+01	7.591314e-03	6.450100e+01
1.798483e+03	1.192751e+01	6.671463e-03	7.924409e+01
2.068255e+03	1.114241e+01	5.989536e-03	9.776462e+01
2.378493e+03	1.037274e+01	5.206767e-03	1.211007e+02
2.735268e+03	9.620001e+00	4.629750e-03	1.505865e+02
3.145558e+03	8.894946e+00	4.091300e-03	1.879378e+02
3.617391e+03	8.202043e+00	3.683616e-03	2.353598e+02
4.160000e+03	7.544083e+00	3.214779e-03	2.956859e+02
4.784000e+03	6.921985e+00	2.794009e-03	3.725521e+02
5.501600e+03	6.336244e+00	2.471504e-03	4.706164e+02
6.326840e+03	5.789818e+00	2.171767e-03	5.958332e+02
7.275866e+03	5.283857e+00	1.950539e-03	7.557927e+02
8.367246e+03	4.816912e+00	1.696126e-03	9.601382e+02
9.622333e+03	4.388043e+00	1.473726e-03	1.221073e+03
