# Energy_MeV	dEdx_Elec_MeV_um	dEdx_Nucl_MeV_um	Range_um
1.000000e-05	9.405472e-03	6.934569e-02	2.126422e-03
1.150000e-05	1.008624e-02	7.674637e-02	2.280333e-03
1.322500e-05	1.081629e-02	8.515144e-02	2.445385e-03
1.520875e-05	1.159918e-02	9.416917e-02	2.622383e-03
1.749006e-05	1.243874e-02	1.042010e-01	2.812193e-03
2.011357e-05	1.333906e-02	1.152152e-01	3.015741e-03
2.313061e-05	1.430455e-02	1.271393e-01	3.234022e-03
2.660020e-05	1.533992e-02	1.406205e-01	3.468102e-03
3.059023e-05	1.645023e-02	1.550615e-01	3.719125e-03
3.517876e-05	1.764090e-02	1.705508e-01	3.988317e-03
4.045558e-05	1.891776e-02	1.875406e-01	4.276994e-03
4.652391e-05	2.028704e-02	2.070789e-01	4.586565e-03
5.350250e-05	2.175543e-02	2.276348e-01	4.918543e-03
6.152788e-05	2.333010e-02	2.503604e-01	5.274550e-03
7.075706e-05	2.501874e-02	2.742559e-01	5.656324e-03
8.137062e-05	2.682961e-02	3.003462e-01	6.065732e-03
9.357621e-05	2.877155e-02	3.303501e-01	6.504773e-03
1.076126e-04	3.085405e-02	3.613990e-01	6.975592e-03
1.237545e-04	3.308729e-02	3.957511e-01	7.480489e-03
1.423177e-04	3.548216e-02	4.323298e-01	8.021931e-03
1.636654e-04	3.805038e-02	4.725769e-01	8.602562e-03
1.882152e-04	4.080448e-02	5.150128e-01	9.225220e-03
2.164475e-04	4.375794e-02	5.596115e-01	9.892947e-03
2.489146e-04	4.692516e-02	6.095756e-01	1.060900e-02
2.862518e-04	5.032163e-02	6.619149e-01	1.137689e-02
3.291895e-04	2.704903e-02	7.187455e-01	1.220035e-02
3.785680e-04	2.909412e-02	7.747329e-01	1.308342e-02
4.353531e-04	3.128699e-02	8.391185e-01	1.403041e-02
5.006561e-04	3.363834e-02	9.100741e-01	1.504594e-02
5.757545e-04	3.615967e-02	9.796987e-01	1.613497e-02
6.621177e-04	3.886329e-02	1.057073e+00	1.730283e-02
7.614354e-04	4.176242e-02	1.130690e+00	1.855521e-02
8.756507e-04	4.487122e-02	1.215349e+00	1.989825e-02
1.006998e-03	4.820487e-02	1.307148e+00	2.133850e-02
1.158048e-03	5.177967e-02	1.395493e+00	2.288299e-02
1.331755e-03	5.561308e-02	1.493391e+00	2.453927e-02
1.531519e-03	5.972382e-02	1.589983e+00	2.631543e-02
1.761246e-03	6.413199e-02	1.690772e+00	2.822016e-02
2.025433e-03	6.885911e-02	1.793178e+00	3.026275e-02
2.329248e-03	7.392828e-02	1.895220e+00	3.245318e-02
2.678635e-03	7.936426e-02	2.006316e+00	3.480216e-02
3.080431e-03	8.519362e-02	2.112764e+00	3.732116e-02
3.542495e-03	9.144482e-02	2.212883e+00	4.002249e-02
4.073870e-03	9.814842e-02	2.314735e+00	4.291934e-02
4.684950e-03	1.053372e-01	2.431864e+00	4.602586e-02
5.387693e-03	1.130461e-01	2.534000e+00	4.935724e-02
6.195847e-03	1.213131e-01	2.639298e+00	5.292974e-02
7.125224e-03	1.301783e-01	2.730325e+00	5.676082e-02
8.194007e-03	1.396851e-01	2.820068e+00	6.086920e-02
9.423108e-03	1.498800e-01	2.923272e+00	6.527494e-02
1.083657e-02	1.608128e-01	3.005890e+00	6.996592e-02
1.246206e-02	1.725368e-01	3.090136e+00	7.505418e-02
1.433137e-02	1.851094e-01	3.163863e+00	8.050173e-02
1.648108e-02	1.985920e-01	3.236233e+00	8.632807e-02
1.895324e-02	2.130504e-01	3.297792e+00	9.257637e-02
2.179622e-02	2.285553e-01	3.348705e+00	9.927706e-02
2.506566e-02	2.451824e-01	3.402663e+00	1.064626e-01
2.882550e-02	2.630129e-01	3.444844e+00	1.141683e-01
3.314933e-02	2.821340e-01	3.482758e+00	1.224317e-01
3.812173e-02	3.026391e-01	3.504930e+00	1.312932e-01
4.383999e-02	3.246283e-01	3.530427e+00	1.407962e-01
5.041599e-02	3.482092e-01	3.553129e+00	1.509869e-01
5.797838e-02	3.734967e-01	3.559697e+00	1.619152e-01
6.667514e-02	4.006146e-01	3.563541e+00	1.736346e-01
7.667641e-02	4.296953e-01	3.552827e+00	1.862023e-01
8.817787e-02	4.608808e-01	3.540505e+00	1.996796e-01
1.014046e-01	4.943236e-01	3.521895e+00	2.141323e-01
1.166152e-01	5.301869e-01	3.489744e+00	2.296311e-01
1.341075e-01	5.686460e-01	3.451312e+00	2.462518e-01
1.542237e-01	6.098888e-01	3.402387e+00	2.640756e-01
1.773572e-01	6.541168e-01	3.345228e+00	2.831894e-01
2.039608e-01	7.015460e-01	3.279404e+00	3.036865e-01
2.345549e-01	7.524081e-01	3.204551e+00	3.256673e-01
2.697381e-01	8.069517e-01	3.120637e+00	3.492393e-01
3.101989e-01	8.654432e-01	3.029846e+00	3.745173e-01
3.567287e-01	9.281682e-01	2.936776e+00	4.016249e-01
4.102380e-01	9.954334e-01	2.835141e+00	4.306944e-01
4.717737e-01	1.067567e+00	2.718261e+00	4.618682e-01
5.425397e-01	1.144922e+00	2.606881e+00	4.952984e-01
6.239207e-01	1.227876e+00	2.485295e+00	5.311483e-01
7.175088e-01	1.316834e+00	2.373394e+00	5.695929e-01
8.251351e-01	1.412231e+00	2.255600e+00	6.108200e-01
9.489054e-01	1.514533e+00	2.120138e+00	6.550314e-01
1.091241e+00	1.624239e+00	2.002860e+00	7.024430e-01
1.254927e+00	1.741887e+00	1.876318e+00	7.532860e-01
1.443166e+00	1.868049e+00	1.759489e+00	8.078089e-01
1.659641e+00	2.003343e+00	1.639184e+00	8.662783e-01
1.908588e+00	2.148430e+00	1.526018e+00	9.289801e-01
2.194876e+00	2.304018e+00	1.425062e+00	9.962203e-01
2.524107e+00	2.470868e+00	1.313531e+00	1.068326e+00
2.902723e+00	2.692426e+00	1.215554e+00	1.145654e+00
3.338132e+00	2.957415e+00	1.118978e+00	1.228576e+00
3.838852e+00	3.249899e+00	1.041444e+00	1.317480e+00
4.414679e+00	3.574961e+00	9.522784e-01	1.413016e+00
5.076881e+00	3.935643e+00	8.688211e-01	1.517892e+00
5.838413e+00	4.322478e+00	8.170488e-01	1.634333e+00
6.714175e+00	4.754276e+00	7.575107e-01	1.764387e+00
7.721302e+00	5.217711e+00	6.890419e-01	1.910762e+00
8.879497e+00	5.719857e+00	6.103027e-01	1.937074e+00
1.021142e+01	6.269070e+00	5.376841e-01	1.842131e+00
1.174313e+01	6.815257e+00	4.888110e-01	1.761193e+00
1.350460e+01	7.425455e+00	4.385694e-01	1.694859e+00
1.553030e+01	8.104589e+00	3.958120e-01	1.643760e+00
1.785984e+01	8.821184e+00	3.566936e-01	1.608585e+00
2.053882e+01	9.598634e+00	3.217447e-01	1.590078e+00
2.361964e+01	1.043503e+01	2.904346e-01	1.588992e+00
2.716258e+01	1.137490e+01	2.589248e-01	1.606190e+00
3.123697e+01	1.240942e+01	2.320865e-01	1.642516e+00
3.592252e+01	1.351235e+01	2.110349e-01	1.698866e+00
4.131089e+01	1.472933e+01	1.904720e-01	1.776259e+00
4.750753e+01	1.580403e+01	1.668247e-01	1.875922e+00
5.463366e+01	1.690428e+01	1.500907e-01	1.999433e+00
6.282871e+01	1.791165e+01	1.329591e-01	2.148866e+00
7.225301e+01	1.881965e+01	1.204689e-01	2.326952e+00
8.309096e+01	1.973279e+01	1.082462e-01	2.537220e+00
9.555461e+01	2.043108e+01	9.419016e-02	2.784245e+00
1.098878e+02	2.106181e+01	8.465274e-02	3.073786e+00
1.263710e+02	2.153065e+01	7.463513e-02	3.413019e+00
1.453266e+02	2.200121e+01	6.665149e-02	3.810996e+00
1.671256e+02	2.248175e+01	5.889720e-02	4.278658e+00
1.921945e+02	2.274013e+01	5.222666e-02	4.828369e+00
2.210236e+02	2.274252e+01	4.703658e-02	5.488512e+00
2.541772e+02	2.263454e+01	4.129138e-02	6.336001e+00
2.923037e+02	2.231984e+01	3.683150e-02	7.341088e+00
3.361493e+02	2.183977e+01	3.265420e-02	8.536009e+00
3.865717e+02	2.124261e+01	2.958250e-02	9.960593e+00
4.445574e+02	2.060421e+01	2.605003e-02	1.167099e+01
5.112411e+02	1.991965e+01	2.272074e-02	1.373408e+01
5.879272e+02	1.923354e+01	2.025167e-02	1.623388e+01
6.761163e+02	1.854546e+01	1.784698e-02	1.927559e+01
7.775337e+02	1.781192e+01	1.612915e-02	2.299274e+01
8.941638e+02	1.704333e+01	1.415365e-02	2.755212e+01
1.028288e+03	1.624288e+01	1.233942e-02	3.316747e+01
1.182532e+03	1.542409e+01	1.096836e-02	4.011039e+01
1.359911e+03	1.459656e+01	9.608444e-03	4.872613e+01
1.563898e+03	1.376630e+01	8.479167e-03	5.945581e+01
1.798483e+03	1.293585e+01	7.494789e-03	7.286399e+01
2.068255e+03	1.211282e+01	6.643054e-03	8.967438e+01
2.378493e+03	1.130234e+01	5.887610e-03	1.108157e+02
2.735268e+03	1.050668e+01	5.153188e-03	1.374807e+02
3.145558e+03	9.735628e+00	4.534854e-03	1.712022e+02
3.617391e+03	8.995796e+00	4.079084e-03	2.139500e+02
4.160000e+03	8.290436e+00	3.626614e-03	2.682541e+02
4.784000e+03	7.621145e+00	3.106273e-03	3.373615e+02
5.501600e+03	6.988825e+00	2.765737e-03	4.254332e+02
6.326840e+03	6.396774e+00	2.407803e-03	5.377906e+02
7.275866e+03	5.846202e+00	2.163105e-03	6.812219e+02
8.367246e+03	5.336571e+00	1.917573e-03	8.643590e+02
9.622333e+03	4.866888e+00	1.635211e-03	1.098137e+03
