# Energy_MeV	dEdx_Elec_MeV_um	dEdx_Nucl_MeV_um	Range_um
1.000000e-05	3.705754e-03	8.476820e-02	2.934599e-03
1.150000e-05	4.042707e-03	9.320707e-02	3.147007e-03
1.322500e-05	4.402938e-03	1.029118e-01	3.374789e-03
1.520875e-05	4.788253e-03	1.131401e-01	3.619058e-03
1.749006e-05	5.200572e-03	1.244280e-01	3.881007e-03
2.011357e-05	5.641942e-03	1.363202e-01	4.161917e-03
2.313061e-05	6.114544e-03	1.492793e-01	4.463159e-03
2.660020e-05	6.620707e-03	1.641823e-01	4.786204e-03
3.059023e-05	7.162921e-03	1.796353e-01	5.132632e-03
3.517876e-05	7.743850e-03	1.966981e-01	5.504135e-03
4.045558e-05	8.366344e-03	2.148953e-01	5.902527e-03
4.652391e-05	9.033453e-03	2.349128e-01	6.329755e-03
5.350250e-05	9.748445e-03	2.559908e-01	6.787906e-03
6.152788e-05	1.051482e-02	2.781785e-01	7.279219e-03
7.075706e-05	1.133633e-02	3.029958e-01	7.806092e-03
8.137062e-05	1.221699e-02	3.290398e-01	8.371101e-03
9.357621e-05	1.316111e-02	3.573352e-01	8.977006e-03
1.076126e-04	1.417330e-02	3.851444e-01	9.626767e-03
1.237545e-04	1.525851e-02	4.171249e-01	1.032356e-02
1.423177e-04	1.642205e-02	4.524653e-01	1.107078e-02
1.636654e-04	1.766960e-02	4.870480e-01	1.187209e-02
1.882152e-04	1.900727e-02	5.255959e-01	1.273140e-02
2.164475e-04	2.044157e-02	5.621617e-01	1.365290e-02
2.489146e-04	2.197954e-02	6.042122e-01	1.464111e-02
2.862518e-04	2.362867e-02	6.499548e-01	1.570084e-02
3.291895e-04	2.539702e-02	6.938361e-01	1.683727e-02
3.785680e-04	2.729325e-02	7.425883e-01	1.805597e-02
4.353531e-04	2.932660e-02	7.905661e-01	1.936287e-02
5.006561e-04	3.150702e-02	8.407411e-01	2.076436e-02
5.757545e-04	3.384516e-02	8.917468e-01	2.226730e-02
6.621177e-04	3.635244e-02	9.424313e-01	2.387901e-02
7.614354e-04	3.904111e-02	9.977898e-01	2.560739e-02
8.756507e-04	4.192430e-02	1.050663e+00	2.746087e-02
1.006998e-03	4.501611e-02	1.100620e+00	2.944850e-02
1.158048e-03	4.833163e-02	1.151210e+00	3.158000e-02
1.331755e-03	5.188707e-02	1.209389e+00	3.386577e-02
1.531519e-03	5.569979e-02	1.260407e+00	3.631700e-02
1.761246e-03	5.978842e-02	1.312708e+00	3.894564e-02
2.025433e-03	6.417293e-02	1.358210e+00	4.176455e-02
2.329248e-03	6.887475e-02	1.402786e+00	4.478749e-02
2.678635e-03	7.391685e-02	1.454048e+00	4.802923e-02
3.080431e-03	7.932385e-02	1.495385e+00	5.150561e-02
3.542495e-03	8.512217e-02	1.537230e+00	5.523361e-02
4.073870e-03	9.134014e-02	1.574059e+00	5.923145e-02
4.684950e-03	9.800814e-02	1.610164e+00	6.351865e-02
5.387693e-03	1.051587e-01	1.640740e+00	6.811617e-02
6.195847e-03	1.128269e-01	1.666185e+00	7.304645e-02
7.125224e-03	1.210500e-01	1.692987e+00	7.831654e-02
8.194007e-03	1.298683e-01	1.714107e+00	8.400594e-02
9.423108e-03	1.393249e-01	1.733103e+00	9.008506e-02
1.083657e-02	1.494659e-01	1.744115e+00	9.660632e-02
1.246206e-02	1.603408e-01	1.756780e+00	1.035983e-01
1.433137e-02	1.720029e-01	1.768223e+00	1.110967e-01
1.648108e-02	1.845091e-01	1.771486e+00	1.191377e-01
1.895324e-02	1.979205e-01	1.773516e+00	1.277609e-01
2.179622e-02	2.123026e-01	1.768194e+00	1.370081e-01
2.506566e-02	2.277257e-01	1.762074e+00	1.469247e-01
2.882550e-02	2.442651e-01	1.752928e+00	1.575590e-01
3.314933e-02	2.620015e-01	1.736958e+00	1.689630e-01
3.812173e-02	2.810218e-01	1.717909e+00	1.811925e-01
4.383999e-02	3.014187e-01	1.693607e+00	1.943072e-01
5.041599e-02	3.232920e-01	1.665225e+00	2.083710e-01
5.797838e-02	3.467485e-01	1.632522e+00	2.234529e-01
6.667514e-02	3.719027e-01	1.595343e+00	2.396264e-01
7.667641e-02	3.988776e-01	1.553612e+00	2.569706e-01
8.817787e-02	4.278050e-01	1.508515e+00	2.755701e-01
1.014046e-01	4.588262e-01	1.462180e+00	2.955157e-01
1.166152e-01	4.920926e-01	1.411698e+00	3.169052e-01
1.341075e-01	5.277669e-01	1.353643e+00	3.398429e-01
1.542237e-01	5.660233e-01	1.298131e+00	3.644408e-01
1.773572e-01	6.070488e-01	1.237739e+00	3.908189e-01
2.039608e-01	6.510436e-01	1.181909e+00	4.191064e-01
2.345549e-01	6.982228e-01	1.123400e+00	4.494414e-01
2.697381e-01	7.488169e-01	1.056115e+00	4.819722e-01
3.101989e-01	8.030730e-01	9.975628e-01	5.168574e-01
3.567287e-01	8.612562e-01	9.347091e-01	5.542675e-01
4.102380e-01	9.236508e-01	8.764383e-01	5.943855e-01
4.717737e-01	9.905614e-01	8.164886e-01	6.374074e-01
5.425397e-01	1.062315e+00	7.602787e-01	6.835433e-01
6.239207e-01	1.139262e+00	7.099176e-01	7.330183e-01
7.175088e-01	1.221779e+00	6.545195e-01	7.860741e-01
8.251351e-01	1.310268e+00	6.056124e-01	8.429705e-01
9.489054e-01	1.405163e+00	5.573726e-01	9.039852e-01
1.091241e+00	1.506925e+00	5.188608e-01	9.694161e-01
1.254927e+00	1.616054e+00	4.745722e-01	1.039583e+00
1.443166e+00	1.733081e+00	4.327131e-01	1.114828e+00
1.659641e+00	1.864322e+00	4.069977e-01	1.195520e+00
1.908588e+00	2.036362e+00	3.774249e-01	1.282048e+00
2.194876e+00	2.228622e+00	3.434162e-01	1.356875e+00
2.524107e+00	2.444778e+00	3.043062e-01	1.353599e+00
2.902723e+00	2.679459e+00	2.678994e-01	1.346489e+00
3.338132e+00	2.942843e+00	2.436240e-01	1.337883e+00
3.838852e+00	3.230411e+00	2.185344e-01	1.328597e+00
4.414679e+00	3.546745e+00	1.972966e-01	1.319620e+00
5.076881e+00	3.900639e+00	1.777727e-01	1.311939e+00
5.838413e+00	4.274813e+00	1.603215e-01	1.306780e+00
6.714175e+00	4.691093e+00	1.447697e-01	1.305448e+00
7.721302e+00	5.140282e+00	1.290296e-01	1.309421e+00
8.879497e+00	5.643115e+00	1.156990e-01	1.320355e+00
1.021142e+01	6.212492e+00	1.051563e-01	1.340102e+00
1.174313e+01	6.786951e+00	9.494267e-02	1.370703e+00
1.350460e+01	7.383492e+00	8.319697e-02	1.414385e+00
1.553030e+01	7.954125e+00	7.480460e-02	1.473535e+00
1.785984e+01	8.442341e+00	6.629525e-02	1.550680e+00
2.053882e+01	8.923228e+00	6.003139e-02	1.648523e+00
2.361964e+01	9.317818e+00	5.396036e-02	1.769955e+00
2.716258e+01	9.689437e+00	4.697868e-02	1.918164e+00
3.123697e+01	1.000099e+01	4.219285e-02	2.096796e+00
3.592252e+01	1.023260e+01	3.721708e-02	2.310157e+00
4.131089e+01	1.044609e+01	3.322371e-02	2.563496e+00
4.750753e+01	1.058644e+01	2.935379e-02	2.863300e+00
5.463366e+01	1.069507e+01	2.604051e-02	3.217658e+00
6.282871e+01	1.076115e+01	2.344525e-02	3.636692e+00
7.225301e+01	1.074363e+01	2.059159e-02	4.133076e+00
8.309096e+01	1.070123e+01	1.836028e-02	4.722682e+00
9.555461e+01	1.063669e+01	1.627052e-02	5.425027e+00
1.098878e+02	1.052526e+01	1.474479e-02	6.266905e+00
1.263710e+02	1.036423e+01	1.299021e-02	7.271056e+00
1.453266e+02	1.002991e+01	1.132313e-02	8.538400e+00
1.671256e+02	9.663904e+00	1.009673e-02	1.015147e+01
1.921945e+02	9.251467e+00	8.892814e-03	1.208416e+01
2.210236e+02	8.798132e+00	8.039564e-03	1.444858e+01
2.541772e+02	8.339409e+00	7.058327e-03	1.734180e+01
2.923037e+02	7.875206e+00	6.149676e-03	2.090375e+01
3.361493e+02	7.413660e+00	5.468668e-03	2.531144e+01
3.865717e+02	6.967352e+00	4.789017e-03	3.078684e+01
4.445574e+02	6.524042e+00	4.228102e-03	3.761846e+01
5.112411e+02	6.086937e+00	3.736432e-03	4.617415e+01
5.879272e+02	5.657142e+00	3.310853e-03	5.692708e+01
6.761163e+02	5.238451e+00	2.935621e-03	7.049086e+01
7.775337e+02	4.834188e+00	2.568521e-03	8.765514e+01
8.941638e+02	4.447227e+00	2.261393e-03	1.094393e+02
1.028288e+03	4.078295e+00	2.032914e-03	1.371610e+02
1.182532e+03	3.728751e+00	1.808171e-03	1.725233e+02
1.359911e+03	3.399461e+00	1.549716e-03	2.177273e+02
1.563898e+03	3.091955e+00	1.378703e-03	2.756154e+02
1.798483e+03	2.805306e+00	1.200916e-03	3.498549e+02
2.068255e+03	2.539691e+00	1.078074e-03	4.451712e+02
2.378493e+03	2.294825e+00	9.561171e-04	5.676426e+02
2.735268e+03	2.070682e+00	8.158672e-04	7.250725e+02
3.145558e+03	1.866916e+00	7.262510e-04	9.274554e+02
3.617391e+03	1.682740e+00	6.300494e-04	1.187558e+03
4.160000e+03	1.516206e+00	5.561114e-04	1.521641e+03
4.784000e+03	1.365798e+00	4.845797e-04	1.950348e+03
5.501600e+03	1.231217e+00	4.235867e-04	2.499795e+03
6.326840e+03	1.111285e+00	3.776457e-04	3.202890e+03
7.275866e+03	1.004257e+00	3.259348e-04	4.100923e+03
8.367246e+03	9.091099e-01	2.875360e-04	5.245451e+03
9.622333e+03	8.249418e-01	2.518997e-04	6.700526e+03
