# Energy_MeV	dEdx_Elec_MeV_um	dEdx_Nucl_MeV_um	Range_um
1.000000e-05	4.621900e-03	8.960719e-02	5.639852e-03
1.150000e-05	4.992356e-03	9.661398e-02	6.048067e-03
1.322500e-05	5.389377e-03	1.046718e-01	6.485829e-03
1.520875e-05	5.814908e-03	1.134521e-01	6.955277e-03
1.749006e-05	6.271032e-03	1.221655e-01	7.458704e-03
2.011357e-05	6.759980e-03	1.317293e-01	7.998569e-03
2.313061e-05	7.284143e-03	1.409424e-01	8.577509e-03
2.660020e-05	7.846086e-03	1.515374e-01	9.198354e-03
3.059023e-05	8.448554e-03	1.628750e-01	9.864136e-03
3.517876e-05	9.094493e-03	1.739314e-01	1.057811e-02
4.045558e-05	9.787059e-03	1.860528e-01	1.134376e-02
4.652391e-05	1.052964e-02	1.981412e-01	1.216482e-02
5.350250e-05	1.132586e-02	2.106385e-01	1.304532e-02
6.152788e-05	1.217961e-02	2.233091e-01	1.398955e-02
7.075706e-05	1.309507e-02	2.360796e-01	1.500212e-02
8.137062e-05	1.407670e-02	2.498006e-01	1.608798e-02
9.357621e-05	1.512931e-02	2.631225e-01	1.725244e-02
1.076126e-04	1.625803e-02	2.754166e-01	1.850118e-02
1.237545e-04	1.746838e-02	2.881633e-01	1.984030e-02
1.423177e-04	1.876628e-02	3.028220e-01	2.127635e-02
1.636654e-04	2.015806e-02	3.153080e-01	2.281635e-02
1.882152e-04	2.165052e-02	3.284859e-01	2.446780e-02
2.164475e-04	2.325096e-02	3.395798e-01	2.623880e-02
2.489146e-04	2.496720e-02	3.508111e-01	2.813798e-02
2.862518e-04	2.680761e-02	3.637270e-01	3.017462e-02
3.291895e-04	2.878119e-02	3.737564e-01	3.235867e-02
3.785680e-04	3.089759e-02	3.842997e-01	3.470081e-02
4.353531e-04	3.316714e-02	3.933104e-01	3.721247e-02
5.006561e-04	3.560092e-02	4.022045e-01	3.990593e-02
5.757545e-04	3.821084e-02	4.099085e-01	4.279434e-02
6.621177e-04	4.100963e-02	4.161182e-01	4.589182e-02
7.614354e-04	4.401098e-02	4.228710e-01	4.921349e-02
8.756507e-04	4.722954e-02	4.279747e-01	5.277559e-02
1.006998e-03	5.068105e-02	4.325511e-01	5.659552e-02
1.158048e-03	5.438235e-02	4.353259e-01	6.069193e-02
1.331755e-03	5.835153e-02	4.385168e-01	6.508485e-02
1.531519e-03	6.260799e-02	4.411846e-01	6.979572e-02
1.761246e-03	6.717252e-02	4.420067e-01	7.484757e-02
2.025433e-03	7.206741e-02	4.423630e-01	8.026508e-02
2.329248e-03	7.731659e-02	4.410221e-01	8.605090e-02
2.678635e-03	8.294569e-02	4.394800e-01	9.228872e-02
3.080431e-03	8.898221e-02	4.370503e-01	9.898915e-02
3.542495e-03	9.545565e-02	4.330267e-01	1.061526e-01
4.073870e-03	1.023976e-01	4.281760e-01	1.138362e-01
4.684950e-03	1.098421e-01	4.220530e-01	1.220756e-01
5.387693e-03	1.178253e-01	4.148903e-01	1.309114e-01
6.195847e-03	1.263864e-01	4.066608e-01	1.403866e-01
7.125224e-03	1.355671e-01	3.972931e-01	1.505477e-01
8.194007e-03	1.454123e-01	3.868435e-01	1.614442e-01
9.423108e-03	1.559702e-01	3.754810e-01	1.731295e-01
1.083657e-02	1.672922e-01	3.639443e-01	1.856605e-01
1.246206e-02	1.794336e-01	3.512247e-01	1.990985e-01
1.433137e-02	1.924539e-01	3.365972e-01	2.135091e-01
1.648108e-02	2.064166e-01	3.228537e-01	2.289629e-01
1.895324e-02	2.213899e-01	3.076373e-01	2.455352e-01
2.179622e-02	2.374470e-01	2.938901e-01	2.633070e-01
2.506566e-02	2.546663e-01	2.791483e-01	2.823651e-01
2.882550e-02	2.731319e-01	2.621953e-01	3.028026e-01
3.314933e-02	2.929341e-01	2.478282e-01	3.247195e-01
3.812173e-02	3.141696e-01	2.319916e-01	3.482227e-01
4.383999e-02	3.369421e-01	2.176202e-01	3.734271e-01
5.041599e-02	3.613629e-01	2.027644e-01	4.004557e-01
5.797838e-02	3.875512e-01	1.886018e-01	4.294406e-01
6.667514e-02	4.156351e-01	1.761908e-01	4.605237e-01
7.667641e-02	4.457518e-01	1.622327e-01	4.938566e-01
8.817787e-02	4.780482e-01	1.502206e-01	5.296019e-01
1.014046e-01	5.126824e-01	1.384140e-01	5.679344e-01
1.166152e-01	5.498233e-01	1.287105e-01	6.090417e-01
1.341075e-01	5.896525e-01	1.175516e-01	6.531244e-01
1.542237e-01	6.323646e-01	1.075262e-01	7.003978e-01
1.773572e-01	6.781682e-01	1.010469e-01	7.510926e-01
2.039608e-01	7.272871e-01	9.359574e-02	8.054568e-01
2.345549e-01	7.799613e-01	8.502692e-02	8.637561e-01
2.697381e-01	8.364480e-01	7.517277e-02	9.262753e-01
3.101989e-01	8.970222e-01	6.643281e-02	9.910061e-01
3.567287e-01	9.619689e-01	6.031638e-02	1.032985e+00
4.102380e-01	1.031615e+00	5.416767e-02	1.072092e+00
4.717737e-01	1.106300e+00	4.881661e-02	1.107181e+00
5.425397e-01	1.186389e+00	4.401785e-02	1.136982e+00
6.239207e-01	1.263910e+00	3.973905e-02	1.170740e+00
7.175088e-01	1.346013e+00	3.582061e-02	1.207853e+00
8.251351e-01	1.427061e+00	3.196921e-02	1.242499e+00
9.489054e-01	1.515388e+00	2.861042e-02	1.274512e+00
1.091241e+00	1.606903e+00	2.606498e-02	1.305505e+00
1.254927e+00	1.699343e+00	2.349155e-02	1.336806e+00
1.443166e+00	1.798372e+00	2.053210e-02	1.369001e+00
1.659641e+00	1.889286e+00	1.852114e-02	1.403035e+00
1.908588e+00	1.985248e+00	1.637713e-02	1.440106e+00
2.194876e+00	2.080178e+00	1.487593e-02	1.481750e+00
2.524107e+00	2.166814e+00	1.334628e-02	1.529908e+00
2.902723e+00	2.254847e+00	1.158717e-02	1.586991e+00
3.338132e+00	2.324891e+00	1.044376e-02	1.655949e+00
3.838852e+00	2.391552e+00	9.190068e-03	1.740356e+00
4.414679e+00	2.448711e+00	8.219725e-03	1.844470e+00
5.076881e+00	2.488727e+00	7.268238e-03	1.973302e+00
5.838413e+00	2.522288e+00	6.433425e-03	2.132684e+00
6.714175e+00	2.527943e+00	5.801804e-03	2.329359e+00
7.721302e+00	2.519902e+00	5.082797e-03	2.571132e+00
8.879497e+00	2.494545e+00	4.541265e-03	2.867113e+00
1.021142e+01	2.452364e+00	4.033859e-03	3.228095e+00
1.174313e+01	2.399887e+00	3.649437e-03	3.667104e+00
1.350460e+01	2.333422e+00	3.207351e-03	4.200148e+00
1.553030e+01	2.257909e+00	2.804554e-03	4.847212e+00
1.785984e+01	2.171877e+00	2.495553e-03	5.633532e+00
2.053882e+01	2.081597e+00	2.204425e-03	6.591243e+00
2.361964e+01	1.983863e+00	1.989441e-03	7.761510e+00
2.716258e+01	1.887389e+00	1.742208e-03	9.197174e+00
3.123697e+01	1.789133e+00	1.522928e-03	1.096670e+01
3.592252e+01	1.684913e+00	1.351341e-03	1.315672e+01
4.131089e+01	1.585999e+00	1.185463e-03	1.588224e+01
4.750753e+01	1.482992e+00	1.044135e-03	1.929788e+01
5.463366e+01	1.375619e+00	9.237584e-04	2.382226e+01
6.282871e+01	1.267572e+00	8.197691e-04	2.959340e+01
7.225301e+01	1.162096e+00	7.252258e-04	3.686747e+01
8.309096e+01	1.060828e+00	6.357018e-04	4.609004e+01
9.555461e+01	9.654104e-01	5.583179e-04	5.782141e+01
1.098878e+02	8.753466e-01	5.034444e-04	7.277986e+01
1.263710e+02	7.919793e-01	4.468181e-04	9.189838e+01
1.453266e+02	7.150476e-01	3.816978e-04	1.163722e+02
1.671256e+02	6.441678e-01	3.410111e-04	1.477559e+02
1.921945e+02	5.793307e-01	2.962159e-04	1.880425e+02
2.210236e+02	5.200270e-01	2.669354e-04	2.398171e+02
2.541772e+02	4.661793e-01	2.362072e-04	3.064218e+02
2.923037e+02	4.174568e-01	2.008699e-04	3.921608e+02
3.361493e+02	3.735116e-01	1.795902e-04	5.025848e+02
3.865717e+02	3.339611e-01	1.553512e-04	6.448481e+02
4.445574e+02	2.984542e-01	1.374355e-04	8.281656e+02
5.112411e+02	2.666430e-01	1.198817e-04	1.064397e+03
5.879272e+02	2.381846e-01	1.046874e-04	1.368793e+03
6.761163e+02	2.127709e-01	9.335777e-05	1.760949e+03
7.775337e+02	1.901140e-01	8.032870e-05	2.266015e+03
8.941638e+02	1.699295e-01	0.000000e+00	2.916228e+03
1.028288e+03	1.519599e-01	0.000000e+00	3.752848e+03
1.182532e+03	1.359865e-01	0.000000e+00	4.828578e+03
1.359911e+03	1.218067e-01	0.000000e+00	6.210597e+03
1.563898e+03	1.092232e-01	0.000000e+00	7.984316e+03
1.798483e+03	9.806774e-02	0.000000e+00	1.025801e+04
2.068255e+03	8.819160e-02	0.000000e+00	1.316845e+04
2.378493e+03	7.944939e-02	0.000000e+00	1.688778e+04
2.735268e+03	7.171467e-02	0.000000e+00	2.163167e+04
3.145558e+03	6.488645e-02	0.000000e+00	2.766902e+04
3.617391e+03	5.886669e-02	0.000000e+00	3.533325e+04
4.160000e+03	5.356114e-02	0.000000e+00	4.503530e+04
4.784000e+03	4.889032e-02	0.000000e+00	5.727837e+04
5.501600e+03	4.476898e-02	0.000000e+00	7.267894e+04
6.326840e+03	4.115913e-02	0.000000e+00	9.198165e+04
7.275866e+03	3.800551e-02	0.000000e+00	1.160742e+05
8.367246e+03	3.526055e-02	0.000000e+00	1.460089e+05
9.622333e+03	3.287978e-02	0.000000e+00	1.830215e+05
