# Energy_MeV	dEdx_Elec_MeV_um	dEdx_Nucl_MeV_um	Range_um
1.000000e-05	4.036712e-03	9.945762e-02	3.248576e-03
1.150000e-05	4.393381e-03	1.089494e-01	3.483709e-03
1.322500e-05	4.774963e-03	1.189669e-01	3.735862e-03
1.520875e-05	5.183357e-03	1.300039e-01	4.006266e-03
1.749006e-05	5.620583e-03	1.417293e-01	4.296242e-03
2.011357e-05	6.088801e-03	1.539410e-01	4.607206e-03
2.313061e-05	6.590316e-03	1.677465e-01	4.940678e-03
2.660020e-05	7.127593e-03	1.820610e-01	5.298287e-03
3.059023e-05	7.703271e-03	1.975515e-01	5.681779e-03
3.517876e-05	8.320171e-03	2.130213e-01	6.093030e-03
4.045558e-05	8.981317e-03	2.308116e-01	6.534046e-03
4.652391e-05	9.689945e-03	2.501138e-01	7.006984e-03
5.350250e-05	1.044952e-02	2.693517e-01	7.514153e-03
6.152788e-05	1.126377e-02	2.903671e-01	8.058032e-03
7.075706e-05	1.213667e-02	3.107081e-01	8.641276e-03
8.137062e-05	1.307248e-02	3.341003e-01	9.266736e-03
9.357621e-05	1.407578e-02	3.590060e-01	9.937468e-03
1.076126e-04	1.515149e-02	3.834165e-01	1.065675e-02
1.237545e-04	1.630484e-02	4.100698e-01	1.142809e-02
1.423177e-04	1.754149e-02	4.367591e-01	1.225526e-02
1.636654e-04	1.886747e-02	4.642539e-01	1.314230e-02
1.882152e-04	2.028927e-02	4.921074e-01	1.409355e-02
2.164475e-04	2.181382e-02	5.203024e-01	1.511365e-02
2.489146e-04	2.344859e-02	5.504439e-01	1.620758e-02
2.862518e-04	2.520155e-02	5.798564e-01	1.738069e-02
3.291895e-04	2.708127e-02	6.068033e-01	1.863872e-02
3.785680e-04	2.909694e-02	6.349458e-01	1.998780e-02
4.353531e-04	3.125840e-02	6.673098e-01	2.143452e-02
5.006561e-04	3.357621e-02	6.946298e-01	2.298597e-02
5.757545e-04	3.606170e-02	7.237244e-01	2.464970e-02
6.621177e-04	3.872701e-02	7.479694e-01	2.643386e-02
7.614354e-04	4.158516e-02	7.727661e-01	2.834716e-02
8.756507e-04	4.465011e-02	8.012822e-01	3.039894e-02
1.006998e-03	4.793685e-02	8.231669e-01	3.259923e-02
1.158048e-03	5.146141e-02	8.464447e-01	3.495878e-02
1.331755e-03	5.524103e-02	8.661587e-01	3.748912e-02
1.531519e-03	5.929417e-02	8.856595e-01	4.020260e-02
1.761246e-03	6.364063e-02	9.026686e-01	4.311249e-02
2.025433e-03	6.830164e-02	9.162433e-01	4.623299e-02
2.329248e-03	7.329998e-02	9.311525e-01	4.957936e-02
2.678635e-03	7.866006e-02	9.422747e-01	5.316794e-02
3.080431e-03	8.440806e-02	9.522379e-01	5.701626e-02
3.542495e-03	9.057208e-02	9.583641e-01	6.111701e-02
4.073870e-03	9.718222e-02	9.654093e-01	6.556702e-02
4.684950e-03	1.042708e-01	9.711548e-01	7.031597e-02
5.387693e-03	1.118724e-01	9.729699e-01	7.540588e-02
6.195847e-03	1.200242e-01	9.736523e-01	8.086345e-02
7.125224e-03	1.287660e-01	9.706918e-01	8.671632e-02
8.194007e-03	1.381405e-01	9.672873e-01	9.299274e-02
9.423108e-03	1.481935e-01	9.618389e-01	9.972349e-02
1.083657e-02	1.589741e-01	9.529556e-01	1.069414e-01
1.246206e-02	1.705350e-01	9.422118e-01	1.146818e-01
1.433137e-02	1.829327e-01	9.286933e-01	1.229824e-01
1.648108e-02	1.962278e-01	9.128714e-01	1.318837e-01
1.895324e-02	2.104851e-01	8.947091e-01	1.414295e-01
2.179622e-02	2.257744e-01	8.740267e-01	1.516661e-01
2.506566e-02	2.421703e-01	8.509992e-01	1.626437e-01
2.882550e-02	2.597529e-01	8.259127e-01	1.744157e-01
3.314933e-02	2.786081e-01	8.005340e-01	1.870399e-01
3.812173e-02	2.988281e-01	7.724513e-01	2.005779e-01
4.383999e-02	3.205117e-01	7.401562e-01	2.150957e-01
5.041599e-02	3.437646e-01	7.099760e-01	2.306643e-01
5.797838e-02	3.687007e-01	6.763808e-01	2.473597e-01
6.667514e-02	3.954416e-01	6.462436e-01	2.652636e-01
7.667641e-02	4.241180e-01	6.136962e-01	2.844635e-01
8.817787e-02	4.548700e-01	5.762668e-01	3.050530e-01
1.014046e-01	4.878479e-01	5.448052e-01	3.271327e-01
1.166152e-01	5.232127e-01	5.098406e-01	3.508106e-01
1.341075e-01	5.611373e-01	4.783192e-01	3.762024e-01
1.542237e-01	6.018068e-01	4.456870e-01	4.034321e-01
1.773572e-01	6.454200e-01	4.144183e-01	4.326325e-01
2.039608e-01	6.921900e-01	3.872034e-01	4.639465e-01
2.345549e-01	7.423451e-01	3.563863e-01	4.975270e-01
2.697381e-01	7.961306e-01	3.300737e-01	5.335383e-01
3.101989e-01	8.538090e-01	3.042397e-01	5.721560e-01
3.567287e-01	9.156623e-01	2.828162e-01	6.135687e-01
4.102380e-01	9.819925e-01	2.581791e-01	6.579789e-01
4.717737e-01	1.053124e+00	2.363941e-01	7.056037e-01
5.425397e-01	1.129403e+00	2.220890e-01	7.566757e-01
6.239207e-01	1.211204e+00	2.056381e-01	8.114442e-01
7.175088e-01	1.298900e+00	1.867196e-01	8.413509e-01
8.251351e-01	1.394235e+00	1.649632e-01	8.492490e-01
9.489054e-01	1.528246e+00	1.459572e-01	8.671727e-01
1.091241e+00	1.678940e+00	1.324531e-01	8.823603e-01
1.254927e+00	1.846760e+00	1.189937e-01	8.947552e-01
1.443166e+00	2.031842e+00	1.071794e-01	9.048378e-01
1.659641e+00	2.240135e+00	9.666537e-02	9.140522e-01
1.908588e+00	2.463538e+00	8.729772e-02	9.229194e-01
2.194876e+00	2.708336e+00	7.864646e-02	9.320093e-01
2.524107e+00	2.974574e+00	7.021996e-02	9.419837e-01
2.902723e+00	3.252947e+00	6.280431e-02	9.536720e-01
3.338132e+00	3.557491e+00	5.725873e-02	9.680704e-01
3.838852e+00	3.860590e+00	5.157702e-02	9.863722e-01
4.414679e+00	4.172483e+00	4.504305e-02	1.009978e+00
5.076881e+00	4.494721e+00	4.067263e-02	1.040553e+00
5.838413e+00	4.789945e+00	3.593900e-02	1.080004e+00
6.714175e+00	5.095519e+00	3.267628e-02	1.130500e+00
7.721302e+00	5.365434e+00	2.929905e-02	1.194475e+00
8.879497e+00	5.602348e+00	2.541524e-02	1.274619e+00
1.021142e+01	5.817432e+00	2.293263e-02	1.373910e+00
1.174313e+01	5.944150e+00	2.016468e-02	1.495652e+00
1.350460e+01	6.054542e+00	1.804634e-02	1.643576e+00
1.553030e+01	6.111782e+00	1.596142e-02	1.822009e+00
1.785984e+01	6.123829e+00	1.411911e-02	2.036101e+00
2.053882e+01	6.104911e+00	1.273872e-02	2.292123e+00
2.361964e+01	6.024927e+00	1.115127e-02	2.597841e+00
2.716258e+01	5.924212e+00	9.969514e-03	2.962972e+00
3.123697e+01	5.791698e+00	8.862071e-03	3.399740e+00
3.592252e+01	5.643628e+00	8.013331e-03	3.923581e+00
4.131089e+01	5.476111e+00	7.037280e-03	4.553979e+00
4.750753e+01	5.299026e+00	6.159529e-03	5.315517e+00
5.463366e+01	5.104424e+00	5.477305e-03	6.240735e+00
6.282871e+01	4.895119e+00	4.842731e-03	7.362170e+00
7.225301e+01	4.965142e+00	4.368080e-03	8.778198e+00
8.309096e+01	4.700836e+00	3.822232e-03	1.061760e+01
9.555461e+01	4.422143e+00	3.344575e-03	1.286396e+01
1.098878e+02	4.136297e+00	2.965740e-03	1.565701e+01
1.263710e+02	3.854156e+00	2.603107e-03	1.912848e+01
1.453266e+02	3.577677e+00	2.291078e-03	2.346940e+01
1.671256e+02	3.309396e+00	2.027657e-03	2.892155e+01
1.921945e+02	3.054160e+00	1.800238e-03	3.579310e+01
2.210236e+02	2.808893e+00	1.591502e-03	4.448537e+01
2.541772e+02	2.574990e+00	1.395840e-03	5.551549e+01
2.923037e+02	2.352747e+00	1.224989e-03	6.955033e+01
3.361493e+02	2.142865e+00	1.105643e-03	8.745809e+01
3.865717e+02	1.946300e+00	9.806215e-04	1.103604e+02
4.445574e+02	1.763428e+00	8.368468e-04	1.397073e+02
5.112411e+02	1.594078e+00	7.486276e-04	1.773742e+02
5.879272e+02	1.438024e+00	6.497273e-04	2.257848e+02
6.761163e+02	1.294941e+00	5.862007e-04	2.880681e+02
7.775337e+02	1.164436e+00	5.183581e-04	3.682580e+02
8.941638e+02	1.045798e+00	4.407638e-04	4.715486e+02
1.028288e+03	9.384145e-01	3.942286e-04	6.046166e+02
1.182532e+03	8.415090e-01	3.407130e-04	7.760314e+02
1.359911e+03	7.542737e-01	3.016366e-04	9.967703e+02
1.563898e+03	6.760540e-01	2.631952e-04	1.280868e+03
1.798483e+03	6.062624e-01	2.299298e-04	1.646230e+03
2.068255e+03	5.440122e-01	2.049159e-04	2.115641e+03
2.378493e+03	4.884543e-01	1.761498e-04	2.718020e+03
2.735268e+03	4.391128e-01	1.559123e-04	3.489963e+03
3.145558e+03	3.954171e-01	1.370808e-04	4.477608e+03
3.617391e+03	3.566633e-01	1.225220e-04	5.738902e+03
4.160000e+03	3.223529e-01	1.057794e-04	7.346288e+03
4.784000e+03	2.920931e-01	9.134319e-05	9.389872e+03
5.501600e+03	2.654127e-01	8.001265e-05	1.198111e+04
6.326840e+03	2.418938e-01	0.000000e+00	1.525690e+04
7.275866e+03	2.211738e-01	0.000000e+00	1.938490e+04
8.367246e+03	2.029631e-01	0.000000e+00	2.456977e+04
9.622333e+03	1.869960e-01	0.000000e+00	3.105669e+04
