# Energy_MeV	dEdx_Elec_MeV_um	dEdx_Nucl_MeV_um	Range_um
1.000000e-05	8.354452e-03	8.191264e-02	2.393933e-03
1.150000e-05	8.959151e-03	9.054225e-02	2.567207e-03
1.322500e-05	9.607620e-03	9.994375e-02	2.753023e-03
1.520875e-05	1.030302e-02	1.103803e-01	2.952289e-03
1.749006e-05	1.104876e-02	1.210722e-01	3.165977e-03
2.011357e-05	1.184848e-02	1.333680e-01	3.395132e-03
2.313061e-05	1.270608e-02	1.473075e-01	3.640873e-03
2.660020e-05	1.362575e-02	1.616091e-01	3.904402e-03
3.059023e-05	1.461199e-02	1.779347e-01	4.187004e-03
3.517876e-05	1.566961e-02	1.943538e-01	4.490062e-03
4.045558e-05	8.462132e-03	2.132357e-01	4.815055e-03
4.652391e-05	9.154547e-03	2.344824e-01	5.163571e-03
5.350250e-05	9.896410e-03	2.561007e-01	5.537313e-03
6.152788e-05	1.069136e-02	2.806976e-01	5.938107e-03
7.075706e-05	1.154330e-02	3.062149e-01	6.367910e-03
8.137062e-05	1.245639e-02	3.342039e-01	6.828823e-03
9.357621e-05	1.343511e-02	3.642323e-01	7.323097e-03
1.076126e-04	1.448424e-02	3.956755e-01	7.853146e-03
1.237545e-04	1.560891e-02	4.312091e-01	8.421561e-03
1.423177e-04	1.681464e-02	4.677072e-01	9.031118e-03
1.636654e-04	1.810730e-02	5.059459e-01	9.684795e-03
1.882152e-04	1.949323e-02	5.464648e-01	1.038579e-02
2.164475e-04	2.097919e-02	5.930616e-01	1.113751e-02
2.489146e-04	2.257244e-02	6.402801e-01	1.194365e-02
2.862518e-04	2.428078e-02	6.906685e-01	1.280814e-02
3.291895e-04	2.611255e-02	7.417105e-01	1.373520e-02
3.785680e-04	2.807669e-02	7.949881e-01	1.472936e-02
4.353531e-04	3.018282e-02	8.562574e-01	1.579548e-02
5.006561e-04	3.244121e-02	9.164416e-01	1.693877e-02
5.757545e-04	3.486290e-02	9.803782e-01	1.816480e-02
6.621177e-04	3.745973e-02	1.045825e+00	1.947958e-02
7.614354e-04	4.024438e-02	1.115493e+00	2.088952e-02
8.756507e-04	4.323046e-02	1.183850e+00	2.240152e-02
1.006998e-03	4.643255e-02	1.251942e+00	2.402295e-02
1.158048e-03	4.986629e-02	1.325791e+00	2.576175e-02
1.331755e-03	5.354847e-02	1.398629e+00	2.762640e-02
1.531519e-03	5.749708e-02	1.474264e+00	2.962601e-02
1.761246e-03	6.173139e-02	1.538361e+00	3.177036e-02
2.025433e-03	6.627211e-02	1.612073e+00	3.406991e-02
2.329248e-03	7.114141e-02	1.692221e+00	3.653591e-02
2.678635e-03	7.636308e-02	1.758487e+00	3.918040e-02
3.080431e-03	8.196263e-02	1.831745e+00	4.201630e-02
3.542495e-03	8.796742e-02	1.888221e+00	4.505746e-02
4.073870e-03	9.440678e-02	1.953169e+00	4.831874e-02
4.684950e-03	1.013122e-01	2.021784e+00	5.181608e-02
5.387693e-03	1.087173e-01	2.074801e+00	5.556655e-02
6.195847e-03	1.166584e-01	2.132779e+00	5.958849e-02
7.125224e-03	1.251743e-01	2.180175e+00	6.390153e-02
8.194007e-03	1.343064e-01	2.225797e+00	6.852282e-02
9.423108e-03	1.440996e-01	2.266523e+00	7.348924e-02
1.083657e-02	1.546015e-01	2.300480e+00	7.880699e-02
1.246206e-02	1.658635e-01	2.336409e+00	8.451183e-02
1.433137e-02	1.779407e-01	2.362802e+00	9.062849e-02
1.648108e-02	1.908920e-01	2.383256e+00	9.718810e-02
1.895324e-02	2.047806e-01	2.399302e+00	1.042225e-01
2.179622e-02	2.196746e-01	2.417755e+00	1.117661e-01
2.506566e-02	2.356465e-01	2.427006e+00	1.198556e-01
2.882550e-02	2.527745e-01	2.431760e+00	1.285307e-01
3.314933e-02	2.711421e-01	2.429371e+00	1.378336e-01
3.812173e-02	2.908392e-01	2.421617e+00	1.478100e-01
4.383999e-02	3.119620e-01	2.412700e+00	1.585085e-01
5.041599e-02	3.346137e-01	2.395063e+00	1.699812e-01
5.797838e-02	3.589048e-01	2.371796e+00	1.822844e-01
6.667514e-02	3.849542e-01	2.342284e+00	1.954781e-01
7.667641e-02	4.128890e-01	2.306812e+00	2.096268e-01
8.817787e-02	4.428458e-01	2.265123e+00	2.247996e-01
1.014046e-01	4.749708e-01	2.217832e+00	2.410705e-01
1.166152e-01	5.094210e-01	2.163661e+00	2.585192e-01
1.341075e-01	5.463648e-01	2.105092e+00	2.772308e-01
1.542237e-01	5.859825e-01	2.040582e+00	2.972969e-01
1.773572e-01	6.284678e-01	1.976621e+00	3.188152e-01
2.039608e-01	6.740282e-01	1.903067e+00	3.418910e-01
2.345549e-01	7.228863e-01	1.822491e+00	3.666371e-01
2.697381e-01	7.752807e-01	1.745975e+00	3.931745e-01
3.101989e-01	8.314675e-01	1.661778e+00	4.216326e-01
3.567287e-01	8.917211e-01	1.587648e+00	4.521503e-01
4.102380e-01	9.563359e-01	1.502399e+00	4.848770e-01
4.717737e-01	1.025627e+00	1.411973e+00	5.199725e-01
5.425397e-01	1.099934e+00	1.332338e+00	5.576084e-01
6.239207e-01	1.179620e+00	1.245439e+00	5.979683e-01
7.175088e-01	1.265073e+00	1.166549e+00	6.412493e-01
8.251351e-01	1.356711e+00	1.087780e+00	6.876630e-01
9.489054e-01	1.454982e+00	1.012267e+00	7.374364e-01
1.091241e+00	1.560366e+00	9.420786e-01	7.908125e-01
1.254927e+00	1.673377e+00	8.670429e-01	8.480517e-01
1.443166e+00	1.794569e+00	8.007963e-01	9.094337e-01
1.659641e+00	1.924532e+00	7.424882e-01	9.752588e-01
1.908588e+00	2.074999e+00	6.863751e-01	1.045849e+00
2.194876e+00	2.275250e+00	6.218451e-01	1.121543e+00
2.524107e+00	2.498522e+00	5.788115e-01	1.202745e+00
2.902723e+00	2.750868e+00	5.413432e-01	1.289720e+00
3.338132e+00	3.022577e+00	4.982546e-01	1.384079e+00
3.838852e+00	3.326873e+00	4.487027e-01	1.430735e+00
4.414679e+00	3.660254e+00	3.917180e-01	1.396178e+00
5.076881e+00	4.025429e+00	3.535880e-01	1.363021e+00
5.838413e+00	4.435121e+00	3.182178e-01	1.332370e+00
6.714175e+00	4.870262e+00	2.876149e-01	1.305383e+00
7.721302e+00	5.345813e+00	2.578060e-01	1.283260e+00
8.879497e+00	5.851732e+00	2.323736e-01	1.267250e+00
1.021142e+01	6.424008e+00	2.110168e-01	1.258712e+00
1.174313e+01	7.074242e+00	1.883573e-01	1.259096e+00
1.350460e+01	7.779084e+00	1.693659e-01	1.269929e+00
1.553030e+01	8.551254e+00	1.513410e-01	1.292816e+00
1.785984e+01	9.389525e+00	1.384004e-01	1.329424e+00
2.053882e+01	1.016963e+01	1.235187e-01	1.381468e+00
2.361964e+01	1.098575e+01	1.085254e-01	1.450718e+00
2.716258e+01	1.173372e+01	9.774419e-02	1.539037e+00
3.123697e+01	1.244187e+01	8.656460e-02	1.648457e+00
3.592252e+01	1.310074e+01	7.887268e-02	1.781313e+00
4.131089e+01	1.361709e+01	7.002697e-02	1.940396e+00
4.750753e+01	1.412471e+01	6.133554e-02	2.129136e+00
5.463366e+01	1.453198e+01	5.503129e-02	2.351819e+00
6.282871e+01	1.488129e+01	4.846370e-02	2.613817e+00
7.225301e+01	1.518673e+01	4.319674e-02	2.921860e+00
8.309096e+01	1.532542e+01	3.837016e-02	3.284353e+00
9.555461e+01	1.545396e+01	3.414410e-02	3.711801e+00
1.098878e+02	1.556822e+01	3.052855e-02	4.216882e+00
1.263710e+02	1.559780e+01	2.683140e-02	4.817455e+00
1.453266e+02	1.556717e+01	2.383144e-02	5.527380e+00
1.671256e+02	1.504460e+01	2.144540e-02	6.423709e+00
1.921945e+02	1.466953e+01	1.922236e-02	7.548933e+00
2.210236e+02	1.420895e+01	1.666586e-02	8.882266e+00
2.541772e+02	1.365982e+01	1.483063e-02	1.049550e+01
2.923037e+02	1.309406e+01	1.304373e-02	1.244907e+01
3.361493e+02	1.250646e+01	1.171016e-02	1.482872e+01
3.865717e+02	1.191214e+01	1.046695e-02	1.774265e+01
4.445574e+02	1.133531e+01	9.037250e-03	2.132486e+01
5.112411e+02	1.074670e+01	8.046110e-03	2.574878e+01
5.879272e+02	1.015142e+01	7.053856e-03	3.123332e+01
6.761163e+02	9.550711e+00	6.248414e-03	3.805886e+01
7.775337e+02	8.951959e+00	5.477938e-03	4.658687e+01
8.941638e+02	8.360723e+00	4.835467e-03	5.727995e+01
1.028288e+03	7.783048e+00	4.326953e-03	7.073278e+01
1.182532e+03	7.219944e+00	3.780228e-03	8.771131e+01
1.359911e+03	6.674907e+00	3.347661e-03	1.092030e+02
1.563898e+03	6.151016e+00	2.944787e-03	1.364814e+02
1.798483e+03	5.650976e+00	2.660040e-03	1.711892e+02
2.068255e+03	5.175197e+00	2.332580e-03	2.154448e+02
2.378493e+03	4.726976e+00	2.014803e-03	2.719779e+02
2.735268e+03	4.307463e+00	1.789550e-03	3.443027e+02
3.145558e+03	3.917640e+00	1.563580e-03	4.369353e+02
3.617391e+03	3.557035e+00	1.409063e-03	5.556685e+02
4.160000e+03	3.225000e+00	1.231368e-03	7.079135e+02
4.784000e+03	2.921125e+00	1.063103e-03	9.031247e+02
5.501600e+03	2.644423e+00	9.412166e-04	1.153323e+03
6.326840e+03	2.393639e+00	8.174943e-04	1.473736e+03
7.275866e+03	2.167544e+00	7.178976e-04	1.883565e+03
8.367246e+03	1.964882e+00	6.298343e-04	2.406918e+03
9.622333e+03	1.783729e+00	5.539818e-04	3.073899e+03
