# Energy_MeV	dEdx_Elec_MeV_um	dEdx_Nucl_MeV_um	Range_um
1.000000e-05	3.738942e-03	9.508536e-02	3.578467e-03
1.150000e-05	4.061708e-03	1.039870e-01	3.837479e-03
1.322500e-05	4.407197e-03	1.138909e-01	4.115238e-03
1.520875e-05	4.777117e-03	1.243906e-01	4.413101e-03
1.749006e-05	5.173292e-03	1.359510e-01	4.732523e-03
2.011357e-05	5.597673e-03	1.481855e-01	5.075066e-03
2.313061e-05	6.052344e-03	1.609862e-01	5.442402e-03
2.660020e-05	6.539535e-03	1.753910e-01	5.836326e-03
3.059023e-05	7.061636e-03	1.904049e-01	6.258762e-03
3.517876e-05	7.621204e-03	2.066801e-01	6.711775e-03
4.045558e-05	8.220977e-03	2.228216e-01	7.197576e-03
4.652391e-05	8.863892e-03	2.413842e-01	7.718541e-03
5.350250e-05	9.553092e-03	2.616848e-01	8.277213e-03
6.152788e-05	1.029195e-02	2.817579e-01	8.876322e-03
7.075706e-05	1.108407e-02	3.038781e-01	9.518795e-03
8.137062e-05	1.193334e-02	3.251021e-01	1.020777e-02
9.357621e-05	1.284390e-02	3.495098e-01	1.094661e-02
1.076126e-04	1.382020e-02	3.757395e-01	1.173894e-02
1.237545e-04	1.486702e-02	4.012098e-01	1.258861e-02
1.423177e-04	1.598946e-02	4.292299e-01	1.349978e-02
1.636654e-04	1.719302e-02	4.570779e-01	1.447690e-02
1.882152e-04	1.848357e-02	4.859537e-01	1.552474e-02
2.164475e-04	1.986742e-02	5.152501e-01	1.664843e-02
2.489146e-04	2.135133e-02	5.446692e-01	1.785345e-02
2.862518e-04	2.294255e-02	5.764129e-01	1.914570e-02
3.291895e-04	2.464886e-02	6.071023e-01	2.053147e-02
3.785680e-04	2.647859e-02	6.355981e-01	2.201755e-02
4.353531e-04	2.844069e-02	6.649624e-01	2.361119e-02
5.006561e-04	3.054472e-02	6.987315e-01	2.532018e-02
5.757545e-04	3.280099e-02	7.277139e-01	2.715287e-02
6.621177e-04	3.522050e-02	7.580716e-01	2.911821e-02
7.614354e-04	3.781509e-02	7.838486e-01	3.122580e-02
8.756507e-04	4.059741e-02	8.097218e-01	3.348594e-02
1.006998e-03	4.358108e-02	8.394760e-01	3.590967e-02
1.158048e-03	4.678066e-02	8.628096e-01	3.850883e-02
1.331755e-03	5.021178e-02	8.870980e-01	4.129612e-02
1.531519e-03	5.389122e-02	9.080154e-01	4.428516e-02
1.761246e-03	5.783693e-02	9.286250e-01	4.749054e-02
2.025433e-03	6.206820e-02	9.463725e-01	5.092793e-02
2.329248e-03	6.660571e-02	9.607973e-01	5.461412e-02
2.678635e-03	7.147161e-02	9.763537e-01	5.856712e-02
3.080431e-03	7.668968e-02	9.882404e-01	6.280624e-02
3.542495e-03	8.228541e-02	9.989073e-01	6.735219e-02
4.073870e-03	8.828615e-02	1.005300e+00	7.220055e-02
4.684950e-03	9.472119e-02	1.012651e+00	7.744128e-02
5.387693e-03	1.016220e-01	1.018924e+00	8.306383e-02
6.195847e-03	1.090222e-01	1.020818e+00	8.907511e-02
7.125224e-03	1.169581e-01	1.021731e+00	9.552246e-02
8.194007e-03	1.254684e-01	1.018642e+00	1.024364e-01
9.423108e-03	1.345946e-01	1.015089e+00	1.098506e-01
1.083657e-02	1.443814e-01	1.009566e+00	1.178015e-01
1.246206e-02	1.548765e-01	1.000297e+00	1.263278e-01
1.433137e-02	1.661313e-01	9.891530e-01	1.354714e-01
1.648108e-02	1.782007e-01	9.750476e-01	1.452767e-01
1.895324e-02	1.911436e-01	9.585538e-01	1.557918e-01
2.179622e-02	2.050234e-01	9.395895e-01	1.670679e-01
2.506566e-02	2.199078e-01	9.180092e-01	1.791602e-01
2.882550e-02	2.358695e-01	8.938981e-01	1.921278e-01
3.314933e-02	2.529865e-01	8.677225e-01	2.060340e-01
3.812173e-02	2.713424e-01	8.410637e-01	2.209467e-01
4.383999e-02	2.910270e-01	8.117619e-01	2.369387e-01
5.041599e-02	3.121363e-01	7.780647e-01	2.540883e-01
5.797838e-02	3.347735e-01	7.462596e-01	2.724792e-01
6.667514e-02	3.590492e-01	7.112059e-01	2.922013e-01
7.667641e-02	3.850820e-01	6.793468e-01	3.133508e-01
8.817787e-02	4.129991e-01	6.453865e-01	3.360311e-01
1.014046e-01	4.429368e-01	6.063320e-01	3.603531e-01
1.166152e-01	4.750414e-01	5.730057e-01	3.864356e-01
1.341075e-01	5.094697e-01	5.365232e-01	4.144059e-01
1.542237e-01	5.463900e-01	5.032318e-01	4.444005e-01
1.773572e-01	5.859826e-01	4.688608e-01	4.765662e-01
2.039608e-01	6.284409e-01	4.362345e-01	5.110603e-01
2.345549e-01	6.739724e-01	4.074787e-01	5.480511e-01
2.697381e-01	7.227995e-01	3.753236e-01	5.877191e-01
3.101989e-01	7.751607e-01	3.474672e-01	6.302582e-01
3.567287e-01	8.313118e-01	3.200619e-01	6.758764e-01
4.102380e-01	8.915272e-01	2.977083e-01	7.247968e-01
4.717737e-01	9.561009e-01	2.720016e-01	7.772579e-01
5.425397e-01	1.025349e+00	2.485967e-01	8.335160e-01
6.239207e-01	1.099608e+00	2.336705e-01	8.938460e-01
7.175088e-01	1.179243e+00	2.165054e-01	9.585429e-01
8.251351e-01	1.264635e+00	1.967656e-01	1.015612e+00
9.489054e-01	1.356177e+00	1.740647e-01	1.027096e+00
1.091241e+00	1.474754e+00	1.536736e-01	1.044274e+00
1.254927e+00	1.620686e+00	1.395832e-01	1.063968e+00
1.443166e+00	1.779764e+00	1.253159e-01	1.080344e+00
1.659641e+00	1.958909e+00	1.129888e-01	1.093461e+00
1.908588e+00	2.158041e+00	1.018625e-01	1.104893e+00
2.194876e+00	2.374320e+00	9.193530e-02	1.115759e+00
2.524107e+00	2.615873e+00	8.290846e-02	1.126597e+00
2.902723e+00	2.868216e+00	7.396811e-02	1.138178e+00
3.338132e+00	3.144110e+00	6.623052e-02	1.151432e+00
3.838852e+00	3.441033e+00	6.030081e-02	1.167483e+00
4.414679e+00	3.739440e+00	5.437244e-02	1.187683e+00
5.076881e+00	4.060469e+00	4.755481e-02	1.213634e+00
5.838413e+00	4.365869e+00	4.286072e-02	1.247231e+00
6.714175e+00	4.675983e+00	3.792158e-02	1.290671e+00
7.721302e+00	4.986556e+00	3.441758e-02	1.346464e+00
8.879497e+00	5.257442e+00	3.089373e-02	1.417441e+00
1.021142e+01	5.527506e+00	2.684131e-02	1.506747e+00
1.174313e+01	5.731349e+00	2.417021e-02	1.617856e+00
1.350460e+01	5.896722e+00	2.128209e-02	1.754613e+00
1.553030e+01	6.025861e+00	1.902546e-02	1.921329e+00
1.785984e+01	6.088865e+00	1.681954e-02	2.122947e+00
2.053882e+01	6.130416e+00	1.489640e-02	2.365295e+00
2.361964e+01	6.112487e+00	1.342812e-02	2.655410e+00
2.716258e+01	6.057169e+00	1.177175e-02	3.001962e+00
3.123697e+01	5.969421e+00	1.051196e-02	3.415759e+00
3.592252e+01	5.844773e+00	9.331708e-03	3.910375e+00
4.131089e+01	5.702231e+00	8.446120e-03	4.502932e+00
4.750753e+01	5.542768e+00	7.427695e-03	5.215014e+00
5.463366e+01	5.369961e+00	6.489546e-03	6.074169e+00
6.282871e+01	5.177332e+00	5.777703e-03	7.114504e+00
7.225301e+01	4.978965e+00	5.099790e-03	8.379971e+00
8.309096e+01	5.061254e+00	4.604533e-03	9.935914e+00
9.555461e+01	4.805046e+00	4.034987e-03	1.196770e+01
1.098878e+02	4.529785e+00	3.524099e-03	1.449334e+01
1.263710e+02	4.246572e+00	3.128817e-03	1.761070e+01
1.453266e+02	3.961576e+00	2.743501e-03	2.148133e+01
1.671256e+02	3.683507e+00	2.417926e-03	2.631369e+01
1.921945e+02	3.411138e+00	2.138537e-03	3.237175e+01
2.210236e+02	3.150439e+00	1.897055e-03	3.999780e+01
2.541772e+02	2.901817e+00	1.679258e-03	4.963054e+01
2.923037e+02	2.663394e+00	1.471259e-03	6.184083e+01
3.361493e+02	2.436800e+00	1.292991e-03	7.736069e+01
3.865717e+02	2.221913e+00	1.164981e-03	9.714285e+01
4.445574e+02	2.020194e+00	1.034532e-03	1.224213e+02
5.112411e+02	1.832030e+00	8.845154e-04	1.547899e+02
5.879272e+02	1.657531e+00	7.893607e-04	1.963104e+02
6.761163e+02	1.496397e+00	6.861667e-04	2.496483e+02
7.775337e+02	1.348377e+00	6.177220e-04	3.182460e+02
8.941638e+02	1.213104e+00	5.469340e-04	4.065441e+02
1.028288e+03	1.089989e+00	4.655279e-04	5.202628e+02
1.182532e+03	9.783711e-01	4.157346e-04	6.667606e+02
1.359911e+03	8.775367e-01	3.598957e-04	8.554874e+02
1.563898e+03	7.866803e-01	3.182000e-04	1.098557e+03
1.798483e+03	7.050611e-01	2.774829e-04	1.411471e+03
2.068255e+03	6.321149e-01	2.422314e-04	1.814020e+03
2.378493e+03	5.670900e-01	2.161315e-04	2.331414e+03
2.735268e+03	5.090324e-01	1.861166e-04	2.995688e+03
3.145558e+03	4.573556e-01	1.644959e-04	3.847422e+03
3.617391e+03	4.115771e-01	1.444010e-04	4.937857e+03
4.160000e+03	3.709998e-01	1.292101e-04	6.331447e+03
4.784000e+03	3.350276e-01	1.117407e-04	8.108918e+03
5.501600e+03	3.032641e-01	9.628449e-05	1.037089e+04
6.326840e+03	2.752654e-01	8.446205e-05	1.324207e+04
7.275866e+03	2.505720e-01	0.000000e+00	1.687611e+04
8.367246e+03	2.288307e-01	0.000000e+00	2.146115e+04
9.622333e+03	2.096750e-01	0.000000e+00	2.722763e+04
