# Energy_MeV	dEdx_Elec_MeV_um	dEdx_Nucl_MeV_um	Range_um
1.000000e-05	1.013236e-02	6.928142e-02	1.973874e-03
1.150000e-05	1.086574e-02	7.694880e-02	2.116744e-03
1.322500e-05	1.165221e-02	8.521210e-02	2.269955e-03
1.520875e-05	1.249561e-02	9.447634e-02	2.434256e-03
1.749006e-05	1.340004e-02	1.045452e-01	2.610449e-03
2.011357e-05	1.436995e-02	1.156451e-01	2.799394e-03
2.313061e-05	1.541005e-02	1.277881e-01	3.002016e-03
2.660020e-05	1.652544e-02	1.411020e-01	3.219303e-03
3.059023e-05	1.772156e-02	1.559477e-01	3.452318e-03
3.517876e-05	1.900425e-02	1.720719e-01	3.702199e-03
4.045558e-05	2.037979e-02	1.890564e-01	3.970166e-03
4.652391e-05	2.185489e-02	2.080265e-01	4.257529e-03
5.350250e-05	2.343676e-02	2.298421e-01	4.565691e-03
6.152788e-05	2.513313e-02	2.523422e-01	4.896158e-03
7.075706e-05	2.695227e-02	2.777167e-01	5.250544e-03
8.137062e-05	2.890309e-02	3.038173e-01	5.630582e-03
9.357621e-05	3.099512e-02	3.329487e-01	6.038126e-03
1.076126e-04	3.323856e-02	3.664498e-01	6.475169e-03
1.237545e-04	3.564438e-02	4.003489e-01	6.943845e-03
1.423177e-04	3.822434e-02	4.387050e-01	7.446444e-03
1.636654e-04	4.099104e-02	4.788369e-01	7.985422e-03
1.882152e-04	4.395799e-02	5.231119e-01	8.563411e-03
2.164475e-04	4.713970e-02	5.704941e-01	9.183235e-03
2.489146e-04	5.055169e-02	6.194076e-01	9.847922e-03
2.862518e-04	5.421065e-02	6.751955e-01	1.056072e-02
3.291895e-04	5.813445e-02	7.324664e-01	1.132511e-02
3.785680e-04	6.234225e-02	7.942370e-01	1.214483e-02
4.353531e-04	6.685461e-02	8.567504e-01	1.302388e-02
5.006561e-04	7.169359e-02	9.286407e-01	1.396655e-02
5.757545e-04	3.852337e-02	1.005459e+00	1.497746e-02
6.621177e-04	4.141133e-02	1.083199e+00	1.606154e-02
7.614354e-04	4.450810e-02	1.166705e+00	1.722408e-02
8.756507e-04	4.782880e-02	1.248903e+00	1.847077e-02
1.006998e-03	5.138965e-02	1.343430e+00	1.980769e-02
1.158048e-03	5.520806e-02	1.442286e+00	2.124138e-02
1.331755e-03	5.930267e-02	1.540929e+00	2.277884e-02
1.531519e-03	6.369350e-02	1.647090e+00	2.442759e-02
1.761246e-03	6.840199e-02	1.754941e+00	2.619567e-02
2.025433e-03	7.345115e-02	1.864668e+00	2.809173e-02
2.329248e-03	7.886564e-02	1.975502e+00	3.012502e-02
2.678635e-03	8.467192e-02	2.089438e+00	3.230548e-02
3.080431e-03	9.089835e-02	2.209077e+00	3.464377e-02
3.542495e-03	9.757535e-02	2.327932e+00	3.715131e-02
4.073870e-03	1.047355e-01	2.434033e+00	3.984034e-02
4.684950e-03	1.124139e-01	2.547757e+00	4.272400e-02
5.387693e-03	1.206479e-01	2.678539e+00	4.581639e-02
6.195847e-03	1.294779e-01	2.785430e+00	4.913260e-02
7.125224e-03	1.389469e-01	2.903001e+00	5.268885e-02
8.194007e-03	1.491012e-01	2.997444e+00	5.650250e-02
9.423108e-03	1.599904e-01	3.097647e+00	6.059218e-02
1.083657e-02	1.716677e-01	3.212880e+00	6.494670e-02
1.246206e-02	1.841902e-01	3.297642e+00	6.966983e-02
1.433137e-02	1.976190e-01	3.391707e+00	7.472661e-02
1.648108e-02	2.120198e-01	3.468811e+00	8.013497e-02
1.895324e-02	2.274628e-01	3.545683e+00	8.593502e-02
2.179622e-02	2.440236e-01	3.614416e+00	9.215500e-02
2.506566e-02	2.617830e-01	3.667352e+00	9.882507e-02
2.882550e-02	2.808279e-01	3.727600e+00	1.059779e-01
3.314933e-02	3.012511e-01	3.770470e+00	1.136485e-01
3.812173e-02	3.231526e-01	3.808734e+00	1.218744e-01
4.383999e-02	3.466393e-01	3.833490e+00	1.306956e-01
5.041599e-02	3.718260e-01	3.861960e+00	1.401552e-01
5.797838e-02	3.988356e-01	3.883125e+00	1.502996e-01
6.667514e-02	4.278002e-01	3.890460e+00	1.611782e-01
7.667641e-02	4.588613e-01	3.891739e+00	1.728443e-01
8.817787e-02	4.921705e-01	3.879776e+00	1.853547e-01
1.014046e-01	5.278907e-01	3.866018e+00	1.987706e-01
1.166152e-01	5.661963e-01	3.842810e+00	2.131576e-01
1.341075e-01	6.072745e-01	3.806912e+00	2.285859e-01
1.542237e-01	6.513259e-01	3.763011e+00	2.451310e-01
1.773572e-01	6.985657e-01	3.708383e+00	2.628736e-01
2.039608e-01	7.492248e-01	3.644337e+00	2.819003e-01
2.345549e-01	8.035506e-01	3.571042e+00	3.023043e-01
2.697381e-01	8.618086e-01	3.487465e+00	3.241851e-01
3.101989e-01	9.242832e-01	3.395029e+00	3.476498e-01
3.567287e-01	9.912798e-01	3.293655e+00	3.728127e-01
4.102380e-01	1.063126e+00	3.192413e+00	3.997968e-01
4.717737e-01	1.140172e+00	3.078931e+00	4.287342e-01
5.425397e-01	1.222794e+00	2.948427e+00	4.597662e-01
6.239207e-01	1.311397e+00	2.828787e+00	4.930442e-01
7.175088e-01	1.406414e+00	2.693029e+00	5.287308e-01
8.251351e-01	1.508307e+00	2.574290e+00	5.670003e-01
9.489054e-01	1.617575e+00	2.442766e+00	6.080400e-01
1.091241e+00	1.734753e+00	2.291515e+00	6.520503e-01
1.254927e+00	1.860412e+00	2.168053e+00	6.992459e-01
1.443166e+00	1.995166e+00	2.026762e+00	7.498574e-01
1.659641e+00	2.139673e+00	1.902341e+00	8.041322e-01
1.908588e+00	2.294640e+00	1.772847e+00	8.623358e-01
2.194876e+00	2.460824e+00	1.647452e+00	9.247523e-01
2.524107e+00	2.639036e+00	1.539164e+00	9.916856e-01
2.902723e+00	2.870982e+00	1.414632e+00	1.063465e+00
3.338132e+00	3.147356e+00	1.311260e+00	1.140439e+00
3.838852e+00	3.452476e+00	1.210177e+00	1.222965e+00
4.414679e+00	3.792820e+00	1.123605e+00	1.311646e+00
5.076881e+00	4.171855e+00	1.024047e+00	1.408993e+00
5.838413e+00	4.581163e+00	9.409793e-01	1.517075e+00
6.714175e+00	5.038935e+00	8.831725e-01	1.637790e+00
7.721302e+00	5.531402e+00	8.166947e-01	1.773653e+00
8.879497e+00	6.065736e+00	7.402451e-01	1.927943e+00
1.021142e+01	6.650503e+00	6.523282e-01	1.923106e+00
1.174313e+01	7.229416e+00	5.796493e-01	1.817560e+00
1.350460e+01	7.875261e+00	5.250796e-01	1.730351e+00
1.553030e+01	8.592684e+00	4.723363e-01	1.661344e+00
1.785984e+01	9.345892e+00	4.245951e-01	1.610525e+00
2.053882e+01	1.015973e+01	3.832554e-01	1.578002e+00
2.361964e+01	1.100125e+01	3.465262e-01	1.563979e+00
2.716258e+01	1.194956e+01	3.115666e-01	1.568701e+00
3.123697e+01	1.300543e+01	2.786053e-01	1.592558e+00
3.592252e+01	1.416381e+01	2.486388e-01	1.635981e+00
4.131089e+01	1.546248e+01	2.272850e-01	1.699541e+00
4.750753e+01	1.666455e+01	2.043253e-01	1.784038e+00
5.463366e+01	1.790727e+01	1.779217e-01	1.890610e+00
6.282871e+01	1.906893e+01	1.612472e-01	2.020866e+00
7.225301e+01	2.012928e+01	1.421187e-01	2.177017e+00
8.309096e+01	2.120332e+01	1.296678e-01	2.362020e+00
9.555461e+01	2.203723e+01	1.160205e-01	2.579697e+00
1.098878e+02	2.279746e+01	1.006147e-01	2.834977e+00
1.263710e+02	2.337375e+01	9.088835e-02	3.133979e+00
1.453266e+02	2.395675e+01	7.970309e-02	3.484451e+00
1.671256e+02	2.455701e+01	7.148406e-02	3.895736e+00
1.921945e+02	2.490383e+01	6.328346e-02	4.378339e+00
2.210236e+02	2.504652e+01	5.605086e-02	4.956959e+00
2.541772e+02	2.503855e+01	5.047273e-02	5.699721e+00
2.923037e+02	2.479163e+01	4.410764e-02	6.578150e+00
3.361493e+02	2.434953e+01	3.947925e-02	7.619277e+00
3.865717e+02	2.376656e+01	3.518624e-02	8.856644e+00
4.445574e+02	2.313265e+01	3.175650e-02	1.033766e+01
5.112411e+02	2.244232e+01	2.781229e-02	1.211843e+01
5.879272e+02	2.174752e+01	2.442949e-02	1.426929e+01
6.761163e+02	2.104952e+01	2.167263e-02	1.687795e+01
7.775337e+02	2.029363e+01	1.922462e-02	2.005550e+01
8.941638e+02	1.949167e+01	1.730656e-02	2.394016e+01
1.028288e+03	1.864694e+01	1.510080e-02	2.870873e+01
1.182532e+03	1.777470e+01	1.326261e-02	3.458520e+01
1.359911e+03	1.688588e+01	1.173174e-02	4.185357e+01
1.563898e+03	1.598714e+01	1.031745e-02	5.087578e+01
1.798483e+03	1.508075e+01	9.056548e-03	6.211409e+01
2.068255e+03	1.417566e+01	8.025443e-03	7.615980e+01
2.378493e+03	1.327729e+01	7.137293e-03	9.377025e+01
2.735268e+03	1.238852e+01	6.293795e-03	1.159166e+02
3.145558e+03	1.152163e+01	5.531415e-03	1.438449e+02
3.617391e+03	1.068487e+01	4.841009e-03	1.791545e+02
4.160000e+03	9.881531e+00	4.384388e-03	2.238978e+02
4.784000e+03	9.114030e+00	3.879178e-03	2.807069e+02
5.501600e+03	8.385729e+00	3.312091e-03	3.529532e+02
6.326840e+03	7.700720e+00	2.964565e-03	4.449476e+02
7.275866e+03	7.059038e+00	2.564911e-03	5.621892e+02
8.367246e+03	6.461437e+00	2.324111e-03	7.116726e+02
9.622333e+03	5.908264e+00	2.049960e-03	9.022619e+02
