# Energy_MeV	dEdx_Elec_MeV_um	dEdx_Nucl_MeV_um	Range_um
1.000000e-05	8.829579e-03	7.497573e-02	2.265114e-03
1.150000e-05	9.468668e-03	8.304331e-02	2.429064e-03
1.322500e-05	1.015402e-02	9.183931e-02	2.604881e-03
1.520875e-05	1.088897e-02	1.013256e-01	2.793424e-03
1.749006e-05	1.167712e-02	1.120545e-01	2.995613e-03
2.011357e-05	1.252231e-02	1.236191e-01	3.212437e-03
2.313061e-05	1.342869e-02	1.364087e-01	3.444955e-03
2.660020e-05	1.440066e-02	1.497015e-01	3.694303e-03
3.059023e-05	1.544299e-02	1.649883e-01	3.961698e-03
3.517876e-05	1.656076e-02	1.820482e-01	4.248448e-03
4.045558e-05	8.940868e-03	1.998287e-01	4.555953e-03
4.652391e-05	9.678579e-03	2.197784e-01	4.885715e-03
5.350250e-05	1.046888e-02	2.401915e-01	5.239346e-03
6.152788e-05	1.131564e-02	2.636666e-01	5.618572e-03
7.075706e-05	1.222301e-02	2.896215e-01	6.025248e-03
8.137062e-05	1.319545e-02	3.164986e-01	6.461358e-03
9.357621e-05	1.423772e-02	3.466536e-01	6.929035e-03
1.076126e-04	1.535491e-02	3.783781e-01	7.430562e-03
1.237545e-04	1.655250e-02	4.127786e-01	7.968390e-03
1.423177e-04	1.783634e-02	4.495827e-01	8.545146e-03
1.636654e-04	1.921270e-02	4.886746e-01	9.163649e-03
1.882152e-04	2.068832e-02	5.321522e-01	9.826918e-03
2.164475e-04	2.227042e-02	5.775288e-01	1.053820e-02
2.489146e-04	2.396671e-02	6.240613e-01	1.130096e-02
2.862518e-04	2.578550e-02	6.744367e-01	1.211893e-02
3.291895e-04	2.773567e-02	7.323684e-01	1.299610e-02
3.785680e-04	2.982675e-02	7.896319e-01	1.393676e-02
4.353531e-04	3.206895e-02	8.522775e-01	1.494551e-02
5.006561e-04	3.447324e-02	9.140080e-01	1.602728e-02
5.757545e-04	3.705136e-02	9.802456e-01	1.718734e-02
6.621177e-04	3.981591e-02	1.056419e+00	1.843137e-02
7.614354e-04	4.278039e-02	1.129063e+00	1.976544e-02
8.756507e-04	4.595929e-02	1.208553e+00	2.119608e-02
1.006998e-03	4.936813e-02	1.288037e+00	2.273026e-02
1.158048e-03	5.302358e-02	1.372969e+00	2.437549e-02
1.331755e-03	5.694349e-02	1.457954e+00	2.613980e-02
1.531519e-03	6.114701e-02	1.540511e+00	2.803181e-02
1.761246e-03	6.565467e-02	1.632324e+00	3.006077e-02
2.025433e-03	7.048851e-02	1.720243e+00	3.223658e-02
2.329248e-03	7.567213e-02	1.810872e+00	3.456988e-02
2.678635e-03	8.123085e-02	1.890561e+00	3.707207e-02
3.080431e-03	8.719184e-02	1.982204e+00	3.975537e-02
3.542495e-03	9.358422e-02	2.077569e+00	4.263288e-02
4.073870e-03	1.004392e-01	2.159954e+00	4.571867e-02
4.684950e-03	1.077903e-01	2.246726e+00	4.902781e-02
5.387693e-03	1.156734e-01	2.316941e+00	5.257647e-02
6.195847e-03	1.241271e-01	2.397688e+00	5.638198e-02
7.125224e-03	1.331925e-01	2.478512e+00	6.046294e-02
8.194007e-03	1.429141e-01	2.544426e+00	6.483928e-02
9.423108e-03	1.533393e-01	2.613385e+00	6.949647e-02
1.083657e-02	1.645191e-01	2.672311e+00	7.455617e-02
1.246206e-02	1.765079e-01	2.726677e+00	7.996423e-02
1.433137e-02	1.893646e-01	2.774967e+00	8.575200e-02
1.648108e-02	2.031517e-01	2.817185e+00	9.195848e-02
1.895324e-02	2.179368e-01	2.859323e+00	9.861444e-02
2.179622e-02	2.337919e-01	2.892137e+00	1.057520e-01
2.506566e-02	2.507947e-01	2.915131e+00	1.134062e-01
2.882550e-02	2.690281e-01	2.935081e+00	1.216145e-01
3.314933e-02	2.885812e-01	2.958022e+00	1.304169e-01
3.812173e-02	3.095495e-01	2.967021e+00	1.398564e-01
4.383999e-02	3.320355e-01	2.972932e+00	1.499791e-01
5.041599e-02	3.561491e-01	2.968158e+00	1.608345e-01
5.797838e-02	3.820080e-01	2.958518e+00	1.724757e-01
6.667514e-02	4.097386e-01	2.947431e+00	1.849595e-01
7.667641e-02	4.394763e-01	2.924051e+00	1.983468e-01
8.817787e-02	4.713664e-01	2.895123e+00	2.127031e-01
1.014046e-01	5.055647e-01	2.857841e+00	2.280985e-01
1.166152e-01	5.422383e-01	2.813605e+00	2.446083e-01
1.341075e-01	5.815663e-01	2.761776e+00	2.623131e-01
1.542237e-01	6.237409e-01	2.703102e+00	2.812992e-01
1.773572e-01	6.689682e-01	2.635753e+00	3.016596e-01
2.039608e-01	7.174690e-01	2.563691e+00	3.234938e-01
2.345549e-01	7.694803e-01	2.485090e+00	3.469084e-01
2.697381e-01	8.252561e-01	2.405570e+00	3.720176e-01
3.101989e-01	8.850691e-01	2.314123e+00	3.989442e-01
3.567287e-01	9.492114e-01	2.216773e+00	4.278198e-01
4.102380e-01	1.017996e+00	2.121644e+00	4.587856e-01
4.717737e-01	1.091760e+00	2.020679e+00	4.919927e-01
5.425397e-01	1.170862e+00	1.928517e+00	5.276032e-01
6.239207e-01	1.255691e+00	1.822531e+00	5.657911e-01
7.175088e-01	1.346659e+00	1.714589e+00	6.067432e-01
8.251351e-01	1.444211e+00	1.615582e+00	6.506597e-01
9.489054e-01	1.548824e+00	1.511150e+00	6.977547e-01
1.091241e+00	1.661009e+00	1.413071e+00	7.482583e-01
1.254927e+00	1.781314e+00	1.318033e+00	8.024173e-01
1.443166e+00	1.910327e+00	1.227382e+00	8.604966e-01
1.659641e+00	2.048678e+00	1.140119e+00	9.227799e-01
1.908588e+00	2.197043e+00	1.050437e+00	9.895712e-01
2.194876e+00	2.356147e+00	9.680757e-01	1.061196e+00
2.524107e+00	2.567901e+00	8.996235e-01	1.138006e+00
2.902723e+00	2.813744e+00	8.298606e-01	1.220381e+00
3.338132e+00	3.085453e+00	7.496332e-01	1.308671e+00
3.838852e+00	3.384366e+00	7.021870e-01	1.403691e+00
4.414679e+00	3.717742e+00	6.556042e-01	1.508230e+00
5.076881e+00	4.070456e+00	6.020341e-01	1.624337e+00
5.838413e+00	4.463693e+00	5.404285e-01	1.700551e+00
6.714175e+00	4.889163e+00	4.695820e-01	1.637057e+00
7.721302e+00	5.347872e+00	4.272066e-01	1.579597e+00
8.879497e+00	5.857129e+00	3.832325e-01	1.529348e+00
1.021142e+01	6.359123e+00	3.471930e-01	1.487483e+00
1.174313e+01	6.929092e+00	3.115324e-01	1.455192e+00
1.350460e+01	7.570729e+00	2.799134e-01	1.433712e+00
1.553030e+01	8.255886e+00	2.547341e-01	1.424288e+00
1.785984e+01	9.017770e+00	2.265625e-01	1.428300e+00
2.053882e+01	9.858177e+00	2.042808e-01	1.447106e+00
2.361964e+01	1.076576e+01	1.831590e-01	1.482092e+00
2.716258e+01	1.171707e+01	1.670706e-01	1.534662e+00
3.123697e+01	1.265820e+01	1.485689e-01	1.606269e+00
3.592252e+01	1.365235e+01	1.311314e-01	1.698478e+00
4.131089e+01	1.448771e+01	1.177276e-01	1.813078e+00
4.750753e+01	1.529222e+01	1.047234e-01	1.952219e+00
5.463366e+01	1.602429e+01	9.516034e-02	2.118560e+00
6.282871e+01	1.663075e+01	8.416286e-02	2.315507e+00
7.225301e+01	1.722507e+01	7.408223e-02	2.547346e+00
8.309096e+01	1.766388e+01	6.624444e-02	2.819500e+00
9.555461e+01	1.800813e+01	5.849533e-02	3.138773e+00
1.098878e+02	1.824684e+01	5.194715e-02	3.513604e+00
1.263710e+02	1.846651e+01	4.622032e-02	3.954578e+00
1.453266e+02	1.866072e+01	4.122502e-02	4.474940e+00
1.671256e+02	1.870211e+01	3.672997e-02	5.087972e+00
1.921945e+02	1.873698e+01	3.237354e-02	5.833155e+00
2.210236e+02	1.848724e+01	2.864382e-02	6.789336e+00
2.541772e+02	1.808864e+01	2.589953e-02	7.921883e+00
2.923037e+02	1.756780e+01	2.313572e-02	9.279900e+00
3.361493e+02	1.697692e+01	1.995734e-02	1.090889e+01
3.865717e+02	1.635735e+01	1.787591e-02	1.287723e+01
4.445574e+02	1.570991e+01	1.565434e-02	1.526704e+01
5.112411e+02	1.507027e+01	1.413821e-02	1.818128e+01
5.879272e+02	1.442308e+01	1.259257e-02	2.175054e+01
6.761163e+02	1.375155e+01	1.081509e-02	2.614069e+01
7.775337e+02	1.306139e+01	9.695079e-03	3.156072e+01
8.941638e+02	1.235673e+01	8.461454e-03	3.827958e+01
1.028288e+03	1.164762e+01	7.522415e-03	4.664039e+01
1.182532e+03	1.094174e+01	6.605223e-03	5.708156e+01
1.359911e+03	1.024300e+01	5.806468e-03	7.016559e+01
1.563898e+03	9.554504e+00	5.211880e-03	8.661517e+01
1.798483e+03	8.881686e+00	4.532160e-03	1.073598e+02
2.068255e+03	8.228518e+00	4.028872e-03	1.335959e+02
2.378493e+03	7.596039e+00	3.559283e-03	1.668638e+02
2.735268e+03	6.991219e+00	3.205269e-03	2.091472e+02
3.145558e+03	6.417602e+00	2.798154e-03	2.629986e+02
3.617391e+03	5.877584e+00	2.430971e-03	3.317004e+02
4.160000e+03	5.371269e+00	2.150923e-03	4.194669e+02
4.784000e+03	4.897338e+00	1.889390e-03	5.316984e+02
5.501600e+03	4.457868e+00	1.697286e-03	6.752985e+02
6.326840e+03	4.054256e+00	1.476365e-03	8.590658e+02
7.275866e+03	3.684402e+00	1.282267e-03	1.094176e+03
8.367246e+03	3.346440e+00	1.130731e-03	1.394764e+03
9.622333e+03	3.040996e+00	9.852022e-04	1.778630e+03
