# Energy_MeV	dEdx_Elec_MeV_um	dEdx_Nucl_MeV_um	Range_um
1.000000e-05	9.821827e-03	6.108254e-02	2.036281e-03
1.150000e-05	1.053274e-02	6.757615e-02	2.183668e-03
1.322500e-05	1.129510e-02	7.498311e-02	2.341723e-03
1.520875e-05	1.211265e-02	8.348587e-02	2.511218e-03
1.749006e-05	1.298937e-02	9.232690e-02	2.692982e-03
2.011357e-05	1.392954e-02	1.024941e-01	2.887901e-03
2.313061e-05	1.493777e-02	1.133023e-01	3.096929e-03
2.660020e-05	1.601898e-02	1.254223e-01	3.321086e-03
3.059023e-05	1.717844e-02	1.387884e-01	3.561468e-03
3.517876e-05	1.842182e-02	1.530332e-01	3.819249e-03
4.045558e-05	1.975520e-02	1.694146e-01	4.095688e-03
4.652391e-05	2.118510e-02	1.866672e-01	4.392136e-03
5.350250e-05	2.271848e-02	2.055876e-01	4.710042e-03
6.152788e-05	2.436286e-02	2.258840e-01	5.050957e-03
7.075706e-05	2.612626e-02	2.492248e-01	5.416548e-03
8.137062e-05	2.801729e-02	2.743879e-01	5.808600e-03
9.357621e-05	3.004519e-02	3.015364e-01	6.229030e-03
1.076126e-04	3.221988e-02	3.308609e-01	6.679890e-03
1.237545e-04	3.455197e-02	3.620290e-01	7.163384e-03
1.423177e-04	3.705286e-02	3.978724e-01	7.681874e-03
1.636654e-04	3.973477e-02	4.359960e-01	8.237892e-03
1.882152e-04	4.261079e-02	4.770338e-01	8.834155e-03
2.164475e-04	4.569499e-02	5.216850e-01	9.473576e-03
2.489146e-04	4.900241e-02	5.701242e-01	1.015928e-02
2.862518e-04	5.254923e-02	6.213502e-01	1.089461e-02
3.291895e-04	2.822589e-02	6.758145e-01	1.168317e-02
3.785680e-04	3.036436e-02	7.355028e-01	1.252880e-02
4.353531e-04	3.265733e-02	7.995975e-01	1.343565e-02
5.006561e-04	3.511599e-02	8.688816e-01	1.440812e-02
5.757545e-04	3.775237e-02	9.366323e-01	1.545099e-02
6.621177e-04	4.057934e-02	1.013549e+00	1.656934e-02
7.614354e-04	4.361072e-02	1.101545e+00	1.776864e-02
8.756507e-04	4.686131e-02	1.184721e+00	1.905475e-02
1.006998e-03	5.034700e-02	1.280372e+00	2.043394e-02
1.158048e-03	5.408482e-02	1.368972e+00	2.191296e-02
1.331755e-03	5.809303e-02	1.470109e+00	2.349903e-02
1.531519e-03	6.239120e-02	1.584661e+00	2.519990e-02
1.761246e-03	6.700035e-02	1.690200e+00	2.702388e-02
2.025433e-03	7.194299e-02	1.811374e+00	2.897989e-02
2.329248e-03	7.724326e-02	1.926766e+00	3.107746e-02
2.678635e-03	8.292705e-02	2.050943e+00	3.332687e-02
3.080431e-03	8.902215e-02	2.177985e+00	3.573908e-02
3.542495e-03	9.555831e-02	2.299887e+00	3.832590e-02
4.073870e-03	1.025675e-01	2.438518e+00	4.109995e-02
4.684950e-03	1.100839e-01	2.565683e+00	4.407478e-02
5.387693e-03	1.181443e-01	2.692921e+00	4.726494e-02
6.195847e-03	1.267880e-01	2.814596e+00	5.068600e-02
7.125224e-03	1.360573e-01	2.954522e+00	5.435468e-02
8.194007e-03	1.459975e-01	3.086129e+00	5.828890e-02
9.423108e-03	1.566571e-01	3.211920e+00	6.250788e-02
1.083657e-02	1.680881e-01	3.330318e+00	6.703224e-02
1.246206e-02	1.803465e-01	3.437527e+00	7.188406e-02
1.433137e-02	1.934922e-01	3.560817e+00	7.706910e-02
1.648108e-02	2.075892e-01	3.669562e+00	8.266911e-02
1.895324e-02	2.227066e-01	3.770203e+00	8.865155e-02
2.179622e-02	2.389182e-01	3.865279e+00	9.506903e-02
2.506566e-02	2.563031e-01	3.955250e+00	1.019497e-01
2.882550e-02	2.749463e-01	4.030553e+00	1.093288e-01
3.314933e-02	2.949389e-01	4.096625e+00	1.172419e-01
3.812173e-02	3.163786e-01	4.161085e+00	1.257278e-01
4.383999e-02	3.393700e-01	4.217146e+00	1.348279e-01
5.041599e-02	3.640256e-01	4.267248e+00	1.445867e-01
5.797838e-02	3.904657e-01	4.294387e+00	1.550517e-01
6.667514e-02	4.188195e-01	4.324847e+00	1.662743e-01
7.667641e-02	4.492256e-01	4.357578e+00	1.783092e-01
8.817787e-02	4.818325e-01	4.365426e+00	1.912152e-01
1.014046e-01	5.167994e-01	4.374060e+00	2.050552e-01
1.166152e-01	5.542973e-01	4.361261e+00	2.198971e-01
1.341075e-01	5.945093e-01	4.346541e+00	2.358132e-01
1.542237e-01	6.376318e-01	4.327566e+00	2.528814e-01
1.773572e-01	6.838755e-01	4.289159e+00	2.711849e-01
2.039608e-01	7.334664e-01	4.244575e+00	2.908132e-01
2.345549e-01	7.866467e-01	4.186127e+00	3.118623e-01
2.697381e-01	8.436761e-01	4.118145e+00	3.344350e-01
3.101989e-01	9.048334e-01	4.039238e+00	3.586414e-01
3.567287e-01	9.704173e-01	3.949818e+00	3.845998e-01
4.102380e-01	1.040748e+00	3.847883e+00	4.124371e-01
4.717737e-01	1.116170e+00	3.739421e+00	4.422895e-01
5.425397e-01	1.197050e+00	3.624648e+00	4.743026e-01
6.239207e-01	1.283785e+00	3.503232e+00	5.086327e-01
7.175088e-01	1.376797e+00	3.363604e+00	5.454475e-01
8.251351e-01	1.476542e+00	3.224211e+00	5.849270e-01
9.489054e-01	1.583507e+00	3.078961e+00	6.272644e-01
1.091241e+00	1.698213e+00	2.936955e+00	6.726661e-01
1.254927e+00	1.821222e+00	2.796236e+00	7.213538e-01
1.443166e+00	1.953135e+00	2.634409e+00	7.735654e-01
1.659641e+00	2.094595e+00	2.484259e+00	8.295563e-01
1.908588e+00	2.246294e+00	2.333089e+00	8.896001e-01
2.194876e+00	2.408974e+00	2.185437e+00	9.539898e-01
2.524107e+00	2.583428e+00	2.035683e+00	1.023040e+00
2.902723e+00	2.770510e+00	1.900041e+00	1.097087e+00
3.338132e+00	2.979516e+00	1.772196e+00	1.176496e+00
3.838852e+00	3.252180e+00	1.638958e+00	1.261647e+00
4.414679e+00	3.557000e+00	1.513827e+00	1.352989e+00
5.076881e+00	3.899624e+00	1.389399e+00	1.450827e+00
5.838413e+00	4.269209e+00	1.296773e+00	1.556755e+00
6.714175e+00	4.682782e+00	1.190255e+00	1.673902e+00
7.721302e+00	5.131130e+00	1.076978e+00	1.804187e+00
8.879497e+00	5.622758e+00	1.015130e+00	1.950172e+00
1.021142e+01	6.171114e+00	9.440042e-01	2.115061e+00
1.174313e+01	6.742416e+00	8.622096e-01	2.303081e+00
1.350460e+01	7.362243e+00	7.681459e-01	2.503430e+00
1.553030e+01	7.992436e+00	6.701166e-01	2.338036e+00
1.785984e+01	8.694291e+00	6.117316e-01	2.203082e+00
2.053882e+01	9.487214e+00	5.472105e-01	2.096772e+00
2.361964e+01	1.026687e+01	4.961314e-01	2.017719e+00
2.716258e+01	1.111506e+01	4.462620e-01	1.964882e+00
3.123697e+01	1.200037e+01	4.014340e-01	1.937506e+00
3.592252e+01	1.297263e+01	3.640302e-01	1.935064e+00
4.131089e+01	1.406881e+01	3.234070e-01	1.957177e+00
4.750753e+01	1.529214e+01	2.913453e-01	2.003813e+00
5.463366e+01	1.660782e+01	2.633093e-01	2.075131e+00
6.282871e+01	1.798786e+01	2.387444e-01	2.171681e+00
7.225301e+01	1.927336e+01	2.104947e-01	2.294518e+00
8.309096e+01	2.060739e+01	1.878068e-01	2.445325e+00
9.555461e+01	2.177067e+01	1.673409e-01	2.626558e+00
1.098878e+02	2.288818e+01	1.504135e-01	2.841583e+00
1.263710e+02	2.391905e+01	1.358121e-01	3.094813e+00
1.453266e+02	2.463950e+01	1.190204e-01	3.391911e+00
1.671256e+02	2.534766e+01	1.060012e-01	3.740001e+00
1.921945e+02	2.606242e+01	9.403392e-02	4.147668e+00
2.210236e+02	2.665146e+01	8.356362e-02	4.627244e+00
2.541772e+02	2.711565e+01	7.368621e-02	5.186014e+00
2.923037e+02	2.777526e+01	6.571742e-02	5.882949e+00
3.361493e+02	2.777751e+01	5.893707e-02	6.757749e+00
3.865717e+02	2.754624e+01	5.207372e-02	7.772113e+00
4.445574e+02	2.705812e+01	4.620761e-02	8.977941e+00
5.112411e+02	2.648268e+01	4.071921e-02	1.040970e+01
5.879272e+02	2.583214e+01	3.704967e-02	1.212061e+01
6.761163e+02	2.513119e+01	3.282970e-02	1.417561e+01
7.775337e+02	2.445577e+01	2.840353e-02	1.665308e+01
8.941638e+02	2.372449e+01	2.545392e-02	1.965326e+01
1.028288e+03	2.292949e+01	2.226323e-02	2.330043e+01
1.182532e+03	2.207377e+01	2.021107e-02	2.775086e+01
1.359911e+03	2.117034e+01	1.785109e-02	3.320365e+01
1.563898e+03	2.023171e+01	1.543215e-02	3.990967e+01
1.798483e+03	1.927353e+01	1.379426e-02	4.818700e+01
2.068255e+03	1.829469e+01	1.202992e-02	5.844027e+01
2.378493e+03	1.730244e+01	1.068086e-02	7.118537e+01
2.735268e+03	1.630629e+01	9.413632e-03	8.708100e+01
3.145558e+03	1.531254e+01	8.311775e-03	1.069695e+02
3.617391e+03	1.432680e+01	7.409304e-03	1.319290e+02
4.160000e+03	1.336235e+01	6.454590e-03	1.633410e+02
4.784000e+03	1.242568e+01	5.715914e-03	2.029760e+02
5.501600e+03	1.152202e+01	5.101295e-03	2.531026e+02
6.326840e+03	1.065616e+01	4.560763e-03	3.166264e+02
7.275866e+03	9.833180e+00	3.939151e-03	3.972640e+02
8.367246e+03	9.055056e+00	3.469798e-03	4.997616e+02
9.622333e+03	8.322265e+00	3.042201e-03	6.301660e+02
