# Energy_MeV	dEdx_Elec_MeV_um	dEdx_Nucl_MeV_um	Range_um
1.000000e-05	4.076125e-03	9.449797e-02	2.643611e-03
1.150000e-05	4.460005e-03	1.038486e-01	2.834957e-03
1.322500e-05	4.869991e-03	1.142334e-01	3.040152e-03
1.520875e-05	5.308170e-03	1.250979e-01	3.260200e-03
1.749006e-05	5.776747e-03	1.370203e-01	3.496175e-03
2.011357e-05	6.278065e-03	1.507310e-01	3.749230e-03
2.313061e-05	6.814617e-03	1.648466e-01	4.020602e-03
2.660020e-05	7.389058e-03	1.805443e-01	4.311615e-03
3.059023e-05	8.004225e-03	1.971923e-01	4.623692e-03
3.517876e-05	8.663145e-03	2.155210e-01	4.958357e-03
4.045558e-05	9.369058e-03	2.349128e-01	5.317246e-03
4.652391e-05	1.012543e-02	2.552092e-01	5.702111e-03
5.350250e-05	1.093597e-02	2.780411e-01	6.114832e-03
6.152788e-05	1.180464e-02	3.018477e-01	6.557427e-03
7.075706e-05	1.273571e-02	3.276579e-01	7.032057e-03
8.137062e-05	1.373372e-02	3.532423e-01	7.541041e-03
9.357621e-05	1.480357e-02	3.826644e-01	8.086866e-03
1.076126e-04	1.595048e-02	4.148606e-01	8.672198e-03
1.237545e-04	1.718006e-02	4.466767e-01	9.299896e-03
1.423177e-04	1.849832e-02	4.817609e-01	9.973027e-03
1.636654e-04	1.991170e-02	5.154014e-01	1.069488e-02
1.882152e-04	2.142712e-02	5.540879e-01	1.146898e-02
2.164475e-04	2.305198e-02	5.956918e-01	1.229911e-02
2.489146e-04	2.479422e-02	6.360625e-01	1.318933e-02
2.862518e-04	2.666235e-02	6.805003e-01	1.414398e-02
3.291895e-04	2.866550e-02	7.246398e-01	1.516773e-02
3.785680e-04	3.081346e-02	7.704311e-01	1.626558e-02
4.353531e-04	3.311673e-02	8.168947e-01	1.744289e-02
5.006561e-04	3.558655e-02	8.635244e-01	1.870541e-02
5.757545e-04	3.823499e-02	9.138743e-01	2.005932e-02
6.621177e-04	4.107500e-02	9.625174e-01	2.151122e-02
7.614354e-04	4.412044e-02	1.007730e+00	2.306822e-02
8.756507e-04	4.738620e-02	1.054273e+00	2.473791e-02
1.006998e-03	5.088823e-02	1.107797e+00	2.652845e-02
1.158048e-03	5.464364e-02	1.153793e+00	2.844859e-02
1.331755e-03	5.867078e-02	1.201910e+00	3.050772e-02
1.531519e-03	6.298932e-02	1.242825e+00	3.271588e-02
1.761246e-03	6.762036e-02	1.283835e+00	3.508388e-02
2.025433e-03	7.258652e-02	1.330995e+00	3.762327e-02
2.329248e-03	7.791206e-02	1.368040e+00	4.034646e-02
2.678635e-03	8.362301e-02	1.406538e+00	4.326676e-02
3.080431e-03	8.974726e-02	1.439734e+00	4.639843e-02
3.542495e-03	9.631473e-02	1.472433e+00	4.975677e-02
4.073870e-03	1.033575e-01	1.500563e+00	5.335819e-02
4.684950e-03	1.109100e-01	1.523458e+00	5.722028e-02
5.387693e-03	1.190091e-01	1.548115e+00	6.135201e-02
6.195847e-03	1.276944e-01	1.566990e+00	6.580541e-02
7.125224e-03	1.370083e-01	1.583930e+00	7.056731e-02
8.194007e-03	1.469962e-01	1.594062e+00	7.567568e-02
9.423108e-03	1.577071e-01	1.605714e+00	8.115280e-02
1.083657e-02	1.691933e-01	1.615691e+00	8.702657e-02
1.246206e-02	1.815107e-01	1.618693e+00	9.332549e-02
1.433137e-02	1.947197e-01	1.620164e+00	1.000803e-01
1.648108e-02	2.088847e-01	1.615268e+00	1.073241e-01
1.895324e-02	2.240750e-01	1.609638e+00	1.150921e-01
2.179622e-02	2.403647e-01	1.600903e+00	1.234224e-01
2.506566e-02	2.578335e-01	1.586212e+00	1.323557e-01
2.882550e-02	2.765667e-01	1.568556e+00	1.419356e-01
3.314933e-02	2.966557e-01	1.546199e+00	1.522088e-01
3.812173e-02	3.181988e-01	1.520058e+00	1.632256e-01
4.383999e-02	3.413012e-01	1.489997e+00	1.750398e-01
5.041599e-02	3.660757e-01	1.455792e+00	1.877092e-01
5.797838e-02	3.926434e-01	1.417566e+00	2.012956e-01
6.667514e-02	4.211341e-01	1.376077e+00	2.158653e-01
7.667641e-02	4.516869e-01	1.333801e+00	2.314896e-01
8.817787e-02	4.844512e-01	1.287357e+00	2.482448e-01
1.014046e-01	5.195869e-01	1.233946e+00	2.662129e-01
1.166152e-01	5.572658e-01	1.183497e+00	2.854814e-01
1.341075e-01	5.976719e-01	1.127936e+00	3.061445e-01
1.542237e-01	6.410026e-01	1.077389e+00	3.283032e-01
1.773572e-01	6.874695e-01	1.023561e+00	3.520659e-01
2.039608e-01	7.372998e-01	9.616592e-01	3.775486e-01
2.345549e-01	7.907368e-01	9.087758e-01	4.048756e-01
2.697381e-01	8.480416e-01	8.509504e-01	4.341805e-01
3.101989e-01	9.094942e-01	7.981342e-01	4.656066e-01
3.567287e-01	9.753947e-01	7.436166e-01	4.993074e-01
4.102380e-01	1.046065e+00	6.919035e-01	5.354475e-01
4.717737e-01	1.121851e+00	6.462812e-01	5.742033e-01
5.425397e-01	1.203122e+00	5.953151e-01	6.157641e-01
6.239207e-01	1.290275e+00	5.511134e-01	6.603334e-01
7.175088e-01	1.383737e+00	5.076208e-01	7.081287e-01
8.251351e-01	1.483963e+00	4.721900e-01	7.593834e-01
9.489054e-01	1.591444e+00	4.314446e-01	8.143476e-01
1.091241e+00	1.706704e+00	3.942654e-01	8.732903e-01
1.254927e+00	1.836654e+00	3.706072e-01	9.365000e-01
1.443166e+00	2.005734e+00	3.434003e-01	1.004280e+00
1.659641e+00	2.194476e+00	3.121124e-01	1.034300e+00
1.908588e+00	2.407084e+00	2.761312e-01	1.033548e+00
2.194876e+00	2.637597e+00	2.437427e-01	1.029947e+00
2.524107e+00	2.896227e+00	2.214094e-01	1.025233e+00
2.902723e+00	3.179155e+00	1.987683e-01	1.020001e+00
3.338132e+00	3.489508e+00	1.792296e-01	1.014984e+00
3.838852e+00	3.837262e+00	1.615752e-01	1.010984e+00
4.414679e+00	4.204724e+00	1.458219e-01	1.008916e+00
5.076881e+00	4.613432e+00	1.315143e-01	1.009803e+00
5.838413e+00	5.055636e+00	1.173257e-01	1.014808e+00
6.714175e+00	5.548252e+00	1.050615e-01	1.025238e+00
7.721302e+00	6.103130e+00	9.564535e-02	1.042564e+00
8.879497e+00	6.654297e+00	8.624880e-02	1.068414e+00
1.021142e+01	7.217416e+00	7.544277e-02	1.104569e+00
1.174313e+01	7.752347e+00	6.798626e-02	1.152943e+00
1.350460e+01	8.198525e+00	6.015766e-02	1.215580e+00
1.553030e+01	8.636570e+00	5.459164e-02	1.294664e+00
1.785984e+01	8.995371e+00	4.900630e-02	1.392545e+00
2.053882e+01	9.326215e+00	4.258315e-02	1.511820e+00
2.361964e+01	9.604369e+00	3.833958e-02	1.655469e+00
2.716258e+01	9.802873e+00	3.376187e-02	1.827016e+00
3.123697e+01	9.984116e+00	3.017944e-02	2.030756e+00
3.592252e+01	1.009962e+01	2.667932e-02	2.271997e+00
4.131089e+01	1.018154e+01	2.363111e-02	2.557362e+00
4.750753e+01	1.022535e+01	2.130036e-02	2.895138e+00
5.463366e+01	1.018879e+01	1.867499e-02	3.295708e+00
6.282871e+01	1.012958e+01	1.667496e-02	3.772093e+00
7.225301e+01	1.004829e+01	1.480122e-02	4.340283e+00
8.309096e+01	9.920832e+00	1.339756e-02	5.022334e+00
9.555461e+01	9.747651e+00	1.178334e-02	5.837126e+00
1.098878e+02	9.437320e+00	1.029364e-02	6.868790e+00
1.263710e+02	9.076476e+00	9.165364e-03	8.180253e+00
1.453266e+02	8.674378e+00	8.088938e-03	9.754596e+00
1.671256e+02	8.235735e+00	7.303949e-03	1.168340e+01
1.921945e+02	7.794098e+00	6.401212e-03	1.404778e+01
2.210236e+02	7.348149e+00	5.589925e-03	1.696330e+01
2.541772e+02	6.906181e+00	4.963398e-03	2.057682e+01
2.923037e+02	6.479432e+00	4.351822e-03	2.507259e+01
3.361493e+02	6.056535e+00	3.835781e-03	3.069041e+01
3.865717e+02	5.640975e+00	3.392393e-03	3.773614e+01
4.445574e+02	5.233624e+00	3.009132e-03	4.660374e+01
5.112411e+02	4.838136e+00	2.663919e-03	5.780425e+01
5.879272e+02	4.457446e+00	2.333771e-03	7.199566e+01
6.761163e+02	4.094116e+00	2.051214e-03	9.002785e+01
7.775337e+02	3.748714e+00	1.847892e-03	1.129995e+02
8.941638e+02	3.422416e+00	1.641128e-03	1.423313e+02
1.028288e+03	3.115881e+00	1.403350e-03	1.798591e+02
1.182532e+03	2.830405e+00	1.252150e-03	2.279536e+02
1.359911e+03	2.565015e+00	1.088586e-03	2.896731e+02
1.563898e+03	2.319651e+00	9.798372e-04	3.689575e+02
1.798483e+03	2.093947e+00	8.676375e-04	4.708734e+02
2.068255e+03	1.887771e+00	7.386077e-04	6.019229e+02
2.378493e+03	1.700739e+00	6.594799e-04	7.704317e+02
2.735268e+03	1.532033e+00	5.709745e-04	9.870309e+02
3.145558e+03	1.379685e+00	5.047738e-04	1.265257e+03
3.617391e+03	1.242259e+00	4.401628e-04	1.622291e+03
4.160000e+03	1.119484e+00	3.842225e-04	2.079863e+03
4.784000e+03	1.010191e+00	3.428538e-04	2.665349e+03
5.501600e+03	9.127071e-01	2.952799e-04	3.413092e+03
6.326840e+03	8.261063e-01	2.609494e-04	4.365971e+03
7.275866e+03	7.495625e-01	2.290443e-04	5.577246e+03
8.367246e+03	6.818647e-01	2.049666e-04	7.112704e+03
9.622333e+03	6.220687e-01	1.772772e-04	9.053022e+03
