# Energy_MeV	dEdx_Elec_MeV_um	dEdx_Nucl_MeV_um	Range_um
1.000000e-05	8.949965e-03	7.180245e-02	2.234646e-03
1.150000e-05	9.597768e-03	7.952684e-02	2.396390e-03
1.322500e-05	1.029246e-02	8.807915e-02	2.569842e-03
1.520875e-05	1.103743e-02	9.738591e-02	2.755849e-03
1.749006e-05	1.183633e-02	1.075139e-01	2.955319e-03
2.011357e-05	1.269305e-02	1.188226e-01	3.169226e-03
2.313061e-05	1.361178e-02	1.311842e-01	3.398617e-03
2.660020e-05	1.459701e-02	1.448799e-01	3.644610e-03
3.059023e-05	1.565354e-02	1.589342e-01	3.908409e-03
3.517876e-05	1.678656e-02	1.750471e-01	4.191302e-03
4.045558e-05	1.800158e-02	1.934047e-01	4.494670e-03
4.652391e-05	1.930454e-02	2.121462e-01	4.819997e-03
5.350250e-05	2.070181e-02	2.336564e-01	5.168871e-03
6.152788e-05	2.220022e-02	2.551727e-01	5.542997e-03
7.075706e-05	1.197772e-02	2.799165e-01	5.944202e-03
8.137062e-05	1.293206e-02	3.079134e-01	6.374446e-03
9.357621e-05	1.395489e-02	3.362430e-01	6.835832e-03
1.076126e-04	1.505125e-02	3.686185e-01	7.330613e-03
1.237545e-04	1.622648e-02	4.020575e-01	7.861207e-03
1.423177e-04	1.748634e-02	4.388686e-01	8.430205e-03
1.636654e-04	1.883699e-02	4.783964e-01	9.040388e-03
1.882152e-04	2.028503e-02	5.196011e-01	9.694736e-03
2.164475e-04	2.183754e-02	5.664005e-01	1.039645e-02
2.489146e-04	2.350211e-02	6.142293e-01	1.114895e-02
2.862518e-04	2.528687e-02	6.646769e-01	1.195591e-02
3.291895e-04	2.720055e-02	7.177748e-01	1.282129e-02
3.785680e-04	2.925250e-02	7.788373e-01	1.374930e-02
4.353531e-04	3.145273e-02	8.411977e-01	1.474448e-02
5.006561e-04	3.381202e-02	9.072289e-01	1.581169e-02
5.757545e-04	3.634187e-02	9.746960e-01	1.695615e-02
6.621177e-04	3.905465e-02	1.044513e+00	1.818345e-02
7.614354e-04	4.196362e-02	1.124803e+00	1.949958e-02
8.756507e-04	4.508299e-02	1.204402e+00	2.091097e-02
1.006998e-03	4.842799e-02	1.288188e+00	2.242451e-02
1.158048e-03	5.201498e-02	1.374584e+00	2.404761e-02
1.331755e-03	5.586146e-02	1.466192e+00	2.578819e-02
1.531519e-03	5.998625e-02	1.556022e+00	2.765475e-02
1.761246e-03	6.440948e-02	1.645956e+00	2.965642e-02
2.025433e-03	6.915276e-02	1.742732e+00	3.180297e-02
2.329248e-03	7.423928e-02	1.839066e+00	3.410488e-02
2.678635e-03	7.969388e-02	1.939323e+00	3.657341e-02
3.080431e-03	8.554320e-02	2.023319e+00	3.922061e-02
3.542495e-03	9.181582e-02	2.119914e+00	4.205942e-02
4.073870e-03	9.854240e-02	2.226379e+00	4.510371e-02
4.684950e-03	1.057558e-01	2.313216e+00	4.836834e-02
5.387693e-03	1.134912e-01	2.410660e+00	5.186926e-02
6.195847e-03	1.217865e-01	2.484669e+00	5.562359e-02
7.125224e-03	1.306821e-01	2.569780e+00	5.964965e-02
8.194007e-03	1.402216e-01	2.661198e+00	6.396712e-02
9.423108e-03	1.504514e-01	2.730674e+00	6.859710e-02
1.083657e-02	1.614217e-01	2.807698e+00	7.355630e-02
1.246206e-02	1.731860e-01	2.869808e+00	7.888930e-02
1.433137e-02	1.858018e-01	2.930383e+00	8.459782e-02
1.648108e-02	1.993306e-01	2.984537e+00	9.072187e-02
1.895324e-02	2.138387e-01	3.029035e+00	9.728799e-02
2.179622e-02	2.293968e-01	3.076966e+00	1.043296e-01
2.506566e-02	2.460810e-01	3.111553e+00	1.118809e-01
2.882550e-02	2.639727e-01	3.139174e+00	1.199788e-01
3.314933e-02	2.831595e-01	3.160201e+00	1.286628e-01
3.812173e-02	3.037350e-01	3.184383e+00	1.379753e-01
4.383999e-02	3.257997e-01	3.197345e+00	1.479618e-01
5.041599e-02	3.494615e-01	3.203575e+00	1.586713e-01
5.797838e-02	3.748359e-01	3.201049e+00	1.701559e-01
6.667514e-02	4.020470e-01	3.190887e+00	1.824717e-01
7.667641e-02	4.312275e-01	3.179202e+00	1.956789e-01
8.817787e-02	4.625201e-01	3.156577e+00	2.098421e-01
1.014046e-01	4.960777e-01	3.126086e+00	2.250305e-01
1.166152e-01	5.320642e-01	3.087611e+00	2.413182e-01
1.341075e-01	5.706554e-01	3.041172e+00	2.587847e-01
1.542237e-01	6.120399e-01	2.986541e+00	2.775155e-01
1.773572e-01	6.564198e-01	2.924529e+00	2.976021e-01
2.039608e-01	7.040119e-01	2.853540e+00	3.191426e-01
2.345549e-01	7.550487e-01	2.776536e+00	3.422422e-01
2.697381e-01	8.097796e-01	2.691463e+00	3.670136e-01
3.101989e-01	8.684719e-01	2.607646e+00	3.935781e-01
3.567287e-01	9.314124e-01	2.511256e+00	4.220654e-01
4.102380e-01	9.989086e-01	2.404719e+00	4.526146e-01
4.717737e-01	1.071290e+00	2.304449e+00	4.853749e-01
5.425397e-01	1.148911e+00	2.192868e+00	5.205063e-01
6.239207e-01	1.232150e+00	2.095725e+00	5.581807e-01
7.175088e-01	1.321413e+00	1.984011e+00	5.985822e-01
8.251351e-01	1.417138e+00	1.864010e+00	6.419078e-01
9.489054e-01	1.519791e+00	1.759652e+00	6.883691e-01
1.091241e+00	1.629874e+00	1.644567e+00	7.381933e-01
1.254927e+00	1.747926e+00	1.541186e+00	7.916241e-01
1.443166e+00	1.874521e+00	1.436993e+00	8.489223e-01
1.659641e+00	2.010280e+00	1.336956e+00	9.103676e-01
1.908588e+00	2.155865e+00	1.244977e+00	9.762601e-01
2.194876e+00	2.311988e+00	1.145438e+00	1.046922e+00
2.524107e+00	2.491359e+00	1.058626e+00	1.122700e+00
2.902723e+00	2.728104e+00	9.808617e-01	1.203956e+00
3.338132e+00	2.991621e+00	9.073285e-01	1.291124e+00
3.838852e+00	3.288925e+00	8.227654e-01	1.384489e+00
4.414679e+00	3.606916e+00	7.643421e-01	1.485756e+00
5.076881e+00	3.961432e+00	7.152419e-01	1.597849e+00
5.838413e+00	4.345926e+00	6.587767e-01	1.722569e+00
6.714175e+00	4.762313e+00	5.938416e-01	1.862401e+00
7.721302e+00	5.226353e+00	5.191663e-01	1.782455e+00
8.879497e+00	5.709134e+00	4.675126e-01	1.710868e+00
1.021142e+01	6.232333e+00	4.211620e-01	1.648956e+00
1.174313e+01	6.779163e+00	3.803855e-01	1.597780e+00
1.350460e+01	7.390452e+00	3.408533e-01	1.558419e+00
1.553030e+01	8.079037e+00	3.075256e-01	1.531988e+00
1.785984e+01	8.787544e+00	2.790786e-01	1.519621e+00
2.053882e+01	9.586480e+00	2.493844e-01	1.522537e+00
2.361964e+01	1.048389e+01	2.240515e-01	1.541964e+00
2.716258e+01	1.142751e+01	1.999991e-01	1.579136e+00
3.123697e+01	1.246291e+01	1.830412e-01	1.635310e+00
3.592252e+01	1.349724e+01	1.635396e-01	1.711815e+00
4.131089e+01	1.452122e+01	1.434884e-01	1.810127e+00
4.750753e+01	1.552246e+01	1.293602e-01	1.932002e+00
5.463366e+01	1.636337e+01	1.144099e-01	2.079623e+00
6.282871e+01	1.721186e+01	1.043301e-01	2.255755e+00
7.225301e+01	1.793357e+01	9.273826e-02	2.463966e+00
8.309096e+01	1.858800e+01	8.110554e-02	2.708791e+00
9.555461e+01	1.919254e+01	7.284417e-02	2.995955e+00
1.098878e+02	1.955914e+01	6.409821e-02	3.332638e+00
1.263710e+02	1.992791e+01	5.719614e-02	3.727797e+00
1.453266e+02	2.029544e+01	5.077937e-02	4.192184e+00
1.671256e+02	2.055075e+01	4.515460e-02	4.741128e+00
1.921945e+02	2.073329e+01	4.041662e-02	5.385356e+00
2.210236e+02	2.021909e+01	3.549123e-02	6.195463e+00
2.541772e+02	1.993582e+01	3.155994e-02	7.208282e+00
2.923037e+02	1.951441e+01	2.835868e-02	8.396711e+00
3.361493e+02	1.894225e+01	2.544551e-02	9.822422e+00
3.865717e+02	1.833309e+01	2.209536e-02	1.153349e+01
4.445574e+02	1.768188e+01	1.962326e-02	1.359928e+01
5.112411e+02	1.700919e+01	1.728163e-02	1.610651e+01
5.879272e+02	1.635697e+01	1.548651e-02	1.916131e+01
6.761163e+02	1.567394e+01	1.385734e-02	2.290036e+01
7.775337e+02	1.496425e+01	1.198380e-02	2.749477e+01
8.941638e+02	1.422941e+01	1.064734e-02	3.316219e+01
1.028288e+03	1.347985e+01	9.347048e-03	4.018171e+01
1.182532e+03	1.272368e+01	8.270664e-03	4.890824e+01
1.359911e+03	1.197070e+01	7.247350e-03	5.979556e+01
1.563898e+03	1.122147e+01	6.405427e-03	7.342533e+01
1.798483e+03	1.048158e+01	5.726434e-03	9.054433e+01
2.068255e+03	9.757023e+00	5.009980e-03	1.121122e+02
2.378493e+03	9.050881e+00	4.431558e-03	1.393632e+02
2.735268e+03	8.365844e+00	3.893124e-03	1.738852e+02
3.145558e+03	7.710667e+00	3.519978e-03	2.177215e+02
3.617391e+03	7.088397e+00	3.090861e-03	2.734995e+02
4.160000e+03	6.501066e+00	2.665080e-03	3.445953e+02
4.784000e+03	5.948384e+00	2.369897e-03	4.353402e+02
5.501600e+03	5.430731e+00	2.067271e-03	5.512800e+02
6.326840e+03	4.950869e+00	1.864785e-03	6.994975e+02
7.275866e+03	4.509027e+00	1.631925e-03	8.890118e+02
8.367246e+03	4.102888e+00	1.406361e-03	1.131265e+03
9.622333e+03	3.732005e+00	1.246636e-03	1.440713e+03
