# Energy_MeV	dEdx_Elec_MeV_um	dEdx_Nucl_MeV_um	Range_um
1.000000e-05	8.635545e-03	9.191204e-02	2.316009e-03
1.150000e-05	9.260590e-03	1.009377e-01	2.483643e-03
1.322500e-05	9.930876e-03	1.110972e-01	2.663411e-03
1.520875e-05	1.064968e-02	1.227806e-01	2.856190e-03
1.749006e-05	1.142051e-02	1.347279e-01	3.062922e-03
2.011357e-05	6.220539e-03	1.483173e-01	3.284618e-03
2.313061e-05	6.768607e-03	1.621639e-01	3.522360e-03
2.660020e-05	7.354995e-03	1.777652e-01	3.777311e-03
3.059023e-05	7.982619e-03	1.957068e-01	4.050714e-03
3.517876e-05	8.654584e-03	2.136870e-01	4.343907e-03
4.045558e-05	9.374206e-03	2.342287e-01	4.658322e-03
4.652391e-05	1.014503e-02	2.555601e-01	4.995493e-03
5.350250e-05	1.097084e-02	2.791212e-01	5.357070e-03
6.152788e-05	1.185569e-02	3.044968e-01	5.744817e-03
7.075706e-05	1.280391e-02	3.304920e-01	6.160630e-03
8.137062e-05	1.382017e-02	3.603693e-01	6.606540e-03
9.357621e-05	1.490942e-02	3.907754e-01	7.084725e-03
1.076126e-04	1.607701e-02	4.234746e-01	7.597521e-03
1.237545e-04	1.732863e-02	4.569537e-01	8.147434e-03
1.423177e-04	1.867042e-02	4.954547e-01	8.737149e-03
1.636654e-04	2.010894e-02	5.360483e-01	9.369549e-03
1.882152e-04	2.165121e-02	5.776821e-01	1.004772e-02
2.164475e-04	2.330478e-02	6.217489e-01	1.077498e-02
2.489146e-04	2.507773e-02	6.657700e-01	1.155488e-02
2.862518e-04	2.697872e-02	7.163942e-01	1.239123e-02
3.291895e-04	2.901703e-02	7.685102e-01	1.328811e-02
3.785680e-04	3.120265e-02	8.213383e-01	1.424991e-02
4.353531e-04	3.354623e-02	8.774785e-01	1.528133e-02
5.006561e-04	3.605923e-02	9.352384e-01	1.638740e-02
5.757545e-04	3.875393e-02	9.933650e-01	1.757353e-02
6.621177e-04	4.164350e-02	1.051926e+00	1.884551e-02
7.614354e-04	4.474205e-02	1.112945e+00	2.020956e-02
8.756507e-04	4.806472e-02	1.176018e+00	2.167234e-02
1.006998e-03	5.162775e-02	1.239671e+00	2.324099e-02
1.158048e-03	5.544854e-02	1.295202e+00	2.492319e-02
1.331755e-03	5.954575e-02	1.356107e+00	2.672714e-02
1.531519e-03	6.393942e-02	1.426148e+00	2.866166e-02
1.761246e-03	6.865099e-02	1.481771e+00	3.073621e-02
2.025433e-03	7.370348e-02	1.544736e+00	3.296091e-02
2.329248e-03	7.912159e-02	1.593682e+00	3.534664e-02
2.678635e-03	8.493179e-02	1.647346e+00	3.790505e-02
3.080431e-03	9.116244e-02	1.708949e+00	4.064864e-02
3.542495e-03	9.784400e-02	1.752754e+00	4.359081e-02
4.073870e-03	1.050091e-01	1.803131e+00	4.674593e-02
4.684950e-03	1.126928e-01	1.843241e+00	5.012943e-02
5.387693e-03	1.209325e-01	1.883516e+00	5.375782e-02
6.195847e-03	1.297686e-01	1.919731e+00	5.764491e-02
7.125224e-03	1.392442e-01	1.947789e+00	6.182357e-02
8.194007e-03	1.494056e-01	1.980054e+00	6.629719e-02
9.423108e-03	1.603024e-01	2.002054e+00	7.109645e-02
1.083657e-02	1.719880e-01	2.021623e+00	7.624215e-02
1.246206e-02	1.845193e-01	2.034881e+00	8.176049e-02
1.433137e-02	1.979575e-01	2.050128e+00	8.767826e-02
1.648108e-02	2.123684e-01	2.060514e+00	9.402437e-02
1.895324e-02	2.278224e-01	2.064442e+00	1.008298e-01
2.179622e-02	2.443949e-01	2.064444e+00	1.081277e-01
2.506566e-02	2.621668e-01	2.058037e+00	1.159540e-01
2.882550e-02	2.812251e-01	2.050669e+00	1.243467e-01
3.314933e-02	3.016629e-01	2.037688e+00	1.333469e-01
3.812173e-02	3.235799e-01	2.018463e+00	1.429985e-01
4.383999e-02	3.470832e-01	1.994727e+00	1.533486e-01
5.041599e-02	3.722877e-01	1.965471e+00	1.644480e-01
5.797838e-02	3.993165e-01	1.931120e+00	1.763507e-01
6.667514e-02	4.283017e-01	1.891913e+00	1.891150e-01
7.667641e-02	4.593848e-01	1.847153e+00	2.028031e-01
8.817787e-02	4.927177e-01	1.797935e+00	2.174819e-01
1.014046e-01	5.284632e-01	1.743644e+00	2.332233e-01
1.166152e-01	5.667960e-01	1.690031e+00	2.501041e-01
1.341075e-01	6.079033e-01	1.629255e+00	2.682066e-01
1.542237e-01	6.519860e-01	1.559583e+00	2.876193e-01
1.773572e-01	6.992594e-01	1.496361e+00	3.084372e-01
2.039608e-01	7.499545e-01	1.423656e+00	3.307621e-01
2.345549e-01	8.043189e-01	1.361474e+00	3.547027e-01
2.697381e-01	8.626182e-01	1.291036e+00	3.803761e-01
3.101989e-01	9.251373e-01	1.211411e+00	4.079077e-01
3.567287e-01	9.921815e-01	1.145612e+00	4.374322e-01
4.102380e-01	1.064078e+00	1.069943e+00	4.690938e-01
4.717737e-01	1.141179e+00	1.004677e+00	5.030470e-01
5.425397e-01	1.223861e+00	9.364235e-01	5.394576e-01
6.239207e-01	1.312527e+00	8.704927e-01	5.785036e-01
7.175088e-01	1.407610e+00	8.124987e-01	6.203760e-01
8.251351e-01	1.509576e+00	7.465489e-01	6.652791e-01
9.489054e-01	1.618922e+00	6.918121e-01	7.134322e-01
1.091241e+00	1.736183e+00	6.392090e-01	7.650705e-01
1.254927e+00	1.861931e+00	5.928451e-01	8.204465e-01
1.443166e+00	2.006666e+00	5.395266e-01	8.798316e-01
1.659641e+00	2.197906e+00	4.973359e-01	9.435099e-01
1.908588e+00	2.410923e+00	4.663773e-01	1.011821e+00
2.194876e+00	2.651430e+00	4.307750e-01	1.084990e+00
2.524107e+00	2.910404e+00	3.898323e-01	1.109016e+00
2.902723e+00	3.200617e+00	3.427482e-01	1.091448e+00
3.338132e+00	3.518882e+00	3.057324e-01	1.073625e+00
3.838852e+00	3.868325e+00	2.765075e-01	1.056411e+00
4.414679e+00	4.260721e+00	2.490221e-01	1.040662e+00
5.076881e+00	4.676204e+00	2.234542e-01	1.027307e+00
5.838413e+00	5.133124e+00	2.018453e-01	1.017319e+00
6.714175e+00	5.623274e+00	1.826955e-01	1.011811e+00
7.721302e+00	6.177242e+00	1.639728e-01	1.011962e+00
8.879497e+00	6.806298e+00	1.468245e-01	1.019055e+00
1.021142e+01	7.484368e+00	1.307759e-01	1.034475e+00
1.174313e+01	8.205969e+00	1.198282e-01	1.059699e+00
1.350460e+01	8.958747e+00	1.075321e-01	1.096281e+00
1.553030e+01	9.625954e+00	9.382583e-02	1.145843e+00
1.785984e+01	1.030975e+01	8.491773e-02	1.210077e+00
2.053882e+01	1.091578e+01	7.470016e-02	1.290769e+00
2.361964e+01	1.148280e+01	6.834464e-02	1.389893e+00
2.716258e+01	1.199915e+01	6.103580e-02	1.509697e+00
3.123697e+01	1.239506e+01	5.306013e-02	1.652850e+00
3.592252e+01	1.277978e+01	4.785119e-02	1.822620e+00
4.131089e+01	1.307928e+01	4.196885e-02	2.023058e+00
4.750753e+01	1.332996e+01	3.761697e-02	2.259242e+00
5.463366e+01	1.354084e+01	3.332897e-02	2.537512e+00
6.282871e+01	1.361843e+01	2.955367e-02	2.865791e+00
7.225301e+01	1.368283e+01	2.656629e-02	3.253998e+00
8.309096e+01	1.373090e+01	2.324849e-02	3.714160e+00
9.555461e+01	1.370859e+01	2.076975e-02	4.263114e+00
1.098878e+02	1.363260e+01	1.855487e-02	4.914451e+00
1.263710e+02	1.286349e+01	1.671807e-02	5.738232e+00
1.453266e+02	1.247731e+01	1.460574e-02	6.775805e+00
1.671256e+02	1.202484e+01	1.287000e-02	8.011127e+00
1.921945e+02	1.150633e+01	1.139356e-02	9.512316e+00
2.210236e+02	1.097776e+01	1.013631e-02	1.133827e+01
2.541772e+02	1.043490e+01	9.109092e-03	1.357229e+01
2.923037e+02	9.890413e+00	7.927791e-03	1.631988e+01
3.361493e+02	9.362634e+00	6.985905e-03	1.971236e+01
3.865717e+02	8.830094e+00	6.166047e-03	2.392008e+01
4.445574e+02	8.297579e+00	5.432259e-03	2.915888e+01
5.112411e+02	7.766170e+00	4.756979e-03	3.570594e+01
5.879272e+02	7.241858e+00	4.220205e-03	4.391945e+01
6.761163e+02	6.729127e+00	3.758823e-03	5.425896e+01
7.775337e+02	6.232573e+00	3.307086e-03	6.731652e+01
8.941638e+02	5.753113e+00	2.911876e-03	8.385596e+01
1.028288e+03	5.293298e+00	2.544722e-03	1.048634e+02
1.182532e+03	4.855123e+00	2.309448e-03	1.316122e+02
1.359911e+03	4.440889e+00	2.038881e-03	1.657458e+02
1.563898e+03	4.050268e+00	1.745756e-03	2.093847e+02
1.798483e+03	3.684817e+00	1.559638e-03	2.652620e+02
2.068255e+03	3.344980e+00	1.351671e-03	3.368952e+02
2.378493e+03	3.031272e+00	1.223999e-03	4.288036e+02
2.735268e+03	2.743394e+00	1.077177e-03	5.467809e+02
3.145558e+03	2.480596e+00	9.216065e-04	6.982340e+02
3.617391e+03	2.241322e+00	8.208969e-04	8.926053e+02
4.160000e+03	2.024239e+00	7.095893e-04	1.141891e+03
4.784000e+03	1.828730e+00	6.272967e-04	1.461276e+03
5.501600e+03	1.653429e+00	5.485631e-04	1.869897e+03
6.326840e+03	1.496602e+00	4.805557e-04	2.391767e+03
7.275866e+03	1.356815e+00	4.264216e-04	3.056866e+03
8.367246e+03	1.232592e+00	3.676859e-04	3.902419e+03
9.622333e+03	1.122251e+00	3.240791e-04	4.974383e+03
