# Energy_MeV	dEdx_Elec_MeV_um	dEdx_Nucl_MeV_um	Range_um
1.000000e-05	9.941966e-03	7.483516e-02	2.011675e-03
1.150000e-05	1.066157e-02	8.299625e-02	2.157281e-03
1.322500e-05	1.143326e-02	9.181817e-02	2.313426e-03
1.520875e-05	1.226081e-02	1.015805e-01	2.480873e-03
1.749006e-05	1.314825e-02	1.122765e-01	2.660440e-03
2.011357e-05	1.409993e-02	1.239416e-01	2.853004e-03
2.313061e-05	1.512049e-02	1.370246e-01	3.059506e-03
2.660020e-05	1.621492e-02	1.511520e-01	3.280954e-03
3.059023e-05	1.738856e-02	1.661468e-01	3.518431e-03
3.517876e-05	1.864715e-02	1.827676e-01	3.773097e-03
4.045558e-05	1.999684e-02	2.018816e-01	4.046196e-03
4.652391e-05	2.144423e-02	2.217607e-01	4.339062e-03
5.350250e-05	2.299637e-02	2.439929e-01	4.653126e-03
6.152788e-05	2.466086e-02	2.670736e-01	4.989921e-03
7.075706e-05	2.644583e-02	2.925974e-01	5.351094e-03
8.137062e-05	2.835999e-02	3.219497e-01	5.738409e-03
9.357621e-05	3.041270e-02	3.519323e-01	6.153759e-03
1.076126e-04	3.261399e-02	3.855384e-01	6.599171e-03
1.237545e-04	3.497461e-02	4.209605e-01	7.076822e-03
1.423177e-04	3.750609e-02	4.599954e-01	7.589046e-03
1.636654e-04	4.022080e-02	5.015098e-01	8.138346e-03
1.882152e-04	4.313200e-02	5.446894e-01	8.727403e-03
2.164475e-04	4.625392e-02	5.935685e-01	9.359098e-03
2.489146e-04	4.960180e-02	6.441750e-01	1.003651e-02
2.862518e-04	5.319200e-02	6.989126e-01	1.076296e-02
3.291895e-04	5.704207e-02	7.536843e-01	1.154199e-02
3.785680e-04	3.067812e-02	8.166718e-01	1.237741e-02
4.353531e-04	3.299606e-02	8.848584e-01	1.327329e-02
5.006561e-04	3.548149e-02	9.529712e-01	1.423402e-02
5.757545e-04	3.814657e-02	1.027193e+00	1.526428e-02
6.621177e-04	4.100431e-02	1.099211e+00	1.636912e-02
7.614354e-04	4.406867e-02	1.182033e+00	1.755393e-02
8.756507e-04	4.735463e-02	1.269980e+00	1.882449e-02
1.006998e-03	5.087824e-02	1.356407e+00	2.018701e-02
1.158048e-03	5.465671e-02	1.450573e+00	2.164816e-02
1.331755e-03	5.870851e-02	1.545068e+00	2.321507e-02
1.531519e-03	6.305343e-02	1.642235e+00	2.489539e-02
1.761246e-03	6.771270e-02	1.740628e+00	2.669733e-02
2.025433e-03	7.270908e-02	1.840454e+00	2.862969e-02
2.329248e-03	7.806698e-02	1.946890e+00	3.070193e-02
2.678635e-03	8.381258e-02	2.051027e+00	3.292415e-02
3.080431e-03	8.997394e-02	2.146070e+00	3.530721e-02
3.542495e-03	9.658117e-02	2.245711e+00	3.786277e-02
4.073870e-03	1.036665e-01	2.360297e+00	4.060330e-02
4.684950e-03	1.112647e-01	2.456568e+00	4.354218e-02
5.387693e-03	1.194127e-01	2.559579e+00	4.669379e-02
6.195847e-03	1.281504e-01	2.644960e+00	5.007351e-02
7.125224e-03	1.375204e-01	2.732754e+00	5.369786e-02
8.194007e-03	1.475687e-01	2.833717e+00	5.758454e-02
9.423108e-03	1.583441e-01	2.910723e+00	6.172200e-02
1.083657e-02	1.698994e-01	2.993139e+00	6.621209e-02
1.246206e-02	1.822911e-01	3.062605e+00	7.101733e-02
1.433137e-02	1.955796e-01	3.131397e+00	7.615731e-02
1.648108e-02	2.098299e-01	3.191619e+00	8.166943e-02
1.895324e-02	2.251117e-01	3.239431e+00	8.758067e-02
2.179622e-02	2.414994e-01	3.292217e+00	9.391965e-02
2.506566e-02	2.590733e-01	3.331326e+00	1.007175e-01
2.882550e-02	2.779192e-01	3.366342e+00	1.080073e-01
3.314933e-02	2.981291e-01	3.388032e+00	1.158248e-01
3.812173e-02	3.198018e-01	3.412976e+00	1.242082e-01
4.383999e-02	3.430432e-01	3.433051e+00	1.331983e-01
5.041599e-02	3.679667e-01	3.439477e+00	1.428391e-01
5.797838e-02	3.946942e-01	3.441701e+00	1.531777e-01
6.667514e-02	4.233563e-01	3.431219e+00	1.642647e-01
7.667641e-02	4.540929e-01	3.419165e+00	1.761542e-01
8.817787e-02	4.870542e-01	3.399720e+00	1.889042e-01
1.014046e-01	5.224012e-01	3.368268e+00	2.025770e-01
1.166152e-01	5.603067e-01	3.330166e+00	2.172395e-01
1.341075e-01	6.009557e-01	3.282303e+00	2.329634e-01
1.542237e-01	6.445470e-01	3.226270e+00	2.498252e-01
1.773572e-01	6.912933e-01	3.161978e+00	2.679075e-01
2.039608e-01	7.414233e-01	3.088751e+00	2.872987e-01
2.345549e-01	7.951816e-01	3.007302e+00	3.080934e-01
2.697381e-01	8.528310e-01	2.918482e+00	3.303933e-01
3.101989e-01	9.146530e-01	2.828798e+00	3.543072e-01
3.567287e-01	9.809498e-01	2.729370e+00	3.799519e-01
4.102380e-01	1.052045e+00	2.615027e+00	4.074529e-01
4.717737e-01	1.128286e+00	2.508474e+00	4.369446e-01
5.425397e-01	1.210046e+00	2.389528e+00	4.685708e-01
6.239207e-01	1.297723e+00	2.283222e+00	5.024859e-01
7.175088e-01	1.391747e+00	2.167987e+00	5.388559e-01
8.251351e-01	1.492576e+00	2.035466e+00	5.778586e-01
9.489054e-01	1.600703e+00	1.924553e+00	6.196843e-01
1.091241e+00	1.716656e+00	1.800758e+00	6.645372e-01
1.254927e+00	1.841003e+00	1.689540e+00	7.126364e-01
1.443166e+00	1.974349e+00	1.574313e+00	7.642173e-01
1.659641e+00	2.117347e+00	1.463604e+00	8.195318e-01
1.908588e+00	2.270695e+00	1.367593e+00	8.788500e-01
2.194876e+00	2.435143e+00	1.258483e+00	9.424609e-01
2.524107e+00	2.654986e+00	1.165707e+00	1.010678e+00
2.902723e+00	2.916590e+00	1.074672e+00	1.083831e+00
3.338132e+00	3.205966e+00	9.988202e-01	1.162257e+00
3.838852e+00	3.527717e+00	9.115913e-01	1.246559e+00
4.414679e+00	3.885980e+00	8.351067e-01	1.339149e+00
5.076881e+00	4.270793e+00	7.844587e-01	1.441956e+00
5.838413e+00	4.700777e+00	7.262134e-01	1.556803e+00
6.714175e+00	5.164178e+00	6.592313e-01	1.686087e+00
7.721302e+00	5.666222e+00	5.822019e-01	1.662652e+00
8.879497e+00	6.217773e+00	5.154468e-01	1.584998e+00
1.021142e+01	6.767303e+00	4.676349e-01	1.518877e+00
1.174313e+01	7.383479e+00	4.201953e-01	1.464918e+00
1.350460e+01	8.070736e+00	3.783663e-01	1.423777e+00
1.553030e+01	8.796029e+00	3.412900e-01	1.396151e+00
1.785984e+01	9.587211e+00	3.082698e-01	1.382784e+00
2.053882e+01	1.044138e+01	2.776395e-01	1.384414e+00
2.361964e+01	1.139819e+01	2.479469e-01	1.401891e+00
2.716258e+01	1.244550e+01	2.216914e-01	1.436022e+00
3.123697e+01	1.355110e+01	2.021944e-01	1.487670e+00
3.592252e+01	1.476255e+01	1.820780e-01	1.557796e+00
4.131089e+01	1.582733e+01	1.589442e-01	1.647552e+00
4.750753e+01	1.690656e+01	1.435988e-01	1.758394e+00
5.463366e+01	1.789680e+01	1.268392e-01	1.892222e+00
6.282871e+01	1.877859e+01	1.153828e-01	2.051513e+00
7.225301e+01	1.966303e+01	1.034255e-01	2.239479e+00
8.309096e+01	2.034049e+01	8.967471e-02	2.460236e+00
9.555461e+01	2.094084e+01	8.096228e-02	2.718983e+00
1.098878e+02	2.138850e+01	7.116220e-02	3.022182e+00
1.263710e+02	2.183445e+01	6.370650e-02	3.377978e+00
1.453266e+02	2.228342e+01	5.635396e-02	3.796287e+00
1.671256e+02	2.252035e+01	4.985876e-02	4.287995e+00
1.921945e+02	2.226341e+01	4.497141e-02	4.879825e+00
2.210236e+02	2.213256e+01	3.935097e-02	5.639520e+00
2.541772e+02	2.180278e+01	3.519251e-02	6.539486e+00
2.923037e+02	2.131283e+01	3.129526e-02	7.610874e+00
3.361493e+02	2.071379e+01	2.829025e-02	8.889049e+00
3.865717e+02	2.007490e+01	2.483449e-02	1.042486e+01
4.445574e+02	1.939263e+01	2.174813e-02	1.227886e+01
5.112411e+02	1.871092e+01	1.933268e-02	1.452704e+01
5.879272e+02	1.802501e+01	1.710107e-02	1.726475e+01
6.761163e+02	1.729672e+01	1.542055e-02	2.061303e+01
7.775337e+02	1.653554e+01	1.348794e-02	2.472320e+01
8.941638e+02	1.574494e+01	1.180875e-02	2.978934e+01
1.028288e+03	1.493794e+01	1.046746e-02	3.605812e+01
1.182532e+03	1.412395e+01	9.190195e-03	4.384335e+01
1.359911e+03	1.330856e+01	8.085438e-03	5.354615e+01
1.563898e+03	1.249453e+01	7.157126e-03	6.568021e+01
1.798483e+03	1.168919e+01	6.355950e-03	8.090427e+01
2.068255e+03	1.089751e+01	5.616910e-03	1.000640e+02
2.378493e+03	1.012161e+01	4.927839e-03	1.242460e+02
2.735268e+03	9.371025e+00	4.322932e-03	1.548468e+02
3.145558e+03	8.651835e+00	3.903721e-03	1.936617e+02
3.617391e+03	7.967231e+00	3.461076e-03	2.429968e+02
4.160000e+03	7.318609e+00	2.952033e-03	3.058120e+02
4.784000e+03	6.706508e+00	2.642665e-03	3.859007e+02
5.501600e+03	6.134047e+00	2.292504e-03	4.881136e+02
6.326840e+03	5.602554e+00	2.069655e-03	6.186382e+02
7.275866e+03	5.111226e+00	1.829455e-03	7.853413e+02
8.367246e+03	4.658897e+00	1.556339e-03	9.981867e+02
9.622333e+03	4.246315e+00	1.391579e-03	1.269738e+03
