# Energy_MeV	dEdx_Elec_MeV_um	dEdx_Nucl_MeV_um	Range_um
1.000000e-05	8.504353e-03	9.603080e-02	2.351737e-03
1.150000e-05	4.570995e-03	1.060661e-01	2.521957e-03
1.322500e-05	5.009360e-03	1.165272e-01	2.704497e-03
1.520875e-05	5.477267e-03	1.281997e-01	2.900250e-03
1.749006e-05	5.977119e-03	1.403485e-01	3.110172e-03
2.011357e-05	6.511449e-03	1.537491e-01	3.335288e-03
2.313061e-05	7.082941e-03	1.691599e-01	3.576698e-03
2.660020e-05	7.694447e-03	1.849424e-01	3.835581e-03
3.059023e-05	8.349001e-03	2.025865e-01	4.113202e-03
3.517876e-05	9.049841e-03	2.212218e-01	4.410918e-03
4.045558e-05	9.800422e-03	2.417514e-01	4.730183e-03
4.652391e-05	1.060444e-02	2.635475e-01	5.072556e-03
5.350250e-05	1.146584e-02	2.862649e-01	5.439710e-03
6.152788e-05	1.238886e-02	3.119277e-01	5.833439e-03
7.075706e-05	1.337801e-02	3.385596e-01	6.255667e-03
8.137062e-05	1.443814e-02	3.673878e-01	6.708455e-03
9.357621e-05	1.557445e-02	3.961444e-01	7.194017e-03
1.076126e-04	1.679249e-02	4.292145e-01	7.714724e-03
1.237545e-04	1.809822e-02	4.651422e-01	8.273119e-03
1.423177e-04	1.949802e-02	5.009032e-01	8.871932e-03
1.636654e-04	2.099875e-02	5.400251e-01	9.514087e-03
1.882152e-04	2.260773e-02	5.778366e-01	1.020272e-02
2.164475e-04	2.433283e-02	6.213198e-01	1.094120e-02
2.489146e-04	2.618249e-02	6.676881e-01	1.173313e-02
2.862518e-04	2.816574e-02	7.130644e-01	1.258238e-02
3.291895e-04	3.029226e-02	7.626715e-01	1.349310e-02
3.785680e-04	3.257247e-02	8.122839e-01	1.446974e-02
4.353531e-04	3.501749e-02	8.634487e-01	1.551706e-02
5.006561e-04	3.763927e-02	9.152939e-01	1.664020e-02
5.757545e-04	4.045062e-02	9.677051e-01	1.784462e-02
6.621177e-04	4.346527e-02	1.023821e+00	1.913623e-02
7.614354e-04	4.669797e-02	1.078495e+00	2.052132e-02
8.756507e-04	5.016449e-02	1.128698e+00	2.200666e-02
1.006998e-03	5.388177e-02	1.181012e+00	2.359952e-02
1.158048e-03	5.786799e-02	1.241173e+00	2.530766e-02
1.331755e-03	6.214260e-02	1.292098e+00	2.713944e-02
1.531519e-03	6.672649e-02	1.346181e+00	2.910381e-02
1.761246e-03	7.164207e-02	1.391391e+00	3.121036e-02
2.025433e-03	7.691333e-02	1.437485e+00	3.346938e-02
2.329248e-03	8.256604e-02	1.490493e+00	3.589191e-02
2.678635e-03	8.862781e-02	1.531322e+00	3.848979e-02
3.080431e-03	9.512826e-02	1.574592e+00	4.127570e-02
3.542495e-03	1.020991e-01	1.611341e+00	4.426326e-02
4.073870e-03	1.095745e-01	1.647668e+00	4.746706e-02
4.684950e-03	1.175909e-01	1.679285e+00	5.090275e-02
5.387693e-03	1.261874e-01	1.704596e+00	5.458434e-02
6.195847e-03	1.354061e-01	1.732311e+00	5.854025e-02
7.125224e-03	1.452920e-01	1.753068e+00	6.277617e-02
8.194007e-03	1.558934e-01	1.771669e+00	6.732046e-02
9.423108e-03	1.672621e-01	1.783057e+00	7.219292e-02
1.083657e-02	1.794537e-01	1.796153e+00	7.741819e-02
1.246206e-02	1.925276e-01	1.806915e+00	8.302167e-02
1.433137e-02	2.065478e-01	1.810289e+00	8.903072e-02
1.648108e-02	2.215827e-01	1.811617e+00	9.547469e-02
1.895324e-02	2.377058e-01	1.806114e+00	1.023851e-01
2.179622e-02	2.549959e-01	1.799785e+00	1.097957e-01
2.506566e-02	2.735375e-01	1.789705e+00	1.177426e-01
2.882550e-02	2.934211e-01	1.773192e+00	1.262648e-01
3.314933e-02	3.147438e-01	1.753240e+00	1.354038e-01
3.812173e-02	3.376099e-01	1.728110e+00	1.452043e-01
4.383999e-02	3.621310e-01	1.698704e+00	1.557142e-01
5.041599e-02	3.884269e-01	1.664938e+00	1.669847e-01
5.797838e-02	4.166261e-01	1.626492e+00	1.790711e-01
6.667514e-02	4.468664e-01	1.583662e+00	1.920322e-01
7.667641e-02	4.792955e-01	1.537029e+00	2.059315e-01
8.817787e-02	5.140718e-01	1.489800e+00	2.208368e-01
1.014046e-01	5.513652e-01	1.437598e+00	2.368210e-01
1.166152e-01	5.913579e-01	1.377565e+00	2.539621e-01
1.341075e-01	6.342453e-01	1.321371e+00	2.723438e-01
1.542237e-01	6.802369e-01	1.258921e+00	2.920562e-01
1.773572e-01	7.295574e-01	1.202778e+00	3.131953e-01
2.039608e-01	7.824477e-01	1.142276e+00	3.358644e-01
2.345549e-01	8.391663e-01	1.072699e+00	3.601743e-01
2.697381e-01	8.999901e-01	1.014069e+00	3.862438e-01
3.101989e-01	9.652164e-01	9.490740e-01	4.142003e-01
3.567287e-01	1.035164e+00	8.903610e-01	4.441803e-01
4.102380e-01	1.110174e+00	8.296068e-01	4.763301e-01
4.717737e-01	1.190614e+00	7.714818e-01	5.108069e-01
5.425397e-01	1.276875e+00	7.207867e-01	5.477793e-01
6.239207e-01	1.369381e+00	6.635012e-01	5.874279e-01
7.175088e-01	1.468582e+00	6.144709e-01	6.299462e-01
8.251351e-01	1.574963e+00	5.663161e-01	6.755418e-01
9.489054e-01	1.689044e+00	5.264922e-01	7.244376e-01
1.091241e+00	1.811383e+00	4.806947e-01	7.768727e-01
1.254927e+00	1.954898e+00	4.400005e-01	8.331041e-01
1.443166e+00	2.139051e+00	4.134089e-01	8.933994e-01
1.659641e+00	2.343058e+00	3.828286e-01	9.580827e-01
1.908588e+00	2.573193e+00	3.476613e-01	9.772325e-01
2.194876e+00	2.822260e+00	3.072188e-01	9.682047e-01
2.524107e+00	3.100043e+00	2.717238e-01	9.582933e-01
2.902723e+00	3.407268e+00	2.466214e-01	9.480646e-01
3.338132e+00	3.742075e+00	2.215360e-01	9.382584e-01
3.838852e+00	4.117040e+00	1.995747e-01	9.296348e-01
4.414679e+00	4.517037e+00	1.799843e-01	9.230052e-01
5.076881e+00	4.954920e+00	1.625260e-01	9.193483e-01
5.838413e+00	5.433796e+00	1.464443e-01	9.196867e-01
6.714175e+00	5.970193e+00	1.307368e-01	9.251670e-01
7.721302e+00	6.572011e+00	1.169520e-01	9.370540e-01
8.879497e+00	7.210418e+00	1.066011e-01	9.567281e-01
1.021142e+01	7.855912e+00	9.603951e-02	9.856767e-01
1.174313e+01	8.520228e+00	8.389364e-02	1.025482e+00
1.350460e+01	9.061630e+00	7.573008e-02	1.077811e+00
1.553030e+01	9.612452e+00	6.693082e-02	1.144409e+00
1.785984e+01	1.010207e+01	6.083644e-02	1.227170e+00
2.053882e+01	1.053077e+01	5.455857e-02	1.328173e+00
2.361964e+01	1.093113e+01	4.733902e-02	1.449807e+00
2.716258e+01	1.120760e+01	4.270037e-02	1.594916e+00
3.123697e+01	1.147452e+01	3.755507e-02	1.766973e+00
3.592252e+01	1.168056e+01	3.360368e-02	1.970293e+00
4.131089e+01	1.182957e+01	2.971908e-02	2.210259e+00
4.750753e+01	1.195131e+01	2.629292e-02	2.493603e+00
5.463366e+01	1.195498e+01	2.371996e-02	2.828742e+00
6.282871e+01	1.195010e+01	2.076908e-02	3.226254e+00
7.225301e+01	1.192807e+01	1.856446e-02	3.698913e+00
8.309096e+01	1.183661e+01	1.649856e-02	4.264650e+00
9.555461e+01	1.143770e+01	1.492086e-02	4.939449e+00
1.098878e+02	1.112572e+01	1.310649e-02	5.800629e+00
1.263710e+02	1.073764e+01	1.146829e-02	6.878415e+00
1.453266e+02	1.030036e+01	1.020011e-02	8.169826e+00
1.671256e+02	9.812502e+00	9.015862e-03	9.744323e+00
1.921945e+02	9.322781e+00	8.133542e-03	1.166856e+01
2.210236e+02	8.822850e+00	7.118874e-03	1.403279e+01
2.541772e+02	8.326208e+00	6.227285e-03	1.695268e+01
2.923037e+02	7.846411e+00	5.523076e-03	2.057283e+01
3.361493e+02	7.365309e+00	4.846939e-03	2.508118e+01
3.865717e+02	6.888878e+00	4.266913e-03	3.071630e+01
4.445574e+02	6.417464e+00	3.775909e-03	3.778587e+01
5.112411e+02	5.956781e+00	3.351929e-03	4.668778e+01
5.879272e+02	5.510077e+00	2.963914e-03	5.793352e+01
6.761163e+02	5.080946e+00	2.599069e-03	7.218320e+01
7.775337e+02	4.669875e+00	2.281477e-03	9.028945e+01
8.941638e+02	4.278828e+00	2.058601e-03	1.133541e+02
1.028288e+03	3.909075e+00	1.826201e-03	1.428003e+02
1.182532e+03	3.562226e+00	1.558940e-03	1.804660e+02
1.359911e+03	3.237704e+00	1.394036e-03	2.287220e+02
1.563898e+03	2.935967e+00	1.210192e-03	2.906233e+02
1.798483e+03	2.657096e+00	1.091467e-03	3.700996e+02
2.068255e+03	2.401200e+00	9.653559e-04	4.721962e+02
2.378493e+03	2.167921e+00	8.206220e-04	6.033754e+02
2.735268e+03	1.956350e+00	7.341184e-04	7.718914e+02
3.145558e+03	1.764477e+00	6.346393e-04	9.882563e+02
3.617391e+03	1.591046e+00	5.617289e-04	1.265813e+03
4.160000e+03	1.435659e+00	4.900920e-04	1.621434e+03
4.784000e+03	1.296859e+00	4.280959e-04	2.076369e+03
5.501600e+03	1.172896e+00	3.815979e-04	2.657258e+03
6.326840e+03	1.062681e+00	3.281252e-04	3.397343e+03
7.275866e+03	9.650417e-01	2.903574e-04	4.337871e+03
8.367246e+03	8.785096e-01	2.552205e-04	5.529740e+03
9.622333e+03	8.020596e-01	2.281573e-04	7.035302e+03
