# Energy_MeV	dEdx_Elec_MeV_um	dEdx_Nucl_MeV_um	Range_um
1.000000e-05	7.691245e-03	7.740513e-02	2.600359e-03
1.150000e-05	8.247942e-03	8.540575e-02	2.788575e-03
1.322500e-05	8.844932e-03	9.447525e-02	2.990413e-03
1.520875e-05	9.485133e-03	1.041646e-01	3.206861e-03
1.749006e-05	1.017167e-02	1.145936e-01	3.438975e-03
2.011357e-05	1.090790e-02	1.259931e-01	3.687890e-03
2.313061e-05	1.169742e-02	1.391026e-01	3.954821e-03
2.660020e-05	6.322206e-03	1.529476e-01	4.241073e-03
3.059023e-05	6.850042e-03	1.681956e-01	4.548044e-03
3.517876e-05	7.415393e-03	1.842962e-01	4.877234e-03
4.045558e-05	8.021040e-03	2.018019e-01	5.230251e-03
4.652391e-05	8.669956e-03	2.219334e-01	5.608820e-03
5.350250e-05	9.365325e-03	2.428558e-01	6.014789e-03
6.152788e-05	1.011055e-02	2.659048e-01	6.450142e-03
7.075706e-05	1.090929e-02	2.905306e-01	6.917007e-03
8.137062e-05	1.176545e-02	3.176123e-01	7.417664e-03
9.357621e-05	1.268321e-02	3.460852e-01	7.954558e-03
1.076126e-04	1.366707e-02	3.761123e-01	8.530313e-03
1.237545e-04	1.472183e-02	4.096364e-01	9.147742e-03
1.423177e-04	1.585266e-02	4.448905e-01	9.809860e-03
1.636654e-04	1.706509e-02	4.832180e-01	1.051990e-02
1.882152e-04	1.836502e-02	5.207836e-01	1.128134e-02
2.164475e-04	1.975883e-02	5.639840e-01	1.209789e-02
2.489146e-04	2.125332e-02	6.118732e-01	1.297354e-02
2.862518e-04	2.285580e-02	6.585889e-01	1.391257e-02
3.291895e-04	2.457409e-02	7.108408e-01	1.491957e-02
3.785680e-04	2.641659e-02	7.602351e-01	1.599946e-02
4.353531e-04	2.839230e-02	8.170385e-01	1.715751e-02
5.006561e-04	3.051088e-02	8.790565e-01	1.839938e-02
5.757545e-04	3.278267e-02	9.383329e-01	1.973113e-02
6.621177e-04	3.521878e-02	1.004385e+00	2.115928e-02
7.614354e-04	3.783111e-02	1.069195e+00	2.269080e-02
8.756507e-04	4.063242e-02	1.137149e+00	2.433318e-02
1.006998e-03	4.363639e-02	1.206268e+00	2.609442e-02
1.158048e-03	4.685770e-02	1.274734e+00	2.798315e-02
1.331755e-03	5.031209e-02	1.349790e+00	3.000859e-02
1.531519e-03	5.401644e-02	1.421212e+00	3.218062e-02
1.761246e-03	5.798884e-02	1.489051e+00	3.450988e-02
2.025433e-03	6.224870e-02	1.557390e+00	3.700772e-02
2.329248e-03	6.681683e-02	1.635980e+00	3.968636e-02
2.678635e-03	7.171554e-02	1.705343e+00	4.255888e-02
3.080431e-03	7.696878e-02	1.775994e+00	4.563931e-02
3.542495e-03	8.260220e-02	1.837908e+00	4.894271e-02
4.073870e-03	8.864332e-02	1.898122e+00	5.248521e-02
4.684950e-03	9.512166e-02	1.967369e+00	5.628411e-02
5.387693e-03	1.020689e-01	2.023675e+00	6.035799e-02
6.195847e-03	1.095189e-01	2.080201e+00	6.472673e-02
7.125224e-03	1.175081e-01	2.130277e+00	6.941169e-02
8.194007e-03	1.260755e-01	2.179293e+00	7.443574e-02
9.423108e-03	1.352631e-01	2.220597e+00	7.981433e-02
1.083657e-02	1.451156e-01	2.255214e+00	8.560417e-02
1.246206e-02	1.556812e-01	2.291418e+00	9.179849e-02
1.433137e-02	1.670115e-01	2.320212e+00	9.844350e-02
1.648108e-02	1.791619e-01	2.346125e+00	1.055686e-01
1.895324e-02	1.921917e-01	2.361002e+00	1.132096e-01
2.179622e-02	2.061647e-01	2.378109e+00	1.214037e-01
2.506566e-02	2.211489e-01	2.393828e+00	1.301907e-01
2.882550e-02	2.372177e-01	2.398236e+00	1.396138e-01
3.314933e-02	2.544496e-01	2.401166e+00	1.497190e-01
3.812173e-02	2.729287e-01	2.393977e+00	1.605556e-01
4.383999e-02	2.927453e-01	2.385710e+00	1.721766e-01
5.041599e-02	3.139963e-01	2.373506e+00	1.846386e-01
5.797838e-02	3.367854e-01	2.351934e+00	1.980027e-01
6.667514e-02	3.612240e-01	2.326263e+00	2.123341e-01
7.667641e-02	3.874314e-01	2.293436e+00	2.277028e-01
8.817787e-02	4.155357e-01	2.255110e+00	2.441839e-01
1.014046e-01	4.456743e-01	2.210921e+00	2.618579e-01
1.166152e-01	4.779942e-01	2.160697e+00	2.808111e-01
1.341075e-01	5.126535e-01	2.104247e+00	3.011362e-01
1.542237e-01	5.498215e-01	2.043329e+00	3.229325e-01
1.773572e-01	5.896796e-01	1.980572e+00	3.463064e-01
2.039608e-01	6.324228e-01	1.912378e+00	3.713720e-01
2.345549e-01	6.782597e-01	1.833955e+00	3.982519e-01
2.697381e-01	7.274142e-01	1.758673e+00	4.270775e-01
3.101989e-01	7.801266e-01	1.677093e+00	4.579895e-01
3.567287e-01	8.366544e-01	1.601289e+00	4.911388e-01
4.102380e-01	8.972737e-01	1.522254e+00	5.266874e-01
4.717737e-01	9.622806e-01	1.431363e+00	5.648092e-01
5.425397e-01	1.031993e+00	1.351801e+00	6.056904e-01
6.239207e-01	1.106751e+00	1.266896e+00	6.495305e-01
7.175088e-01	1.186920e+00	1.187806e+00	6.965435e-01
8.251351e-01	1.272891e+00	1.106522e+00	7.469594e-01
9.489054e-01	1.365086e+00	1.030592e+00	8.010248e-01
1.091241e+00	1.463953e+00	9.622257e-01	8.590034e-01
1.254927e+00	1.569976e+00	8.873920e-01	9.211783e-01
1.443166e+00	1.683674e+00	8.209507e-01	9.878533e-01
1.659641e+00	1.805601e+00	7.553656e-01	1.059354e+00
1.908588e+00	1.936353e+00	7.033425e-01	1.136031e+00
2.194876e+00	2.095451e+00	6.435159e-01	1.218259e+00
2.524107e+00	2.299941e+00	5.863401e-01	1.306429e+00
2.902723e+00	2.526075e+00	5.516028e-01	1.401013e+00
3.338132e+00	2.781056e+00	5.116548e-01	1.502366e+00
3.838852e+00	3.058719e+00	4.657147e-01	1.612788e+00
4.414679e+00	3.366157e+00	4.128835e-01	1.598744e+00
5.076881e+00	3.707655e+00	3.631797e-01	1.563324e+00
5.838413e+00	4.077615e+00	3.303876e-01	1.529492e+00
6.714175e+00	4.491605e+00	2.962864e-01	1.498511e+00
7.721302e+00	4.938107e+00	2.675977e-01	1.471707e+00
8.879497e+00	5.415588e+00	2.410782e-01	1.450475e+00
1.021142e+01	5.935552e+00	2.173615e-01	1.436258e+00
1.174313e+01	6.521557e+00	1.963536e-01	1.430696e+00
1.350460e+01	7.181955e+00	1.749527e-01	1.435484e+00
1.553030e+01	7.906277e+00	1.569452e-01	1.452434e+00
1.785984e+01	8.677470e+00	1.425696e-01	1.483452e+00
2.053882e+01	9.525171e+00	1.287727e-01	1.530521e+00
2.361964e+01	1.026529e+01	1.129061e-01	1.595686e+00
2.716258e+01	1.104051e+01	1.014441e-01	1.681065e+00
3.123697e+01	1.178002e+01	8.994932e-02	1.788909e+00
3.592252e+01	1.242972e+01	8.139462e-02	1.921676e+00
4.131089e+01	1.306875e+01	7.319366e-02	2.082240e+00
4.750753e+01	1.354302e+01	6.376254e-02	2.274024e+00
5.463366e+01	1.400856e+01	5.722212e-02	2.501254e+00
6.282871e+01	1.441130e+01	5.050066e-02	2.769207e+00
7.225301e+01	1.472356e+01	4.506292e-02	3.084490e+00
8.309096e+01	1.500691e+01	3.980675e-02	3.455381e+00
9.555461e+01	1.513067e+01	3.533106e-02	3.892194e+00
1.098878e+02	1.525397e+01	3.179832e-02	4.407893e+00
1.263710e+02	1.537087e+01	2.794350e-02	5.017937e+00
1.453266e+02	1.537790e+01	2.490434e-02	5.744059e+00
1.671256e+02	1.473817e+01	2.205827e-02	6.606901e+00
1.921945e+02	1.445152e+01	1.999726e-02	7.709395e+00
2.210236e+02	1.405366e+01	1.762711e-02	9.071728e+00
2.541772e+02	1.357936e+01	1.535429e-02	1.069528e+01
2.923037e+02	1.302924e+01	1.369763e-02	1.265971e+01
3.361493e+02	1.246998e+01	1.205656e-02	1.504487e+01
3.865717e+02	1.188837e+01	1.090395e-02	1.795565e+01
4.445574e+02	1.130495e+01	9.578464e-03	2.152632e+01
5.112411e+02	1.074096e+01	8.339331e-03	2.592386e+01
5.879272e+02	1.016368e+01	7.419401e-03	3.136434e+01
6.761163e+02	9.582649e+00	6.494808e-03	3.812037e+01
7.775337e+02	8.997703e+00	5.737104e-03	4.654270e+01
8.941638e+02	8.417792e+00	5.068696e-03	5.708293e+01
1.028288e+03	7.847417e+00	4.489888e-03	7.031963e+01
1.182532e+03	7.291949e+00	3.983012e-03	8.699735e+01
1.359911e+03	6.752179e+00	3.483523e-03	1.080757e+02
1.563898e+03	6.231520e+00	3.068643e-03	1.347924e+02
1.798483e+03	5.732849e+00	2.756747e-03	1.687442e+02
2.068255e+03	5.258144e+00	2.453155e-03	2.119912e+02
2.378493e+03	4.808305e+00	2.104025e-03	2.671900e+02
2.735268e+03	4.385617e+00	1.870107e-03	3.377638e+02
3.145558e+03	3.991154e+00	1.629946e-03	4.281181e+02
3.617391e+03	3.625579e+00	1.461984e-03	5.439127e+02
4.160000e+03	3.288319e+00	1.297241e-03	6.924028e+02
4.784000e+03	2.978787e+00	1.107786e-03	8.828655e+02
5.501600e+03	2.696077e+00	9.851561e-04	1.127127e+03
6.326840e+03	2.439106e+00	8.552036e-04	1.440210e+03
7.275866e+03	2.206795e+00	7.544616e-04	1.841129e+03
8.367246e+03	1.997840e+00	6.572661e-04	2.353837e+03
9.622333e+03	1.810756e+00	5.748745e-04	3.008378e+03
