# Energy_MeV	dEdx_Elec_MeV_um	dEdx_Nucl_MeV_um	Range_um
1.000000e-05	9.141063e-03	5.866766e-02	2.187929e-03
1.150000e-05	9.802698e-03	6.490247e-02	2.346293e-03
1.322500e-05	1.051222e-02	7.201766e-02	2.516119e-03
1.520875e-05	1.127310e-02	8.018138e-02	2.698237e-03
1.749006e-05	1.208906e-02	8.867415e-02	2.893537e-03
2.011357e-05	1.296407e-02	9.844085e-02	3.102972e-03
2.313061e-05	1.390241e-02	1.088193e-01	3.327567e-03
2.660020e-05	1.490868e-02	1.204585e-01	3.568418e-03
3.059023e-05	1.598778e-02	1.332930e-01	3.826702e-03
3.517876e-05	1.714498e-02	1.469766e-01	4.103681e-03
4.045558e-05	1.838594e-02	1.627070e-01	4.400707e-03
4.652391e-05	1.971673e-02	1.792790e-01	4.719233e-03
5.350250e-05	2.114383e-02	1.974437e-01	5.060814e-03
6.152788e-05	2.267424e-02	2.169406e-01	5.427118e-03
7.075706e-05	2.431541e-02	2.393621e-01	5.819936e-03
8.137062e-05	2.607537e-02	2.635190e-01	6.241186e-03
9.357621e-05	2.796272e-02	2.895981e-01	6.692926e-03
1.076126e-04	2.998668e-02	3.177482e-01	7.177363e-03
1.237545e-04	3.215713e-02	3.476886e-01	7.696865e-03
1.423177e-04	3.448468e-02	3.821201e-01	8.253968e-03
1.636654e-04	3.698070e-02	4.187165e-01	8.851395e-03
1.882152e-04	3.965738e-02	4.581378e-01	9.492063e-03
2.164475e-04	4.252780e-02	5.010066e-01	1.017910e-02
2.489146e-04	4.560599e-02	5.475377e-01	1.091587e-02
2.862518e-04	4.890697e-02	5.967239e-01	1.170597e-02
3.291895e-04	5.244689e-02	6.490136e-01	1.255325e-02
3.785680e-04	2.817055e-02	7.063507e-01	1.346186e-02
4.353531e-04	3.029125e-02	7.678819e-01	1.443624e-02
5.006561e-04	3.256523e-02	8.344368e-01	1.548114e-02
5.757545e-04	3.500361e-02	8.994630e-01	1.660168e-02
6.621177e-04	3.761830e-02	9.733497e-01	1.780332e-02
7.614354e-04	4.042207e-02	1.057800e+00	1.909193e-02
8.756507e-04	4.342863e-02	1.137699e+00	2.047381e-02
1.006998e-03	4.665265e-02	1.229583e+00	2.195572e-02
1.158048e-03	5.010990e-02	1.314597e+00	2.354489e-02
1.331755e-03	5.381726e-02	1.411750e+00	2.524908e-02
1.531519e-03	5.779285e-02	1.521669e+00	2.707662e-02
1.761246e-03	6.205608e-02	1.623051e+00	2.903644e-02
2.025433e-03	6.662779e-02	1.739348e+00	3.113811e-02
2.329248e-03	7.153030e-02	1.850194e+00	3.339190e-02
2.678635e-03	7.678758e-02	1.969386e+00	3.580883e-02
3.080431e-03	8.242530e-02	2.091308e+00	3.840069e-02
3.542495e-03	8.847101e-02	2.208408e+00	4.118015e-02
4.073870e-03	9.495424e-02	2.341433e+00	4.416079e-02
4.684950e-03	1.019067e-01	2.463589e+00	4.735717e-02
5.387693e-03	1.093623e-01	2.585626e+00	5.078491e-02
6.195847e-03	1.173574e-01	2.702508e+00	5.446075e-02
7.125224e-03	1.259312e-01	2.836922e+00	5.840265e-02
8.194007e-03	1.351256e-01	2.963109e+00	6.262986e-02
9.423108e-03	1.449854e-01	3.083945e+00	6.716305e-02
1.083657e-02	1.555588e-01	3.197441e+00	7.202434e-02
1.246206e-02	1.668974e-01	3.300426e+00	7.723750e-02
1.433137e-02	1.790568e-01	3.418860e+00	8.279267e-02
1.648108e-02	1.920962e-01	3.523073e+00	8.880775e-02
1.895324e-02	2.060793e-01	3.619750e+00	9.525500e-02
2.179622e-02	2.210746e-01	3.710908e+00	1.021488e-01
2.506566e-02	2.371552e-01	3.797335e+00	1.095423e-01
2.882550e-02	2.543997e-01	3.869542e+00	1.174710e-01
3.314933e-02	2.728923e-01	3.932881e+00	1.259734e-01
3.812173e-02	2.927234e-01	3.994802e+00	1.350912e-01
4.383999e-02	3.139898e-01	4.048515e+00	1.448690e-01
5.041599e-02	3.367956e-01	4.096644e+00	1.553546e-01
5.797838e-02	3.612520e-01	4.122579e+00	1.665991e-01
6.667514e-02	3.874785e-01	4.151839e+00	1.786574e-01
7.667641e-02	4.156033e-01	4.183142e+00	1.915885e-01
8.817787e-02	4.457638e-01	4.190681e+00	2.054556e-01
1.014046e-01	4.781074e-01	4.198876e+00	2.203265e-01
1.166152e-01	5.127919e-01	4.186580e+00	2.362737e-01
1.341075e-01	5.499869e-01	4.172440e+00	2.533751e-01
1.542237e-01	5.898742e-01	4.154133e+00	2.717143e-01
1.773572e-01	6.326484e-01	4.117238e+00	2.913809e-01
2.039608e-01	6.785187e-01	4.074377e+00	3.124712e-01
2.345549e-01	7.277091e-01	4.018232e+00	3.350879e-01
2.697381e-01	7.804598e-01	3.952921e+00	3.593414e-01
3.101989e-01	8.370288e-01	3.877129e+00	3.853505e-01
3.567287e-01	8.976922e-01	3.791231e+00	4.132423e-01
4.102380e-01	9.627464e-01	3.693352e+00	4.431529e-01
4.717737e-01	1.032509e+00	3.589163e+00	4.752284e-01
5.425397e-01	1.107322e+00	3.479000e+00	5.096254e-01
6.239207e-01	1.187549e+00	3.362366e+00	5.465121e-01
7.175088e-01	1.273583e+00	3.228238e+00	5.860689e-01
8.251351e-01	1.365845e+00	3.094493e+00	6.284888e-01
9.489054e-01	1.464784e+00	2.954965e+00	6.739789e-01
1.091241e+00	1.570885e+00	2.818758e+00	7.227615e-01
1.254927e+00	1.684665e+00	2.683582e+00	7.750752e-01
1.443166e+00	1.806680e+00	2.528129e+00	8.311756e-01
1.659641e+00	1.937528e+00	2.384142e+00	8.913364e-01
1.908588e+00	2.077846e+00	2.238927e+00	9.558515e-01
2.194876e+00	2.228320e+00	2.097290e+00	1.025036e+00
2.524107e+00	2.389686e+00	1.953435e+00	1.099229e+00
2.902723e+00	2.562731e+00	1.823296e+00	1.178792e+00
3.338132e+00	2.748302e+00	1.700666e+00	1.264112e+00
3.838852e+00	2.980875e+00	1.572676e+00	1.355611e+00
4.414679e+00	3.259707e+00	1.452673e+00	1.453727e+00
5.076881e+00	3.566711e+00	1.333370e+00	1.558937e+00
5.838413e+00	3.910303e+00	1.244393e+00	1.671911e+00
6.714175e+00	4.291383e+00	1.142071e+00	1.795759e+00
7.721302e+00	4.705337e+00	1.033591e+00	1.933236e+00
8.879497e+00	5.169022e+00	9.741790e-01	2.086707e+00
1.021142e+01	5.667129e+00	9.058551e-01	2.259355e+00
1.174313e+01	6.211492e+00	8.272825e-01	2.455309e+00
1.350460e+01	6.804235e+00	7.369241e-01	2.663286e+00
1.553030e+01	7.395171e+00	6.430344e-01	2.497442e+00
1.785984e+01	8.049180e+00	5.869493e-01	2.360135e+00
2.053882e+01	8.773134e+00	5.250808e-01	2.250322e+00
2.361964e+01	9.538876e+00	4.760138e-01	2.167241e+00
2.716258e+01	1.035760e+01	4.281862e-01	2.110384e+00
3.123697e+01	1.119165e+01	3.851999e-01	2.079459e+00
3.592252e+01	1.212447e+01	3.492695e-01	2.074347e+00
4.131089e+01	1.315687e+01	3.103200e-01	2.095010e+00
4.750753e+01	1.430931e+01	2.795213e-01	2.141715e+00
5.463366e+01	1.560916e+01	2.526609e-01	2.214838e+00
6.282871e+01	1.685892e+01	2.290636e-01	2.315092e+00
7.225301e+01	1.816672e+01	2.019267e-01	2.443641e+00
8.309096e+01	1.938323e+01	1.801991e-01	2.602256e+00
9.555461e+01	2.052136e+01	1.605393e-01	2.793480e+00
1.098878e+02	2.167913e+01	1.443283e-01	3.020786e+00
1.263710e+02	2.256185e+01	1.303020e-01	3.288748e+00
1.453266e+02	2.339912e+01	1.141717e-01	3.603257e+00
1.671256e+02	2.401960e+01	1.017055e-01	3.971706e+00
1.921945e+02	2.465435e+01	9.020960e-02	4.403469e+00
2.210236e+02	2.532524e+01	8.017475e-02	4.909669e+00
2.541772e+02	2.570364e+01	7.070157e-02	5.503798e+00
2.923037e+02	2.634525e+01	6.304668e-02	6.212059e+00
3.361493e+02	2.641960e+01	5.654773e-02	7.121424e+00
3.865717e+02	2.623389e+01	4.995473e-02	8.200883e+00
4.445574e+02	2.583643e+01	4.433297e-02	9.475534e+00
5.112411e+02	2.527152e+01	3.907306e-02	1.098803e+01
5.879272e+02	2.465111e+01	3.554807e-02	1.279474e+01
6.761163e+02	2.396545e+01	3.149433e-02	1.496265e+01
7.775337e+02	2.326762e+01	2.725358e-02	1.757603e+01
8.941638e+02	2.257538e+01	2.442016e-02	2.073916e+01
1.028288e+03	2.181534e+01	2.136300e-02	2.458433e+01
1.182532e+03	2.100246e+01	1.939168e-02	2.927559e+01
1.359911e+03	2.013897e+01	1.712466e-02	3.502235e+01
1.563898e+03	1.924171e+01	1.480721e-02	4.208974e+01
1.798483e+03	1.832199e+01	1.323383e-02	5.081322e+01
2.068255e+03	1.738802e+01	1.154244e-02	6.161965e+01
2.378493e+03	1.644102e+01	1.024652e-02	7.505343e+01
2.735268e+03	1.549072e+01	9.031466e-03	9.180999e+01
3.145558e+03	1.454294e+01	7.975094e-03	1.127790e+02
3.617391e+03	1.360091e+01	7.108171e-03	1.391001e+02
4.160000e+03	1.267769e+01	6.192973e-03	1.722340e+02
4.784000e+03	1.178335e+01	5.483394e-03	2.140542e+02
5.501600e+03	1.092106e+01	4.894717e-03	2.669635e+02
6.326840e+03	1.009363e+01	4.375477e-03	3.340418e+02
7.275866e+03	9.306278e+00	3.778351e-03	4.192329e+02
8.367246e+03	8.563725e+00	3.329029e-03	5.275793e+02
9.622333e+03	7.864944e+00	2.918276e-03	6.655136e+02
