# Energy_MeV	dEdx_Elec_MeV_um	dEdx_Nucl_MeV_um	Range_um
1.000000e-05	9.767766e-03	8.749884e-02	2.047551e-03
1.150000e-05	1.047476e-02	9.663948e-02	2.195754e-03
1.322500e-05	1.123293e-02	1.067753e-01	2.354684e-03
1.520875e-05	1.204598e-02	1.178454e-01	2.525117e-03
1.749006e-05	1.291787e-02	1.294214e-01	2.707886e-03
2.011357e-05	1.385287e-02	1.424453e-01	2.903884e-03
2.313061e-05	1.485555e-02	1.574227e-01	3.114069e-03
2.660020e-05	1.593080e-02	1.727468e-01	3.339467e-03
3.059023e-05	1.708388e-02	1.901675e-01	3.581180e-03
3.517876e-05	1.832042e-02	2.079285e-01	3.840387e-03
4.045558e-05	1.964647e-02	2.279287e-01	4.118356e-03
4.652391e-05	1.063556e-02	2.509288e-01	4.416445e-03
5.350250e-05	1.151748e-02	2.739923e-01	4.736110e-03
6.152788e-05	1.246219e-02	3.003256e-01	5.078912e-03
7.075706e-05	1.347432e-02	3.276841e-01	5.446526e-03
8.137062e-05	1.455886e-02	3.579000e-01	5.840749e-03
9.357621e-05	1.572110e-02	3.904302e-01	6.263505e-03
1.076126e-04	1.696675e-02	4.237705e-01	6.716861e-03
1.237545e-04	1.830191e-02	4.620715e-01	7.203031e-03
1.423177e-04	1.973310e-02	5.010716e-01	7.724390e-03
1.636654e-04	2.126733e-02	5.430205e-01	8.283486e-03
1.882152e-04	2.291210e-02	5.859389e-01	8.883049e-03
2.164475e-04	2.467545e-02	6.352951e-01	9.526009e-03
2.489146e-04	2.656600e-02	6.873772e-01	1.021551e-02
2.862518e-04	2.859300e-02	7.407495e-01	1.095491e-02
3.291895e-04	3.076635e-02	7.972927e-01	1.174783e-02
3.785680e-04	3.309667e-02	8.537253e-01	1.259815e-02
4.353531e-04	3.559535e-02	9.186228e-01	1.351001e-02
5.006561e-04	3.827459e-02	9.854982e-01	1.448787e-02
5.757545e-04	4.114750e-02	1.053221e+00	1.553651e-02
6.621177e-04	4.422810e-02	1.125246e+00	1.666105e-02
7.614354e-04	4.753145e-02	1.199291e+00	1.786698e-02
8.756507e-04	5.107368e-02	1.273857e+00	1.916021e-02
1.006998e-03	5.487211e-02	1.348993e+00	2.054703e-02
1.158048e-03	5.894529e-02	1.427215e+00	2.203424e-02
1.331755e-03	6.331311e-02	1.508150e+00	2.362909e-02
1.531519e-03	6.799693e-02	1.589750e+00	2.533937e-02
1.761246e-03	7.301962e-02	1.661041e+00	2.717345e-02
2.025433e-03	7.840572e-02	1.739118e+00	2.914028e-02
2.329248e-03	8.418154e-02	1.828906e+00	3.124947e-02
2.678635e-03	9.037530e-02	1.900340e+00	3.351132e-02
3.080431e-03	9.701726e-02	1.981058e+00	3.593689e-02
3.542495e-03	1.041399e-01	2.043934e+00	3.853802e-02
4.073870e-03	1.117779e-01	2.112728e+00	4.132742e-02
4.684950e-03	1.199687e-01	2.191834e+00	4.431872e-02
5.387693e-03	1.287523e-01	2.247991e+00	4.752653e-02
6.195847e-03	1.381716e-01	2.312571e+00	5.096653e-02
7.125224e-03	1.482726e-01	2.364084e+00	5.464393e-02
8.194007e-03	1.591046e-01	2.415786e+00	5.861328e-02
9.423108e-03	1.707206e-01	2.462282e+00	6.285484e-02
1.083657e-02	1.831773e-01	2.498250e+00	6.740490e-02
1.246206e-02	1.965356e-01	2.539612e+00	7.228340e-02
1.433137e-02	2.108607e-01	2.567891e+00	7.751521e-02
1.648108e-02	2.262226e-01	2.593051e+00	8.312570e-02
1.895324e-02	2.426964e-01	2.610047e+00	8.914229e-02
2.179622e-02	2.603625e-01	2.629593e+00	9.559436e-02
2.506566e-02	2.793073e-01	2.642982e+00	1.025134e-01
2.882550e-02	2.996233e-01	2.648018e+00	1.099332e-01
3.314933e-02	3.214097e-01	2.648074e+00	1.178902e-01
3.812173e-02	3.447730e-01	2.639860e+00	1.264231e-01
4.383999e-02	3.698273e-01	2.630415e+00	1.355735e-01
5.041599e-02	3.966951e-01	2.613819e+00	1.453862e-01
5.797838e-02	4.255075e-01	2.589173e+00	1.559092e-01
6.667514e-02	4.564053e-01	2.558763e+00	1.671940e-01
7.667641e-02	4.895396e-01	2.521258e+00	1.792955e-01
8.817787e-02	5.250721e-01	2.477226e+00	1.922729e-01
1.014046e-01	5.631764e-01	2.426961e+00	2.061895e-01
1.166152e-01	6.040387e-01	2.369581e+00	2.211135e-01
1.341075e-01	6.478587e-01	2.306463e+00	2.371178e-01
1.542237e-01	6.948503e-01	2.236865e+00	2.542804e-01
1.773572e-01	7.452432e-01	2.168088e+00	2.726852e-01
2.039608e-01	7.992836e-01	2.090177e+00	2.924221e-01
2.345549e-01	8.572354e-01	2.000777e+00	3.135877e-01
2.697381e-01	9.193818e-01	1.919730e+00	3.362853e-01
3.101989e-01	9.860264e-01	1.826525e+00	3.606257e-01
3.567287e-01	1.057495e+00	1.746699e+00	3.867278e-01
4.102380e-01	1.134136e+00	1.656402e+00	4.147192e-01
4.717737e-01	1.216325e+00	1.554192e+00	4.447368e-01
5.425397e-01	1.304462e+00	1.469842e+00	4.769270e-01
6.239207e-01	1.398979e+00	1.372838e+00	5.114471e-01
7.175088e-01	1.500337e+00	1.289062e+00	5.484657e-01
8.251351e-01	1.609031e+00	1.201478e+00	5.881638e-01
9.489054e-01	1.725593e+00	1.116861e+00	6.307355e-01
1.091241e+00	1.850591e+00	1.042515e+00	6.763884e-01
1.254927e+00	1.984637e+00	9.578630e-01	7.253455e-01
1.443166e+00	2.128385e+00	8.876934e-01	7.778461e-01
1.659641e+00	2.289907e+00	8.201376e-01	8.341474e-01
1.908588e+00	2.502850e+00	7.607015e-01	8.945202e-01
2.194876e+00	2.740578e+00	6.923501e-01	9.592834e-01
2.524107e+00	3.007729e+00	6.380817e-01	1.028651e+00
2.902723e+00	3.294894e+00	5.983945e-01	1.103775e+00
3.338132e+00	3.615632e+00	5.527543e-01	1.186867e+00
3.838852e+00	3.962069e+00	5.002680e-01	1.238911e+00
4.414679e+00	4.341080e+00	4.399088e-01	1.199382e+00
5.076881e+00	4.763855e+00	3.923052e-01	1.162771e+00
5.838413e+00	5.208639e+00	3.548404e-01	1.130027e+00
6.714175e+00	5.695722e+00	3.195453e-01	1.102095e+00
7.721302e+00	6.203179e+00	2.867686e-01	1.079943e+00
8.879497e+00	6.776129e+00	2.590251e-01	1.064578e+00
1.021142e+01	7.428164e+00	2.344347e-01	1.057027e+00
1.174313e+01	8.119519e+00	2.104333e-01	1.058437e+00
1.350460e+01	8.896667e+00	1.884101e-01	1.069952e+00
1.553030e+01	9.758422e+00	1.678366e-01	1.092752e+00
1.785984e+01	1.061523e+01	1.537635e-01	1.128041e+00
2.053882e+01	1.153030e+01	1.380006e-01	1.177049e+00
2.361964e+01	1.238104e+01	1.203937e-01	1.241062e+00
2.716258e+01	1.322054e+01	1.089740e-01	1.321484e+00
3.123697e+01	1.399222e+01	9.584875e-02	1.419926e+00
3.592252e+01	1.463006e+01	8.770132e-02	1.538328e+00
4.131089e+01	1.525682e+01	7.833178e-02	1.679105e+00
4.750753e+01	1.575037e+01	6.808559e-02	1.845289e+00
5.463366e+01	1.619559e+01	6.140802e-02	2.040701e+00
6.282871e+01	1.657266e+01	5.385465e-02	2.270141e+00
7.225301e+01	1.677476e+01	4.827578e-02	2.539610e+00
8.309096e+01	1.695175e+01	4.277056e-02	2.856590e+00
9.555461e+01	1.711120e+01	3.792305e-02	3.230157e+00
1.098878e+02	1.718846e+01	3.409339e-02	3.672966e+00
1.263710e+02	1.718463e+01	2.983293e-02	4.194376e+00
1.453266e+02	1.712009e+01	2.665532e-02	4.847527e+00
1.671256e+02	1.678756e+01	2.380928e-02	5.671175e+00
1.921945e+02	1.634442e+01	2.145459e-02	6.642085e+00
2.210236e+02	1.578967e+01	1.874671e-02	7.812661e+00
2.541772e+02	1.520453e+01	1.651556e-02	9.223684e+00
2.923037e+02	1.459065e+01	1.462285e-02	1.093527e+01
3.361493e+02	1.396233e+01	1.300685e-02	1.302234e+01
3.865717e+02	1.335071e+01	1.169001e-02	1.557731e+01
4.445574e+02	1.272194e+01	1.017565e-02	1.871944e+01
5.112411e+02	1.207808e+01	8.964826e-03	2.259892e+01
5.879272e+02	1.142119e+01	7.913812e-03	2.740722e+01
6.761163e+02	1.075899e+01	6.971260e-03	3.339078e+01
7.775337e+02	1.009857e+01	6.105588e-03	4.086416e+01
8.941638e+02	9.447341e+00	5.416249e-03	5.023078e+01
1.028288e+03	8.806699e+00	4.823650e-03	6.200917e+01
1.182532e+03	8.180788e+00	4.244547e-03	7.686671e+01
1.359911e+03	7.573971e+00	3.736872e-03	9.566293e+01
1.563898e+03	6.989269e+00	3.265260e-03	1.195054e+02
1.798483e+03	6.427515e+00	2.963650e-03	1.498212e+02
2.068255e+03	5.894770e+00	2.616799e-03	1.884486e+02
2.378493e+03	5.392971e+00	2.240188e-03	2.377539e+02
2.735268e+03	4.923627e+00	2.001595e-03	3.007785e+02
3.145558e+03	4.485887e+00	1.734409e-03	3.814253e+02
3.617391e+03	4.078925e+00	1.570742e-03	4.846910e+02
4.160000e+03	3.704374e+00	1.382524e-03	6.169549e+02
4.784000e+03	3.362151e+00	1.182636e-03	7.863363e+02
5.501600e+03	3.049830e+00	1.053532e-03	1.003129e+03
6.326840e+03	2.766375e+00	9.105921e-04	1.280330e+03
7.275866e+03	2.511710e+00	8.050975e-04	1.634270e+03
8.367246e+03	2.283415e+00	7.040013e-04	2.085362e+03
9.622333e+03	2.078496e+00	6.166730e-04	2.658980e+03
