# Energy_MeV	dEdx_Elec_MeV_um	dEdx_Nucl_MeV_um	Range_um
1.000000e-05	9.517101e-03	5.779119e-02	2.101480e-03
1.150000e-05	1.020595e-02	6.424846e-02	2.253587e-03
1.322500e-05	1.094467e-02	7.109563e-02	2.416702e-03
1.520875e-05	1.173685e-02	7.896989e-02	2.591624e-03
1.749006e-05	1.258637e-02	8.774954e-02	2.779208e-03
2.011357e-05	1.349737e-02	9.714835e-02	2.980368e-03
2.313061e-05	1.447432e-02	1.077426e-01	3.196089e-03
2.660020e-05	1.552198e-02	1.191951e-01	3.427423e-03
3.059023e-05	1.664547e-02	1.318681e-01	3.675502e-03
3.517876e-05	1.785028e-02	1.457530e-01	3.941537e-03
4.045558e-05	1.914229e-02	1.608965e-01	4.226827e-03
4.652391e-05	2.052782e-02	1.778800e-01	4.532767e-03
5.350250e-05	2.201363e-02	1.962199e-01	4.860852e-03
6.152788e-05	2.360699e-02	2.156851e-01	5.212683e-03
7.075706e-05	2.531568e-02	2.372619e-01	5.589979e-03
8.137062e-05	2.714804e-02	2.620753e-01	5.994585e-03
9.357621e-05	2.911303e-02	2.878809e-01	6.428476e-03
1.076126e-04	3.122025e-02	3.167422e-01	6.893773e-03
1.237545e-04	3.347998e-02	3.467036e-01	7.392748e-03
1.423177e-04	3.590328e-02	3.798381e-01	7.927839e-03
1.636654e-04	3.850198e-02	4.179428e-01	8.501660e-03
1.882152e-04	4.128878e-02	4.568637e-01	9.117014e-03
2.164475e-04	4.427728e-02	5.004905e-01	9.776909e-03
2.489146e-04	4.748209e-02	5.464729e-01	1.048457e-02
2.862518e-04	5.091887e-02	5.971456e-01	1.124344e-02
3.291895e-04	5.460441e-02	6.510388e-01	1.205725e-02
3.785680e-04	5.855670e-02	7.070915e-01	1.292996e-02
4.353531e-04	6.279507e-02	7.705454e-01	1.386584e-02
5.006561e-04	6.734021e-02	8.362388e-01	1.486946e-02
5.757545e-04	7.221433e-02	9.072938e-01	1.594571e-02
6.621177e-04	7.744124e-02	9.783974e-01	1.709987e-02
7.614354e-04	8.304648e-02	1.060167e+00	1.833757e-02
8.756507e-04	8.905742e-02	1.148679e+00	1.966486e-02
1.006998e-03	9.550345e-02	1.237102e+00	2.108821e-02
1.158048e-03	1.024160e-01	1.333448e+00	2.261458e-02
1.331755e-03	1.098290e-01	1.426941e+00	2.425144e-02
1.531519e-03	1.177784e-01	1.534457e+00	2.600677e-02
1.761246e-03	1.263033e-01	1.648620e+00	2.788916e-02
2.025433e-03	6.775174e-02	1.760817e+00	2.990779e-02
2.329248e-03	7.274042e-02	1.883054e+00	3.207253e-02
2.678635e-03	7.809008e-02	2.005726e+00	3.439396e-02
3.080431e-03	8.382687e-02	2.131859e+00	3.688341e-02
3.542495e-03	8.997881e-02	2.259582e+00	3.955305e-02
4.073870e-03	9.657595e-02	2.389174e+00	4.241592e-02
4.684950e-03	1.036505e-01	2.527336e+00	4.548601e-02
5.387693e-03	1.112371e-01	2.662524e+00	4.877831e-02
6.195847e-03	1.193727e-01	2.785894e+00	5.230891e-02
7.125224e-03	1.280971e-01	2.915245e+00	5.609505e-02
8.194007e-03	1.374530e-01	3.063999e+00	6.015524e-02
9.423108e-03	1.474860e-01	3.188958e+00	6.450931e-02
1.083657e-02	1.582451e-01	3.322685e+00	6.917853e-02
1.246206e-02	1.697830e-01	3.433507e+00	7.418571e-02
1.433137e-02	1.821559e-01	3.547479e+00	7.954099e-02
1.648108e-02	1.954243e-01	3.678547e+00	8.529950e-02
1.895324e-02	2.096531e-01	3.778496e+00	9.149172e-02
2.179622e-02	2.249118e-01	3.885487e+00	9.811242e-02
2.506566e-02	2.412748e-01	3.975652e+00	1.052142e-01
2.882550e-02	2.588222e-01	4.064947e+00	1.128295e-01
3.314933e-02	2.776396e-01	4.143125e+00	1.209960e-01
3.812173e-02	2.978190e-01	4.205184e+00	1.297536e-01
4.383999e-02	3.194590e-01	4.273711e+00	1.391450e-01
5.041599e-02	3.426653e-01	4.324470e+00	1.492162e-01
5.797838e-02	3.675513e-01	4.369917e+00	1.600164e-01
6.667514e-02	3.942385e-01	4.398074e+00	1.715984e-01
7.667641e-02	4.228573e-01	4.430456e+00	1.840186e-01
8.817787e-02	4.535475e-01	4.456507e+00	1.973377e-01
1.014046e-01	4.864591e-01	4.464849e+00	2.116209e-01
1.166152e-01	5.217529e-01	4.467728e+00	2.269381e-01
1.341075e-01	5.596012e-01	4.454121e+00	2.433638e-01
1.542237e-01	6.001890e-01	4.438473e+00	2.609784e-01
1.773572e-01	6.437145e-01	4.413223e+00	2.798680e-01
2.039608e-01	6.903905e-01	4.372393e+00	3.001248e-01
2.345549e-01	7.404448e-01	4.322927e+00	3.218479e-01
2.697381e-01	7.941221e-01	4.260792e+00	3.451433e-01
3.101989e-01	8.516846e-01	4.188051e+00	3.701247e-01
3.567287e-01	9.134135e-01	4.104589e+00	3.969143e-01
4.102380e-01	9.796103e-01	4.009527e+00	4.256431e-01
4.717737e-01	1.050599e+00	3.903794e+00	4.564513e-01
5.425397e-01	1.126725e+00	3.788489e+00	4.894893e-01
6.239207e-01	1.208361e+00	3.672071e+00	5.249184e-01
7.175088e-01	1.295907e+00	3.542995e+00	5.629121e-01
8.251351e-01	1.389788e+00	3.394558e+00	6.036560e-01
9.489054e-01	1.490466e+00	3.256244e+00	6.473488e-01
1.091241e+00	1.598430e+00	3.101831e+00	6.942040e-01
1.254927e+00	1.714208e+00	2.963843e+00	7.444505e-01
1.443166e+00	1.838367e+00	2.814246e+00	7.983341e-01
1.659641e+00	1.971513e+00	2.642210e+00	8.561180e-01
1.908588e+00	2.114295e+00	2.498243e+00	9.180842e-01
2.194876e+00	2.267412e+00	2.337536e+00	9.845353e-01
2.524107e+00	2.431612e+00	2.193170e+00	1.055796e+00
2.902723e+00	2.607697e+00	2.043597e+00	1.132215e+00
3.338132e+00	2.796527e+00	1.899877e+00	1.214165e+00
3.838852e+00	3.028445e+00	1.775251e+00	1.302049e+00
4.414679e+00	3.316339e+00	1.633607e+00	1.396284e+00
5.076881e+00	3.632926e+00	1.513182e+00	1.497362e+00
5.838413e+00	3.988901e+00	1.395018e+00	1.605744e+00
6.714175e+00	4.378768e+00	1.296549e+00	1.724137e+00
7.721302e+00	4.805771e+00	1.183311e+00	1.855472e+00
8.879497e+00	5.282861e+00	1.084045e+00	2.001910e+00
1.021142e+01	5.790754e+00	1.018295e+00	2.166453e+00
1.174313e+01	6.353516e+00	9.426822e-01	2.352941e+00
1.350460e+01	6.956213e+00	8.557273e-01	2.566400e+00
1.553030e+01	7.570829e+00	7.557292e-01	2.694672e+00
1.785984e+01	8.236855e+00	6.690904e-01	2.518230e+00
2.053882e+01	8.967994e+00	6.070220e-01	2.375855e+00
2.361964e+01	9.758874e+00	5.454453e-01	2.265378e+00
2.716258e+01	1.058296e+01	4.911437e-01	2.185126e+00
3.123697e+01	1.142714e+01	4.430179e-01	2.133832e+00
3.592252e+01	1.235261e+01	4.001575e-01	2.110558e+00
4.131089e+01	1.335289e+01	3.603940e-01	2.114610e+00
4.750753e+01	1.448884e+01	3.218532e-01	2.145578e+00
5.463366e+01	1.577580e+01	2.877688e-01	2.203336e+00
6.282871e+01	1.709048e+01	2.624637e-01	2.288101e+00
7.225301e+01	1.850245e+01	2.363490e-01	2.400554e+00
8.309096e+01	1.979126e+01	2.063170e-01	2.541983e+00
9.555461e+01	2.106834e+01	1.864011e-01	2.714419e+00
1.098878e+02	2.231821e+01	1.646440e-01	2.920779e+00
1.263710e+02	2.334938e+01	1.497754e-01	3.165018e+00
1.453266e+02	2.434849e+01	1.342527e-01	3.452281e+00
1.671256e+02	2.503475e+01	1.164017e-01	3.789108e+00
1.921945e+02	2.575693e+01	1.050944e-01	4.183825e+00
2.210236e+02	2.653077e+01	9.237216e-02	4.646090e+00
2.541772e+02	2.700725e+01	8.269508e-02	5.189480e+00
2.923037e+02	2.805335e+01	7.315132e-02	5.829590e+00
3.361493e+02	2.826447e+01	6.472047e-02	6.649234e+00
3.865717e+02	2.818452e+01	5.837582e-02	7.635971e+00
4.445574e+02	2.787469e+01	5.107946e-02	8.791769e+00
5.112411e+02	2.734085e+01	4.568206e-02	1.016153e+01
5.879272e+02	2.674730e+01	4.062366e-02	1.179272e+01
6.761163e+02	2.607284e+01	3.672262e-02	1.374426e+01
7.775337e+02	2.536495e+01	3.223642e-02	1.609053e+01
8.941638e+02	2.469167e+01	2.823062e-02	1.892220e+01
1.028288e+03	2.393385e+01	2.509493e-02	2.235481e+01
1.182532e+03	2.311417e+01	2.219850e-02	2.653091e+01
1.359911e+03	2.223187e+01	2.001687e-02	3.163177e+01
1.563898e+03	2.130673e+01	1.750800e-02	3.788694e+01
1.798483e+03	2.034969e+01	1.532858e-02	4.558589e+01
2.068255e+03	1.937337e+01	1.358735e-02	5.509618e+01
2.378493e+03	1.837597e+01	1.192949e-02	6.688557e+01
2.735268e+03	1.736719e+01	1.049532e-02	8.155055e+01
3.145558e+03	1.635575e+01	9.290371e-03	9.985286e+01
3.617391e+03	1.534797e+01	8.250460e-03	1.227666e+02
4.160000e+03	1.435268e+01	7.291052e-03	1.515390e+02
4.784000e+03	1.337962e+01	6.396660e-03	1.877676e+02
5.501600e+03	1.243571e+01	5.611381e-03	2.334993e+02
6.326840e+03	1.152678e+01	5.067303e-03	2.913564e+02
7.275866e+03	1.065741e+01	4.492669e-03	3.646951e+02
8.367246e+03	9.832558e+00	3.831840e-03	4.578061e+02
9.622333e+03	9.052432e+00	3.430343e-03	5.761635e+02
