# Energy_MeV	dEdx_Elec_MeV_um	dEdx_Nucl_MeV_um	Range_um
1.000000e-05	9.106005e-03	6.114561e-02	2.196353e-03
1.150000e-05	9.765102e-03	6.783761e-02	2.355326e-03
1.322500e-05	1.047191e-02	7.553342e-02	2.525806e-03
1.520875e-05	1.122987e-02	8.353948e-02	2.708625e-03
1.749006e-05	1.204269e-02	9.272529e-02	2.904677e-03
2.011357e-05	1.291435e-02	1.025215e-01	3.114919e-03
2.313061e-05	1.384910e-02	1.134978e-01	3.340378e-03
2.660020e-05	1.485150e-02	1.256140e-01	3.582156e-03
3.059023e-05	1.592646e-02	1.384838e-01	3.841435e-03
3.517876e-05	1.707923e-02	1.532841e-01	4.119480e-03
4.045558e-05	1.831543e-02	1.689250e-01	4.417650e-03
4.652391e-05	1.964111e-02	1.860994e-01	4.737402e-03
5.350250e-05	2.106274e-02	2.044367e-01	5.080298e-03
6.152788e-05	2.258728e-02	2.255246e-01	5.448012e-03
7.075706e-05	2.422215e-02	2.483760e-01	5.842342e-03
8.137062e-05	2.597537e-02	2.729041e-01	6.265214e-03
9.357621e-05	2.785548e-02	2.995483e-01	6.718694e-03
1.076126e-04	2.987167e-02	3.277080e-01	7.204996e-03
1.237545e-04	3.203380e-02	3.600916e-01	7.726498e-03
1.423177e-04	3.435242e-02	3.947347e-01	8.285746e-03
1.636654e-04	3.683887e-02	4.318114e-01	8.885472e-03
1.882152e-04	3.950529e-02	4.723368e-01	9.528607e-03
2.164475e-04	4.236470e-02	5.161004e-01	1.021829e-02
2.489146e-04	4.543108e-02	5.625537e-01	1.095790e-02
2.862518e-04	4.871940e-02	6.119900e-01	1.175104e-02
3.291895e-04	5.224574e-02	6.659169e-01	1.260158e-02
3.785680e-04	5.602731e-02	7.241279e-01	1.351369e-02
4.353531e-04	3.006924e-02	7.867244e-01	1.449182e-02
5.006561e-04	3.232623e-02	8.483720e-01	1.554075e-02
5.757545e-04	3.474638e-02	9.178643e-01	1.666559e-02
6.621177e-04	3.734153e-02	9.977804e-01	1.787186e-02
7.614354e-04	4.012434e-02	1.073138e+00	1.916543e-02
8.756507e-04	4.310843e-02	1.159557e+00	2.055264e-02
1.006998e-03	4.630836e-02	1.240353e+00	2.204025e-02
1.158048e-03	4.973977e-02	1.331727e+00	2.363553e-02
1.331755e-03	5.341943e-02	1.436166e+00	2.534629e-02
1.531519e-03	5.736531e-02	1.531518e+00	2.718086e-02
1.761246e-03	6.159669e-02	1.641173e+00	2.914823e-02
2.025433e-03	6.613423e-02	1.746066e+00	3.125799e-02
2.329248e-03	7.100012e-02	1.858985e+00	3.352046e-02
2.678635e-03	7.621812e-02	1.974674e+00	3.594669e-02
3.080431e-03	8.181372e-02	2.084809e+00	3.854853e-02
3.542495e-03	8.781426e-02	2.211201e+00	4.133869e-02
4.073870e-03	9.424905e-02	2.326092e+00	4.433081e-02
4.684950e-03	1.011495e-01	2.442522e+00	4.753950e-02
5.387693e-03	1.085494e-01	2.552453e+00	5.098043e-02
6.195847e-03	1.164849e-01	2.678872e+00	5.467042e-02
7.125224e-03	1.249946e-01	2.799630e+00	5.862750e-02
8.194007e-03	1.341203e-01	2.913279e+00	6.287099e-02
9.423108e-03	1.439064e-01	3.022113e+00	6.742162e-02
1.083657e-02	1.544008e-01	3.118974e+00	7.230164e-02
1.246206e-02	1.656548e-01	3.230363e+00	7.753487e-02
1.433137e-02	1.777233e-01	3.330552e+00	8.313613e-02
1.648108e-02	1.906652e-01	3.421479e+00	8.916799e-02
1.895324e-02	2.045439e-01	3.508730e+00	9.562039e-02
2.179622e-02	2.194272e-01	3.590017e+00	1.025424e-01
2.506566e-02	2.353876e-01	3.659071e+00	1.099640e-01
2.882550e-02	2.525033e-01	3.719779e+00	1.179231e-01
3.314933e-02	2.708577e-01	3.778017e+00	1.264583e-01
3.812173e-02	2.905407e-01	3.829763e+00	1.356113e-01
4.383999e-02	3.116483e-01	3.875029e+00	1.454267e-01
5.041599e-02	3.342836e-01	3.900603e+00	1.559526e-01
5.797838e-02	3.585573e-01	3.928123e+00	1.672403e-01
6.667514e-02	3.845879e-01	3.958778e+00	1.793451e-01
7.667641e-02	4.125026e-01	3.965868e+00	1.923261e-01
8.817787e-02	4.424378e-01	3.974022e+00	2.062466e-01
1.014046e-01	4.745397e-01	3.962886e+00	2.211746e-01
1.166152e-01	5.089651e-01	3.949587e+00	2.371832e-01
1.341075e-01	5.458823e-01	3.933073e+00	2.543505e-01
1.542237e-01	5.854715e-01	3.898373e+00	2.727604e-01
1.773572e-01	6.279262e-01	3.858349e+00	2.925027e-01
2.039608e-01	6.734538e-01	3.805543e+00	3.136740e-01
2.345549e-01	7.222767e-01	3.744181e+00	3.363778e-01
2.697381e-01	7.746334e-01	3.672838e+00	3.607249e-01
3.101989e-01	8.307797e-01	3.592049e+00	3.868342e-01
3.567287e-01	8.909899e-01	3.499627e+00	4.148332e-01
4.102380e-01	9.555581e-01	3.401634e+00	4.448588e-01
4.717737e-01	1.024800e+00	3.297246e+00	4.770578e-01
5.425397e-01	1.099053e+00	3.187550e+00	5.115875e-01
6.239207e-01	1.178681e+00	3.061399e+00	5.486162e-01
7.175088e-01	1.264073e+00	2.934237e+00	5.883250e-01
8.251351e-01	1.355645e+00	2.803008e+00	6.309081e-01
9.489054e-01	1.453845e+00	2.673100e+00	6.765736e-01
1.091241e+00	1.559153e+00	2.545964e+00	7.255443e-01
1.254927e+00	1.672083e+00	2.399757e+00	7.780592e-01
1.443166e+00	1.793187e+00	2.262160e+00	8.343752e-01
1.659641e+00	1.923057e+00	2.125582e+00	8.947677e-01
1.908588e+00	2.062327e+00	1.990620e+00	9.595315e-01
2.194876e+00	2.211677e+00	1.855320e+00	1.028983e+00
2.524107e+00	2.371837e+00	1.731518e+00	1.103461e+00
2.902723e+00	2.543590e+00	1.614615e+00	1.183329e+00
3.338132e+00	2.739366e+00	1.494237e+00	1.268980e+00
3.838852e+00	2.997649e+00	1.379623e+00	1.360824e+00
4.414679e+00	3.286326e+00	1.266006e+00	1.459349e+00
5.076881e+00	3.612269e+00	1.181771e+00	1.564878e+00
5.838413e+00	3.965388e+00	1.085534e+00	1.679275e+00
6.714175e+00	4.360919e+00	9.805691e-01	1.805869e+00
7.721302e+00	4.792743e+00	9.246905e-01	1.946706e+00
8.879497e+00	5.263010e+00	8.604302e-01	2.104577e+00
1.021142e+01	5.788502e+00	7.865308e-01	2.282981e+00
1.174313e+01	6.331769e+00	7.015465e-01	2.459352e+00
1.350460e+01	6.919684e+00	6.108011e-01	2.316566e+00
1.553030e+01	7.526615e+00	5.580516e-01	2.196625e+00
1.785984e+01	8.201566e+00	4.988889e-01	2.099290e+00
2.053882e+01	8.960085e+00	4.527402e-01	2.024465e+00
2.361964e+01	9.716014e+00	4.070784e-01	1.972206e+00
2.716258e+01	1.054505e+01	3.659830e-01	1.942705e+00
3.123697e+01	1.143880e+01	3.321895e-01	1.936240e+00
3.592252e+01	1.242966e+01	2.949117e-01	1.953203e+00
4.131089e+01	1.354717e+01	2.659448e-01	1.994092e+00
4.750753e+01	1.475501e+01	2.400573e-01	2.059513e+00
5.463366e+01	1.600895e+01	2.178635e-01	2.150290e+00
6.282871e+01	1.729296e+01	1.923406e-01	2.267594e+00
7.225301e+01	1.843531e+01	1.713216e-01	2.413086e+00
8.309096e+01	1.960764e+01	1.528312e-01	2.589089e+00
9.555461e+01	2.062914e+01	1.371502e-01	2.798753e+00
1.098878e+02	2.158232e+01	1.239581e-01	3.046223e+00
1.263710e+02	2.247307e+01	1.087872e-01	3.336851e+00
1.453266e+02	2.305936e+01	9.671075e-02	3.677409e+00
1.671256e+02	2.365082e+01	8.589860e-02	4.076376e+00
1.921945e+02	2.424980e+01	7.625876e-02	4.543903e+00
2.210236e+02	2.471461e+01	6.722562e-02	5.094639e+00
2.541772e+02	2.508506e+01	6.001657e-02	5.737779e+00
2.923037e+02	2.507234e+01	5.377862e-02	6.543967e+00
3.361493e+02	2.494388e+01	4.757775e-02	7.551299e+00
3.865717e+02	2.462085e+01	4.217390e-02	8.724242e+00
4.445574e+02	2.408022e+01	3.711906e-02	1.012262e+01
5.112411e+02	2.347707e+01	3.380372e-02	1.178934e+01
5.879272e+02	2.281082e+01	2.999108e-02	1.378800e+01
6.761163e+02	2.210662e+01	2.590543e-02	1.619723e+01
7.775337e+02	2.142741e+01	2.324053e-02	1.911231e+01
8.941638e+02	2.069902e+01	2.029639e-02	2.265551e+01
1.028288e+03	1.992165e+01	1.844232e-02	2.697873e+01
1.182532e+03	1.909718e+01	1.631013e-02	3.227403e+01
1.359911e+03	1.823845e+01	1.407608e-02	3.878653e+01
1.563898e+03	1.735601e+01	1.259628e-02	4.682608e+01
1.798483e+03	1.646345e+01	1.097525e-02	5.678682e+01
2.068255e+03	1.556005e+01	9.756407e-03	6.917154e+01
2.378493e+03	1.465291e+01	8.593873e-03	8.462296e+01
2.735268e+03	1.375078e+01	7.582079e-03	1.039637e+02
3.145558e+03	1.285682e+01	6.766718e-03	1.282481e+02
3.617391e+03	1.197612e+01	5.889216e-03	1.588283e+02
4.160000e+03	1.112290e+01	5.221840e-03	1.974400e+02
4.784000e+03	1.030167e+01	4.652998e-03	2.463108e+02
5.501600e+03	9.514839e+00	4.164641e-03	3.082984e+02
6.326840e+03	8.765415e+00	3.603029e-03	3.870660e+02
7.275866e+03	8.057326e+00	3.166900e-03	4.873023e+02
8.367246e+03	7.392625e+00	2.780577e-03	6.149958e+02
9.622333e+03	6.771626e+00	2.468762e-03	7.777765e+02
