# Energy_MeV	dEdx_Elec_MeV_um	dEdx_Nucl_MeV_um	Range_um
1.000000e-05	8.694092e-03	8.685598e-02	2.300413e-03
1.150000e-05	9.323375e-03	9.584863e-02	2.466918e-03
1.322500e-05	9.998206e-03	1.058135e-01	2.645475e-03
1.520875e-05	1.072188e-02	1.160925e-01	2.836955e-03
1.749006e-05	1.149794e-02	1.279134e-01	3.042296e-03
2.011357e-05	1.233016e-02	1.412146e-01	3.262499e-03
2.313061e-05	1.322263e-02	1.549638e-01	3.498640e-03
2.660020e-05	1.417969e-02	1.705306e-01	3.751873e-03
3.059023e-05	1.520602e-02	1.863156e-01	4.023436e-03
3.517876e-05	8.240123e-03	2.044683e-01	4.314654e-03
4.045558e-05	8.926061e-03	2.247243e-01	4.626951e-03
4.652391e-05	9.660790e-03	2.455078e-01	4.961853e-03
5.350250e-05	1.044792e-02	2.689975e-01	5.320994e-03
6.152788e-05	1.129131e-02	2.935293e-01	5.706131e-03
7.075706e-05	1.219510e-02	3.202907e-01	6.119143e-03
8.137062e-05	1.316372e-02	3.489638e-01	6.562050e-03
9.357621e-05	1.420191e-02	3.791927e-01	7.037015e-03
1.076126e-04	1.531476e-02	4.130953e-01	7.546358e-03
1.237545e-04	1.650769e-02	4.481840e-01	8.092567e-03
1.423177e-04	1.778656e-02	4.845733e-01	8.678311e-03
1.636654e-04	1.915761e-02	5.235274e-01	9.306452e-03
1.882152e-04	2.062755e-02	5.683246e-01	9.980058e-03
2.164475e-04	2.220356e-02	6.131868e-01	1.070242e-02
2.489146e-04	2.389334e-02	6.616291e-01	1.147707e-02
2.862518e-04	2.570515e-02	7.100613e-01	1.230778e-02
3.291895e-04	2.764785e-02	7.612813e-01	1.319863e-02
3.785680e-04	2.973093e-02	8.201843e-01	1.415395e-02
4.353531e-04	3.196456e-02	8.772385e-01	1.517842e-02
5.006561e-04	3.435967e-02	9.387058e-01	1.627704e-02
5.757545e-04	3.692794e-02	1.000929e+00	1.745518e-02
6.621177e-04	3.968194e-02	1.067285e+00	1.871860e-02
7.614354e-04	4.263511e-02	1.133001e+00	2.007346e-02
8.756507e-04	4.580189e-02	1.197688e+00	2.152639e-02
1.006998e-03	4.919774e-02	1.268685e+00	2.308448e-02
1.158048e-03	5.283926e-02	1.337735e+00	2.475535e-02
1.331755e-03	5.674424e-02	1.409190e+00	2.654715e-02
1.531519e-03	6.093175e-02	1.470812e+00	2.846865e-02
1.761246e-03	6.542225e-02	1.541677e+00	3.052923e-02
2.025433e-03	7.023768e-02	1.617149e+00	3.273895e-02
2.329248e-03	7.540156e-02	1.680855e+00	3.510861e-02
2.678635e-03	8.093913e-02	1.749692e+00	3.764979e-02
3.080431e-03	8.687744e-02	1.803987e+00	4.037490e-02
3.542495e-03	9.324549e-02	1.866427e+00	4.329726e-02
4.073870e-03	1.000744e-01	1.930735e+00	4.643114e-02
4.684950e-03	1.073975e-01	1.981705e+00	4.979185e-02
5.387693e-03	1.152506e-01	2.036289e+00	5.339581e-02
6.195847e-03	1.236721e-01	2.081855e+00	5.726062e-02
7.125224e-03	1.327031e-01	2.124845e+00	6.139279e-02
8.194007e-03	1.423877e-01	2.163133e+00	6.585173e-02
9.423108e-03	1.527733e-01	2.195778e+00	7.061707e-02
1.083657e-02	1.639105e-01	2.229384e+00	7.572904e-02
1.246206e-02	1.758538e-01	2.254758e+00	8.121001e-02
1.433137e-02	1.886615e-01	2.273522e+00	8.708792e-02
1.648108e-02	2.023962e-01	2.288949e+00	9.339128e-02
1.895324e-02	2.171250e-01	2.306689e+00	1.001509e-01
2.179622e-02	2.329199e-01	2.314658e+00	1.073997e-01
2.506566e-02	2.498579e-01	2.319228e+00	1.151733e-01
2.882550e-02	2.680220e-01	2.316265e+00	1.235094e-01
3.314933e-02	2.875007e-01	2.308810e+00	1.324490e-01
3.812173e-02	3.083893e-01	2.300237e+00	1.420356e-01
4.383999e-02	3.307898e-01	2.282745e+00	1.523161e-01
5.041599e-02	3.548117e-01	2.260376e+00	1.633407e-01
5.797838e-02	3.805722e-01	2.231785e+00	1.751632e-01
6.667514e-02	4.081973e-01	2.197633e+00	1.878415e-01
7.667641e-02	4.378219e-01	2.157554e+00	2.014375e-01
8.817787e-02	4.695907e-01	2.112135e+00	2.160175e-01
1.014046e-01	5.036590e-01	2.060055e+00	2.316528e-01
1.166152e-01	5.401931e-01	2.004027e+00	2.484198e-01
1.341075e-01	5.793716e-01	1.942600e+00	2.664005e-01
1.542237e-01	6.213858e-01	1.881110e+00	2.856827e-01
1.773572e-01	6.664410e-01	1.810396e+00	3.063603e-01
2.039608e-01	7.147574e-01	1.733977e+00	3.285347e-01
2.345549e-01	7.665709e-01	1.660416e+00	3.523141e-01
2.697381e-01	8.221346e-01	1.580843e+00	3.778148e-01
3.101989e-01	8.817201e-01	1.509576e+00	4.051611e-01
3.567287e-01	9.456184e-01	1.427620e+00	4.344866e-01
4.102380e-01	1.014142e+00	1.342342e+00	4.659348e-01
4.717737e-01	1.087625e+00	1.265782e+00	4.996594e-01
5.425397e-01	1.166427e+00	1.183572e+00	5.358250e-01
6.239207e-01	1.250932e+00	1.107729e+00	5.746081e-01
7.175088e-01	1.341554e+00	1.033071e+00	6.161982e-01
8.251351e-01	1.438735e+00	9.616689e-01	6.607989e-01
9.489054e-01	1.542951e+00	8.941909e-01	7.086279e-01
1.091241e+00	1.654709e+00	8.233861e-01	7.599187e-01
1.254927e+00	1.774557e+00	7.596979e-01	8.149217e-01
1.443166e+00	1.903079e+00	7.051349e-01	8.739059e-01
1.659641e+00	2.049044e+00	6.511889e-01	9.371601e-01
1.908588e+00	2.246597e+00	5.891510e-01	1.004989e+00
2.194876e+00	2.467639e+00	5.500176e-01	1.077750e+00
2.524107e+00	2.716621e+00	5.139963e-01	1.155684e+00
2.902723e+00	2.986378e+00	4.725718e-01	1.240096e+00
3.338132e+00	3.288808e+00	4.249336e-01	1.258092e+00
3.838852e+00	3.618708e+00	3.701497e-01	1.230215e+00
4.414679e+00	3.982129e+00	3.353514e-01	1.203344e+00
5.076881e+00	4.389454e+00	3.013473e-01	1.178454e+00
5.838413e+00	4.821847e+00	2.726684e-01	1.156573e+00
6.714175e+00	5.297887e+00	2.445279e-01	1.138778e+00
7.721302e+00	5.800216e+00	2.200778e-01	1.126188e+00
8.879497e+00	6.369313e+00	2.000531e-01	1.120048e+00
1.021142e+01	7.018111e+00	1.782687e-01	1.121673e+00
1.174313e+01	7.717900e+00	1.605022e-01	1.132459e+00
1.350460e+01	8.485821e+00	1.436494e-01	1.153883e+00
1.553030e+01	9.304830e+00	1.312085e-01	1.187481e+00
1.785984e+01	1.007405e+01	1.169016e-01	1.234842e+00
2.053882e+01	1.087345e+01	1.029320e-01	1.297608e+00
2.361964e+01	1.158795e+01	9.256717e-02	1.377509e+00
2.716258e+01	1.228315e+01	8.215010e-02	1.476419e+00
3.123697e+01	1.291026e+01	7.475524e-02	1.596495e+00
3.592252e+01	1.341990e+01	6.625115e-02	1.740293e+00
4.131089e+01	1.391766e+01	5.816337e-02	1.910950e+00
4.750753e+01	1.430678e+01	5.210260e-02	2.112372e+00
5.463366e+01	1.465502e+01	4.594244e-02	2.349451e+00
6.282871e+01	1.494851e+01	4.087889e-02	2.628318e+00
7.225301e+01	1.509856e+01	3.633993e-02	2.956631e+00
8.309096e+01	1.522760e+01	3.237273e-02	3.343943e+00
9.555461e+01	1.534055e+01	2.889682e-02	3.801885e+00
1.098878e+02	1.538363e+01	2.543119e-02	4.346600e+00
1.263710e+02	1.535907e+01	2.254708e-02	4.990642e+00
1.453266e+02	1.453268e+01	2.033531e-02	5.799579e+00
1.671256e+02	1.416037e+01	1.819812e-02	6.822014e+00
1.921945e+02	1.370405e+01	1.574036e-02	8.033794e+00
2.210236e+02	1.316572e+01	1.405002e-02	9.501750e+00
2.541772e+02	1.260822e+01	1.233213e-02	1.128012e+01
2.923037e+02	1.203181e+01	1.110248e-02	1.344797e+01
3.361493e+02	1.144859e+01	9.907281e-03	1.610446e+01
3.865717e+02	1.088170e+01	8.532798e-03	1.937260e+01
4.445574e+02	1.030636e+01	7.621417e-03	2.341156e+01
5.112411e+02	9.725688e+00	6.667485e-03	2.842270e+01
5.879272e+02	9.141401e+00	5.916188e-03	3.466361e+01
6.761163e+02	8.559822e+00	5.190513e-03	4.246679e+01
7.775337e+02	7.986608e+00	4.572855e-03	5.225803e+01
8.941638e+02	7.427365e+00	4.097887e-03	6.458486e+01
1.028288e+03	6.883386e+00	3.572276e-03	8.015273e+01
1.182532e+03	6.357772e+00	3.169168e-03	9.987142e+01
1.359911e+03	5.853353e+00	2.793417e-03	1.249146e+02
1.563898e+03	5.372958e+00	2.519666e-03	1.567966e+02
1.798483e+03	4.916530e+00	2.204854e-03	1.974705e+02
2.068255e+03	4.487096e+00	1.909660e-03	2.494534e+02
2.378493e+03	4.085573e+00	1.693106e-03	3.159860e+02
2.735268e+03	3.712901e+00	1.483036e-03	4.012335e+02
3.145558e+03	3.368758e+00	1.334486e-03	5.105386e+02
3.617391e+03	3.052444e+00	1.163653e-03	6.507371e+02
4.160000e+03	2.763232e+00	1.007467e-03	8.305497e+02
4.784000e+03	2.500019e+00	8.902884e-04	1.061065e+03
5.501600e+03	2.261760e+00	7.744081e-04	1.356331e+03
6.326840e+03	2.047180e+00	6.786579e-04	1.734066e+03
7.275866e+03	1.854875e+00	5.960100e-04	2.216516e+03
8.367246e+03	1.683078e+00	5.248864e-04	2.831473e+03
9.622333e+03	1.529871e+00	4.618996e-04	3.613464e+03
