# Energy_MeV	dEdx_Elec_MeV_um	dEdx_Nucl_MeV_um	Range_um
1.000000e-05	9.780892e-03	7.482306e-02	2.044803e-03
1.150000e-05	1.048884e-02	8.291258e-02	2.192807e-03
1.322500e-05	1.124803e-02	9.179134e-02	2.351524e-03
1.520875e-05	1.206216e-02	1.015124e-01	2.521728e-03
1.749006e-05	1.293523e-02	1.121174e-01	2.704252e-03
2.011357e-05	1.387149e-02	1.238577e-01	2.899987e-03
2.313061e-05	1.487551e-02	1.368119e-01	3.109890e-03
2.660020e-05	1.595221e-02	1.510303e-01	3.334986e-03
3.059023e-05	1.710684e-02	1.658021e-01	3.576374e-03
3.517876e-05	1.834504e-02	1.825300e-01	3.835233e-03
4.045558e-05	1.967287e-02	2.017672e-01	4.112830e-03
4.652391e-05	2.109680e-02	2.213088e-01	4.410518e-03
5.350250e-05	2.262380e-02	2.436842e-01	4.729754e-03
6.152788e-05	2.426132e-02	2.663160e-01	5.072096e-03
7.075706e-05	2.601737e-02	2.920043e-01	5.439217e-03
8.137062e-05	2.790052e-02	3.215184e-01	5.832911e-03
9.357621e-05	2.991997e-02	3.509294e-01	6.255100e-03
1.076126e-04	1.607129e-02	3.847520e-01	6.707847e-03
1.237545e-04	1.733614e-02	4.196704e-01	7.193365e-03
1.423177e-04	1.869197e-02	4.582735e-01	7.714024e-03
1.636654e-04	2.014540e-02	4.998255e-01	8.272369e-03
1.882152e-04	2.170356e-02	5.426030e-01	8.871128e-03
2.164475e-04	2.337405e-02	5.917970e-01	9.513225e-03
2.489146e-04	2.516505e-02	6.415252e-01	1.020180e-02
2.862518e-04	2.708530e-02	6.948806e-01	1.094021e-02
3.291895e-04	2.914419e-02	7.500052e-01	1.173207e-02
3.785680e-04	3.135179e-02	8.133986e-01	1.258124e-02
4.353531e-04	3.371888e-02	8.795439e-01	1.349188e-02
5.006561e-04	3.625702e-02	9.480955e-01	1.446843e-02
5.757545e-04	3.897863e-02	1.019822e+00	1.551566e-02
6.621177e-04	4.189699e-02	1.092304e+00	1.663869e-02
7.614354e-04	4.502637e-02	1.175659e+00	1.784301e-02
8.756507e-04	4.838205e-02	1.260421e+00	1.913449e-02
1.006998e-03	5.198043e-02	1.347404e+00	2.051946e-02
1.158048e-03	5.583909e-02	1.438934e+00	2.200467e-02
1.331755e-03	5.997689e-02	1.534038e+00	2.359738e-02
1.531519e-03	6.441403e-02	1.628937e+00	2.530537e-02
1.761246e-03	6.917220e-02	1.724350e+00	2.713698e-02
2.025433e-03	7.427463e-02	1.824819e+00	2.910117e-02
2.329248e-03	7.974627e-02	1.927401e+00	3.120753e-02
2.678635e-03	8.561383e-02	2.032209e+00	3.346635e-02
3.080431e-03	9.190599e-02	2.122005e+00	3.588866e-02
3.542495e-03	9.865349e-02	2.222287e+00	3.848630e-02
4.073870e-03	1.058893e-01	2.336986e+00	4.127196e-02
4.684950e-03	1.136487e-01	2.427138e+00	4.425924e-02
5.387693e-03	1.219697e-01	2.530812e+00	4.746275e-02
6.195847e-03	1.308929e-01	2.609332e+00	5.089813e-02
7.125224e-03	1.404619e-01	2.697692e+00	5.458217e-02
8.194007e-03	1.507235e-01	2.796966e+00	5.853285e-02
9.423108e-03	1.617277e-01	2.869094e+00	6.273842e-02
1.083657e-02	1.735284e-01	2.952041e+00	6.730250e-02
1.246206e-02	1.861831e-01	3.016581e+00	7.218685e-02
1.433137e-02	1.997538e-01	3.081763e+00	7.741148e-02
1.648108e-02	2.143066e-01	3.140265e+00	8.301438e-02
1.895324e-02	2.299128e-01	3.186463e+00	8.902296e-02
2.179622e-02	2.466485e-01	3.238688e+00	9.546633e-02
2.506566e-02	2.645956e-01	3.274596e+00	1.023761e-01
2.882550e-02	2.838416e-01	3.305644e+00	1.097860e-01
3.314933e-02	3.044806e-01	3.327474e+00	1.177323e-01
3.812173e-02	3.266135e-01	3.352579e+00	1.262537e-01
4.383999e-02	3.503483e-01	3.368475e+00	1.353918e-01
5.041599e-02	3.758010e-01	3.374943e+00	1.451914e-01
5.797838e-02	4.030960e-01	3.374077e+00	1.557003e-01
6.667514e-02	4.323666e-01	3.363528e+00	1.669699e-01
7.667641e-02	4.637558e-01	3.351397e+00	1.790551e-01
8.817787e-02	4.974169e-01	3.329324e+00	1.920151e-01
1.014046e-01	5.335144e-01	3.297670e+00	2.059131e-01
1.166152e-01	5.722247e-01	3.258303e+00	2.208171e-01
1.341075e-01	6.137368e-01	3.210132e+00	2.367998e-01
1.542237e-01	6.582536e-01	3.153506e+00	2.539394e-01
1.773572e-01	7.059926e-01	3.089009e+00	2.723195e-01
2.039608e-01	7.571868e-01	3.015310e+00	2.920299e-01
2.345549e-01	8.120866e-01	2.934633e+00	3.131672e-01
2.697381e-01	8.709600e-01	2.845240e+00	3.358343e-01
3.101989e-01	9.340946e-01	2.757735e+00	3.601420e-01
3.567287e-01	1.001799e+00	2.657666e+00	3.862090e-01
4.102380e-01	1.074404e+00	2.544309e+00	4.141629e-01
4.717737e-01	1.152264e+00	2.440211e+00	4.441403e-01
5.425397e-01	1.235759e+00	2.320751e+00	4.762873e-01
6.239207e-01	1.325299e+00	2.219901e+00	5.107610e-01
7.175088e-01	1.421318e+00	2.103923e+00	5.477299e-01
8.251351e-01	1.524288e+00	1.974974e+00	5.873748e-01
9.489054e-01	1.634711e+00	1.866633e+00	6.298893e-01
1.091241e+00	1.753126e+00	1.743640e+00	6.754809e-01
1.254927e+00	1.880113e+00	1.636314e+00	7.243723e-01
1.443166e+00	2.016290e+00	1.525324e+00	7.768025e-01
1.659641e+00	2.162325e+00	1.418321e+00	8.330280e-01
1.908588e+00	2.318929e+00	1.322831e+00	8.933231e-01
2.194876e+00	2.486868e+00	1.215978e+00	9.579815e-01
2.524107e+00	2.707772e+00	1.125852e+00	1.027322e+00
2.902723e+00	2.969609e+00	1.041183e+00	1.101680e+00
3.338132e+00	3.258347e+00	9.648428e-01	1.181397e+00
3.838852e+00	3.578496e+00	8.770519e-01	1.267088e+00
4.414679e+00	3.934036e+00	8.104974e-01	1.361205e+00
5.076881e+00	4.313650e+00	7.595229e-01	1.465708e+00
5.838413e+00	4.736871e+00	7.009024e-01	1.582451e+00
6.714175e+00	5.190852e+00	6.334887e-01	1.713869e+00
7.721302e+00	5.681421e+00	5.559630e-01	1.649399e+00
8.879497e+00	6.219404e+00	4.974357e-01	1.575952e+00
1.021142e+01	6.753583e+00	4.493158e-01	1.513468e+00
1.174313e+01	7.352433e+00	4.050263e-01	1.462676e+00
1.350460e+01	8.020501e+00	3.629278e-01	1.424331e+00
1.553030e+01	8.725956e+00	3.280214e-01	1.399226e+00
1.785984e+01	9.495927e+00	2.971510e-01	1.388180e+00
2.053882e+01	1.033420e+01	2.663234e-01	1.392067e+00
2.361964e+01	1.127160e+01	2.387279e-01	1.411784e+00
2.716258e+01	1.229358e+01	2.125024e-01	1.448232e+00
3.123697e+01	1.336570e+01	1.948971e-01	1.502355e+00
3.592252e+01	1.453643e+01	1.746511e-01	1.575194e+00
4.131089e+01	1.555624e+01	1.526622e-01	1.667984e+00
4.750753e+01	1.658714e+01	1.379947e-01	1.782266e+00
5.463366e+01	1.752840e+01	1.216017e-01	1.920033e+00
6.282871e+01	1.836268e+01	1.111371e-01	2.083866e+00
7.225301e+01	1.919719e+01	9.910285e-02	2.277109e+00
8.309096e+01	1.983073e+01	8.631954e-02	2.504026e+00
9.555461e+01	2.038871e+01	7.774282e-02	2.770000e+00
1.098878e+02	2.079943e+01	6.825754e-02	3.081722e+00
1.263710e+02	2.120609e+01	6.109202e-02	3.447617e+00
1.453266e+02	2.161277e+01	5.416345e-02	3.877955e+00
1.671256e+02	2.181457e+01	4.807180e-02	4.384018e+00
1.921945e+02	2.177849e+01	4.315297e-02	4.993382e+00
2.210236e+02	2.163033e+01	3.780562e-02	5.775652e+00
2.541772e+02	2.128967e+01	3.372427e-02	6.702923e+00
2.923037e+02	2.079470e+01	3.018431e-02	7.807584e+00
3.361493e+02	2.019517e+01	2.715994e-02	9.126367e+00
3.865717e+02	1.955765e+01	2.368191e-02	1.071207e+01
4.445574e+02	1.887872e+01	2.092032e-02	1.262763e+01
5.112411e+02	1.820089e+01	1.848931e-02	1.495209e+01
5.879272e+02	1.751920e+01	1.648745e-02	1.778473e+01
6.761163e+02	1.679754e+01	1.479609e-02	2.125157e+01
7.775337e+02	1.604510e+01	1.285104e-02	2.551037e+01
8.941638e+02	1.526533e+01	1.135420e-02	3.076348e+01
1.028288e+03	1.447091e+01	1.000427e-02	3.726829e+01
1.182532e+03	1.367095e+01	8.826054e-03	4.535240e+01
1.359911e+03	1.287092e+01	7.724011e-03	5.543477e+01
1.563898e+03	1.207360e+01	6.849951e-03	6.805218e+01
1.798483e+03	1.128604e+01	6.108374e-03	8.389327e+01
2.068255e+03	1.051313e+01	5.364572e-03	1.038424e+02
2.378493e+03	9.756842e+00	4.730448e-03	1.290363e+02
2.735268e+03	9.026262e+00	4.140973e-03	1.609364e+02
3.145558e+03	8.327148e+00	3.753584e-03	2.014215e+02
3.617391e+03	7.662625e+00	3.308086e-03	2.529057e+02
4.160000e+03	7.033922e+00	2.838868e-03	3.184879e+02
4.784000e+03	6.441219e+00	2.532418e-03	4.021394e+02
5.501600e+03	5.887467e+00	2.199330e-03	5.089388e+02
6.326840e+03	5.374100e+00	1.989115e-03	6.453639e+02
7.275866e+03	4.900112e+00	1.747367e-03	8.196500e+02
8.367246e+03	4.464160e+00	1.498479e-03	1.042226e+03
9.622333e+03	4.066994e+00	1.332657e-03	1.326241e+03
