# Energy_MeV	dEdx_Elec_MeV_um	dEdx_Nucl_MeV_um	Range_um
1.000000e-05	8.332991e-03	9.463569e-02	2.400099e-03
1.150000e-05	4.508442e-03	1.044266e-01	2.573819e-03
1.322500e-05	4.937349e-03	1.149434e-01	2.760113e-03
1.520875e-05	5.395281e-03	1.263315e-01	2.959892e-03
1.749006e-05	5.884577e-03	1.385831e-01	3.174130e-03
2.011357e-05	6.407711e-03	1.516573e-01	3.403876e-03
2.313061e-05	6.967304e-03	1.666927e-01	3.650250e-03
2.660020e-05	7.566145e-03	1.826192e-01	3.914457e-03
3.059023e-05	8.207201e-03	1.998335e-01	4.197787e-03
3.517876e-05	8.893641e-03	2.185032e-01	4.501626e-03
4.045558e-05	9.628847e-03	2.388221e-01	4.827456e-03
4.652391e-05	1.041643e-02	2.602537e-01	5.176869e-03
5.350250e-05	1.126027e-02	2.830251e-01	5.551574e-03
6.152788e-05	1.216450e-02	3.080627e-01	5.953400e-03
7.075706e-05	1.313355e-02	3.348495e-01	6.384310e-03
8.137062e-05	1.417216e-02	3.639123e-01	6.846410e-03
9.357621e-05	1.528543e-02	3.921890e-01	7.341957e-03
1.076126e-04	1.647879e-02	4.244535e-01	7.873371e-03
1.237545e-04	1.775809e-02	4.611612e-01	8.443250e-03
1.423177e-04	1.912957e-02	4.960510e-01	9.054377e-03
1.636654e-04	2.059996e-02	5.361743e-01	9.709738e-03
1.882152e-04	2.217642e-02	5.730946e-01	1.041253e-02
2.164475e-04	2.386668e-02	6.155186e-01	1.116620e-02
2.489146e-04	2.567898e-02	6.632609e-01	1.197441e-02
2.862518e-04	2.762219e-02	7.075318e-01	1.284113e-02
3.291895e-04	2.970581e-02	7.580941e-01	1.377058e-02
3.785680e-04	3.194000e-02	8.064978e-01	1.476730e-02
4.353531e-04	3.433569e-02	8.583480e-01	1.583616e-02
5.006561e-04	3.690459e-02	9.113412e-01	1.698239e-02
5.757545e-04	3.965924e-02	9.624757e-01	1.821159e-02
6.621177e-04	4.261311e-02	1.020254e+00	1.952975e-02
7.614354e-04	4.578062e-02	1.073596e+00	2.094332e-02
8.756507e-04	4.917725e-02	1.126486e+00	2.245921e-02
1.006998e-03	5.281959e-02	1.177525e+00	2.408482e-02
1.158048e-03	5.672545e-02	1.236221e+00	2.582809e-02
1.331755e-03	6.091390e-02	1.290820e+00	2.769755e-02
1.531519e-03	6.540540e-02	1.343585e+00	2.970231e-02
1.761246e-03	7.022189e-02	1.392640e+00	3.185218e-02
2.025433e-03	7.538692e-02	1.437611e+00	3.415766e-02
2.329248e-03	8.092570e-02	1.489328e+00	3.663000e-02
2.678635e-03	8.686531e-02	1.534307e+00	3.928130e-02
3.080431e-03	9.323475e-02	1.576524e+00	4.212451e-02
3.542495e-03	1.000651e-01	1.615963e+00	4.517350e-02
4.073870e-03	1.073899e-01	1.653703e+00	4.844318e-02
4.684950e-03	1.152447e-01	1.684957e+00	5.194952e-02
5.387693e-03	1.236680e-01	1.712340e+00	5.568792e-02
6.195847e-03	1.327009e-01	1.739379e+00	5.974162e-02
7.125224e-03	1.423876e-01	1.762537e+00	6.406728e-02
8.194007e-03	1.527754e-01	1.783481e+00	6.870496e-02
9.423108e-03	1.639150e-01	1.794592e+00	7.367754e-02
1.083657e-02	1.758609e-01	1.807369e+00	7.901028e-02
1.246206e-02	1.886713e-01	1.820744e+00	8.472895e-02
1.433137e-02	2.024090e-01	1.824036e+00	9.086159e-02
1.648108e-02	2.171410e-01	1.827402e+00	9.743810e-02
1.895324e-02	2.329392e-01	1.822033e+00	1.044906e-01
2.179622e-02	2.498809e-01	1.815858e+00	1.120536e-01
2.506566e-02	2.680489e-01	1.807693e+00	1.201639e-01
2.882550e-02	2.875318e-01	1.791582e+00	1.288614e-01
3.314933e-02	3.084249e-01	1.772796e+00	1.381883e-01
3.812173e-02	3.308302e-01	1.748279e+00	1.481904e-01
4.383999e-02	3.548572e-01	1.719743e+00	1.589163e-01
5.041599e-02	3.806232e-01	1.686661e+00	1.704186e-01
5.797838e-02	4.082543e-01	1.649151e+00	1.827536e-01
6.667514e-02	4.378852e-01	1.606499e+00	1.959813e-01
7.667641e-02	4.696608e-01	1.561002e+00	2.101663e-01
8.817787e-02	5.037364e-01	1.513085e+00	2.253781e-01
1.014046e-01	5.402783e-01	1.462154e+00	2.416910e-01
1.166152e-01	5.794652e-01	1.403584e+00	2.591847e-01
1.341075e-01	6.214884e-01	1.345513e+00	2.779445e-01
1.542237e-01	6.665533e-01	1.284585e+00	2.980621e-01
1.773572e-01	7.148800e-01	1.225544e+00	3.196359e-01
2.039608e-01	7.667045e-01	1.166516e+00	3.427712e-01
2.345549e-01	8.222802e-01	1.098634e+00	3.675812e-01
2.697381e-01	8.818785e-01	1.036286e+00	3.941867e-01
3.101989e-01	9.457905e-01	9.728740e-01	4.227179e-01
3.567287e-01	1.014328e+00	9.114495e-01	4.533144e-01
4.102380e-01	1.087827e+00	8.488525e-01	4.861255e-01
4.717737e-01	1.166646e+00	7.921435e-01	5.213115e-01
5.425397e-01	1.251169e+00	7.389743e-01	5.590441e-01
6.239207e-01	1.341811e+00	6.830843e-01	5.995077e-01
7.175088e-01	1.439013e+00	6.311066e-01	6.429004e-01
8.251351e-01	1.543251e+00	5.794854e-01	6.894339e-01
9.489054e-01	1.655033e+00	5.406316e-01	7.393354e-01
1.091241e+00	1.774906e+00	4.959498e-01	7.928486e-01
1.254927e+00	1.905980e+00	4.492923e-01	8.502352e-01
1.443166e+00	2.082788e+00	4.233485e-01	9.117740e-01
1.659641e+00	2.281563e+00	3.935132e-01	9.777822e-01
1.908588e+00	2.503749e+00	3.592026e-01	1.020191e+00
2.194876e+00	2.746155e+00	3.197453e-01	1.011308e+00
2.524107e+00	3.018414e+00	2.793381e-01	1.001187e+00
2.902723e+00	3.313388e+00	2.548472e-01	9.905472e-01
3.338132e+00	3.641216e+00	2.280671e-01	9.801306e-01
3.838852e+00	4.005662e+00	2.066408e-01	9.707014e-01
4.414679e+00	4.394795e+00	1.859204e-01	9.630919e-01
5.076881e+00	4.827668e+00	1.673109e-01	9.582783e-01
5.838413e+00	5.287436e+00	1.516210e-01	9.573010e-01
6.714175e+00	5.807006e+00	1.347692e-01	9.613187e-01
7.721302e+00	6.396542e+00	1.213202e-01	9.716124e-01
8.879497e+00	7.015269e+00	1.097425e-01	9.895859e-01
1.021142e+01	7.679328e+00	9.943821e-02	1.016758e+00
1.174313e+01	8.317138e+00	8.758822e-02	1.054748e+00
1.350460e+01	8.902957e+00	7.824189e-02	1.105267e+00
1.553030e+01	9.476007e+00	6.965698e-02	1.170107e+00
1.785984e+01	9.952366e+00	6.268334e-02	1.251192e+00
2.053882e+01	1.042432e+01	5.655840e-02	1.350617e+00
2.361964e+01	1.080871e+01	4.951473e-02	1.470764e+00
2.716258e+01	1.112516e+01	4.415638e-02	1.614441e+00
3.123697e+01	1.141974e+01	3.913643e-02	1.785050e+00
3.592252e+01	1.161756e+01	3.480344e-02	1.986809e+00
4.131089e+01	1.179651e+01	3.069897e-02	2.224972e+00
4.750753e+01	1.191587e+01	2.735627e-02	2.506107e+00
5.463366e+01	1.195386e+01	2.454880e-02	2.838441e+00
6.282871e+01	1.195596e+01	2.166980e-02	3.232233e+00
7.225301e+01	1.193481e+01	1.924318e-02	3.700207e+00
8.309096e+01	1.187172e+01	1.697246e-02	4.259369e+00
9.555461e+01	1.174495e+01	1.543318e-02	4.924624e+00
1.098878e+02	1.122486e+01	1.366302e-02	5.755080e+00
1.263710e+02	1.085782e+01	1.183476e-02	6.818317e+00
1.453266e+02	1.043122e+01	1.059748e-02	8.088628e+00
1.671256e+02	9.954991e+00	9.279185e-03	9.638037e+00
1.921945e+02	9.465398e+00	8.418359e-03	1.152681e+01
2.210236e+02	8.968436e+00	7.428409e-03	1.384465e+01
2.541772e+02	8.470303e+00	6.429649e-03	1.670340e+01
2.923037e+02	7.986723e+00	5.742594e-03	2.024347e+01
3.361493e+02	7.505173e+00	5.011343e-03	2.464657e+01
3.865717e+02	7.026920e+00	4.445447e-03	3.014457e+01
4.445574e+02	6.553875e+00	3.919654e-03	3.703446e+01
5.112411e+02	6.089654e+00	3.462791e-03	4.570121e+01
5.879272e+02	5.638599e+00	3.084229e-03	5.663981e+01
6.761163e+02	5.204181e+00	2.688646e-03	7.048843e+01
7.775337e+02	4.787628e+00	2.378791e-03	8.807131e+01
8.941638e+02	4.390577e+00	2.125412e-03	1.104535e+02
1.028288e+03	4.014375e+00	1.898674e-03	1.390108e+02
1.182532e+03	3.661086e+00	1.637924e-03	1.755202e+02
1.359911e+03	3.329863e+00	1.444999e-03	2.222749e+02
1.563898e+03	3.021524e+00	1.265634e-03	2.822306e+02
1.798483e+03	2.735950e+00	1.127516e-03	3.591917e+02
2.068255e+03	2.473382e+00	1.004477e-03	4.580452e+02
2.378493e+03	2.233576e+00	8.629814e-04	5.850553e+02
2.735268e+03	2.015846e+00	7.615321e-04	7.482303e+02
3.145558e+03	1.818443e+00	6.644764e-04	9.577776e+02
3.617391e+03	1.639672e+00	5.838222e-04	1.226667e+03
4.160000e+03	1.479123e+00	5.076713e-04	1.571317e+03
4.784000e+03	1.335691e+00	4.461367e-04	2.012431e+03
5.501600e+03	1.207545e+00	3.962287e-04	2.576001e+03
6.326840e+03	1.093426e+00	3.440587e-04	3.294505e+03
7.275866e+03	9.922734e-01	3.020058e-04	4.208309e+03
8.367246e+03	9.026452e-01	2.631255e-04	5.367311e+03
9.622333e+03	8.233249e-01	2.367217e-04	6.832755e+03
