# Energy_MeV	dEdx_Elec_MeV_um	dEdx_Nucl_MeV_um	Range_um
1.000000e-05	1.008983e-02	5.776462e-02	1.982194e-03
1.150000e-05	1.082014e-02	6.419950e-02	2.125666e-03
1.322500e-05	1.160331e-02	7.121437e-02	2.279523e-03
1.520875e-05	1.244316e-02	7.890199e-02	2.444516e-03
1.749006e-05	1.334380e-02	8.774275e-02	2.621451e-03
2.011357e-05	1.430963e-02	9.727899e-02	2.811193e-03
2.313061e-05	1.534537e-02	1.078314e-01	3.014669e-03
2.660020e-05	1.645608e-02	1.194143e-01	3.232872e-03
3.059023e-05	1.764718e-02	1.322725e-01	3.466869e-03
3.517876e-05	1.892449e-02	1.462393e-01	3.717803e-03
4.045558e-05	2.029426e-02	1.614272e-01	3.986899e-03
4.652391e-05	2.176316e-02	1.784294e-01	4.275473e-03
5.350250e-05	2.333839e-02	1.969624e-01	4.584934e-03
6.152788e-05	2.502764e-02	2.175397e-01	4.916794e-03
7.075706e-05	2.683915e-02	2.386052e-01	5.272674e-03
8.137062e-05	2.878179e-02	2.628305e-01	5.654313e-03
9.357621e-05	3.086503e-02	2.903162e-01	6.063576e-03
1.076126e-04	3.309905e-02	3.184935e-01	6.502460e-03
1.237545e-04	3.549478e-02	3.506866e-01	6.973112e-03
1.423177e-04	3.806391e-02	3.830357e-01	7.477829e-03
1.636654e-04	4.081900e-02	4.202373e-01	8.019079e-03
1.882152e-04	4.377350e-02	4.621352e-01	8.599504e-03
2.164475e-04	4.694185e-02	5.047280e-01	9.221940e-03
2.489146e-04	5.033952e-02	5.532237e-01	9.889429e-03
2.862518e-04	5.398312e-02	6.034983e-01	1.060523e-02
3.291895e-04	5.789045e-02	6.586748e-01	1.137284e-02
3.785680e-04	6.208059e-02	7.178801e-01	1.219602e-02
4.353531e-04	6.657402e-02	7.798301e-01	1.307877e-02
5.006561e-04	7.139268e-02	8.498957e-01	1.402542e-02
5.757545e-04	7.656012e-02	9.218050e-01	1.504059e-02
6.621177e-04	8.210158e-02	9.972252e-01	1.612923e-02
7.614354e-04	8.804414e-02	1.077056e+00	1.729667e-02
8.756507e-04	9.441682e-02	1.168862e+00	1.854862e-02
1.006998e-03	1.012508e-01	1.262010e+00	1.989117e-02
1.158048e-03	1.085793e-01	1.361286e+00	2.133091e-02
1.331755e-03	1.164384e-01	1.461990e+00	2.287485e-02
1.531519e-03	1.248662e-01	1.566958e+00	2.453054e-02
1.761246e-03	1.339041e-01	1.687672e+00	2.630608e-02
2.025433e-03	1.435962e-01	1.806425e+00	2.821013e-02
2.329248e-03	1.539897e-01	1.932393e+00	3.025199e-02
2.678635e-03	1.651356e-01	2.061492e+00	3.244165e-02
3.080431e-03	1.770882e-01	2.198889e+00	3.478979e-02
3.542495e-03	1.899060e-01	2.333566e+00	3.730789e-02
4.073870e-03	2.036514e-01	2.467892e+00	4.000826e-02
4.684950e-03	2.183918e-01	2.613391e+00	4.290408e-02
5.387693e-03	2.341992e-01	2.757112e+00	4.600950e-02
6.195847e-03	2.511506e-01	2.906405e+00	4.933969e-02
7.125224e-03	2.693290e-01	3.032691e+00	5.291092e-02
8.194007e-03	2.888232e-01	3.177919e+00	5.674064e-02
9.423108e-03	3.097284e-01	3.336176e+00	6.084756e-02
1.083657e-02	3.321467e-01	3.466733e+00	6.525174e-02
1.246206e-02	3.561876e-01	3.611416e+00	6.997469e-02
1.433137e-02	3.819687e-01	3.722687e+00	7.502604e-02
1.648108e-02	4.096158e-01	3.850649e+00	8.045764e-02
1.895324e-02	4.392640e-01	3.986198e+00	8.629836e-02
2.179622e-02	4.710582e-01	4.090653e+00	9.254325e-02
2.506566e-02	5.051536e-01	4.205135e+00	9.924190e-02
2.882550e-02	5.417169e-01	4.298516e+00	1.064249e-01
3.314933e-02	5.809266e-01	4.388593e+00	1.141279e-01
3.812173e-02	6.229744e-01	4.469022e+00	1.223884e-01
4.383999e-02	6.680656e-01	4.535924e+00	1.312467e-01
5.041599e-02	3.582566e-01	4.606917e+00	1.407462e-01
5.797838e-02	3.842802e-01	4.658917e+00	1.509334e-01
6.667514e-02	4.121873e-01	4.699415e+00	1.618579e-01
7.667641e-02	4.421144e-01	4.731029e+00	1.735731e-01
8.817787e-02	4.742076e-01	4.767385e+00	1.861362e-01
1.014046e-01	5.086237e-01	4.785815e+00	1.996087e-01
1.166152e-01	5.455308e-01	4.795182e+00	2.140564e-01
1.341075e-01	5.851093e-01	4.790621e+00	2.295497e-01
1.542237e-01	6.275524e-01	4.775343e+00	2.461645e-01
1.773572e-01	6.730676e-01	4.757774e+00	2.639818e-01
2.039608e-01	7.218773e-01	4.723144e+00	2.830888e-01
2.345549e-01	7.742197e-01	4.677302e+00	3.035788e-01
2.697381e-01	8.303507e-01	4.619206e+00	3.255519e-01
3.101989e-01	8.905446e-01	4.549329e+00	3.491153e-01
3.567287e-01	9.550952e-01	4.467193e+00	3.743842e-01
4.102380e-01	1.024318e+00	4.374011e+00	4.014822e-01
4.717737e-01	1.098551e+00	4.267280e+00	4.305416e-01
5.425397e-01	1.178158e+00	4.151826e+00	4.617043e-01
6.239207e-01	1.263526e+00	4.024598e+00	4.951224e-01
7.175088e-01	1.355073e+00	3.898582e+00	5.309594e-01
8.251351e-01	1.453246e+00	3.753663e+00	5.693906e-01
9.489054e-01	1.558526e+00	3.594683e+00	6.106033e-01
1.091241e+00	1.671425e+00	3.443929e+00	6.547988e-01
1.254927e+00	1.792496e+00	3.277741e+00	7.021932e-01
1.443166e+00	1.922331e+00	3.131690e+00	7.530182e-01
1.659641e+00	2.061563e+00	2.963731e+00	8.075221e-01
1.908588e+00	2.210872e+00	2.785207e+00	8.659709e-01
2.194876e+00	2.370989e+00	2.628309e+00	9.286499e-01
2.524107e+00	2.542695e+00	2.456806e+00	9.958657e-01
2.902723e+00	2.726829e+00	2.301377e+00	1.067947e+00
3.338132e+00	2.924290e+00	2.145949e+00	1.145245e+00
3.838852e+00	3.170685e+00	1.996912e+00	1.228141e+00
4.414679e+00	3.479505e+00	1.858625e+00	1.317026e+00
5.076881e+00	3.819538e+00	1.710495e+00	1.412367e+00
5.838413e+00	4.202243e+00	1.579975e+00	1.514597e+00
6.714175e+00	4.622322e+00	1.464768e+00	1.626268e+00
7.721302e+00	5.083183e+00	1.354213e+00	1.750147e+00
8.879497e+00	5.598599e+00	1.227075e+00	1.888272e+00
1.021142e+01	6.148871e+00	1.141798e+00	2.043472e+00
1.174313e+01	6.759691e+00	1.067977e+00	2.219373e+00
1.350460e+01	7.416224e+00	9.830833e-01	2.420710e+00
1.553030e+01	8.086113e+00	8.854554e-01	2.653709e+00
1.785984e+01	8.812173e+00	7.731833e-01	2.664965e+00
2.053882e+01	9.608610e+00	6.976506e-01	2.483469e+00
2.361964e+01	1.046941e+01	6.279637e-01	2.341505e+00
2.716258e+01	1.136499e+01	5.675065e-01	2.235465e+00
3.123697e+01	1.227517e+01	5.086628e-01	2.162544e+00
3.592252e+01	1.326673e+01	4.585556e-01	2.120563e+00
4.131089e+01	1.430399e+01	4.163668e-01	2.107841e+00
4.750753e+01	1.548679e+01	3.717225e-01	2.123093e+00
5.463366e+01	1.683347e+01	3.341974e-01	2.165507e+00
6.282871e+01	1.826488e+01	2.985799e-01	2.234707e+00
7.225301e+01	1.982752e+01	2.730842e-01	2.330842e+00
8.309096e+01	2.130911e+01	2.437641e-01	2.454699e+00
9.555461e+01	2.280002e+01	2.141265e-01	2.607809e+00
1.098878e+02	2.428717e+01	1.928851e-01	2.792561e+00
1.263710e+02	2.555635e+01	1.707862e-01	3.012323e+00
1.453266e+02	2.680877e+01	1.556315e-01	3.271574e+00
1.671256e+02	2.772843e+01	1.382035e-01	3.576027e+00
1.921945e+02	2.870844e+01	1.210207e-01	3.933041e+00
2.210236e+02	2.976978e+01	1.085999e-01	4.351120e+00
2.541772e+02	3.051054e+01	9.562660e-02	4.842320e+00
2.923037e+02	3.012922e+01	8.524955e-02	5.420414e+00
3.361493e+02	3.047029e+01	7.571792e-02	6.161274e+00
3.865717e+02	3.048809e+01	6.737067e-02	7.051857e+00
4.445574e+02	3.024728e+01	6.024726e-02	8.092502e+00
5.112411e+02	2.975137e+01	5.294359e-02	9.322981e+00
5.879272e+02	2.918536e+01	4.703302e-02	1.078489e+01
6.761163e+02	2.852656e+01	4.231397e-02	1.252974e+01
7.775337e+02	2.782759e+01	3.793410e-02	1.462242e+01
8.941638e+02	2.716835e+01	3.289725e-02	1.714174e+01
1.028288e+03	2.641080e+01	2.926520e-02	2.018796e+01
1.182532e+03	2.557995e+01	2.574462e-02	2.388440e+01
1.359911e+03	2.467473e+01	2.310569e-02	2.838757e+01
1.563898e+03	2.371679e+01	2.065628e-02	3.389519e+01
1.798483e+03	2.271810e+01	1.783947e-02	4.065602e+01
2.068255e+03	2.169270e+01	1.587760e-02	4.898523e+01
2.378493e+03	2.063748e+01	1.392264e-02	5.928308e+01
2.735268e+03	1.956210e+01	1.233069e-02	7.205893e+01
3.145558e+03	1.847763e+01	1.080938e-02	8.796212e+01
3.617391e+03	1.739618e+01	9.543575e-03	1.078216e+02
4.160000e+03	1.632220e+01	8.538639e-03	1.326968e+02
4.784000e+03	1.526071e+01	7.461471e-03	1.639431e+02
5.501600e+03	1.422399e+01	6.606421e-03	2.032951e+02
6.326840e+03	1.322343e+01	5.810132e-03	2.529720e+02
7.275866e+03	1.226221e+01	5.249119e-03	3.158126e+02
8.367246e+03	1.134472e+01	4.603953e-03	3.954429e+02
9.622333e+03	1.047204e+01	3.975600e-03	4.964877e+02
