# Energy_MeV	dEdx_Elec_MeV_um	dEdx_Nucl_MeV_um	Range_um
1.000000e-05	1.050081e-02	6.064210e-02	1.904615e-03
1.150000e-05	1.126086e-02	6.748982e-02	2.042472e-03
1.322500e-05	1.207593e-02	7.463793e-02	2.190307e-03
1.520875e-05	1.294999e-02	8.285825e-02	2.348843e-03
1.749006e-05	1.388732e-02	9.216950e-02	2.518853e-03
2.011357e-05	1.489249e-02	1.019814e-01	2.701169e-03
2.313061e-05	1.597042e-02	1.131828e-01	2.896681e-03
2.660020e-05	1.712637e-02	1.251385e-01	3.106344e-03
3.059023e-05	1.836598e-02	1.384874e-01	3.331183e-03
3.517876e-05	1.969532e-02	1.531647e-01	3.572296e-03
4.045558e-05	2.112088e-02	1.689737e-01	3.830861e-03
4.652391e-05	2.264962e-02	1.869465e-01	4.108141e-03
5.350250e-05	2.428901e-02	2.060925e-01	4.405490e-03
6.152788e-05	2.604706e-02	2.267774e-01	4.724362e-03
7.075706e-05	2.793237e-02	2.493026e-01	5.066313e-03
8.137062e-05	2.995412e-02	2.752066e-01	5.433016e-03
9.357621e-05	3.212222e-02	3.026769e-01	5.826260e-03
1.076126e-04	3.444724e-02	3.328067e-01	6.247968e-03
1.237545e-04	3.694055e-02	3.647660e-01	6.700199e-03
1.423177e-04	3.961433e-02	3.993568e-01	7.185163e-03
1.636654e-04	4.248164e-02	4.391362e-01	7.705229e-03
1.882152e-04	4.555648e-02	4.806704e-01	8.262938e-03
2.164475e-04	4.885388e-02	5.262147e-01	8.861014e-03
2.489146e-04	5.238995e-02	5.750523e-01	9.502379e-03
2.862518e-04	5.618196e-02	6.287307e-01	1.019017e-02
3.291895e-04	6.024844e-02	6.849926e-01	1.092774e-02
3.785680e-04	6.460926e-02	7.445463e-01	1.171869e-02
4.353531e-04	6.928571e-02	8.107890e-01	1.256690e-02
5.006561e-04	7.430065e-02	8.807425e-01	1.347649e-02
5.757545e-04	7.967857e-02	9.568976e-01	1.445193e-02
6.621177e-04	8.544574e-02	1.031126e+00	1.549797e-02
7.614354e-04	9.163035e-02	1.116489e+00	1.661972e-02
8.756507e-04	9.826260e-02	1.211719e+00	1.782266e-02
1.006998e-03	1.053749e-01	1.304028e+00	1.911268e-02
1.158048e-03	1.130020e-01	1.407998e+00	2.049606e-02
1.331755e-03	1.211811e-01	1.505600e+00	2.197958e-02
1.531519e-03	1.299523e-01	1.617842e+00	2.357047e-02
1.761246e-03	1.393583e-01	1.741299e+00	2.527652e-02
2.025433e-03	1.494451e-01	1.858427e+00	2.710604e-02
2.329248e-03	1.602621e-01	1.989732e+00	2.906799e-02
2.678635e-03	1.718619e-01	2.117795e+00	3.117195e-02
3.080431e-03	1.843014e-01	2.252773e+00	3.342819e-02
3.542495e-03	1.976412e-01	2.390227e+00	3.584774e-02
4.073870e-03	2.119466e-01	2.525515e+00	3.844242e-02
4.684950e-03	2.272874e-01	2.674923e+00	4.122490e-02
5.387693e-03	2.437386e-01	2.816053e+00	4.420878e-02
6.195847e-03	2.613805e-01	2.951523e+00	4.740864e-02
7.125224e-03	2.802993e-01	3.086560e+00	5.084010e-02
8.194007e-03	3.005876e-01	3.241851e+00	5.451994e-02
9.423108e-03	3.223442e-01	3.380697e+00	5.846612e-02
1.083657e-02	3.456757e-01	3.520301e+00	6.269793e-02
1.246206e-02	3.706959e-01	3.644442e+00	6.723604e-02
1.433137e-02	3.975270e-01	3.763423e+00	7.207919e-02
1.648108e-02	4.263003e-01	3.900252e+00	7.732329e-02
1.895324e-02	4.571561e-01	4.013384e+00	8.291942e-02
2.179622e-02	4.902453e-01	4.125078e+00	8.892187e-02
2.506566e-02	5.257295e-01	4.225331e+00	9.535767e-02
2.882550e-02	5.637821e-01	4.323170e+00	1.022596e-01
3.314933e-02	6.045889e-01	4.404784e+00	1.096610e-01
3.812173e-02	6.483494e-01	4.474164e+00	1.175982e-01
4.383999e-02	6.952773e-01	4.545703e+00	1.261099e-01
5.041599e-02	7.456018e-01	4.603656e+00	1.352377e-01
5.797838e-02	3.998784e-01	4.655878e+00	1.450261e-01
6.667514e-02	4.289222e-01	4.685273e+00	1.555230e-01
7.667641e-02	4.600683e-01	4.719078e+00	1.667797e-01
8.817787e-02	4.934687e-01	4.751184e+00	1.788512e-01
1.014046e-01	5.292866e-01	4.759893e+00	1.917964e-01
1.166152e-01	5.676971e-01	4.766437e+00	2.056785e-01
1.341075e-01	6.088877e-01	4.752231e+00	2.205655e-01
1.542237e-01	6.530596e-01	4.735895e+00	2.365301e-01
1.773572e-01	7.004288e-01	4.712387e+00	2.536501e-01
2.039608e-01	7.512265e-01	4.669762e+00	2.720092e-01
2.345549e-01	8.057010e-01	4.619284e+00	2.916972e-01
2.697381e-01	8.641183e-01	4.554418e+00	3.128103e-01
3.101989e-01	9.267640e-01	4.478744e+00	3.354516e-01
3.567287e-01	9.939439e-01	4.391377e+00	3.597316e-01
4.102380e-01	1.065986e+00	4.292137e+00	3.857689e-01
4.717737e-01	1.143243e+00	4.180278e+00	4.136910e-01
5.425397e-01	1.226092e+00	4.059906e+00	4.436341e-01
6.239207e-01	1.314938e+00	3.935229e+00	4.757445e-01
7.175088e-01	1.410214e+00	3.800480e+00	5.101789e-01
8.251351e-01	1.512386e+00	3.645519e+00	5.471056e-01
9.489054e-01	1.621953e+00	3.495583e+00	5.867054e-01
1.091241e+00	1.739451e+00	3.334383e+00	6.291714e-01
1.254927e+00	1.865454e+00	3.183044e+00	6.747110e-01
1.443166e+00	2.000577e+00	3.026872e+00	7.235466e-01
1.659641e+00	2.145480e+00	2.847275e+00	7.759171e-01
1.908588e+00	2.300871e+00	2.688191e+00	8.320784e-01
2.194876e+00	2.467510e+00	2.520421e+00	8.923047e-01
2.524107e+00	2.646209e+00	2.362634e+00	9.568899e-01
2.902723e+00	2.837844e+00	2.200811e+00	1.026150e+00
3.338132e+00	3.050825e+00	2.050775e+00	1.100423e+00
3.838852e+00	3.341672e+00	1.914336e+00	1.180069e+00
4.414679e+00	3.668376e+00	1.766466e+00	1.265503e+00
5.076881e+00	4.035236e+00	1.633673e+00	1.357018e+00
5.838413e+00	4.434873e+00	1.502391e+00	1.455977e+00
6.714175e+00	4.883214e+00	1.399595e+00	1.565335e+00
7.721302e+00	5.368645e+00	1.281379e+00	1.686921e+00
8.879497e+00	5.903863e+00	1.165872e+00	1.823100e+00
1.021142e+01	6.498724e+00	1.097231e+00	1.976837e+00
1.174313e+01	7.123373e+00	1.018295e+00	2.152040e+00
1.350460e+01	7.803997e+00	9.275189e-01	2.353820e+00
1.553030e+01	8.489067e+00	8.231259e-01	2.544474e+00
1.785984e+01	9.253394e+00	7.228111e-01	2.360017e+00
2.053882e+01	1.011603e+01	6.580147e-01	2.213758e+00
2.361964e+01	1.096556e+01	5.897929e-01	2.101994e+00
2.716258e+01	1.188693e+01	5.331048e-01	2.021840e+00
3.123697e+01	1.282980e+01	4.801183e-01	1.971050e+00
3.592252e+01	1.384139e+01	4.326814e-01	1.947887e+00
4.131089e+01	1.496456e+01	3.911702e-01	1.951032e+00
4.750753e+01	1.623290e+01	3.483273e-01	1.979492e+00
5.463366e+01	1.763905e+01	3.127449e-01	2.032793e+00
6.282871e+01	1.915904e+01	2.838011e-01	2.110838e+00
7.225301e+01	2.064841e+01	2.565387e-01	2.214088e+00
8.309096e+01	2.222336e+01	2.251869e-01	2.343648e+00
9.555461e+01	2.362402e+01	2.020355e-01	2.501373e+00
1.098878e+02	2.502183e+01	1.793222e-01	2.689969e+00
1.263710e+02	2.632018e+01	1.620445e-01	2.913115e+00
1.453266e+02	2.731835e+01	1.458396e-01	3.175593e+00
1.671256e+02	2.829693e+01	1.272040e-01	3.483462e+00
1.921945e+02	2.929654e+01	1.139774e-01	3.844127e+00
2.210236e+02	3.019961e+01	1.006960e-01	4.268087e+00
2.541772e+02	3.095490e+01	8.977733e-02	4.761421e+00
2.923037e+02	3.036452e+01	7.927689e-02	5.373576e+00
3.361493e+02	3.051500e+01	7.043304e-02	6.145934e+00
3.865717e+02	3.039164e+01	6.334434e-02	7.038665e+00
4.445574e+02	2.997297e+01	5.572731e-02	8.097146e+00
5.112411e+02	2.943765e+01	4.962172e-02	9.349705e+00
5.879272e+02	2.881512e+01	4.390514e-02	1.084189e+01
6.761163e+02	2.812866e+01	3.983265e-02	1.262846e+01
7.775337e+02	2.746687e+01	3.514928e-02	1.477539e+01
8.941638e+02	2.674527e+01	3.057460e-02	1.736672e+01
1.028288e+03	2.594478e+01	2.730109e-02	2.050646e+01
1.182532e+03	2.506983e+01	2.399911e-02	2.432474e+01
1.359911e+03	2.413325e+01	2.172160e-02	2.898706e+01
1.563898e+03	2.314962e+01	1.910247e-02	3.470134e+01
1.798483e+03	2.213655e+01	1.660709e-02	4.173037e+01
2.068255e+03	2.109280e+01	1.478933e-02	5.040763e+01
2.378493e+03	2.002528e+01	1.293632e-02	6.115712e+01
2.735268e+03	1.894251e+01	1.143912e-02	7.451899e+01
3.145558e+03	1.785874e+01	1.010136e-02	9.118237e+01
3.617391e+03	1.678151e+01	8.941929e-03	1.120277e+02
4.160000e+03	1.571357e+01	7.940355e-03	1.381808e+02
4.784000e+03	1.466447e+01	6.938965e-03	1.710823e+02
5.501600e+03	1.364763e+01	6.119174e-03	2.125760e+02
6.326840e+03	1.266934e+01	5.489803e-03	2.650204e+02
7.275866e+03	1.173259e+01	4.889915e-03	3.314304e+02
8.367246e+03	1.084052e+01	4.200043e-03	4.156539e+02
9.622333e+03	9.994770e+00	3.726173e-03	5.225921e+02
