# Energy_MeV	dEdx_Elec_MeV_um	dEdx_Nucl_MeV_um	Range_um
1.000000e-05	9.328010e-03	5.441493e-02	2.144080e-03
1.150000e-05	1.000318e-02	5.737820e-02	2.299270e-03
1.322500e-05	1.072721e-02	6.369578e-02	2.465692e-03
1.520875e-05	1.150365e-02	7.081136e-02	2.644160e-03
1.749006e-05	1.233629e-02	7.835885e-02	2.835546e-03
2.011357e-05	1.322920e-02	8.703847e-02	3.040784e-03
2.313061e-05	1.418674e-02	9.671320e-02	3.260878e-03
2.660020e-05	1.521358e-02	1.070733e-01	3.496902e-03
3.059023e-05	1.631475e-02	1.187483e-01	3.750010e-03
3.517876e-05	1.749562e-02	1.313721e-01	4.021437e-03
4.045558e-05	1.876196e-02	1.453389e-01	4.312511e-03
4.652391e-05	2.011996e-02	1.606404e-01	4.624653e-03
5.350250e-05	2.157625e-02	1.773327e-01	4.959388e-03
6.152788e-05	2.313795e-02	1.960484e-01	5.318351e-03
7.075706e-05	1.249505e-02	2.162641e-01	5.703296e-03
8.137062e-05	1.349525e-02	2.377129e-01	6.116103e-03
9.357621e-05	1.456720e-02	2.614966e-01	6.558790e-03
1.076126e-04	1.571613e-02	2.888478e-01	7.033519e-03
1.237545e-04	1.694768e-02	3.172822e-01	7.542609e-03
1.423177e-04	1.826787e-02	3.490954e-01	8.088547e-03
1.636654e-04	1.968315e-02	3.821077e-01	8.674000e-03
1.882152e-04	2.120045e-02	4.186311e-01	9.301829e-03
2.164475e-04	2.282718e-02	4.606331e-01	9.975100e-03
2.489146e-04	2.457130e-02	5.035168e-01	1.069710e-02
2.862518e-04	2.644132e-02	5.516057e-01	1.147136e-02
3.291895e-04	2.844640e-02	6.022746e-01	1.230167e-02
3.785680e-04	3.059632e-02	6.581145e-01	1.319207e-02
4.353531e-04	3.290159e-02	7.175198e-01	1.414692e-02
5.006561e-04	3.537348e-02	7.792848e-01	1.517088e-02
5.757545e-04	3.802406e-02	8.492287e-01	1.626896e-02
6.621177e-04	4.086629e-02	9.216139e-01	1.744651e-02
7.614354e-04	4.391405e-02	9.998971e-01	1.870930e-02
8.756507e-04	4.718222e-02	1.078273e+00	2.006349e-02
1.006998e-03	5.068679e-02	1.168405e+00	2.151569e-02
1.158048e-03	5.444487e-02	1.265915e+00	2.307301e-02
1.331755e-03	5.847481e-02	1.363381e+00	2.474305e-02
1.531519e-03	6.279632e-02	1.469514e+00	2.653396e-02
1.761246e-03	6.743049e-02	1.572569e+00	2.845451e-02
2.025433e-03	7.239998e-02	1.691082e+00	3.051406e-02
2.329248e-03	7.772905e-02	1.816836e+00	3.272268e-02
2.678635e-03	8.344375e-02	1.940509e+00	3.509117e-02
3.080431e-03	8.957199e-02	2.075175e+00	3.763108e-02
3.542495e-03	9.614371e-02	2.210393e+00	4.035484e-02
4.073870e-03	1.031910e-01	2.349362e+00	4.327575e-02
4.684950e-03	1.107483e-01	2.490066e+00	4.640807e-02
5.387693e-03	1.188526e-01	2.632913e+00	4.976711e-02
6.195847e-03	1.275434e-01	2.785104e+00	5.336928e-02
7.125224e-03	1.368632e-01	2.934118e+00	5.723218e-02
8.194007e-03	1.468574e-01	3.069973e+00	6.137467e-02
9.423108e-03	1.575751e-01	3.212554e+00	6.581700e-02
1.083657e-02	1.690684e-01	3.376522e+00	7.058087e-02
1.246206e-02	1.813936e-01	3.514096e+00	7.568955e-02
1.433137e-02	1.946108e-01	3.661500e+00	8.116800e-02
1.648108e-02	2.087847e-01	3.783489e+00	8.704299e-02
1.895324e-02	2.239844e-01	3.909118e+00	9.333812e-02
2.179622e-02	2.402843e-01	4.053592e+00	1.001028e-01
2.506566e-02	2.577639e-01	4.163589e+00	1.073463e-01
2.882550e-02	2.765087e-01	4.281523e+00	1.151171e-01
3.314933e-02	2.966103e-01	4.380789e+00	1.234489e-01
3.812173e-02	3.181667e-01	4.479125e+00	1.323840e-01
4.383999e-02	3.412834e-01	4.565300e+00	1.419659e-01
5.041599e-02	3.660733e-01	4.633615e+00	1.522413e-01
5.797838e-02	3.926575e-01	4.709150e+00	1.632604e-01
6.667514e-02	4.211658e-01	4.765003e+00	1.750771e-01
7.667641e-02	4.517375e-01	4.815003e+00	1.877490e-01
8.817787e-02	4.845221e-01	4.846041e+00	2.013383e-01
1.014046e-01	5.196796e-01	4.881734e+00	2.159111e-01
1.166152e-01	5.573818e-01	4.910352e+00	2.315386e-01
1.341075e-01	5.978128e-01	4.919548e+00	2.482973e-01
1.542237e-01	6.411703e-01	4.922651e+00	2.662690e-01
1.773572e-01	6.876661e-01	4.907652e+00	2.855416e-01
2.039608e-01	7.375271e-01	4.890404e+00	3.062091e-01
2.345549e-01	7.909972e-01	4.862515e+00	3.283724e-01
2.697381e-01	8.483374e-01	4.817509e+00	3.521399e-01
3.101989e-01	9.098280e-01	4.762960e+00	3.776279e-01
3.567287e-01	9.757692e-01	4.694471e+00	4.049607e-01
4.102380e-01	1.046483e+00	4.614285e+00	4.342717e-01
4.717737e-01	1.122316e+00	4.522291e+00	4.657042e-01
5.425397e-01	1.203637e+00	4.417507e+00	4.994119e-01
6.239207e-01	1.290844e+00	4.300989e+00	5.355596e-01
7.175088e-01	1.384364e+00	4.173891e+00	5.743236e-01
8.251351e-01	1.484652e+00	4.045627e+00	6.158931e-01
9.489054e-01	1.592199e+00	3.903350e+00	6.604714e-01
1.091241e+00	1.707531e+00	3.739731e+00	7.082766e-01
1.254927e+00	1.831210e+00	3.587381e+00	7.595420e-01
1.443166e+00	1.963842e+00	3.417175e+00	8.145179e-01
1.659641e+00	2.106073e+00	3.265217e+00	8.734728e-01
1.908588e+00	2.258599e+00	3.100320e+00	9.366949e-01
2.194876e+00	2.422165e+00	2.910688e+00	1.004493e+00
2.524107e+00	2.597570e+00	2.752172e+00	1.077199e+00
2.902723e+00	2.785670e+00	2.575028e+00	1.155167e+00
3.338132e+00	2.987386e+00	2.416036e+00	1.238778e+00
3.838852e+00	3.203702e+00	2.251277e+00	1.328441e+00
4.414679e+00	3.447359e+00	2.092858e+00	1.424596e+00
5.076881e+00	3.753331e+00	1.955611e+00	1.527702e+00
5.838413e+00	4.093696e+00	1.799480e+00	1.638310e+00
6.714175e+00	4.477970e+00	1.666878e+00	1.756782e+00
7.721302e+00	4.890975e+00	1.536786e+00	1.885317e+00
8.879497e+00	5.352971e+00	1.428246e+00	2.027609e+00
1.021142e+01	5.858062e+00	1.303425e+00	2.185943e+00
1.174313e+01	6.408346e+00	1.194243e+00	2.363476e+00
1.350460e+01	7.023721e+00	1.121767e+00	2.564163e+00
1.553030e+01	7.665981e+00	1.038421e+00	2.793207e+00
1.785984e+01	8.355333e+00	9.425727e-01	3.057426e+00
2.053882e+01	9.068207e+00	8.323470e-01	3.303216e+00
2.361964e+01	9.858082e+00	7.370423e-01	3.060432e+00
2.716258e+01	1.074111e+01	6.686256e-01	2.868775e+00
3.123697e+01	1.161923e+01	6.008289e-01	2.722999e+00
3.592252e+01	1.255469e+01	5.409735e-01	2.619020e+00
4.131089e+01	1.353529e+01	4.879799e-01	2.553662e+00
4.750753e+01	1.456396e+01	4.407891e-01	2.524463e+00
5.463366e+01	1.571782e+01	3.969586e-01	2.529553e+00
6.282871e+01	1.702248e+01	3.545276e-01	2.567527e+00
7.225301e+01	1.845295e+01	3.169572e-01	2.637692e+00
8.309096e+01	2.002709e+01	2.891139e-01	2.739884e+00
9.555461e+01	2.152509e+01	2.603282e-01	2.874691e+00
1.098878e+02	2.310362e+01	2.272247e-01	3.043567e+00
1.263710e+02	2.456485e+01	2.053185e-01	3.248948e+00
1.453266e+02	2.594858e+01	1.813362e-01	3.494393e+00
1.671256e+02	2.730159e+01	1.649816e-01	3.784723e+00
1.921945e+02	2.824654e+01	1.478713e-01	4.126191e+00
2.210236e+02	2.924102e+01	1.281944e-01	4.526764e+00
2.541772e+02	3.027650e+01	1.157589e-01	4.995915e+00
2.923037e+02	3.113463e+01	1.017354e-01	5.547797e+00
3.361493e+02	3.191157e+01	9.108472e-02	6.190264e+00
3.865717e+02	3.082887e+01	8.057547e-02	6.998880e+00
4.445574e+02	3.095484e+01	7.129238e-02	8.003715e+00
5.112411e+02	3.081820e+01	6.429881e-02	9.165983e+00
5.879272e+02	3.036959e+01	5.625620e-02	1.054294e+01
6.761163e+02	2.983222e+01	5.031608e-02	1.217396e+01
7.775337e+02	2.920039e+01	4.474895e-02	1.411720e+01
8.941638e+02	2.851018e+01	4.044891e-02	1.644430e+01
1.028288e+03	2.785659e+01	3.550388e-02	1.924111e+01
1.182532e+03	2.712407e+01	3.109615e-02	2.261739e+01
1.359911e+03	2.631279e+01	2.763974e-02	2.670826e+01
1.563898e+03	2.542392e+01	2.445258e-02	3.168372e+01
1.798483e+03	2.447479e+01	2.204782e-02	3.775942e+01
2.068255e+03	2.347811e+01	1.928235e-02	4.520620e+01
2.378493e+03	2.245310e+01	1.688438e-02	5.436654e+01
2.735268e+03	2.139502e+01	1.496507e-02	6.567497e+01
3.145558e+03	2.031301e+01	1.314006e-02	7.968397e+01
3.617391e+03	1.921536e+01	1.155920e-02	9.709723e+01
4.160000e+03	1.811840e+01	1.023260e-02	1.188124e+02
4.784000e+03	1.702797e+01	9.087790e-03	1.459762e+02
5.501600e+03	1.594549e+01	8.030256e-03	1.800547e+02
6.326840e+03	1.488231e+01	7.045727e-03	2.229234e+02
7.275866e+03	1.385302e+01	6.180132e-03	2.769820e+02
8.367246e+03	1.286268e+01	5.581621e-03	3.452997e+02
9.622333e+03	1.191428e+01	4.948215e-03	4.317979e+02
