# Energy_MeV	dEdx_Elec_MeV_um	dEdx_Nucl_MeV_um	Range_um
1.000000e-05	5.302505e-03	1.046717e-01	2.643515e-03
1.150000e-05	5.801890e-03	1.145027e-01	2.834854e-03
1.322500e-05	6.335235e-03	1.252497e-01	3.040043e-03
1.520875e-05	6.905255e-03	1.368537e-01	3.260083e-03
1.749006e-05	7.514821e-03	1.491724e-01	3.496049e-03
2.011357e-05	8.166978e-03	1.622825e-01	3.749095e-03
2.313061e-05	8.864970e-03	1.765813e-01	4.020457e-03
2.660020e-05	9.612252e-03	1.920187e-01	4.311459e-03
3.059023e-05	1.041251e-02	2.086162e-01	4.623525e-03
3.517876e-05	1.126969e-02	2.249661e-01	4.958178e-03
4.045558e-05	1.218800e-02	2.433921e-01	5.317054e-03
4.652391e-05	1.317195e-02	2.645819e-01	5.701905e-03
5.350250e-05	1.422637e-02	2.845686e-01	6.114612e-03
6.152788e-05	1.535641e-02	3.074827e-01	6.557191e-03
7.075706e-05	1.656762e-02	3.289127e-01	7.031804e-03
8.137062e-05	1.786593e-02	3.531406e-01	7.540769e-03
9.357621e-05	1.925767e-02	3.808412e-01	8.086574e-03
1.076126e-04	2.074966e-02	4.061239e-01	8.671885e-03
1.237545e-04	2.234920e-02	4.351991e-01	9.299560e-03
1.423177e-04	2.406411e-02	4.630188e-01	9.972667e-03
1.636654e-04	2.590276e-02	4.929660e-01	1.069449e-02
1.882152e-04	2.787414e-02	5.236491e-01	1.146857e-02
2.164475e-04	2.998789e-02	5.528516e-01	1.229867e-02
2.489146e-04	3.225434e-02	5.863749e-01	1.318885e-02
2.862518e-04	3.468456e-02	6.168383e-01	1.414347e-02
3.291895e-04	3.729043e-02	6.477232e-01	1.516718e-02
3.785680e-04	4.008468e-02	6.768713e-01	1.626499e-02
4.353531e-04	4.308096e-02	7.103917e-01	1.744226e-02
5.006561e-04	4.629391e-02	7.424273e-01	1.870474e-02
5.757545e-04	4.973922e-02	7.725615e-01	2.005860e-02
6.621177e-04	5.343374e-02	8.014358e-01	2.151045e-02
7.614354e-04	5.739551e-02	8.271184e-01	2.306739e-02
8.756507e-04	6.164388e-02	8.566535e-01	2.473702e-02
1.006998e-03	6.619962e-02	8.832360e-01	2.652749e-02
1.158048e-03	7.108497e-02	9.073456e-01	2.844757e-02
1.331755e-03	7.632381e-02	9.304921e-01	3.050662e-02
1.531519e-03	8.194172e-02	9.520456e-01	3.271470e-02
1.761246e-03	8.796616e-02	9.703644e-01	3.508261e-02
2.025433e-03	9.442656e-02	9.864704e-01	3.762191e-02
2.329248e-03	1.013545e-01	1.001912e+00	4.034500e-02
2.678635e-03	1.087838e-01	1.015643e+00	4.326519e-02
3.080431e-03	1.167507e-01	1.027645e+00	4.638918e-02
3.542495e-03	1.252942e-01	1.034435e+00	4.975655e-02
4.073870e-03	1.344560e-01	1.041732e+00	5.335710e-02
4.684950e-03	1.442810e-01	1.049870e+00	5.721962e-02
5.387693e-03	1.548169e-01	1.051750e+00	6.136096e-02
6.195847e-03	1.661155e-01	1.053912e+00	6.580221e-02
7.125224e-03	1.782317e-01	1.050967e+00	7.056493e-02
8.194007e-03	1.912249e-01	1.047440e+00	7.567238e-02
9.423108e-03	2.051586e-01	1.043067e+00	8.114950e-02
1.083657e-02	2.201007e-01	1.033867e+00	8.702303e-02
1.246206e-02	2.361243e-01	1.023256e+00	9.332169e-02
1.433137e-02	2.533076e-01	1.009255e+00	1.000763e-01
1.648108e-02	2.717347e-01	9.929852e-01	1.073198e-01
1.895324e-02	2.914954e-01	9.740680e-01	1.150876e-01
2.179622e-02	3.126865e-01	9.526467e-01	1.234175e-01
2.506566e-02	3.354113e-01	9.281379e-01	1.323505e-01
2.882550e-02	3.597810e-01	9.021550e-01	1.419300e-01
3.314933e-02	3.859145e-01	8.744701e-01	1.522029e-01
3.812173e-02	4.139395e-01	8.453840e-01	1.632193e-01
4.383999e-02	4.439930e-01	8.119350e-01	1.750331e-01
5.041599e-02	4.762218e-01	7.782070e-01	1.877020e-01
5.797838e-02	5.107833e-01	7.434113e-01	2.012879e-01
6.667514e-02	5.478464e-01	7.089517e-01	2.158572e-01
7.667641e-02	5.875920e-01	6.752414e-01	2.314809e-01
8.817787e-02	6.302145e-01	6.364746e-01	2.482354e-01
1.014046e-01	6.759220e-01	5.999730e-01	2.662028e-01
1.166152e-01	7.249379e-01	5.637591e-01	2.854707e-01
1.341075e-01	7.775015e-01	5.279599e-01	3.061331e-01
1.542237e-01	8.338696e-01	4.920850e-01	3.282910e-01
1.773572e-01	8.943178e-01	4.592475e-01	3.520528e-01
2.039608e-01	9.591412e-01	4.282380e-01	3.775345e-01
2.345549e-01	1.028656e+00	3.963197e-01	4.048606e-01
2.697381e-01	1.103203e+00	3.659154e-01	4.341645e-01
3.101989e-01	1.183146e+00	3.357898e-01	4.655893e-01
3.567287e-01	1.268875e+00	3.134392e-01	4.992889e-01
4.102380e-01	1.360809e+00	2.879218e-01	5.354277e-01
4.717737e-01	1.459397e+00	2.600667e-01	5.741822e-01
5.425397e-01	1.565121e+00	2.452504e-01	6.157416e-01
6.239207e-01	1.678498e+00	2.282117e-01	6.603091e-01
7.175088e-01	1.804513e+00	2.086172e-01	6.655613e-01
8.251351e-01	1.962761e+00	1.860835e-01	6.769535e-01
9.489054e-01	2.138212e+00	1.620028e-01	6.860737e-01
1.091241e+00	2.334795e+00	1.480162e-01	6.928595e-01
1.254927e+00	2.548706e+00	1.323213e-01	6.979310e-01
1.443166e+00	2.788114e+00	1.200849e-01	7.023749e-01
1.659641e+00	3.048057e+00	1.079722e-01	7.065346e-01
1.908588e+00	3.327941e+00	9.707039e-02	7.108856e-01
2.194876e+00	3.638008e+00	8.811002e-02	7.159557e-01
2.524107e+00	3.956708e+00	7.822060e-02	7.223909e-01
2.902723e+00	4.302722e+00	7.053999e-02	7.309554e-01
3.338132e+00	4.659086e+00	6.367088e-02	7.425505e-01
3.838852e+00	5.014211e+00	5.778616e-02	7.582309e-01
4.414679e+00	5.392465e+00	5.101874e-02	7.792092e-01
5.076881e+00	5.735064e+00	4.544087e-02	8.068775e-01
5.838413e+00	6.084579e+00	4.053810e-02	8.427953e-01
6.714175e+00	6.415084e+00	3.637680e-02	8.886869e-01
7.721302e+00	6.684571e+00	3.287890e-02	9.464431e-01
8.879497e+00	6.940614e+00	2.885632e-02	1.018128e+00
1.021142e+01	7.099451e+00	2.565141e-02	1.106023e+00
1.174313e+01	7.232207e+00	2.278456e-02	1.212693e+00
1.350460e+01	7.322096e+00	2.022693e-02	1.341110e+00
1.553030e+01	7.341290e+00	1.783178e-02	1.494814e+00
1.785984e+01	7.330906e+00	1.591923e-02	1.678124e+00
2.053882e+01	7.255762e+00	1.426422e-02	1.896386e+00
2.361964e+01	7.151553e+00	1.262005e-02	2.156290e+00
2.716258e+01	7.014023e+00	1.118628e-02	2.466233e+00
3.123697e+01	6.855801e+00	9.845123e-03	2.836796e+00
3.592252e+01	6.676247e+00	8.966057e-03	3.281328e+00
4.131089e+01	6.478703e+00	7.955131e-03	3.816402e+00
4.750753e+01	6.262777e+00	6.871038e-03	4.464728e+00
5.463366e+01	6.023302e+00	6.164438e-03	5.247192e+00
6.282871e+01	6.028933e+00	5.383246e-03	6.244882e+00
7.225301e+01	5.729325e+00	4.891636e-03	7.523245e+00
8.309096e+01	5.411601e+00	4.326284e-03	9.076156e+00
9.555461e+01	5.080808e+00	3.733487e-03	1.099916e+01
1.098878e+02	4.754256e+00	3.341116e-03	1.338190e+01
1.263710e+02	4.431017e+00	2.911056e-03	1.635081e+01
1.453266e+02	4.116347e+00	2.587878e-03	2.006773e+01
1.671256e+02	3.815726e+00	2.279473e-03	2.473749e+01
1.921945e+02	3.524138e+00	2.011048e-03	3.062751e+01
2.210236e+02	3.243958e+00	1.794854e-03	3.808077e+01
2.541772e+02	2.975377e+00	1.562050e-03	4.754064e+01
2.923037e+02	2.720106e+00	1.385094e-03	5.958360e+01
3.361493e+02	2.479358e+00	1.234143e-03	7.495373e+01
3.865717e+02	2.253959e+00	1.104655e-03	9.461348e+01
4.445574e+02	2.043813e+00	9.557430e-04	1.198078e+02
5.112411e+02	1.848983e+00	8.399944e-04	1.521464e+02
5.879272e+02	1.669278e+00	7.375603e-04	1.937081e+02
6.761163e+02	1.504583e+00	6.548069e-04	2.471744e+02
7.775337e+02	1.354070e+00	5.845402e-04	3.159997e+02
8.941638e+02	1.217122e+00	5.037336e-04	4.046262e+02
1.028288e+03	1.092956e+00	4.427814e-04	5.187571e+02
1.182532e+03	9.808234e-01	3.873537e-04	6.656991e+02
1.359911e+03	8.801071e-01	3.396373e-04	8.547938e+02
1.563898e+03	7.900938e-01	2.950598e-04	1.097956e+03
1.798483e+03	7.095464e-01	2.599179e-04	1.410341e+03
2.068255e+03	6.374883e-01	2.304435e-04	1.811175e+03
2.378493e+03	5.734799e-01	2.006497e-04	2.324770e+03
2.735268e+03	5.167498e-01	1.757285e-04	2.981753e+03
3.145558e+03	4.663584e-01	1.527245e-04	3.820554e+03
3.617391e+03	4.217373e-01	1.376455e-04	4.889171e+03
4.160000e+03	3.823927e-01	1.203047e-04	6.247242e+03
4.784000e+03	3.476816e-01	1.022658e-04	7.968456e+03
5.501600e+03	3.170817e-01	9.053045e-05	1.014320e+04
6.326840e+03	2.901164e-01	0.000000e+00	1.288223e+04
7.275866e+03	2.664424e-01	0.000000e+00	1.632034e+04
8.367246e+03	2.456780e-01	0.000000e+00	2.061866e+04
9.622333e+03	2.275551e-01	0.000000e+00	2.596884e+04
