# Energy_MeV	dEdx_Elec_MeV_um	dEdx_Nucl_MeV_um	Range_um
1.000000e-05	9.775872e-03	6.536557e-02	2.045853e-03
1.150000e-05	1.048345e-02	7.267449e-02	2.193933e-03
1.322500e-05	1.124225e-02	8.060548e-02	2.352731e-03
1.520875e-05	1.205597e-02	8.932949e-02	2.523023e-03
1.749006e-05	1.292859e-02	9.895113e-02	2.705641e-03
2.011357e-05	1.386437e-02	1.095813e-01	2.901477e-03
2.313061e-05	1.486788e-02	1.211665e-01	3.111487e-03
2.660020e-05	1.594402e-02	1.337817e-01	3.336698e-03
3.059023e-05	1.709806e-02	1.478379e-01	3.578210e-03
3.517876e-05	1.833563e-02	1.632382e-01	3.837203e-03
4.045558e-05	1.966277e-02	1.802614e-01	4.114942e-03
4.652391e-05	2.108597e-02	1.977832e-01	4.412783e-03
5.350250e-05	2.261219e-02	2.178110e-01	4.732183e-03
6.152788e-05	2.424887e-02	2.407058e-01	5.074701e-03
7.075706e-05	2.600401e-02	2.640007e-01	5.442010e-03
8.137062e-05	2.788620e-02	2.907899e-01	5.835906e-03
9.357621e-05	2.990462e-02	3.175798e-01	6.258312e-03
1.076126e-04	3.206913e-02	3.483354e-01	6.711292e-03
1.237545e-04	3.439031e-02	3.832655e-01	7.197059e-03
1.423177e-04	3.687950e-02	4.184782e-01	7.717986e-03
1.636654e-04	3.954885e-02	4.588407e-01	8.276618e-03
1.882152e-04	4.241142e-02	5.004041e-01	8.875684e-03
2.164475e-04	4.548118e-02	5.462719e-01	9.518110e-03
2.489146e-04	4.877314e-02	5.955540e-01	1.020704e-02
2.862518e-04	5.230336e-02	6.467698e-01	1.094583e-02
3.291895e-04	5.608911e-02	7.051388e-01	1.173809e-02
3.785680e-04	6.014886e-02	7.645883e-01	1.258770e-02
4.353531e-04	6.450247e-02	8.275795e-01	1.349881e-02
5.006561e-04	6.917119e-02	8.935782e-01	1.447586e-02
5.757545e-04	7.417784e-02	9.694767e-01	1.552363e-02
6.621177e-04	7.954687e-02	1.047398e+00	1.664723e-02
7.614354e-04	8.530452e-02	1.129473e+00	1.785217e-02
8.756507e-04	9.147890e-02	1.213823e+00	1.914432e-02
1.006998e-03	9.810020e-02	1.300604e+00	2.053000e-02
1.158048e-03	1.052007e-01	1.400401e+00	2.201597e-02
1.331755e-03	1.128152e-01	1.499960e+00	2.360949e-02
1.531519e-03	1.209809e-01	1.604102e+00	2.531836e-02
1.761246e-03	1.297375e-01	1.712026e+00	2.715092e-02
2.025433e-03	1.391280e-01	1.825890e+00	2.911612e-02
2.329248e-03	1.491981e-01	1.938024e+00	3.122356e-02
2.678635e-03	1.599972e-01	2.050407e+00	3.348353e-02
3.080431e-03	1.715779e-01	2.170695e+00	3.590709e-02
3.542495e-03	1.839968e-01	2.291186e+00	3.850606e-02
4.073870e-03	1.973145e-01	2.416668e+00	4.129315e-02
4.684950e-03	2.115963e-01	2.521173e+00	4.428197e-02
5.387693e-03	2.269117e-01	2.641238e+00	4.748713e-02
6.195847e-03	2.433357e-01	2.774787e+00	5.092427e-02
7.125224e-03	2.609485e-01	2.882722e+00	5.461020e-02
8.194007e-03	2.798361e-01	3.005066e+00	5.856291e-02
9.423108e-03	3.000907e-01	3.097057e+00	6.280173e-02
1.083657e-02	3.218115e-01	3.202847e+00	6.734735e-02
1.246206e-02	3.451044e-01	3.317751e+00	7.219185e-02
1.433137e-02	3.700832e-01	3.404107e+00	7.744790e-02
1.648108e-02	3.968700e-01	3.500732e+00	8.305687e-02
1.895324e-02	4.255957e-01	3.577933e+00	8.906909e-02
2.179622e-02	4.564005e-01	3.653896e+00	9.551554e-02
2.506566e-02	4.894350e-01	3.721873e+00	1.024289e-01
2.882550e-02	5.248606e-01	3.777183e+00	1.098426e-01
3.314933e-02	5.628503e-01	3.837479e+00	1.177929e-01
3.812173e-02	6.035897e-01	3.880469e+00	1.263187e-01
4.383999e-02	6.472778e-01	3.915494e+00	1.354616e-01
5.041599e-02	6.941281e-01	3.941630e+00	1.452662e-01
5.797838e-02	7.443695e-01	3.971687e+00	1.557805e-01
6.667514e-02	7.982473e-01	3.988511e+00	1.670558e-01
7.667641e-02	8.560249e-01	3.996254e+00	1.791473e-01
8.817787e-02	9.179844e-01	3.993627e+00	1.921139e-01
1.014046e-01	9.844286e-01	3.980997e+00	2.060190e-01
1.166152e-01	1.055682e+00	3.966472e+00	2.209307e-01
1.341075e-01	1.132093e+00	3.938763e+00	2.369217e-01
1.542237e-01	1.214034e+00	3.900865e+00	2.540701e-01
1.773572e-01	1.301907e+00	3.853210e+00	2.724596e-01
2.039608e-01	1.396140e+00	3.795526e+00	2.921801e-01
2.345549e-01	1.497193e+00	3.727622e+00	3.133282e-01
2.697381e-01	1.605561e+00	3.650508e+00	3.360070e-01
3.101989e-01	1.721772e+00	3.562272e+00	3.603272e-01
3.567287e-01	1.846395e+00	3.466344e+00	3.864076e-01
4.102380e-01	1.980038e+00	3.360146e+00	4.143758e-01
4.717737e-01	2.123354e+00	3.255964e+00	4.443685e-01
5.425397e-01	2.277043e+00	3.136155e+00	4.765321e-01
6.239207e-01	2.441857e+00	3.002930e+00	5.110236e-01
7.175088e-01	2.618600e+00	2.878298e+00	5.480114e-01
8.251351e-01	2.808135e+00	2.738550e+00	5.876766e-01
9.489054e-01	3.011390e+00	2.617806e+00	6.302130e-01
1.091241e+00	3.229356e+00	2.478949e+00	6.758281e-01
1.254927e+00	3.463098e+00	2.328517e+00	7.247446e-01
1.443166e+00	3.713759e+00	2.198805e+00	7.772017e-01
1.659641e+00	3.982563e+00	2.054731e+00	8.334559e-01
1.908588e+00	4.270823e+00	1.926234e+00	8.937819e-01
2.194876e+00	4.579947e+00	1.795903e+00	9.584742e-01
2.524107e+00	4.911446e+00	1.670641e+00	1.027849e+00
2.902723e+00	5.266939e+00	1.556315e+00	1.102245e+00
3.338132e+00	2.877349e+00	1.431566e+00	1.182024e+00
3.838852e+00	3.163338e+00	1.323661e+00	1.267596e+00
4.414679e+00	3.484273e+00	1.225854e+00	1.359269e+00
5.076881e+00	3.837215e+00	1.134455e+00	1.458253e+00
5.838413e+00	4.234319e+00	1.029346e+00	1.567518e+00
6.714175e+00	4.663117e+00	9.550056e-01	1.688959e+00
7.721302e+00	5.137827e+00	8.939758e-01	1.824903e+00
8.879497e+00	5.661685e+00	8.237916e-01	1.978275e+00
1.021142e+01	6.214830e+00	7.430797e-01	2.152938e+00
1.174313e+01	6.821690e+00	6.502611e-01	2.109410e+00
1.350460e+01	7.430955e+00	5.846266e-01	1.992836e+00
1.553030e+01	8.114610e+00	5.270144e-01	1.897423e+00
1.785984e+01	8.884713e+00	4.757596e-01	1.822855e+00
2.053882e+01	9.660635e+00	4.262244e-01	1.768977e+00
2.361964e+01	1.051342e+01	3.847993e-01	1.735781e+00
2.716258e+01	1.141071e+01	3.490503e-01	1.723378e+00
3.123697e+01	1.241365e+01	3.121415e-01	1.731932e+00
3.592252e+01	1.354536e+01	2.802754e-01	1.761792e+00
4.131089e+01	1.477192e+01	2.500129e-01	1.813363e+00
4.750753e+01	1.609725e+01	2.289348e-01	1.887243e+00
5.463366e+01	1.741504e+01	2.046950e-01	1.984319e+00
6.282871e+01	1.867118e+01	1.794299e-01	2.105892e+00
7.225301e+01	1.996414e+01	1.618690e-01	2.253818e+00
8.309096e+01	2.104595e+01	1.430319e-01	2.430656e+00
9.555461e+01	2.214108e+01	1.305030e-01	2.639811e+00
1.098878e+02	2.310716e+01	1.160948e-01	2.885693e+00
1.263710e+02	2.385820e+01	1.014295e-01	3.173937e+00
1.453266e+02	2.455442e+01	9.116091e-02	3.511556e+00
1.671256e+02	2.524853e+01	8.017165e-02	3.907194e+00
1.921945e+02	2.588316e+01	7.159263e-02	4.372545e+00
2.210236e+02	2.636085e+01	6.353892e-02	4.915875e+00
2.541772e+02	2.551890e+01	5.647393e-02	5.585204e+00
2.923037e+02	2.545548e+01	5.058480e-02	6.434874e+00
3.361493e+02	2.517444e+01	4.439442e-02	7.423940e+00
3.865717e+02	2.467716e+01	3.950798e-02	8.602283e+00
4.445574e+02	2.408549e+01	3.546573e-02	1.000361e+01
5.112411e+02	2.343346e+01	3.184476e-02	1.168189e+01
5.879272e+02	2.273451e+01	2.768065e-02	1.370194e+01
6.761163e+02	2.205135e+01	2.455097e-02	1.614287e+01
7.775337e+02	2.133221e+01	2.164040e-02	1.910551e+01
8.941638e+02	2.055927e+01	1.936879e-02	2.271580e+01
1.028288e+03	1.973752e+01	1.734379e-02	2.713181e+01
1.182532e+03	1.887600e+01	1.501505e-02	3.255558e+01
1.359911e+03	1.798745e+01	1.332195e-02	3.924243e+01
1.563898e+03	1.708488e+01	1.170574e-02	4.751661e+01
1.798483e+03	1.617011e+01	1.035010e-02	5.779142e+01
2.068255e+03	1.524856e+01	9.066577e-03	7.059475e+01
2.378493e+03	1.432944e+01	8.020098e-03	8.660184e+01
2.735268e+03	1.341709e+01	7.165431e-03	1.066776e+02
3.145558e+03	1.251426e+01	6.274905e-03	1.319309e+02
3.617391e+03	1.163698e+01	5.546133e-03	1.637844e+02
4.160000e+03	1.079076e+01	4.867980e-03	2.040636e+02
4.784000e+03	9.978166e+00	4.404174e-03	2.551104e+02
5.501600e+03	9.202325e+00	3.870796e-03	3.199267e+02
6.326840e+03	8.467568e+00	3.333631e-03	4.023557e+02
7.275866e+03	7.776575e+00	2.966729e-03	5.073079e+02
8.367246e+03	7.129412e+00	2.585057e-03	6.410427e+02
9.622333e+03	6.527139e+00	2.333373e-03	8.115143e+02
