# Energy_MeV	dEdx_Elec_MeV_um	dEdx_Nucl_MeV_um	Range_um
1.000000e-05	9.272978e-03	5.432267e-02	2.156805e-03
1.150000e-05	9.944161e-03	6.031645e-02	2.312915e-03
1.322500e-05	1.066392e-02	6.702800e-02	2.480325e-03
1.520875e-05	1.143578e-02	7.418866e-02	2.659852e-03
1.749006e-05	1.226351e-02	8.242341e-02	2.852374e-03
2.011357e-05	1.315115e-02	9.154853e-02	3.058830e-03
2.313061e-05	1.410304e-02	1.013776e-01	3.280230e-03
2.660020e-05	1.512383e-02	1.124021e-01	3.517655e-03
3.059023e-05	1.621850e-02	1.243788e-01	3.772265e-03
3.517876e-05	1.739240e-02	1.375860e-01	4.045303e-03
4.045558e-05	1.865127e-02	1.520360e-01	4.338104e-03
4.652391e-05	2.000126e-02	1.678728e-01	4.652099e-03
5.350250e-05	2.144896e-02	1.855397e-01	4.988820e-03
6.152788e-05	2.300145e-02	2.047193e-01	5.349913e-03
7.075706e-05	2.466630e-02	2.249344e-01	5.737143e-03
8.137062e-05	2.645166e-02	2.474991e-01	6.152400e-03
9.357621e-05	2.836625e-02	2.734485e-01	6.597714e-03
1.076126e-04	3.041941e-02	3.002298e-01	7.075260e-03
1.237545e-04	3.262119e-02	3.304124e-01	7.587371e-03
1.423177e-04	3.498233e-02	3.614815e-01	8.136549e-03
1.636654e-04	3.751437e-02	3.961330e-01	8.725477e-03
1.882152e-04	2.012690e-02	4.359822e-01	9.357032e-03
2.164475e-04	2.167068e-02	4.763349e-01	1.003430e-02
2.489146e-04	2.332587e-02	5.219591e-01	1.076059e-02
2.862518e-04	2.510055e-02	5.697234e-01	1.153944e-02
3.291895e-04	2.700339e-02	6.224140e-01	1.237467e-02
3.785680e-04	2.904370e-02	6.787746e-01	1.327036e-02
4.353531e-04	3.123144e-02	7.369913e-01	1.423088e-02
5.006561e-04	3.357731e-02	8.033503e-01	1.526091e-02
5.757545e-04	3.609276e-02	8.715192e-01	1.636551e-02
6.621177e-04	3.879009e-02	9.450608e-01	1.755005e-02
7.614354e-04	4.168247e-02	1.019420e+00	1.882033e-02
8.756507e-04	4.478404e-02	1.104932e+00	2.018256e-02
1.006998e-03	4.810995e-02	1.196401e+00	2.164338e-02
1.158048e-03	5.167645e-02	1.288872e+00	2.320994e-02
1.331755e-03	5.550096e-02	1.388315e+00	2.488989e-02
1.531519e-03	5.960216e-02	1.486088e+00	2.669143e-02
1.761246e-03	6.400010e-02	1.598527e+00	2.862337e-02
2.025433e-03	6.871626e-02	1.716259e+00	3.069515e-02
2.329248e-03	7.377368e-02	1.833593e+00	3.291688e-02
2.678635e-03	7.919706e-02	1.959993e+00	3.529942e-02
3.080431e-03	8.501291e-02	2.088281e+00	3.785441e-02
3.542495e-03	9.124963e-02	2.218910e+00	4.059434e-02
4.073870e-03	9.793770e-02	2.350884e+00	4.353257e-02
4.684950e-03	1.051098e-01	2.486409e+00	4.668349e-02
5.387693e-03	1.128009e-01	2.628891e+00	5.006246e-02
6.195847e-03	1.210487e-01	2.770268e+00	5.368601e-02
7.125224e-03	1.298934e-01	2.896697e+00	5.757183e-02
8.194007e-03	1.393782e-01	3.031970e+00	6.173891e-02
9.423108e-03	1.495495e-01	3.187534e+00	6.620760e-02
1.083657e-02	1.604569e-01	3.314960e+00	7.099975e-02
1.246206e-02	1.721538e-01	3.454809e+00	7.613875e-02
1.433137e-02	1.846973e-01	3.567430e+00	8.164971e-02
1.648108e-02	1.981487e-01	3.686621e+00	8.751464e-02
1.895324e-02	2.125736e-01	3.823689e+00	9.388453e-02
2.179622e-02	2.280426e-01	3.924806e+00	1.006961e-01
2.506566e-02	2.446312e-01	4.036696e+00	1.079843e-01
2.882550e-02	2.624205e-01	4.128615e+00	1.157999e-01
3.314933e-02	2.814973e-01	4.220207e+00	1.241815e-01
3.812173e-02	3.019550e-01	4.301965e+00	1.331696e-01
4.383999e-02	3.238933e-01	4.365085e+00	1.428083e-01
5.041599e-02	3.474195e-01	4.436748e+00	1.531447e-01
5.797838e-02	3.726486e-01	4.487908e+00	1.642292e-01
6.667514e-02	3.997037e-01	4.533583e+00	1.761160e-01
7.667641e-02	4.287170e-01	4.563029e+00	1.888632e-01
8.817787e-02	4.598304e-01	4.596893e+00	2.025330e-01
1.014046e-01	4.931957e-01	4.622234e+00	2.171923e-01
1.166152e-01	5.289760e-01	4.630958e+00	2.329127e-01
1.341075e-01	5.673461e-01	4.632598e+00	2.497708e-01
1.542237e-01	6.084935e-01	4.618368e+00	2.678491e-01
1.773572e-01	6.526191e-01	4.602003e+00	2.872360e-01
2.039608e-01	6.999385e-01	4.574492e+00	3.080262e-01
2.345549e-01	7.506829e-01	4.531792e+00	3.303211e-01
2.697381e-01	8.051003e-01	4.479612e+00	3.542297e-01
3.101989e-01	8.634563e-01	4.414632e+00	3.798688e-01
3.567287e-01	9.260362e-01	4.338459e+00	4.073637e-01
4.102380e-01	9.931457e-01	4.251268e+00	4.368489e-01
4.717737e-01	1.065113e+00	4.151854e+00	4.684681e-01
5.425397e-01	1.142288e+00	4.041853e+00	5.023758e-01
6.239207e-01	1.225050e+00	3.921269e+00	5.387377e-01
7.175088e-01	1.313803e+00	3.800738e+00	5.777317e-01
8.251351e-01	1.408979e+00	3.665753e+00	6.195482e-01
9.489054e-01	1.511044e+00	3.510520e+00	6.643913e-01
1.091241e+00	1.620496e+00	3.368024e+00	7.124799e-01
1.254927e+00	1.737871e+00	3.206541e+00	7.640493e-01
1.443166e+00	1.863742e+00	3.065059e+00	8.193516e-01
1.659641e+00	1.998723e+00	2.908614e+00	8.786567e-01
1.908588e+00	2.143474e+00	2.728701e+00	9.422540e-01
2.194876e+00	2.298702e+00	2.581552e+00	1.010454e+00
2.524107e+00	2.465165e+00	2.413487e+00	1.083592e+00
2.902723e+00	2.643678e+00	2.265254e+00	1.162023e+00
3.338132e+00	2.835111e+00	2.111032e+00	1.246130e+00
3.838852e+00	3.040400e+00	1.961665e+00	1.336325e+00
4.414679e+00	3.310345e+00	1.832857e+00	1.433050e+00
5.076881e+00	3.625853e+00	1.684728e+00	1.536778e+00
5.838413e+00	3.974468e+00	1.561532e+00	1.647967e+00
6.714175e+00	4.359957e+00	1.441031e+00	1.767572e+00
7.721302e+00	4.789898e+00	1.338054e+00	1.899073e+00
8.879497e+00	5.249877e+00	1.219631e+00	2.045111e+00
1.021142e+01	5.764112e+00	1.120426e+00	2.208316e+00
1.174313e+01	6.321969e+00	1.051665e+00	2.392112e+00
1.350460e+01	6.923366e+00	9.725908e-01	2.600983e+00
1.553030e+01	7.587670e+00	8.816549e-01	2.840784e+00
1.785984e+01	8.231756e+00	7.770787e-01	2.991872e+00
2.053882e+01	8.956125e+00	6.902984e-01	2.788923e+00
2.361964e+01	9.762659e+00	6.253883e-01	2.626573e+00
2.716258e+01	1.059642e+01	5.625193e-01	2.501705e+00
3.123697e+01	1.150246e+01	5.057317e-01	2.411888e+00
3.592252e+01	1.239197e+01	4.564668e-01	2.355255e+00
4.131089e+01	1.338316e+01	4.126879e-01	2.330378e+00
4.750753e+01	1.446631e+01	3.711038e-01	2.336201e+00
5.463366e+01	1.569126e+01	3.318096e-01	2.371935e+00
6.282871e+01	1.707740e+01	2.961648e-01	2.437343e+00
7.225301e+01	1.849672e+01	2.706804e-01	2.532517e+00
8.309096e+01	1.996891e+01	2.433701e-01	2.658158e+00
9.555461e+01	2.143735e+01	2.119632e-01	2.815682e+00
1.098878e+02	2.279019e+01	1.920503e-01	3.007368e+00
1.263710e+02	2.418260e+01	1.692972e-01	3.236500e+00
1.453266e+02	2.534821e+01	1.544283e-01	3.507523e+00
1.671256e+02	2.639946e+01	1.381950e-01	3.826216e+00
1.921945e+02	2.728693e+01	1.198224e-01	4.199881e+00
2.210236e+02	2.819524e+01	1.082531e-01	4.637774e+00
2.541772e+02	2.912528e+01	9.494836e-02	5.151333e+00
2.923037e+02	2.978958e+01	8.514464e-02	5.751796e+00
3.361493e+02	2.900442e+01	7.537218e-02	6.475539e+00
3.865717e+02	2.917821e+01	6.675213e-02	7.404077e+00
4.445574e+02	2.906304e+01	6.011700e-02	8.491032e+00
5.112411e+02	2.869276e+01	5.253007e-02	9.776323e+00
5.879272e+02	2.815444e+01	4.702465e-02	1.129673e+01
6.761163e+02	2.754446e+01	4.190361e-02	1.310857e+01
7.775337e+02	2.686252e+01	3.782397e-02	1.527758e+01
8.941638e+02	2.617972e+01	3.313238e-02	1.788519e+01
1.028288e+03	2.547846e+01	2.909545e-02	2.103313e+01
1.182532e+03	2.469967e+01	2.581620e-02	2.484920e+01
1.359911e+03	2.385428e+01	2.289502e-02	2.949184e+01
1.563898e+03	2.294750e+01	2.061351e-02	3.516306e+01
1.798483e+03	2.199668e+01	1.798978e-02	4.211745e+01
2.068255e+03	2.101594e+01	1.579592e-02	5.067652e+01
2.378493e+03	2.001100e+01	1.397498e-02	6.124847e+01
2.735268e+03	1.898444e+01	1.228861e-02	7.435268e+01
3.145558e+03	1.794561e+01	1.078878e-02	9.065122e+01
3.617391e+03	1.690459e+01	9.559623e-03	1.109893e+02
4.160000e+03	1.586840e+01	8.500714e-03	1.364475e+02
4.784000e+03	1.484532e+01	7.497382e-03	1.684087e+02
5.501600e+03	1.384316e+01	6.588279e-03	2.086435e+02
6.326840e+03	1.287116e+01	5.767049e-03	2.594193e+02
7.275866e+03	1.193603e+01	5.221853e-03	3.236395e+02
8.367246e+03	1.104158e+01	4.620911e-03	4.050178e+02
9.622333e+03	1.019227e+01	3.944540e-03	5.082982e+02
