# Energy_MeV	dEdx_Elec_MeV_um	dEdx_Nucl_MeV_um	Range_um
1.000000e-05	8.723990e-03	6.345858e-02	2.292529e-03
1.150000e-05	9.355437e-03	7.054523e-02	2.458463e-03
1.322500e-05	1.003259e-02	7.808215e-02	2.636408e-03
1.520875e-05	1.075875e-02	8.662259e-02	2.827233e-03
1.749006e-05	1.153748e-02	9.580633e-02	3.031870e-03
2.011357e-05	1.237257e-02	1.060065e-01	3.251318e-03
2.313061e-05	1.326810e-02	1.171987e-01	3.486650e-03
2.660020e-05	1.422845e-02	1.293422e-01	3.739016e-03
3.059023e-05	1.525831e-02	1.430384e-01	4.009647e-03
3.517876e-05	1.636272e-02	1.577452e-01	4.299868e-03
4.045558e-05	1.754706e-02	1.734699e-01	4.611095e-03
4.652391e-05	1.881713e-02	1.907725e-01	4.944848e-03
5.350250e-05	2.017912e-02	2.106704e-01	5.302759e-03
6.152788e-05	2.163969e-02	2.315322e-01	5.686575e-03
7.075706e-05	2.320599e-02	2.546762e-01	6.098173e-03
8.137062e-05	2.488565e-02	2.789184e-01	6.539561e-03
9.357621e-05	2.668689e-02	3.054890e-01	7.012898e-03
1.076126e-04	2.861850e-02	3.360452e-01	7.520496e-03
1.237545e-04	3.068992e-02	3.675423e-01	8.064833e-03
1.423177e-04	3.291127e-02	4.025267e-01	8.648570e-03
1.636654e-04	3.529341e-02	4.396648e-01	9.274558e-03
1.882152e-04	3.784796e-02	4.805463e-01	9.945856e-03
2.164475e-04	4.058742e-02	5.237634e-01	1.066574e-02
2.489146e-04	4.352516e-02	5.690413e-01	1.143773e-02
2.862518e-04	2.340133e-02	6.199251e-01	1.226560e-02
3.291895e-04	2.517019e-02	6.730403e-01	1.315339e-02
3.785680e-04	2.706687e-02	7.306467e-01	1.410544e-02
4.353531e-04	2.910063e-02	7.876648e-01	1.512640e-02
5.006561e-04	3.128142e-02	8.532356e-01	1.622126e-02
5.757545e-04	3.361987e-02	9.251108e-01	1.739536e-02
6.621177e-04	3.612743e-02	9.960172e-01	1.865445e-02
7.614354e-04	3.881634e-02	1.074353e+00	2.000467e-02
8.756507e-04	4.169974e-02	1.149325e+00	2.145262e-02
1.006998e-03	4.479172e-02	1.235543e+00	2.300537e-02
1.158048e-03	4.810738e-02	1.328446e+00	2.467051e-02
1.331755e-03	5.166291e-02	1.418418e+00	2.645617e-02
1.531519e-03	5.547570e-02	1.517612e+00	2.837109e-02
1.761246e-03	5.956437e-02	1.615983e+00	3.042460e-02
2.025433e-03	6.394888e-02	1.718176e+00	3.262675e-02
2.329248e-03	6.865068e-02	1.821904e+00	3.498829e-02
2.678635e-03	7.369271e-02	1.925824e+00	3.752076e-02
3.080431e-03	7.909962e-02	2.038258e+00	4.023653e-02
3.542495e-03	8.489782e-02	2.146666e+00	4.314887e-02
4.073870e-03	9.111564e-02	2.247715e+00	4.627201e-02
4.684950e-03	9.778344e-02	2.351441e+00	4.962121e-02
5.387693e-03	1.049338e-01	2.470727e+00	5.321281e-02
6.195847e-03	1.126017e-01	2.573596e+00	5.706439e-02
7.125224e-03	1.208245e-01	2.680832e+00	6.119474e-02
8.194007e-03	1.296425e-01	2.772380e+00	6.562404e-02
9.423108e-03	1.390987e-01	2.863775e+00	7.037395e-02
1.083657e-02	1.492392e-01	2.968878e+00	7.546765e-02
1.246206e-02	1.601138e-01	3.051816e+00	8.089695e-02
1.433137e-02	1.717754e-01	3.137613e+00	8.677260e-02
1.648108e-02	1.842810e-01	3.211859e+00	9.307234e-02
1.895324e-02	1.976918e-01	3.284931e+00	9.980809e-02
2.179622e-02	2.120732e-01	3.347622e+00	1.070322e-01
2.506566e-02	2.274956e-01	3.398845e+00	1.147792e-01
2.882550e-02	2.440342e-01	3.453796e+00	1.230868e-01
3.314933e-02	2.617698e-01	3.496075e+00	1.319957e-01
3.812173e-02	2.807892e-01	3.534034e+00	1.415494e-01
4.383999e-02	3.011852e-01	3.556614e+00	1.517947e-01
5.041599e-02	3.230574e-01	3.582581e+00	1.627815e-01
5.797838e-02	3.465127e-01	3.605029e+00	1.745636e-01
6.667514e-02	3.716657e-01	3.611718e+00	1.871984e-01
7.667641e-02	3.986393e-01	3.615150e+00	2.007477e-01
8.817787e-02	4.275652e-01	3.604238e+00	2.152778e-01
1.014046e-01	4.585849e-01	3.591690e+00	2.308596e-01
1.166152e-01	4.918497e-01	3.572346e+00	2.475692e-01
1.341075e-01	5.275222e-01	3.539604e+00	2.654881e-01
1.542237e-01	5.657767e-01	3.500306e+00	2.847041e-01
1.773572e-01	6.068001e-01	3.450480e+00	3.053111e-01
2.039608e-01	6.507928e-01	3.392233e+00	3.274095e-01
2.345549e-01	6.979696e-01	3.325229e+00	3.511074e-01
2.697381e-01	7.485612e-01	3.248999e+00	3.765204e-01
3.101989e-01	8.028146e-01	3.163742e+00	4.037731e-01
3.567287e-01	8.609949e-01	3.071279e+00	4.329983e-01
4.102380e-01	9.233863e-01	2.976926e+00	4.643388e-01
4.717737e-01	9.902936e-01	2.873420e+00	4.979476e-01
5.425397e-01	1.062044e+00	2.754388e+00	5.339891e-01
6.239207e-01	1.138987e+00	2.641716e+00	5.726394e-01
7.175088e-01	1.221500e+00	2.517891e+00	6.140873e-01
8.251351e-01	1.309985e+00	2.404927e+00	6.585351e-01
9.489054e-01	1.404874e+00	2.284965e+00	7.061998e-01
1.091241e+00	1.506632e+00	2.147009e+00	7.573148e-01
1.254927e+00	1.615755e+00	2.028773e+00	8.121297e-01
1.443166e+00	1.732776e+00	1.899902e+00	8.709120e-01
1.659641e+00	1.858267e+00	1.781889e+00	9.339487e-01
1.908588e+00	1.992842e+00	1.660146e+00	1.001548e+00
2.194876e+00	2.137157e+00	1.544896e+00	1.074041e+00
2.524107e+00	2.291917e+00	1.442949e+00	1.151780e+00
2.902723e+00	2.457879e+00	1.329364e+00	1.235146e+00
3.338132e+00	2.673779e+00	1.230550e+00	1.324548e+00
3.838852e+00	2.936945e+00	1.133281e+00	1.420415e+00
4.414679e+00	3.226341e+00	1.054318e+00	1.523217e+00
5.076881e+00	3.549682e+00	9.635119e-01	1.633587e+00
5.838413e+00	3.906545e+00	8.801422e-01	1.754538e+00
6.714175e+00	4.291666e+00	8.274168e-01	1.888790e+00
7.721302e+00	4.721712e+00	7.667827e-01	2.038643e+00
8.879497e+00	5.180232e+00	6.970535e-01	2.207201e+00
1.021142e+01	5.681220e+00	6.168648e-01	2.260598e+00
1.174313e+01	6.224634e+00	5.442584e-01	2.149029e+00
1.350460e+01	6.771846e+00	4.944856e-01	2.053685e+00
1.553030e+01	7.377666e+00	4.438575e-01	1.975262e+00
1.785984e+01	8.049617e+00	4.003130e-01	1.914490e+00
2.053882e+01	8.766451e+00	3.608498e-01	1.872161e+00
2.361964e+01	9.535670e+00	3.256257e-01	1.849140e+00
2.716258e+01	1.036750e+01	2.937392e-01	1.846298e+00
3.123697e+01	1.130200e+01	2.620059e-01	1.864632e+00
3.592252e+01	1.232556e+01	2.346736e-01	1.905122e+00
4.131089e+01	1.342636e+01	2.135798e-01	1.968804e+00
4.750753e+01	1.463285e+01	1.926384e-01	2.056847e+00
5.463366e+01	1.571683e+01	1.685557e-01	2.170654e+00
6.282871e+01	1.683319e+01	1.518364e-01	2.312024e+00
7.225301e+01	1.782988e+01	1.343893e-01	2.483314e+00
8.309096e+01	1.875354e+01	1.219092e-01	2.687634e+00
9.555461e+01	1.967995e+01	1.094615e-01	2.929009e+00
1.098878e+02	2.037436e+01	9.514673e-02	3.212658e+00
1.263710e+02	2.102869e+01	8.562818e-02	3.545157e+00
1.453266e+02	2.149256e+01	7.542616e-02	3.934711e+00
1.671256e+02	2.196451e+01	6.740714e-02	4.391687e+00
1.921945e+02	2.246349e+01	5.958354e-02	4.928396e+00
2.210236e+02	2.271912e+01	5.279021e-02	5.560076e+00
2.541772e+02	2.274179e+01	4.757398e-02	6.313989e+00
2.923037e+02	2.264966e+01	4.172302e-02	7.281753e+00
3.361493e+02	2.234883e+01	3.724542e-02	8.437005e+00
3.865717e+02	2.188377e+01	3.305081e-02	9.806894e+00
4.445574e+02	2.128941e+01	2.992256e-02	1.144027e+01
5.112411e+02	2.065547e+01	2.632506e-02	1.340055e+01
5.879272e+02	1.997270e+01	2.298818e-02	1.576398e+01
6.761163e+02	1.928263e+01	2.047367e-02	1.862695e+01
7.775337e+02	1.859984e+01	1.806274e-02	2.210929e+01
8.941638e+02	1.786916e+01	1.631329e-02	2.636369e+01
1.028288e+03	1.710346e+01	1.430142e-02	3.158050e+01
1.182532e+03	1.630472e+01	1.248389e-02	3.800353e+01
1.359911e+03	1.548707e+01	1.108760e-02	4.594283e+01
1.563898e+03	1.465971e+01	9.719360e-03	5.579230e+01
1.798483e+03	1.382977e+01	8.569294e-03	6.805512e+01
2.068255e+03	1.299908e+01	7.577712e-03	8.337523e+01
2.378493e+03	1.217523e+01	6.720388e-03	1.025780e+02
2.735268e+03	1.136364e+01	5.951038e-03	1.267225e+02
3.145558e+03	1.056670e+01	5.212349e-03	1.571689e+02
3.617391e+03	9.793410e+00	4.582633e-03	1.956650e+02
4.160000e+03	9.051078e+00	4.126862e-03	2.444570e+02
4.784000e+03	8.343015e+00	3.666063e-03	3.064300e+02
5.501600e+03	7.670941e+00	3.136143e-03	3.852871e+02
6.326840e+03	7.035725e+00	2.796820e-03	4.857743e+02
7.275866e+03	6.440520e+00	2.432297e-03	6.139623e+02
8.367246e+03	5.886770e+00	2.188298e-03	7.775968e+02
9.622333e+03	5.374061e+00	1.938246e-03	9.865300e+02
