# Energy_MeV	dEdx_Elec_MeV_um	dEdx_Nucl_MeV_um	Range_um
1.000000e-05	4.441974e-03	9.336048e-02	3.352526e-03
1.150000e-05	4.831337e-03	1.023464e-01	3.595183e-03
1.322500e-05	5.247973e-03	1.126803e-01	3.855404e-03
1.520875e-05	5.693950e-03	1.230232e-01	4.134461e-03
1.749006e-05	6.171473e-03	1.348546e-01	4.433715e-03
2.011357e-05	6.682896e-03	1.471287e-01	4.754630e-03
2.313061e-05	7.230736e-03	1.606878e-01	5.098772e-03
2.660020e-05	7.817684e-03	1.752968e-01	5.467824e-03
3.059023e-05	8.446619e-03	1.902607e-01	5.863588e-03
3.517876e-05	9.120625e-03	2.074692e-01	6.287998e-03
4.045558e-05	9.843003e-03	2.249622e-01	6.743126e-03
4.652391e-05	1.061729e-02	2.437670e-01	7.231197e-03
5.350250e-05	1.144727e-02	2.630501e-01	7.754595e-03
6.152788e-05	1.233701e-02	2.852256e-01	8.315877e-03
7.075706e-05	1.329086e-02	3.085649e-01	8.917784e-03
8.137062e-05	1.431348e-02	3.325448e-01	9.563258e-03
9.357621e-05	1.540987e-02	3.578764e-01	1.025545e-02
1.076126e-04	1.658539e-02	3.832313e-01	1.099775e-02
1.237545e-04	1.784579e-02	4.123895e-01	1.179377e-02
1.423177e-04	1.919722e-02	4.423441e-01	1.264741e-02
1.636654e-04	2.064628e-02	4.727717e-01	1.356284e-02
1.882152e-04	2.220007e-02	5.050527e-01	1.454452e-02
2.164475e-04	2.386617e-02	5.383208e-01	1.559726e-02
2.489146e-04	2.565271e-02	5.717518e-01	1.672620e-02
2.862518e-04	2.756844e-02	6.054212e-01	1.793685e-02
3.291895e-04	2.962271e-02	6.405662e-01	1.923513e-02
3.785680e-04	3.182555e-02	6.768184e-01	2.062738e-02
4.353531e-04	3.418773e-02	7.134809e-01	2.212040e-02
5.006561e-04	3.672080e-02	7.453675e-01	2.372148e-02
5.757545e-04	3.943711e-02	7.804471e-01	2.543846e-02
6.621177e-04	4.234995e-02	8.207886e-01	2.727971e-02
7.614354e-04	4.547355e-02	8.527028e-01	2.925423e-02
8.756507e-04	4.882316e-02	8.889690e-01	3.137166e-02
1.006998e-03	5.241515e-02	9.170369e-01	3.364236e-02
1.158048e-03	5.626707e-02	9.479458e-01	3.607741e-02
1.331755e-03	6.039773e-02	9.832983e-01	3.868871e-02
1.531519e-03	6.482732e-02	1.008529e+00	4.148902e-02
1.761246e-03	6.957748e-02	1.037545e+00	4.449202e-02
2.025433e-03	7.467140e-02	1.060557e+00	4.771238e-02
2.329248e-03	8.013399e-02	1.083687e+00	5.116582e-02
2.678635e-03	8.599192e-02	1.104479e+00	5.486923e-02
3.080431e-03	9.227381e-02	1.120639e+00	5.884070e-02
3.542495e-03	9.901036e-02	1.139223e+00	6.309962e-02
4.073870e-03	1.062345e-01	1.151822e+00	6.766680e-02
4.684950e-03	1.139814e-01	1.163023e+00	7.252772e-02
5.387693e-03	1.222891e-01	1.170659e+00	7.780576e-02
6.195847e-03	1.311980e-01	1.179441e+00	8.345142e-02
7.125224e-03	1.407518e-01	1.185351e+00	8.949144e-02
8.194007e-03	1.509970e-01	1.187613e+00	9.596862e-02
9.423108e-03	1.619838e-01	1.187562e+00	1.029148e-01
1.083657e-02	1.737658e-01	1.183872e+00	1.103637e-01
1.246206e-02	1.864006e-01	1.179628e+00	1.183517e-01
1.433137e-02	1.999498e-01	1.172110e+00	1.269179e-01
1.648108e-02	2.144798e-01	1.161037e+00	1.361042e-01
1.895324e-02	2.300614e-01	1.147349e+00	1.459553e-01
2.179622e-02	2.467708e-01	1.130498e+00	1.565195e-01
2.506566e-02	2.646896e-01	1.110709e+00	1.678483e-01
2.882550e-02	2.839053e-01	1.088130e+00	1.799971e-01
3.314933e-02	3.045120e-01	1.062350e+00	1.930253e-01
3.812173e-02	3.266101e-01	1.034023e+00	2.069964e-01
4.383999e-02	3.503077e-01	1.002753e+00	2.219787e-01
5.041599e-02	3.757205e-01	9.719193e-01	2.380454e-01
5.797838e-02	4.029727e-01	9.369144e-01	2.552752e-01
6.667514e-02	4.321974e-01	8.968666e-01	2.737521e-01
7.667641e-02	4.635375e-01	8.604525e-01	2.935662e-01
8.817787e-02	4.971459e-01	8.185762e-01	3.148144e-01
1.014046e-01	5.331869e-01	7.828677e-01	3.376007e-01
1.166152e-01	5.718366e-01	7.422976e-01	3.620364e-01
1.341075e-01	6.132837e-01	6.965647e-01	3.882407e-01
1.542237e-01	6.577308e-01	6.586662e-01	4.163415e-01
1.773572e-01	7.053950e-01	6.151388e-01	4.464763e-01
2.039608e-01	7.565092e-01	5.775952e-01	4.787924e-01
2.345549e-01	8.113230e-01	5.383662e-01	5.134476e-01
2.697381e-01	8.701043e-01	5.004848e-01	5.506111e-01
3.101989e-01	9.331402e-01	4.670818e-01	5.904643e-01
3.567287e-01	1.000739e+00	4.292003e-01	6.332022e-01
4.102380e-01	1.073230e+00	3.976734e-01	6.790337e-01
4.717737e-01	1.150968e+00	3.674916e-01	7.281825e-01
5.425397e-01	1.234333e+00	3.407873e-01	7.808885e-01
6.239207e-01	1.323732e+00	3.100773e-01	8.374093e-01
7.175088e-01	1.419602e+00	2.859507e-01	8.980212e-01
8.251351e-01	1.522411e+00	2.681195e-01	9.630206e-01
9.489054e-01	1.632661e+00	2.476135e-01	1.032725e+00
1.091241e+00	1.750860e+00	2.240317e-01	1.065461e+00
1.254927e+00	1.897422e+00	1.969126e-01	1.081891e+00
1.443166e+00	2.067621e+00	1.757371e-01	1.098011e+00
1.659641e+00	2.253607e+00	1.589043e-01	1.110440e+00
1.908588e+00	2.460707e+00	1.431312e-01	1.119452e+00
2.194876e+00	2.692467e+00	1.284048e-01	1.126890e+00
2.524107e+00	2.940604e+00	1.159990e-01	1.133682e+00
2.902723e+00	3.216455e+00	1.050086e-01	1.140467e+00
3.338132e+00	3.509735e+00	9.422489e-02	1.148043e+00
3.838852e+00	3.825001e+00	8.438616e-02	1.157379e+00
4.414679e+00	4.171156e+00	7.514260e-02	1.169621e+00
5.076881e+00	4.511449e+00	6.887406e-02	1.186131e+00
5.838413e+00	4.876354e+00	6.179185e-02	1.208501e+00
6.714175e+00	5.238076e+00	5.393201e-02	1.238582e+00
7.721302e+00	5.592899e+00	4.880120e-02	1.278490e+00
8.879497e+00	5.965262e+00	4.294189e-02	1.330630e+00
1.021142e+01	6.277796e+00	3.928129e-02	1.397672e+00
1.174313e+01	6.586569e+00	3.507159e-02	1.482547e+00
1.350460e+01	6.843018e+00	3.049868e-02	1.588460e+00
1.553030e+01	7.033389e+00	2.749847e-02	1.718926e+00
1.785984e+01	7.199687e+00	2.412236e-02	1.877874e+00
2.053882e+01	7.284687e+00	2.161581e-02	2.069794e+00
2.361964e+01	7.340803e+00	1.915391e-02	2.299974e+00
2.716258e+01	7.342077e+00	1.698688e-02	2.574818e+00
3.123697e+01	7.287055e+00	1.526623e-02	2.902210e+00
3.592252e+01	7.201365e+00	1.336218e-02	3.291976e+00
4.131089e+01	7.071315e+00	1.193449e-02	3.756442e+00
4.750753e+01	6.921726e+00	1.066517e-02	4.311130e+00
5.463366e+01	6.749658e+00	9.607218e-03	4.975535e+00
6.282871e+01	6.561025e+00	8.390576e-03	5.774437e+00
7.225301e+01	6.349564e+00	7.396598e-03	6.739033e+00
8.309096e+01	6.123115e+00	6.546209e-03	7.905437e+00
9.555461e+01	6.140872e+00	5.826144e-03	9.348671e+00
1.098878e+02	5.853215e+00	5.234494e-03	1.122927e+01
1.263710e+02	5.539746e+00	4.554098e-03	1.353283e+01
1.453266e+02	5.213299e+00	4.014824e-03	1.637500e+01
1.671256e+02	4.884043e+00	3.542609e-03	1.988814e+01
1.921945e+02	4.559820e+00	3.121759e-03	2.425889e+01
2.210236e+02	4.240964e+00	2.732817e-03	2.972039e+01
2.541772e+02	3.934927e+00	2.424820e-03	3.657241e+01
2.923037e+02	3.639549e+00	2.160158e-03	4.520138e+01
3.361493e+02	3.354585e+00	1.899970e-03	5.610755e+01
3.865717e+02	3.081409e+00	1.673332e-03	6.993278e+01
4.445574e+02	2.820545e+00	1.462762e-03	8.751276e+01
5.112411e+02	2.573904e+00	1.327250e-03	1.099281e+02
5.879272e+02	2.342313e+00	1.171411e-03	1.385750e+02
6.761163e+02	2.126062e+00	1.003381e-03	1.752600e+02
7.775337e+02	1.925104e+00	8.961821e-04	2.223194e+02
8.941638e+02	1.739350e+00	7.769569e-04	2.827718e+02
1.028288e+03	1.568735e+00	7.034217e-04	3.605129e+02
1.182532e+03	1.412620e+00	6.188563e-04	4.605640e+02
1.359911e+03	1.270346e+00	5.296858e-04	5.893872e+02
1.563898e+03	1.141151e+00	4.716799e-04	7.552843e+02
1.798483e+03	1.024291e+00	4.078081e-04	9.689006e+02
2.068255e+03	9.190738e-01	3.604099e-04	1.243857e+03
2.378493e+03	8.248941e-01	3.152182e-04	1.597545e+03
2.735268e+03	7.407211e-01	2.761878e-04	2.052110e+03
3.145558e+03	6.653296e-01	2.450081e-04	2.635676e+03
3.617391e+03	5.981608e-01	2.113082e-04	3.383856e+03
4.160000e+03	5.386410e-01	1.861919e-04	4.341581e+03
4.784000e+03	4.858052e-01	1.647211e-04	5.565324e+03
5.501600e+03	4.389268e-01	1.465737e-04	7.125754e+03
6.326840e+03	3.975433e-01	1.257041e-04	9.110869e+03
7.275866e+03	3.610538e-01	1.094759e-04	1.162964e+04
8.367246e+03	3.288557e-01	9.535248e-05	1.481614e+04
9.622333e+03	3.004969e-01	8.394996e-05	1.883454e+04
