# Energy_MeV	dEdx_Elec_MeV_um	dEdx_Nucl_MeV_um	Range_um
1.000000e-05	9.315138e-03	5.808351e-02	2.147043e-03
1.150000e-05	9.989372e-03	6.442529e-02	2.302447e-03
1.322500e-05	1.071241e-02	7.138301e-02	2.469099e-03
1.520875e-05	1.148778e-02	7.938439e-02	2.647814e-03
1.749006e-05	1.231927e-02	8.800556e-02	2.839464e-03
2.011357e-05	1.321094e-02	9.755610e-02	3.044986e-03
2.313061e-05	1.416716e-02	1.080299e-01	3.265384e-03
2.660020e-05	1.519259e-02	1.196672e-01	3.501734e-03
3.059023e-05	1.629223e-02	1.323001e-01	3.755191e-03
3.517876e-05	1.747147e-02	1.460339e-01	4.026994e-03
4.045558e-05	1.873607e-02	1.614219e-01	4.318470e-03
4.652391e-05	2.009220e-02	1.781792e-01	4.631043e-03
5.350250e-05	2.154648e-02	1.967786e-01	4.966241e-03
6.152788e-05	2.310602e-02	2.158440e-01	5.325700e-03
7.075706e-05	2.477845e-02	2.377693e-01	5.711177e-03
8.137062e-05	2.657193e-02	2.626102e-01	6.124555e-03
9.357621e-05	2.849522e-02	2.881122e-01	6.567853e-03
1.076126e-04	1.529604e-02	3.172036e-01	7.043238e-03
1.237545e-04	1.649452e-02	3.464814e-01	7.553031e-03
1.423177e-04	1.777926e-02	3.801508e-01	8.099724e-03
1.636654e-04	1.915655e-02	4.180109e-01	8.685986e-03
1.882152e-04	2.063311e-02	4.565598e-01	9.314682e-03
2.164475e-04	2.221617e-02	5.003958e-01	9.988884e-03
2.489146e-04	2.391347e-02	5.458970e-01	1.071188e-02
2.862518e-04	2.573329e-02	5.957833e-01	1.148722e-02
3.291895e-04	2.768454e-02	6.492985e-01	1.231867e-02
3.785680e-04	2.977675e-02	7.053667e-01	1.321030e-02
4.353531e-04	3.202014e-02	7.686889e-01	1.416647e-02
5.006561e-04	3.442568e-02	8.337709e-01	1.519184e-02
5.757545e-04	3.700511e-02	9.018992e-01	1.629144e-02
6.621177e-04	3.977104e-02	9.741508e-01	1.747062e-02
7.614354e-04	4.273699e-02	1.057240e+00	1.873515e-02
8.756507e-04	4.591744e-02	1.141356e+00	2.009121e-02
1.006998e-03	4.932794e-02	1.231207e+00	2.154543e-02
1.158048e-03	5.298514e-02	1.322125e+00	2.310490e-02
1.331755e-03	5.690692e-02	1.417127e+00	2.477724e-02
1.531519e-03	6.111242e-02	1.526379e+00	2.657063e-02
1.761246e-03	6.562221e-02	1.633574e+00	2.849383e-02
2.025433e-03	7.045830e-02	1.747583e+00	3.055622e-02
2.329248e-03	7.564434e-02	1.864178e+00	3.276790e-02
2.678635e-03	8.120564e-02	1.988311e+00	3.513966e-02
3.080431e-03	8.716939e-02	2.110202e+00	3.768309e-02
3.542495e-03	9.356472e-02	2.231502e+00	4.041061e-02
4.073870e-03	1.004229e-01	2.363186e+00	4.333555e-02
4.684950e-03	1.077773e-01	2.492918e+00	4.647220e-02
5.387693e-03	1.156641e-01	2.627594e+00	4.983588e-02
6.195847e-03	1.241216e-01	2.741889e+00	5.344303e-02
7.125224e-03	1.331912e-01	2.873329e+00	5.731126e-02
8.194007e-03	1.429172e-01	3.016003e+00	6.145948e-02
9.423108e-03	1.533472e-01	3.134165e+00	6.590795e-02
1.083657e-02	1.645320e-01	3.264551e+00	7.067840e-02
1.246206e-02	1.765263e-01	3.365257e+00	7.579414e-02
1.433137e-02	1.893888e-01	3.481070e+00	8.125744e-02
1.648108e-02	2.031822e-01	3.603166e+00	8.714803e-02
1.895324e-02	2.179740e-01	3.697704e+00	9.347524e-02
2.179622e-02	2.338363e-01	3.800910e+00	1.002397e-01
2.506566e-02	2.508468e-01	3.885425e+00	1.074953e-01
2.882550e-02	2.690884e-01	3.966644e+00	1.152758e-01
3.314933e-02	2.886504e-01	4.039131e+00	1.236193e-01
3.812173e-02	3.096283e-01	4.099681e+00	1.325668e-01
4.383999e-02	3.321245e-01	4.163605e+00	1.421618e-01
5.041599e-02	3.562490e-01	4.210668e+00	1.524514e-01
5.797838e-02	3.821196e-01	4.247003e+00	1.634858e-01
6.667514e-02	4.098627e-01	4.275616e+00	1.753188e-01
7.667641e-02	4.396139e-01	4.308520e+00	1.880083e-01
8.817787e-02	4.715184e-01	4.324875e+00	2.016162e-01
1.014046e-01	5.057322e-01	4.333352e+00	2.162092e-01
1.166152e-01	5.424224e-01	4.328989e+00	2.318584e-01
1.341075e-01	5.817683e-01	4.315162e+00	2.486403e-01
1.542237e-01	6.239620e-01	4.299261e+00	2.666367e-01
1.773572e-01	6.692097e-01	4.267730e+00	2.859358e-01
2.039608e-01	7.177325e-01	4.226240e+00	3.066319e-01
2.345549e-01	7.697673e-01	4.173583e+00	3.288260e-01
2.697381e-01	8.255684e-01	4.110323e+00	3.526264e-01
3.101989e-01	8.854085e-01	4.035985e+00	3.781494e-01
3.567287e-01	9.495798e-01	3.951666e+00	4.055199e-01
4.102380e-01	1.018396e+00	3.855069e+00	4.348715e-01
4.717737e-01	1.092193e+00	3.750675e+00	4.663477e-01
5.425397e-01	1.171331e+00	3.635734e+00	5.001019e-01
6.239207e-01	1.256198e+00	3.521682e+00	5.362993e-01
7.175088e-01	1.347207e+00	3.390523e+00	5.751168e-01
8.251351e-01	1.444803e+00	3.247005e+00	6.167440e-01
9.489054e-01	1.549464e+00	3.110565e+00	6.613841e-01
1.091241e+00	1.661700e+00	2.960638e+00	7.092552e-01
1.254927e+00	1.782059e+00	2.828454e+00	7.605911e-01
1.443166e+00	1.911131e+00	2.676442e+00	8.156431e-01
1.659641e+00	2.049544e+00	2.515451e+00	8.746798e-01
1.908588e+00	2.197976e+00	2.373449e+00	9.379894e-01
2.194876e+00	2.357152e+00	2.218699e+00	1.005881e+00
2.524107e+00	2.527849e+00	2.078027e+00	1.078687e+00
2.902723e+00	2.710901e+00	1.937733e+00	1.156763e+00
3.338132e+00	2.907202e+00	1.803265e+00	1.240490e+00
3.838852e+00	3.144387e+00	1.678108e+00	1.330279e+00
4.414679e+00	3.432139e+00	1.544512e+00	1.426558e+00
5.076881e+00	3.747186e+00	1.426384e+00	1.529820e+00
5.838413e+00	4.100923e+00	1.322641e+00	1.640589e+00
6.714175e+00	4.489439e+00	1.222583e+00	1.761734e+00
7.721302e+00	4.913214e+00	1.107515e+00	1.896154e+00
8.879497e+00	5.387524e+00	1.031123e+00	2.046091e+00
1.021142e+01	5.892123e+00	9.643112e-01	2.214630e+00
1.174313e+01	6.449225e+00	8.874776e-01	2.405737e+00
1.350460e+01	7.048819e+00	7.991188e-01	2.624596e+00
1.553030e+01	7.655372e+00	6.975063e-01	2.603782e+00
1.785984e+01	8.317294e+00	6.297997e-01	2.446672e+00
2.053882e+01	9.045984e+00	5.667291e-01	2.320204e+00
2.361964e+01	9.828361e+00	5.122733e-01	2.222967e+00
2.716258e+01	1.065072e+01	4.591987e-01	2.153907e+00
3.123697e+01	1.149188e+01	4.138488e-01	2.112273e+00
3.592252e+01	1.242097e+01	3.758442e-01	2.097556e+00
4.131089e+01	1.343618e+01	3.354386e-01	2.109403e+00
4.750753e+01	1.458149e+01	3.016494e-01	2.147749e+00
5.463366e+01	1.587417e+01	2.695812e-01	2.212721e+00
6.282871e+01	1.716272e+01	2.465061e-01	2.304781e+00
7.225301e+01	1.853133e+01	2.199698e-01	2.424843e+00
8.309096e+01	1.978240e+01	1.933027e-01	2.574423e+00
9.555461e+01	2.099847e+01	1.740780e-01	2.755791e+00
1.098878e+02	2.220260e+01	1.541938e-01	2.972122e+00
1.263710e+02	2.316987e+01	1.404779e-01	3.227663e+00
1.453266e+02	2.410075e+01	1.247046e-01	3.527883e+00
1.671256e+02	2.475488e+01	1.092476e-01	3.879735e+00
1.921945e+02	2.543744e+01	9.800611e-02	4.292028e+00
2.210236e+02	2.617446e+01	8.631867e-02	4.775035e+00
2.541772e+02	2.660600e+01	7.692686e-02	5.342627e+00
2.923037e+02	2.720610e+01	6.833585e-02	6.013757e+00
3.361493e+02	2.735391e+01	6.081480e-02	6.874253e+00
3.865717e+02	2.722540e+01	5.436772e-02	7.905258e+00
4.445574e+02	2.687661e+01	4.778874e-02	9.116625e+00
5.112411e+02	2.632750e+01	4.243934e-02	1.055318e+01
5.879272e+02	2.572145e+01	3.819725e-02	1.226626e+01
6.761163e+02	2.504134e+01	3.423322e-02	1.431845e+01
7.775337e+02	2.433624e+01	2.967459e-02	1.678874e+01
8.941638e+02	2.365478e+01	2.641344e-02	1.977396e+01
1.028288e+03	2.289627e+01	2.322712e-02	2.339735e+01
1.182532e+03	2.208044e+01	2.085720e-02	2.781124e+01
1.359911e+03	2.120759e+01	1.864036e-02	3.320971e+01
1.563898e+03	2.029624e+01	1.609098e-02	3.983851e+01
1.798483e+03	1.935736e+01	1.432999e-02	4.800805e+01
2.068255e+03	1.840182e+01	1.256064e-02	5.811286e+01
2.378493e+03	1.742905e+01	1.112795e-02	7.065547e+01
2.735268e+03	1.644872e+01	9.756379e-03	8.627734e+01
3.145558e+03	1.546842e+01	8.610753e-03	1.057983e+02
3.617391e+03	1.449263e+01	7.706127e-03	1.302675e+02
4.160000e+03	1.353199e+01	6.731230e-03	1.610291e+02
4.784000e+03	1.259702e+01	5.961853e-03	1.998060e+02
5.501600e+03	1.169282e+01	5.245239e-03	2.488067e+02
6.326840e+03	1.082344e+01	4.737490e-03	3.108613e+02
7.275866e+03	9.993770e+00	4.153579e-03	3.895932e+02
8.367246e+03	9.208810e+00	3.588516e-03	4.896352e+02
9.622333e+03	8.468211e+00	3.186853e-03	6.168980e+02
