# Energy_MeV	dEdx_Elec_MeV_um	dEdx_Nucl_MeV_um	Range_um
1.000000e-05	4.686973e-03	9.621774e-02	4.182384e-03
1.150000e-05	5.079239e-03	1.046208e-01	4.485108e-03
1.322500e-05	5.499368e-03	1.138915e-01	4.809742e-03
1.520875e-05	5.949427e-03	1.237722e-01	5.157874e-03
1.749006e-05	6.431625e-03	1.345333e-01	5.531203e-03
2.011357e-05	6.948328e-03	1.449492e-01	5.931555e-03
2.313061e-05	7.502069e-03	1.568957e-01	6.360884e-03
2.660020e-05	8.095560e-03	1.704100e-01	6.821288e-03
3.059023e-05	8.731705e-03	1.833286e-01	7.315016e-03
3.517876e-05	9.413617e-03	1.981033e-01	7.844481e-03
4.045558e-05	1.014463e-02	2.117627e-01	8.412269e-03
4.652391e-05	1.092832e-02	2.274710e-01	9.021153e-03
5.350250e-05	1.176853e-02	2.450314e-01	9.674109e-03
6.152788e-05	1.266934e-02	2.614236e-01	1.037433e-02
7.075706e-05	1.363518e-02	2.800440e-01	1.112523e-02
8.137062e-05	1.467076e-02	2.979664e-01	1.193048e-02
9.357621e-05	1.578113e-02	3.170746e-01	1.279401e-02
1.076126e-04	1.697174e-02	3.365835e-01	1.372005e-02
1.237545e-04	1.824838e-02	3.555171e-01	1.471311e-02
1.423177e-04	1.961731e-02	3.767688e-01	1.577805e-02
1.636654e-04	2.108521e-02	3.965199e-01	1.692008e-02
1.882152e-04	2.265925e-02	4.159204e-01	1.814476e-02
2.164475e-04	2.434712e-02	4.348188e-01	1.945809e-02
2.489146e-04	2.615707e-02	4.565518e-01	2.086648e-02
2.862518e-04	2.809794e-02	4.765382e-01	2.237680e-02
3.291895e-04	3.017922e-02	4.960758e-01	2.399645e-02
3.785680e-04	3.241107e-02	5.140077e-01	2.573332e-02
4.353531e-04	3.480439e-02	5.306591e-01	2.759591e-02
5.006561e-04	3.737088e-02	5.498083e-01	2.959332e-02
5.757545e-04	4.012307e-02	5.662222e-01	3.173530e-02
6.621177e-04	4.307442e-02	5.818537e-01	3.403232e-02
7.614354e-04	4.623934e-02	5.962889e-01	3.649560e-02
8.756507e-04	4.963329e-02	6.102632e-01	3.913717e-02
1.006998e-03	5.327285e-02	6.217088e-01	4.196994e-02
1.158048e-03	5.717581e-02	6.317222e-01	4.500774e-02
1.331755e-03	6.136122e-02	6.417340e-01	4.826543e-02
1.531519e-03	6.584955e-02	6.501726e-01	5.175890e-02
1.761246e-03	7.066271e-02	6.577968e-01	5.550524e-02
2.025433e-03	7.582421e-02	6.619107e-01	5.952274e-02
2.329248e-03	8.135929e-02	6.666417e-01	6.383103e-02
2.678635e-03	8.729497e-02	6.714595e-01	6.845115e-02
3.080431e-03	9.366025e-02	6.726783e-01	7.339203e-02
3.542495e-03	1.004862e-01	6.738278e-01	7.872126e-02
4.073870e-03	1.078063e-01	6.718398e-01	8.441786e-02
4.684950e-03	1.156561e-01	6.695536e-01	9.052887e-02
5.387693e-03	1.240741e-01	6.664521e-01	9.708100e-02
6.195847e-03	1.331014e-01	6.604867e-01	1.041076e-01
7.125224e-03	1.427820e-01	6.534990e-01	1.116429e-01
8.194007e-03	1.531634e-01	6.444211e-01	1.197235e-01
9.423108e-03	1.642961e-01	6.338480e-01	1.283890e-01
1.083657e-02	1.762346e-01	6.216051e-01	1.376817e-01
1.246206e-02	1.890372e-01	6.077165e-01	1.476470e-01
1.433137e-02	2.027665e-01	5.919642e-01	1.583337e-01
1.648108e-02	2.174894e-01	5.751181e-01	1.697938e-01
1.895324e-02	2.332781e-01	5.574619e-01	1.820835e-01
2.179622e-02	2.502095e-01	5.386038e-01	1.952626e-01
2.506566e-02	2.683664e-01	5.169170e-01	2.093956e-01
2.882550e-02	2.878375e-01	4.955670e-01	2.245517e-01
3.314933e-02	3.087179e-01	4.730071e-01	2.408047e-01
3.812173e-02	3.311097e-01	4.513456e-01	2.582341e-01
4.383999e-02	3.551221e-01	4.294894e-01	2.769250e-01
5.041599e-02	3.808726e-01	4.043547e-01	2.969689e-01
5.797838e-02	4.084870e-01	3.815098e-01	3.184636e-01
6.667514e-02	4.381000e-01	3.580304e-01	3.415140e-01
7.667641e-02	4.698565e-01	3.354805e-01	3.662328e-01
8.817787e-02	5.039115e-01	3.124582e-01	3.927407e-01
1.014046e-01	5.404315e-01	2.914606e-01	4.211674e-01
1.166152e-01	5.795947e-01	2.719472e-01	4.516517e-01
1.341075e-01	6.215926e-01	2.512529e-01	4.843423e-01
1.542237e-01	6.666304e-01	2.322009e-01	5.193989e-01
1.773572e-01	7.149280e-01	2.133042e-01	5.569931e-01
2.039608e-01	7.667214e-01	1.989178e-01	5.973086e-01
2.345549e-01	8.222636e-01	1.823735e-01	6.405420e-01
2.697381e-01	8.818260e-01	1.654230e-01	6.869046e-01
3.101989e-01	9.456996e-01	1.558168e-01	7.366227e-01
3.567287e-01	1.014196e+00	1.447697e-01	7.899398e-01
4.102380e-01	1.087651e+00	1.320655e-01	8.471161e-01
4.717737e-01	1.166408e+00	1.174557e-01	8.892627e-01
5.425397e-01	1.250853e+00	1.027645e-01	9.149306e-01
6.239207e-01	1.341407e+00	9.369620e-02	9.357429e-01
7.175088e-01	1.438648e+00	8.388823e-02	9.539925e-01
8.251351e-01	1.548049e+00	7.595472e-02	9.801100e-01
9.489054e-01	1.666345e+00	6.835779e-02	1.003750e+00
1.091241e+00	1.796210e+00	6.154102e-02	1.024698e+00
1.254927e+00	1.932078e+00	5.573153e-02	1.043699e+00
1.443166e+00	2.081515e+00	4.956327e-02	1.062274e+00
1.659641e+00	2.237444e+00	4.458352e-02	1.080884e+00
1.908588e+00	2.399742e+00	4.036585e-02	1.100216e+00
2.194876e+00	2.575437e+00	3.655047e-02	1.121064e+00
2.524107e+00	2.747007e+00	3.216278e-02	1.144488e+00
2.902723e+00	2.929391e+00	2.876676e-02	1.171774e+00
3.338132e+00	3.108372e+00	2.558803e-02	1.204503e+00
3.838852e+00	3.278713e+00	2.305398e-02	1.244595e+00
4.414679e+00	3.455027e+00	2.078611e-02	1.294335e+00
5.076881e+00	3.601819e+00	1.817805e-02	1.356421e+00
5.838413e+00	3.746753e+00	1.623297e-02	1.433975e+00
6.714175e+00	3.873455e+00	1.437424e-02	1.530569e+00
7.721302e+00	3.962881e+00	1.279222e-02	1.650248e+00
8.879497e+00	4.038501e+00	1.128717e-02	1.797588e+00
1.021142e+01	4.061037e+00	1.004948e-02	1.977790e+00
1.174313e+01	4.066918e+00	9.023859e-03	2.196868e+00
1.350460e+01	4.047362e+00	7.957856e-03	2.461924e+00
1.553030e+01	3.996126e+00	7.072250e-03	2.781533e+00
1.785984e+01	3.926879e+00	6.243408e-03	3.166248e+00
2.053882e+01	3.831260e+00	5.673462e-03	3.629248e+00
2.361964e+01	3.721160e+00	5.018024e-03	4.187142e+00
2.716258e+01	3.594399e+00	4.351834e-03	4.860980e+00
3.123697e+01	3.465525e+00	3.893707e-03	5.677549e+00
3.592252e+01	3.325021e+00	3.413204e-03	6.671033e+00
4.131089e+01	3.182317e+00	3.094466e-03	7.884536e+00
4.750753e+01	3.032597e+00	2.727918e-03	9.376785e+00
5.463366e+01	2.872273e+00	2.364138e-03	1.120639e+01
6.282871e+01	2.798772e+00	2.109742e-03	1.356456e+01
7.225301e+01	2.615674e+00	1.842332e-03	1.662586e+01
8.309096e+01	2.430202e+00	1.632798e-03	2.040848e+01
9.555461e+01	2.245826e+00	1.440300e-03	2.516442e+01
1.098878e+02	2.068346e+00	1.273159e-03	3.114470e+01
1.263710e+02	1.897326e+00	1.132989e-03	3.869985e+01
1.453266e+02	1.734986e+00	9.883703e-04	4.828092e+01
1.671256e+02	1.582929e+00	8.736405e-04	6.046254e+01
1.921945e+02	1.439620e+00	7.815033e-04	7.599573e+01
2.210236e+02	1.305871e+00	6.975489e-04	9.584650e+01
2.541772e+02	1.181286e+00	6.010012e-04	1.212644e+02
2.923037e+02	1.066032e+00	5.310661e-04	1.538735e+02
3.361493e+02	9.600810e-01	4.646525e-04	1.957688e+02
3.865717e+02	8.632048e-01	4.145542e-04	2.496561e+02
4.445574e+02	7.749346e-01	3.689965e-04	3.190284e+02
5.112411e+02	6.948270e-01	3.166052e-04	4.083914e+02
5.879272e+02	6.224083e-01	2.798529e-04	5.235499e+02
6.761163e+02	5.571318e-01	2.439161e-04	6.719745e+02
7.775337e+02	4.984649e-01	2.144977e-04	8.632683e+02
8.941638e+02	4.459107e-01	1.865942e-04	1.109761e+03
1.028288e+03	3.989084e-01	1.638098e-04	1.427260e+03
1.182532e+03	3.568952e-01	1.455920e-04	1.836004e+03
1.359911e+03	3.194321e-01	1.262750e-04	2.361859e+03
1.563898e+03	2.861282e-01	1.109476e-04	3.037812e+03
1.798483e+03	2.565311e-01	9.676662e-05	3.905838e+03
2.068255e+03	2.302380e-01	8.699009e-05	5.019208e+03
2.378493e+03	2.069400e-01	0.000000e+00	6.445309e+03
2.735268e+03	1.863176e-01	0.000000e+00	8.269079e+03
3.145558e+03	1.680575e-01	0.000000e+00	1.059713e+04
3.617391e+03	1.519193e-01	0.000000e+00	1.356266e+04
4.160000e+03	1.376900e-01	0.000000e+00	1.733118e+04
4.784000e+03	1.251472e-01	0.000000e+00	2.210727e+04
5.501600e+03	1.141018e-01	0.000000e+00	2.814185e+04
6.326840e+03	1.043629e-01	0.000000e+00	3.574234e+04
7.275866e+03	9.581058e-02	0.000000e+00	4.528304e+04
8.367246e+03	8.832223e-02	0.000000e+00	5.721139e+04
9.622333e+03	8.179016e-02	0.000000e+00	7.205949e+04
