# Energy_MeV	dEdx_Elec_MeV_um	dEdx_Nucl_MeV_um	Range_um
1.000000e-05	9.228736e-03	5.836997e-02	2.167144e-03
1.150000e-05	9.896716e-03	6.465812e-02	2.324003e-03
1.322500e-05	1.061305e-02	7.169366e-02	2.492216e-03
1.520875e-05	1.138122e-02	7.978454e-02	2.672604e-03
1.749006e-05	1.220500e-02	8.833194e-02	2.866048e-03
2.011357e-05	1.308841e-02	9.798931e-02	3.073494e-03
2.313061e-05	1.403575e-02	1.084150e-01	3.295955e-03
2.660020e-05	1.505167e-02	1.200610e-01	3.534518e-03
3.059023e-05	1.614112e-02	1.328179e-01	3.790349e-03
3.517876e-05	1.730942e-02	1.464926e-01	4.064696e-03
4.045558e-05	1.856228e-02	1.620527e-01	4.358901e-03
4.652391e-05	1.990583e-02	1.787138e-01	4.674400e-03
5.350250e-05	2.134663e-02	1.970958e-01	5.012736e-03
6.152788e-05	2.289171e-02	2.163744e-01	5.375561e-03
7.075706e-05	2.454862e-02	2.385449e-01	5.764646e-03
8.137062e-05	2.632546e-02	2.630440e-01	6.181895e-03
9.357621e-05	2.823091e-02	2.888312e-01	6.629343e-03
1.076126e-04	3.027428e-02	3.174525e-01	7.109179e-03
1.237545e-04	3.246555e-02	3.470577e-01	7.623745e-03
1.423177e-04	3.481542e-02	3.811038e-01	8.175556e-03
1.636654e-04	3.733538e-02	4.183329e-01	8.767307e-03
1.882152e-04	4.003774e-02	4.573129e-01	9.401889e-03
2.164475e-04	4.293569e-02	5.006649e-01	1.008240e-02
2.489146e-04	4.604340e-02	5.466751e-01	1.081217e-02
2.862518e-04	4.937604e-02	5.962098e-01	1.159476e-02
3.291895e-04	5.294991e-02	6.491119e-01	1.243400e-02
3.785680e-04	5.678245e-02	7.058072e-01	1.333398e-02
4.353531e-04	6.089239e-02	7.682344e-01	1.429910e-02
5.006561e-04	6.529982e-02	8.340443e-01	1.533407e-02
5.757545e-04	7.002625e-02	9.006254e-01	1.644396e-02
6.621177e-04	3.755381e-02	9.736851e-01	1.763419e-02
7.614354e-04	4.035359e-02	1.057704e+00	1.891056e-02
8.756507e-04	4.335587e-02	1.139459e+00	2.027931e-02
1.006998e-03	4.657531e-02	1.230314e+00	2.174714e-02
1.158048e-03	5.002763e-02	1.318290e+00	2.332121e-02
1.331755e-03	5.372971e-02	1.414355e+00	2.500921e-02
1.531519e-03	5.769962e-02	1.524830e+00	2.681939e-02
1.761246e-03	6.195678e-02	1.628228e+00	2.876059e-02
2.025433e-03	6.652196e-02	1.743512e+00	3.084230e-02
2.329248e-03	7.141748e-02	1.857096e+00	3.307468e-02
2.678635e-03	7.666726e-02	1.978763e+00	3.546865e-02
3.080431e-03	8.229693e-02	2.102017e+00	3.803588e-02
3.542495e-03	8.833401e-02	2.219864e+00	4.078894e-02
4.073870e-03	9.480798e-02	2.353021e+00	4.374127e-02
4.684950e-03	1.017505e-01	2.478161e+00	4.690728e-02
5.387693e-03	1.091954e-01	2.606543e+00	5.030246e-02
6.195847e-03	1.171792e-01	2.722117e+00	5.394338e-02
7.125224e-03	1.257407e-01	2.855026e+00	5.784783e-02
8.194007e-03	1.349219e-01	2.989492e+00	6.203488e-02
9.423108e-03	1.447676e-01	3.108975e+00	6.652500e-02
1.083657e-02	1.553259e-01	3.230953e+00	7.134011e-02
1.246206e-02	1.666484e-01	3.332786e+00	7.650375e-02
1.433137e-02	1.787904e-01	3.449894e+00	8.201146e-02
1.648108e-02	1.918111e-01	3.563089e+00	8.796370e-02
1.895324e-02	2.057743e-01	3.658685e+00	9.435024e-02
2.179622e-02	2.207481e-01	3.755892e+00	1.011783e-01
2.506566e-02	2.368057e-01	3.841352e+00	1.085017e-01
2.882550e-02	2.540256e-01	3.918084e+00	1.163550e-01
3.314933e-02	2.724917e-01	3.986017e+00	1.247767e-01
3.812173e-02	2.922945e-01	4.047245e+00	1.338079e-01
4.383999e-02	3.135306e-01	4.106087e+00	1.434928e-01
5.041599e-02	3.363037e-01	4.153676e+00	1.538787e-01
5.797838e-02	3.607252e-01	4.184838e+00	1.650164e-01
6.667514e-02	3.869142e-01	4.213770e+00	1.769602e-01
7.667641e-02	4.149988e-01	4.247042e+00	1.897685e-01
8.817787e-02	4.451162e-01	4.257845e+00	2.035038e-01
1.014046e-01	4.774135e-01	4.266417e+00	2.182334e-01
1.166152e-01	5.120485e-01	4.257875e+00	2.340291e-01
1.341075e-01	5.491904e-01	4.243893e+00	2.509681e-01
1.542237e-01	5.890206e-01	4.227814e+00	2.691330e-01
1.773572e-01	6.317337e-01	4.192600e+00	2.886128e-01
2.039608e-01	6.775384e-01	4.150647e+00	3.095027e-01
2.345549e-01	7.266584e-01	4.096043e+00	3.319045e-01
2.697381e-01	7.793338e-01	4.031768e+00	3.559278e-01
3.101989e-01	8.358219e-01	3.956599e+00	3.816897e-01
3.567287e-01	8.963986e-01	3.871613e+00	4.093165e-01
4.102380e-01	9.613598e-01	3.773936e+00	4.389430e-01
4.717737e-01	1.031023e+00	3.670101e+00	4.707137e-01
5.425397e-01	1.105728e+00	3.557544e+00	5.047840e-01
6.239207e-01	1.185841e+00	3.442216e+00	5.413202e-01
7.175088e-01	1.271752e+00	3.309590e+00	5.805012e-01
8.251351e-01	1.363882e+00	3.170941e+00	6.225182e-01
9.489054e-01	1.462680e+00	3.032975e+00	6.675762e-01
1.091241e+00	1.568629e+00	2.889881e+00	7.158953e-01
1.254927e+00	1.682246e+00	2.756218e+00	7.677120e-01
1.443166e+00	1.804088e+00	2.602506e+00	8.232794e-01
1.659641e+00	1.934748e+00	2.449981e+00	8.828688e-01
1.908588e+00	2.074865e+00	2.306392e+00	9.467710e-01
2.194876e+00	2.225124e+00	2.158173e+00	1.015298e+00
2.524107e+00	2.386260e+00	2.015928e+00	1.088786e+00
2.902723e+00	2.559058e+00	1.880693e+00	1.167593e+00
3.338132e+00	2.744363e+00	1.752121e+00	1.252104e+00
3.838852e+00	2.978549e+00	1.625564e+00	1.342733e+00
4.414679e+00	3.264461e+00	1.498737e+00	1.439915e+00
5.076881e+00	3.578958e+00	1.379288e+00	1.544136e+00
5.838413e+00	3.932419e+00	1.283640e+00	1.655985e+00
6.714175e+00	4.323806e+00	1.182462e+00	1.778457e+00
7.721302e+00	4.750785e+00	1.066108e+00	1.914379e+00
8.879497e+00	5.229363e+00	1.002735e+00	2.066053e+00
1.021142e+01	5.741251e+00	9.351763e-01	2.236611e+00
1.174313e+01	6.303526e+00	8.574832e-01	2.430099e+00
1.350460e+01	6.912244e+00	7.681362e-01	2.651803e+00
1.553030e+01	7.523787e+00	6.653872e-01	2.549070e+00
1.785984e+01	8.195996e+00	6.084481e-01	2.402151e+00
2.053882e+01	8.938013e+00	5.446721e-01	2.284228e+00
2.361964e+01	9.728631e+00	4.942072e-01	2.194230e+00
2.716258e+01	1.056664e+01	4.437454e-01	2.131389e+00
3.123697e+01	1.142096e+01	3.981318e-01	2.095192e+00
3.592252e+01	1.236973e+01	3.626035e-01	2.085333e+00
4.131089e+01	1.341035e+01	3.217460e-01	2.101620e+00
4.750753e+01	1.457705e+01	2.906250e-01	2.144158e+00
5.463366e+01	1.589174e+01	2.611487e-01	2.213202e+00
6.282871e+01	1.717725e+01	2.378155e-01	2.309338e+00
7.225301e+01	1.853179e+01	2.109824e-01	2.433607e+00
8.309096e+01	1.977974e+01	1.867733e-01	2.587652e+00
9.555461e+01	2.096972e+01	1.673337e-01	2.773878e+00
1.098878e+02	2.216421e+01	1.492773e-01	2.995607e+00
1.263710e+02	2.309898e+01	1.354080e-01	3.257245e+00
1.453266e+02	2.399321e+01	1.194583e-01	3.564474e+00
1.671256e+02	2.463828e+01	1.054896e-01	3.924456e+00
1.921945e+02	2.530591e+01	9.412239e-02	4.346279e+00
2.210236e+02	2.602781e+01	8.325754e-02	4.840619e+00
2.541772e+02	2.643790e+01	7.376068e-02	5.421199e+00
2.923037e+02	2.677968e+01	6.570100e-02	6.110372e+00
3.361493e+02	2.689015e+01	5.868872e-02	6.994840e+00
3.865717e+02	2.673248e+01	5.216953e-02	8.049470e+00
4.445574e+02	2.635866e+01	4.606700e-02	9.291741e+00
5.112411e+02	2.580132e+01	4.065776e-02	1.076530e+01
5.879272e+02	2.518776e+01	3.687726e-02	1.252403e+01
6.761163e+02	2.450461e+01	3.286889e-02	1.463261e+01
7.775337e+02	2.380310e+01	2.825927e-02	1.717260e+01
8.941638e+02	2.311588e+01	2.542043e-02	2.024446e+01
1.028288e+03	2.235628e+01	2.219847e-02	2.397582e+01
1.182532e+03	2.154162e+01	2.012700e-02	2.852469e+01
1.359911e+03	2.067316e+01	1.788536e-02	3.409260e+01
1.563898e+03	1.976857e+01	1.533968e-02	4.093471e+01
1.798483e+03	1.883903e+01	1.378392e-02	4.937358e+01
2.068255e+03	1.789401e+01	1.199478e-02	5.981941e+01
2.378493e+03	1.693388e+01	1.068888e-02	7.279506e+01
2.735268e+03	1.596833e+01	9.395229e-03	8.896815e+01
3.145558e+03	1.500412e+01	8.265469e-03	1.091924e+02
3.617391e+03	1.404502e+01	7.408251e-03	1.345608e+02
4.160000e+03	1.310287e+01	6.425156e-03	1.664740e+02
4.784000e+03	1.218807e+01	5.723519e-03	2.067280e+02
5.501600e+03	1.130475e+01	5.070574e-03	2.576255e+02
6.326840e+03	1.045627e+01	4.557146e-03	3.221177e+02
7.275866e+03	9.647701e+00	3.966704e-03	4.039835e+02
8.367246e+03	8.883919e+00	3.459234e-03	5.080542e+02
9.622333e+03	8.164228e+00	3.053078e-03	6.404940e+02
