# Energy_MeV	dEdx_Elec_MeV_um	dEdx_Nucl_MeV_um	Range_um
1.000000e-05	9.095920e-03	6.313701e-02	2.198788e-03
1.150000e-05	9.754288e-03	7.022285e-02	2.357937e-03
1.322500e-05	1.046031e-02	7.783029e-02	2.528606e-03
1.520875e-05	1.121743e-02	8.628804e-02	2.711628e-03
1.749006e-05	1.202935e-02	9.553689e-02	2.907897e-03
2.011357e-05	1.290005e-02	1.058356e-01	3.118372e-03
2.313061e-05	1.383376e-02	1.170078e-01	3.344082e-03
2.660020e-05	1.483505e-02	1.291361e-01	3.586128e-03
3.059023e-05	1.590882e-02	1.427633e-01	3.845694e-03
3.517876e-05	1.706031e-02	1.575578e-01	4.124047e-03
4.045558e-05	1.829514e-02	1.739608e-01	4.422548e-03
4.652391e-05	1.961936e-02	1.908447e-01	4.742654e-03
5.350250e-05	2.103942e-02	2.102612e-01	5.085930e-03
6.152788e-05	2.256226e-02	2.321605e-01	5.454053e-03
7.075706e-05	2.419533e-02	2.547444e-01	5.848820e-03
8.137062e-05	2.594660e-02	2.803797e-01	6.272160e-03
9.357621e-05	2.782463e-02	3.063074e-01	6.726143e-03
1.076126e-04	2.983859e-02	3.361243e-01	7.212984e-03
1.237545e-04	3.199832e-02	3.694834e-01	7.735064e-03
1.423177e-04	1.721318e-02	4.036214e-01	8.294932e-03
1.636654e-04	1.854428e-02	4.422854e-01	8.895324e-03
1.882152e-04	1.997135e-02	4.825803e-01	9.539172e-03
2.164475e-04	2.150136e-02	5.266127e-01	1.022962e-02
2.489146e-04	2.314179e-02	5.738104e-01	1.097005e-02
2.862518e-04	2.490067e-02	6.234631e-01	1.176407e-02
3.291895e-04	2.678658e-02	6.792829e-01	1.261555e-02
3.785680e-04	2.880875e-02	7.369180e-01	1.352868e-02
4.353531e-04	3.097704e-02	7.968809e-01	1.450789e-02
5.006561e-04	3.330207e-02	8.608652e-01	1.555798e-02
5.757545e-04	3.579518e-02	9.344472e-01	1.668407e-02
6.621177e-04	3.846856e-02	1.008410e+00	1.789167e-02
7.614354e-04	4.133527e-02	1.087979e+00	1.918668e-02
8.756507e-04	4.440932e-02	1.167859e+00	2.057542e-02
1.006998e-03	4.770572e-02	1.251991e+00	2.206468e-02
1.158048e-03	5.124058e-02	1.348743e+00	2.366174e-02
1.331755e-03	5.503117e-02	1.442871e+00	2.537439e-02
1.531519e-03	5.909601e-02	1.543835e+00	2.721100e-02
1.761246e-03	6.345495e-02	1.646398e+00	2.918055e-02
2.025433e-03	6.812930e-02	1.755710e+00	3.129265e-02
2.329248e-03	7.314188e-02	1.863653e+00	3.355763e-02
2.678635e-03	7.851719e-02	1.970303e+00	3.598655e-02
3.080431e-03	8.428149e-02	2.086920e+00	3.859127e-02
3.542495e-03	9.046293e-02	2.200839e+00	4.138453e-02
4.073870e-03	9.709172e-02	2.318855e+00	4.437996e-02
4.684950e-03	1.042002e-01	2.420072e+00	4.759221e-02
5.387693e-03	1.118232e-01	2.536472e+00	5.103696e-02
6.195847e-03	1.199979e-01	2.661250e+00	5.473104e-02
7.125224e-03	1.287642e-01	2.765892e+00	5.869250e-02
8.194007e-03	1.381650e-01	2.879777e+00	6.294069e-02
9.423108e-03	1.482461e-01	2.968961e+00	6.749637e-02
1.083657e-02	1.590569e-01	3.071522e+00	7.238180e-02
1.246206e-02	1.706502e-01	3.178002e+00	7.759532e-02
1.433137e-02	1.830825e-01	3.261723e+00	8.322432e-02
1.648108e-02	1.964147e-01	3.351974e+00	8.926679e-02
1.895324e-02	2.107118e-01	3.426818e+00	9.572685e-02
2.179622e-02	2.260437e-01	3.497879e+00	1.026557e-01
2.506566e-02	2.424853e-01	3.561212e+00	1.100859e-01
2.882550e-02	2.601170e-01	3.614834e+00	1.180538e-01
3.314933e-02	2.790248e-01	3.670515e+00	1.265985e-01
3.812173e-02	2.993011e-01	3.712193e+00	1.357615e-01
4.383999e-02	3.210451e-01	3.743476e+00	1.455878e-01
5.041599e-02	3.443628e-01	3.768815e+00	1.561255e-01
5.797838e-02	3.693683e-01	3.797954e+00	1.674258e-01
6.667514e-02	3.961837e-01	3.811518e+00	1.795439e-01
7.667641e-02	4.249400e-01	3.819026e+00	1.925392e-01
8.817787e-02	4.557777e-01	3.814500e+00	2.064752e-01
1.014046e-01	4.888474e-01	3.802256e+00	2.214198e-01
1.166152e-01	5.243107e-01	3.788174e+00	2.374462e-01
1.341075e-01	5.623408e-01	3.759717e+00	2.546324e-01
1.542237e-01	6.031235e-01	3.722975e+00	2.730626e-01
1.773572e-01	6.468582e-01	3.676125e+00	2.928270e-01
2.039608e-01	6.937583e-01	3.620054e+00	3.140218e-01
2.345549e-01	7.440531e-01	3.554222e+00	3.367507e-01
2.697381e-01	7.979883e-01	3.479595e+00	3.611246e-01
3.101989e-01	8.558273e-01	3.394051e+00	3.872629e-01
3.567287e-01	9.178527e-01	3.301879e+00	4.152931e-01
4.102380e-01	9.843675e-01	3.200678e+00	4.453521e-01
4.717737e-01	1.055697e+00	3.099676e+00	4.775867e-01
5.425397e-01	1.132189e+00	2.983524e+00	5.121544e-01
6.239207e-01	1.214217e+00	2.857466e+00	5.492243e-01
7.175088e-01	1.302183e+00	2.736637e+00	5.889774e-01
8.251351e-01	1.396516e+00	2.605229e+00	6.316078e-01
9.489054e-01	1.497677e+00	2.488170e+00	6.773236e-01
1.091241e+00	1.606160e+00	2.353552e+00	7.263483e-01
1.254927e+00	1.722494e+00	2.212627e+00	7.789218e-01
1.443166e+00	1.847250e+00	2.086874e+00	8.353006e-01
1.659641e+00	1.981035e+00	1.951154e+00	8.957599e-01
1.908588e+00	2.124503e+00	1.826578e+00	9.605950e-01
2.194876e+00	2.278356e+00	1.703399e+00	1.030123e+00
2.524107e+00	2.443345e+00	1.585504e+00	1.104684e+00
2.902723e+00	2.620275e+00	1.474667e+00	1.184641e+00
3.338132e+00	2.843446e+00	1.357682e+00	1.270388e+00
3.838852e+00	3.117595e+00	1.253070e+00	1.362333e+00
4.414679e+00	3.418058e+00	1.162681e+00	1.460942e+00
5.076881e+00	3.755161e+00	1.074071e+00	1.566746e+00
5.838413e+00	4.125996e+00	9.721703e-01	1.682541e+00
6.714175e+00	4.528396e+00	9.067423e-01	1.811041e+00
7.721302e+00	4.977992e+00	8.475752e-01	1.954407e+00
8.879497e+00	5.454655e+00	7.795330e-01	2.115596e+00
1.021142e+01	5.978661e+00	7.012846e-01	2.298418e+00
1.174313e+01	6.543165e+00	6.112988e-01	2.226075e+00
1.350460e+01	7.113987e+00	5.531861e-01	2.112110e+00
1.553030e+01	7.740350e+00	4.973323e-01	2.017651e+00
1.785984e+01	8.431688e+00	4.498445e-01	1.942928e+00
2.053882e+01	9.172168e+00	4.033566e-01	1.888274e+00
2.361964e+01	9.956056e+00	3.631958e-01	1.854120e+00
2.716258e+01	1.078845e+01	3.300438e-01	1.840988e+00
3.123697e+01	1.172062e+01	2.942615e-01	1.849408e+00
3.592252e+01	1.274816e+01	2.648267e-01	1.880090e+00
4.131089e+01	1.387580e+01	2.369006e-01	1.933732e+00
4.750753e+01	1.511954e+01	2.164658e-01	2.011186e+00
5.463366e+01	1.628129e+01	1.929659e-01	2.113544e+00
6.282871e+01	1.748923e+01	1.697917e-01	2.242274e+00
7.225301e+01	1.856167e+01	1.527668e-01	2.399385e+00
8.309096e+01	1.958091e+01	1.354864e-01	2.587590e+00
9.555461e+01	2.058683e+01	1.233399e-01	2.810475e+00
1.098878e+02	2.136830e+01	1.093714e-01	3.072693e+00
1.263710e+02	2.211113e+01	9.594919e-02	3.380182e+00
1.453266e+02	2.262461e+01	8.599400e-02	3.740356e+00
1.671256e+02	2.315393e+01	7.579663e-02	4.162604e+00
1.921945e+02	2.372541e+01	6.747945e-02	4.657950e+00
2.210236e+02	2.402371e+01	5.997199e-02	5.240831e+00
2.541772e+02	2.413139e+01	5.340653e-02	5.932824e+00
2.923037e+02	2.411192e+01	4.769713e-02	6.820297e+00
3.361493e+02	2.386264e+01	4.195908e-02	7.883759e+00
3.865717e+02	2.343287e+01	3.722177e-02	9.139700e+00
4.445574e+02	2.284819e+01	3.354664e-02	1.063470e+01
5.112411e+02	2.221958e+01	3.003619e-02	1.242485e+01
5.879272e+02	2.153367e+01	2.599917e-02	1.457830e+01
6.761163e+02	2.083308e+01	2.318468e-02	1.718130e+01
7.775337e+02	2.014794e+01	2.036295e-02	2.034032e+01
8.941638e+02	1.940537e+01	1.831628e-02	2.419116e+01
1.028288e+03	1.862123e+01	1.635309e-02	2.890258e+01
1.182532e+03	1.779654e+01	1.409542e-02	3.469027e+01
1.359911e+03	1.694701e+01	1.257712e-02	4.182827e+01
1.563898e+03	1.608224e+01	1.101023e-02	5.066405e+01
1.798483e+03	1.521089e+01	9.764357e-03	6.164071e+01
2.068255e+03	1.433391e+01	8.564670e-03	7.532448e+01
2.378493e+03	1.345963e+01	7.550130e-03	9.244020e+01
2.735268e+03	1.259407e+01	6.762828e-03	1.139168e+02
3.145558e+03	1.173995e+01	5.899481e-03	1.409460e+02
3.617391e+03	1.090698e+01	5.230806e-03	1.750578e+02
4.160000e+03	1.010416e+01	4.607675e-03	2.182171e+02
4.784000e+03	9.334988e+00	4.158024e-03	2.729464e+02
5.501600e+03	8.601604e+00	3.640926e-03	3.424821e+02
6.326840e+03	7.906237e+00	3.150760e-03	4.309714e+02
7.275866e+03	7.252562e+00	2.795057e-03	5.437189e+02
8.367246e+03	6.641632e+00	2.446322e-03	6.874944e+02
9.622333e+03	6.073665e+00	2.202320e-03	8.709116e+02
