# Energy_MeV	dEdx_Elec_MeV_um	dEdx_Nucl_MeV_um	Range_um
1.000000e-05	3.909325e-03	8.974588e-02	2.650992e-03
1.150000e-05	4.277120e-03	9.885912e-02	2.842873e-03
1.322500e-05	4.669938e-03	1.091942e-01	3.048641e-03
1.520875e-05	5.089779e-03	1.197941e-01	3.269303e-03
1.749006e-05	5.538756e-03	1.318987e-01	3.505937e-03
2.011357e-05	6.019112e-03	1.440680e-01	3.759699e-03
2.313061e-05	6.533235e-03	1.580628e-01	4.031828e-03
2.660020e-05	7.083671e-03	1.738162e-01	4.323654e-03
3.059023e-05	7.673135e-03	1.898390e-01	4.636602e-03
3.517876e-05	8.304530e-03	2.080751e-01	4.972202e-03
4.045558e-05	8.980959e-03	2.269877e-01	5.332092e-03
4.652391e-05	9.705743e-03	2.477375e-01	5.718032e-03
5.350250e-05	1.048243e-02	2.700005e-01	6.131906e-03
6.152788e-05	1.131484e-02	2.933053e-01	6.575737e-03
7.075706e-05	1.220703e-02	3.196508e-01	7.051692e-03
8.137062e-05	1.316338e-02	3.467022e-01	7.562097e-03
9.357621e-05	1.418857e-02	3.750566e-01	8.109446e-03
1.076126e-04	1.528760e-02	4.050881e-01	8.696412e-03
1.237545e-04	1.646585e-02	4.396243e-01	9.325863e-03
1.423177e-04	1.772909e-02	4.746399e-01	1.000087e-02
1.636654e-04	1.908348e-02	5.119863e-01	1.072474e-02
1.882152e-04	2.053565e-02	5.498396e-01	1.150100e-02
2.164475e-04	2.209269e-02	5.893274e-01	1.233345e-02
2.489146e-04	2.376221e-02	6.347384e-01	1.322616e-02
2.862518e-04	2.555237e-02	6.793734e-01	1.418347e-02
3.291895e-04	2.747192e-02	7.267614e-01	1.521008e-02
3.785680e-04	2.953024e-02	7.752933e-01	1.631099e-02
4.353531e-04	3.173737e-02	8.269508e-01	1.749159e-02
5.006561e-04	3.410412e-02	8.776147e-01	1.875764e-02
5.757545e-04	3.664203e-02	9.281098e-01	2.011533e-02
6.621177e-04	3.936351e-02	9.828446e-01	2.157129e-02
7.614354e-04	4.228186e-02	1.036864e+00	2.313263e-02
8.756507e-04	4.541132e-02	1.092967e+00	2.480698e-02
1.006998e-03	4.876720e-02	1.140474e+00	2.660252e-02
1.158048e-03	5.236589e-02	1.195107e+00	2.852803e-02
1.331755e-03	5.622496e-02	1.254566e+00	3.059290e-02
1.531519e-03	6.036327e-02	1.303680e+00	3.280723e-02
1.761246e-03	6.480104e-02	1.358032e+00	3.518184e-02
2.025433e-03	6.955995e-02	1.399891e+00	3.772832e-02
2.329248e-03	7.466325e-02	1.448028e+00	4.045911e-02
2.678635e-03	8.013586e-02	1.498942e+00	4.338756e-02
3.080431e-03	8.600453e-02	1.538236e+00	4.652798e-02
3.542495e-03	9.229792e-02	1.581248e+00	4.989570e-02
4.073870e-03	9.904679e-02	1.616377e+00	5.350718e-02
4.684950e-03	1.062841e-01	1.650222e+00	5.738005e-02
5.387693e-03	1.140452e-01	1.680436e+00	6.153325e-02
6.195847e-03	1.223680e-01	1.705604e+00	6.596678e-02
7.125224e-03	1.312932e-01	1.732266e+00	7.076511e-02
8.194007e-03	1.408644e-01	1.751828e+00	7.588639e-02
9.423108e-03	1.511283e-01	1.767020e+00	8.137975e-02
1.083657e-02	1.621350e-01	1.778913e+00	8.726968e-02
1.246206e-02	1.739385e-01	1.792590e+00	9.358620e-02
1.433137e-02	1.865962e-01	1.799479e+00	1.003599e-01
1.648108e-02	2.001701e-01	1.803002e+00	1.076239e-01
1.895324e-02	2.147264e-01	1.801255e+00	1.154136e-01
2.179622e-02	2.303364e-01	1.795508e+00	1.237672e-01
2.506566e-02	2.470761e-01	1.788899e+00	1.327253e-01
2.882550e-02	2.650275e-01	1.775846e+00	1.423320e-01
3.314933e-02	2.842782e-01	1.758600e+00	1.526339e-01
3.812173e-02	3.049222e-01	1.736735e+00	1.636815e-01
4.383999e-02	3.270605e-01	1.710446e+00	1.755287e-01
5.041599e-02	3.508011e-01	1.679547e+00	1.882334e-01
5.797838e-02	3.762601e-01	1.644495e+00	2.018577e-01
6.667514e-02	4.035618e-01	1.604345e+00	2.164682e-01
7.667641e-02	4.328396e-01	1.560925e+00	2.321362e-01
8.817787e-02	4.642365e-01	1.513092e+00	2.489381e-01
1.014046e-01	4.979059e-01	1.465686e+00	2.669562e-01
1.166152e-01	5.340124e-01	1.411169e+00	2.862786e-01
1.341075e-01	5.727322e-01	1.351413e+00	3.069995e-01
1.542237e-01	6.142546e-01	1.294701e+00	3.292201e-01
1.773572e-01	6.587824e-01	1.232248e+00	3.530490e-01
2.039608e-01	7.065331e-01	1.177306e+00	3.786028e-01
2.345549e-01	7.577401e-01	1.114122e+00	4.060062e-01
2.697381e-01	8.126534e-01	1.047042e+00	4.353931e-01
3.101989e-01	8.715414e-01	9.880191e-01	4.669068e-01
3.567287e-01	9.346917e-01	9.235651e-01	5.007016e-01
4.102380e-01	1.002413e+00	8.650947e-01	5.369426e-01
4.717737e-01	1.075036e+00	8.066755e-01	5.758068e-01
5.425397e-01	1.152915e+00	7.506661e-01	6.174838e-01
6.239207e-01	1.236431e+00	6.986443e-01	6.621773e-01
7.175088e-01	1.325993e+00	6.429833e-01	7.101059e-01
8.251351e-01	1.422036e+00	5.938833e-01	7.615037e-01
9.489054e-01	1.525032e+00	5.506147e-01	8.166218e-01
1.091241e+00	1.635482e+00	5.090253e-01	8.757290e-01
1.254927e+00	1.753927e+00	4.611975e-01	9.391145e-01
1.443166e+00	1.885296e+00	4.292239e-01	1.007088e+00
1.659641e+00	2.060162e+00	4.014534e-01	1.079979e+00
1.908588e+00	2.256168e+00	3.695174e-01	1.158167e+00
2.194876e+00	2.475951e+00	3.327910e-01	1.172965e+00
2.524107e+00	2.715530e+00	2.905556e-01	1.164774e+00
2.902723e+00	2.984652e+00	2.622296e-01	1.155227e+00
3.338132e+00	3.277585e+00	2.360142e-01	1.145082e+00
3.838852e+00	3.601426e+00	2.133063e-01	1.135198e+00
4.414679e+00	3.962616e+00	1.911946e-01	1.126439e+00
5.076881e+00	4.346323e+00	1.723449e-01	1.119822e+00
5.838413e+00	4.773275e+00	1.564981e-01	1.116465e+00
6.714175e+00	5.231135e+00	1.397035e-01	1.117609e+00
7.721302e+00	5.746324e+00	1.256104e-01	1.124639e+00
8.879497e+00	6.331125e+00	1.122342e-01	1.139092e+00
1.021142e+01	6.932682e+00	1.026430e-01	1.162659e+00
1.174313e+01	7.568741e+00	9.161317e-02	1.197175e+00
1.350460e+01	8.178772e+00	8.048502e-02	1.244605e+00
1.553030e+01	8.720162e+00	7.249427e-02	1.307025e+00
1.785984e+01	9.254786e+00	6.419670e-02	1.386630e+00
2.053882e+01	9.692288e+00	5.849567e-02	1.485777e+00
2.361964e+01	1.011814e+01	5.193948e-02	1.607046e+00
2.716258e+01	1.047158e+01	4.548826e-02	1.753378e+00
3.123697e+01	1.074971e+01	4.081573e-02	1.928248e+00
3.592252e+01	1.100847e+01	3.594264e-02	2.135875e+00
4.131089e+01	1.118321e+01	3.203892e-02	2.381481e+00
4.750753e+01	1.133194e+01	2.845805e-02	2.671578e+00
5.463366e+01	1.143068e+01	2.532248e-02	3.014307e+00
6.282871e+01	1.144479e+01	2.264273e-02	3.419864e+00
7.225301e+01	1.142952e+01	1.989941e-02	3.900987e+00
8.309096e+01	1.139219e+01	1.767592e-02	4.473406e+00
9.555461e+01	1.130975e+01	1.590458e-02	5.158469e+00
1.098878e+02	1.117162e+01	1.425693e-02	5.974408e+00
1.263710e+02	1.062803e+01	1.236213e-02	6.998911e+00
1.453266e+02	1.026022e+01	1.099932e-02	8.306671e+00
1.671256e+02	9.839722e+00	9.674918e-03	9.870862e+00
1.921945e+02	9.373967e+00	8.684679e-03	1.178170e+01
2.210236e+02	8.899228e+00	7.763243e-03	1.411543e+01
2.541772e+02	8.418029e+00	6.703592e-03	1.698390e+01
2.923037e+02	7.937705e+00	5.967534e-03	2.052760e+01
3.361493e+02	7.472377e+00	5.232105e-03	2.492273e+01
3.865717e+02	7.009460e+00	4.634327e-03	3.039789e+01
4.445574e+02	6.551380e+00	4.062746e-03	3.724463e+01
5.112411e+02	6.099613e+00	3.586565e-03	4.583718e+01
5.879272e+02	5.657907e+00	3.209183e-03	5.666078e+01
6.761163e+02	5.230075e+00	2.803965e-03	7.033959e+01
7.775337e+02	4.819294e+00	2.482913e-03	8.767889e+01
8.941638e+02	4.426516e+00	2.183909e-03	1.097191e+02
1.028288e+03	4.053255e+00	1.972863e-03	1.378049e+02
1.182532e+03	3.700606e+00	1.730159e-03	1.736739e+02
1.359911e+03	3.370368e+00	1.494271e-03	2.195701e+02
1.563898e+03	3.061641e+00	1.327320e-03	2.783890e+02
1.798483e+03	2.774912e+00	1.159586e-03	3.538622e+02
2.068255e+03	2.509968e+00	1.045063e-03	4.507915e+02
2.378493e+03	2.266911e+00	9.133603e-04	5.753430e+02
2.735268e+03	2.045441e+00	7.884516e-04	7.354178e+02
3.145558e+03	1.844823e+00	6.981130e-04	9.411120e+02
3.617391e+03	1.663185e+00	6.063064e-04	1.205290e+03
4.160000e+03	1.498913e+00	5.324882e-04	1.544289e+03
4.784000e+03	1.351662e+00	4.671477e-04	1.978785e+03
5.501600e+03	1.220285e+00	4.108649e-04	2.534840e+03
6.326840e+03	1.102979e+00	3.623056e-04	3.245162e+03
7.275866e+03	9.986038e-01	3.140135e-04	4.150604e+03
8.367246e+03	9.061849e-01	2.748973e-04	5.301931e+03
9.622333e+03	8.243501e-01	2.451629e-04	6.761873e+03
