# Energy_MeV	dEdx_Elec_MeV_um	dEdx_Nucl_MeV_um	Range_um
1.000000e-05	5.182538e-03	9.802872e-02	3.705113e-03
1.150000e-05	5.626561e-03	1.067987e-01	3.973291e-03
1.322500e-05	6.101915e-03	1.159431e-01	4.260880e-03
1.520875e-05	6.610949e-03	1.258571e-01	4.569285e-03
1.749006e-05	7.156170e-03	1.356843e-01	4.900012e-03
2.011357e-05	7.740258e-03	1.469856e-01	5.254678e-03
2.313061e-05	8.366082e-03	1.593526e-01	5.635014e-03
2.660020e-05	9.036710e-03	1.715735e-01	6.042879e-03
3.059023e-05	9.755428e-03	1.850497e-01	6.480266e-03
3.517876e-05	1.052576e-02	1.979714e-01	6.949311e-03
4.045558e-05	1.135146e-02	2.128313e-01	7.452306e-03
4.652391e-05	1.223659e-02	2.288118e-01	7.991708e-03
5.350250e-05	1.318547e-02	2.443187e-01	8.570152e-03
6.152788e-05	1.420274e-02	2.613877e-01	9.190464e-03
7.075706e-05	1.529337e-02	2.783422e-01	9.855675e-03
8.137062e-05	1.646269e-02	2.959311e-01	1.056903e-02
9.357621e-05	1.771642e-02	3.137783e-01	1.133403e-02
1.076126e-04	1.906069e-02	3.316893e-01	1.215439e-02
1.237545e-04	2.050206e-02	3.510293e-01	1.303413e-02
1.423177e-04	2.204758e-02	3.697136e-01	1.397755e-02
1.636654e-04	2.370480e-02	3.870802e-01	1.498925e-02
1.882152e-04	2.548181e-02	4.049578e-01	1.607418e-02
2.164475e-04	2.738731e-02	4.255171e-01	1.723764e-02
2.489146e-04	2.943059e-02	4.431845e-01	1.848531e-02
2.862518e-04	3.162165e-02	4.616669e-01	1.982328e-02
3.291895e-04	3.397118e-02	4.773829e-01	2.125810e-02
3.785680e-04	3.649067e-02	4.931351e-01	2.279677e-02
4.353531e-04	3.919243e-02	5.112500e-01	2.444682e-02
5.006561e-04	4.208965e-02	5.254794e-01	2.621629e-02
5.757545e-04	4.519649e-02	5.402667e-01	2.811384e-02
6.621177e-04	4.852812e-02	5.530179e-01	3.014873e-02
7.614354e-04	5.210083e-02	5.655777e-01	3.233091e-02
8.756507e-04	5.593206e-02	5.763828e-01	3.467104e-02
1.006998e-03	6.004054e-02	5.851770e-01	3.718055e-02
1.158048e-03	6.444634e-02	5.946481e-01	3.987170e-02
1.331755e-03	6.917097e-02	6.018981e-01	4.275764e-02
1.531519e-03	7.423753e-02	6.084051e-01	4.585246e-02
1.761246e-03	7.967076e-02	6.122968e-01	4.917128e-02
2.025433e-03	8.549720e-02	6.167722e-01	5.273032e-02
2.329248e-03	9.174533e-02	6.206048e-01	5.651862e-02
2.678635e-03	9.844566e-02	6.217578e-01	6.063474e-02
3.080431e-03	1.056309e-01	6.223229e-01	6.503058e-02
3.542495e-03	1.133362e-01	6.204422e-01	6.973756e-02
4.073870e-03	1.215992e-01	6.182795e-01	7.478492e-02
4.684950e-03	1.304603e-01	6.149245e-01	8.019784e-02
5.387693e-03	1.399627e-01	6.092813e-01	8.600245e-02
6.195847e-03	1.501528e-01	6.024995e-01	9.222723e-02
7.125224e-03	1.610805e-01	5.939118e-01	9.890260e-02
8.194007e-03	1.727991e-01	5.838707e-01	1.060611e-01
9.423108e-03	1.853660e-01	5.723242e-01	1.137378e-01
1.083657e-02	1.988423e-01	5.591857e-01	1.219700e-01
1.246206e-02	2.132941e-01	5.445024e-01	1.307981e-01
1.433137e-02	2.287919e-01	5.285661e-01	1.402653e-01
1.648108e-02	2.454115e-01	5.123274e-01	1.504177e-01
1.895324e-02	2.632339e-01	4.944878e-01	1.613048e-01
2.179622e-02	2.823464e-01	4.739722e-01	1.729800e-01
2.506566e-02	3.028421e-01	4.545939e-01	1.855003e-01
2.882550e-02	3.248214e-01	4.332524e-01	1.989269e-01
3.314933e-02	3.483915e-01	4.138367e-01	2.133252e-01
3.812173e-02	3.736677e-01	3.931609e-01	2.287656e-01
4.383999e-02	4.007733e-01	3.693837e-01	2.453236e-01
5.041599e-02	4.298409e-01	3.490706e-01	2.630802e-01
5.797838e-02	4.610123e-01	3.268593e-01	2.821221e-01
6.667514e-02	4.944400e-01	3.065720e-01	3.025420e-01
7.667641e-02	5.302872e-01	2.856312e-01	3.244400e-01
8.817787e-02	5.687290e-01	2.657676e-01	3.479230e-01
1.014046e-01	6.099532e-01	2.482436e-01	3.731059e-01
1.166152e-01	6.541612e-01	2.286669e-01	4.001114e-01
1.341075e-01	7.015691e-01	2.116886e-01	4.290715e-01
1.542237e-01	7.524083e-01	1.949826e-01	4.601277e-01
1.773572e-01	8.069274e-01	1.813733e-01	4.934319e-01
2.039608e-01	8.653925e-01	1.657225e-01	5.291468e-01
2.345549e-01	9.280894e-01	1.514416e-01	5.674466e-01
2.697381e-01	9.953243e-01	1.423542e-01	6.085184e-01
3.101989e-01	1.067426e+00	1.319038e-01	6.525631e-01
3.567287e-01	1.144737e+00	1.198857e-01	6.919899e-01
4.102380e-01	1.227619e+00	1.060649e-01	7.130088e-01
4.717737e-01	1.316497e+00	9.362421e-02	7.304383e-01
5.425397e-01	1.411803e+00	8.504572e-02	7.434354e-01
6.239207e-01	1.517202e+00	7.634904e-02	7.639182e-01
7.175088e-01	1.634510e+00	6.884401e-02	7.829934e-01
8.251351e-01	1.759606e+00	6.206278e-02	8.000021e-01
9.489054e-01	1.894102e+00	5.601178e-02	8.151898e-01
1.091241e+00	2.043320e+00	5.051604e-02	8.297999e-01
1.254927e+00	2.193531e+00	4.506605e-02	8.443506e-01
1.443166e+00	2.356734e+00	4.035524e-02	8.593177e-01
1.659641e+00	2.525991e+00	3.673841e-02	8.752890e-01
1.908588e+00	2.698920e+00	3.312909e-02	8.930444e-01
2.194876e+00	2.885627e+00	2.897837e-02	9.135401e-01
2.524107e+00	3.058060e+00	2.611425e-02	9.379539e-01
2.902723e+00	3.235141e+00	2.310720e-02	9.677175e-01
3.338132e+00	3.406964e+00	2.096923e-02	1.004546e+00
3.838852e+00	3.560606e+00	1.882384e-02	1.050466e+00
4.414679e+00	3.715832e+00	1.635664e-02	1.107841e+00
5.076881e+00	3.837909e+00	1.472664e-02	1.179378e+00
5.838413e+00	3.942874e+00	1.296829e-02	1.268148e+00
6.714175e+00	4.021918e+00	1.159225e-02	1.377627e+00
7.721302e+00	4.054720e+00	1.024781e-02	1.511754e+00
8.879497e+00	4.071684e+00	9.076960e-03	1.675063e+00
1.021142e+01	4.052841e+00	8.181694e-03	1.872872e+00
1.174313e+01	4.012330e+00	7.173263e-03	2.111570e+00
1.350460e+01	3.948243e+00	6.405030e-03	2.398982e+00
1.553030e+01	3.858041e+00	5.685309e-03	2.744845e+00
1.785984e+01	3.752028e+00	5.146145e-03	3.161407e+00
2.053882e+01	3.629894e+00	4.526105e-03	3.664171e+00
2.361964e+01	3.500893e+00	3.953899e-03	4.272857e+00
2.716258e+01	3.360932e+00	3.520514e-03	5.012546e+00
3.123697e+01	3.222269e+00	3.107048e-03	5.915310e+00
3.592252e+01	3.071625e+00	2.805525e-03	7.022909e+00
4.131089e+01	2.917153e+00	2.458773e-03	8.381562e+00
4.750753e+01	2.846364e+00	2.147150e-03	1.010046e+01
5.463366e+01	2.665163e+00	1.906494e-03	1.235922e+01
6.282871e+01	2.479351e+00	1.671582e-03	1.515797e+01
7.225301e+01	2.294360e+00	1.473364e-03	1.867251e+01
8.309096e+01	2.114778e+00	1.303054e-03	2.308475e+01
9.555461e+01	1.942119e+00	1.155840e-03	2.865467e+01
1.098878e+02	1.777244e+00	1.023240e-03	3.571126e+01
1.263710e+02	1.622627e+00	8.964266e-04	4.467706e+01
1.453266e+02	1.476830e+00	7.878931e-04	5.610099e+01
1.671256e+02	1.340514e+00	7.097951e-04	7.069289e+01
1.921945e+02	1.213547e+00	6.303749e-04	8.936702e+01
2.210236e+02	1.095781e+00	5.390416e-04	1.133131e+02
2.541772e+02	9.873791e-01	4.809642e-04	1.440677e+02
2.923037e+02	8.881227e-01	4.181375e-04	1.836145e+02
3.361493e+02	7.976062e-01	3.763660e-04	2.345149e+02
3.865717e+02	7.153717e-01	3.332688e-04	3.000737e+02
4.445574e+02	6.409589e-01	2.837070e-04	3.845498e+02
5.112411e+02	5.738346e-01	2.533133e-04	4.934262e+02
5.879272e+02	5.134565e-01	2.193174e-04	6.337530e+02
6.761163e+02	4.593283e-01	1.938890e-04	8.145850e+02
7.775337e+02	4.109059e-01	1.690712e-04	1.047536e+03
8.941638e+02	3.676143e-01	1.475840e-04	1.347481e+03
1.028288e+03	3.289776e-01	1.316938e-04	1.733438e+03
1.182532e+03	2.946082e-01	1.134201e-04	2.229681e+03
1.359911e+03	2.640695e-01	1.002334e-04	2.867112e+03
1.563898e+03	2.369294e-01	8.797837e-05	3.684981e+03
1.798483e+03	2.128640e-01	0.000000e+00	4.732983e+03
2.068255e+03	1.915623e-01	0.000000e+00	6.073817e+03
2.378493e+03	1.727004e-01	0.000000e+00	7.786279e+03
2.735268e+03	1.560181e-01	0.000000e+00	9.968934e+03
3.145558e+03	1.413026e-01	0.000000e+00	1.274446e+04
3.617391e+03	1.283317e-01	0.000000e+00	1.626467e+04
4.160000e+03	1.169033e-01	0.000000e+00	2.071620e+04
4.784000e+03	1.068351e-01	0.000000e+00	2.632760e+04
5.501600e+03	9.797705e-02	0.000000e+00	3.337814e+04
6.326840e+03	9.021737e-02	0.000000e+00	4.220295e+04
7.275866e+03	8.344022e-02	0.000000e+00	5.320107e+04
8.367246e+03	7.754898e-02	0.000000e+00	6.684407e+04
9.622333e+03	7.244446e-02	0.000000e+00	8.368387e+04
