# Energy_MeV	dEdx_Elec_MeV_um	dEdx_Nucl_MeV_um	Range_um
1.000000e-05	1.004307e-02	6.538452e-02	1.991423e-03
1.150000e-05	1.076999e-02	7.261423e-02	2.135563e-03
1.322500e-05	1.154953e-02	8.071305e-02	2.290137e-03
1.520875e-05	1.238549e-02	8.934252e-02	2.455898e-03
1.749006e-05	1.328196e-02	9.910632e-02	2.633657e-03
2.011357e-05	1.424331e-02	1.096213e-01	2.824283e-03
2.313061e-05	1.527425e-02	1.212878e-01	3.028706e-03
2.660020e-05	1.637981e-02	1.340835e-01	3.247925e-03
3.059023e-05	1.756539e-02	1.479874e-01	3.483011e-03
3.517876e-05	1.883678e-02	1.636438e-01	3.735114e-03
4.045558e-05	2.020020e-02	1.804825e-01	4.005463e-03
4.652391e-05	2.166230e-02	1.984489e-01	4.295381e-03
5.350250e-05	2.323023e-02	2.182596e-01	4.606283e-03
6.152788e-05	2.491165e-02	2.410419e-01	4.939688e-03
7.075706e-05	2.671476e-02	2.648729e-01	5.297225e-03
8.137062e-05	2.864839e-02	2.913717e-01	5.680641e-03
9.357621e-05	3.072198e-02	3.190575e-01	6.091809e-03
1.076126e-04	3.294565e-02	3.494798e-01	6.532737e-03
1.237545e-04	3.533027e-02	3.844654e-01	7.005580e-03
1.423177e-04	3.788750e-02	4.204347e-01	7.512648e-03
1.636654e-04	4.062982e-02	4.604905e-01	8.056417e-03
1.882152e-04	4.357062e-02	5.029256e-01	8.639545e-03
2.164475e-04	4.672429e-02	5.496526e-01	9.264880e-03
2.489146e-04	5.010622e-02	5.991344e-01	9.935477e-03
2.862518e-04	5.373293e-02	6.508681e-01	1.065461e-02
3.291895e-04	5.762215e-02	7.091281e-01	1.142580e-02
3.785680e-04	6.179287e-02	7.698005e-01	1.225280e-02
4.353531e-04	3.315785e-02	8.355525e-01	1.313967e-02
5.006561e-04	3.565654e-02	9.008360e-01	1.409072e-02
5.757545e-04	3.833583e-02	9.759120e-01	1.511062e-02
6.621177e-04	4.120880e-02	1.057913e+00	1.620433e-02
7.614354e-04	4.428950e-02	1.139098e+00	1.737721e-02
8.756507e-04	4.759296e-02	1.228438e+00	1.863498e-02
1.006998e-03	5.113534e-02	1.314278e+00	1.998379e-02
1.158048e-03	5.493394e-02	1.412994e+00	2.143023e-02
1.331755e-03	5.900732e-02	1.518921e+00	2.298136e-02
1.531519e-03	6.337538e-02	1.621935e+00	2.464476e-02
1.761246e-03	6.805945e-02	1.735125e+00	2.642857e-02
2.025433e-03	7.308243e-02	1.847756e+00	2.834148e-02
2.329248e-03	7.846885e-02	1.964421e+00	3.039285e-02
2.678635e-03	8.424503e-02	2.082758e+00	3.259270e-02
3.080431e-03	9.043918e-02	2.201743e+00	3.495178e-02
3.542495e-03	9.708157e-02	2.329938e+00	3.748161e-02
4.073870e-03	1.042047e-01	2.454061e+00	4.019454e-02
4.684950e-03	1.118432e-01	2.569065e+00	4.310385e-02
5.387693e-03	1.200346e-01	2.687828e+00	4.622373e-02
6.195847e-03	1.288188e-01	2.824406e+00	4.956942e-02
7.125224e-03	1.382387e-01	2.941316e+00	5.315728e-02
8.194007e-03	1.483404e-01	3.064096e+00	5.700484e-02
9.423108e-03	1.591732e-01	3.168040e+00	6.113088e-02
1.083657e-02	1.707900e-01	3.272683e+00	6.555556e-02
1.246206e-02	1.832476e-01	3.393023e+00	7.027112e-02
1.433137e-02	1.966068e-01	3.487072e+00	7.538736e-02
1.648108e-02	2.109329e-01	3.585305e+00	8.084714e-02
1.895324e-02	2.262959e-01	3.669680e+00	8.669939e-02
2.179622e-02	2.427709e-01	3.752865e+00	9.297434e-02
2.506566e-02	2.604383e-01	3.824644e+00	9.970378e-02
2.882550e-02	2.793844e-01	3.882815e+00	1.069202e-01
3.314933e-02	2.997019e-01	3.945733e+00	1.146590e-01
3.812173e-02	3.214899e-01	3.993625e+00	1.229580e-01
4.383999e-02	3.448549e-01	4.036592e+00	1.318576e-01
5.041599e-02	3.699110e-01	4.062445e+00	1.414014e-01
5.797838e-02	3.967807e-01	4.092176e+00	1.516359e-01
6.667514e-02	4.255952e-01	4.117368e+00	1.626113e-01
7.667641e-02	4.564953e-01	4.125028e+00	1.743811e-01
8.817787e-02	4.896320e-01	4.128590e+00	1.870027e-01
1.014046e-01	5.251671e-01	4.116096e+00	2.005379e-01
1.166152e-01	5.632742e-01	4.101729e+00	2.150528e-01
1.341075e-01	6.041395e-01	4.079286e+00	2.306183e-01
1.542237e-01	6.479626e-01	4.041798e+00	2.473105e-01
1.773572e-01	6.949577e-01	3.996683e+00	2.652108e-01
2.039608e-01	7.453543e-01	3.939634e+00	2.844067e-01
2.345549e-01	7.993986e-01	3.872916e+00	3.049921e-01
2.697381e-01	8.573547e-01	3.796224e+00	3.270675e-01
3.101989e-01	9.195056e-01	3.708943e+00	3.507407e-01
3.567287e-01	9.861550e-01	3.611481e+00	3.761272e-01
4.102380e-01	1.057629e+00	3.505614e+00	4.033513e-01
4.717737e-01	1.134275e+00	3.397910e+00	4.325460e-01
5.425397e-01	1.216470e+00	3.279399e+00	4.638539e-01
6.239207e-01	1.304614e+00	3.143112e+00	4.974277e-01
7.175088e-01	1.399138e+00	3.014682e+00	5.334315e-01
8.251351e-01	1.500503e+00	2.872908e+00	5.720414e-01
9.489054e-01	1.609205e+00	2.744323e+00	6.134461e-01
1.091241e+00	1.725776e+00	2.606972e+00	6.578476e-01
1.254927e+00	1.850783e+00	2.449018e+00	7.054627e-01
1.443166e+00	1.984839e+00	2.314554e+00	7.565241e-01
1.659641e+00	2.128598e+00	2.167001e+00	8.112817e-01
1.908588e+00	2.282762e+00	2.032616e+00	8.700028e-01
2.194876e+00	2.448084e+00	1.893812e+00	9.329739e-01
2.524107e+00	2.625373e+00	1.761857e+00	1.000503e+00
2.902723e+00	2.817863e+00	1.645787e+00	1.072919e+00
3.338132e+00	3.073161e+00	1.515737e+00	1.150576e+00
3.838852e+00	3.361012e+00	1.403333e+00	1.233871e+00
4.414679e+00	3.683238e+00	1.292785e+00	1.323106e+00
5.076881e+00	4.036105e+00	1.202377e+00	1.419455e+00
5.838413e+00	4.432544e+00	1.098407e+00	1.525810e+00
6.714175e+00	4.860034e+00	1.004184e+00	1.644017e+00
7.721302e+00	5.333573e+00	9.438152e-01	1.776339e+00
8.879497e+00	5.856409e+00	8.743915e-01	1.925625e+00
1.021142e+01	6.407391e+00	7.945543e-01	2.095632e+00
1.174313e+01	7.011004e+00	7.027416e-01	2.156001e+00
1.350460e+01	7.613296e+00	6.206332e-01	2.026918e+00
1.553030e+01	8.288471e+00	5.636453e-01	1.921148e+00
1.785984e+01	9.048338e+00	5.060866e-01	1.837912e+00
2.053882e+01	9.809516e+00	4.562299e-01	1.776653e+00
2.361964e+01	1.064168e+01	4.113308e-01	1.737018e+00
2.716258e+01	1.150401e+01	3.712798e-01	1.718817e+00
3.123697e+01	1.246581e+01	3.347710e-01	1.721964e+00
3.592252e+01	1.354945e+01	2.987080e-01	1.746547e+00
4.131089e+01	1.473914e+01	2.674136e-01	1.792778e+00
4.750753e+01	1.603097e+01	2.435240e-01	1.861065e+00
5.463366e+01	1.732940e+01	2.195469e-01	1.952113e+00
6.282871e+01	1.856907e+01	1.919733e-01	2.067047e+00
7.225301e+01	1.984597e+01	1.730750e-01	2.207540e+00
8.309096e+01	2.090505e+01	1.530988e-01	2.375950e+00
9.555461e+01	2.197113e+01	1.389916e-01	2.575457e+00
1.098878e+02	2.289767e+01	1.247395e-01	2.810197e+00
1.263710e+02	2.360439e+01	1.083496e-01	3.085483e+00
1.453266e+02	2.424963e+01	9.759874e-02	3.407937e+00
1.671256e+02	2.488447e+01	8.591784e-02	3.785722e+00
1.921945e+02	2.545044e+01	7.682101e-02	4.229907e+00
2.210236e+02	2.584763e+01	6.791900e-02	4.748185e+00
2.541772e+02	2.640104e+01	6.014091e-02	5.386504e+00
2.923037e+02	2.637906e+01	5.422118e-02	6.196750e+00
3.361493e+02	2.612760e+01	4.752206e-02	7.138788e+00
3.865717e+02	2.564661e+01	4.244422e-02	8.259936e+00
4.445574e+02	2.506437e+01	3.768674e-02	9.591742e+00
5.112411e+02	2.441744e+01	3.410502e-02	1.118498e+01
5.879272e+02	2.371986e+01	2.998603e-02	1.310049e+01
6.761163e+02	2.303846e+01	2.620617e-02	1.541242e+01
7.775337e+02	2.231834e+01	2.332714e-02	1.821518e+01
8.941638e+02	2.153962e+01	2.059558e-02	2.162659e+01
1.028288e+03	2.070750e+01	1.859253e-02	2.579430e+01
1.182532e+03	1.983131e+01	1.628902e-02	3.090691e+01
1.359911e+03	1.892432e+01	1.423085e-02	3.720250e+01
1.563898e+03	1.800026e+01	1.263215e-02	4.498309e+01
1.798483e+03	1.706075e+01	1.107825e-02	5.463332e+01
2.068255e+03	1.611131e+01	9.761470e-03	6.664407e+01
2.378493e+03	1.516173e+01	8.634428e-03	8.164272e+01
2.735268e+03	1.421620e+01	7.660480e-03	1.004323e+02
3.145558e+03	1.327793e+01	6.779604e-03	1.240416e+02
3.617391e+03	1.236414e+01	5.940852e-03	1.537898e+02
4.160000e+03	1.148072e+01	5.219853e-03	1.913689e+02
4.784000e+03	1.063002e+01	4.704378e-03	2.389485e+02
5.501600e+03	9.815900e+00	4.176781e-03	2.993088e+02
6.326840e+03	9.043939e+00	3.570044e-03	3.760084e+02
7.275866e+03	8.316497e+00	3.187207e-03	4.735938e+02
8.367246e+03	7.633156e+00	2.769842e-03	5.978598e+02
9.622333e+03	6.995924e+00	2.494420e-03	7.561707e+02
