# Energy_MeV	dEdx_Elec_MeV_um	dEdx_Nucl_MeV_um	Range_um
1.000000e-05	9.500887e-03	5.679653e-02	2.105067e-03
1.150000e-05	1.018857e-02	6.320335e-02	2.257432e-03
1.322500e-05	1.092602e-02	6.994200e-02	2.420827e-03
1.520875e-05	1.171685e-02	7.759610e-02	2.596047e-03
1.749006e-05	6.379685e-03	8.639832e-02	2.783951e-03
2.011357e-05	6.969671e-03	9.555735e-02	2.985454e-03
2.313061e-05	7.600119e-03	1.060638e-01	3.201543e-03
2.660020e-05	8.274211e-03	1.172703e-01	3.433272e-03
3.059023e-05	8.995324e-03	1.298262e-01	3.681775e-03
3.517876e-05	9.767047e-03	1.436868e-01	3.948263e-03
4.045558e-05	1.059320e-02	1.584068e-01	4.234041e-03
4.652391e-05	1.147788e-02	1.753349e-01	4.540503e-03
5.350250e-05	1.242542e-02	1.932278e-01	4.869147e-03
6.152788e-05	1.344050e-02	2.128763e-01	5.221578e-03
7.075706e-05	1.452809e-02	2.338499e-01	5.599519e-03
8.137062e-05	1.569354e-02	2.579695e-01	6.004815e-03
9.357621e-05	1.694255e-02	2.841133e-01	6.439447e-03
1.076126e-04	1.828124e-02	3.121677e-01	6.905537e-03
1.237545e-04	1.971615e-02	3.426518e-01	7.405364e-03
1.423177e-04	2.125432e-02	3.748599e-01	7.941368e-03
1.636654e-04	2.290327e-02	4.118992e-01	8.516168e-03
1.882152e-04	2.467105e-02	4.515350e-01	9.132573e-03
2.164475e-04	2.656632e-02	4.939421e-01	9.793594e-03
2.489146e-04	2.859832e-02	5.403050e-01	1.050246e-02
2.862518e-04	3.077701e-02	5.903604e-01	1.126263e-02
3.291895e-04	3.311302e-02	6.435027e-01	1.207783e-02
3.785680e-04	3.561777e-02	7.000603e-01	1.295203e-02
4.353531e-04	3.830350e-02	7.617402e-01	1.388950e-02
5.006561e-04	4.118334e-02	8.283385e-01	1.489483e-02
5.757545e-04	4.427134e-02	8.999343e-01	1.597293e-02
6.621177e-04	4.758261e-02	9.704715e-01	1.712906e-02
7.614354e-04	5.113332e-02	1.049955e+00	1.836887e-02
8.756507e-04	5.494082e-02	1.141360e+00	1.969841e-02
1.006998e-03	5.902371e-02	1.227590e+00	2.112420e-02
1.158048e-03	6.340193e-02	1.326433e+00	2.265318e-02
1.331755e-03	6.809688e-02	1.418891e+00	2.429283e-02
1.531519e-03	7.313149e-02	1.523401e+00	2.605115e-02
1.761246e-03	7.853037e-02	1.642913e+00	2.793675e-02
2.025433e-03	8.431988e-02	1.751974e+00	2.995883e-02
2.329248e-03	9.052831e-02	1.877393e+00	3.212726e-02
2.678635e-03	9.718599e-02	1.997416e+00	3.445265e-02
3.080431e-03	1.043255e-01	2.126614e+00	3.694635e-02
3.542495e-03	1.119816e-01	2.258990e+00	3.962055e-02
4.073870e-03	1.201917e-01	2.384959e+00	4.248830e-02
4.684950e-03	1.289961e-01	2.529592e+00	4.556363e-02
5.387693e-03	1.384376e-01	2.661000e+00	4.886155e-02
6.195847e-03	1.485624e-01	2.794260e+00	5.239817e-02
7.125224e-03	1.594200e-01	2.919994e+00	5.619078e-02
8.194007e-03	1.710635e-01	3.064589e+00	6.025790e-02
9.423108e-03	1.835496e-01	3.202821e+00	6.461940e-02
1.083657e-02	1.969394e-01	3.332809e+00	6.929659e-02
1.246206e-02	2.112983e-01	3.457404e+00	7.431231e-02
1.433137e-02	2.266964e-01	3.568190e+00	7.969107e-02
1.648108e-02	2.432091e-01	3.695593e+00	8.545579e-02
1.895324e-02	2.609169e-01	3.810304e+00	9.164801e-02
2.179622e-02	2.799063e-01	3.914304e+00	9.827957e-02
2.506566e-02	3.002702e-01	4.014180e+00	1.053939e-01
2.882550e-02	3.221080e-01	4.107154e+00	1.130220e-01
3.314933e-02	3.455264e-01	4.186198e+00	1.212025e-01
3.812173e-02	3.706398e-01	4.255696e+00	1.299750e-01
4.383999e-02	3.975709e-01	4.322306e+00	1.393825e-01
5.041599e-02	4.264512e-01	4.381558e+00	1.494709e-01
5.797838e-02	4.574219e-01	4.433332e+00	1.602895e-01
6.667514e-02	4.906343e-01	4.462647e+00	1.718912e-01
7.667641e-02	5.262506e-01	4.494123e+00	1.843327e-01
8.817787e-02	5.644447e-01	4.529252e+00	1.976746e-01
1.014046e-01	6.054034e-01	4.537362e+00	2.119821e-01
1.166152e-01	6.493267e-01	4.546687e+00	2.273253e-01
1.341075e-01	6.964291e-01	4.533998e+00	2.437791e-01
1.542237e-01	7.469408e-01	4.518788e+00	2.614239e-01
1.773572e-01	8.011086e-01	4.499938e+00	2.803457e-01
2.039608e-01	8.591970e-01	4.460249e+00	3.006370e-01
2.345549e-01	9.214899e-01	4.414486e+00	3.223971e-01
2.697381e-01	9.882916e-01	4.354088e+00	3.457323e-01
3.101989e-01	1.059928e+00	4.283908e+00	3.707565e-01
3.567287e-01	1.136750e+00	4.202305e+00	3.975918e-01
4.102380e-01	1.219133e+00	4.109901e+00	4.263694e-01
4.717737e-01	1.307478e+00	4.004172e+00	4.572301e-01
5.425397e-01	1.402218e+00	3.892091e+00	4.903246e-01
6.239207e-01	1.503814e+00	3.772653e+00	5.258144e-01
7.175088e-01	1.612765e+00	3.647186e+00	5.638728e-01
8.251351e-01	1.729602e+00	3.502899e+00	6.046860e-01
9.489054e-01	1.854895e+00	3.357380e+00	6.484535e-01
1.091241e+00	1.989257e+00	3.207284e+00	6.953889e-01
1.254927e+00	2.133344e+00	3.058602e+00	7.457212e-01
1.443166e+00	2.287860e+00	2.913188e+00	7.996965e-01
1.659641e+00	2.453560e+00	2.745962e+00	8.575788e-01
1.908588e+00	2.631254e+00	2.588464e+00	9.196509e-01
2.194876e+00	2.821809e+00	2.432250e+00	9.862157e-01
2.524107e+00	3.026157e+00	2.277790e+00	1.057598e+00
2.902723e+00	3.245295e+00	2.123038e+00	1.134147e+00
3.338132e+00	3.480295e+00	1.981361e+00	1.216237e+00
3.838852e+00	3.748364e+00	1.847566e+00	1.304271e+00
4.414679e+00	4.080547e+00	1.709882e+00	1.398666e+00
5.076881e+00	4.446652e+00	1.578694e+00	1.499932e+00
5.838413e+00	4.858708e+00	1.448743e+00	1.608411e+00
6.714175e+00	5.300704e+00	1.352291e+00	1.726343e+00
7.721302e+00	5.790007e+00	1.242218e+00	1.856997e+00
8.879497e+00	6.324927e+00	1.122003e+00	2.002463e+00
1.021142e+01	6.899150e+00	1.058091e+00	2.165669e+00
1.174313e+01	7.537474e+00	9.845921e-01	2.350304e+00
1.350460e+01	8.203688e+00	9.000683e-01	2.561209e+00
1.553030e+01	8.906337e+00	8.028660e-01	2.804733e+00
1.785984e+01	9.641105e+00	6.989417e-01	2.650247e+00
2.053882e+01	1.045218e+01	6.386085e-01	2.489450e+00
2.361964e+01	1.135034e+01	5.708872e-01	2.363287e+00
2.716258e+01	1.225586e+01	5.181038e-01	2.269587e+00
3.123697e+01	1.321091e+01	4.658403e-01	2.206682e+00
3.592252e+01	1.423045e+01	4.188005e-01	2.173309e+00
4.131089e+01	1.531712e+01	3.801486e-01	2.168532e+00
4.750753e+01	1.654550e+01	3.374764e-01	2.191649e+00
5.463366e+01	1.792424e+01	3.043449e-01	2.242379e+00
6.282871e+01	1.938365e+01	2.747017e-01	2.320728e+00
7.225301e+01	2.097114e+01	2.493171e-01	2.427182e+00
8.309096e+01	2.241508e+01	2.201248e-01	2.562825e+00
9.555461e+01	2.392689e+01	1.960523e-01	2.729476e+00
1.098878e+02	2.535138e+01	1.749035e-01	2.929832e+00
1.263710e+02	2.666657e+01	1.569445e-01	3.167610e+00
1.453266e+02	2.799255e+01	1.418558e-01	3.447700e+00
1.671256e+02	2.890757e+01	1.245038e-01	3.776355e+00
1.921945e+02	2.991254e+01	1.106720e-01	4.161518e+00
2.210236e+02	3.097856e+01	9.830541e-02	4.612491e+00
2.541772e+02	3.184998e+01	8.726869e-02	5.143171e+00
2.923037e+02	2.839189e+01	7.693687e-02	5.762680e+00
3.361493e+02	2.869079e+01	6.868416e-02	6.547239e+00
3.865717e+02	2.868418e+01	6.154257e-02	7.513347e+00
4.445574e+02	2.845123e+01	5.445021e-02	8.636105e+00
5.112411e+02	2.793808e+01	4.826314e-02	9.968291e+00
5.879272e+02	2.736380e+01	4.247571e-02	1.155121e+01
6.761163e+02	2.670434e+01	3.868373e-02	1.344220e+01
7.775337e+02	2.599897e+01	3.432295e-02	1.571287e+01
8.941638e+02	2.533122e+01	2.964463e-02	1.844948e+01
1.028288e+03	2.458697e+01	2.659661e-02	2.176246e+01
1.182532e+03	2.377699e+01	2.322546e-02	2.578799e+01
1.359911e+03	2.290074e+01	2.110483e-02	3.069825e+01
1.563898e+03	2.197649e+01	1.866610e-02	3.671188e+01
1.798483e+03	2.101487e+01	1.610790e-02	4.410415e+01
2.068255e+03	2.003348e+01	1.441536e-02	5.322410e+01
2.378493e+03	1.902763e+01	1.255963e-02	6.451557e+01
2.735268e+03	1.800684e+01	1.116555e-02	7.854414e+01
3.145558e+03	1.698033e+01	9.834812e-03	9.603156e+01
3.617391e+03	1.595615e+01	8.676561e-03	1.179003e+02
4.160000e+03	1.494131e+01	7.743977e-03	1.453308e+02
4.784000e+03	1.394554e+01	6.739408e-03	1.798345e+02
5.501600e+03	1.297656e+01	5.976085e-03	2.233475e+02
6.326840e+03	1.204164e+01	5.324637e-03	2.783499e+02
7.275866e+03	1.114551e+01	4.766069e-03	3.480159e+02
8.367246e+03	1.029295e+01	4.123716e-03	4.364042e+02
9.622333e+03	9.485312e+00	3.624149e-03	5.486947e+02
