# Energy_MeV	dEdx_Elec_MeV_um	dEdx_Nucl_MeV_um	Range_um
1.000000e-05	8.250885e-03	9.395723e-02	2.423982e-03
1.150000e-05	4.477972e-03	1.036295e-01	2.599431e-03
1.322500e-05	4.902365e-03	1.141729e-01	2.787580e-03
1.520875e-05	5.355532e-03	1.254231e-01	2.989346e-03
1.749006e-05	5.839784e-03	1.377237e-01	3.205717e-03
2.011357e-05	6.357564e-03	1.506396e-01	3.437748e-03
2.313061e-05	6.911467e-03	1.654929e-01	3.686574e-03
2.660020e-05	7.504248e-03	1.814883e-01	3.953410e-03
3.059023e-05	8.138845e-03	1.984941e-01	4.239560e-03
3.517876e-05	8.818392e-03	2.171796e-01	4.546422e-03
4.045558e-05	9.546237e-03	2.372524e-01	4.875494e-03
4.652391e-05	1.032596e-02	2.586503e-01	5.228385e-03
5.350250e-05	1.116139e-02	2.814467e-01	5.606818e-03
6.152788e-05	1.205662e-02	3.061811e-01	6.012643e-03
7.075706e-05	1.301604e-02	3.330414e-01	6.447841e-03
8.137062e-05	1.404434e-02	3.617523e-01	6.914539e-03
9.357621e-05	1.514657e-02	3.902598e-01	7.415017e-03
1.076126e-04	1.632811e-02	4.221335e-01	7.951720e-03
1.237545e-04	1.759475e-02	4.587883e-01	8.527270e-03
1.423177e-04	1.895267e-02	4.936837e-01	9.144478e-03
1.636654e-04	2.040852e-02	5.333211e-01	9.806360e-03
1.882152e-04	2.196941e-02	5.707771e-01	1.051615e-02
2.164475e-04	2.364297e-02	6.126873e-01	1.127731e-02
2.489146e-04	2.543738e-02	6.608839e-01	1.209357e-02
2.862518e-04	2.736141e-02	7.048262e-01	1.296891e-02
3.291895e-04	2.942446e-02	7.551211e-01	1.390761e-02
3.785680e-04	3.163661e-02	8.036652e-01	1.491425e-02
4.353531e-04	3.400867e-02	8.558443e-01	1.599375e-02
5.006561e-04	3.655223e-02	9.093897e-01	1.715139e-02
5.757545e-04	3.927971e-02	9.599049e-01	1.839281e-02
6.621177e-04	4.220445e-02	1.017997e+00	1.972409e-02
7.614354e-04	4.534073e-02	1.071180e+00	2.115173e-02
8.756507e-04	4.870388e-02	1.125366e+00	2.268271e-02
1.006998e-03	5.231032e-02	1.175787e+00	2.432449e-02
1.158048e-03	5.617767e-02	1.233771e+00	2.608511e-02
1.331755e-03	6.032483e-02	1.290143e+00	2.797317e-02
1.531519e-03	6.477207e-02	1.342270e+00	2.999788e-02
1.761246e-03	6.954109e-02	1.393179e+00	3.216914e-02
2.025433e-03	7.465521e-02	1.437606e+00	3.449756e-02
2.329248e-03	8.013941e-02	1.488697e+00	3.699451e-02
2.678635e-03	8.602048e-02	1.535681e+00	3.967220e-02
3.080431e-03	9.232716e-02	1.577386e+00	4.254369e-02
3.542495e-03	9.909024e-02	1.618123e+00	4.562303e-02
4.073870e-03	1.063428e-01	1.655406e+00	4.892525e-02
4.684950e-03	1.141202e-01	1.687621e+00	5.246648e-02
5.387693e-03	1.224605e-01	1.716004e+00	5.623566e-02
6.195847e-03	1.314044e-01	1.742716e+00	6.033112e-02
7.125224e-03	1.409957e-01	1.767032e+00	6.470519e-02
8.194007e-03	1.512811e-01	1.787794e+00	6.938862e-02
9.423108e-03	1.623109e-01	1.800085e+00	7.441072e-02
1.083657e-02	1.741391e-01	1.812707e+00	7.979656e-02
1.246206e-02	1.868233e-01	1.827223e+00	8.557213e-02
1.433137e-02	2.004256e-01	1.830595e+00	9.176576e-02
1.648108e-02	2.150125e-01	1.834335e+00	9.840772e-02
1.895324e-02	2.306550e-01	1.829642e+00	1.055304e-01
2.179622e-02	2.474298e-01	1.823543e+00	1.131687e-01
2.506566e-02	2.654187e-01	1.816303e+00	1.213597e-01
2.882550e-02	2.847097e-01	1.800387e+00	1.301437e-01
3.314933e-02	3.053969e-01	1.782084e+00	1.395635e-01
3.812173e-02	3.275814e-01	1.757945e+00	1.496651e-01
4.383999e-02	3.513717e-01	1.729832e+00	1.604977e-01
5.041599e-02	3.768839e-01	1.697081e+00	1.721145e-01
5.797838e-02	4.042426e-01	1.660026e+00	1.845721e-01
6.667514e-02	4.335816e-01	1.617462e+00	1.979315e-01
7.667641e-02	4.650442e-01	1.572516e+00	2.122578e-01
8.817787e-02	4.987840e-01	1.524268e+00	2.276209e-01
1.014046e-01	5.349659e-01	1.473954e+00	2.440961e-01
1.166152e-01	5.737666e-01	1.416093e+00	2.617639e-01
1.341075e-01	6.153758e-01	1.357118e+00	2.807104e-01
1.542237e-01	6.599966e-01	1.296928e+00	3.010282e-01
1.773572e-01	7.078471e-01	1.236489e+00	3.228166e-01
2.039608e-01	7.591611e-01	1.178176e+00	3.461822e-01
2.345549e-01	8.141892e-01	1.111117e+00	3.712390e-01
2.697381e-01	8.732002e-01	1.046974e+00	3.981094e-01
3.101989e-01	9.364824e-01	9.843305e-01	4.269246e-01
3.567287e-01	1.004345e+00	9.215985e-01	4.578254e-01
4.102380e-01	1.077120e+00	8.595413e-01	4.909630e-01
4.717737e-01	1.155162e+00	8.020918e-01	5.264991e-01
5.425397e-01	1.238853e+00	7.477294e-01	5.646073e-01
6.239207e-01	1.328601e+00	6.925163e-01	6.054736e-01
7.175088e-01	1.424845e+00	6.391167e-01	6.492979e-01
8.251351e-01	1.528056e+00	5.870047e-01	6.962945e-01
9.489054e-01	1.638737e+00	5.474396e-01	7.466927e-01
1.091241e+00	1.757429e+00	5.032989e-01	8.007386e-01
1.254927e+00	1.884712e+00	4.537620e-01	8.586958e-01
1.443166e+00	2.056236e+00	4.281324e-01	9.208486e-01
1.659641e+00	2.252541e+00	3.986584e-01	9.875070e-01
1.908588e+00	2.470389e+00	3.647633e-01	1.041667e+00
2.194876e+00	2.710238e+00	3.257840e-01	1.032934e+00
2.524107e+00	2.979866e+00	2.830049e-01	1.022720e+00
2.902723e+00	3.269083e+00	2.588105e-01	1.011901e+00
3.338132e+00	3.593618e+00	2.312127e-01	1.001198e+00
3.838852e+00	3.950918e+00	2.100459e-01	9.913859e-01
4.414679e+00	4.337106e+00	1.887804e-01	9.833045e-01
5.076881e+00	4.767613e+00	1.696155e-01	9.779286e-01
5.838413e+00	5.218364e+00	1.541156e-01	9.763082e-01
6.714175e+00	5.729994e+00	1.367117e-01	9.796080e-01
7.721302e+00	6.307967e+00	1.234256e-01	9.891165e-01
8.879497e+00	6.923174e+00	1.112556e-01	1.006248e+00
1.021142e+01	7.595994e+00	1.010760e-01	1.032535e+00
1.174313e+01	8.221295e+00	8.936956e-02	1.069618e+00
1.350460e+01	8.828076e+00	7.945210e-02	1.119227e+00
1.553030e+01	9.389888e+00	7.097117e-02	1.183179e+00
1.785984e+01	9.881718e+00	6.357296e-02	1.263412e+00
2.053882e+01	1.037408e+01	5.752220e-02	1.362036e+00
2.361964e+01	1.075093e+01	5.056384e-02	1.481429e+00
2.716258e+01	1.108625e+01	4.485796e-02	1.624383e+00
3.123697e+01	1.137810e+01	3.989880e-02	1.794272e+00
3.592252e+01	1.158782e+01	3.538161e-02	1.995266e+00
4.131089e+01	1.178091e+01	3.123842e-02	2.232558e+00
4.750753e+01	1.189793e+01	2.786887e-02	2.512639e+00
5.463366e+01	1.195333e+01	2.494820e-02	2.843638e+00
6.282871e+01	1.195730e+01	2.210407e-02	3.235680e+00
7.225301e+01	1.193799e+01	1.957028e-02	3.701461e+00
8.309096e+01	1.188829e+01	1.721040e-02	4.257264e+00
9.555461e+01	1.176401e+01	1.568005e-02	4.919304e+00
1.098878e+02	1.127082e+01	1.393133e-02	5.736081e+00
1.263710e+02	1.091482e+01	1.201131e-02	6.788653e+00
1.453266e+02	1.049387e+01	1.078901e-02	8.050716e+00
1.671256e+02	1.002422e+01	9.406008e-03	9.587863e+00
1.921945e+02	9.534802e+00	8.555607e-03	1.145993e+01
2.210236e+02	9.039374e+00	7.577647e-03	1.375599e+01
2.541772e+02	8.540579e+00	6.527144e-03	1.658575e+01
2.923037e+02	8.054922e+00	5.848410e-03	2.008800e+01
3.361493e+02	7.573320e+00	5.090560e-03	2.444130e+01
3.865717e+02	7.094312e+00	4.531517e-03	2.987441e+01
4.445574e+02	6.620548e+00	3.988937e-03	3.667935e+01
5.112411e+02	6.154698e+00	3.516206e-03	4.523483e+01
5.879272e+02	5.701607e+00	3.142228e-03	5.602809e+01
6.761163e+02	5.264666e+00	2.731809e-03	6.968691e+01
7.775337e+02	4.845510e+00	2.425707e-03	8.702207e+01
8.941638e+02	4.445585e+00	2.157601e-03	1.090811e+02
1.028288e+03	4.066311e+00	1.933608e-03	1.372175e+02
1.182532e+03	3.709741e+00	1.676016e-03	1.731792e+02
1.359911e+03	3.375396e+00	1.469561e-03	2.192225e+02
1.563898e+03	3.063844e+00	1.292367e-03	2.782558e+02
1.798483e+03	2.775016e+00	1.144884e-03	3.540237e+02
2.068255e+03	2.509194e+00	1.023335e-03	4.513379e+02
2.378493e+03	2.266192e+00	8.835536e-04	5.763679e+02
2.735268e+03	2.045402e+00	7.747446e-04	7.370040e+02
3.145558e+03	1.845260e+00	6.788643e-04	9.433079e+02
3.617391e+03	1.663886e+00	5.944717e-04	1.208070e+03
4.160000e+03	1.500789e+00	5.161430e-04	1.547490e+03
4.784000e+03	1.355045e+00	4.553537e-04	1.982010e+03
5.501600e+03	1.224829e+00	4.032807e-04	2.537307e+03
6.326840e+03	1.108779e+00	3.517425e-04	3.245488e+03
7.275866e+03	1.005871e+00	3.076209e-04	4.146493e+03
8.367246e+03	9.146988e-01	2.669335e-04	5.289726e+03
9.622333e+03	8.339640e-01	2.408494e-04	6.735897e+03
