# Energy_MeV	dEdx_Elec_MeV_um	dEdx_Nucl_MeV_um	Range_um
1.000000e-05	4.468484e-03	1.039591e-01	2.782468e-03
1.150000e-05	4.881798e-03	1.132616e-01	2.983864e-03
1.322500e-05	5.323456e-03	1.231089e-01	3.199838e-03
1.520875e-05	5.795686e-03	1.340617e-01	3.431444e-03
1.749006e-05	6.300855e-03	1.456287e-01	3.679813e-03
2.011357e-05	6.841477e-03	1.582215e-01	3.946160e-03
2.313061e-05	7.420231e-03	1.704947e-01	4.231785e-03
2.660020e-05	8.039975e-03	1.846089e-01	4.538084e-03
3.059023e-05	8.703763e-03	2.003559e-01	4.866553e-03
3.517876e-05	9.414859e-03	2.156186e-01	5.218797e-03
4.045558e-05	1.017676e-02	2.328111e-01	5.596536e-03
4.652391e-05	1.099319e-02	2.489489e-01	6.001616e-03
5.350250e-05	1.186816e-02	2.675073e-01	6.436017e-03
6.152788e-05	1.280595e-02	2.879222e-01	6.901859e-03
7.075706e-05	1.381115e-02	3.072886e-01	7.401419e-03
8.137062e-05	1.488869e-02	3.290009e-01	7.937138e-03
9.357621e-05	1.604382e-02	3.501753e-01	8.511632e-03
1.076126e-04	1.728221e-02	3.724945e-01	9.127708e-03
1.237545e-04	1.860990e-02	3.952238e-01	9.788377e-03
1.423177e-04	2.003338e-02	4.175927e-01	1.049686e-02
1.636654e-04	2.155962e-02	4.422991e-01	1.125663e-02
1.882152e-04	2.319606e-02	4.656339e-01	1.207139e-02
2.164475e-04	2.495071e-02	4.880364e-01	1.294513e-02
2.489146e-04	2.683214e-02	5.103637e-01	1.388210e-02
2.862518e-04	2.884955e-02	5.360401e-01	1.488690e-02
3.291895e-04	3.101279e-02	5.590017e-01	1.596442e-02
3.785680e-04	3.333243e-02	5.820843e-01	1.711993e-02
4.353531e-04	3.581980e-02	6.026144e-01	1.835908e-02
5.006561e-04	3.848706e-02	6.222872e-01	1.968792e-02
5.757545e-04	4.134724e-02	6.449109e-01	2.111294e-02
6.621177e-04	4.441431e-02	6.636210e-01	2.264111e-02
7.614354e-04	4.770326e-02	6.820888e-01	2.427989e-02
8.756507e-04	5.123015e-02	6.986681e-01	2.603728e-02
1.006998e-03	5.501222e-02	7.148475e-01	2.792187e-02
1.158048e-03	5.906794e-02	7.283419e-01	2.994287e-02
1.331755e-03	6.341712e-02	7.398158e-01	3.211015e-02
1.531519e-03	6.808102e-02	7.516441e-01	3.443430e-02
1.761246e-03	7.308242e-02	7.612289e-01	3.692667e-02
2.025433e-03	7.844575e-02	7.698659e-01	3.959944e-02
2.329248e-03	8.419721e-02	7.747262e-01	4.246338e-02
2.678635e-03	9.036490e-02	7.803155e-01	4.554090e-02
3.080431e-03	9.697896e-02	7.856266e-01	4.883627e-02
3.542495e-03	1.040717e-01	7.870666e-01	5.237153e-02
4.073870e-03	1.116778e-01	7.881503e-01	5.616200e-02
4.684950e-03	1.198343e-01	7.858016e-01	6.022695e-02
5.387693e-03	1.285812e-01	7.831005e-01	6.458614e-02
6.195847e-03	1.379611e-01	7.792150e-01	6.926085e-02
7.125224e-03	1.480199e-01	7.721673e-01	7.427390e-02
8.194007e-03	1.588068e-01	7.638216e-01	7.964977e-02
9.423108e-03	1.703744e-01	7.530965e-01	8.541478e-02
1.083657e-02	1.827792e-01	7.405845e-01	9.159709e-02
1.246206e-02	1.960818e-01	7.261388e-01	9.822686e-02
1.433137e-02	2.103473e-01	7.097301e-01	1.053365e-01
1.648108e-02	2.256453e-01	6.912343e-01	1.129607e-01
1.895324e-02	2.420506e-01	6.713316e-01	1.211367e-01
2.179622e-02	2.596432e-01	6.507155e-01	1.299046e-01
2.506566e-02	2.785092e-01	6.284357e-01	1.393071e-01
2.882550e-02	2.987407e-01	6.028140e-01	1.493901e-01
3.314933e-02	3.204366e-01	5.780202e-01	1.602030e-01
3.812173e-02	3.437028e-01	5.513670e-01	1.717985e-01
4.383999e-02	3.686530e-01	5.263403e-01	1.842333e-01
5.041599e-02	3.954091e-01	5.005184e-01	1.975681e-01
5.797838e-02	4.241018e-01	4.708232e-01	2.118681e-01
6.667514e-02	4.548713e-01	4.445151e-01	2.272031e-01
7.667641e-02	4.878679e-01	4.167755e-01	2.436481e-01
8.817787e-02	5.232528e-01	3.906830e-01	2.612835e-01
1.014046e-01	5.611989e-01	3.639237e-01	2.801952e-01
1.166152e-01	6.018915e-01	3.391162e-01	3.004757e-01
1.341075e-01	6.455295e-01	3.165537e-01	3.222242e-01
1.542237e-01	6.923260e-01	2.921045e-01	3.455470e-01
1.773572e-01	7.425096e-01	2.701444e-01	3.705578e-01
2.039608e-01	7.963255e-01	2.484338e-01	3.973788e-01
2.345549e-01	8.540367e-01	2.314371e-01	4.261411e-01
2.697381e-01	9.159250e-01	2.118910e-01	4.569854e-01
3.101989e-01	9.822929e-01	1.927865e-01	4.900623e-01
3.567287e-01	1.053464e+00	1.814373e-01	5.255332e-01
4.102380e-01	1.129774e+00	1.683857e-01	5.562711e-01
4.717737e-01	1.211565e+00	1.533765e-01	5.652723e-01
5.425397e-01	1.307013e+00	1.361158e-01	5.731431e-01
6.239207e-01	1.436454e+00	1.195244e-01	5.857201e-01
7.175088e-01	1.580258e+00	1.088107e-01	5.965539e-01
8.251351e-01	1.742390e+00	9.752870e-02	6.055574e-01
9.489054e-01	1.919026e+00	8.815570e-02	6.132719e-01
1.091241e+00	2.116563e+00	7.939333e-02	6.205880e-01
1.254927e+00	2.332113e+00	7.154859e-02	6.277771e-01
1.443166e+00	2.562554e+00	6.468500e-02	6.352514e-01
1.659641e+00	2.817798e+00	5.759988e-02	6.434834e-01
1.908588e+00	3.079590e+00	5.171657e-02	6.530652e-01
2.194876e+00	3.360810e+00	4.692962e-02	6.647138e-01
2.524107e+00	3.651167e+00	4.242196e-02	6.792813e-01
2.902723e+00	3.934526e+00	3.723815e-02	6.977998e-01
3.338132e+00	4.234274e+00	3.340902e-02	7.214682e-01
3.838852e+00	4.504574e+00	2.965353e-02	7.516747e-01
4.414679e+00	4.773143e+00	2.679588e-02	7.900016e-01
5.076881e+00	5.027168e+00	2.411651e-02	8.382217e-01
5.838413e+00	5.222385e+00	2.103524e-02	8.983141e-01
6.714175e+00	5.403809e+00	1.884758e-02	9.724709e-01
7.721302e+00	5.510094e+00	1.665159e-02	1.063147e+00
8.879497e+00	5.588824e+00	1.484584e-02	1.173143e+00
1.021142e+01	5.635019e+00	1.310939e-02	1.305735e+00
1.174313e+01	5.620709e+00	1.164712e-02	1.464852e+00
1.350460e+01	5.582223e+00	1.047479e-02	1.655310e+00
1.553030e+01	5.496483e+00	9.215364e-03	1.883094e+00
1.785984e+01	5.386386e+00	8.205605e-03	2.155715e+00
2.053882e+01	5.250532e+00	7.260184e-03	2.482643e+00
2.361964e+01	5.102133e+00	6.586825e-03	2.875855e+00
2.716258e+01	4.936869e+00	5.812461e-03	3.350556e+00
3.123697e+01	4.760000e+00	5.055868e-03	3.925685e+00
3.592252e+01	4.571710e+00	4.514616e-03	4.627282e+00
4.131089e+01	4.364707e+00	3.968513e-03	5.480391e+00
4.750753e+01	4.359461e+00	3.591943e-03	6.577521e+00
5.463366e+01	4.109616e+00	3.158887e-03	7.985664e+00
6.282871e+01	3.851507e+00	2.746180e-03	9.710583e+00
7.225301e+01	3.588954e+00	2.445626e-03	1.186106e+01
8.309096e+01	3.333317e+00	2.139181e-03	1.454490e+01
9.555461e+01	3.083221e+00	1.891628e-03	1.791119e+01
1.098878e+02	2.842844e+00	1.670397e-03	2.215220e+01
1.263710e+02	2.615207e+00	1.478656e-03	2.751203e+01
1.453266e+02	2.397310e+00	1.313052e-03	3.430991e+01
1.671256e+02	2.190845e+00	1.147445e-03	4.295575e+01
1.921945e+02	1.995571e+00	1.011898e-03	5.398048e+01
2.210236e+02	1.812446e+00	9.078041e-04	6.807428e+01
2.541772e+02	1.641887e+00	8.086166e-04	8.612825e+01
2.923037e+02	1.484066e+00	6.945510e-04	1.092946e+02
3.361493e+02	1.338598e+00	6.161718e-04	1.390629e+02
3.865717e+02	1.205192e+00	5.377079e-04	1.773571e+02
4.445574e+02	1.083426e+00	4.814726e-04	2.266589e+02
5.112411e+02	9.727758e-01	4.276487e-04	2.901660e+02
5.879272e+02	8.725755e-01	3.657513e-04	3.719924e+02
6.761163e+02	7.821998e-01	3.246282e-04	4.774231e+02
7.775337e+02	7.008847e-01	2.821709e-04	6.132363e+02
8.941638e+02	6.278553e-01	2.486762e-04	7.881100e+02
1.028288e+03	5.625325e-01	2.165391e-04	1.013133e+03
1.182532e+03	5.043407e-01	1.896207e-04	1.302443e+03
1.359911e+03	4.524771e-01	1.688383e-04	1.674022e+03
1.563898e+03	4.062800e-01	1.460163e-04	2.150681e+03
1.798483e+03	3.653171e-01	1.285976e-04	2.761263e+03
2.068255e+03	3.290429e-01	1.124530e-04	3.542105e+03
2.378493e+03	2.968879e-01	1.009026e-04	4.538801e+03
2.735268e+03	2.684576e-01	8.761959e-05	5.808291e+03
3.145558e+03	2.433941e-01	0.000000e+00	7.421314e+03
3.617391e+03	2.212951e-01	0.000000e+00	9.465247e+03
4.160000e+03	2.018313e-01	0.000000e+00	1.204724e+04
4.784000e+03	1.846726e-01	0.000000e+00	1.529859e+04
5.501600e+03	1.696112e-01	0.000000e+00	1.937895e+04
6.326840e+03	1.564129e-01	0.000000e+00	2.447908e+04
7.275866e+03	1.448996e-01	0.000000e+00	3.082571e+04
8.367246e+03	1.349077e-01	0.000000e+00	3.868591e+04
9.622333e+03	1.262557e-01	0.000000e+00	4.837126e+04
