# Energy_MeV	dEdx_Elec_MeV_um	dEdx_Nucl_MeV_um	Range_um
1.000000e-05	8.100929e-03	8.909329e-02	2.468853e-03
1.150000e-05	8.687279e-03	9.791159e-02	2.647549e-03
1.322500e-05	9.316069e-03	1.077198e-01	2.839180e-03
1.520875e-05	9.990371e-03	1.189993e-01	3.044682e-03
1.749006e-05	5.430641e-03	1.306861e-01	3.265057e-03
2.011357e-05	5.909845e-03	1.438057e-01	3.501384e-03
2.313061e-05	6.422538e-03	1.573692e-01	3.754816e-03
2.660020e-05	6.971268e-03	1.724312e-01	4.026592e-03
3.059023e-05	7.558751e-03	1.897526e-01	4.318039e-03
3.517876e-05	8.187886e-03	2.073705e-01	4.630580e-03
4.045558e-05	8.861772e-03	2.272021e-01	4.965744e-03
4.652391e-05	9.583721e-03	2.480357e-01	5.325168e-03
5.350250e-05	1.035728e-02	2.710059e-01	5.710606e-03
6.152788e-05	1.118623e-02	2.955043e-01	6.123943e-03
7.075706e-05	1.207464e-02	3.208988e-01	6.567197e-03
8.137062e-05	1.302687e-02	3.497432e-01	7.042534e-03
9.357621e-05	1.404757e-02	3.794926e-01	7.552276e-03
1.076126e-04	1.514173e-02	4.116293e-01	8.098914e-03
1.237545e-04	1.631470e-02	4.439510e-01	8.685118e-03
1.423177e-04	1.757223e-02	4.811210e-01	9.313751e-03
1.636654e-04	1.892046e-02	5.211234e-01	9.987886e-03
1.882152e-04	2.036597e-02	5.613179e-01	1.071081e-02
2.164475e-04	2.191584e-02	6.048350e-01	1.148607e-02
2.489146e-04	2.357763e-02	6.473342e-01	1.231744e-02
2.862518e-04	2.535948e-02	6.962084e-01	1.320898e-02
3.291895e-04	2.727008e-02	7.477511e-01	1.416505e-02
3.785680e-04	2.931877e-02	7.987530e-01	1.519033e-02
4.353531e-04	3.151556e-02	8.540140e-01	1.628981e-02
5.006561e-04	3.387119e-02	9.097771e-01	1.746887e-02
5.757545e-04	3.639716e-02	9.668421e-01	1.873328e-02
6.621177e-04	3.910582e-02	1.024562e+00	2.008921e-02
7.614354e-04	4.201039e-02	1.083471e+00	2.154327e-02
8.756507e-04	4.512507e-02	1.145850e+00	2.310259e-02
1.006998e-03	4.846508e-02	1.207302e+00	2.477476e-02
1.158048e-03	5.204673e-02	1.262832e+00	2.656797e-02
1.331755e-03	5.588752e-02	1.321632e+00	2.849098e-02
1.531519e-03	6.000621e-02	1.389251e+00	3.055317e-02
1.761246e-03	6.442293e-02	1.445363e+00	3.276462e-02
2.025433e-03	6.915926e-02	1.506151e+00	3.513615e-02
2.329248e-03	7.423833e-02	1.555832e+00	3.767932e-02
2.678635e-03	7.968495e-02	1.607640e+00	4.040657e-02
3.080431e-03	8.552574e-02	1.667220e+00	4.333122e-02
3.542495e-03	9.178923e-02	1.711930e+00	4.646755e-02
4.073870e-03	9.850602e-02	1.760565e+00	4.983090e-02
4.684950e-03	1.057089e-01	1.801047e+00	5.343769e-02
5.387693e-03	1.134331e-01	1.841258e+00	5.730553e-02
6.195847e-03	1.217164e-01	1.876796e+00	6.142357e-02
7.125224e-03	1.305991e-01	1.904627e+00	6.589093e-02
8.194007e-03	1.401247e-01	1.935778e+00	7.067327e-02
9.423108e-03	1.503398e-01	1.958443e+00	7.578829e-02
1.083657e-02	1.612942e-01	1.978708e+00	8.127373e-02
1.246206e-02	1.730415e-01	1.991507e+00	8.715633e-02
1.433137e-02	1.856390e-01	2.006227e+00	9.346460e-02
1.648108e-02	1.991483e-01	2.017665e+00	1.002295e-01
1.895324e-02	2.136354e-01	2.021457e+00	1.074840e-01
2.179622e-02	2.291710e-01	2.022474e+00	1.152636e-01
2.506566e-02	2.458311e-01	2.016289e+00	1.236064e-01
2.882550e-02	2.636970e-01	2.009175e+00	1.325529e-01
3.314933e-02	2.828561e-01	1.997463e+00	1.421470e-01
3.812173e-02	3.034019e-01	1.978902e+00	1.524356e-01
4.383999e-02	3.254348e-01	1.956321e+00	1.634689e-01
5.041599e-02	3.490624e-01	1.928076e+00	1.753007e-01
5.797838e-02	3.744002e-01	1.894988e+00	1.879889e-01
6.667514e-02	4.015719e-01	1.857068e+00	2.015955e-01
7.667641e-02	4.307103e-01	1.813856e+00	2.161870e-01
8.817787e-02	4.619578e-01	1.765914e+00	2.318346e-01
1.014046e-01	4.954670e-01	1.713500e+00	2.486148e-01
1.166152e-01	5.314016e-01	1.660838e+00	2.666095e-01
1.341075e-01	5.699371e-01	1.602164e+00	2.859067e-01
1.542237e-01	6.112618e-01	1.534688e+00	3.066007e-01
1.773572e-01	6.555777e-01	1.472272e+00	3.287925e-01
2.039608e-01	7.031011e-01	1.402080e+00	3.525905e-01
2.345549e-01	7.540643e-01	1.339954e+00	3.781110e-01
2.697381e-01	8.087163e-01	1.271952e+00	4.054788e-01
3.101989e-01	8.673239e-01	1.193749e+00	4.348275e-01
3.567287e-01	9.301736e-01	1.129030e+00	4.663005e-01
4.102380e-01	9.975724e-01	1.055977e+00	5.000513e-01
4.717737e-01	1.069850e+00	9.909347e-01	5.362451e-01
5.425397e-01	1.147358e+00	9.234103e-01	5.750587e-01
6.239207e-01	1.230477e+00	8.580792e-01	6.166818e-01
7.175088e-01	1.319612e+00	8.019497e-01	6.613174e-01
8.251351e-01	1.415198e+00	7.375622e-01	7.091836e-01
9.489054e-01	1.517703e+00	6.834031e-01	7.605145e-01
1.091241e+00	1.627628e+00	6.303421e-01	8.155610e-01
1.254927e+00	1.745509e+00	5.855810e-01	8.745918e-01
1.443166e+00	1.871922e+00	5.341057e-01	9.378946e-01
1.659641e+00	2.038240e+00	4.899612e-01	1.005781e+00
1.908588e+00	2.236431e+00	4.600729e-01	1.078579e+00
2.194876e+00	2.454804e+00	4.257014e-01	1.156628e+00
2.524107e+00	2.698073e+00	3.861741e-01	1.201360e+00
2.902723e+00	2.968830e+00	3.407177e-01	1.185136e+00
3.338132e+00	3.262841e+00	3.021470e-01	1.168225e+00
3.838852e+00	3.593044e+00	2.739324e-01	1.151429e+00
4.414679e+00	3.953103e+00	2.462659e-01	1.135652e+00
5.076881e+00	4.348302e+00	2.215819e-01	1.121871e+00
5.838413e+00	4.785706e+00	1.999314e-01	1.111108e+00
6.714175e+00	5.242335e+00	1.806701e-01	1.104539e+00
7.721302e+00	5.758329e+00	1.625946e-01	1.103419e+00
8.879497e+00	6.340909e+00	1.452900e-01	1.109120e+00
1.021142e+01	6.979761e+00	1.297961e-01	1.123138e+00
1.174313e+01	7.692308e+00	1.185012e-01	1.147085e+00
1.350460e+01	8.372148e+00	1.066302e-01	1.182675e+00
1.553030e+01	9.072928e+00	9.297853e-02	1.231709e+00
1.785984e+01	9.700128e+00	8.411973e-02	1.296067e+00
2.053882e+01	1.028930e+01	7.422956e-02	1.377721e+00
2.361964e+01	1.089084e+01	6.761532e-02	1.478815e+00
2.716258e+01	1.133210e+01	6.055914e-02	1.601739e+00
3.123697e+01	1.176278e+01	5.245063e-02	1.749285e+00
3.592252e+01	1.211537e+01	4.742176e-02	1.924817e+00
4.131089e+01	1.240319e+01	4.163856e-02	2.132483e+00
4.750753e+01	1.267422e+01	3.730687e-02	2.377458e+00
5.463366e+01	1.283802e+01	3.301280e-02	2.666207e+00
6.282871e+01	1.295875e+01	2.922219e-02	3.006824e+00
7.225301e+01	1.299911e+01	2.633809e-02	3.409377e+00
8.309096e+01	1.302168e+01	2.302136e-02	3.886568e+00
9.555461e+01	1.302643e+01	2.060665e-02	4.454007e+00
1.098878e+02	1.293191e+01	1.834315e-02	5.129861e+00
1.263710e+02	1.245990e+01	1.656984e-02	5.951444e+00
1.453266e+02	1.211826e+01	1.453054e-02	7.011988e+00
1.671256e+02	1.169420e+01	1.274198e-02	8.291453e+00
1.921945e+02	1.121356e+01	1.131658e-02	9.840263e+00
2.210236e+02	1.069862e+01	1.002286e-02	1.172065e+01
2.541772e+02	1.017651e+01	9.031155e-03	1.401930e+01
2.923037e+02	9.645454e+00	7.890692e-03	1.684247e+01
3.361493e+02	9.124052e+00	6.918126e-03	2.032568e+01
3.865717e+02	8.609988e+00	6.126610e-03	2.464137e+01
4.445574e+02	8.093768e+00	5.383065e-03	3.001130e+01
5.112411e+02	7.580233e+00	4.731130e-03	3.671709e+01
5.879272e+02	7.071259e+00	4.189974e-03	4.512345e+01
6.761163e+02	6.573018e+00	3.723340e-03	5.569955e+01
7.775337e+02	6.089373e+00	3.287220e-03	6.904879e+01
8.941638e+02	5.622893e+00	2.886230e-03	8.594969e+01
1.028288e+03	5.175036e+00	2.529264e-03	1.074074e+02
1.182532e+03	4.747827e+00	2.286997e-03	1.347202e+02
1.359911e+03	4.343647e+00	2.025784e-03	1.695642e+02
1.563898e+03	3.962713e+00	1.727073e-03	2.141031e+02
1.798483e+03	3.605828e+00	1.547389e-03	2.711271e+02
2.068255e+03	3.273397e+00	1.340752e-03	3.442296e+02
2.378493e+03	2.965997e+00	1.212419e-03	4.380314e+02
2.735268e+03	2.683644e+00	1.070673e-03	5.584616e+02
3.145558e+03	2.425772e+00	9.119719e-04	7.131098e+02
3.617391e+03	2.191242e+00	8.147439e-04	9.116633e+02
4.160000e+03	1.978142e+00	7.029316e-04	1.166448e+03
4.784000e+03	1.785754e+00	6.231654e-04	1.493093e+03
5.501600e+03	1.613239e+00	5.440825e-04	1.911333e+03
6.326840e+03	1.458857e+00	4.756826e-04	2.445986e+03
7.275866e+03	1.321037e+00	4.234200e-04	3.128112e+03
8.367246e+03	1.198536e+00	3.641609e-04	3.996382e+03
9.622333e+03	1.089822e+00	3.220615e-04	5.098673e+03
