# Energy_MeV	dEdx_Elec_MeV_um	dEdx_Nucl_MeV_um	Range_um
1.000000e-05	9.124532e-03	9.058613e-02	2.191893e-03
1.150000e-05	9.784971e-03	9.991182e-02	2.350544e-03
1.322500e-05	1.049321e-02	1.098493e-01	2.520677e-03
1.520875e-05	1.125272e-02	1.208209e-01	2.703125e-03
1.749006e-05	1.206719e-02	1.334383e-01	2.898779e-03
2.011357e-05	1.294062e-02	1.466179e-01	3.108594e-03
2.313061e-05	1.387727e-02	1.612936e-01	3.333596e-03
2.660020e-05	1.488172e-02	1.766028e-01	3.574883e-03
3.059023e-05	1.595886e-02	1.934514e-01	3.833635e-03
3.517876e-05	8.583257e-03	2.128273e-01	4.111115e-03
4.045558e-05	9.303828e-03	2.327164e-01	4.408680e-03
4.652391e-05	1.007554e-02	2.549002e-01	4.727783e-03
5.350250e-05	1.090219e-02	2.783726e-01	5.069982e-03
6.152788e-05	1.178784e-02	3.042239e-01	5.436950e-03
7.075706e-05	1.273683e-02	3.316281e-01	5.830479e-03
8.137062e-05	1.375383e-02	3.602432e-01	6.252493e-03
9.357621e-05	1.484380e-02	3.925090e-01	6.705051e-03
1.076126e-04	1.601209e-02	4.260628e-01	7.190366e-03
1.237545e-04	1.726441e-02	4.624088e-01	7.710809e-03
1.423177e-04	1.860688e-02	4.985643e-01	8.268921e-03
1.636654e-04	2.004609e-02	5.401431e-01	8.867430e-03
1.882152e-04	2.158905e-02	5.854585e-01	9.509260e-03
2.164475e-04	2.324331e-02	6.304206e-01	1.019754e-02
2.489146e-04	2.501697e-02	6.797805e-01	1.093565e-02
2.862518e-04	2.691868e-02	7.273207e-01	1.172718e-02
3.291895e-04	2.895774e-02	7.819919e-01	1.257600e-02
3.785680e-04	3.114411e-02	8.405078e-01	1.348625e-02
4.353531e-04	3.348849e-02	8.975591e-01	1.446240e-02
5.006561e-04	3.600231e-02	9.601176e-01	1.550919e-02
5.757545e-04	3.869788e-02	1.022495e+00	1.663175e-02
6.621177e-04	4.158835e-02	1.086992e+00	1.783557e-02
7.614354e-04	4.468784e-02	1.152386e+00	1.912652e-02
8.756507e-04	4.801151e-02	1.218282e+00	2.051091e-02
1.006998e-03	5.157559e-02	1.289099e+00	2.199550e-02
1.158048e-03	5.539749e-02	1.357841e+00	2.358754e-02
1.331755e-03	5.949588e-02	1.421300e+00	2.529482e-02
1.531519e-03	6.389079e-02	1.487074e+00	2.712567e-02
1.761246e-03	6.860368e-02	1.562714e+00	2.908904e-02
2.025433e-03	7.365759e-02	1.627168e+00	3.119452e-02
2.329248e-03	7.907720e-02	1.695167e+00	3.345240e-02
2.678635e-03	8.488899e-02	1.752438e+00	3.587370e-02
3.080431e-03	9.112135e-02	1.810392e+00	3.847026e-02
3.542495e-03	9.780473e-02	1.877039e+00	4.125476e-02
4.073870e-03	1.049718e-01	1.928818e+00	4.424080e-02
4.684950e-03	1.126575e-01	1.983222e+00	4.744297e-02
5.387693e-03	1.208995e-01	2.029737e+00	5.087692e-02
6.195847e-03	1.297379e-01	2.075645e+00	5.453130e-02
7.125224e-03	1.392161e-01	2.115398e+00	5.850196e-02
8.194007e-03	1.493802e-01	2.147455e+00	6.274487e-02
9.423108e-03	1.602800e-01	2.182300e+00	6.728635e-02
1.083657e-02	1.719686e-01	2.208650e+00	7.215632e-02
1.246206e-02	1.845032e-01	2.232279e+00	7.737900e-02
1.433137e-02	1.979451e-01	2.246597e+00	8.297958e-02
1.648108e-02	2.123598e-01	2.263063e+00	8.898556e-02
1.895324e-02	2.278178e-01	2.276844e+00	9.542629e-02
2.179622e-02	2.443947e-01	2.281086e+00	1.023332e-01
2.506566e-02	2.621714e-01	2.282935e+00	1.097400e-01
2.882550e-02	2.812347e-01	2.276016e+00	1.176829e-01
3.314933e-02	3.016779e-01	2.268059e+00	1.262008e-01
3.812173e-02	3.236007e-01	2.255530e+00	1.353351e-01
4.383999e-02	3.471102e-01	2.234768e+00	1.451307e-01
5.041599e-02	3.723214e-01	2.209742e+00	1.556352e-01
5.797838e-02	3.993574e-01	2.178147e+00	1.669000e-01
6.667514e-02	4.283502e-01	2.141187e+00	1.789802e-01
7.667641e-02	4.594415e-01	2.098722e+00	1.919348e-01
8.817787e-02	4.927832e-01	2.050384e+00	2.058271e-01
1.014046e-01	5.285381e-01	1.996459e+00	2.207248e-01
1.166152e-01	5.668811e-01	1.937827e+00	2.367008e-01
1.341075e-01	6.079992e-01	1.878288e+00	2.538333e-01
1.542237e-01	6.520936e-01	1.812654e+00	2.722058e-01
1.773572e-01	6.993795e-01	1.737175e+00	2.919081e-01
2.039608e-01	7.500879e-01	1.666241e+00	3.130364e-01
2.345549e-01	8.044667e-01	1.587723e+00	3.356940e-01
2.697381e-01	8.627814e-01	1.516764e+00	3.599916e-01
3.101989e-01	9.253169e-01	1.440696e+00	3.860480e-01
3.567287e-01	9.923788e-01	1.353217e+00	4.139902e-01
4.102380e-01	1.064295e+00	1.279055e+00	4.439548e-01
4.717737e-01	1.141416e+00	1.197337e+00	4.760884e-01
5.425397e-01	1.224119e+00	1.123158e+00	5.105479e-01
6.239207e-01	1.312808e+00	1.046484e+00	5.475016e-01
7.175088e-01	1.407917e+00	9.734037e-01	5.871298e-01
8.251351e-01	1.509910e+00	9.093431e-01	6.296263e-01
9.489054e-01	1.619285e+00	8.373184e-01	6.751990e-01
1.091241e+00	1.736576e+00	7.753135e-01	7.240703e-01
1.254927e+00	1.862358e+00	7.143660e-01	7.764789e-01
1.443166e+00	1.997243e+00	6.642957e-01	8.326801e-01
1.659641e+00	2.182531e+00	6.067148e-01	8.929502e-01
1.908588e+00	2.397440e+00	5.549466e-01	9.575871e-01
2.194876e+00	2.635903e+00	5.215132e-01	1.026862e+00
2.524107e+00	2.899424e+00	4.830647e-01	1.101442e+00
2.902723e+00	3.194851e+00	4.388490e-01	1.150036e+00
3.338132e+00	3.511790e+00	3.880010e-01	1.124634e+00
3.838852e+00	3.867345e+00	3.428720e-01	1.099867e+00
4.414679e+00	4.257450e+00	3.113108e-01	1.076616e+00
5.076881e+00	4.682065e+00	2.795710e-01	1.055806e+00
5.838413e+00	5.156353e+00	2.519592e-01	1.038398e+00
6.714175e+00	5.637453e+00	2.271889e-01	1.025395e+00
7.721302e+00	6.186183e+00	2.051018e-01	1.017891e+00
8.879497e+00	6.808783e+00	1.848824e-01	1.017060e+00
1.021142e+01	7.491222e+00	1.650009e-01	1.024147e+00
1.174313e+01	8.255163e+00	1.476694e-01	1.040471e+00
1.350460e+01	9.039591e+00	1.345270e-01	1.067413e+00
1.553030e+01	9.843799e+00	1.212479e-01	1.106400e+00
1.785984e+01	1.062698e+01	1.059770e-01	1.158906e+00
2.053882e+01	1.135662e+01	9.559307e-02	1.226473e+00
2.361964e+01	1.210661e+01	8.452981e-02	1.310753e+00
2.716258e+01	1.270726e+01	7.677819e-02	1.413611e+00
3.123697e+01	1.327157e+01	6.888507e-02	1.537242e+00
3.592252e+01	1.377630e+01	5.980797e-02	1.684313e+00
4.131089e+01	1.418084e+01	5.390356e-02	1.858135e+00
4.750753e+01	1.457242e+01	4.743440e-02	2.062850e+00
5.463366e+01	1.485353e+01	4.242487e-02	2.303652e+00
6.282871e+01	1.505987e+01	3.751349e-02	2.587038e+00
7.225301e+01	1.519157e+01	3.320580e-02	2.921075e+00
8.309096e+01	1.530400e+01	2.994504e-02	3.315879e+00
9.555461e+01	1.539054e+01	2.623492e-02	3.784223e+00
1.098878e+02	1.536702e+01	2.343913e-02	4.339026e+00
1.263710e+02	1.462519e+01	2.081955e-02	5.017703e+00
1.453266e+02	1.428791e+01	1.883591e-02	5.890450e+00
1.671256e+02	1.385090e+01	1.655472e-02	6.931056e+00
1.921945e+02	1.333586e+01	1.447506e-02	8.188551e+00
2.210236e+02	1.278100e+01	1.288059e-02	9.708585e+00
2.541772e+02	1.221139e+01	1.137750e-02	1.155925e+01
2.923037e+02	1.162861e+01	1.026817e-02	1.382338e+01
3.361493e+02	1.105699e+01	8.992431e-03	1.660541e+01
3.865717e+02	1.048474e+01	7.860256e-03	2.003878e+01
4.445574e+02	9.905011e+00	6.974857e-03	2.429381e+01
5.112411e+02	9.321833e+00	6.118542e-03	2.958661e+01
5.879272e+02	8.738541e+00	5.389279e-03	3.619653e+01
6.761163e+02	8.162304e+00	4.767886e-03	4.448167e+01
7.775337e+02	7.598343e+00	4.231068e-03	5.490183e+01
8.941638e+02	7.049399e+00	3.743219e-03	6.804928e+01
1.028288e+03	6.517771e+00	3.281062e-03	8.468760e+01
1.182532e+03	6.006468e+00	2.881756e-03	1.058018e+02
1.359911e+03	5.518643e+00	2.598417e-03	1.326627e+02
1.563898e+03	5.054486e+00	2.306222e-03	1.669098e+02
1.798483e+03	4.616681e+00	1.970197e-03	2.106565e+02
2.068255e+03	4.206386e+00	1.760084e-03	2.666247e+02
2.378493e+03	3.824788e+00	1.528937e-03	3.383148e+02
2.735268e+03	3.471936e+00	1.377731e-03	4.302198e+02
3.145558e+03	3.147059e+00	1.219172e-03	5.480932e+02
3.617391e+03	2.849627e+00	1.036829e-03	6.992818e+02
4.160000e+03	2.578503e+00	9.269338e-04	8.931375e+02
4.784000e+03	2.332677e+00	8.018593e-04	1.141521e+03
5.501600e+03	2.110931e+00	7.093634e-04	1.459413e+03
6.326840e+03	1.911926e+00	6.187515e-04	1.865653e+03
7.275866e+03	1.734004e+00	5.403189e-04	2.383811e+03
8.367246e+03	1.575266e+00	4.818573e-04	3.043221e+03
9.622333e+03	1.433826e+00	4.146264e-04	3.880180e+03
