# Energy_MeV	dEdx_Elec_MeV_um	dEdx_Nucl_MeV_um	Range_um
1.000000e-05	9.455164e-03	6.288004e-02	2.115246e-03
1.150000e-05	1.013953e-02	6.980090e-02	2.268349e-03
1.322500e-05	1.087344e-02	7.765447e-02	2.432533e-03
1.520875e-05	1.166046e-02	8.591530e-02	2.608601e-03
1.749006e-05	1.250445e-02	9.535981e-02	2.797413e-03
2.011357e-05	1.340953e-02	1.054256e-01	2.999891e-03
2.313061e-05	1.438012e-02	1.166759e-01	3.217025e-03
2.660020e-05	1.542096e-02	1.290508e-01	3.449875e-03
3.059023e-05	1.653714e-02	1.423608e-01	3.699579e-03
3.517876e-05	1.773411e-02	1.575162e-01	3.967356e-03
4.045558e-05	1.901771e-02	1.736356e-01	4.254516e-03
4.652391e-05	2.039422e-02	1.910863e-01	4.562460e-03
5.350250e-05	2.187037e-02	2.100507e-01	4.892693e-03
6.152788e-05	2.345336e-02	2.318598e-01	5.246829e-03
7.075706e-05	2.515092e-02	2.550395e-01	5.626597e-03
8.137062e-05	2.697136e-02	2.804063e-01	6.033853e-03
9.357621e-05	2.892356e-02	3.073801e-01	6.470587e-03
1.076126e-04	3.101707e-02	3.365028e-01	6.938931e-03
1.237545e-04	3.326210e-02	3.699939e-01	7.441175e-03
1.423177e-04	3.566963e-02	4.050507e-01	7.979771e-03
1.636654e-04	3.825141e-02	4.433953e-01	8.557351e-03
1.882152e-04	4.102007e-02	4.845943e-01	9.176736e-03
2.164475e-04	4.398912e-02	5.298545e-01	9.840953e-03
2.489146e-04	4.717308e-02	5.772314e-01	1.055325e-02
2.862518e-04	5.058749e-02	6.274723e-01	1.131710e-02
3.291895e-04	5.424904e-02	6.832434e-01	1.213623e-02
3.785680e-04	5.817562e-02	7.422728e-01	1.301466e-02
4.353531e-04	6.238640e-02	8.065826e-01	1.395667e-02
5.006561e-04	6.690196e-02	8.690773e-01	1.496686e-02
5.757545e-04	7.174436e-02	9.409461e-01	1.605017e-02
6.621177e-04	7.693725e-02	1.021398e+00	1.721189e-02
7.614354e-04	8.250601e-02	1.099115e+00	1.845769e-02
8.756507e-04	8.847784e-02	1.186981e+00	1.979367e-02
1.006998e-03	9.488191e-02	1.269154e+00	2.122635e-02
1.158048e-03	1.017495e-01	1.363653e+00	2.276272e-02
1.331755e-03	1.091142e-01	1.468012e+00	2.441030e-02
1.531519e-03	1.170119e-01	1.566625e+00	2.617713e-02
1.761246e-03	1.254813e-01	1.677534e+00	2.807185e-02
2.025433e-03	1.345637e-01	1.785353e+00	3.010370e-02
2.329248e-03	1.443035e-01	1.899316e+00	3.228262e-02
2.678635e-03	1.547483e-01	2.015444e+00	3.461926e-02
3.080431e-03	1.659491e-01	2.129345e+00	3.712502e-02
3.542495e-03	1.779605e-01	2.255641e+00	3.981215e-02
4.073870e-03	1.908414e-01	2.374461e+00	4.269377e-02
4.684950e-03	2.046546e-01	2.489169e+00	4.578397e-02
5.387693e-03	2.194676e-01	2.602859e+00	4.909784e-02
6.195847e-03	2.353528e-01	2.733602e+00	5.265156e-02
7.125224e-03	2.523878e-01	2.851320e+00	5.646251e-02
8.194007e-03	2.706557e-01	2.968856e+00	6.054930e-02
9.423108e-03	2.902459e-01	3.074198e+00	6.493189e-02
1.083657e-02	3.112541e-01	3.174371e+00	6.963169e-02
1.246206e-02	3.337828e-01	3.289569e+00	7.465489e-02
1.433137e-02	3.579422e-01	3.385677e+00	8.006283e-02
1.648108e-02	3.838503e-01	3.479714e+00	8.587529e-02
1.895324e-02	4.116335e-01	3.564717e+00	9.208966e-02
2.179622e-02	4.414278e-01	3.647542e+00	9.875542e-02
2.506566e-02	4.733786e-01	3.716255e+00	1.059033e-01
2.882550e-02	5.076420e-01	3.775116e+00	1.135684e-01
3.314933e-02	5.443854e-01	3.835346e+00	1.217884e-01
3.812173e-02	5.837883e-01	3.884623e+00	1.306034e-01
4.383999e-02	6.260432e-01	3.929056e+00	1.400563e-01
5.041599e-02	6.713565e-01	3.953805e+00	1.501935e-01
5.797838e-02	7.199496e-01	3.982266e+00	1.610645e-01
6.667514e-02	7.720600e-01	4.009776e+00	1.727223e-01
7.667641e-02	8.279421e-01	4.017108e+00	1.852238e-01
8.817787e-02	8.878690e-01	4.022963e+00	1.986302e-01
1.014046e-01	9.521334e-01	4.011003e+00	2.130071e-01
1.166152e-01	1.021049e+00	3.997250e+00	2.284245e-01
1.341075e-01	1.094953e+00	3.977736e+00	2.449578e-01
1.542237e-01	1.174207e+00	3.941849e+00	2.626878e-01
1.773572e-01	1.259196e+00	3.899464e+00	2.817011e-01
2.039608e-01	1.350338e+00	3.844852e+00	3.020907e-01
2.345549e-01	1.448076e+00	3.781167e+00	3.239561e-01
2.697381e-01	1.552888e+00	3.707587e+00	3.474039e-01
3.101989e-01	1.665287e+00	3.624035e+00	3.725490e-01
3.567287e-01	1.785822e+00	3.529714e+00	3.995142e-01
4.102380e-01	1.915080e+00	3.428370e+00	4.284312e-01
4.717737e-01	2.053695e+00	3.323095e+00	4.594411e-01
5.425397e-01	2.202342e+00	3.209647e+00	4.926954e-01
6.239207e-01	2.361749e+00	3.079183e+00	5.283568e-01
7.175088e-01	2.532694e+00	2.952407e+00	5.665995e-01
8.251351e-01	2.716011e+00	2.816689e+00	6.076102e-01
9.489054e-01	2.912598e+00	2.688561e+00	6.515891e-01
1.091241e+00	3.123413e+00	2.557077e+00	6.987512e-01
1.254927e+00	3.349487e+00	2.405871e+00	7.493271e-01
1.443166e+00	3.591925e+00	2.271075e+00	8.035638e-01
1.659641e+00	3.851911e+00	2.129826e+00	8.617260e-01
1.908588e+00	4.130714e+00	1.996291e+00	9.240978e-01
2.194876e+00	4.429697e+00	1.859494e+00	9.909842e-01
2.524107e+00	4.750321e+00	1.733175e+00	1.062712e+00
2.902723e+00	5.094152e+00	1.617685e+00	1.139632e+00
3.338132e+00	2.752167e+00	1.493191e+00	1.222121e+00
3.838852e+00	3.024581e+00	1.380699e+00	1.310571e+00
4.414679e+00	3.325594e+00	1.269395e+00	1.405442e+00
5.076881e+00	3.664973e+00	1.182849e+00	1.507184e+00
5.838413e+00	4.039733e+00	1.083321e+00	1.618381e+00
6.714175e+00	4.451070e+00	9.849115e-01	1.741747e+00
7.721302e+00	4.912376e+00	9.271220e-01	1.879322e+00
8.879497e+00	5.402601e+00	8.606640e-01	2.033931e+00
1.021142e+01	5.946054e+00	7.842374e-01	2.209197e+00
1.174313e+01	6.530619e+00	6.963467e-01	2.322535e+00
1.350460e+01	7.129604e+00	6.109254e-01	2.186952e+00
1.553030e+01	7.783402e+00	5.563720e-01	2.074211e+00
1.785984e+01	8.503804e+00	4.985498e-01	1.983894e+00
2.053882e+01	9.283511e+00	4.508229e-01	1.915753e+00
2.361964e+01	1.010376e+01	4.059442e-01	1.869705e+00
2.716258e+01	1.096687e+01	3.657430e-01	1.845814e+00
3.123697e+01	1.192687e+01	3.307938e-01	1.844228e+00
3.592252e+01	1.298555e+01	2.944687e-01	1.865234e+00
4.131089e+01	1.416732e+01	2.645111e-01	1.909219e+00
4.750753e+01	1.548220e+01	2.398959e-01	1.976716e+00
5.463366e+01	1.676315e+01	2.169430e-01	2.068511e+00
6.282871e+01	1.811500e+01	1.905473e-01	2.185763e+00
7.225301e+01	1.932451e+01	1.708251e-01	2.330156e+00
8.309096e+01	2.051081e+01	1.517023e-01	2.504046e+00
9.555461e+01	2.167452e+01	1.369843e-01	2.710624e+00
1.098878e+02	2.262922e+01	1.233411e-01	2.954062e+00
1.263710e+02	2.355607e+01	1.076513e-01	3.239737e+00
1.453266e+02	2.421305e+01	9.637660e-02	3.574391e+00
1.671256e+02	2.490513e+01	8.519470e-02	3.966566e+00
1.921945e+02	2.565184e+01	7.592229e-02	4.426229e+00
2.210236e+02	2.612451e+01	6.702925e-02	4.967057e+00
2.541772e+02	2.545731e+01	5.958343e-02	5.606025e+00
2.923037e+02	2.551865e+01	5.356570e-02	6.424330e+00
3.361493e+02	2.532875e+01	4.715277e-02	7.409371e+00
3.865717e+02	2.494262e+01	4.196632e-02	8.567975e+00
4.445574e+02	2.437337e+01	3.711084e-02	9.945150e+00
5.112411e+02	2.375576e+01	3.368212e-02	1.159065e+01
5.879272e+02	2.307195e+01	2.973909e-02	1.356592e+01
6.761163e+02	2.236465e+01	2.584919e-02	1.594870e+01
7.775337e+02	2.168308e+01	2.309315e-02	1.883438e+01
8.941638e+02	2.093408e+01	2.028596e-02	2.234465e+01
1.028288e+03	2.013676e+01	1.836848e-02	2.663035e+01
1.182532e+03	1.929111e+01	1.616338e-02	3.188382e+01
1.359911e+03	1.841444e+01	1.404095e-02	3.834924e+01
1.563898e+03	1.751661e+01	1.251054e-02	4.633559e+01
1.798483e+03	1.660812e+01	1.093851e-02	5.623624e+01
2.068255e+03	1.568876e+01	9.677980e-03	6.855320e+01
2.378493e+03	1.476754e+01	8.543888e-03	8.392816e+01
2.735268e+03	1.385120e+01	7.560529e-03	1.031825e+02
3.145558e+03	1.294259e+01	6.717283e-03	1.273690e+02
3.617391e+03	1.205210e+01	5.867578e-03	1.578377e+02
4.160000e+03	1.119060e+01	5.177379e-03	1.963212e+02
4.784000e+03	1.036171e+01	4.641502e-03	2.450424e+02
5.501600e+03	9.567809e+00	4.136443e-03	3.068521e+02
6.326840e+03	8.812769e+00	3.555625e-03	3.854022e+02
7.275866e+03	8.100990e+00	3.151317e-03	4.853638e+02
8.367246e+03	7.432816e+00	2.751782e-03	6.126982e+02
9.622333e+03	6.808987e+00	2.461814e-03	7.749929e+02
