# Energy_MeV	dEdx_Elec_MeV_um	dEdx_Nucl_MeV_um	Range_um
1.000000e-05	9.486375e-03	8.676523e-02	2.108287e-03
1.150000e-05	1.017300e-02	9.588518e-02	2.260886e-03
1.322500e-05	1.090933e-02	1.058688e-01	2.424530e-03
1.520875e-05	1.169895e-02	1.169138e-01	2.600019e-03
1.749006e-05	1.254573e-02	1.282696e-01	2.788210e-03
2.011357e-05	1.345380e-02	1.412640e-01	2.990022e-03
2.313061e-05	1.442759e-02	1.561002e-01	3.206441e-03
2.660020e-05	1.547187e-02	1.712144e-01	3.438525e-03
3.059023e-05	1.659173e-02	1.885957e-01	3.687407e-03
3.517876e-05	1.779265e-02	2.059539e-01	3.954304e-03
4.045558e-05	9.644306e-03	2.259087e-01	4.240518e-03
4.652391e-05	1.044952e-02	2.485407e-01	4.547449e-03
5.350250e-05	1.131196e-02	2.713874e-01	4.876596e-03
6.152788e-05	1.223588e-02	2.975463e-01	5.229566e-03
7.075706e-05	1.322580e-02	3.245135e-01	5.608085e-03
8.137062e-05	1.428658e-02	3.542464e-01	6.014001e-03
9.357621e-05	1.542342e-02	3.861855e-01	6.449298e-03
1.076126e-04	1.664189e-02	4.194154e-01	6.916102e-03
1.237545e-04	1.794796e-02	4.572386e-01	7.416693e-03
1.423177e-04	1.934800e-02	4.958106e-01	7.953517e-03
1.636654e-04	2.084888e-02	5.366119e-01	8.529197e-03
1.882152e-04	2.245792e-02	5.794331e-01	9.146544e-03
2.164475e-04	2.418300e-02	6.286775e-01	9.808576e-03
2.489146e-04	2.603254e-02	6.791365e-01	1.051853e-02
2.862518e-04	2.801559e-02	7.323879e-01	1.127986e-02
3.291895e-04	3.014185e-02	7.869985e-01	1.209631e-02
3.785680e-04	3.242169e-02	8.433033e-01	1.297184e-02
4.353531e-04	3.486626e-02	9.080539e-01	1.391075e-02
5.006561e-04	3.748750e-02	9.725010e-01	1.491762e-02
5.757545e-04	4.029823e-02	1.040070e+00	1.599736e-02
6.621177e-04	4.331217e-02	1.109965e+00	1.715526e-02
7.614354e-04	4.654405e-02	1.183843e+00	1.839697e-02
8.756507e-04	5.000966e-02	1.256483e+00	1.972855e-02
1.006998e-03	5.372594e-02	1.329256e+00	2.115651e-02
1.158048e-03	5.771103e-02	1.407301e+00	2.268783e-02
1.331755e-03	6.198442e-02	1.485298e+00	2.432999e-02
1.531519e-03	6.656696e-02	1.566547e+00	2.609101e-02
1.761246e-03	7.148107e-02	1.634287e+00	2.797949e-02
2.025433e-03	7.675073e-02	1.712187e+00	3.000466e-02
2.329248e-03	8.240170e-02	1.798544e+00	3.217641e-02
2.678635e-03	8.846158e-02	1.868575e+00	3.450536e-02
3.080431e-03	9.495997e-02	1.947661e+00	3.700287e-02
3.542495e-03	1.019286e-01	2.007346e+00	3.968116e-02
4.073870e-03	1.094016e-01	2.075985e+00	4.255330e-02
4.684950e-03	1.174154e-01	2.150231e+00	4.563334e-02
5.387693e-03	1.260092e-01	2.206261e+00	4.893630e-02
6.195847e-03	1.352249e-01	2.268741e+00	5.247834e-02
7.125224e-03	1.451075e-01	2.318830e+00	5.625553e-02
8.194007e-03	1.557055e-01	2.367956e+00	6.035014e-02
9.423108e-03	1.670704e-01	2.411901e+00	6.471942e-02
1.083657e-02	1.792580e-01	2.447787e+00	6.940433e-02
1.246206e-02	1.923276e-01	2.486736e+00	7.442753e-02
1.433137e-02	2.063431e-01	2.514629e+00	7.981455e-02
1.648108e-02	2.213731e-01	2.537188e+00	8.559144e-02
1.895324e-02	2.374909e-01	2.554145e+00	9.178650e-02
2.179622e-02	2.547752e-01	2.573647e+00	9.842996e-02
2.506566e-02	2.733106e-01	2.584392e+00	1.055543e-01
2.882550e-02	2.931876e-01	2.589416e+00	1.131942e-01
3.314933e-02	3.145032e-01	2.587589e+00	1.213871e-01
3.812173e-02	3.373616e-01	2.579394e+00	1.301731e-01
4.383999e-02	3.618746e-01	2.569970e+00	1.395950e-01
5.041599e-02	3.881617e-01	2.551893e+00	1.496988e-01
5.797838e-02	4.163515e-01	2.527304e+00	1.605340e-01
6.667514e-02	4.465817e-01	2.496344e+00	1.721534e-01
7.667641e-02	4.789999e-01	2.458909e+00	1.846139e-01
8.817787e-02	5.137646e-01	2.414851e+00	1.979762e-01
1.014046e-01	5.510456e-01	2.364827e+00	2.123057e-01
1.166152e-01	5.910249e-01	2.307577e+00	2.276723e-01
1.341075e-01	6.338980e-01	2.245389e+00	2.441513e-01
1.542237e-01	6.798742e-01	2.176594e+00	2.618230e-01
1.773572e-01	7.291781e-01	2.108999e+00	2.807738e-01
2.039608e-01	7.820508e-01	2.031265e+00	3.010962e-01
2.345549e-01	8.387503e-01	1.945018e+00	3.228895e-01
2.697381e-01	8.995538e-01	1.864154e+00	3.462604e-01
3.101989e-01	9.647583e-01	1.773736e+00	3.713229e-01
3.567287e-01	1.034682e+00	1.695395e+00	3.981993e-01
4.102380e-01	1.109667e+00	1.605302e+00	4.270209e-01
4.717737e-01	1.190080e+00	1.508004e+00	4.579288e-01
5.425397e-01	1.276313e+00	1.423844e+00	4.910740e-01
6.239207e-01	1.368787e+00	1.330612e+00	5.266181e-01
7.175088e-01	1.467955e+00	1.247241e+00	5.647347e-01
8.251351e-01	1.574301e+00	1.162876e+00	6.056103e-01
9.489054e-01	1.688344e+00	1.081824e+00	6.494447e-01
1.091241e+00	1.810641e+00	1.007647e+00	6.964519e-01
1.254927e+00	1.941790e+00	9.269529e-01	7.468613e-01
1.443166e+00	2.082432e+00	8.569422e-01	8.009193e-01
1.659641e+00	2.236525e+00	7.937584e-01	8.588900e-01
1.908588e+00	2.443061e+00	7.344570e-01	9.210551e-01
2.194876e+00	2.674940e+00	6.662603e-01	9.877357e-01
2.524107e+00	2.934068e+00	6.184392e-01	1.059167e+00
2.902723e+00	3.214881e+00	5.788419e-01	1.136347e+00
3.338132e+00	3.529066e+00	5.333051e-01	1.221589e+00
3.838852e+00	3.865624e+00	4.809376e-01	1.256770e+00
4.414679e+00	4.237400e+00	4.207151e-01	1.219157e+00
5.076881e+00	4.649035e+00	3.784728e-01	1.184168e+00
5.838413e+00	5.087182e+00	3.410929e-01	1.152785e+00
6.714175e+00	5.570298e+00	3.079745e-01	1.125994e+00
7.721302e+00	6.067487e+00	2.759305e-01	1.104810e+00
8.879497e+00	6.631005e+00	2.490531e-01	1.090296e+00
1.021142e+01	7.272203e+00	2.259519e-01	1.083529e+00
1.174313e+01	7.959093e+00	2.020048e-01	1.085739e+00
1.350460e+01	8.729330e+00	1.814201e-01	1.098136e+00
1.553030e+01	9.572115e+00	1.618728e-01	1.121983e+00
1.785984e+01	1.042008e+01	1.481970e-01	1.158572e+00
2.053882e+01	1.131635e+01	1.324697e-01	1.209221e+00
2.361964e+01	1.213147e+01	1.161592e-01	1.275308e+00
2.716258e+01	1.296047e+01	1.047654e-01	1.358325e+00
3.123697e+01	1.368865e+01	9.260440e-02	1.459974e+00
3.592252e+01	1.431816e+01	8.447542e-02	1.582287e+00
4.131089e+01	1.492978e+01	7.512710e-02	1.727783e+00
4.750753e+01	1.538947e+01	6.566136e-02	1.899610e+00
5.463366e+01	1.582706e+01	5.899890e-02	2.101735e+00
6.282871e+01	1.617534e+01	5.189720e-02	2.339133e+00
7.225301e+01	1.638403e+01	4.633097e-02	2.618035e+00
8.309096e+01	1.654707e+01	4.112422e-02	2.946187e+00
9.555461e+01	1.668747e+01	3.655795e-02	3.333111e+00
1.098878e+02	1.676826e+01	3.273696e-02	3.791659e+00
1.263710e+02	1.675312e+01	2.873688e-02	4.332022e+00
1.453266e+02	1.664920e+01	2.556646e-02	5.002945e+00
1.671256e+02	1.632077e+01	2.295890e-02	5.856276e+00
1.921945e+02	1.588088e+01	2.060955e-02	6.863347e+00
2.210236e+02	1.533728e+01	1.790779e-02	8.078424e+00
2.541772e+02	1.475709e+01	1.589083e-02	9.543085e+00
2.923037e+02	1.415195e+01	1.400240e-02	1.132062e+01
3.361493e+02	1.353140e+01	1.253820e-02	1.348897e+01
3.865717e+02	1.292527e+01	1.122434e-02	1.614473e+01
4.445574e+02	1.230725e+01	9.713409e-03	1.941223e+01
5.112411e+02	1.167534e+01	8.622540e-03	2.344868e+01
5.879272e+02	1.103254e+01	7.573907e-03	2.845391e+01
6.761163e+02	1.038498e+01	6.698589e-03	3.468557e+01
7.775337e+02	9.740115e+00	5.868589e-03	4.247276e+01
8.941638e+02	9.104806e+00	5.189613e-03	5.223754e+01
1.028288e+03	8.481083e+00	4.637652e-03	6.452263e+01
1.182532e+03	7.872515e+00	4.059861e-03	8.002672e+01
1.359911e+03	7.283205e+00	3.589370e-03	9.964997e+01
1.563898e+03	6.716608e+00	3.151502e-03	1.245525e+02
1.798483e+03	6.172648e+00	2.850576e-03	1.562297e+02
2.068255e+03	5.657210e+00	2.504510e-03	1.966082e+02
2.378493e+03	5.171978e+00	2.157887e-03	2.481680e+02
2.735268e+03	4.718515e+00	1.919834e-03	3.140979e+02
3.145558e+03	4.296346e+00	1.673520e-03	3.984904e+02
3.617391e+03	3.904495e+00	1.510223e-03	5.065859e+02
4.160000e+03	3.543963e+00	1.322431e-03	6.450762e+02
4.784000e+03	3.214644e+00	1.138765e-03	8.224796e+02
5.501600e+03	2.914533e+00	1.009953e-03	1.049600e+03
6.326840e+03	2.642339e+00	8.759943e-04	1.340079e+03
7.275866e+03	2.397720e+00	7.707386e-04	1.711069e+03
8.367246e+03	2.178594e+00	6.755634e-04	2.184016e+03
9.622333e+03	1.982167e+00	5.935177e-04	2.785591e+03
