# Energy_MeV	dEdx_Elec_MeV_um	dEdx_Nucl_MeV_um	Range_um
1.000000e-05	1.013159e-02	5.728669e-02	1.974024e-03
1.150000e-05	1.086492e-02	6.361725e-02	2.116905e-03
1.322500e-05	1.165133e-02	7.067566e-02	2.270127e-03
1.520875e-05	1.249466e-02	7.823865e-02	2.434440e-03
1.749006e-05	1.339903e-02	8.693608e-02	2.610646e-03
2.011357e-05	1.436886e-02	9.653260e-02	2.799606e-03
2.313061e-05	1.540888e-02	1.069140e-01	3.002243e-03
2.660020e-05	1.652419e-02	1.185177e-01	3.219547e-03
3.059023e-05	1.772022e-02	1.311674e-01	3.452580e-03
3.517876e-05	1.900281e-02	1.450830e-01	3.702479e-03
4.045558e-05	2.037825e-02	1.602932e-01	3.970467e-03
4.652391e-05	2.185324e-02	1.770198e-01	4.257851e-03
5.350250e-05	2.343498e-02	1.956105e-01	4.566037e-03
6.152788e-05	2.513122e-02	2.158677e-01	4.896529e-03
7.075706e-05	2.695023e-02	2.371153e-01	5.250942e-03
8.137062e-05	1.453390e-02	2.609479e-01	5.631008e-03
9.357621e-05	1.569904e-02	2.883553e-01	6.038584e-03
1.076126e-04	1.694773e-02	3.164909e-01	6.475660e-03
1.237545e-04	1.828608e-02	3.483694e-01	6.944371e-03
1.423177e-04	1.972065e-02	3.809911e-01	7.447008e-03
1.636654e-04	2.125846e-02	4.175895e-01	7.986027e-03
1.882152e-04	2.290702e-02	4.596777e-01	8.564060e-03
2.164475e-04	2.467440e-02	5.020418e-01	9.183931e-03
2.489146e-04	2.656923e-02	5.502294e-01	9.848669e-03
2.862518e-04	2.860079e-02	6.004408e-01	1.056152e-02
3.291895e-04	3.077899e-02	6.558712e-01	1.132597e-02
3.785680e-04	3.311449e-02	7.153985e-01	1.214575e-02
4.353531e-04	3.561869e-02	7.765921e-01	1.302486e-02
5.006561e-04	3.830384e-02	8.466796e-01	1.396761e-02
5.757545e-04	4.118305e-02	9.182895e-01	1.497859e-02
6.621177e-04	4.427040e-02	9.954026e-01	1.606275e-02
7.614354e-04	4.758096e-02	1.073939e+00	1.722538e-02
8.756507e-04	5.113091e-02	1.164257e+00	1.847217e-02
1.006998e-03	5.493760e-02	1.260063e+00	1.980919e-02
1.158048e-03	5.901962e-02	1.357730e+00	2.124299e-02
1.331755e-03	6.339692e-02	1.461800e+00	2.278057e-02
1.531519e-03	6.809088e-02	1.565066e+00	2.442944e-02
1.761246e-03	7.312444e-02	1.683823e+00	2.619765e-02
2.025433e-03	7.852218e-02	1.806957e+00	2.809385e-02
2.329248e-03	8.431047e-02	1.930883e+00	3.012730e-02
2.678635e-03	9.051760e-02	2.063338e+00	3.230793e-02
3.080431e-03	9.717389e-02	2.198834e+00	3.464640e-02
3.542495e-03	1.043119e-01	2.335867e+00	3.715412e-02
4.073870e-03	1.119664e-01	2.474089e+00	3.984336e-02
4.684950e-03	1.201748e-01	2.617229e+00	4.272724e-02
5.387693e-03	1.289773e-01	2.766249e+00	4.581986e-02
6.195847e-03	1.384169e-01	2.915570e+00	4.913633e-02
7.125224e-03	1.485396e-01	3.047209e+00	5.269284e-02
8.194007e-03	1.593949e-01	3.190082e+00	5.650678e-02
9.423108e-03	1.710359e-01	3.354387e+00	6.059677e-02
1.083657e-02	1.835194e-01	3.486593e+00	6.498279e-02
1.246206e-02	1.969064e-01	3.634299e+00	6.968628e-02
1.433137e-02	2.112624e-01	3.750854e+00	7.473021e-02
1.648108e-02	2.266573e-01	3.876741e+00	8.012961e-02
1.895324e-02	2.431665e-01	4.021511e+00	8.594282e-02
2.179622e-02	2.608706e-01	4.125817e+00	9.216166e-02
2.506566e-02	2.798561e-01	4.243993e+00	9.883294e-02
2.882550e-02	3.002158e-01	4.339341e+00	1.059863e-01
3.314933e-02	3.220490e-01	4.434770e+00	1.136575e-01
3.812173e-02	3.454625e-01	4.520668e+00	1.218839e-01
4.383999e-02	3.705707e-01	4.586486e+00	1.307058e-01
5.041599e-02	3.974962e-01	4.662176e+00	1.401661e-01
5.797838e-02	4.263705e-01	4.714803e+00	1.503113e-01
6.667514e-02	4.573348e-01	4.761690e+00	1.611908e-01
7.667641e-02	4.905402e-01	4.792791e+00	1.728577e-01
8.817787e-02	5.261491e-01	4.828558e+00	1.853691e-01
1.014046e-01	5.643353e-01	4.853930e+00	1.987860e-01
1.166152e-01	6.052855e-01	4.863144e+00	2.131741e-01
1.341075e-01	6.491996e-01	4.863874e+00	2.286036e-01
1.542237e-01	6.962922e-01	4.848844e+00	2.451499e-01
1.773572e-01	7.467934e-01	4.831560e+00	2.628938e-01
2.039608e-01	8.009499e-01	4.801695e+00	2.819220e-01
2.345549e-01	8.590263e-01	4.756596e+00	3.023275e-01
2.697381e-01	9.213062e-01	4.701154e+00	3.242101e-01
3.101989e-01	9.880940e-01	4.632524e+00	3.476764e-01
3.567287e-01	1.059716e+00	4.551996e+00	3.728411e-01
4.102380e-01	1.136522e+00	4.459973e+00	3.998274e-01
4.717737e-01	1.218887e+00	4.354973e+00	4.287671e-01
5.425397e-01	1.307214e+00	4.239211e+00	4.598014e-01
6.239207e-01	1.401934e+00	4.111852e+00	4.930818e-01
7.175088e-01	1.503510e+00	3.985440e+00	5.287710e-01
8.251351e-01	1.612437e+00	3.842870e+00	5.670437e-01
9.489054e-01	1.729250e+00	3.678915e+00	6.080866e-01
1.091241e+00	1.854517e+00	3.529984e+00	6.521001e-01
1.254927e+00	1.988851e+00	3.359428e+00	6.992991e-01
1.443166e+00	2.132908e+00	3.212063e+00	7.499145e-01
1.659641e+00	2.287392e+00	3.046827e+00	8.041937e-01
1.908588e+00	2.453058e+00	2.858235e+00	8.624017e-01
2.194876e+00	2.630714e+00	2.703880e+00	9.248225e-01
2.524107e+00	2.821230e+00	2.526373e+00	9.917612e-01
2.902723e+00	3.025535e+00	2.371816e+00	1.063545e+00
3.338132e+00	3.244628e+00	2.210539e+00	1.140525e+00
3.838852e+00	3.499805e+00	2.054575e+00	1.223079e+00
4.414679e+00	3.813666e+00	1.918530e+00	1.311597e+00
5.076881e+00	4.159607e+00	1.762370e+00	1.406555e+00
5.838413e+00	4.549143e+00	1.633966e+00	1.508312e+00
6.714175e+00	4.972423e+00	1.508940e+00	1.619199e+00
7.721302e+00	5.439695e+00	1.400178e+00	1.742138e+00
8.879497e+00	5.957832e+00	1.275101e+00	1.879111e+00
1.021142e+01	6.514573e+00	1.173689e+00	2.032901e+00
1.174313e+01	7.134106e+00	1.101065e+00	2.207040e+00
1.350460e+01	7.792964e+00	1.017548e+00	2.406158e+00
1.553030e+01	8.477929e+00	9.215026e-01	2.636325e+00
1.785984e+01	9.209181e+00	8.110507e-01	2.758973e+00
2.053882e+01	1.001250e+01	7.221917e-01	2.561469e+00
2.361964e+01	1.089215e+01	6.536346e-01	2.406408e+00
2.716258e+01	1.179294e+01	5.883496e-01	2.289540e+00
3.123697e+01	1.272337e+01	5.283713e-01	2.207557e+00
3.592252e+01	1.372929e+01	4.771166e-01	2.157890e+00
4.131089e+01	1.476316e+01	4.316413e-01	2.138550e+00
4.750753e+01	1.594230e+01	3.877208e-01	2.148034e+00
5.463366e+01	1.728066e+01	3.469581e-01	2.185228e+00
6.282871e+01	1.872384e+01	3.093105e-01	2.249652e+00
7.225301e+01	2.032201e+01	2.831104e-01	2.341265e+00
8.309096e+01	2.181271e+01	2.542656e-01	2.460693e+00
9.555461e+01	2.335514e+01	2.216284e-01	2.609309e+00
1.098878e+02	2.485411e+01	2.007314e-01	2.789348e+00
1.263710e+02	2.618150e+01	1.766998e-01	3.004009e+00
1.453266e+02	2.750285e+01	1.614932e-01	3.257591e+00
1.671256e+02	2.842441e+01	1.443478e-01	3.555621e+00
1.921945e+02	2.941931e+01	1.253461e-01	3.905196e+00
2.210236e+02	3.048154e+01	1.131267e-01	4.314541e+00
2.541772e+02	3.126842e+01	9.916012e-02	4.795920e+00
2.923037e+02	3.047464e+01	8.895129e-02	5.359306e+00
3.361493e+02	3.087709e+01	7.878204e-02	6.078077e+00
3.865717e+02	3.094579e+01	6.982156e-02	6.952128e+00
4.445574e+02	3.075589e+01	6.281363e-02	7.968863e+00
5.112411e+02	3.027640e+01	5.493392e-02	9.171601e+00
5.879272e+02	2.972739e+01	4.911917e-02	1.059875e+01
6.761163e+02	2.907798e+01	4.383394e-02	1.230047e+01
7.775337e+02	2.837921e+01	3.952508e-02	1.433979e+01
8.941638e+02	2.772956e+01	3.456989e-02	1.679264e+01
1.028288e+03	2.698137e+01	3.041749e-02	1.975591e+01
1.182532e+03	2.615743e+01	2.695399e-02	2.334865e+01
1.359911e+03	2.525466e+01	2.394755e-02	2.772152e+01
1.563898e+03	2.429612e+01	2.153786e-02	3.306511e+01
1.798483e+03	2.329276e+01	1.876671e-02	3.961889e+01
2.068255e+03	2.226222e+01	1.651200e-02	4.768604e+01
2.378493e+03	2.119899e+01	1.458874e-02	5.765132e+01
2.735268e+03	2.011319e+01	1.284228e-02	7.000415e+01
3.145558e+03	1.901489e+01	1.125818e-02	8.536806e+01
3.617391e+03	1.791902e+01	9.982602e-03	1.045387e+02
4.160000e+03	1.682959e+01	8.885119e-03	1.285325e+02
4.784000e+03	1.574950e+01	7.825414e-03	1.586493e+02
5.501600e+03	1.469158e+01	6.884419e-03	1.965523e+02
6.326840e+03	1.366932e+01	6.017047e-03	2.443689e+02
7.275866e+03	1.268619e+01	5.458616e-03	3.048201e+02
8.367246e+03	1.174597e+01	4.823910e-03	3.813815e+02
9.622333e+03	1.085043e+01	4.125049e-03	4.784863e+02
