# Energy_MeV	dEdx_Elec_MeV_um	dEdx_Nucl_MeV_um	Range_um
1.000000e-05	9.614376e-03	5.496727e-02	2.080218e-03
1.150000e-05	1.031027e-02	5.957761e-02	2.230785e-03
1.322500e-05	1.105653e-02	6.623444e-02	2.392251e-03
1.520875e-05	1.185681e-02	7.342974e-02	2.565403e-03
1.749006e-05	1.271501e-02	8.138251e-02	2.751089e-03
2.011357e-05	1.363533e-02	9.052821e-02	2.950214e-03
2.313061e-05	1.462226e-02	1.003093e-01	3.163752e-03
2.660020e-05	1.568063e-02	1.112257e-01	3.392746e-03
3.059023e-05	1.681560e-02	1.231265e-01	3.638315e-03
3.517876e-05	1.803273e-02	1.363882e-01	3.901658e-03
4.045558e-05	1.933794e-02	1.508082e-01	4.184062e-03
4.652391e-05	2.073763e-02	1.664148e-01	4.486906e-03
5.350250e-05	2.223864e-02	1.840035e-01	4.811671e-03
6.152788e-05	2.384828e-02	2.030356e-01	5.159942e-03
7.075706e-05	1.283655e-02	2.241125e-01	5.533422e-03
8.137062e-05	1.386776e-02	2.459045e-01	5.933934e-03
9.357621e-05	1.497289e-02	2.709654e-01	6.363435e-03
1.076126e-04	1.615735e-02	2.990930e-01	6.824024e-03
1.237545e-04	1.742694e-02	3.282422e-01	7.317950e-03
1.423177e-04	1.878787e-02	3.611527e-01	7.847627e-03
1.636654e-04	2.024679e-02	3.946176e-01	8.415643e-03
1.882152e-04	2.181085e-02	4.331023e-01	9.024772e-03
2.164475e-04	2.348769e-02	4.759245e-01	9.677989e-03
2.489146e-04	2.528551e-02	5.199864e-01	1.037849e-02
2.862518e-04	2.721308e-02	5.696735e-01	1.112969e-02
3.291895e-04	2.927984e-02	6.216821e-01	1.193526e-02
3.785680e-04	3.149588e-02	6.783126e-01	1.279914e-02
4.353531e-04	3.387204e-02	7.389613e-01	1.372555e-02
5.006561e-04	3.641992e-02	8.030481e-01	1.471901e-02
5.757545e-04	3.915197e-02	8.747383e-01	1.578438e-02
6.621177e-04	4.208154e-02	9.491280e-01	1.692686e-02
7.614354e-04	4.522294e-02	1.026009e+00	1.815204e-02
8.756507e-04	4.859153e-02	1.108593e+00	1.946589e-02
1.006998e-03	5.220375e-02	1.203566e+00	2.087484e-02
1.158048e-03	5.607726e-02	1.298295e+00	2.238578e-02
1.331755e-03	6.023099e-02	1.400995e+00	2.400607e-02
1.531519e-03	6.468522e-02	1.503217e+00	2.574364e-02
1.761246e-03	6.946171e-02	1.611806e+00	2.760698e-02
2.025433e-03	7.458381e-02	1.736683e+00	2.960519e-02
2.329248e-03	8.007653e-02	1.857065e+00	3.174803e-02
2.678635e-03	8.596671e-02	1.987378e+00	3.404597e-02
3.080431e-03	9.228312e-02	2.118797e+00	3.651023e-02
3.542495e-03	9.905663e-02	2.259029e+00	3.915286e-02
4.073870e-03	1.063203e-01	2.398352e+00	4.198677e-02
4.684950e-03	1.141097e-01	2.534935e+00	4.502579e-02
5.387693e-03	1.224628e-01	2.685453e+00	4.828478e-02
6.195847e-03	1.314204e-01	2.831146e+00	5.177966e-02
7.125224e-03	1.410263e-01	2.981735e+00	5.552750e-02
8.194007e-03	1.513274e-01	3.112376e+00	5.954661e-02
9.423108e-03	1.623741e-01	3.262613e+00	6.385663e-02
1.083657e-02	1.742203e-01	3.421485e+00	6.847860e-02
1.246206e-02	1.869239e-01	3.556546e+00	7.343512e-02
1.433137e-02	2.005469e-01	3.701345e+00	7.875040e-02
1.648108e-02	2.151559e-01	3.816454e+00	8.441445e-02
1.895324e-02	2.308223e-01	3.948830e+00	9.054726e-02
2.179622e-02	2.476226e-01	4.083982e+00	9.712081e-02
2.506566e-02	2.656388e-01	4.192041e+00	1.041496e-01
2.882550e-02	2.849591e-01	4.306937e+00	1.116880e-01
3.314933e-02	3.056777e-01	4.403539e+00	1.197720e-01
3.812173e-02	3.278960e-01	4.494058e+00	1.284409e-01
4.383999e-02	3.517224e-01	4.574610e+00	1.377373e-01
5.041599e-02	3.772733e-01	4.643820e+00	1.477066e-01
5.797838e-02	4.046736e-01	4.714398e+00	1.583976e-01
6.667514e-02	4.340571e-01	4.768192e+00	1.698623e-01
7.667641e-02	4.655674e-01	4.807330e+00	1.821569e-01
8.817787e-02	4.993585e-01	4.840034e+00	1.953413e-01
1.014046e-01	5.355953e-01	4.877644e+00	2.094800e-01
1.166152e-01	5.744549e-01	4.893877e+00	2.246421e-01
1.341075e-01	6.161272e-01	4.903567e+00	2.409017e-01
1.542237e-01	6.608158e-01	4.896808e+00	2.583381e-01
1.773572e-01	7.087389e-01	4.881003e+00	2.770365e-01
2.039608e-01	7.601307e-01	4.862828e+00	2.970884e-01
2.345549e-01	8.152423e-01	4.825359e+00	3.185917e-01
2.697381e-01	8.743428e-01	4.777936e+00	3.416514e-01
3.101989e-01	9.377211e-01	4.717165e+00	3.663801e-01
3.567287e-01	1.005687e+00	4.644726e+00	3.928986e-01
4.102380e-01	1.078572e+00	4.559757e+00	4.213367e-01
4.717737e-01	1.156732e+00	4.463497e+00	4.518332e-01
5.425397e-01	1.240550e+00	4.353086e+00	4.845369e-01
6.239207e-01	1.330434e+00	4.234503e+00	5.196077e-01
7.175088e-01	1.426825e+00	4.104698e+00	5.572169e-01
8.251351e-01	1.530192e+00	3.974335e+00	5.975485e-01
9.489054e-01	1.641041e+00	3.824418e+00	6.407993e-01
1.091241e+00	1.759913e+00	3.663153e+00	6.871805e-01
1.254927e+00	1.887389e+00	3.507200e+00	7.369186e-01
1.443166e+00	2.024093e+00	3.339483e+00	7.902570e-01
1.659641e+00	2.170690e+00	3.188394e+00	8.474563e-01
1.908588e+00	2.327899e+00	3.014643e+00	9.087955e-01
2.194876e+00	2.496486e+00	2.835033e+00	9.745742e-01
2.524107e+00	2.677276e+00	2.672723e+00	1.045114e+00
2.902723e+00	2.871151e+00	2.499387e+00	1.120760e+00
3.338132e+00	3.079060e+00	2.338597e+00	1.201881e+00
3.838852e+00	3.302016e+00	2.181082e+00	1.288873e+00
4.414679e+00	3.574431e+00	2.030560e+00	1.382165e+00
5.076881e+00	3.898332e+00	1.887503e+00	1.482202e+00
5.838413e+00	4.253303e+00	1.738346e+00	1.589473e+00
6.714175e+00	4.649739e+00	1.603324e+00	1.704659e+00
7.721302e+00	5.088092e+00	1.488715e+00	1.830930e+00
8.879497e+00	5.562791e+00	1.374347e+00	1.971094e+00
1.021142e+01	6.094082e+00	1.242824e+00	2.127566e+00
1.174313e+01	6.665203e+00	1.161460e+00	2.303588e+00
1.350460e+01	7.290562e+00	1.085093e+00	2.503370e+00
1.553030e+01	7.972868e+00	9.972706e-01	2.732407e+00
1.785984e+01	8.651547e+00	8.962753e-01	2.997920e+00
2.053882e+01	9.401785e+00	7.801308e-01	3.004206e+00
2.361964e+01	1.023113e+01	7.076861e-01	2.797183e+00
2.716258e+01	1.110598e+01	6.355956e-01	2.635997e+00
3.123697e+01	1.203885e+01	5.753255e-01	2.516216e+00
3.592252e+01	1.296215e+01	5.160363e-01	2.434393e+00
4.131089e+01	1.397550e+01	4.642007e-01	2.387849e+00
4.750753e+01	1.504508e+01	4.221103e-01	2.374517e+00
5.463366e+01	1.625996e+01	3.759262e-01	2.392817e+00
6.282871e+01	1.764595e+01	3.386116e-01	2.441741e+00
7.225301e+01	1.910708e+01	3.032232e-01	2.520812e+00
8.309096e+01	2.067579e+01	2.768481e-01	2.630178e+00
9.555461e+01	2.221955e+01	2.465167e-01	2.770732e+00
1.098878e+02	2.371085e+01	2.172185e-01	2.944226e+00
1.263710e+02	2.526098e+01	1.952444e-01	3.153396e+00
1.453266e+02	2.651085e+01	1.733962e-01	3.402087e+00
1.671256e+02	2.772152e+01	1.577187e-01	3.695409e+00
1.921945e+02	2.867588e+01	1.396897e-01	4.039850e+00
2.210236e+02	2.967135e+01	1.227348e-01	4.443779e+00
2.541772e+02	3.073980e+01	1.098856e-01	4.917069e+00
2.923037e+02	3.145752e+01	9.693577e-02	5.471709e+00
3.361493e+02	3.060886e+01	8.620079e-02	6.131841e+00
3.865717e+02	3.092699e+01	7.665035e-02	6.980596e+00
4.445574e+02	3.092119e+01	6.830809e-02	7.984070e+00
5.112411e+02	3.064344e+01	6.093897e-02	9.163346e+00
5.879272e+02	3.014495e+01	5.365511e-02	1.055593e+01
6.761163e+02	2.956994e+01	4.754067e-02	1.221137e+01
7.775337e+02	2.890756e+01	4.291031e-02	1.418797e+01
8.941638e+02	2.822520e+01	3.837937e-02	1.655869e+01
1.028288e+03	2.755042e+01	3.316879e-02	1.941335e+01
1.182532e+03	2.678173e+01	2.963810e-02	2.286535e+01
1.359911e+03	2.593742e+01	2.599610e-02	2.705445e+01
1.563898e+03	2.501969e+01	2.342668e-02	3.215841e+01
1.798483e+03	2.404879e+01	2.089279e-02	3.840119e+01
2.068255e+03	2.303863e+01	1.797882e-02	4.606475e+01
2.378493e+03	2.199887e+01	1.607630e-02	5.550639e+01
2.735268e+03	2.092916e+01	1.405392e-02	6.717982e+01
3.145558e+03	1.983846e+01	1.247761e-02	8.166237e+01
3.617391e+03	1.874017e+01	1.094990e-02	9.968988e+01
4.160000e+03	1.764596e+01	9.640432e-03	1.222016e+02
4.784000e+03	1.655817e+01	8.643420e-03	1.503980e+02
5.501600e+03	1.548212e+01	7.529098e-03	1.858142e+02
6.326840e+03	1.443221e+01	6.683609e-03	2.304143e+02
7.275866e+03	1.341966e+01	5.895266e-03	2.867113e+02
8.367246e+03	1.244652e+01	5.314902e-03	3.579177e+02
9.622333e+03	1.151766e+01	4.647484e-03	4.481362e+02
