# Energy_MeV	dEdx_Elec_MeV_um	dEdx_Nucl_MeV_um	Range_um
1.000000e-05	9.293983e-03	5.371637e-02	2.151930e-03
1.150000e-05	9.966686e-03	5.958565e-02	2.307688e-03
1.322500e-05	1.068808e-02	6.633533e-02	2.474719e-03
1.520875e-05	1.146169e-02	7.334876e-02	2.653841e-03
1.749006e-05	1.229129e-02	8.141246e-02	2.845927e-03
2.011357e-05	1.318094e-02	9.059268e-02	3.051917e-03
2.313061e-05	1.413499e-02	1.002176e-01	3.272816e-03
2.660020e-05	1.515808e-02	1.112506e-01	3.509705e-03
3.059023e-05	1.625523e-02	1.229786e-01	3.763739e-03
3.517876e-05	1.743180e-02	1.361109e-01	4.036160e-03
4.045558e-05	1.869352e-02	1.505665e-01	4.328300e-03
4.652391e-05	2.004657e-02	1.660743e-01	4.641584e-03
5.350250e-05	2.149755e-02	1.837820e-01	4.977545e-03
6.152788e-05	2.305355e-02	2.025632e-01	5.337822e-03
7.075706e-05	2.472218e-02	2.229700e-01	5.724176e-03
8.137062e-05	2.651158e-02	2.450660e-01	6.138495e-03
9.357621e-05	2.843051e-02	2.704764e-01	6.582803e-03
1.076126e-04	3.048832e-02	2.975922e-01	7.059270e-03
1.237545e-04	3.269508e-02	3.271479e-01	7.570223e-03
1.423177e-04	3.506157e-02	3.587151e-01	8.118160e-03
1.636654e-04	3.759934e-02	3.926468e-01	8.705757e-03
1.882152e-04	4.032080e-02	4.316683e-01	9.335884e-03
2.164475e-04	4.323925e-02	4.726985e-01	1.001162e-02
2.489146e-04	4.636893e-02	5.173750e-01	1.073627e-02
2.862518e-04	2.490167e-02	5.655476e-01	1.151336e-02
3.291895e-04	2.678965e-02	6.182816e-01	1.234671e-02
3.785680e-04	2.881402e-02	6.736411e-01	1.324037e-02
4.353531e-04	3.098466e-02	7.323903e-01	1.419871e-02
5.006561e-04	3.331220e-02	7.973709e-01	1.522642e-02
5.757545e-04	3.580800e-02	8.664285e-01	1.632852e-02
6.621177e-04	3.848425e-02	9.417620e-01	1.751039e-02
7.614354e-04	4.135403e-02	1.014576e+00	1.877780e-02
8.756507e-04	4.443136e-02	1.098313e+00	2.013694e-02
1.006998e-03	4.773128e-02	1.192628e+00	2.159447e-02
1.158048e-03	5.126990e-02	1.283178e+00	2.315749e-02
1.331755e-03	5.506452e-02	1.386247e+00	2.483364e-02
1.531519e-03	5.913367e-02	1.481989e+00	2.663111e-02
1.761246e-03	6.349724e-02	1.592092e+00	2.855868e-02
2.025433e-03	6.817654e-02	1.714558e+00	3.062578e-02
2.329248e-03	7.319443e-02	1.829455e+00	3.284249e-02
2.678635e-03	7.857542e-02	1.959435e+00	3.521964e-02
3.080431e-03	8.434581e-02	2.085057e+00	3.776886e-02
3.542495e-03	9.053379e-02	2.218513e+00	4.050259e-02
4.073870e-03	9.716958e-02	2.354660e+00	4.343419e-02
4.684950e-03	1.042856e-01	2.487370e+00	4.657798e-02
5.387693e-03	1.119166e-01	2.635579e+00	4.994932e-02
6.195847e-03	1.200999e-01	2.774019e+00	5.356467e-02
7.125224e-03	1.288755e-01	2.909034e+00	5.744171e-02
8.194007e-03	1.382862e-01	3.041498e+00	6.159937e-02
9.423108e-03	1.483780e-01	3.193830e+00	6.605797e-02
1.083657e-02	1.592001e-01	3.332703e+00	7.083928e-02
1.246206e-02	1.708056e-01	3.469648e+00	7.596666e-02
1.433137e-02	1.832511e-01	3.594112e+00	8.146517e-02
1.648108e-02	1.965973e-01	3.710826e+00	8.732456e-02
1.895324e-02	2.109094e-01	3.845048e+00	9.366870e-02
2.179622e-02	2.262575e-01	3.958823e+00	1.004689e-01
2.506566e-02	2.427165e-01	4.068388e+00	1.077400e-01
2.882550e-02	2.603667e-01	4.168680e+00	1.155382e-01
3.314933e-02	2.792944e-01	4.266126e+00	1.239009e-01
3.812173e-02	2.995921e-01	4.346186e+00	1.328687e-01
4.383999e-02	3.213590e-01	4.415706e+00	1.424856e-01
5.041599e-02	3.447013e-01	4.485881e+00	1.527986e-01
5.797838e-02	3.697332e-01	4.544310e+00	1.638580e-01
6.667514e-02	3.965768e-01	4.597058e+00	1.757180e-01
7.667641e-02	4.253634e-01	4.625893e+00	1.884364e-01
8.817787e-02	4.562335e-01	4.659054e+00	2.020753e-01
1.014046e-01	4.893381e-01	4.692111e+00	2.167014e-01
1.166152e-01	5.248387e-01	4.700654e+00	2.323863e-01
1.341075e-01	5.629089e-01	4.708199e+00	2.492064e-01
1.542237e-01	6.037346e-01	4.694264e+00	2.672438e-01
1.773572e-01	6.475153e-01	4.678240e+00	2.865868e-01
2.039608e-01	6.944648e-01	4.656087e+00	3.073300e-01
2.345549e-01	7.448126e-01	4.614274e+00	3.295746e-01
2.697381e-01	7.988046e-01	4.565127e+00	3.534292e-01
3.101989e-01	8.567045e-01	4.501497e+00	3.790103e-01
3.567287e-01	9.187952e-01	4.427350e+00	4.064430e-01
4.102380e-01	9.853801e-01	4.341571e+00	4.358615e-01
4.717737e-01	1.056784e+00	4.244222e+00	4.674093e-01
5.425397e-01	1.133357e+00	4.134024e+00	5.012405e-01
6.239207e-01	1.215472e+00	4.015945e+00	5.375202e-01
7.175088e-01	1.303531e+00	3.892644e+00	5.764259e-01
8.251351e-01	1.397963e+00	3.760463e+00	6.181479e-01
9.489054e-01	1.499230e+00	3.608454e+00	6.628897e-01
1.091241e+00	1.607827e+00	3.459610e+00	7.108698e-01
1.254927e+00	1.724284e+00	3.301482e+00	7.623225e-01
1.443166e+00	1.849171e+00	3.150707e+00	8.174997e-01
1.659641e+00	1.983097e+00	2.997511e+00	8.766708e-01
1.908588e+00	2.126717e+00	2.821335e+00	9.401246e-01
2.194876e+00	2.280731e+00	2.662484e+00	1.008171e+00
2.524107e+00	2.445894e+00	2.497910e+00	1.081142e+00
2.902723e+00	2.623011e+00	2.340878e+00	1.159396e+00
3.338132e+00	2.812948e+00	2.180332e+00	1.243314e+00
3.838852e+00	3.016632e+00	2.033154e+00	1.333305e+00
4.414679e+00	3.276253e+00	1.897298e+00	1.429812e+00
5.076881e+00	3.589217e+00	1.752246e+00	1.533298e+00
5.838413e+00	3.932794e+00	1.619731e+00	1.644267e+00
6.714175e+00	4.316586e+00	1.488428e+00	1.763423e+00
7.721302e+00	4.741036e+00	1.387590e+00	1.894044e+00
8.879497e+00	5.200122e+00	1.271627e+00	2.039036e+00
1.021142e+01	5.713626e+00	1.154538e+00	2.200896e+00
1.174313e+01	6.264685e+00	1.087206e+00	2.382979e+00
1.350460e+01	6.867285e+00	1.009774e+00	2.589638e+00
1.553030e+01	7.523684e+00	9.207270e-01	2.826556e+00
1.785984e+01	8.175052e+00	8.183231e-01	3.101204e+00
2.053882e+01	8.894553e+00	7.167784e-01	2.898888e+00
2.361964e+01	9.690024e+00	6.532167e-01	2.719579e+00
2.716258e+01	1.052943e+01	5.850410e-01	2.580488e+00
3.123697e+01	1.142455e+01	5.294329e-01	2.478636e+00
3.592252e+01	1.231332e+01	4.765821e-01	2.411713e+00
4.131089e+01	1.329434e+01	4.291919e-01	2.377943e+00
4.750753e+01	1.434783e+01	3.884716e-01	2.375979e+00
5.463366e+01	1.554417e+01	3.456148e-01	2.404804e+00
6.282871e+01	1.690880e+01	3.107104e-01	2.463939e+00
7.225301e+01	1.831221e+01	2.815139e-01	2.553289e+00
8.309096e+01	1.980834e+01	2.547709e-01	2.673364e+00
9.555461e+01	2.125746e+01	2.240164e-01	2.825387e+00
1.098878e+02	2.264692e+01	2.005549e-01	3.011441e+00
1.263710e+02	2.408385e+01	1.782744e-01	3.234605e+00
1.453266e+02	2.523009e+01	1.607671e-01	3.499106e+00
1.671256e+02	2.633739e+01	1.448710e-01	3.810484e+00
1.921945e+02	2.720204e+01	1.265904e-01	4.175758e+00
2.210236e+02	2.810183e+01	1.131631e-01	4.603918e+00
2.541772e+02	2.906605e+01	1.001347e-01	5.105583e+00
2.923037e+02	2.970053e+01	8.916423e-02	5.693663e+00
3.361493e+02	2.937667e+01	7.869285e-02	6.393754e+00
3.865717e+02	2.961769e+01	7.001751e-02	7.293382e+00
4.445574e+02	2.955377e+01	6.290227e-02	8.358265e+00
5.112411e+02	2.923605e+01	5.543038e-02	9.611304e+00
5.879272e+02	2.871358e+01	4.929120e-02	1.109298e+01
6.761163e+02	2.812112e+01	4.354481e-02	1.285667e+01
7.775337e+02	2.744802e+01	3.954991e-02	1.496540e+01
8.941638e+02	2.675723e+01	3.495578e-02	1.749816e+01
1.028288e+03	2.607349e+01	3.034322e-02	2.055231e+01
1.182532e+03	2.530373e+01	2.713208e-02	2.425098e+01
1.359911e+03	2.446525e+01	2.380445e-02	2.874615e+01
1.563898e+03	2.356025e+01	2.157034e-02	3.423133e+01
1.798483e+03	2.260798e+01	1.900110e-02	4.095067e+01
2.068255e+03	2.162156e+01	1.648319e-02	4.921201e+01
2.378493e+03	2.061024e+01	1.470006e-02	5.940587e+01
2.735268e+03	1.957420e+01	1.284344e-02	7.202881e+01
3.145558e+03	1.852286e+01	1.137476e-02	8.771339e+01
3.617391e+03	1.746692e+01	1.003707e-02	1.072667e+02
4.160000e+03	1.641497e+01	8.876234e-03	1.317201e+02
4.784000e+03	1.537360e+01	7.893744e-03	1.623929e+02
5.501600e+03	1.435019e+01	6.889887e-03	2.009735e+02
6.326840e+03	1.335507e+01	6.085716e-03	2.496242e+02
7.275866e+03	1.239644e+01	5.448800e-03	3.111126e+02
8.367246e+03	1.147770e+01	4.860341e-03	3.889792e+02
9.622333e+03	1.060387e+01	4.183613e-03	4.877469e+02
