# Energy_MeV	dEdx_Elec_MeV_um	dEdx_Nucl_MeV_um	Range_um
1.000000e-05	8.501623e-03	8.159044e-02	2.352492e-03
1.150000e-05	9.116975e-03	9.006312e-02	2.522767e-03
1.322500e-05	9.776867e-03	9.957554e-02	2.705366e-03
1.520875e-05	1.048452e-02	1.098366e-01	2.901182e-03
1.749006e-05	1.124340e-02	1.207426e-01	3.111171e-03
2.011357e-05	1.205720e-02	1.328148e-01	3.336359e-03
2.313061e-05	1.292991e-02	1.466978e-01	3.577846e-03
2.660020e-05	1.386578e-02	1.611582e-01	3.836813e-03
3.059023e-05	1.486939e-02	1.773059e-01	4.114523e-03
3.517876e-05	1.594565e-02	1.940979e-01	4.412334e-03
4.045558e-05	1.709980e-02	2.126365e-01	4.731702e-03
4.652391e-05	1.833749e-02	2.339559e-01	5.074185e-03
5.350250e-05	9.912283e-03	2.557699e-01	5.441457e-03
6.152788e-05	1.071020e-02	2.801789e-01	5.835312e-03
7.075706e-05	1.156530e-02	3.059410e-01	6.257675e-03
8.137062e-05	1.248175e-02	3.343249e-01	6.710609e-03
9.357621e-05	1.346406e-02	3.644778e-01	7.196327e-03
1.076126e-04	1.451702e-02	3.958827e-01	7.717201e-03
1.237545e-04	1.564579e-02	4.313849e-01	8.275776e-03
1.423177e-04	1.685588e-02	4.681979e-01	8.874781e-03
1.636654e-04	1.815322e-02	5.080360e-01	9.517142e-03
1.882152e-04	1.954414e-02	5.478182e-01	1.020600e-02
2.164475e-04	2.103545e-02	5.935676e-01	1.094471e-02
2.489146e-04	2.263442e-02	6.432089e-01	1.173690e-02
2.862518e-04	2.434889e-02	6.926810e-01	1.258642e-02
3.291895e-04	2.618722e-02	7.467290e-01	1.349743e-02
3.785680e-04	2.815839e-02	7.990377e-01	1.447438e-02
4.353531e-04	3.027205e-02	8.591928e-01	1.552205e-02
5.006561e-04	3.253851e-02	9.232462e-01	1.664554e-02
5.757545e-04	3.496885e-02	9.860201e-01	1.785035e-02
6.621177e-04	3.757494e-02	1.054567e+00	1.914237e-02
7.614354e-04	4.036952e-02	1.123201e+00	2.052791e-02
8.756507e-04	4.336624e-02	1.193911e+00	2.201373e-02
1.006998e-03	4.657973e-02	1.265545e+00	2.360709e-02
1.158048e-03	5.002571e-02	1.338051e+00	2.531579e-02
1.331755e-03	5.372100e-02	1.415570e+00	2.714816e-02
1.531519e-03	5.768366e-02	1.491207e+00	2.911315e-02
1.761246e-03	6.193305e-02	1.560513e+00	3.122038e-02
2.025433e-03	6.648992e-02	1.632884e+00	3.348013e-02
2.329248e-03	7.137654e-02	1.716111e+00	3.590344e-02
2.678635e-03	7.661679e-02	1.786379e+00	3.850215e-02
3.080431e-03	8.223625e-02	1.861198e+00	4.128895e-02
3.542495e-03	8.826240e-02	1.923559e+00	4.427747e-02
4.073870e-03	9.472466e-02	1.987325e+00	4.748230e-02
4.684950e-03	1.016546e-01	2.060657e+00	5.091909e-02
5.387693e-03	1.090861e-01	2.116948e+00	5.460464e-02
6.195847e-03	1.170554e-01	2.176809e+00	5.855695e-02
7.125224e-03	1.256015e-01	2.227515e+00	6.279534e-02
8.194007e-03	1.347662e-01	2.277669e+00	6.732396e-02
9.423108e-03	1.445941e-01	2.321410e+00	7.221673e-02
1.083657e-02	1.551334e-01	2.356325e+00	7.744282e-02
1.246206e-02	1.664355e-01	2.394665e+00	8.304889e-02
1.433137e-02	1.785555e-01	2.423274e+00	8.905963e-02
1.648108e-02	1.915528e-01	2.448902e+00	9.550570e-02
1.895324e-02	2.054909e-01	2.464656e+00	1.024183e-01
2.179622e-02	2.204377e-01	2.482774e+00	1.098313e-01
2.506566e-02	2.364664e-01	2.497556e+00	1.177808e-01
2.882550e-02	2.536553e-01	2.502223e+00	1.263057e-01
3.314933e-02	2.720882e-01	2.503983e+00	1.354476e-01
3.812173e-02	2.918554e-01	2.496370e+00	1.452513e-01
4.383999e-02	3.130532e-01	2.487615e+00	1.557645e-01
5.041599e-02	3.357854e-01	2.473608e+00	1.670387e-01
5.797838e-02	3.601629e-01	2.450764e+00	1.791289e-01
6.667514e-02	3.863048e-01	2.423137e+00	1.920942e-01
7.667641e-02	4.143389e-01	2.388372e+00	2.059980e-01
8.817787e-02	4.444021e-01	2.347685e+00	2.209081e-01
1.014046e-01	4.766413e-01	2.300979e+00	2.368974e-01
1.166152e-01	5.112140e-01	2.247792e+00	2.540440e-01
1.341075e-01	5.482890e-01	2.188573e+00	2.724317e-01
1.542237e-01	5.880476e-01	2.124060e+00	2.921504e-01
1.773572e-01	6.306839e-01	2.058792e+00	3.132963e-01
2.039608e-01	6.764062e-01	1.986575e+00	3.359726e-01
2.345549e-01	7.254379e-01	1.903525e+00	3.602903e-01
2.697381e-01	7.780186e-01	1.825906e+00	3.863682e-01
3.101989e-01	8.344050e-01	1.739513e+00	4.143337e-01
3.567287e-01	8.948727e-01	1.662002e+00	4.443232e-01
4.102380e-01	9.597172e-01	1.578303e+00	4.764833e-01
4.717737e-01	1.029255e+00	1.482050e+00	5.109712e-01
5.425397e-01	1.103826e+00	1.401131e+00	5.479556e-01
6.239207e-01	1.183795e+00	1.311216e+00	5.876169e-01
7.175088e-01	1.269551e+00	1.230146e+00	6.301487e-01
8.251351e-01	1.361515e+00	1.146221e+00	6.757589e-01
9.489054e-01	1.460135e+00	1.065811e+00	7.246706e-01
1.091241e+00	1.565894e+00	9.958164e-01	7.771227e-01
1.254927e+00	1.679307e+00	9.165672e-01	8.333712e-01
1.443166e+00	1.800929e+00	8.488919e-01	8.936907e-01
1.659641e+00	1.931354e+00	7.824461e-01	9.583762e-01
1.908588e+00	2.078141e+00	7.273534e-01	1.027744e+00
2.194876e+00	2.276128e+00	6.639969e-01	1.102129e+00
2.524107e+00	2.497837e+00	6.079580e-01	1.181923e+00
2.902723e+00	2.747212e+00	5.711710e-01	1.267390e+00
3.338132e+00	3.017301e+00	5.288660e-01	1.359911e+00
3.838852e+00	3.320082e+00	4.802152e-01	1.456356e+00
4.414679e+00	3.649320e+00	4.242668e-01	1.418243e+00
5.076881e+00	4.012310e+00	3.753771e-01	1.381641e+00
5.838413e+00	4.418267e+00	3.406501e-01	1.347662e+00
6.714175e+00	4.849860e+00	3.060323e-01	1.317459e+00
7.721302e+00	5.325285e+00	2.756508e-01	1.292214e+00
8.879497e+00	5.824765e+00	2.486090e-01	1.273166e+00
1.021142e+01	6.390972e+00	2.245154e-01	1.261587e+00
1.174313e+01	7.037235e+00	2.022679e-01	1.258913e+00
1.350460e+01	7.733615e+00	1.805947e-01	1.266609e+00
1.553030e+01	8.508596e+00	1.615246e-01	1.286218e+00
1.785984e+01	9.349912e+00	1.472601e-01	1.319336e+00
2.053882e+01	1.016346e+01	1.326490e-01	1.367606e+00
2.361964e+01	1.101847e+01	1.158463e-01	1.432716e+00
2.716258e+01	1.179078e+01	1.046040e-01	1.516434e+00
3.123697e+01	1.255290e+01	9.243105e-02	1.620689e+00
3.592252e+01	1.323962e+01	8.403816e-02	1.747662e+00
4.131089e+01	1.380736e+01	7.535330e-02	1.899994e+00
4.750753e+01	1.436200e+01	6.536572e-02	2.080908e+00
5.463366e+01	1.479257e+01	5.897945e-02	2.294440e+00
6.282871e+01	1.518346e+01	5.186140e-02	2.545653e+00
7.225301e+01	1.550906e+01	4.641274e-02	2.840893e+00
8.309096e+01	1.568284e+01	4.105041e-02	3.188099e+00
9.555461e+01	1.582954e+01	3.631201e-02	3.597158e+00
1.098878e+02	1.595826e+01	3.276221e-02	4.080119e+00
1.263710e+02	1.601547e+01	2.867994e-02	4.653648e+00
1.453266e+02	1.599572e+01	2.564027e-02	5.330513e+00
1.671256e+02	1.560022e+01	2.279176e-02	6.178105e+00
1.921945e+02	1.524270e+01	2.060915e-02	7.250262e+00
2.210236e+02	1.478953e+01	1.809914e-02	8.517910e+00
2.541772e+02	1.424312e+01	1.584137e-02	1.005050e+01
2.923037e+02	1.367168e+01	1.408696e-02	1.190289e+01
3.361493e+02	1.307786e+01	1.245470e-02	1.415610e+01
3.865717e+02	1.247379e+01	1.123410e-02	1.691121e+01
4.445574e+02	1.188584e+01	9.830396e-03	2.029336e+01
5.112411e+02	1.128667e+01	8.601745e-03	2.446426e+01
5.879272e+02	1.067828e+01	7.627535e-03	2.962817e+01
6.761163e+02	1.006275e+01	6.694818e-03	3.604590e+01
7.775337e+02	9.446698e+00	5.892405e-03	4.405377e+01
8.941638e+02	8.836499e+00	5.214880e-03	5.408188e+01
1.028288e+03	8.238442e+00	4.629946e-03	6.668268e+01
1.182532e+03	7.654002e+00	4.093162e-03	8.256729e+01
1.359911e+03	7.086643e+00	3.589902e-03	1.026521e+02
1.563898e+03	6.539792e+00	3.150543e-03	1.281184e+02
1.798483e+03	6.016508e+00	2.843547e-03	1.604898e+02
2.068255e+03	5.516947e+00	2.522043e-03	2.017306e+02
2.378493e+03	5.045310e+00	2.152313e-03	2.543722e+02
2.735268e+03	4.602887e+00	1.925371e-03	3.216735e+02
3.145558e+03	4.190892e+00	1.671040e-03	4.078237e+02
3.617391e+03	3.808896e+00	1.507622e-03	5.181975e+02
4.160000e+03	3.456162e+00	1.333158e-03	6.596745e+02
4.784000e+03	3.132738e+00	1.133575e-03	8.410344e+02
5.501600e+03	2.837866e+00	1.013905e-03	1.073447e+03
6.326840e+03	2.570066e+00	8.762850e-04	1.371067e+03
7.275866e+03	2.328122e+00	7.757734e-04	1.751758e+03
8.367246e+03	2.111042e+00	6.769024e-04	2.237958e+03
9.622333e+03	1.916841e+00	5.913439e-04	2.857707e+03
