# Energy_MeV	dEdx_Elec_MeV_um	dEdx_Nucl_MeV_um	Range_um
1.000000e-05	8.587827e-03	6.481569e-02	2.328878e-03
1.150000e-05	9.209419e-03	7.176489e-02	2.497443e-03
1.322500e-05	9.876002e-03	7.960767e-02	2.678209e-03
1.520875e-05	1.059083e-02	8.808197e-02	2.872060e-03
1.749006e-05	1.135740e-02	9.754616e-02	3.079941e-03
2.011357e-05	1.217946e-02	1.079061e-01	3.302869e-03
2.313061e-05	1.306101e-02	1.190211e-01	3.541932e-03
2.660020e-05	1.400638e-02	1.316575e-01	3.798299e-03
3.059023e-05	1.502016e-02	1.452010e-01	4.073222e-03
3.517876e-05	1.610733e-02	1.601487e-01	4.368044e-03
4.045558e-05	1.727319e-02	1.758049e-01	4.684205e-03
4.652391e-05	1.852343e-02	1.938096e-01	5.023250e-03
5.350250e-05	1.986417e-02	2.137339e-01	5.386836e-03
6.152788e-05	2.130195e-02	2.346758e-01	5.776738e-03
7.075706e-05	2.284379e-02	2.579558e-01	6.194861e-03
8.137062e-05	1.225992e-02	2.819983e-01	6.643248e-03
9.357621e-05	1.322569e-02	3.096472e-01	7.124090e-03
1.076126e-04	1.426091e-02	3.399295e-01	7.639736e-03
1.237545e-04	1.537066e-02	3.715853e-01	8.192704e-03
1.423177e-04	1.656035e-02	4.068364e-01	8.785696e-03
1.636654e-04	1.783581e-02	4.442014e-01	9.421609e-03
1.882152e-04	1.920327e-02	4.844705e-01	1.010355e-02
2.164475e-04	2.066941e-02	5.274881e-01	1.083485e-02
2.489146e-04	2.224140e-02	5.735306e-01	1.161908e-02
2.862518e-04	2.392693e-02	6.243016e-01	1.246008e-02
3.291895e-04	2.573422e-02	6.777460e-01	1.336195e-02
3.785680e-04	2.767211e-02	7.319228e-01	1.432909e-02
4.353531e-04	2.975007e-02	7.912548e-01	1.536624e-02
5.006561e-04	3.197825e-02	8.594867e-01	1.647845e-02
5.757545e-04	3.436754e-02	9.260319e-01	1.767117e-02
6.621177e-04	3.692961e-02	9.998157e-01	1.895022e-02
7.614354e-04	3.967699e-02	1.071443e+00	2.032185e-02
8.756507e-04	4.262308e-02	1.149458e+00	2.179275e-02
1.006998e-03	4.578228e-02	1.239175e+00	2.337013e-02
1.158048e-03	4.917004e-02	1.323374e+00	2.506167e-02
1.331755e-03	5.280290e-02	1.416997e+00	2.687564e-02
1.531519e-03	5.669860e-02	1.509437e+00	2.882092e-02
1.761246e-03	6.087619e-02	1.608421e+00	3.090699e-02
2.025433e-03	6.535606e-02	1.708515e+00	3.314406e-02
2.329248e-03	7.016011e-02	1.804440e+00	3.554304e-02
2.678635e-03	7.531181e-02	1.912578e+00	3.811566e-02
3.080431e-03	8.083632e-02	2.014482e+00	4.087450e-02
3.542495e-03	8.676063e-02	2.119100e+00	4.383301e-02
4.073870e-03	9.311369e-02	2.212957e+00	4.700567e-02
4.684950e-03	9.992653e-02	2.320894e+00	5.040797e-02
5.387693e-03	1.072324e-01	2.430544e+00	5.405652e-02
6.195847e-03	1.150671e-01	2.527577e+00	5.796916e-02
7.125224e-03	1.234688e-01	2.627089e+00	6.216500e-02
8.194007e-03	1.324786e-01	2.709788e+00	6.666454e-02
9.423108e-03	1.421404e-01	2.804892e+00	7.148975e-02
1.083657e-02	1.525016e-01	2.897290e+00	7.666422e-02
1.246206e-02	1.636126e-01	2.974923e+00	8.217156e-02
1.433137e-02	1.755279e-01	3.054194e+00	8.815575e-02
1.648108e-02	1.883056e-01	3.123597e+00	9.454747e-02
1.895324e-02	2.020081e-01	3.186158e+00	1.013909e-01
2.179622e-02	2.167023e-01	3.241574e+00	1.087292e-01
2.506566e-02	2.324602e-01	3.291297e+00	1.165990e-01
2.882550e-02	2.493585e-01	3.339349e+00	1.250383e-01
3.314933e-02	2.674800e-01	3.377997e+00	1.340885e-01
3.812173e-02	2.869130e-01	3.403559e+00	1.437937e-01
4.383999e-02	3.077527e-01	3.427055e+00	1.542015e-01
5.041599e-02	3.301006e-01	3.454076e+00	1.653625e-01
5.797838e-02	3.540662e-01	3.463113e+00	1.773313e-01
6.667514e-02	3.797663e-01	3.470074e+00	1.901664e-01
7.667641e-02	4.073267e-01	3.463326e+00	2.039307e-01
8.817787e-02	4.368818e-01	3.451972e+00	2.186911e-01
1.014046e-01	4.685762e-01	3.438914e+00	2.345199e-01
1.166152e-01	5.025646e-01	3.410470e+00	2.514943e-01
1.341075e-01	5.390131e-01	3.376399e+00	2.696975e-01
1.542237e-01	5.780998e-01	3.332118e+00	2.892183e-01
1.773572e-01	6.200155e-01	3.279934e+00	3.101519e-01
2.039608e-01	6.649651e-01	3.218889e+00	3.326006e-01
2.345549e-01	7.131682e-01	3.149859e+00	3.566742e-01
2.697381e-01	7.648603e-01	3.070535e+00	3.824903e-01
3.101989e-01	8.202938e-01	2.986131e+00	4.101751e-01
3.567287e-01	8.797397e-01	2.894554e+00	4.398636e-01
4.102380e-01	9.434883e-01	2.800896e+00	4.717009e-01
4.717737e-01	1.011851e+00	2.693190e+00	5.058426e-01
5.425397e-01	1.085162e+00	2.580295e+00	5.424558e-01
6.239207e-01	1.163779e+00	2.468252e+00	5.817189e-01
7.175088e-01	1.248086e+00	2.351654e+00	6.238238e-01
8.251351e-01	1.338496e+00	2.243106e+00	6.689761e-01
9.489054e-01	1.435450e+00	2.118276e+00	7.173969e-01
1.091241e+00	1.539421e+00	1.993939e+00	7.693225e-01
1.254927e+00	1.650917e+00	1.877329e+00	8.250063e-01
1.443166e+00	1.770484e+00	1.756581e+00	8.847203e-01
1.659641e+00	1.898705e+00	1.641063e+00	9.487565e-01
1.908588e+00	2.036207e+00	1.530934e+00	1.017428e+00
2.194876e+00	2.183661e+00	1.426180e+00	1.091070e+00
2.524107e+00	2.341788e+00	1.323403e+00	1.170042e+00
2.902723e+00	2.511361e+00	1.220026e+00	1.254729e+00
3.338132e+00	2.742544e+00	1.123021e+00	1.345547e+00
3.838852e+00	3.007631e+00	1.044920e+00	1.442949e+00
4.414679e+00	3.302041e+00	9.627531e-01	1.547328e+00
5.076881e+00	3.625243e+00	8.682615e-01	1.659770e+00
5.838413e+00	3.987749e+00	8.161590e-01	1.783619e+00
6.714175e+00	4.370256e+00	7.612940e-01	1.921201e+00
7.721302e+00	4.796409e+00	6.981992e-01	2.075066e+00
8.879497e+00	5.259262e+00	6.256402e-01	2.232268e+00
1.021142e+01	5.751924e+00	5.421974e-01	2.125512e+00
1.174313e+01	6.295808e+00	4.954274e-01	2.032153e+00
1.350460e+01	6.832966e+00	4.436347e-01	1.953145e+00
1.553030e+01	7.439950e+00	4.024407e-01	1.889437e+00
1.785984e+01	8.121126e+00	3.613132e-01	1.842013e+00
2.053882e+01	8.826767e+00	3.241256e-01	1.811911e+00
2.361964e+01	9.606720e+00	2.952730e-01	1.800194e+00
2.716258e+01	1.046015e+01	2.620925e-01	1.808011e+00
3.123697e+01	1.140527e+01	2.366791e-01	1.836522e+00
3.592252e+01	1.244725e+01	2.126057e-01	1.886900e+00
4.131089e+01	1.352000e+01	1.936568e-01	1.960383e+00
4.750753e+01	1.466968e+01	1.718655e-01	2.058348e+00
5.463366e+01	1.570945e+01	1.520786e-01	2.182439e+00
6.282871e+01	1.671006e+01	1.362916e-01	2.334729e+00
7.225301e+01	1.766973e+01	1.215338e-01	2.517898e+00
8.309096e+01	1.847551e+01	1.102705e-01	2.735412e+00
9.555461e+01	1.927987e+01	9.731766e-02	2.991766e+00
1.098878e+02	1.992580e+01	8.589726e-02	3.292674e+00
1.263710e+02	2.044230e+01	7.666592e-02	3.645341e+00
1.453266e+02	2.086104e+01	6.779874e-02	4.058720e+00
1.671256e+02	2.126472e+01	6.008631e-02	4.543975e+00
1.921945e+02	2.163908e+01	5.351218e-02	5.115391e+00
2.210236e+02	2.184483e+01	4.779025e-02	5.785806e+00
2.541772e+02	2.176986e+01	4.249599e-02	6.603168e+00
2.923037e+02	2.159161e+01	3.751483e-02	7.648792e+00
3.361493e+02	2.123250e+01	3.312197e-02	8.877729e+00
3.865717e+02	2.071367e+01	3.002842e-02	1.034659e+01
4.445574e+02	2.010974e+01	2.677322e-02	1.210089e+01
5.112411e+02	1.946487e+01	2.302973e-02	1.421154e+01
5.879272e+02	1.878317e+01	2.070321e-02	1.676328e+01
6.761163e+02	1.811057e+01	1.808665e-02	1.986128e+01
7.775337e+02	1.742129e+01	1.638948e-02	2.363901e+01
8.941638e+02	1.669521e+01	1.456903e-02	2.826494e+01
1.028288e+03	1.593827e+01	1.248986e-02	3.395071e+01
1.182532e+03	1.515604e+01	1.122642e-02	4.096791e+01
1.359911e+03	1.436013e+01	9.773458e-03	4.966159e+01
1.563898e+03	1.356027e+01	8.706364e-03	6.047136e+01
1.798483e+03	1.276019e+01	7.651505e-03	7.395959e+01
2.068255e+03	1.196378e+01	6.730062e-03	9.084697e+01
2.378493e+03	1.117805e+01	6.033912e-03	1.120582e+02
2.735268e+03	1.040755e+01	5.233340e-03	1.387809e+02
3.145558e+03	9.653914e+00	4.662104e-03	1.725419e+02
3.617391e+03	8.927475e+00	4.128551e-03	2.153039e+02
4.160000e+03	8.233018e+00	3.711594e-03	2.695902e+02
4.784000e+03	7.573424e+00	3.232094e-03	3.386428e+02
5.501600e+03	6.949686e+00	2.817039e-03	4.266222e+02
6.326840e+03	6.362208e+00	2.487199e-03	5.388591e+02
7.275866e+03	5.813951e+00	2.191278e-03	6.821681e+02
8.367246e+03	5.306156e+00	1.965018e-03	8.652376e+02
9.622333e+03	4.837466e+00	1.704818e-03	1.099108e+03
