# Energy_MeV	dEdx_Elec_MeV_um	dEdx_Nucl_MeV_um	Range_um
1.000000e-05	1.004628e-02	6.445730e-02	1.990786e-03
1.150000e-05	1.077344e-02	7.150087e-02	2.134881e-03
1.322500e-05	1.155322e-02	7.960098e-02	2.289404e-03
1.520875e-05	1.238945e-02	8.806232e-02	2.455113e-03
1.749006e-05	1.328621e-02	9.773071e-02	2.632815e-03
2.011357e-05	1.424787e-02	1.080752e-01	2.823380e-03
2.313061e-05	1.527914e-02	1.196565e-01	3.027737e-03
2.660020e-05	1.638505e-02	1.324279e-01	3.246886e-03
3.059023e-05	1.757101e-02	1.459984e-01	3.481898e-03
3.517876e-05	1.884281e-02	1.615762e-01	3.733919e-03
4.045558e-05	2.020666e-02	1.780967e-01	4.004182e-03
4.652391e-05	2.166923e-02	1.962601e-01	4.294007e-03
5.350250e-05	2.323766e-02	2.155607e-01	4.604810e-03
6.152788e-05	2.491961e-02	2.377565e-01	4.938108e-03
7.075706e-05	2.672331e-02	2.619347e-01	5.295531e-03
8.137062e-05	2.865756e-02	2.877513e-01	5.678825e-03
9.357621e-05	3.073180e-02	3.159574e-01	6.089861e-03
1.076126e-04	3.295619e-02	3.455965e-01	6.530648e-03
1.237545e-04	3.534157e-02	3.796814e-01	7.003340e-03
1.423177e-04	3.789962e-02	4.163593e-01	7.510246e-03
1.636654e-04	4.064281e-02	4.553838e-01	8.053841e-03
1.882152e-04	4.358456e-02	4.982368e-01	8.636782e-03
2.164475e-04	4.673923e-02	5.442995e-01	9.261917e-03
2.489146e-04	5.012224e-02	5.933786e-01	9.932300e-03
2.862518e-04	5.375012e-02	6.456589e-01	1.065120e-02
3.291895e-04	5.764058e-02	7.024189e-01	1.142214e-02
3.785680e-04	6.181264e-02	7.640148e-01	1.224889e-02
4.353531e-04	6.628667e-02	8.298997e-01	1.313547e-02
5.006561e-04	7.108453e-02	8.952566e-01	1.408622e-02
5.757545e-04	7.622967e-02	9.683997e-01	1.510579e-02
6.621177e-04	8.174721e-02	1.052514e+00	1.619915e-02
7.614354e-04	8.766412e-02	1.132504e+00	1.737165e-02
8.756507e-04	4.708808e-02	1.223462e+00	1.862902e-02
1.006998e-03	5.059291e-02	1.309310e+00	1.997740e-02
1.158048e-03	5.435125e-02	1.405485e+00	2.142338e-02
1.331755e-03	5.838145e-02	1.516085e+00	2.297401e-02
1.531519e-03	6.270321e-02	1.616790e+00	2.463688e-02
1.761246e-03	6.733764e-02	1.732205e+00	2.642012e-02
2.025433e-03	7.230738e-02	1.843488e+00	2.833242e-02
2.329248e-03	7.763671e-02	1.963125e+00	3.038313e-02
2.678635e-03	8.335166e-02	2.085872e+00	3.258228e-02
3.080431e-03	8.948016e-02	2.201793e+00	3.494060e-02
3.542495e-03	9.605214e-02	2.335102e+00	3.746962e-02
4.073870e-03	1.030997e-01	2.456983e+00	4.018169e-02
4.684950e-03	1.106573e-01	2.581120e+00	4.309006e-02
5.387693e-03	1.187619e-01	2.696825e+00	4.620895e-02
6.195847e-03	1.274529e-01	2.829886e+00	4.955357e-02
7.125224e-03	1.367730e-01	2.958986e+00	5.314029e-02
8.194007e-03	1.467676e-01	3.078605e+00	5.698661e-02
9.423108e-03	1.574856e-01	3.195168e+00	6.111133e-02
1.083657e-02	1.689793e-01	3.297117e+00	6.553460e-02
1.246206e-02	1.813048e-01	3.414358e+00	7.024173e-02
1.433137e-02	1.945224e-01	3.521903e+00	7.535566e-02
1.648108e-02	2.086967e-01	3.617607e+00	8.082175e-02
1.895324e-02	2.238969e-01	3.710898e+00	8.667159e-02
2.179622e-02	2.401973e-01	3.796456e+00	9.294462e-02
2.506566e-02	2.576774e-01	3.870237e+00	9.967196e-02
2.882550e-02	2.764227e-01	3.935228e+00	1.068861e-01
3.314933e-02	2.965248e-01	3.996526e+00	1.146224e-01
3.812173e-02	3.180818e-01	4.052171e+00	1.229187e-01
4.383999e-02	3.411992e-01	4.099815e+00	1.318155e-01
5.041599e-02	3.659897e-01	4.127870e+00	1.413562e-01
5.797838e-02	3.925746e-01	4.156836e+00	1.515875e-01
6.667514e-02	4.210837e-01	4.190146e+00	1.625593e-01
7.667641e-02	4.516563e-01	4.197733e+00	1.743253e-01
8.817787e-02	4.844417e-01	4.206314e+00	1.869430e-01
1.014046e-01	5.196002e-01	4.195436e+00	2.004738e-01
1.166152e-01	5.573034e-01	4.181438e+00	2.149840e-01
1.341075e-01	5.977355e-01	4.164736e+00	2.305446e-01
1.542237e-01	6.410942e-01	4.128213e+00	2.472314e-01
1.773572e-01	6.875911e-01	4.086211e+00	2.651260e-01
2.039608e-01	7.374535e-01	4.030782e+00	2.843158e-01
2.345549e-01	7.909250e-01	3.966259e+00	3.048945e-01
2.697381e-01	8.482668e-01	3.891112e+00	3.269628e-01
3.101989e-01	9.097590e-01	3.806078e+00	3.506285e-01
3.567287e-01	9.757020e-01	3.708449e+00	3.760071e-01
4.102380e-01	1.046418e+00	3.605308e+00	4.032224e-01
4.717737e-01	1.122252e+00	3.494688e+00	4.324077e-01
5.425397e-01	1.203576e+00	3.379229e+00	4.637055e-01
6.239207e-01	1.290785e+00	3.246451e+00	4.972687e-01
7.175088e-01	1.384307e+00	3.111289e+00	5.332611e-01
8.251351e-01	1.484598e+00	2.973166e+00	5.718585e-01
9.489054e-01	1.592148e+00	2.834699e+00	6.132498e-01
1.091241e+00	1.707483e+00	2.700884e+00	6.576372e-01
1.254927e+00	1.831166e+00	2.546996e+00	7.052373e-01
1.443166e+00	1.963800e+00	2.400078e+00	7.562824e-01
1.659641e+00	2.106035e+00	2.256324e+00	8.110222e-01
1.908588e+00	2.258565e+00	2.112589e+00	8.697244e-01
2.194876e+00	2.422136e+00	1.970181e+00	9.326756e-01
2.524107e+00	2.597545e+00	1.838524e+00	1.000183e+00
2.902723e+00	2.785651e+00	1.713972e+00	1.072576e+00
3.338132e+00	3.036370e+00	1.587270e+00	1.150210e+00
3.838852e+00	3.328037e+00	1.464950e+00	1.233468e+00
4.414679e+00	3.652094e+00	1.345364e+00	1.322705e+00
5.076881e+00	4.011587e+00	1.254818e+00	1.418743e+00
5.838413e+00	4.414884e+00	1.153525e+00	1.524399e+00
6.714175e+00	4.848241e+00	1.040219e+00	1.641747e+00
7.721302e+00	5.333011e+00	9.814044e-01	1.772922e+00
8.879497e+00	5.860486e+00	9.137681e-01	1.920683e+00
1.021142e+01	6.426855e+00	8.359864e-01	2.088653e+00
1.174313e+01	7.054104e+00	7.465375e-01	2.266359e+00
1.350460e+01	7.660915e+00	6.486762e-01	2.122346e+00
1.553030e+01	8.346373e+00	5.931555e-01	2.003708e+00
1.785984e+01	9.110959e+00	5.299473e-01	1.909321e+00
2.053882e+01	9.898480e+00	4.813742e-01	1.838340e+00
2.361964e+01	1.075549e+01	4.326601e-01	1.790167e+00
2.716258e+01	1.161554e+01	3.887648e-01	1.764410e+00
3.123697e+01	1.258070e+01	3.531960e-01	1.760840e+00
3.592252e+01	1.365299e+01	3.133391e-01	1.779321e+00
4.131089e+01	1.484364e+01	2.828504e-01	1.819992e+00
4.750753e+01	1.617188e+01	2.550016e-01	1.883110e+00
5.463366e+01	1.747140e+01	2.316418e-01	1.969242e+00
6.282871e+01	1.878492e+01	2.047781e-01	2.079365e+00
7.225301e+01	2.007086e+01	1.820932e-01	2.214992e+00
8.309096e+01	2.121205e+01	1.626314e-01	2.378307e+00
9.555461e+01	2.236945e+01	1.457088e-01	2.572299e+00
1.098878e+02	2.331253e+01	1.318236e-01	2.800897e+00
1.263710e+02	2.412410e+01	1.158557e-01	3.069162e+00
1.453266e+02	2.478881e+01	1.028063e-01	3.383428e+00
1.671256e+02	2.545338e+01	9.142611e-02	3.751666e+00
1.921945e+02	2.611103e+01	8.108558e-02	4.183853e+00
2.210236e+02	2.653362e+01	7.157788e-02	4.689407e+00
2.541772e+02	2.682697e+01	6.386224e-02	5.300888e+00
2.923037e+02	2.687739e+01	5.717576e-02	6.084385e+00
3.361493e+02	2.667341e+01	5.064912e-02	7.001921e+00
3.865717e+02	2.624380e+01	4.484930e-02	8.090298e+00
4.445574e+02	2.567497e+01	3.943389e-02	9.381119e+00
5.112411e+02	2.504430e+01	3.593565e-02	1.092342e+01
5.879272e+02	2.435331e+01	3.192272e-02	1.277482e+01
6.761163e+02	2.366599e+01	2.752894e-02	1.500664e+01
7.775337e+02	2.295794e+01	2.472404e-02	1.770848e+01
8.941638e+02	2.218595e+01	2.155901e-02	2.099301e+01
1.028288e+03	2.135871e+01	1.960753e-02	2.500046e+01
1.182532e+03	2.048174e+01	1.736333e-02	2.990998e+01
1.359911e+03	1.957053e+01	1.495951e-02	3.594784e+01
1.563898e+03	1.863793e+01	1.340197e-02	4.340057e+01
1.798483e+03	1.768888e+01	1.166668e-02	5.263279e+01
2.068255e+03	1.672670e+01	1.038380e-02	6.410941e+01
2.378493e+03	1.576119e+01	9.141187e-03	7.842427e+01
2.735268e+03	1.479794e+01	8.058671e-03	9.633695e+01
3.145558e+03	1.384080e+01	7.200475e-03	1.188202e+02
3.617391e+03	1.290405e+01	6.260764e-03	1.471208e+02
4.160000e+03	1.199573e+01	5.558327e-03	1.828372e+02
4.784000e+03	1.111953e+01	4.944993e-03	2.280191e+02
5.501600e+03	1.027919e+01	4.430980e-03	2.852928e+02
6.326840e+03	9.479983e+00	3.839864e-03	3.580206e+02
7.275866e+03	8.725700e+00	3.367798e-03	4.504990e+02
8.367246e+03	8.015602e+00	2.961179e-03	5.682072e+02
9.622333e+03	7.351817e+00	2.623923e-03	7.181120e+02
