# Energy_MeV	dEdx_Elec_MeV_um	dEdx_Nucl_MeV_um	Range_um
1.000000e-05	9.966200e-03	8.031063e-02	2.006783e-03
1.150000e-05	1.068756e-02	8.891564e-02	2.152035e-03
1.322500e-05	1.146113e-02	9.840801e-02	2.307800e-03
1.520875e-05	1.229069e-02	1.084901e-01	2.474840e-03
1.749006e-05	1.318030e-02	1.200683e-01	2.653970e-03
2.011357e-05	1.413430e-02	1.323415e-01	2.846066e-03
2.313061e-05	1.515735e-02	1.458330e-01	3.052066e-03
2.660020e-05	1.625444e-02	1.601782e-01	3.272976e-03
3.059023e-05	1.743095e-02	1.766752e-01	3.509876e-03
3.517876e-05	1.869261e-02	1.946334e-01	3.763922e-03
4.045558e-05	2.004559e-02	2.138216e-01	4.036357e-03
4.652391e-05	2.149650e-02	2.347701e-01	4.328511e-03
5.350250e-05	2.305243e-02	2.567993e-01	4.641811e-03
6.152788e-05	2.472097e-02	2.821329e-01	4.977787e-03
7.075706e-05	2.651029e-02	3.093729e-01	5.338082e-03
8.137062e-05	1.424751e-02	3.383779e-01	5.724455e-03
9.357621e-05	1.538750e-02	3.702091e-01	6.138795e-03
1.076126e-04	1.660927e-02	4.044452e-01	6.583124e-03
1.237545e-04	1.791880e-02	4.409052e-01	7.059614e-03
1.423177e-04	1.932250e-02	4.797386e-01	7.570592e-03
1.636654e-04	2.082722e-02	5.219255e-01	8.118556e-03
1.882152e-04	2.244034e-02	5.676748e-01	8.706181e-03
2.164475e-04	2.416974e-02	6.166439e-01	9.336339e-03
2.489146e-04	2.602388e-02	6.651747e-01	1.001211e-02
2.862518e-04	2.801181e-02	7.195383e-01	1.073679e-02
3.291895e-04	3.014325e-02	7.820564e-01	1.151392e-02
3.785680e-04	3.242863e-02	8.414431e-01	1.234731e-02
4.353531e-04	3.487910e-02	9.090483e-01	1.324101e-02
5.006561e-04	3.750665e-02	9.727762e-01	1.419940e-02
5.757545e-04	4.032411e-02	1.044258e+00	1.522717e-02
6.621177e-04	4.334524e-02	1.126462e+00	1.632932e-02
7.614354e-04	4.658481e-02	1.201212e+00	1.751124e-02
8.756507e-04	5.005865e-02	1.286994e+00	1.877871e-02
1.006998e-03	5.378372e-02	1.369620e+00	2.013793e-02
1.158048e-03	5.777823e-02	1.458464e+00	2.159552e-02
1.331755e-03	6.206169e-02	1.549600e+00	2.315862e-02
1.531519e-03	6.665504e-02	1.635758e+00	2.483485e-02
1.761246e-03	7.158070e-02	1.734840e+00	2.663241e-02
2.025433e-03	7.686275e-02	1.825309e+00	2.856008e-02
2.329248e-03	8.252698e-02	1.917419e+00	3.062727e-02
2.678635e-03	8.860108e-02	2.003417e+00	3.284409e-02
3.080431e-03	9.511471e-02	2.102315e+00	3.522136e-02
3.542495e-03	1.020997e-01	2.198074e+00	3.777070e-02
4.073870e-03	1.095902e-01	2.286981e+00	4.050456e-02
4.684950e-03	1.176227e-01	2.373421e+00	4.343630e-02
5.387693e-03	1.262366e-01	2.449195e+00	4.658025e-02
6.195847e-03	1.354739e-01	2.536334e+00	4.995175e-02
7.125224e-03	1.453796e-01	2.616063e+00	5.356728e-02
8.194007e-03	1.560024e-01	2.687196e+00	5.741581e-02
9.423108e-03	1.673939e-01	2.756393e+00	6.159316e-02
1.083657e-02	1.796099e-01	2.819984e+00	6.606294e-02
1.246206e-02	1.927100e-01	2.874715e+00	7.084437e-02
1.433137e-02	2.067583e-01	2.922913e+00	7.597195e-02
1.648108e-02	2.218234e-01	2.968472e+00	8.147080e-02
1.895324e-02	2.379788e-01	3.009716e+00	8.736756e-02
2.179622e-02	2.553035e-01	3.045128e+00	9.369113e-02
2.506566e-02	2.738822e-01	3.065869e+00	1.004724e-01
2.882550e-02	2.938056e-01	3.087398e+00	1.077446e-01
3.314933e-02	3.151710e-01	3.112134e+00	1.155431e-01
3.812173e-02	3.380828e-01	3.117681e+00	1.239060e-01
4.383999e-02	3.626529e-01	3.124059e+00	1.328742e-01
5.041599e-02	3.890014e-01	3.115892e+00	1.424916e-01
5.797838e-02	4.172571e-01	3.105488e+00	1.528052e-01
6.667514e-02	4.475578e-01	3.093008e+00	1.638652e-01
7.667641e-02	4.800517e-01	3.065862e+00	1.757257e-01
8.817787e-02	5.148975e-01	3.034645e+00	1.884447e-01
1.014046e-01	5.522655e-01	2.993420e+00	2.020843e-01
1.166152e-01	5.923382e-01	2.945457e+00	2.167112e-01
1.341075e-01	6.353113e-01	2.889610e+00	2.323967e-01
1.542237e-01	6.813948e-01	2.826408e+00	2.492176e-01
1.773572e-01	7.308139e-01	2.753879e+00	2.672559e-01
2.039608e-01	7.838099e-01	2.677220e+00	2.866000e-01
2.345549e-01	8.406418e-01	2.595074e+00	3.073442e-01
2.697381e-01	9.015872e-01	2.509259e+00	3.295898e-01
3.101989e-01	9.669438e-01	2.410572e+00	3.534454e-01
3.567287e-01	1.037031e+00	2.310241e+00	3.790279e-01
4.102380e-01	1.112191e+00	2.207581e+00	4.064621e-01
4.717737e-01	1.192791e+00	2.104834e+00	4.358820e-01
5.425397e-01	1.279226e+00	2.005376e+00	4.674311e-01
6.239207e-01	1.371916e+00	1.890999e+00	5.012638e-01
7.175088e-01	1.471315e+00	1.782005e+00	5.375456e-01
8.251351e-01	1.577909e+00	1.675160e+00	5.764534e-01
9.489054e-01	1.692218e+00	1.568492e+00	6.181772e-01
1.091241e+00	1.814801e+00	1.462648e+00	6.629210e-01
1.254927e+00	1.946256e+00	1.364925e+00	7.109034e-01
1.443166e+00	2.087227e+00	1.272498e+00	7.623590e-01
1.659641e+00	2.238400e+00	1.178327e+00	8.175390e-01
1.908588e+00	2.400516e+00	1.087576e+00	8.767122e-01
2.194876e+00	2.614506e+00	9.986940e-01	9.401700e-01
2.524107e+00	2.867602e+00	9.315787e-01	1.008221e+00
2.902723e+00	3.146327e+00	8.562927e-01	1.081174e+00
3.338132e+00	3.454720e+00	7.723523e-01	1.159604e+00
3.838852e+00	3.796928e+00	7.286387e-01	1.245763e+00
4.414679e+00	4.161633e+00	6.783680e-01	1.341434e+00
5.076881e+00	4.568210e+00	6.205568e-01	1.448317e+00
5.838413e+00	5.004829e+00	5.540738e-01	1.466481e+00
6.714175e+00	5.477806e+00	4.815665e-01	1.405444e+00
7.721302e+00	5.998323e+00	4.403008e-01	1.351810e+00
8.879497e+00	6.517163e+00	3.934124e-01	1.306441e+00
1.021142e+01	7.100381e+00	3.573104e-01	1.270197e+00
1.174313e+01	7.753187e+00	3.211671e-01	1.243960e+00
1.350460e+01	8.448158e+00	2.886042e-01	1.228652e+00
1.553030e+01	9.212089e+00	2.621677e-01	1.225188e+00
1.785984e+01	1.005410e+01	2.326043e-01	1.234595e+00
2.053882e+01	1.098575e+01	2.099436e-01	1.257851e+00
2.361964e+01	1.198042e+01	1.893034e-01	1.295962e+00
2.716258e+01	1.300203e+01	1.719412e-01	1.349963e+00
3.123697e+01	1.410441e+01	1.519747e-01	1.420981e+00
3.592252e+01	1.504317e+01	1.351687e-01	1.510315e+00
4.131089e+01	1.598447e+01	1.207037e-01	1.619548e+00
4.750753e+01	1.683799e+01	1.081666e-01	1.750679e+00
5.463366e+01	1.758816e+01	9.784646e-02	1.906265e+00
6.282871e+01	1.833642e+01	8.597831e-02	2.089585e+00
7.225301e+01	1.890324e+01	7.631220e-02	2.304788e+00
8.309096e+01	1.939778e+01	6.785389e-02	2.557102e+00
9.555461e+01	1.976137e+01	6.018716e-02	2.853016e+00
1.098878e+02	2.011959e+01	5.312056e-02	3.200698e+00
1.263710e+02	2.047481e+01	4.739833e-02	3.610135e+00
1.453266e+02	2.064596e+01	4.244034e-02	4.092239e+00
1.671256e+02	2.028837e+01	3.758941e-02	4.673906e+00
1.921945e+02	2.009122e+01	3.328958e-02	5.420829e+00
2.210236e+02	1.972136e+01	2.926817e-02	6.307475e+00
2.541772e+02	1.921427e+01	2.667459e-02	7.366278e+00
2.923037e+02	1.861680e+01	2.369198e-02	8.633101e+00
3.361493e+02	1.798664e+01	2.043538e-02	1.015971e+01
3.865717e+02	1.732110e+01	1.835064e-02	1.200804e+01
4.445574e+02	1.665859e+01	1.600466e-02	1.425598e+01
5.112411e+02	1.599272e+01	1.455423e-02	1.700162e+01
5.879272e+02	1.529409e+01	1.288622e-02	2.036967e+01
6.761163e+02	1.457090e+01	1.110468e-02	2.451659e+01
7.775337e+02	1.382657e+01	9.947033e-03	2.964343e+01
8.941638e+02	1.307266e+01	8.660105e-03	3.600632e+01
1.028288e+03	1.231750e+01	7.706606e-03	4.393182e+01
1.182532e+03	1.156604e+01	6.784879e-03	5.383823e+01
1.359911e+03	1.082110e+01	5.982006e-03	6.626220e+01
1.563898e+03	1.008895e+01	5.344151e-03	8.189306e+01
1.798483e+03	9.374088e+00	4.647275e-03	1.016171e+02
2.068255e+03	8.678120e+00	4.125189e-03	1.265744e+02
2.378493e+03	8.008824e+00	3.670748e-03	1.582321e+02
2.735268e+03	7.370976e+00	3.288707e-03	1.984774e+02
3.145558e+03	6.767426e+00	2.849361e-03	2.497361e+02
3.617391e+03	6.198908e+00	2.499763e-03	3.151229e+02
4.160000e+03	5.664695e+00	2.197543e-03	3.986298e+02
4.784000e+03	5.167237e+00	1.947758e-03	5.053615e+02
5.501600e+03	4.708111e+00	1.740444e-03	6.418276e+02
6.326840e+03	4.285792e+00	1.502034e-03	8.163009e+02
7.275866e+03	3.898514e+00	1.317820e-03	1.039254e+03
8.367246e+03	3.546984e+00	1.154287e-03	1.323885e+03
9.622333e+03	3.230049e+00	1.011100e-03	1.686739e+03
