# Energy_MeV	dEdx_Elec_MeV_um	dEdx_Nucl_MeV_um	Range_um
1.000000e-05	9.611571e-03	6.409000e-02	2.080825e-03
1.150000e-05	1.030726e-02	7.119974e-02	2.231437e-03
1.322500e-05	1.105331e-02	7.909105e-02	2.392949e-03
1.520875e-05	1.185335e-02	8.757732e-02	2.566152e-03
1.749006e-05	1.271130e-02	9.710811e-02	2.751892e-03
2.011357e-05	1.363135e-02	1.074486e-01	2.951075e-03
2.313061e-05	1.461800e-02	1.188620e-01	3.164675e-03
2.660020e-05	1.567606e-02	1.313539e-01	3.393736e-03
3.059023e-05	1.681070e-02	1.450271e-01	3.639377e-03
3.517876e-05	1.802746e-02	1.603018e-01	3.902797e-03
4.045558e-05	1.933230e-02	1.768611e-01	4.185283e-03
4.652391e-05	2.073158e-02	1.943466e-01	4.488216e-03
5.350250e-05	2.223215e-02	2.138285e-01	4.813075e-03
6.152788e-05	2.384132e-02	2.362328e-01	5.161448e-03
7.075706e-05	2.556697e-02	2.594021e-01	5.535037e-03
8.137062e-05	2.741752e-02	2.854612e-01	5.935666e-03
9.357621e-05	2.940201e-02	3.123458e-01	6.365292e-03
1.076126e-04	3.153015e-02	3.422633e-01	6.826016e-03
1.237545e-04	3.381232e-02	3.766684e-01	7.320086e-03
1.423177e-04	3.625967e-02	4.115878e-01	7.849918e-03
1.636654e-04	3.888416e-02	4.509789e-01	8.418099e-03
1.882152e-04	4.169862e-02	4.922913e-01	9.027406e-03
2.164475e-04	4.471679e-02	5.378521e-01	9.680814e-03
2.489146e-04	4.795341e-02	5.865129e-01	1.038152e-02
2.862518e-04	5.142431e-02	6.368676e-01	1.113294e-02
3.291895e-04	5.514643e-02	6.941608e-01	1.193874e-02
3.785680e-04	5.913795e-02	7.531377e-01	1.280288e-02
4.353531e-04	6.341839e-02	8.168065e-01	1.372956e-02
5.006561e-04	6.800865e-02	8.810066e-01	1.472331e-02
5.757545e-04	7.293115e-02	9.548368e-01	1.578899e-02
6.621177e-04	7.820994e-02	1.034059e+00	1.693180e-02
7.614354e-04	8.387082e-02	1.113896e+00	1.815734e-02
8.756507e-04	8.994143e-02	1.200053e+00	1.947157e-02
1.006998e-03	9.645144e-02	1.284468e+00	2.088094e-02
1.158048e-03	1.034326e-01	1.381546e+00	2.239231e-02
1.331755e-03	1.109192e-01	1.483570e+00	2.401308e-02
1.531519e-03	1.189475e-01	1.584874e+00	2.575116e-02
1.761246e-03	1.275570e-01	1.694332e+00	2.761504e-02
2.025433e-03	1.367897e-01	1.805094e+00	2.961383e-02
2.329248e-03	1.466906e-01	1.918167e+00	3.175730e-02
2.678635e-03	1.573081e-01	2.032474e+00	3.405591e-02
3.080431e-03	1.686942e-01	2.149484e+00	3.652089e-02
3.542495e-03	1.809044e-01	2.272957e+00	3.916429e-02
4.073870e-03	1.939983e-01	2.395019e+00	4.199902e-02
4.684950e-03	2.080400e-01	2.504764e+00	4.503894e-02
5.387693e-03	2.230980e-01	2.621557e+00	4.829888e-02
6.195847e-03	2.392460e-01	2.755868e+00	5.179478e-02
7.125224e-03	2.565628e-01	2.866626e+00	5.554371e-02
8.194007e-03	2.751329e-01	2.987369e+00	5.956399e-02
9.423108e-03	2.950472e-01	3.085349e+00	6.387527e-02
1.083657e-02	3.164028e-01	3.188256e+00	6.849859e-02
1.246206e-02	3.393042e-01	3.306598e+00	7.341950e-02
1.433137e-02	3.638633e-01	3.394676e+00	7.876191e-02
1.648108e-02	3.901999e-01	3.491279e+00	8.447726e-02
1.895324e-02	4.184428e-01	3.571180e+00	9.059150e-02
2.179622e-02	4.487299e-01	3.650667e+00	9.714831e-02
2.506566e-02	4.812092e-01	3.721255e+00	1.041799e-01
2.882550e-02	5.160393e-01	3.776156e+00	1.117203e-01
3.314933e-02	5.533905e-01	3.838030e+00	1.198065e-01
3.812173e-02	5.934452e-01	3.882637e+00	1.284780e-01
4.383999e-02	6.363991e-01	3.922493e+00	1.377772e-01
5.041599e-02	6.824620e-01	3.947917e+00	1.477495e-01
5.797838e-02	7.318590e-01	3.977155e+00	1.584435e-01
6.667514e-02	7.848313e-01	3.999466e+00	1.699115e-01
7.667641e-02	8.416378e-01	4.006998e+00	1.822097e-01
8.817787e-02	9.025560e-01	4.008726e+00	1.953980e-01
1.014046e-01	9.678835e-01	3.996440e+00	2.095409e-01
1.166152e-01	1.037939e+00	3.982311e+00	2.247073e-01
1.341075e-01	1.113066e+00	3.958810e+00	2.409716e-01
1.542237e-01	1.193630e+00	3.921944e+00	2.584131e-01
1.773572e-01	1.280026e+00	3.876994e+00	2.771171e-01
2.039608e-01	1.372675e+00	3.820892e+00	2.971748e-01
2.345549e-01	1.472030e+00	3.755149e+00	3.186843e-01
2.697381e-01	1.578576e+00	3.679849e+00	3.417507e-01
3.101989e-01	1.692834e+00	3.594016e+00	3.664867e-01
3.567287e-01	1.815363e+00	3.498913e+00	3.930131e-01
4.102380e-01	1.946759e+00	3.394803e+00	4.214594e-01
4.717737e-01	2.087667e+00	3.290462e+00	4.519646e-01
5.425397e-01	2.238773e+00	3.173918e+00	4.846779e-01
6.239207e-01	2.400817e+00	3.039893e+00	5.197591e-01
7.175088e-01	2.574589e+00	2.916375e+00	5.573794e-01
8.251351e-01	2.760940e+00	2.776954e+00	5.977225e-01
9.489054e-01	2.960778e+00	2.654159e+00	6.409858e-01
1.091241e+00	3.175080e+00	2.519086e+00	6.873806e-01
1.254927e+00	3.404894e+00	2.363753e+00	7.371336e-01
1.443166e+00	3.651343e+00	2.235932e+00	7.904875e-01
1.659641e+00	3.915629e+00	2.090828e+00	8.477031e-01
1.908588e+00	4.199044e+00	1.962222e+00	9.090601e-01
2.194876e+00	4.502973e+00	1.828570e+00	9.748584e-01
2.524107e+00	4.828901e+00	1.699050e+00	1.045419e+00
2.902723e+00	5.178419e+00	1.587840e+00	1.121086e+00
3.338132e+00	2.812696e+00	1.459948e+00	1.202232e+00
3.838852e+00	3.092080e+00	1.352959e+00	1.289252e+00
4.414679e+00	3.402320e+00	1.248221e+00	1.382537e+00
5.076881e+00	3.748257e+00	1.159313e+00	1.482843e+00
5.838413e+00	4.135519e+00	1.057068e+00	1.593058e+00
6.714175e+00	4.553600e+00	9.703694e-01	1.715447e+00
7.721302e+00	5.021481e+00	9.110027e-01	1.852190e+00
8.879497e+00	5.527874e+00	8.427311e-01	2.006150e+00
1.021142e+01	6.076014e+00	7.642187e-01	2.181068e+00
1.174313e+01	6.680026e+00	6.739294e-01	2.214744e+00
1.350460e+01	7.275316e+00	5.981349e-01	2.088773e+00
1.553030e+01	7.943550e+00	5.420927e-01	1.984797e+00
1.785984e+01	8.687984e+00	4.874654e-01	1.902449e+00
2.053882e+01	9.465861e+00	4.384360e-01	1.841528e+00
2.361964e+01	1.031347e+01	3.956595e-01	1.801991e+00
2.716258e+01	1.118148e+01	3.576242e-01	1.783926e+00
3.123697e+01	1.216224e+01	3.217213e-01	1.787491e+00
3.592252e+01	1.325623e+01	2.875654e-01	1.813003e+00
4.131089e+01	1.445966e+01	2.567903e-01	1.860856e+00
4.750753e+01	1.580449e+01	2.345648e-01	1.931615e+00
5.463366e+01	1.707835e+01	2.109856e-01	2.026114e+00
6.282871e+01	1.838393e+01	1.838694e-01	2.145579e+00
7.225301e+01	1.963379e+01	1.664689e-01	2.291780e+00
8.309096e+01	2.076956e+01	1.468243e-01	2.467174e+00
9.555461e+01	2.192644e+01	1.338320e-01	2.675059e+00
1.098878e+02	2.286032e+01	1.198164e-01	2.919717e+00
1.263710e+02	2.370215e+01	1.038285e-01	3.206664e+00
1.453266e+02	2.438106e+01	9.383971e-02	3.542758e+00
1.671256e+02	2.507117e+01	8.235264e-02	3.936667e+00
1.921945e+02	2.577702e+01	7.381632e-02	4.398992e+00
2.210236e+02	2.623879e+01	6.533159e-02	4.940859e+00
2.541772e+02	2.549559e+01	5.784444e-02	5.593007e+00
2.923037e+02	2.549714e+01	5.211579e-02	6.429712e+00
3.361493e+02	2.525709e+01	4.552784e-02	7.415173e+00
3.865717e+02	2.481359e+01	4.077056e-02	8.584137e+00
4.445574e+02	2.423294e+01	3.631072e-02	9.972654e+00
5.112411e+02	2.359821e+01	3.278843e-02	1.163399e+01
5.879272e+02	2.290681e+01	2.873780e-02	1.363094e+01
6.761163e+02	2.221453e+01	2.521775e-02	1.604185e+01
7.775337e+02	2.151213e+01	2.238651e-02	1.896476e+01
8.941638e+02	2.075097e+01	1.983988e-02	2.252352e+01
1.028288e+03	1.994146e+01	1.787007e-02	2.687231e+01
1.182532e+03	1.908776e+01	1.560479e-02	3.220828e+01
1.359911e+03	1.820501e+01	1.369124e-02	3.878100e+01
1.563898e+03	1.730476e+01	1.211907e-02	4.690682e+01
1.798483e+03	1.639293e+01	1.065231e-02	5.698876e+01
2.068255e+03	1.547225e+01	9.357379e-03	6.954140e+01
2.378493e+03	1.455198e+01	8.289108e-03	8.522267e+01
2.735268e+03	1.363729e+01	7.368357e-03	1.048751e+02
3.145558e+03	1.273122e+01	6.502099e-03	1.295785e+02
3.617391e+03	1.184711e+01	5.711228e-03	1.607184e+02
4.160000e+03	1.099299e+01	5.002192e-03	2.000724e+02
4.784000e+03	1.017204e+01	4.526069e-03	2.499211e+02
5.501600e+03	9.386908e+00	4.007226e-03	3.131887e+02
6.326840e+03	8.641627e+00	3.418435e-03	3.936204e+02
7.275866e+03	7.940172e+00	3.061532e-03	4.960037e+02
8.367246e+03	7.282299e+00	2.651093e-03	6.264454e+02
9.622333e+03	6.669070e+00	2.399342e-03	7.927117e+02
