# Energy_MeV	dEdx_Elec_MeV_um	dEdx_Nucl_MeV_um	Range_um
1.000000e-05	8.808468e-03	5.977429e-02	2.270542e-03
1.150000e-05	9.446030e-03	6.629464e-02	2.434885e-03
1.322500e-05	1.012974e-02	7.379304e-02	2.611124e-03
1.520875e-05	1.086293e-02	8.166253e-02	2.800118e-03
1.749006e-05	1.164920e-02	9.061271e-02	3.002792e-03
2.011357e-05	1.249237e-02	1.002244e-01	3.220136e-03
2.313061e-05	1.339658e-02	1.109753e-01	3.453211e-03
2.660020e-05	1.436623e-02	1.227980e-01	3.703156e-03
3.059023e-05	1.540607e-02	1.354063e-01	3.971193e-03
3.517876e-05	1.652117e-02	1.498269e-01	4.258630e-03
4.045558e-05	1.771698e-02	1.651813e-01	4.566872e-03
4.652391e-05	1.899934e-02	1.820872e-01	4.897424e-03
5.350250e-05	2.037452e-02	1.999541e-01	5.251902e-03
6.152788e-05	2.184924e-02	2.205011e-01	5.632038e-03
7.075706e-05	2.343070e-02	2.430168e-01	6.039688e-03
8.137062e-05	2.512663e-02	2.669156e-01	6.476843e-03
9.357621e-05	2.694531e-02	2.931980e-01	6.945641e-03
1.076126e-04	2.889562e-02	3.206353e-01	7.448370e-03
1.237545e-04	3.098710e-02	3.521883e-01	7.987487e-03
1.423177e-04	3.322996e-02	3.863689e-01	8.565625e-03
1.636654e-04	1.785879e-02	4.224945e-01	9.185610e-03
1.882152e-04	1.923021e-02	4.623742e-01	9.850469e-03
2.164475e-04	2.070059e-02	5.050152e-01	1.056345e-02
2.489146e-04	2.227711e-02	5.506446e-01	1.132804e-02
2.862518e-04	2.396747e-02	5.993025e-01	1.214797e-02
3.291895e-04	2.577994e-02	6.518462e-01	1.302725e-02
3.785680e-04	2.772337e-02	7.092120e-01	1.397016e-02
4.353531e-04	2.980726e-02	7.702028e-01	1.498133e-02
5.006561e-04	3.204178e-02	8.312025e-01	1.606569e-02
5.757545e-04	3.443787e-02	8.989123e-01	1.722853e-02
6.621177e-04	3.700722e-02	9.767784e-01	1.847554e-02
7.614354e-04	3.976239e-02	1.051538e+00	1.981281e-02
8.756507e-04	4.271683e-02	1.135740e+00	2.124687e-02
1.006998e-03	4.588499e-02	1.216064e+00	2.278473e-02
1.158048e-03	4.928234e-02	1.305094e+00	2.443391e-02
1.331755e-03	5.292547e-02	1.407479e+00	2.620244e-02
1.531519e-03	5.683220e-02	1.501779e+00	2.809899e-02
1.761246e-03	6.102159e-02	1.608621e+00	3.013281e-02
2.025433e-03	6.551413e-02	1.712568e+00	3.231384e-02
2.329248e-03	7.033175e-02	1.824148e+00	3.465273e-02
2.678635e-03	7.549800e-02	1.938377e+00	3.716092e-02
3.080431e-03	8.103811e-02	2.046124e+00	3.985064e-02
3.542495e-03	8.697914e-02	2.169530e+00	4.273505e-02
4.073870e-03	9.335013e-02	2.283660e+00	4.582824e-02
4.684950e-03	1.001822e-01	2.400257e+00	4.914531e-02
5.387693e-03	1.075087e-01	2.507367e+00	5.270247e-02
6.195847e-03	1.153655e-01	2.630544e+00	5.651711e-02
7.125224e-03	1.237909e-01	2.752167e+00	6.060785e-02
8.194007e-03	1.328261e-01	2.862901e+00	6.499467e-02
9.423108e-03	1.425152e-01	2.972932e+00	6.969902e-02
1.083657e-02	1.529056e-01	3.067308e+00	7.474387e-02
1.246206e-02	1.640480e-01	3.175840e+00	8.015388e-02
1.433137e-02	1.759968e-01	3.277609e+00	8.591336e-02
1.648108e-02	1.888105e-01	3.366204e+00	9.217035e-02
1.895324e-02	2.025517e-01	3.454107e+00	9.885106e-02
2.179622e-02	2.172874e-01	3.533309e+00	1.060061e-01
2.506566e-02	2.330896e-01	3.602773e+00	1.136784e-01
2.882550e-02	2.500356e-01	3.664092e+00	1.219065e-01
3.314933e-02	2.682082e-01	3.720836e+00	1.307299e-01
3.812173e-02	2.876960e-01	3.773598e+00	1.401920e-01
4.383999e-02	3.085944e-01	3.817702e+00	1.503390e-01
5.041599e-02	3.310054e-01	3.844876e+00	1.612205e-01
5.797838e-02	3.550385e-01	3.871690e+00	1.728895e-01
6.667514e-02	3.808112e-01	3.902526e+00	1.854032e-01
7.667641e-02	4.084492e-01	3.910785e+00	1.988226e-01
8.817787e-02	4.380877e-01	3.918730e+00	2.132133e-01
1.014046e-01	4.698714e-01	3.909550e+00	2.286457e-01
1.166152e-01	5.039557e-01	3.896592e+00	2.451949e-01
1.341075e-01	5.405069e-01	3.881691e+00	2.629420e-01
1.542237e-01	5.797038e-01	3.848038e+00	2.819738e-01
1.773572e-01	6.217377e-01	3.809157e+00	3.023831e-01
2.039608e-01	6.668141e-01	3.758137e+00	3.242696e-01
2.345549e-01	7.151531e-01	3.698474e+00	3.477401e-01
2.697381e-01	7.669909e-01	3.628849e+00	3.729095e-01
3.101989e-01	8.225807e-01	3.550132e+00	3.999008e-01
3.567287e-01	8.821942e-01	3.459608e+00	4.288458e-01
4.102380e-01	9.461225e-01	3.363904e+00	4.598856e-01
4.717737e-01	1.014678e+00	3.260710e+00	4.931721e-01
5.425397e-01	1.088195e+00	3.153828e+00	5.288680e-01
6.239207e-01	1.167034e+00	3.030913e+00	5.671477e-01
7.175088e-01	1.251579e+00	2.904396e+00	6.081980e-01
8.251351e-01	1.342244e+00	2.776533e+00	6.522194e-01
9.489054e-01	1.439471e+00	2.646518e+00	6.994271e-01
1.091241e+00	1.543735e+00	2.522643e+00	7.500519e-01
1.254927e+00	1.655546e+00	2.380187e+00	8.043411e-01
1.443166e+00	1.775450e+00	2.241969e+00	8.625595e-01
1.659641e+00	1.904033e+00	2.108894e+00	9.249916e-01
1.908588e+00	2.041922e+00	1.974054e+00	9.919427e-01
2.194876e+00	2.189792e+00	1.842225e+00	1.063740e+00
2.524107e+00	2.348365e+00	1.718919e+00	1.140734e+00
2.902723e+00	2.518415e+00	1.602024e+00	1.223301e+00
3.338132e+00	2.700774e+00	1.484734e+00	1.311843e+00
3.838852e+00	2.951984e+00	1.369719e+00	1.406795e+00
4.414679e+00	3.237728e+00	1.259017e+00	1.508632e+00
5.076881e+00	3.556087e+00	1.173202e+00	1.617755e+00
5.838413e+00	3.905931e+00	1.079433e+00	1.735383e+00
6.714175e+00	4.298988e+00	9.715992e-01	1.865032e+00
7.721302e+00	4.717601e+00	9.171074e-01	2.009078e+00
8.879497e+00	5.183132e+00	8.544955e-01	2.170216e+00
1.021142e+01	5.691292e+00	7.824917e-01	2.351877e+00
1.174313e+01	6.229669e+00	6.996874e-01	2.558575e+00
1.350460e+01	6.821920e+00	6.066112e-01	2.421117e+00
1.553030e+01	7.404270e+00	5.552149e-01	2.296744e+00
1.785984e+01	8.059738e+00	4.961091e-01	2.194843e+00
2.053882e+01	8.794360e+00	4.507454e-01	2.115495e+00
2.361964e+01	9.540094e+00	4.049588e-01	2.058916e+00
2.716258e+01	1.035713e+01	3.636463e-01	2.025448e+00
3.123697e+01	1.121464e+01	3.307197e-01	2.015535e+00
3.592252e+01	1.217546e+01	2.931669e-01	2.029635e+00
4.131089e+01	1.325342e+01	2.649430e-01	2.068431e+00
4.750753e+01	1.441001e+01	2.385269e-01	2.132608e+00
5.463366e+01	1.566576e+01	2.169023e-01	2.223062e+00
6.282871e+01	1.686655e+01	1.920341e-01	2.341002e+00
7.225301e+01	1.802749e+01	1.704402e-01	2.488108e+00
8.309096e+01	1.917689e+01	1.524240e-01	2.666702e+00
9.555461e+01	2.014786e+01	1.363165e-01	2.879931e+00
1.098878e+02	2.112439e+01	1.234629e-01	3.131943e+00
1.263710e+02	2.193798e+01	1.086811e-01	3.428108e+00
1.453266e+02	2.258667e+01	9.624294e-02	3.775251e+00
1.671256e+02	2.314206e+01	8.570813e-02	4.181864e+00
1.921945e+02	2.368293e+01	7.593023e-02	4.658526e+00
2.210236e+02	2.418717e+01	6.712880e-02	5.218983e+00
2.541772e+02	2.450914e+01	5.985106e-02	5.874536e+00
2.923037e+02	2.461084e+01	5.353347e-02	6.675439e+00
3.361493e+02	2.453030e+01	4.749165e-02	7.697685e+00
3.865717e+02	2.423570e+01	4.200409e-02	8.892318e+00
4.445574e+02	2.374213e+01	3.699096e-02	1.031579e+01
5.112411e+02	2.314672e+01	3.364286e-02	1.200959e+01
5.879272e+02	2.249746e+01	2.992802e-02	1.403986e+01
6.761163e+02	2.180155e+01	2.576173e-02	1.648532e+01
7.775337e+02	2.111624e+01	2.316519e-02	1.944290e+01
8.941638e+02	2.040509e+01	2.017917e-02	2.303555e+01
1.028288e+03	1.964367e+01	1.835870e-02	2.741763e+01
1.182532e+03	1.883817e+01	1.628121e-02	3.278248e+01
1.359911e+03	1.799558e+01	1.400053e-02	3.937759e+01
1.563898e+03	1.712894e+01	1.255869e-02	4.751617e+01
1.798483e+03	1.625011e+01	1.092151e-02	5.759611e+01
2.068255e+03	1.536238e+01	9.733933e-03	7.012503e+01
2.378493e+03	1.447018e+01	8.563520e-03	8.575169e+01
2.735268e+03	1.358220e+01	7.542834e-03	1.053066e+02
3.145558e+03	1.270308e+01	6.748388e-03	1.298540e+02
3.617391e+03	1.183532e+01	5.861441e-03	1.607594e+02
4.160000e+03	1.099287e+01	5.211184e-03	1.997756e+02
4.784000e+03	1.018170e+01	4.627959e-03	2.491526e+02
5.501600e+03	9.404659e+00	4.152128e-03	3.117784e+02
6.326840e+03	8.664148e+00	3.604923e-03	3.913564e+02
7.275866e+03	7.963272e+00	3.154146e-03	4.926292e+02
8.367246e+03	7.305226e+00	2.777733e-03	6.216585e+02
9.622333e+03	6.690449e+00	2.455945e-03	7.861729e+02
