# Energy_MeV	dEdx_Elec_MeV_um	dEdx_Nucl_MeV_um	Range_um
1.000000e-05	4.699305e-03	1.057579e-01	2.283511e-03
1.150000e-05	5.170248e-03	1.159903e-01	2.448793e-03
1.322500e-05	5.672154e-03	1.276433e-01	2.626038e-03
1.520875e-05	6.207668e-03	1.393585e-01	2.816112e-03
1.749006e-05	6.779556e-03	1.528164e-01	3.019944e-03
2.011357e-05	7.390731e-03	1.666445e-01	3.238529e-03
2.313061e-05	8.044275e-03	1.819321e-01	3.472935e-03
2.660020e-05	8.743455e-03	1.983648e-01	3.724308e-03
3.059023e-05	9.491751e-03	2.154042e-01	3.993876e-03
3.517876e-05	1.029287e-02	2.348719e-01	4.282954e-03
4.045558e-05	1.115076e-02	2.546506e-01	4.592957e-03
4.652391e-05	1.206965e-02	2.756774e-01	4.925398e-03
5.350250e-05	1.305406e-02	2.976351e-01	5.281901e-03
6.152788e-05	1.410882e-02	3.228864e-01	5.664207e-03
7.075706e-05	1.523910e-02	3.489105e-01	6.074186e-03
8.137062e-05	1.645045e-02	3.762165e-01	6.513838e-03
9.357621e-05	1.774878e-02	4.043992e-01	6.985313e-03
1.076126e-04	1.914047e-02	4.332710e-01	7.490914e-03
1.237545e-04	2.063231e-02	4.664735e-01	8.033110e-03
1.423177e-04	2.223160e-02	4.997472e-01	8.614551e-03
1.636654e-04	2.394616e-02	5.343952e-01	9.238077e-03
1.882152e-04	2.578438e-02	5.704315e-01	9.906734e-03
2.164475e-04	2.775524e-02	6.083140e-01	1.062379e-02
2.489146e-04	2.986837e-02	6.457371e-01	1.139274e-02
2.862518e-04	3.213409e-02	6.832718e-01	1.221736e-02
3.291895e-04	3.456350e-02	7.232914e-01	1.310166e-02
3.785680e-04	3.716844e-02	7.635609e-01	1.404996e-02
4.353531e-04	3.996165e-02	8.053085e-01	1.506690e-02
5.006561e-04	4.295679e-02	8.403127e-01	1.615745e-02
5.757545e-04	4.616847e-02	8.802580e-01	1.732694e-02
6.621177e-04	4.961240e-02	9.249853e-01	1.858107e-02
7.614354e-04	5.330540e-02	9.608953e-01	1.992598e-02
8.756507e-04	5.726551e-02	1.001897e+00	2.136823e-02
1.006998e-03	6.151209e-02	1.032502e+00	2.291488e-02
1.158048e-03	6.606587e-02	1.067698e+00	2.457347e-02
1.331755e-03	7.094910e-02	1.106236e+00	2.635211e-02
1.531519e-03	7.618565e-02	1.134967e+00	2.825949e-02
1.761246e-03	8.180109e-02	1.167329e+00	3.030493e-02
2.025433e-03	8.782286e-02	1.193014e+00	3.249841e-02
2.329248e-03	9.428037e-02	1.218450e+00	3.485066e-02
2.678635e-03	1.012052e-01	1.241227e+00	3.737317e-02
3.080431e-03	1.086311e-01	1.259629e+00	4.007815e-02
3.542495e-03	1.165945e-01	1.279864e+00	4.297332e-02
4.073870e-03	1.251341e-01	1.294167e+00	4.609164e-02
4.684950e-03	1.342918e-01	1.305988e+00	4.942688e-02
5.387693e-03	1.441122e-01	1.314683e+00	5.300469e-02
6.195847e-03	1.546434e-01	1.324683e+00	5.684108e-02
7.125224e-03	1.659367e-01	1.330453e+00	6.095519e-02
8.194007e-03	1.780475e-01	1.333030e+00	6.536709e-02
9.423108e-03	1.910347e-01	1.332280e+00	7.009830e-02
1.083657e-02	2.049620e-01	1.328078e+00	7.517195e-02
1.246206e-02	2.198972e-01	1.323246e+00	8.061285e-02
1.433137e-02	2.359134e-01	1.314128e+00	8.644759e-02
1.648108e-02	2.530888e-01	1.301519e+00	9.270464e-02
1.895324e-02	2.715074e-01	1.285705e+00	9.941454e-02
2.179622e-02	2.912591e-01	1.266517e+00	1.066101e-01
2.506566e-02	3.124404e-01	1.243931e+00	1.143265e-01
2.882550e-02	3.351547e-01	1.218267e+00	1.226015e-01
3.314933e-02	3.595131e-01	1.188911e+00	1.314754e-01
3.812173e-02	3.856346e-01	1.156944e+00	1.409915e-01
4.383999e-02	4.136467e-01	1.121501e+00	1.511965e-01
5.041599e-02	4.436863e-01	1.086840e+00	1.621401e-01
5.797838e-02	4.759002e-01	1.046980e+00	1.738758e-01
6.667514e-02	5.104458e-01	1.002461e+00	1.864609e-01
7.667641e-02	5.474917e-01	9.609960e-01	1.999569e-01
8.817787e-02	5.872190e-01	9.142453e-01	2.144299e-01
1.014046e-01	6.298218e-01	8.740737e-01	2.299504e-01
1.166152e-01	6.755082e-01	8.278764e-01	2.465942e-01
1.341075e-01	7.245014e-01	7.775181e-01	2.644427e-01
1.542237e-01	7.770407e-01	7.343630e-01	2.835831e-01
1.773572e-01	8.333828e-01	6.861808e-01	3.041090e-01
2.039608e-01	8.938030e-01	6.434298e-01	3.261205e-01
2.345549e-01	9.585964e-01	5.998688e-01	3.497252e-01
2.697381e-01	1.028080e+00	5.579712e-01	3.750383e-01
3.101989e-01	1.102592e+00	5.199351e-01	4.021837e-01
3.567287e-01	1.182498e+00	4.781819e-01	4.312939e-01
4.102380e-01	1.268187e+00	4.422821e-01	4.625112e-01
4.717737e-01	1.360078e+00	4.094627e-01	4.959879e-01
5.425397e-01	1.458621e+00	3.790544e-01	5.318875e-01
6.239207e-01	1.564296e+00	3.440848e-01	5.703858e-01
7.175088e-01	1.677620e+00	3.189333e-01	6.116705e-01
8.251351e-01	1.811807e+00	2.986288e-01	6.559445e-01
9.489054e-01	1.978119e+00	2.752786e-01	6.751491e-01
1.091241e+00	2.161191e+00	2.484258e-01	6.789253e-01
1.254927e+00	2.367345e+00	2.175452e-01	6.802535e-01
1.443166e+00	2.592196e+00	1.953610e-01	6.800806e-01
1.659641e+00	2.840395e+00	1.761935e-01	6.793286e-01
1.908588e+00	3.116434e+00	1.590024e-01	6.783285e-01
2.194876e+00	3.413446e+00	1.424254e-01	6.775992e-01
2.524107e+00	3.745878e+00	1.286433e-01	6.776807e-01
2.902723e+00	4.106794e+00	1.166548e-01	6.792025e-01
3.338132e+00	4.497501e+00	1.043753e-01	6.828890e-01
3.838852e+00	4.929552e+00	9.368159e-02	6.895711e-01
4.414679e+00	5.400035e+00	8.352427e-02	7.001962e-01
5.076881e+00	5.907970e+00	7.651162e-02	7.158338e-01
5.838413e+00	6.415607e+00	6.844707e-02	7.376766e-01
6.714175e+00	6.880872e+00	5.995827e-02	7.670299e-01
7.721302e+00	7.348100e+00	5.411578e-02	8.053134e-01
8.879497e+00	7.682478e+00	4.778684e-02	8.540522e-01
1.021142e+01	8.017707e+00	4.361850e-02	9.148829e-01
1.174313e+01	8.312693e+00	3.882491e-02	9.895938e-01
1.350460e+01	8.541842e+00	3.389568e-02	1.080187e+00
1.553030e+01	8.751100e+00	3.047933e-02	1.188986e+00
1.785984e+01	8.875075e+00	2.679446e-02	1.318765e+00
2.053882e+01	8.980553e+00	2.394023e-02	1.472917e+00
2.361964e+01	9.048671e+00	2.124185e-02	1.655651e+00
2.716258e+01	9.064935e+00	1.887345e-02	1.872227e+00
3.123697e+01	9.055248e+00	1.691414e-02	2.129236e+00
3.592252e+01	8.976521e+00	1.483802e-02	2.434933e+00
4.131089e+01	8.880581e+00	1.321231e-02	2.799764e+00
4.750753e+01	8.764129e+00	1.185211e-02	3.236399e+00
5.463366e+01	8.596145e+00	1.064741e-02	3.762282e+00
6.282871e+01	8.490008e+00	9.262020e-03	4.396151e+00
7.225301e+01	8.183638e+00	8.206939e-03	5.213394e+00
8.309096e+01	7.829535e+00	7.238598e-03	6.232165e+00
9.555461e+01	7.446442e+00	6.473033e-03	7.466907e+00
1.098878e+02	7.039721e+00	5.799320e-03	8.982726e+00
1.263710e+02	6.636035e+00	5.024550e-03	1.085100e+01
1.453266e+02	6.229501e+00	4.453503e-03	1.316480e+01
1.671256e+02	5.831166e+00	3.915789e-03	1.604442e+01
1.921945e+02	5.448451e+00	3.460463e-03	1.964180e+01
2.210236e+02	5.070397e+00	3.030624e-03	2.415475e+01
2.541772e+02	4.702084e+00	2.682462e-03	2.983551e+01
2.923037e+02	4.343393e+00	2.395515e-03	3.701103e+01
3.361493e+02	3.998460e+00	2.099238e-03	4.610472e+01
3.865717e+02	3.669065e+00	1.854392e-03	5.766249e+01
4.445574e+02	3.356944e+00	1.626609e-03	7.239021e+01
5.112411e+02	3.062326e+00	1.472301e-03	9.120087e+01
5.879272e+02	2.785941e+00	1.294847e-03	1.152750e+02
6.761163e+02	2.528311e+00	1.114205e-03	1.461378e+02
7.775337e+02	2.289798e+00	9.921373e-04	1.857580e+02
8.941638e+02	2.069502e+00	8.638143e-04	2.366736e+02
1.028288e+03	1.866906e+00	7.800796e-04	3.021511e+02
1.182532e+03	1.681625e+00	6.837846e-04	3.863870e+02
1.359911e+03	1.513302e+00	5.880342e-04	4.947610e+02
1.563898e+03	1.361470e+00	5.219827e-04	6.341526e+02
1.798483e+03	1.225059e+00	4.524296e-04	8.133368e+02
2.068255e+03	1.102092e+00	3.984570e-04	1.043473e+03
2.378493e+03	9.916393e-01	3.490865e-04	1.338710e+03
2.735268e+03	8.934024e-01	3.065089e-04	1.716921e+03
3.145558e+03	8.060563e-01	2.710044e-04	2.200598e+03
3.617391e+03	7.282320e-01	2.343678e-04	2.817924e+03
4.160000e+03	6.592945e-01	2.057678e-04	3.604046e+03
4.784000e+03	5.984602e-01	1.828543e-04	4.602559e+03
5.501600e+03	5.446939e-01	1.621897e-04	5.867229e+03
6.326840e+03	4.973008e-01	1.384254e-04	7.463907e+03
7.275866e+03	4.555191e-01	1.213006e-04	9.473288e+03
8.367246e+03	4.188730e-01	1.052182e-04	1.199309e+04
9.622333e+03	3.867170e-01	9.316477e-05	1.513987e+04
