# Energy_MeV	dEdx_Elec_MeV_um	dEdx_Nucl_MeV_um	Range_um
1.000000e-05	4.919791e-03	8.939484e-02	5.256564e-03
1.150000e-05	5.317553e-03	9.668640e-02	5.637037e-03
1.322500e-05	5.743791e-03	1.050717e-01	6.045049e-03
1.520875e-05	6.200596e-03	1.130886e-01	6.482593e-03
1.749006e-05	6.690203e-03	1.221562e-01	6.951806e-03
2.011357e-05	7.215009e-03	1.307657e-01	7.454982e-03
2.313061e-05	7.777581e-03	1.403533e-01	7.994577e-03
2.660020e-05	8.380671e-03	1.513789e-01	8.573229e-03
3.059023e-05	9.027229e-03	1.614830e-01	9.193764e-03
3.517876e-05	9.720414e-03	1.729886e-01	9.859213e-03
4.045558e-05	1.046362e-02	1.841384e-01	1.057283e-02
4.652391e-05	1.126047e-02	1.961149e-01	1.133810e-02
5.350250e-05	1.211486e-02	2.084139e-01	1.215875e-02
6.152788e-05	1.303097e-02	2.199699e-01	1.303881e-02
7.075706e-05	1.401328e-02	2.332594e-01	1.398257e-02
8.137062e-05	1.506658e-02	2.454881e-01	1.499463e-02
9.357621e-05	1.619602e-02	2.579645e-01	1.607995e-02
1.076126e-04	1.740712e-02	2.694990e-01	1.724383e-02
1.237545e-04	1.870580e-02	2.827638e-01	1.849194e-02
1.423177e-04	2.009840e-02	2.957609e-01	1.983040e-02
1.636654e-04	2.159173e-02	3.076857e-01	2.126573e-02
1.882152e-04	2.319308e-02	3.194338e-01	2.280496e-02
2.164475e-04	2.491027e-02	3.295970e-01	2.445559e-02
2.489146e-04	2.675169e-02	3.412847e-01	2.622570e-02
2.862518e-04	2.872635e-02	3.521391e-01	2.812393e-02
3.291895e-04	3.084388e-02	3.616797e-01	3.015956e-02
3.785680e-04	3.311464e-02	3.710728e-01	3.234252e-02
4.353531e-04	3.554971e-02	3.796019e-01	3.468349e-02
5.006561e-04	3.816099e-02	3.870272e-01	3.719390e-02
5.757545e-04	4.096124e-02	3.935757e-01	3.988602e-02
6.621177e-04	4.396414e-02	3.996864e-01	4.277299e-02
7.614354e-04	4.718437e-02	4.053090e-01	4.586892e-02
8.756507e-04	5.063764e-02	4.100585e-01	4.918893e-02
1.006998e-03	5.434083e-02	4.129278e-01	5.274926e-02
1.158048e-03	5.831204e-02	4.158153e-01	5.656727e-02
1.331755e-03	6.257066e-02	4.191360e-01	6.066164e-02
1.531519e-03	6.713751e-02	4.199668e-01	6.505237e-02
1.761246e-03	7.203488e-02	4.208223e-01	6.976089e-02
2.025433e-03	7.728670e-02	4.197915e-01	7.478857e-02
2.329248e-03	8.291864e-02	4.183961e-01	8.021095e-02
2.678635e-03	8.895821e-02	4.167743e-01	8.603455e-02
3.080431e-03	9.543490e-02	4.131333e-01	9.226059e-02
3.542495e-03	1.023804e-01	4.089462e-01	9.893863e-02
4.073870e-03	1.098285e-01	4.034381e-01	1.060998e-01
4.684950e-03	1.178158e-01	3.970100e-01	1.137792e-01
5.387693e-03	1.263812e-01	3.895150e-01	1.220144e-01
6.195847e-03	1.355665e-01	3.810381e-01	1.308457e-01
7.125224e-03	1.454167e-01	3.712896e-01	1.403162e-01
8.194007e-03	1.559798e-01	3.610010e-01	1.504722e-01
9.423108e-03	1.673074e-01	3.499258e-01	1.613634e-01
1.083657e-02	1.794550e-01	3.384158e-01	1.730427e-01
1.246206e-02	1.924818e-01	3.251793e-01	1.855675e-01
1.433137e-02	2.064514e-01	3.116210e-01	1.989988e-01
1.648108e-02	2.214322e-01	2.978516e-01	2.134023e-01
1.895324e-02	2.374974e-01	2.839375e-01	2.288484e-01
2.179622e-02	2.547253e-01	2.705976e-01	2.454123e-01
2.506566e-02	2.732001e-01	2.552567e-01	2.631752e-01
2.882550e-02	2.930122e-01	2.404772e-01	2.822238e-01
3.314933e-02	3.142583e-01	2.261465e-01	3.026513e-01
3.812173e-02	3.370422e-01	2.117103e-01	3.245572e-01
4.383999e-02	3.614752e-01	1.975139e-01	3.480485e-01
5.041599e-02	3.876766e-01	1.843030e-01	3.732403e-01
5.797838e-02	4.157745e-01	1.717904e-01	4.002555e-01
6.667514e-02	4.459062e-01	1.591596e-01	4.292262e-01
7.667641e-02	4.782188e-01	1.468583e-01	4.602936e-01
8.817787e-02	5.128702e-01	1.349370e-01	4.936096e-01
1.014046e-01	5.500297e-01	1.257903e-01	5.293372e-01
1.166152e-01	5.898788e-01	1.156925e-01	5.676509e-01
1.341075e-01	6.326123e-01	1.042169e-01	6.087376e-01
1.542237e-01	6.784387e-01	9.835376e-02	6.527981e-01
1.773572e-01	7.275822e-01	9.161116e-02	7.000476e-01
2.039608e-01	7.802826e-01	8.385718e-02	7.507174e-01
2.345549e-01	8.367975e-01	7.494010e-02	8.050548e-01
2.697381e-01	8.974017e-01	6.503471e-02	8.611517e-01
3.101989e-01	9.623789e-01	5.949991e-02	8.976044e-01
3.567287e-01	1.032057e+00	5.313900e-02	9.315552e-01
4.102380e-01	1.106777e+00	4.829679e-02	9.620082e-01
4.717737e-01	1.186902e+00	4.339888e-02	9.878590e-01
5.425397e-01	1.264386e+00	3.898216e-02	1.017256e+00
6.239207e-01	1.346563e+00	3.543635e-02	1.049482e+00
7.175088e-01	1.427603e+00	3.142348e-02	1.079562e+00
8.251351e-01	1.515925e+00	2.838409e-02	1.107358e+00
9.489054e-01	1.607525e+00	2.556955e-02	1.134282e+00
1.091241e+00	1.699935e+00	2.324084e-02	1.161476e+00
1.254927e+00	1.798917e+00	2.056281e-02	1.189452e+00
1.443166e+00	1.889917e+00	1.826558e-02	1.219032e+00
1.659641e+00	1.985825e+00	1.632545e-02	1.251259e+00
1.908588e+00	2.080847e+00	1.461182e-02	1.287469e+00
2.194876e+00	2.167373e+00	1.322763e-02	1.329352e+00
2.524107e+00	2.255283e+00	1.163580e-02	1.379003e+00
2.902723e+00	2.325396e+00	1.031334e-02	1.438991e+00
3.338132e+00	2.391913e+00	9.178861e-03	1.512423e+00
3.838852e+00	2.449129e+00	8.135641e-03	1.603004e+00
4.414679e+00	2.488973e+00	7.187828e-03	1.715091e+00
5.076881e+00	2.522324e+00	6.410514e-03	1.853755e+00
5.838413e+00	2.527985e+00	5.736245e-03	2.024861e+00
6.714175e+00	2.519737e+00	5.085611e-03	2.235196e+00
7.721302e+00	2.494355e+00	4.500288e-03	2.492682e+00
8.879497e+00	2.452030e+00	3.960431e-03	2.806707e+00
1.021142e+01	2.399451e+00	3.605084e-03	3.188604e+00
1.174313e+01	2.332919e+00	3.205038e-03	3.652299e+00
1.350460e+01	2.257342e+00	2.761068e-03	4.215182e+00
1.553030e+01	2.171225e+00	2.481450e-03	4.899212e+00
1.785984e+01	2.080918e+00	2.161711e-03	5.732356e+00
2.053882e+01	1.983224e+00	1.967170e-03	6.750435e+00
2.361964e+01	1.886654e+00	1.743447e-03	7.999434e+00
2.716258e+01	1.788442e+00	1.500474e-03	9.538939e+00
3.123697e+01	1.684118e+00	1.345204e-03	1.144436e+01
3.592252e+01	1.585249e+00	1.170359e-03	1.381560e+01
4.131089e+01	1.482230e+00	1.042470e-03	1.678824e+01
4.750753e+01	1.374852e+00	9.173841e-04	2.072648e+01
5.463366e+01	1.266807e+00	8.083495e-04	2.574759e+01
6.282871e+01	1.161352e+00	7.227967e-04	3.207748e+01
7.225301e+01	1.060126e+00	6.280911e-04	4.010272e+01
8.309096e+01	9.647437e-01	5.580658e-04	5.031134e+01
9.555461e+01	8.747271e-01	4.959922e-04	6.332843e+01
1.098878e+02	7.914112e-01	4.447507e-04	7.996585e+01
1.263710e+02	7.145193e-01	3.858229e-04	1.012639e+02
1.453266e+02	6.436836e-01	3.379330e-04	1.285755e+02
1.671256e+02	5.788870e-01	2.973976e-04	1.636349e+02
1.921945e+02	5.196234e-01	2.631994e-04	2.086922e+02
2.210236e+02	4.658134e-01	2.353933e-04	2.666559e+02
2.541772e+02	4.171264e-01	2.034163e-04	3.412718e+02
2.923037e+02	3.732139e-01	1.781673e-04	4.373705e+02
3.361493e+02	3.336935e-01	1.562334e-04	5.611782e+02
3.865717e+02	2.982143e-01	1.367312e-04	7.207145e+02
4.445574e+02	2.664282e-01	1.188083e-04	9.262999e+02
5.112411e+02	2.379926e-01	1.047769e-04	1.191207e+03
5.879272e+02	2.125997e-01	9.274928e-05	1.532489e+03
6.761163e+02	1.899614e-01	8.095919e-05	1.972031e+03
7.775337e+02	1.697936e-01	0.000000e+00	2.537890e+03
8.941638e+02	1.518389e-01	0.000000e+00	3.265967e+03
1.028288e+03	1.358791e-01	0.000000e+00	4.202128e+03
1.182532e+03	1.217114e-01	0.000000e+00	5.404831e+03
1.359911e+03	1.091386e-01	0.000000e+00	6.948399e+03
1.563898e+03	9.799283e-02	0.000000e+00	8.927046e+03
1.798483e+03	8.812530e-02	0.000000e+00	1.145979e+04
2.068255e+03	7.939069e-02	0.000000e+00	1.469641e+04
2.378493e+03	7.166279e-02	0.000000e+00	1.882455e+04
2.735268e+03	6.484070e-02	0.000000e+00	2.407818e+04
3.145558e+03	5.882636e-02	0.000000e+00	3.074737e+04
3.617391e+03	5.352562e-02	0.000000e+00	3.918962e+04
4.160000e+03	4.885892e-02	0.000000e+00	4.984271e+04
4.784000e+03	4.474145e-02	0.000000e+00	6.324294e+04
5.501600e+03	4.113504e-02	0.000000e+00	8.003798e+04
6.326840e+03	3.798451e-02	0.000000e+00	1.009999e+05
7.275866e+03	3.524231e-02	0.000000e+00	1.270440e+05
8.367246e+03	3.286398e-02	0.000000e+00	1.592450e+05
9.622333e+03	3.080849e-02	0.000000e+00	1.988526e+05
