# Energy_MeV	dEdx_Elec_MeV_um	dEdx_Nucl_MeV_um	Range_um
1.000000e-05	9.565985e-03	7.437331e-02	2.090741e-03
1.150000e-05	1.025838e-02	8.236947e-02	2.242070e-03
1.322500e-05	1.100088e-02	9.123197e-02	2.404352e-03
1.520875e-05	1.179713e-02	1.008692e-01	2.578381e-03
1.749006e-05	1.265102e-02	1.113538e-01	2.765005e-03
2.011357e-05	1.356670e-02	1.230726e-01	2.965138e-03
2.313061e-05	1.454867e-02	1.358682e-01	3.179756e-03
2.660020e-05	1.560171e-02	1.500606e-01	3.409908e-03
3.059023e-05	1.673097e-02	1.646031e-01	3.656719e-03
3.517876e-05	1.794196e-02	1.813004e-01	3.921395e-03
4.045558e-05	1.924061e-02	2.002924e-01	4.205227e-03
4.652391e-05	2.063326e-02	2.197136e-01	4.509604e-03
5.350250e-05	2.212671e-02	2.419636e-01	4.836011e-03
6.152788e-05	2.372825e-02	2.642603e-01	5.186045e-03
7.075706e-05	2.544571e-02	2.899015e-01	5.561413e-03
8.137062e-05	2.728749e-02	3.188604e-01	5.963951e-03
9.357621e-05	2.926257e-02	3.482176e-01	6.395625e-03
1.076126e-04	1.572627e-02	3.817178e-01	6.858544e-03
1.237545e-04	1.696141e-02	4.163696e-01	7.354969e-03
1.423177e-04	1.828542e-02	4.544698e-01	7.887325e-03
1.636654e-04	1.970478e-02	4.953698e-01	8.458214e-03
1.882152e-04	2.122642e-02	5.380689e-01	9.070424e-03
2.164475e-04	2.285779e-02	5.864843e-01	9.726946e-03
2.489146e-04	2.460686e-02	6.360479e-01	1.043099e-02
2.862518e-04	2.648217e-02	6.882081e-01	1.118599e-02
3.291895e-04	2.849290e-02	7.432318e-01	1.199564e-02
3.785680e-04	3.064887e-02	8.065090e-01	1.286389e-02
4.353531e-04	3.296061e-02	8.709637e-01	1.379498e-02
5.006561e-04	3.543942e-02	9.393899e-01	1.479347e-02
5.757545e-04	3.809741e-02	1.009103e+00	1.586423e-02
6.621177e-04	4.094758e-02	1.081453e+00	1.701249e-02
7.614354e-04	4.400383e-02	1.164655e+00	1.824386e-02
8.756507e-04	4.728112e-02	1.246887e+00	1.956436e-02
1.006998e-03	5.079544e-02	1.333712e+00	2.098044e-02
1.158048e-03	5.456396e-02	1.423023e+00	2.249902e-02
1.331755e-03	5.860511e-02	1.517953e+00	2.412751e-02
1.531519e-03	6.293862e-02	1.610845e+00	2.587387e-02
1.761246e-03	6.758566e-02	1.703798e+00	2.774664e-02
2.025433e-03	7.256894e-02	1.804083e+00	2.975495e-02
2.329248e-03	7.791279e-02	1.903606e+00	3.190863e-02
2.678635e-03	8.364334e-02	2.007103e+00	3.421819e-02
3.080431e-03	8.978857e-02	2.094145e+00	3.669493e-02
3.542495e-03	9.637851e-02	2.194244e+00	3.935092e-02
4.073870e-03	1.034453e-01	2.304073e+00	4.219916e-02
4.684950e-03	1.110236e-01	2.394060e+00	4.525356e-02
5.387693e-03	1.191503e-01	2.494537e+00	4.852904e-02
6.195847e-03	1.278652e-01	2.571231e+00	5.204160e-02
7.125224e-03	1.372107e-01	2.659429e+00	5.580839e-02
8.194007e-03	1.472327e-01	2.753642e+00	5.984784e-02
9.423108e-03	1.579800e-01	2.825638e+00	6.415180e-02
1.083657e-02	1.695051e-01	2.905092e+00	6.881317e-02
1.246206e-02	1.818644e-01	2.969455e+00	7.380876e-02
1.433137e-02	1.951183e-01	3.031953e+00	7.915048e-02
1.648108e-02	2.093314e-01	3.087799e+00	8.487937e-02
1.895324e-02	2.245732e-01	3.133911e+00	9.102294e-02
2.179622e-02	2.409182e-01	3.183287e+00	9.761107e-02
2.506566e-02	2.584462e-01	3.219128e+00	1.046761e-01
2.882550e-02	2.772429e-01	3.247468e+00	1.122524e-01
3.314933e-02	2.974000e-01	3.269258e+00	1.203772e-01
3.812173e-02	3.190162e-01	3.294316e+00	1.290901e-01
4.383999e-02	3.421968e-01	3.307458e+00	1.384335e-01
5.041599e-02	3.670553e-01	3.313914e+00	1.484532e-01
5.797838e-02	3.937131e-01	3.311087e+00	1.591982e-01
6.667514e-02	4.223003e-01	3.300557e+00	1.707210e-01
7.667641e-02	4.529566e-01	3.288447e+00	1.830778e-01
8.817787e-02	4.858319e-01	3.264833e+00	1.963289e-01
1.014046e-01	5.210867e-01	3.233236e+00	2.105391e-01
1.166152e-01	5.588932e-01	3.193297e+00	2.257779e-01
1.341075e-01	5.994362e-01	3.145158e+00	2.421197e-01
1.542237e-01	6.429136e-01	3.088546e+00	2.596444e-01
1.773572e-01	6.895380e-01	3.024298e+00	2.784374e-01
2.039608e-01	7.395371e-01	2.950734e+00	2.985906e-01
2.345549e-01	7.931551e-01	2.871025e+00	3.202027e-01
2.697381e-01	8.506540e-01	2.783052e+00	3.433791e-01
3.101989e-01	9.123147e-01	2.696195e+00	3.682329e-01
3.567287e-01	9.784384e-01	2.596310e+00	3.948856e-01
4.102380e-01	1.049348e+00	2.486237e+00	4.234674e-01
4.717737e-01	1.125391e+00	2.382330e+00	4.541182e-01
5.425397e-01	1.206937e+00	2.267134e+00	4.869874e-01
6.239207e-01	1.294385e+00	2.166468e+00	5.222357e-01
7.175088e-01	1.388164e+00	2.050702e+00	5.600351e-01
8.251351e-01	1.488729e+00	1.926869e+00	6.005706e-01
9.489054e-01	1.596574e+00	1.818727e+00	6.440402e-01
1.091241e+00	1.712225e+00	1.699886e+00	6.906561e-01
1.254927e+00	1.836247e+00	1.592756e+00	7.406459e-01
1.443166e+00	1.969245e+00	1.485120e+00	7.942539e-01
1.659641e+00	2.111870e+00	1.381830e+00	8.517425e-01
1.908588e+00	2.264818e+00	1.286515e+00	9.133922e-01
2.194876e+00	2.428836e+00	1.183785e+00	9.795034e-01
2.524107e+00	2.639947e+00	1.093824e+00	1.050402e+00
2.902723e+00	2.894680e+00	1.013709e+00	1.126427e+00
3.338132e+00	3.174712e+00	9.375085e-01	1.207949e+00
3.838852e+00	3.487120e+00	8.498783e-01	1.295493e+00
4.414679e+00	3.832425e+00	7.900397e-01	1.391479e+00
5.076881e+00	4.203990e+00	7.391587e-01	1.498030e+00
5.838413e+00	4.618635e+00	6.806455e-01	1.616985e+00
6.714175e+00	5.060988e+00	6.133553e-01	1.742096e+00
7.721302e+00	5.543749e+00	5.359716e-01	1.661489e+00
8.879497e+00	6.069573e+00	4.830289e-01	1.590525e+00
1.021142e+01	6.599648e+00	4.349971e-01	1.530048e+00
1.174313e+01	7.188962e+00	3.929750e-01	1.480888e+00
1.350460e+01	7.845047e+00	3.521716e-01	1.443900e+00
1.553030e+01	8.547453e+00	3.176351e-01	1.419975e+00
1.785984e+01	9.308103e+00	2.883159e-01	1.410023e+00
2.053882e+01	1.014391e+01	2.575447e-01	1.415025e+00
2.361964e+01	1.107867e+01	2.314475e-01	1.435967e+00
2.716258e+01	1.208362e+01	2.066724e-01	1.473845e+00
3.123697e+01	1.314283e+01	1.890994e-01	1.529690e+00
3.592252e+01	1.429224e+01	1.688905e-01	1.604627e+00
4.131089e+01	1.529076e+01	1.482518e-01	1.699970e+00
4.750753e+01	1.631104e+01	1.336112e-01	1.817336e+00
5.463366e+01	1.721436e+01	1.182227e-01	1.958800e+00
6.282871e+01	1.803730e+01	1.077773e-01	2.127026e+00
7.225301e+01	1.886020e+01	9.576501e-02	2.325466e+00
8.309096e+01	1.946492e+01	8.379463e-02	2.558509e+00
9.555461e+01	2.002422e+01	7.523362e-02	2.831693e+00
1.098878e+02	2.041299e+01	6.621880e-02	3.151912e+00
1.263710e+02	2.080287e+01	5.906640e-02	3.527855e+00
1.453266e+02	2.120745e+01	5.244871e-02	3.969925e+00
1.671256e+02	2.139278e+01	4.665001e-02	4.490693e+00
1.921945e+02	2.129232e+01	4.174018e-02	5.114043e+00
2.210236e+02	2.114259e+01	3.666405e-02	5.914524e+00
2.541772e+02	2.080410e+01	3.259017e-02	6.869970e+00
2.923037e+02	2.031834e+01	2.929862e-02	8.006153e+00
3.361493e+02	1.972136e+01	2.627979e-02	9.363604e+00
3.865717e+02	1.908983e+01	2.280813e-02	1.099629e+01
4.445574e+02	1.841631e+01	2.026964e-02	1.296913e+01
5.112411e+02	1.773929e+01	1.784308e-02	1.536417e+01
5.879272e+02	1.706708e+01	1.599933e-02	1.828386e+01
6.761163e+02	1.635500e+01	1.431108e-02	2.185881e+01
7.775337e+02	1.561427e+01	1.236958e-02	2.625231e+01
8.941638e+02	1.484714e+01	1.099769e-02	3.167384e+01
1.028288e+03	1.406652e+01	9.650236e-03	3.839016e+01
1.182532e+03	1.328092e+01	8.542055e-03	4.674085e+01
1.359911e+03	1.249664e+01	7.486356e-03	5.716032e+01
1.563898e+03	1.171584e+01	6.613898e-03	7.020533e+01
1.798483e+03	1.094533e+01	5.914649e-03	8.659039e+01
2.068255e+03	1.019008e+01	5.172210e-03	1.072334e+02
2.378493e+03	9.452149e+00	4.576819e-03	1.333143e+02
2.735268e+03	8.739412e+00	4.022491e-03	1.663508e+02
3.145558e+03	8.057944e+00	3.635812e-03	2.082943e+02
3.617391e+03	7.410822e+00	3.191131e-03	2.616528e+02
4.160000e+03	6.799303e+00	2.753148e-03	3.296464e+02
4.784000e+03	6.223172e+00	2.447259e-03	4.164023e+02
5.501600e+03	5.685061e+00	2.135912e-03	5.271999e+02
6.326840e+03	5.186653e+00	1.926082e-03	6.687738e+02
7.275866e+03	4.726978e+00	1.684776e-03	8.496876e+02
8.367246e+03	4.304378e+00	1.452786e-03	1.080788e+03
9.622333e+03	3.919525e+00	1.287267e-03	1.375755e+03
