# Energy_MeV	dEdx_Elec_MeV_um	dEdx_Nucl_MeV_um	Range_um
1.000000e-05	1.004007e-02	5.904229e-02	1.992019e-03
1.150000e-05	1.076677e-02	6.572150e-02	2.136202e-03
1.322500e-05	1.154608e-02	7.267481e-02	2.290821e-03
1.520875e-05	1.238179e-02	8.067111e-02	2.456632e-03
1.749006e-05	1.327799e-02	8.975336e-02	2.634445e-03
2.011357e-05	1.423906e-02	9.929784e-02	2.825127e-03
2.313061e-05	1.526969e-02	1.102180e-01	3.029611e-03
2.660020e-05	1.637492e-02	1.218480e-01	3.248896e-03
3.059023e-05	1.756014e-02	1.348532e-01	3.484053e-03
3.517876e-05	1.883115e-02	1.491614e-01	3.736231e-03
4.045558e-05	2.019416e-02	1.645396e-01	4.006661e-03
4.652391e-05	2.165583e-02	1.820639e-01	4.296665e-03
5.350250e-05	2.322329e-02	2.006881e-01	4.607660e-03
6.152788e-05	2.490420e-02	2.208712e-01	4.941165e-03
7.075706e-05	2.670678e-02	2.427825e-01	5.298809e-03
8.137062e-05	2.863983e-02	2.679805e-01	5.682340e-03
9.357621e-05	3.071279e-02	2.947924e-01	6.093630e-03
1.076126e-04	3.293580e-02	3.241010e-01	6.534691e-03
1.237545e-04	3.531971e-02	3.553051e-01	7.007675e-03
1.423177e-04	3.787617e-02	3.889532e-01	7.514894e-03
1.636654e-04	4.061767e-02	4.276485e-01	8.058826e-03
1.882152e-04	4.355760e-02	4.682042e-01	8.642128e-03
2.164475e-04	4.671032e-02	5.125073e-01	9.267650e-03
2.489146e-04	5.009124e-02	5.601556e-01	9.938447e-03
2.862518e-04	5.371687e-02	6.124489e-01	1.065780e-02
3.291895e-04	2.883766e-02	6.672321e-01	1.142921e-02
3.785680e-04	3.102485e-02	7.253390e-01	1.225647e-02
4.353531e-04	3.337005e-02	7.897765e-01	1.314360e-02
5.006561e-04	3.588470e-02	8.580568e-01	1.409494e-02
5.757545e-04	3.858110e-02	9.324724e-01	1.511514e-02
6.621177e-04	4.147242e-02	1.004678e+00	1.620918e-02
7.614354e-04	4.457279e-02	1.087715e+00	1.738241e-02
8.756507e-04	4.789736e-02	1.180830e+00	1.864055e-02
1.006998e-03	5.146236e-02	1.270623e+00	1.998977e-02
1.158048e-03	5.528522e-02	1.372336e+00	2.143664e-02
1.331755e-03	5.938462e-02	1.467277e+00	2.298823e-02
1.531519e-03	6.378058e-02	1.576461e+00	2.465213e-02
1.761246e-03	6.849457e-02	1.697279e+00	2.643647e-02
2.025433e-03	7.354963e-02	1.811216e+00	2.834995e-02
2.329248e-03	7.897045e-02	1.939570e+00	3.040194e-02
2.678635e-03	8.478352e-02	2.064143e+00	3.260245e-02
3.080431e-03	9.101724e-02	2.196003e+00	3.496223e-02
3.542495e-03	9.770206e-02	2.330411e+00	3.749281e-02
4.073870e-03	1.048706e-01	2.462011e+00	4.020656e-02
4.684950e-03	1.125580e-01	2.608227e+00	4.311674e-02
5.387693e-03	1.208017e-01	2.745511e+00	4.623755e-02
6.195847e-03	1.296420e-01	2.878424e+00	4.958425e-02
7.125224e-03	1.391221e-01	3.009780e+00	5.317318e-02
8.194007e-03	1.492883e-01	3.160839e+00	5.702188e-02
9.423108e-03	1.601902e-01	3.297328e+00	6.114916e-02
1.083657e-02	1.718812e-01	3.433127e+00	6.557516e-02
1.246206e-02	1.844184e-01	3.555320e+00	7.032153e-02
1.433137e-02	1.978630e-01	3.671059e+00	7.537345e-02
1.648108e-02	2.122806e-01	3.804159e+00	8.085794e-02
1.895324e-02	2.277417e-01	3.915701e+00	8.672544e-02
2.179622e-02	2.443219e-01	4.024350e+00	9.300239e-02
2.506566e-02	2.621022e-01	4.122912e+00	9.973370e-02
2.882550e-02	2.811693e-01	4.218869e+00	1.069524e-01
3.314933e-02	3.016165e-01	4.298260e+00	1.146935e-01
3.812173e-02	3.235437e-01	4.366529e+00	1.229949e-01
4.383999e-02	3.470579e-01	4.436118e+00	1.318972e-01
5.041599e-02	3.722741e-01	4.493335e+00	1.414439e-01
5.797838e-02	3.993154e-01	4.544945e+00	1.516815e-01
6.667514e-02	4.283140e-01	4.573540e+00	1.626601e-01
7.667641e-02	4.594115e-01	4.606423e+00	1.744333e-01
8.817787e-02	4.927598e-01	4.638488e+00	1.870588e-01
1.014046e-01	5.285218e-01	4.646960e+00	2.005981e-01
1.166152e-01	5.668723e-01	4.653926e+00	2.151173e-01
1.341075e-01	6.079986e-01	4.640108e+00	2.306874e-01
1.542237e-01	6.521017e-01	4.624217e+00	2.473845e-01
1.773572e-01	6.993969e-01	4.601834e+00	2.652902e-01
2.039608e-01	7.501154e-01	4.560370e+00	2.844920e-01
2.345549e-01	8.045049e-01	4.511465e+00	3.050835e-01
2.697381e-01	8.628312e-01	4.448367e+00	3.271654e-01
3.101989e-01	9.253791e-01	4.374800e+00	3.508456e-01
3.567287e-01	9.924542e-01	4.289773e+00	3.762399e-01
4.102380e-01	1.064384e+00	4.193238e+00	4.034723e-01
4.717737e-01	1.141521e+00	4.084177e+00	4.326756e-01
5.425397e-01	1.224240e+00	3.967085e+00	4.639926e-01
6.239207e-01	1.312947e+00	3.845272e+00	4.975765e-01
7.175088e-01	1.408075e+00	3.714195e+00	5.335914e-01
8.251351e-01	1.510088e+00	3.563457e+00	5.722128e-01
9.489054e-01	1.619484e+00	3.416666e+00	6.136296e-01
1.091241e+00	1.736799e+00	3.259859e+00	6.580442e-01
1.254927e+00	1.862605e+00	3.111406e+00	7.056738e-01
1.443166e+00	1.997517e+00	2.959491e+00	7.567508e-01
1.659641e+00	2.142194e+00	2.784788e+00	8.115246e-01
1.908588e+00	2.297343e+00	2.628546e+00	8.702628e-01
2.194876e+00	2.463721e+00	2.465348e+00	9.332527e-01
2.524107e+00	2.642142e+00	2.310660e+00	1.000802e+00
2.902723e+00	2.833478e+00	2.152282e+00	1.073241e+00
3.338132e+00	3.038662e+00	2.006335e+00	1.150922e+00
3.838852e+00	3.306947e+00	1.872538e+00	1.234227e+00
4.414679e+00	3.622818e+00	1.728698e+00	1.323562e+00
5.076881e+00	3.971455e+00	1.598322e+00	1.419331e+00
5.838413e+00	4.358139e+00	1.469272e+00	1.522303e+00
6.714175e+00	4.788854e+00	1.369277e+00	1.635447e+00
7.721302e+00	5.250965e+00	1.254283e+00	1.761085e+00
8.879497e+00	5.767670e+00	1.139905e+00	1.901458e+00
1.021142e+01	6.326871e+00	1.073136e+00	2.059503e+00
1.174313e+01	6.931728e+00	9.963508e-01	2.239058e+00
1.350460e+01	7.597830e+00	9.080482e-01	2.445137e+00
1.553030e+01	8.246414e+00	8.065001e-01	2.653462e+00
1.785984e+01	8.972717e+00	7.072429e-01	2.466221e+00
2.053882e+01	9.779918e+00	6.442124e-01	2.316329e+00
2.361964e+01	1.061739e+01	5.771807e-01	2.200600e+00
2.716258e+01	1.152572e+01	5.220375e-01	2.116548e+00
3.123697e+01	1.241191e+01	4.700286e-01	2.062249e+00
3.592252e+01	1.339791e+01	4.234271e-01	2.036221e+00
4.131089e+01	1.446695e+01	3.830472e-01	2.037346e+00
4.750753e+01	1.567836e+01	3.409288e-01	2.064783e+00
5.463366e+01	1.705482e+01	3.063161e-01	2.118169e+00
6.282871e+01	1.846996e+01	2.777319e-01	2.197467e+00
7.225301e+01	1.995090e+01	2.512125e-01	2.303171e+00
8.309096e+01	2.142142e+01	2.207151e-01	2.436404e+00
9.555461e+01	2.278848e+01	1.977937e-01	2.599032e+00
1.098878e+02	2.419666e+01	1.756994e-01	2.793792e+00
1.263710e+02	2.535983e+01	1.585944e-01	3.024415e+00
1.453266e+02	2.642250e+01	1.428311e-01	3.295777e+00
1.671256e+02	2.729993e+01	1.247033e-01	3.614043e+00
1.921945e+02	2.819961e+01	1.115956e-01	3.987063e+00
2.210236e+02	2.912852e+01	9.867611e-02	4.424421e+00
2.541772e+02	2.977238e+01	8.791635e-02	4.936022e+00
2.923037e+02	2.941691e+01	7.761081e-02	5.550854e+00
3.361493e+02	2.962493e+01	6.900797e-02	6.340299e+00
3.865717e+02	2.953426e+01	6.202622e-02	7.266103e+00
4.445574e+02	2.918447e+01	5.461677e-02	8.359418e+00
5.112411e+02	2.865506e+01	4.859758e-02	9.652065e+00
5.879272e+02	2.805268e+01	4.296276e-02	1.119157e+01
6.761163e+02	2.737477e+01	3.900124e-02	1.303336e+01
7.775337e+02	2.669213e+01	3.444551e-02	1.524628e+01
8.941638e+02	2.599620e+01	2.992877e-02	1.791603e+01
1.028288e+03	2.521890e+01	2.674447e-02	2.115042e+01
1.182532e+03	2.437276e+01	2.348522e-02	2.508291e+01
1.359911e+03	2.346234e+01	2.126978e-02	2.988352e+01
1.563898e+03	2.250566e+01	1.872202e-02	3.576656e+01
1.798483e+03	2.151687e+01	1.625725e-02	4.300243e+01
2.068255e+03	2.050246e+01	1.448903e-02	5.193428e+01
2.378493e+03	1.946442e+01	1.266574e-02	6.299854e+01
2.735268e+03	1.841200e+01	1.120934e-02	7.675124e+01
3.145558e+03	1.735622e+01	9.894472e-03	9.390198e+01
3.617391e+03	1.630503e+01	8.754102e-03	1.153576e+02
4.160000e+03	1.526518e+01	7.779824e-03	1.422782e+02
4.784000e+03	1.424421e+01	6.794226e-03	1.761489e+02
5.501600e+03	1.325265e+01	5.996776e-03	2.188709e+02
6.326840e+03	1.229807e+01	5.374131e-03	2.728781e+02
7.275866e+03	1.138386e+01	4.790591e-03	3.412836e+02
8.367246e+03	1.051470e+01	4.119519e-03	4.280637e+02
9.622333e+03	9.690624e+00	3.649268e-03	5.382880e+02
