# Energy_MeV	dEdx_Elec_MeV_um	dEdx_Nucl_MeV_um	Range_um
1.000000e-05	4.819104e-03	9.680219e-02	3.027895e-03
1.150000e-05	5.253212e-03	1.061217e-01	3.247056e-03
1.322500e-05	5.717423e-03	1.168391e-01	3.482079e-03
1.520875e-05	6.214057e-03	1.275583e-01	3.734114e-03
1.749006e-05	6.745585e-03	1.398289e-01	4.004391e-03
2.011357e-05	7.314639e-03	1.525516e-01	4.294231e-03
2.313061e-05	7.924027e-03	1.666075e-01	4.605050e-03
2.660020e-05	8.576751e-03	1.817502e-01	4.938366e-03
3.059023e-05	9.276019e-03	1.972695e-01	5.295807e-03
3.517876e-05	1.002526e-02	2.151167e-01	5.679121e-03
4.045558e-05	1.082816e-02	2.332475e-01	6.090179e-03
4.652391e-05	1.168864e-02	2.527339e-01	6.530989e-03
5.350250e-05	1.261092e-02	2.727327e-01	7.003705e-03
6.152788e-05	1.359951e-02	2.957312e-01	7.510637e-03
7.075706e-05	1.465925e-02	3.199133e-01	8.054261e-03
8.137062e-05	1.579532e-02	3.447833e-01	8.637233e-03
9.357621e-05	1.701328e-02	3.710270e-01	9.262400e-03
1.076126e-04	1.831908e-02	3.973229e-01	9.932818e-03
1.237545e-04	1.971910e-02	4.275633e-01	1.065176e-02
1.423177e-04	2.122019e-02	4.585943e-01	1.142274e-02
1.636654e-04	2.282968e-02	4.901512e-01	1.224952e-02
1.882152e-04	2.455544e-02	5.235997e-01	1.313615e-02
2.164475e-04	2.640590e-02	5.581025e-01	1.408695e-02
2.489146e-04	2.839010e-02	5.927469e-01	1.510657e-02
2.862518e-04	3.051774e-02	6.276318e-01	1.620000e-02
3.291895e-04	3.279921e-02	6.640812e-01	1.737256e-02
3.785680e-04	3.524566e-02	7.016361e-01	1.863000e-02
4.353531e-04	3.786904e-02	7.396593e-01	1.997844e-02
5.006561e-04	4.068217e-02	7.726740e-01	2.142449e-02
5.757545e-04	4.369879e-02	8.090556e-01	2.297521e-02
6.621177e-04	4.693364e-02	8.508944e-01	2.463817e-02
7.614354e-04	5.040253e-02	8.839235e-01	2.642149e-02
8.756507e-04	5.412240e-02	9.215357e-01	2.833389e-02
1.006998e-03	5.811142e-02	9.505753e-01	3.038472e-02
1.158048e-03	6.238909e-02	9.826314e-01	3.258398e-02
1.331755e-03	6.697629e-02	1.019223e+00	3.494242e-02
1.531519e-03	7.189545e-02	1.045391e+00	3.747158e-02
1.761246e-03	7.717058e-02	1.075483e+00	4.018379e-02
2.025433e-03	8.282748e-02	1.099299e+00	4.309231e-02
2.329248e-03	8.889376e-02	1.123249e+00	4.621136e-02
2.678635e-03	9.539907e-02	1.144774e+00	4.955616e-02
3.080431e-03	1.023752e-01	1.161534e+00	5.314306e-02
3.542495e-03	1.098562e-01	1.180806e+00	5.698958e-02
4.073870e-03	1.178786e-01	1.193833e+00	6.111268e-02
4.684950e-03	1.264817e-01	1.205410e+00	6.552878e-02
5.387693e-03	1.357074e-01	1.213330e+00	7.028417e-02
6.195847e-03	1.456008e-01	1.222437e+00	7.537004e-02
7.125224e-03	1.562103e-01	1.228526e+00	8.082575e-02
8.194007e-03	1.675877e-01	1.230873e+00	8.667579e-02
9.423108e-03	1.797886e-01	1.230790e+00	9.294931e-02
1.083657e-02	1.928726e-01	1.226963e+00	9.967692e-02
1.246206e-02	2.069035e-01	1.222562e+00	1.068914e-01
1.433137e-02	2.219500e-01	1.214741e+00	1.146281e-01
1.648108e-02	2.380855e-01	1.203257e+00	1.229249e-01
1.895324e-02	2.553889e-01	1.189051e+00	1.318221e-01
2.179622e-02	2.739448e-01	1.171575e+00	1.413634e-01
2.506566e-02	2.938437e-01	1.151049e+00	1.515952e-01
2.882550e-02	3.151828e-01	1.127634e+00	1.625676e-01
3.314933e-02	3.380665e-01	1.100897e+00	1.743342e-01
3.812173e-02	3.626065e-01	1.071531e+00	1.869525e-01
4.383999e-02	3.889227e-01	1.039100e+00	2.004841e-01
5.041599e-02	4.171437e-01	1.007148e+00	2.149951e-01
5.797838e-02	4.474074e-01	9.708442e-01	2.305564e-01
6.667514e-02	4.798615e-01	9.293560e-01	2.472441e-01
7.667641e-02	5.146646e-01	8.915903e-01	2.651397e-01
8.817787e-02	5.519868e-01	8.481598e-01	2.843304e-01
1.014046e-01	5.920104e-01	8.111864e-01	3.049102e-01
1.166152e-01	6.349310e-01	7.691105e-01	3.269797e-01
1.341075e-01	6.809581e-01	7.217531e-01	3.506466e-01
1.542237e-01	7.303167e-01	6.824481e-01	3.760265e-01
1.773572e-01	7.832478e-01	6.373638e-01	4.032433e-01
2.039608e-01	8.400102e-01	5.984268e-01	4.324300e-01
2.345549e-01	9.008810e-01	5.577889e-01	4.637295e-01
2.697381e-01	9.661578e-01	5.185540e-01	4.972944e-01
3.101989e-01	1.036159e+00	4.839113e-01	5.332887e-01
3.567287e-01	1.111227e+00	4.446824e-01	5.718882e-01
4.102380e-01	1.191729e+00	4.119854e-01	6.132816e-01
4.717737e-01	1.278058e+00	3.807492e-01	6.576712e-01
5.425397e-01	1.370634e+00	3.530537e-01	7.052738e-01
6.239207e-01	1.469912e+00	3.212039e-01	7.563217e-01
7.175088e-01	1.576376e+00	2.962804e-01	8.110643e-01
8.251351e-01	1.690545e+00	2.777873e-01	8.697695e-01
9.489054e-01	1.812978e+00	2.565202e-01	9.327237e-01
1.091241e+00	1.951939e+00	2.320631e-01	9.476361e-01
1.254927e+00	2.117551e+00	2.039375e-01	9.612980e-01
1.443166e+00	2.297895e+00	1.820579e-01	9.716454e-01
1.659641e+00	2.500878e+00	1.646004e-01	9.786961e-01
1.908588e+00	2.723792e+00	1.482746e-01	9.837148e-01
2.194876e+00	2.969309e+00	1.330016e-01	9.879979e-01
2.524107e+00	3.242365e+00	1.201581e-01	9.920106e-01
2.902723e+00	3.529934e+00	1.087822e-01	9.964490e-01
3.338132e+00	3.848728e+00	9.759817e-02	1.002103e+00
3.838852e+00	4.187871e+00	8.741592e-02	1.009910e+00
4.414679e+00	4.542554e+00	7.782927e-02	1.020977e+00
5.076881e+00	4.926693e+00	7.134904e-02	1.036596e+00
5.838413e+00	5.292612e+00	6.400396e-02	1.058267e+00
6.714175e+00	5.681466e+00	5.587199e-02	1.087705e+00
7.721302e+00	6.062236e+00	5.055074e-02	1.126845e+00
8.879497e+00	6.423196e+00	4.448852e-02	1.177853e+00
1.021142e+01	6.794518e+00	4.069206e-02	1.243098e+00
1.174313e+01	7.071516e+00	3.632612e-02	1.325160e+00
1.350460e+01	7.332274e+00	3.159527e-02	1.426850e+00
1.553030e+01	7.531116e+00	2.848371e-02	1.551270e+00
1.785984e+01	7.672251e+00	2.498907e-02	1.701929e+00
2.053882e+01	7.790974e+00	2.238948e-02	1.882913e+00
2.361964e+01	7.819948e+00	1.984067e-02	2.099115e+00
2.716258e+01	7.816220e+00	1.759742e-02	2.356534e+00
3.123697e+01	7.761127e+00	1.581291e-02	2.662617e+00
3.592252e+01	7.661782e+00	1.384209e-02	3.026682e+00
4.131089e+01	7.536021e+00	1.236141e-02	3.460432e+00
4.750753e+01	7.382758e+00	1.104860e-02	3.978573e+00
5.463366e+01	7.207744e+00	9.951383e-03	4.599764e+00
6.282871e+01	7.007822e+00	8.689584e-03	5.346794e+00
7.225301e+01	6.788618e+00	7.661974e-03	6.250873e+00
8.309096e+01	6.790379e+00	6.780022e-03	7.346618e+00
9.555461e+01	6.502612e+00	6.035540e-03	8.764562e+00
1.098878e+02	6.182071e+00	5.421931e-03	1.053923e+01
1.263710e+02	5.843440e+00	4.716281e-03	1.270347e+01
1.453266e+02	5.491919e+00	4.158819e-03	1.537495e+01
1.671256e+02	5.146056e+00	3.669077e-03	1.868574e+01
1.921945e+02	4.801644e+00	3.233622e-03	2.280791e+01
2.210236e+02	4.467229e+00	2.830243e-03	2.796449e+01
2.541772e+02	4.147606e+00	2.511478e-03	3.443837e+01
2.923037e+02	3.835802e+00	2.237605e-03	4.259843e+01
3.361493e+02	3.535517e+00	1.967760e-03	5.291628e+01
3.865717e+02	3.246495e+00	1.733272e-03	6.600422e+01
4.445574e+02	2.971576e+00	1.515395e-03	8.265609e+01
5.112411e+02	2.711799e+00	1.374854e-03	1.038964e+02
5.879272e+02	2.468077e+00	1.213231e-03	1.310508e+02
6.761163e+02	2.240334e+00	1.039418e-03	1.658339e+02
7.775337e+02	2.028754e+00	9.282409e-04	2.104624e+02
8.941638e+02	1.833339e+00	8.049064e-04	2.677990e+02
1.028288e+03	1.653900e+00	7.286419e-04	3.415362e+02
1.182532e+03	1.489619e+00	6.409378e-04	4.364302e+02
1.359911e+03	1.339823e+00	5.487035e-04	5.585970e+02
1.563898e+03	1.203816e+00	4.885446e-04	7.158863e+02
1.798483e+03	1.080930e+00	4.224371e-04	9.183524e+02
2.068255e+03	9.705949e-01	3.732796e-04	1.178844e+03
2.378493e+03	8.718948e-01	3.264994e-04	1.513738e+03
2.735268e+03	7.833601e-01	2.860995e-04	1.943855e+03
3.145558e+03	7.041727e-01	2.537626e-04	2.495587e+03
3.617391e+03	6.339044e-01	2.188857e-04	3.202268e+03
4.160000e+03	5.715515e-01	1.928372e-04	4.105848e+03
4.784000e+03	5.161264e-01	1.706347e-04	5.258900e+03
5.501600e+03	4.671038e-01	1.518137e-04	6.726992e+03
6.326840e+03	4.238825e-01	1.301695e-04	8.591463e+03
7.275866e+03	3.857285e-01	1.133965e-04	1.095264e+04
8.367246e+03	3.521247e-01	9.874889e-05	1.393340e+04
9.622333e+03	3.224913e-01	8.696267e-05	1.768434e+04
