# Energy_MeV	dEdx_Elec_MeV_um	dEdx_Nucl_MeV_um	Range_um
1.000000e-05	1.049819e-02	5.902224e-02	1.905091e-03
1.150000e-05	1.125805e-02	6.559179e-02	2.042982e-03
1.322500e-05	1.207291e-02	7.277017e-02	2.190854e-03
1.520875e-05	1.294676e-02	8.061868e-02	2.349430e-03
1.749006e-05	1.388385e-02	8.964446e-02	2.519483e-03
2.011357e-05	1.488877e-02	9.940309e-02	2.701844e-03
2.313061e-05	1.596643e-02	1.101764e-01	2.897405e-03
2.660020e-05	1.712209e-02	1.220238e-01	3.107121e-03
3.059023e-05	1.836139e-02	1.351511e-01	3.332016e-03
3.517876e-05	1.969040e-02	1.494288e-01	3.573189e-03
4.045558e-05	2.111560e-02	1.649631e-01	3.831818e-03
4.652391e-05	2.264396e-02	1.823211e-01	4.109167e-03
5.350250e-05	2.428294e-02	2.012800e-01	4.406591e-03
6.152788e-05	2.604056e-02	2.223020e-01	4.725542e-03
7.075706e-05	2.792539e-02	2.438513e-01	5.067580e-03
8.137062e-05	2.994664e-02	2.685836e-01	5.434374e-03
9.357621e-05	3.211419e-02	2.967277e-01	5.827717e-03
1.076126e-04	3.443864e-02	3.254946e-01	6.249530e-03
1.237545e-04	3.693132e-02	3.584681e-01	6.701874e-03
1.423177e-04	3.960443e-02	3.914943e-01	7.186959e-03
1.636654e-04	4.247102e-02	4.294744e-01	7.707155e-03
1.882152e-04	4.554510e-02	4.723905e-01	8.265003e-03
2.164475e-04	4.884167e-02	5.158747e-01	8.863228e-03
2.489146e-04	5.237686e-02	5.655159e-01	9.504754e-03
2.862518e-04	5.616793e-02	6.168427e-01	1.019271e-02
3.291895e-04	6.023339e-02	6.732959e-01	1.093047e-02
3.785680e-04	6.459311e-02	7.339026e-01	1.172162e-02
4.353531e-04	6.926840e-02	7.971491e-01	1.257004e-02
5.006561e-04	7.428208e-02	8.688959e-01	1.347986e-02
5.757545e-04	7.965866e-02	9.423102e-01	1.445554e-02
6.621177e-04	8.542439e-02	1.019618e+00	1.550184e-02
7.614354e-04	9.160746e-02	1.101120e+00	1.662387e-02
8.756507e-04	9.823805e-02	1.194847e+00	1.782712e-02
1.006998e-03	1.053486e-01	1.290387e+00	1.911745e-02
1.158048e-03	1.129738e-01	1.391741e+00	2.050119e-02
1.331755e-03	1.211509e-01	1.495083e+00	2.198507e-02
1.531519e-03	1.299198e-01	1.602248e+00	2.357636e-02
1.761246e-03	1.393235e-01	1.725488e+00	2.528283e-02
2.025433e-03	1.494078e-01	1.847395e+00	2.711282e-02
2.329248e-03	1.602220e-01	1.976001e+00	2.907526e-02
2.678635e-03	1.718190e-01	2.108379e+00	3.117974e-02
3.080431e-03	1.842553e-01	2.248990e+00	3.343655e-02
3.542495e-03	1.975918e-01	2.386664e+00	3.585670e-02
4.073870e-03	2.118936e-01	2.524446e+00	3.845203e-02
4.684950e-03	2.272306e-01	2.672990e+00	4.123521e-02
5.387693e-03	2.436777e-01	2.820529e+00	4.421983e-02
6.195847e-03	2.613152e-01	2.973992e+00	4.742049e-02
7.125224e-03	2.802293e-01	3.102920e+00	5.085281e-02
8.194007e-03	3.005124e-01	3.251187e+00	5.453356e-02
9.423108e-03	3.222637e-01	3.414070e+00	5.848073e-02
1.083657e-02	3.455893e-01	3.547360e+00	6.271360e-02
1.246206e-02	3.706033e-01	3.696393e+00	6.725284e-02
1.433137e-02	3.974277e-01	3.809993e+00	7.208435e-02
1.648108e-02	4.261937e-01	3.940632e+00	7.732941e-02
1.895324e-02	4.570419e-01	4.080394e+00	8.294092e-02
2.179622e-02	4.901228e-01	4.187036e+00	8.894395e-02
2.506566e-02	5.255982e-01	4.304872e+00	9.538152e-02
2.882550e-02	5.636412e-01	4.400207e+00	1.022852e-01
3.314933e-02	6.044379e-01	4.492893e+00	1.096885e-01
3.812173e-02	6.481874e-01	4.575723e+00	1.176277e-01
4.383999e-02	6.951036e-01	4.644026e+00	1.261415e-01
5.041599e-02	7.454155e-01	4.717281e+00	1.352715e-01
5.797838e-02	7.993691e-01	4.770370e+00	1.450624e-01
6.667514e-02	8.572278e-01	4.812462e+00	1.555619e-01
7.667641e-02	9.192745e-01	4.844738e+00	1.668214e-01
8.817787e-02	9.858120e-01	4.881855e+00	1.788959e-01
1.014046e-01	1.057166e+00	4.901439e+00	1.918444e-01
1.166152e-01	1.133684e+00	4.911002e+00	2.057300e-01
1.341075e-01	1.215740e+00	4.906899e+00	2.206207e-01
1.542237e-01	1.303736e+00	4.891302e+00	2.365892e-01
1.773572e-01	1.398102e+00	4.873365e+00	2.537135e-01
2.039608e-01	1.499297e+00	4.838456e+00	2.720773e-01
2.345549e-01	1.607817e+00	4.791655e+00	2.917703e-01
2.697381e-01	1.724191e+00	4.732524e+00	3.128885e-01
3.101989e-01	1.848989e+00	4.661227e+00	3.355354e-01
3.567287e-01	1.982820e+00	4.577372e+00	3.598216e-01
4.102380e-01	2.126338e+00	4.482202e+00	3.858655e-01
4.717737e-01	2.280243e+00	4.373238e+00	4.137945e-01
5.425397e-01	2.445288e+00	4.255136e+00	4.437449e-01
6.239207e-01	2.622280e+00	4.124753e+00	4.758633e-01
7.175088e-01	2.812082e+00	3.996099e+00	5.103065e-01
8.251351e-01	3.015622e+00	3.848148e+00	5.472426e-01
9.489054e-01	3.233894e+00	3.684973e+00	5.868520e-01
1.091241e+00	3.467965e+00	3.531064e+00	6.293285e-01
1.254927e+00	3.718978e+00	3.360257e+00	6.748796e-01
1.443166e+00	3.988159e+00	3.211150e+00	7.237277e-01
1.659641e+00	4.276825e+00	3.039676e+00	7.761113e-01
1.908588e+00	4.586383e+00	2.856040e+00	8.322863e-01
2.194876e+00	4.918348e+00	2.695859e+00	8.925274e-01
2.524107e+00	5.274341e+00	2.519659e+00	9.571291e-01
2.902723e+00	5.656100e+00	2.360977e+00	1.026407e+00
3.338132e+00	6.065492e+00	2.201408e+00	1.100698e+00
3.838852e+00	6.504516e+00	2.048260e+00	1.180368e+00
4.414679e+00	3.546645e+00	1.907079e+00	1.265805e+00
5.076881e+00	3.901001e+00	1.754742e+00	1.357394e+00
5.838413e+00	4.295444e+00	1.621490e+00	1.455871e+00
6.714175e+00	4.736149e+00	1.502632e+00	1.564071e+00
7.721302e+00	5.212284e+00	1.389763e+00	1.684220e+00
8.879497e+00	5.745948e+00	1.259964e+00	1.818458e+00
1.021142e+01	6.326201e+00	1.171043e+00	1.969592e+00
1.174313e+01	6.956737e+00	1.095678e+00	2.141295e+00
1.350460e+01	7.653296e+00	1.009007e+00	2.338357e+00
1.553030e+01	8.334469e+00	9.093358e-01	2.567075e+00
1.785984e+01	9.097340e+00	7.947140e-01	2.587643e+00
2.053882e+01	9.944726e+00	7.160563e-01	2.405975e+00
2.361964e+01	1.082315e+01	6.449109e-01	2.264940e+00
2.716258e+01	1.177499e+01	5.825720e-01	2.160369e+00
3.123697e+01	1.270012e+01	5.220672e-01	2.089022e+00
3.592252e+01	1.371942e+01	4.709113e-01	2.048379e+00
4.131089e+01	1.480358e+01	4.274182e-01	2.036496e+00
4.750753e+01	1.603287e+01	3.818395e-01	2.051890e+00
5.463366e+01	1.743265e+01	3.431210e-01	2.093594e+00
6.282871e+01	1.892287e+01	3.063627e-01	2.161135e+00
7.225301e+01	2.050076e+01	2.803334e-01	2.254596e+00
8.309096e+01	2.209812e+01	2.503996e-01	2.374720e+00
9.555461e+01	2.360559e+01	2.197724e-01	2.523000e+00
1.098878e+02	2.517019e+01	1.980865e-01	2.701775e+00
1.263710e+02	2.648617e+01	1.752504e-01	2.914342e+00
1.453266e+02	2.770212e+01	1.597785e-01	3.165083e+00
1.671256e+02	2.872515e+01	1.419858e-01	3.459552e+00
1.921945e+02	2.978130e+01	1.242207e-01	3.804890e+00
2.210236e+02	3.087982e+01	1.115400e-01	4.209805e+00
2.541772e+02	3.167381e+01	9.816746e-02	4.683249e+00
2.923037e+02	3.106186e+01	8.757323e-02	5.252034e+00
3.361493e+02	3.137168e+01	7.775805e-02	5.982863e+00
3.865717e+02	3.135764e+01	6.915667e-02	6.838617e+00
4.445574e+02	3.105958e+01	6.188417e-02	7.847479e+00
5.112411e+02	3.056216e+01	5.435395e-02	9.038157e+00
5.879272e+02	2.998294e+01	4.831967e-02	1.045370e+01
6.761163e+02	2.931944e+01	4.343365e-02	1.214411e+01
7.775337e+02	2.864930e+01	3.896212e-02	1.417135e+01
8.941638e+02	2.796496e+01	3.381985e-02	1.661242e+01
1.028288e+03	2.718898e+01	3.005032e-02	1.956398e+01
1.182532e+03	2.633492e+01	2.645606e-02	2.314546e+01
1.359911e+03	2.540746e+01	2.371836e-02	2.750876e+01
1.563898e+03	2.442590e+01	2.121769e-02	3.284499e+01
1.798483e+03	2.340555e+01	1.834192e-02	3.939486e+01
2.068255e+03	2.235316e+01	1.630454e-02	4.746331e+01
2.378493e+03	2.127016e+01	1.430867e-02	5.743754e+01
2.735268e+03	2.016498e+01	1.266426e-02	6.981012e+01
3.145558e+03	1.905312e+01	1.109862e-02	8.520876e+01
3.617391e+03	1.794622e+01	9.806321e-03	1.044345e+02
4.160000e+03	1.684403e+01	8.768802e-03	1.285110e+02
4.784000e+03	1.575258e+01	7.669091e-03	1.587469e+02
5.501600e+03	1.468822e+01	6.785554e-03	1.968164e+02
6.326840e+03	1.366204e+01	5.962995e-03	2.448604e+02
7.275866e+03	1.267532e+01	5.390240e-03	3.056159e+02
8.367246e+03	1.173279e+01	4.731572e-03	3.825768e+02
9.622333e+03	1.083526e+01	4.081504e-03	4.801958e+02
