# Energy_MeV	dEdx_Elec_MeV_um	dEdx_Nucl_MeV_um	Range_um
1.000000e-05	4.758850e-03	1.029869e-01	2.854063e-03
1.150000e-05	5.195358e-03	1.128514e-01	3.060642e-03
1.322500e-05	5.661910e-03	1.231781e-01	3.282172e-03
1.520875e-05	6.160853e-03	1.345699e-01	3.519738e-03
1.749006e-05	6.694681e-03	1.467557e-01	3.774498e-03
2.011357e-05	7.266045e-03	1.593423e-01	4.047698e-03
2.313061e-05	7.877774e-03	1.736898e-01	4.340673e-03
2.660020e-05	8.532887e-03	1.884279e-01	4.654853e-03
3.059023e-05	9.234608e-03	2.043273e-01	4.991774e-03
3.517876e-05	9.986385e-03	2.204046e-01	5.353081e-03
4.045558e-05	1.079191e-02	2.388934e-01	5.740540e-03
4.652391e-05	1.165513e-02	2.586684e-01	6.156043e-03
5.350250e-05	1.258028e-02	2.786616e-01	6.601621e-03
6.152788e-05	1.357188e-02	3.001604e-01	7.079450e-03
7.075706e-05	1.463479e-02	3.213001e-01	7.591864e-03
8.137062e-05	1.577420e-02	3.456107e-01	8.141367e-03
9.357621e-05	1.699570e-02	3.710631e-01	8.730644e-03
1.076126e-04	1.830525e-02	3.964321e-01	9.362572e-03
1.237545e-04	1.970925e-02	4.237592e-01	1.004024e-02
1.423177e-04	2.121457e-02	4.514965e-01	1.076696e-02
1.636654e-04	2.282856e-02	4.797381e-01	1.154628e-02
1.882152e-04	2.455912e-02	5.082700e-01	1.238200e-02
2.164475e-04	2.641469e-02	5.375721e-01	1.327822e-02
2.489146e-04	2.840435e-02	5.683753e-01	1.423930e-02
2.862518e-04	3.053782e-02	5.989427e-01	1.526995e-02
3.291895e-04	3.282552e-02	6.262742e-01	1.637520e-02
3.785680e-04	3.527863e-02	6.555218e-01	1.756044e-02
4.353531e-04	3.790914e-02	6.891565e-01	1.883148e-02
5.006561e-04	4.072989e-02	7.167027e-01	2.019451e-02
5.757545e-04	4.375466e-02	7.469396e-01	2.165620e-02
6.621177e-04	4.699825e-02	7.712848e-01	2.322369e-02
7.614354e-04	5.047648e-02	7.970551e-01	2.490463e-02
8.756507e-04	5.420636e-02	8.266909e-01	2.670724e-02
1.006998e-03	5.820610e-02	8.485485e-01	2.864032e-02
1.158048e-03	6.249526e-02	8.727403e-01	3.071332e-02
1.331755e-03	6.709477e-02	8.926108e-01	3.293637e-02
1.531519e-03	7.202712e-02	9.124115e-01	3.532032e-02
1.761246e-03	7.731639e-02	9.300884e-01	3.787683e-02
2.025433e-03	8.298844e-02	9.437330e-01	4.061837e-02
2.329248e-03	8.907096e-02	9.592276e-01	4.355835e-02
2.678635e-03	9.559368e-02	9.702860e-01	4.671113e-02
3.080431e-03	1.025885e-01	9.801587e-01	5.006778e-02
3.542495e-03	1.100895e-01	9.865254e-01	5.371416e-02
4.073870e-03	1.181333e-01	9.938472e-01	5.760723e-02
4.684950e-03	1.267594e-01	9.993232e-01	6.177699e-02
5.387693e-03	1.360098e-01	1.001210e+00	6.624817e-02
6.195847e-03	1.459297e-01	1.001562e+00	7.104321e-02
7.125224e-03	1.565675e-01	9.984854e-01	7.618522e-02
8.194007e-03	1.679753e-01	9.949471e-01	8.169944e-02
9.423108e-03	1.802088e-01	9.889974e-01	8.761281e-02
1.083657e-02	1.933276e-01	9.797652e-01	9.395418e-02
1.246206e-02	2.073961e-01	9.684824e-01	1.007545e-01
1.433137e-02	2.224827e-01	9.544331e-01	1.080471e-01
1.648108e-02	2.386613e-01	9.379634e-01	1.158675e-01
1.895324e-02	2.560110e-01	9.191119e-01	1.242539e-01
2.179622e-02	2.746163e-01	8.976175e-01	1.332474e-01
2.506566e-02	2.945683e-01	8.738349e-01	1.428918e-01
2.882550e-02	3.159645e-01	8.477633e-01	1.532343e-01
3.314933e-02	3.389093e-01	8.217050e-01	1.643254e-01
3.812173e-02	3.635148e-01	7.925196e-01	1.762193e-01
4.383999e-02	3.899013e-01	7.589565e-01	1.889740e-01
5.041599e-02	4.181976e-01	7.281503e-01	2.026519e-01
5.797838e-02	4.485420e-01	6.932359e-01	2.173198e-01
6.667514e-02	4.810827e-01	6.626501e-01	2.330495e-01
7.667641e-02	5.159788e-01	6.288248e-01	2.499177e-01
8.817787e-02	5.534006e-01	5.899257e-01	2.680067e-01
1.014046e-01	5.935310e-01	5.581152e-01	2.874050e-01
1.166152e-01	6.365661e-01	5.217778e-01	3.082074e-01
1.341075e-01	6.827161e-01	4.897320e-01	3.305156e-01
1.542237e-01	7.322064e-01	4.563909e-01	3.544384e-01
1.773572e-01	7.852789e-01	4.240996e-01	3.800927e-01
2.039608e-01	8.421928e-01	3.962498e-01	4.076038e-01
2.345549e-01	9.032261e-01	3.642227e-01	4.371064e-01
2.697381e-01	9.686770e-01	3.375903e-01	4.687444e-01
3.101989e-01	1.038865e+00	3.115411e-01	5.026722e-01
3.567287e-01	1.114134e+00	2.892763e-01	5.390557e-01
4.102380e-01	1.194850e+00	2.636719e-01	5.780727e-01
4.717737e-01	1.281409e+00	2.422294e-01	6.199139e-01
5.425397e-01	1.374233e+00	2.273626e-01	6.647836e-01
6.239207e-01	1.473768e+00	2.102658e-01	7.075601e-01
7.175088e-01	1.580448e+00	1.906044e-01	7.123659e-01
8.251351e-01	1.724110e+00	1.679938e-01	7.262043e-01
9.489054e-01	1.886764e+00	1.492365e-01	7.378736e-01
1.091241e+00	2.066686e+00	1.352023e-01	7.471002e-01
1.254927e+00	2.265554e+00	1.216115e-01	7.542632e-01
1.443166e+00	2.489605e+00	1.093334e-01	7.605784e-01
1.659641e+00	2.728105e+00	9.868328e-02	7.665388e-01
1.908588e+00	2.991392e+00	8.921932e-02	7.726079e-01
2.194876e+00	3.275483e+00	8.022838e-02	7.793312e-01
2.524107e+00	3.575148e+00	7.173401e-02	7.873851e-01
2.902723e+00	3.904374e+00	6.402719e-02	7.975752e-01
3.338132e+00	4.228487e+00	5.851860e-02	8.108614e-01
3.838852e+00	4.567716e+00	5.261381e-02	8.283756e-01
4.414679e+00	4.913304e+00	4.582329e-02	8.514235e-01
5.076881e+00	5.237299e+00	4.151924e-02	8.815328e-01
5.838413e+00	5.574206e+00	3.659975e-02	9.204164e-01
6.714175e+00	5.866765e+00	3.338592e-02	9.699885e-01
7.721302e+00	6.134198e+00	2.987609e-02	1.032362e+00
8.879497e+00	6.369713e+00	2.590455e-02	1.109853e+00
1.021142e+01	6.520588e+00	2.340313e-02	1.205026e+00
1.174313e+01	6.652191e+00	2.052649e-02	1.320758e+00
1.350460e+01	6.720435e+00	1.840728e-02	1.460367e+00
1.553030e+01	6.746719e+00	1.629467e-02	1.627788e+00
1.785984e+01	6.734022e+00	1.443120e-02	1.827800e+00
2.053882e+01	6.659274e+00	1.299661e-02	2.066307e+00
2.361964e+01	6.560133e+00	1.135650e-02	2.350687e+00
2.716258e+01	6.424588e+00	1.016617e-02	2.690208e+00
3.123697e+01	6.271464e+00	9.059186e-03	3.096554e+00
3.592252e+01	6.097147e+00	8.177121e-03	3.584440e+00
4.131089e+01	5.911463e+00	7.162746e-03	4.172475e+00
4.750753e+01	5.705526e+00	6.290140e-03	4.884891e+00
5.463366e+01	5.484461e+00	5.581128e-03	5.746824e+00
6.282871e+01	5.540048e+00	4.949694e-03	6.827348e+00
7.225301e+01	5.261384e+00	4.456407e-03	8.232683e+00
8.309096e+01	4.963708e+00	3.889126e-03	9.947237e+00
9.555461e+01	4.656055e+00	3.414915e-03	1.207280e+01
1.098878e+02	4.349922e+00	3.021205e-03	1.470747e+01
1.263710e+02	4.049009e+00	2.656663e-03	1.799407e+01
1.453266e+02	3.755350e+00	2.332382e-03	2.211215e+01
1.671256e+02	3.474962e+00	2.066670e-03	2.729105e+01
1.921945e+02	3.204555e+00	1.837764e-03	3.382854e+01
2.210236e+02	2.945348e+00	1.620832e-03	4.210877e+01
2.541772e+02	2.697954e+00	1.424312e-03	5.262623e+01
2.923037e+02	2.463118e+00	1.246753e-03	6.602481e+01
3.361493e+02	2.242182e+00	1.128910e-03	8.313651e+01
3.865717e+02	2.035741e+00	9.989800e-04	1.050369e+02
4.445574e+02	1.843792e+00	8.527720e-04	1.331172e+02
5.112411e+02	1.666209e+00	7.633950e-04	1.691763e+02
5.879272e+02	1.502760e+00	6.606115e-04	2.155373e+02
6.761163e+02	1.353201e+00	5.984290e-04	2.751967e+02
7.775337e+02	1.216809e+00	5.279226e-04	3.520147e+02
8.941638e+02	1.092961e+00	4.502682e-04	4.509558e+02
1.028288e+03	9.808771e-01	4.019058e-04	5.783942e+02
1.182532e+03	8.797598e-01	3.468363e-04	7.424987e+02
1.359911e+03	7.889320e-01	3.073180e-04	9.537165e+02
1.563898e+03	7.077826e-01	2.684452e-04	1.225379e+03
1.798483e+03	6.353222e-01	2.348367e-04	1.574453e+03
2.068255e+03	5.705444e-01	2.088407e-04	2.022481e+03
2.378493e+03	5.129489e-01	1.797503e-04	2.596724e+03
2.735268e+03	4.619315e-01	1.588096e-04	3.331560e+03
3.145558e+03	4.166596e-01	1.400308e-04	4.270175e+03
3.617391e+03	3.765448e-01	1.249003e-04	5.466575e+03
4.160000e+03	3.411564e-01	1.075003e-04	6.987956e+03
4.784000e+03	3.099519e-01	9.319605e-05	8.917465e+03
5.501600e+03	2.824329e-01	8.142063e-05	1.135729e+04
6.326840e+03	2.581921e-01	0.000000e+00	1.443256e+04
7.275866e+03	2.368803e-01	0.000000e+00	1.829615e+04
8.367246e+03	2.181892e-01	0.000000e+00	2.313142e+04
9.622333e+03	2.018509e-01	0.000000e+00	2.915669e+04
