# Energy_MeV	dEdx_Elec_MeV_um	dEdx_Nucl_MeV_um	Range_um
1.000000e-05	8.994889e-03	8.589144e-02	2.223485e-03
1.150000e-05	9.645944e-03	9.507040e-02	2.384422e-03
1.322500e-05	1.034412e-02	1.047720e-01	2.557008e-03
1.520875e-05	1.109284e-02	1.154254e-01	2.742085e-03
1.749006e-05	1.189574e-02	1.267979e-01	2.940559e-03
2.011357e-05	1.275676e-02	1.398764e-01	3.153398e-03
2.313061e-05	1.368010e-02	1.540514e-01	3.381643e-03
2.660020e-05	1.467027e-02	1.692634e-01	3.626408e-03
3.059023e-05	1.573212e-02	1.857915e-01	3.888889e-03
3.517876e-05	1.687082e-02	2.032558e-01	4.170369e-03
4.045558e-05	1.809193e-02	2.233398e-01	4.472223e-03
4.652391e-05	1.940144e-02	2.448299e-01	4.795924e-03
5.350250e-05	1.041867e-02	2.678244e-01	5.143056e-03
6.152788e-05	1.126342e-02	2.929622e-01	5.515313e-03
7.075706e-05	1.216861e-02	3.201039e-01	5.914514e-03
8.137062e-05	1.313869e-02	3.489179e-01	6.342610e-03
9.357621e-05	1.417839e-02	3.795832e-01	6.801691e-03
1.076126e-04	1.529282e-02	4.130281e-01	7.294001e-03
1.237545e-04	1.648742e-02	4.491372e-01	7.821945e-03
1.423177e-04	1.776804e-02	4.879589e-01	8.388102e-03
1.636654e-04	1.914094e-02	5.262026e-01	8.995237e-03
1.882152e-04	2.061283e-02	5.693009e-01	9.646317e-03
2.164475e-04	2.219091e-02	6.188640e-01	1.034452e-02
2.489146e-04	2.388288e-02	6.656148e-01	1.109326e-02
2.862518e-04	2.569703e-02	7.192109e-01	1.189620e-02
3.291895e-04	2.764221e-02	7.693379e-01	1.275725e-02
3.785680e-04	2.972794e-02	8.260071e-01	1.368063e-02
4.353531e-04	3.196439e-02	8.908018e-01	1.467084e-02
5.006561e-04	3.436250e-02	9.499381e-01	1.573273e-02
5.757545e-04	3.693399e-02	1.017945e+00	1.687147e-02
6.621177e-04	3.969142e-02	1.083018e+00	1.809263e-02
7.614354e-04	4.264827e-02	1.153067e+00	1.940219e-02
8.756507e-04	4.581897e-02	1.224837e+00	2.080653e-02
1.006998e-03	4.921902e-02	1.293142e+00	2.231252e-02
1.158048e-03	5.286503e-02	1.371557e+00	2.392751e-02
1.331755e-03	5.677481e-02	1.442810e+00	2.565939e-02
1.531519e-03	6.096747e-02	1.515055e+00	2.751664e-02
1.761246e-03	6.546348e-02	1.583232e+00	2.950830e-02
2.025433e-03	7.028482e-02	1.661636e+00	3.164413e-02
2.329248e-03	7.545503e-02	1.736574e+00	3.393455e-02
2.678635e-03	8.099937e-02	1.807057e+00	3.639075e-02
3.080431e-03	8.694494e-02	1.874600e+00	3.902473e-02
3.542495e-03	9.332078e-02	1.934672e+00	4.184936e-02
4.073870e-03	1.001580e-01	2.003755e+00	4.487844e-02
4.684950e-03	1.074901e-01	2.065937e+00	4.812677e-02
5.387693e-03	1.153528e-01	2.122329e+00	5.161021e-02
6.195847e-03	1.237846e-01	2.176473e+00	5.534578e-02
7.125224e-03	1.328266e-01	2.226887e+00	5.932329e-02
8.194007e-03	1.425230e-01	2.269738e+00	6.364370e-02
9.423108e-03	1.529212e-01	2.307413e+00	6.825602e-02
1.083657e-02	1.640719e-01	2.343531e+00	7.319661e-02
1.246206e-02	1.760298e-01	2.375650e+00	7.849429e-02
1.433137e-02	1.888531e-01	2.403724e+00	8.417570e-02
1.648108e-02	2.026046e-01	2.419610e+00	9.026822e-02
1.895324e-02	2.173513e-01	2.436677e+00	9.680176e-02
2.179622e-02	2.331654e-01	2.455716e+00	1.038082e-01
2.506566e-02	2.501241e-01	2.460113e+00	1.113218e-01
2.882550e-02	2.683103e-01	2.465169e+00	1.193792e-01
3.314933e-02	2.878127e-01	2.458282e+00	1.280198e-01
3.812173e-02	3.087267e-01	2.450034e+00	1.372858e-01
4.383999e-02	3.311545e-01	2.439808e+00	1.472226e-01
5.041599e-02	3.552056e-01	2.418287e+00	1.578785e-01
5.797838e-02	3.809975e-01	2.393471e+00	1.693057e-01
6.667514e-02	4.086562e-01	2.360721e+00	1.815599e-01
7.667641e-02	4.383169e-01	2.322667e+00	1.947013e-01
8.817787e-02	4.701244e-01	2.278419e+00	2.087938e-01
1.014046e-01	5.042341e-01	2.228315e+00	2.239062e-01
1.166152e-01	5.408127e-01	2.170987e+00	2.401125e-01
1.341075e-01	5.800389e-01	2.110213e+00	2.574918e-01
1.542237e-01	6.221042e-01	2.045456e+00	2.761292e-01
1.773572e-01	6.672143e-01	1.977424e+00	2.961155e-01
2.039608e-01	7.155894e-01	1.899187e+00	3.175483e-01
2.345549e-01	7.674660e-01	1.820293e+00	3.405324e-01
2.697381e-01	8.230973e-01	1.738906e+00	3.651803e-01
3.101989e-01	8.827554e-01	1.658300e+00	3.916122e-01
3.567287e-01	9.467314e-01	1.579452e+00	4.199572e-01
4.102380e-01	1.015338e+00	1.488776e+00	4.503537e-01
4.717737e-01	1.088911e+00	1.403393e+00	4.829503e-01
5.425397e-01	1.167808e+00	1.318688e+00	5.179065e-01
6.239207e-01	1.252417e+00	1.234949e+00	5.553928e-01
7.175088e-01	1.343149e+00	1.151038e+00	5.955923e-01
8.251351e-01	1.440449e+00	1.074227e+00	6.387013e-01
9.489054e-01	1.544791e+00	1.001691e+00	6.849307e-01
1.091241e+00	1.656685e+00	9.270342e-01	7.345064e-01
1.254927e+00	1.776679e+00	8.559137e-01	7.876703e-01
1.443166e+00	1.905357e+00	7.854499e-01	8.446822e-01
1.659641e+00	2.043350e+00	7.331662e-01	9.058200e-01
1.908588e+00	2.235585e+00	6.734810e-01	9.713832e-01
2.194876e+00	2.453444e+00	6.083198e-01	1.041702e+00
2.524107e+00	2.696172e+00	5.736646e-01	1.117048e+00
2.902723e+00	2.962440e+00	5.338110e-01	1.198292e+00
3.338132e+00	3.261501e+00	4.879794e-01	1.287866e+00
3.838852e+00	3.581979e+00	4.352731e-01	1.273452e+00
4.414679e+00	3.940113e+00	3.789414e-01	1.240420e+00
5.076881e+00	4.335241e+00	3.462267e-01	1.209533e+00
5.838413e+00	4.761981e+00	3.095137e-01	1.181820e+00
6.714175e+00	5.236476e+00	2.808928e-01	1.158329e+00
7.721302e+00	5.722641e+00	2.525593e-01	1.140156e+00
8.879497e+00	6.276060e+00	2.270580e-01	1.128429e+00
1.021142e+01	6.905291e+00	2.060997e-01	1.124407e+00
1.174313e+01	7.591298e+00	1.829666e-01	1.129389e+00
1.350460e+01	8.359117e+00	1.650016e-01	1.144743e+00
1.553030e+01	9.178035e+00	1.489330e-01	1.171887e+00
1.785984e+01	1.000924e+01	1.351686e-01	1.212282e+00
2.053882e+01	1.085441e+01	1.193396e-01	1.267424e+00
2.361964e+01	1.163307e+01	1.062914e-01	1.338876e+00
2.716258e+01	1.243098e+01	9.482379e-02	1.428327e+00
3.123697e+01	1.309943e+01	8.508928e-02	1.537671e+00
3.592252e+01	1.370417e+01	7.690769e-02	1.669179e+00
4.131089e+01	1.427008e+01	6.749887e-02	1.825614e+00
4.750753e+01	1.470470e+01	6.000161e-02	2.010426e+00
5.463366e+01	1.512568e+01	5.329604e-02	2.227948e+00
6.282871e+01	1.544262e+01	4.731317e-02	2.483601e+00
7.225301e+01	1.565536e+01	4.171092e-02	2.784190e+00
8.309096e+01	1.580611e+01	3.723709e-02	3.138151e+00
9.555461e+01	1.593199e+01	3.336568e-02	3.555982e+00
1.098878e+02	1.601898e+01	2.951997e-02	4.051340e+00
1.263710e+02	1.599975e+01	2.616606e-02	4.636496e+00
1.453266e+02	1.565502e+01	2.302878e-02	5.357036e+00
1.671256e+02	1.532163e+01	2.097265e-02	6.279741e+00
1.921945e+02	1.488199e+01	1.860809e-02	7.373411e+00
2.210236e+02	1.435199e+01	1.607213e-02	8.694297e+00
2.541772e+02	1.378272e+01	1.441939e-02	1.028839e+01
2.923037e+02	1.319392e+01	1.259199e-02	1.222595e+01
3.361493e+02	1.259059e+01	1.144211e-02	1.459272e+01
3.865717e+02	1.199971e+01	1.011975e-02	1.749591e+01
4.445574e+02	1.140321e+01	8.733046e-03	2.107300e+01
5.112411e+02	1.079604e+01	7.815290e-03	2.549864e+01
5.879272e+02	1.018187e+01	6.809296e-03	3.099461e+01
6.761163e+02	9.565235e+00	6.053382e-03	3.784721e+01
7.775337e+02	8.953551e+00	5.331966e-03	4.642283e+01
8.941638e+02	8.352821e+00	4.704070e-03	5.719157e+01
1.028288e+03	7.765544e+00	4.198392e-03	7.075844e+01
1.182532e+03	7.194596e+00	3.653815e-03	8.790293e+01
1.359911e+03	6.643517e+00	3.239916e-03	1.096299e+02
1.563898e+03	6.115690e+00	2.886800e-03	1.372352e+02
1.798483e+03	5.611183e+00	2.583926e-03	1.723897e+02
2.068255e+03	5.134091e+00	2.235621e-03	2.172470e+02
2.378493e+03	4.685891e+00	1.964848e-03	2.745800e+02
2.735268e+03	4.268004e+00	1.725254e-03	3.479547e+02
3.145558e+03	3.880310e+00	1.531668e-03	4.419479e+02
3.617391e+03	3.521906e+00	1.367314e-03	5.624206e+02
4.160000e+03	3.192867e+00	1.178307e-03	7.168575e+02
4.784000e+03	2.892595e+00	1.035719e-03	9.147864e+02
5.501600e+03	2.619694e+00	9.060740e-04	1.168291e+03
6.326840e+03	2.372823e+00	7.944541e-04	1.492635e+03
7.275866e+03	2.151067e+00	6.901798e-04	1.907008e+03
8.367246e+03	1.952637e+00	6.079830e-04	2.435414e+03
9.622333e+03	1.775206e+00	5.390358e-04	3.107717e+03
