# Energy_MeV	dEdx_Elec_MeV_um	dEdx_Nucl_MeV_um	Range_um
1.000000e-05	7.599638e-03	7.652779e-02	2.631704e-03
1.150000e-05	8.149704e-03	8.438596e-02	2.822189e-03
1.322500e-05	8.739583e-03	9.341492e-02	3.026460e-03
1.520875e-05	9.372159e-03	1.029318e-01	3.245517e-03
1.749006e-05	1.005052e-02	1.133565e-01	3.480429e-03
2.011357e-05	1.077798e-02	1.245530e-01	3.732344e-03
2.313061e-05	1.155810e-02	1.374291e-01	4.002493e-03
2.660020e-05	6.258373e-03	1.512918e-01	4.292196e-03
3.059023e-05	6.779805e-03	1.662684e-01	4.602867e-03
3.517876e-05	7.338317e-03	1.824214e-01	4.936025e-03
4.045558e-05	7.936654e-03	1.996154e-01	5.293298e-03
4.652391e-05	8.577754e-03	2.193885e-01	5.676429e-03
5.350250e-05	9.264761e-03	2.403879e-01	6.087292e-03
6.152788e-05	1.000104e-02	2.630265e-01	6.527894e-03
7.075706e-05	1.079020e-02	2.876293e-01	7.000386e-03
8.137062e-05	1.163609e-02	3.143509e-01	7.507078e-03
9.357621e-05	1.254287e-02	3.425826e-01	8.050444e-03
1.076126e-04	1.351496e-02	3.725916e-01	8.633139e-03
1.237545e-04	1.455712e-02	4.055189e-01	9.258010e-03
1.423177e-04	1.567443e-02	4.408288e-01	9.928110e-03
1.636654e-04	1.687237e-02	4.790495e-01	1.064671e-02
1.882152e-04	1.815679e-02	5.163552e-01	1.141733e-02
2.164475e-04	1.953397e-02	5.587864e-01	1.224372e-02
2.489146e-04	2.101063e-02	6.072308e-01	1.312993e-02
2.862518e-04	2.259399e-02	6.531147e-01	1.408028e-02
3.291895e-04	2.429178e-02	7.058812e-01	1.509941e-02
3.785680e-04	2.611231e-02	7.546390e-01	1.619232e-02
4.353531e-04	2.806447e-02	8.104310e-01	1.736433e-02
5.006561e-04	3.015779e-02	8.734742e-01	1.862117e-02
5.757545e-04	3.240251e-02	9.316952e-01	1.996898e-02
6.621177e-04	3.480958e-02	9.984120e-01	2.141434e-02
7.614354e-04	3.739078e-02	1.062068e+00	2.296432e-02
8.756507e-04	4.015870e-02	1.130455e+00	2.462649e-02
1.006998e-03	4.312688e-02	1.200394e+00	2.640897e-02
1.158048e-03	4.630982e-02	1.267641e+00	2.832047e-02
1.331755e-03	4.972305e-02	1.343937e+00	3.037032e-02
1.531519e-03	5.338327e-02	1.414088e+00	3.256854e-02
1.761246e-03	5.730834e-02	1.484044e+00	3.492586e-02
2.025433e-03	6.151745e-02	1.551167e+00	3.745382e-02
2.329248e-03	6.603116e-02	1.628357e+00	4.016474e-02
2.678635e-03	7.087152e-02	1.700665e+00	4.307189e-02
3.080431e-03	7.606218e-02	1.770058e+00	4.618945e-02
3.542495e-03	8.162849e-02	1.835076e+00	4.953267e-02
4.073870e-03	8.759765e-02	1.894218e+00	5.311787e-02
4.684950e-03	9.399883e-02	1.962232e+00	5.696257e-02
5.387693e-03	1.008633e-01	2.021913e+00	6.108555e-02
6.195847e-03	1.082246e-01	2.077432e+00	6.550696e-02
7.125224e-03	1.161186e-01	2.129666e+00	7.024839e-02
8.194007e-03	1.245840e-01	2.179299e+00	7.533300e-02
9.423108e-03	1.336621e-01	2.220679e+00	8.078161e-02
1.083657e-02	1.433972e-01	2.256966e+00	8.663589e-02
1.246206e-02	1.538370e-01	2.292526e+00	9.290492e-02
1.433137e-02	1.650324e-01	2.323278e+00	9.963031e-02
1.648108e-02	1.770381e-01	2.350917e+00	1.068412e-01
1.895324e-02	1.899127e-01	2.365721e+00	1.145743e-01
2.179622e-02	2.037192e-01	2.382524e+00	1.228671e-01
2.506566e-02	2.185250e-01	2.400409e+00	1.317601e-01
2.882550e-02	2.344024e-01	2.404738e+00	1.412968e-01
3.314933e-02	2.514290e-01	2.409377e+00	1.515238e-01
3.812173e-02	2.696880e-01	2.402316e+00	1.624910e-01
4.383999e-02	2.892686e-01	2.394196e+00	1.742520e-01
5.041599e-02	3.102665e-01	2.383629e+00	1.868644e-01
5.797838e-02	3.327841e-01	2.362441e+00	2.003895e-01
6.667514e-02	3.569316e-01	2.337805e+00	2.148936e-01
7.667641e-02	3.828269e-01	2.305562e+00	2.304476e-01
8.817787e-02	4.105965e-01	2.268051e+00	2.471274e-01
1.014046e-01	4.403761e-01	2.224530e+00	2.650144e-01
1.166152e-01	4.723111e-01	2.175201e+00	2.841961e-01
1.341075e-01	5.065576e-01	2.119020e+00	3.047661e-01
1.542237e-01	5.432828e-01	2.059186e+00	3.268252e-01
1.773572e-01	5.826662e-01	1.995982e+00	3.504809e-01
2.039608e-01	6.249003e-01	1.929002e+00	3.758487e-01
2.345549e-01	6.701912e-01	1.851976e+00	4.030525e-01
2.697381e-01	7.187603e-01	1.775274e+00	4.322255e-01
3.101989e-01	7.708449e-01	1.695146e+00	4.635102e-01
3.567287e-01	8.266994e-01	1.617063e+00	4.970592e-01
4.102380e-01	8.865966e-01	1.539435e+00	5.330364e-01
4.717737e-01	9.508293e-01	1.450163e+00	5.716175e-01
5.425397e-01	1.019711e+00	1.367640e+00	6.129914e-01
6.239207e-01	1.093579e+00	1.284247e+00	6.573601e-01
7.175088e-01	1.172793e+00	1.203042e+00	7.049400e-01
8.251351e-01	1.257740e+00	1.120430e+00	7.559636e-01
9.489054e-01	1.348837e+00	1.045801e+00	8.106803e-01
1.091241e+00	1.446526e+00	9.754977e-01	8.693578e-01
1.254927e+00	1.551287e+00	9.019963e-01	9.322824e-01
1.443166e+00	1.663630e+00	8.332151e-01	9.997613e-01
1.659641e+00	1.784105e+00	7.648518e-01	1.072124e+00
1.908588e+00	1.913300e+00	7.137549e-01	1.149725e+00
2.194876e+00	2.063196e+00	6.549935e-01	1.232943e+00
2.524107e+00	2.262845e+00	5.929205e-01	1.322178e+00
2.902723e+00	2.485420e+00	5.588016e-01	1.417906e+00
3.338132e+00	2.737042e+00	5.195649e-01	1.520440e+00
3.838852e+00	3.008341e+00	4.744427e-01	1.631689e+00
4.414679e+00	3.312279e+00	4.225522e-01	1.643810e+00
5.076881e+00	3.645694e+00	3.688198e-01	1.607379e+00
5.838413e+00	4.011092e+00	3.366115e-01	1.572360e+00
6.714175e+00	4.421160e+00	3.011563e-01	1.540031e+00
7.721302e+00	4.857089e+00	2.729784e-01	1.511744e+00
8.879497e+00	5.333549e+00	2.455640e-01	1.488913e+00
1.021142e+01	5.841200e+00	2.209288e-01	1.473006e+00
1.174313e+01	6.415388e+00	2.002949e-01	1.465669e+00
1.350460e+01	7.067663e+00	1.779764e-01	1.468626e+00
1.553030e+01	7.774830e+00	1.602895e-01	1.483716e+00
1.785984e+01	8.543698e+00	1.449119e-01	1.512874e+00
2.053882e+01	9.371325e+00	1.313606e-01	1.558118e+00
2.361964e+01	1.013172e+01	1.157766e-01	1.621533e+00
2.716258e+01	1.092380e+01	1.033434e-01	1.705274e+00
3.123697e+01	1.164580e+01	9.205333e-02	1.811616e+00
3.592252e+01	1.232727e+01	8.277682e-02	1.943032e+00
4.131089e+01	1.296097e+01	7.472187e-02	2.102378e+00
4.750753e+01	1.345693e+01	6.545867e-02	2.293049e+00
5.463366e+01	1.394499e+01	5.832646e-02	2.519215e+00
6.282871e+01	1.433820e+01	5.172467e-02	2.786077e+00
7.225301e+01	1.467561e+01	4.597731e-02	3.100143e+00
8.309096e+01	1.497218e+01	4.054723e-02	3.469574e+00
9.555461e+01	1.510820e+01	3.615122e-02	3.904556e+00
1.098878e+02	1.523551e+01	3.242861e-02	4.417821e+00
1.263710e+02	1.534965e+01	2.864242e-02	5.024750e+00
1.453266e+02	1.538191e+01	2.542287e-02	5.746987e+00
1.671256e+02	1.535709e+01	2.241045e-02	6.601529e+00
1.921945e+02	1.450870e+01	2.038614e-02	7.681235e+00
2.210236e+02	1.412843e+01	1.805818e-02	9.037150e+00
2.541772e+02	1.366779e+01	1.563023e-02	1.064578e+01
2.923037e+02	1.312437e+01	1.400307e-02	1.259407e+01
3.361493e+02	1.256631e+01	1.225267e-02	1.495596e+01
3.865717e+02	1.198830e+01	1.112059e-02	1.783604e+01
4.445574e+02	1.140501e+01	9.818698e-03	2.136650e+01
5.112411e+02	1.083907e+01	8.492000e-03	2.571123e+01
5.879272e+02	1.026310e+01	7.588449e-03	3.108246e+01
6.761163e+02	9.682282e+00	6.619432e-03	3.774835e+01
7.775337e+02	9.097774e+00	5.875218e-03	4.605257e+01
8.941638e+02	8.516674e+00	5.178948e-03	5.643846e+01
1.028288e+03	7.944249e+00	4.573692e-03	6.947375e+01
1.182532e+03	7.386182e+00	4.075841e-03	8.588867e+01
1.359911e+03	6.843457e+00	3.551542e-03	1.066242e+02
1.563898e+03	6.319344e+00	3.144049e-03	1.328939e+02
1.798483e+03	5.816635e+00	2.807144e-03	1.662633e+02
2.068255e+03	5.337955e+00	2.508958e-03	2.087524e+02
2.378493e+03	4.883521e+00	2.166044e-03	2.629662e+02
2.735268e+03	4.456127e+00	1.909041e-03	3.322621e+02
3.145558e+03	4.056740e+00	1.673156e-03	4.209617e+02
3.617391e+03	3.686226e+00	1.489230e-03	5.346193e+02
4.160000e+03	3.344176e+00	1.327420e-03	6.803575e+02
4.784000e+03	3.029924e+00	1.141339e-03	8.672880e+02
5.501600e+03	2.742692e+00	1.006143e-03	1.107032e+03
6.326840e+03	2.481379e+00	8.785045e-04	1.414364e+03
7.275866e+03	2.244932e+00	7.714590e-04	1.807991e+03
8.367246e+03	2.032069e+00	6.706703e-04	2.311506e+03
9.622333e+03	1.841360e+00	5.897457e-04	2.954516e+03
