# Energy_MeV	dEdx_Elec_MeV_um	dEdx_Nucl_MeV_um	Range_um
1.000000e-05	9.175289e-03	7.104754e-02	2.179768e-03
1.150000e-05	9.839401e-03	7.887889e-02	2.337541e-03
1.322500e-05	1.055158e-02	8.718520e-02	2.506733e-03
1.520875e-05	1.131531e-02	9.650059e-02	2.688172e-03
1.749006e-05	1.213432e-02	1.067610e-01	2.882743e-03
2.011357e-05	1.301261e-02	1.177443e-01	3.091398e-03
2.313061e-05	1.395447e-02	1.303154e-01	3.315155e-03
2.660020e-05	1.496450e-02	1.436171e-01	3.555107e-03
3.059023e-05	1.604764e-02	1.581146e-01	3.812428e-03
3.517876e-05	1.720917e-02	1.737640e-01	4.088373e-03
4.045558e-05	1.845478e-02	1.917608e-01	4.384292e-03
4.652391e-05	1.979055e-02	2.110303e-01	4.701629e-03
5.350250e-05	2.122300e-02	2.319630e-01	5.041936e-03
6.152788e-05	2.275913e-02	2.544035e-01	5.406874e-03
7.075706e-05	2.440645e-02	2.784355e-01	5.798226e-03
8.137062e-05	2.617300e-02	3.060723e-01	6.217905e-03
9.357621e-05	2.806742e-02	3.352421e-01	6.667960e-03
1.076126e-04	1.513646e-02	3.668840e-01	7.150590e-03
1.237545e-04	1.632086e-02	4.011040e-01	7.668154e-03
1.423177e-04	1.759053e-02	4.384527e-01	8.223179e-03
1.636654e-04	1.895167e-02	4.777559e-01	8.818377e-03
1.882152e-04	2.041094e-02	5.194914e-01	9.456656e-03
2.164475e-04	2.197547e-02	5.655137e-01	1.014113e-02
2.489146e-04	2.365291e-02	6.145911e-01	1.087515e-02
2.862518e-04	2.545145e-02	6.680121e-01	1.166230e-02
3.291895e-04	2.737989e-02	7.197576e-01	1.250643e-02
3.785680e-04	2.944765e-02	7.790637e-01	1.341165e-02
4.353531e-04	3.166484e-02	8.462074e-01	1.438239e-02
5.006561e-04	3.404228e-02	9.103392e-01	1.542340e-02
5.757545e-04	3.659160e-02	9.837507e-01	1.653975e-02
6.621177e-04	3.932524e-02	1.051560e+00	1.773691e-02
7.614354e-04	4.225657e-02	1.129540e+00	1.902071e-02
8.756507e-04	4.539990e-02	1.216798e+00	2.039744e-02
1.006998e-03	4.877060e-02	1.298173e+00	2.187382e-02
1.158048e-03	5.238513e-02	1.390682e+00	2.345706e-02
1.331755e-03	5.626115e-02	1.479654e+00	2.515489e-02
1.531519e-03	6.041760e-02	1.574577e+00	2.697562e-02
1.761246e-03	6.487478e-02	1.671505e+00	2.892813e-02
2.025433e-03	6.965447e-02	1.765496e+00	3.102196e-02
2.329248e-03	7.478001e-02	1.871096e+00	3.326735e-02
2.678635e-03	8.027646e-02	1.969146e+00	3.567525e-02
3.080431e-03	8.617065e-02	2.065586e+00	3.825745e-02
3.542495e-03	9.249140e-02	2.159402e+00	4.102654e-02
4.073870e-03	9.926956e-02	2.267291e+00	4.399606e-02
4.684950e-03	1.065383e-01	2.366673e+00	4.718052e-02
5.387693e-03	1.143330e-01	2.463663e+00	5.059547e-02
6.195847e-03	1.226919e-01	2.552845e+00	5.425760e-02
7.125224e-03	1.316558e-01	2.635508e+00	5.818480e-02
8.194007e-03	1.412684e-01	2.730570e+00	6.239624e-02
9.423108e-03	1.515767e-01	2.812224e+00	6.691251e-02
1.083657e-02	1.626311e-01	2.889823e+00	7.173137e-02
1.246206e-02	1.744856e-01	2.961602e+00	7.695079e-02
1.433137e-02	1.871981e-01	3.030975e+00	8.252045e-02
1.648108e-02	2.008307e-01	3.087884e+00	8.849400e-02
1.895324e-02	2.154500e-01	3.137682e+00	9.489883e-02
2.179622e-02	2.311274e-01	3.187383e+00	1.017676e-01
2.506566e-02	2.479395e-01	3.229371e+00	1.091334e-01
2.882550e-02	2.659684e-01	3.267313e+00	1.170324e-01
3.314933e-02	2.853023e-01	3.287736e+00	1.255031e-01
3.812173e-02	3.060356e-01	3.311221e+00	1.345870e-01
4.383999e-02	3.282695e-01	3.335234e+00	1.443283e-01
5.041599e-02	3.521127e-01	3.341284e+00	1.547747e-01
5.797838e-02	3.776817e-01	3.347060e+00	1.659772e-01
6.667514e-02	4.051013e-01	3.337191e+00	1.779906e-01
7.667641e-02	4.345056e-01	3.325841e+00	1.908735e-01
8.817787e-02	4.660381e-01	3.310500e+00	2.046888e-01
1.014046e-01	4.998530e-01	3.280886e+00	2.195042e-01
1.166152e-01	5.361154e-01	3.246220e+00	2.353920e-01
1.341075e-01	5.750025e-01	3.201154e+00	2.524296e-01
1.542237e-01	6.167043e-01	3.148671e+00	2.707004e-01
1.773572e-01	6.614244e-01	3.087890e+00	2.902937e-01
2.039608e-01	7.093814e-01	3.018943e+00	3.113052e-01
2.345549e-01	7.608095e-01	2.940715e+00	3.338375e-01
2.697381e-01	8.159600e-01	2.857086e+00	3.580007e-01
3.101989e-01	8.751023e-01	2.769375e+00	3.839127e-01
3.567287e-01	9.385254e-01	2.675758e+00	4.117004e-01
4.102380e-01	1.006539e+00	2.568098e+00	4.414995e-01
4.717737e-01	1.079476e+00	2.462003e+00	4.734553e-01
5.425397e-01	1.157691e+00	2.350010e+00	5.077240e-01
6.239207e-01	1.241568e+00	2.242334e+00	5.444731e-01
7.175088e-01	1.331516e+00	2.133834e+00	5.838823e-01
8.251351e-01	1.427975e+00	2.009058e+00	6.261440e-01
9.489054e-01	1.531415e+00	1.895479e+00	6.714645e-01
1.091241e+00	1.642342e+00	1.778920e+00	7.200651e-01
1.254927e+00	1.761299e+00	1.666839e+00	7.721836e-01
1.443166e+00	1.888865e+00	1.552440e+00	8.280747e-01
1.659641e+00	2.025665e+00	1.448202e+00	8.880112e-01
1.908588e+00	2.172366e+00	1.351209e+00	9.522856e-01
2.194876e+00	2.329686e+00	1.248476e+00	1.021212e+00
2.524107e+00	2.503693e+00	1.153759e+00	1.095128e+00
2.902723e+00	2.738903e+00	1.059797e+00	1.174391e+00
3.338132e+00	3.003059e+00	9.883787e-01	1.259414e+00
3.838852e+00	3.299341e+00	9.062480e-01	1.350489e+00
4.414679e+00	3.620736e+00	8.218704e-01	1.448953e+00
5.076881e+00	3.980349e+00	7.741826e-01	1.557748e+00
5.838413e+00	4.366287e+00	7.193416e-01	1.678703e+00
6.714175e+00	4.789755e+00	6.562744e-01	1.814167e+00
7.721302e+00	5.257684e+00	5.837472e-01	1.857081e+00
8.879497e+00	5.747144e+00	5.106239e-01	1.773577e+00
1.021142e+01	6.282916e+00	4.656065e-01	1.700931e+00
1.174313e+01	6.829423e+00	4.168405e-01	1.640045e+00
1.350460e+01	7.442729e+00	3.774563e-01	1.591831e+00
1.553030e+01	8.136885e+00	3.396897e-01	1.557232e+00
1.785984e+01	8.841645e+00	3.057971e-01	1.537237e+00
2.053882e+01	9.633954e+00	2.769571e-01	1.532838e+00
2.361964e+01	1.051374e+01	2.462855e-01	1.545133e+00
2.716258e+01	1.146730e+01	2.215646e-01	1.575189e+00
3.123697e+01	1.252986e+01	2.005778e-01	1.624098e+00
3.592252e+01	1.358729e+01	1.816372e-01	1.693013e+00
4.131089e+01	1.468730e+01	1.598554e-01	1.783226e+00
4.750753e+01	1.572827e+01	1.429508e-01	1.896279e+00
5.463366e+01	1.666031e+01	1.271707e-01	2.034113e+00
6.282871e+01	1.759636e+01	1.145569e-01	2.199225e+00
7.225301e+01	1.835694e+01	1.032985e-01	2.394817e+00
8.309096e+01	1.909399e+01	9.035139e-02	2.625046e+00
9.555461e+01	1.973378e+01	8.066787e-02	2.895149e+00
1.098878e+02	2.017452e+01	7.144057e-02	3.211723e+00
1.263710e+02	2.057661e+01	6.357114e-02	3.582971e+00
1.453266e+02	2.096685e+01	5.608924e-02	4.018914e+00
1.671256e+02	2.127910e+01	4.994496e-02	4.533324e+00
1.921945e+02	2.147517e+01	4.484365e-02	5.136013e+00
2.210236e+02	2.125492e+01	3.955170e-02	5.883990e+00
2.541772e+02	2.102362e+01	3.514616e-02	6.830490e+00
2.923037e+02	2.063240e+01	3.102309e-02	7.938312e+00
3.361493e+02	2.008140e+01	2.819372e-02	9.265693e+00
3.865717e+02	1.947249e+01	2.493994e-02	1.085427e+01
4.445574e+02	1.882054e+01	2.162516e-02	1.276825e+01
5.112411e+02	1.813955e+01	1.935088e-02	1.508619e+01
5.879272e+02	1.747513e+01	1.696013e-02	1.790441e+01
6.761163e+02	1.678372e+01	1.537782e-02	2.134646e+01
7.775337e+02	1.605987e+01	1.355818e-02	2.556730e+01
8.941638e+02	1.530698e+01	1.174799e-02	3.076291e+01
1.028288e+03	1.453357e+01	1.048510e-02	3.718470e+01
1.182532e+03	1.374944e+01	9.155224e-03	4.515197e+01
1.359911e+03	1.296467e+01	8.115038e-03	5.507228e+01
1.563898e+03	1.218097e+01	7.157874e-03	6.746741e+01
1.798483e+03	1.140343e+01	6.326707e-03	8.300649e+01
2.068255e+03	1.063870e+01	5.630862e-03	1.025486e+02
2.378493e+03	9.890825e+00	4.911621e-03	1.271978e+02
2.735268e+03	9.161149e+00	4.342069e-03	1.583738e+02
3.145558e+03	8.460619e+00	3.883483e-03	1.979021e+02
3.617391e+03	7.792728e+00	3.466709e-03	2.481301e+02
4.160000e+03	7.159939e+00	2.987419e-03	3.120734e+02
4.784000e+03	6.562703e+00	2.639179e-03	3.936016e+02
5.501600e+03	6.001515e+00	2.309483e-03	4.976706e+02
6.326840e+03	5.479260e+00	2.060042e-03	6.306130e+02
7.275866e+03	4.996738e+00	1.833881e-03	8.004974e+02
8.367246e+03	4.552080e+00	1.573795e-03	1.017568e+03
9.622333e+03	4.144597e+00	1.390771e-03	1.294780e+03
