# Energy_MeV	dEdx_Elec_MeV_um	dEdx_Nucl_MeV_um	Range_um
1.000000e-05	8.684689e-03	6.193020e-02	2.302903e-03
1.150000e-05	9.313291e-03	6.891226e-02	2.469589e-03
1.322500e-05	9.987392e-03	7.630986e-02	2.648339e-03
1.520875e-05	1.071029e-02	8.464373e-02	2.840027e-03
1.749006e-05	1.148550e-02	9.366155e-02	3.045590e-03
2.011357e-05	1.231683e-02	1.037292e-01	3.266031e-03
2.313061e-05	1.320833e-02	1.147378e-01	3.502428e-03
2.660020e-05	1.416435e-02	1.265654e-01	3.755936e-03
3.059023e-05	1.518958e-02	1.399930e-01	4.027792e-03
3.517876e-05	1.628900e-02	1.544067e-01	4.319326e-03
4.045558e-05	1.746801e-02	1.703235e-01	4.631961e-03
4.652391e-05	1.873236e-02	1.869601e-01	4.967225e-03
5.350250e-05	2.008821e-02	2.060922e-01	5.326756e-03
6.152788e-05	2.154221e-02	2.273124e-01	5.712309e-03
7.075706e-05	2.310145e-02	2.495655e-01	6.125769e-03
8.137062e-05	1.244086e-02	2.743653e-01	6.569155e-03
9.357621e-05	1.342193e-02	2.999133e-01	7.044634e-03
1.076126e-04	1.447356e-02	3.292935e-01	7.554529e-03
1.237545e-04	1.560087e-02	3.615542e-01	8.101329e-03
1.423177e-04	1.680939e-02	3.951921e-01	8.687708e-03
1.636654e-04	1.810502e-02	4.327265e-01	9.316529e-03
1.882152e-04	1.949410e-02	4.724312e-01	9.990864e-03
2.164475e-04	2.098341e-02	5.152927e-01	1.071401e-02
2.489146e-04	2.258024e-02	5.610984e-01	1.148949e-02
2.862518e-04	2.429239e-02	6.100239e-01	1.232111e-02
3.291895e-04	2.612823e-02	6.640990e-01	1.321292e-02
3.785680e-04	2.809672e-02	7.208899e-01	1.416928e-02
4.353531e-04	3.020749e-02	7.786391e-01	1.519486e-02
5.006561e-04	3.247085e-02	8.416863e-01	1.629467e-02
5.757545e-04	3.489785e-02	9.141906e-01	1.747408e-02
6.621177e-04	3.750036e-02	9.851601e-01	1.873887e-02
7.614354e-04	4.029109e-02	1.063564e+00	2.009520e-02
8.756507e-04	4.328368e-02	1.139985e+00	2.154970e-02
1.006998e-03	4.649274e-02	1.222885e+00	2.310948e-02
1.158048e-03	4.993395e-02	1.318219e+00	2.478215e-02
1.331755e-03	5.362413e-02	1.408081e+00	2.657590e-02
1.531519e-03	5.758130e-02	1.507566e+00	2.849947e-02
1.761246e-03	6.182480e-02	1.606130e+00	3.056228e-02
2.025433e-03	6.637535e-02	1.711612e+00	3.277440e-02
2.329248e-03	7.125520e-02	1.817975e+00	3.514662e-02
2.678635e-03	7.648817e-02	1.920281e+00	3.769055e-02
3.080431e-03	8.209983e-02	2.035190e+00	4.041862e-02
3.542495e-03	8.811761e-02	2.143946e+00	4.334414e-02
4.073870e-03	9.457089e-02	2.255723e+00	4.648141e-02
4.684950e-03	1.014912e-01	2.355457e+00	4.984576e-02
5.387693e-03	1.089124e-01	2.470152e+00	5.345362e-02
6.195847e-03	1.168706e-01	2.587433e+00	5.732262e-02
7.125224e-03	1.254048e-01	2.690542e+00	6.147166e-02
8.194007e-03	1.345567e-01	2.797054e+00	6.592102e-02
9.423108e-03	1.443710e-01	2.884931e+00	7.069241e-02
1.083657e-02	1.548956e-01	2.985990e+00	7.580917e-02
1.246206e-02	1.661820e-01	3.084974e+00	8.129628e-02
1.433137e-02	1.782852e-01	3.167468e+00	8.717341e-02
1.648108e-02	1.912644e-01	3.252261e+00	9.349408e-02
1.895324e-02	2.051831e-01	3.326009e+00	1.002592e-01
2.179622e-02	2.201091e-01	3.392909e+00	1.075168e-01
2.506566e-02	2.361155e-01	3.452213e+00	1.152986e-01
2.882550e-02	2.532804e-01	3.505049e+00	1.236438e-01
3.314933e-02	2.716877e-01	3.556562e+00	1.325931e-01
3.812173e-02	2.914273e-01	3.597630e+00	1.421901e-01
4.383999e-02	3.125957e-01	3.625228e+00	1.524817e-01
5.041599e-02	3.352962e-01	3.650195e+00	1.635182e-01
5.797838e-02	3.596398e-01	3.678908e+00	1.753536e-01
6.667514e-02	3.857453e-01	3.688957e+00	1.880456e-01
7.667641e-02	4.137404e-01	3.696354e+00	2.016563e-01
8.817787e-02	4.437618e-01	3.689506e+00	2.162520e-01
1.014046e-01	4.759561e-01	3.677441e+00	2.319043e-01
1.166152e-01	5.104807e-01	3.663566e+00	2.486896e-01
1.341075e-01	5.475041e-01	3.633600e+00	2.666897e-01
1.542237e-01	5.872073e-01	3.597396e+00	2.859926e-01
1.773572e-01	6.297843e-01	3.550447e+00	3.066927e-01
2.039608e-01	6.754429e-01	3.495020e+00	3.288911e-01
2.345549e-01	7.244064e-01	3.430152e+00	3.526963e-01
2.697381e-01	7.769139e-01	3.356779e+00	3.782245e-01
3.101989e-01	8.332218e-01	3.272488e+00	4.056003e-01
3.567287e-01	8.936054e-01	3.182663e+00	4.349577e-01
4.102380e-01	9.583595e-01	3.085067e+00	4.664401e-01
4.717737e-01	1.027801e+00	2.985544e+00	5.002012e-01
5.425397e-01	1.102268e+00	2.871094e+00	5.364058e-01
6.239207e-01	1.182125e+00	2.750625e+00	5.752308e-01
7.175088e-01	1.267762e+00	2.631567e+00	6.168661e-01
8.251351e-01	1.359598e+00	2.507004e+00	6.615152e-01
9.489054e-01	1.458081e+00	2.391659e+00	7.093959e-01
1.091241e+00	1.563692e+00	2.259013e+00	7.607421e-01
1.254927e+00	1.676948e+00	2.126089e+00	8.158046e-01
1.443166e+00	1.798401e+00	2.002178e+00	8.748529e-01
1.659641e+00	1.928644e+00	1.873225e+00	9.381753e-01
1.908588e+00	2.068315e+00	1.750473e+00	1.006081e+00
2.194876e+00	2.218095e+00	1.632932e+00	1.078901e+00
2.524107e+00	2.378717e+00	1.521042e+00	1.156992e+00
2.902723e+00	2.550964e+00	1.411829e+00	1.240736e+00
3.338132e+00	2.755747e+00	1.301335e+00	1.330543e+00
3.838852e+00	3.018020e+00	1.198256e+00	1.426839e+00
4.414679e+00	3.308393e+00	1.114543e+00	1.530143e+00
5.076881e+00	3.635797e+00	1.027231e+00	1.640821e+00
5.838413e+00	3.989569e+00	9.268226e-01	1.761276e+00
6.714175e+00	4.380446e+00	8.703761e-01	1.894774e+00
7.721302e+00	4.810581e+00	8.120756e-01	2.043454e+00
8.879497e+00	5.271133e+00	7.450301e-01	2.210324e+00
1.021142e+01	5.782749e+00	6.679277e-01	2.399183e+00
1.174313e+01	6.319817e+00	5.792599e-01	2.287182e+00
1.350460e+01	6.885793e+00	5.286630e-01	2.177197e+00
1.553030e+01	7.487137e+00	4.736272e-01	2.085446e+00
1.785984e+01	8.151713e+00	4.294951e-01	2.012514e+00
2.053882e+01	8.886306e+00	3.855424e-01	1.959055e+00
2.361964e+01	9.640153e+00	3.459698e-01	1.925803e+00
2.716258e+01	1.046677e+01	3.151219e-01	1.913562e+00
3.123697e+01	1.138682e+01	2.798637e-01	1.923120e+00
3.592252e+01	1.238707e+01	2.526215e-01	1.955460e+00
4.131089e+01	1.349793e+01	2.268107e-01	2.011501e+00
4.750753e+01	1.468306e+01	2.066753e-01	2.092300e+00
5.463366e+01	1.584231e+01	1.835195e-01	2.199126e+00
6.282871e+01	1.705473e+01	1.622788e-01	2.333604e+00
7.225301e+01	1.805087e+01	1.455032e-01	2.497886e+00
8.309096e+01	1.907237e+01	1.296615e-01	2.694833e+00
9.555461e+01	2.000207e+01	1.176929e-01	2.928198e+00
1.098878e+02	2.080565e+01	1.039291e-01	3.202849e+00
1.263710e+02	2.158620e+01	9.166406e-02	3.524984e+00
1.453266e+02	2.206207e+01	8.185468e-02	3.902374e+00
1.671256e+02	2.257268e+01	7.235795e-02	4.344802e+00
1.921945e+02	2.310269e+01	6.416259e-02	4.863744e+00
2.210236e+02	2.345393e+01	5.712791e-02	5.475915e+00
2.541772e+02	2.318995e+01	5.100147e-02	6.194460e+00
2.923037e+02	2.318250e+01	4.537570e-02	7.106888e+00
3.361493e+02	2.295109e+01	4.003977e-02	8.228402e+00
3.865717e+02	2.255626e+01	3.537184e-02	9.543190e+00
4.445574e+02	2.197544e+01	3.204490e-02	1.111271e+01
5.112411e+02	2.135783e+01	2.858587e-02	1.299100e+01
5.879272e+02	2.068180e+01	2.460798e-02	1.525059e+01
6.761163e+02	1.998015e+01	2.210002e-02	1.798304e+01
7.775337e+02	1.930733e+01	1.931961e-02	2.130002e+01
8.941638e+02	1.858342e+01	1.749084e-02	2.534493e+01
1.028288e+03	1.782154e+01	1.555640e-02	3.029611e+01
1.182532e+03	1.702105e+01	1.333180e-02	3.638061e+01
1.359911e+03	1.619710e+01	1.198444e-02	4.388813e+01
1.563898e+03	1.535789e+01	1.044050e-02	5.318587e+01
1.798483e+03	1.451564e+01	9.295457e-03	6.474220e+01
2.068255e+03	1.366897e+01	8.167276e-03	7.915595e+01
2.378493e+03	1.282548e+01	7.181415e-03	9.719406e+01
2.735268e+03	1.199238e+01	6.441675e-03	1.198399e+02
3.145558e+03	1.117228e+01	5.590973e-03	1.483558e+02
3.617391e+03	1.037134e+01	4.977806e-03	1.843631e+02
4.160000e+03	9.600020e+00	4.405256e-03	2.299448e+02
4.784000e+03	8.862060e+00	3.962191e-03	2.877767e+02
5.501600e+03	8.159665e+00	3.452666e-03	3.612937e+02
6.326840e+03	7.494200e+00	3.006640e-03	4.548995e+02
7.275866e+03	6.868270e+00	2.656146e-03	5.742302e+02
8.367246e+03	6.284162e+00	2.338229e-03	7.264827e+02
9.622333e+03	5.741957e+00	2.097801e-03	9.208208e+02
