# Energy_MeV	dEdx_Elec_MeV_um	dEdx_Nucl_MeV_um	Range_um
1.000000e-05	9.185694e-03	5.989824e-02	2.177299e-03
1.150000e-05	9.850559e-03	6.631197e-02	2.334893e-03
1.322500e-05	1.056355e-02	7.368776e-02	2.503894e-03
1.520875e-05	1.132814e-02	8.181286e-02	2.685127e-03
1.749006e-05	1.214808e-02	9.061669e-02	2.879478e-03
2.011357e-05	1.302736e-02	1.004444e-01	3.087896e-03
2.313061e-05	1.397029e-02	1.111719e-01	3.311399e-03
2.660020e-05	1.498147e-02	1.229621e-01	3.551080e-03
3.059023e-05	1.606584e-02	1.358446e-01	3.808109e-03
3.517876e-05	1.722869e-02	1.500295e-01	4.083742e-03
4.045558e-05	1.847571e-02	1.657732e-01	4.379326e-03
4.652391e-05	1.981299e-02	1.829522e-01	4.696304e-03
5.350250e-05	2.124707e-02	2.009382e-01	5.036225e-03
6.152788e-05	2.278494e-02	2.211492e-01	5.400749e-03
7.075706e-05	2.443413e-02	2.443918e-01	5.791658e-03
8.137062e-05	2.620268e-02	2.682041e-01	6.210862e-03
9.357621e-05	2.809925e-02	2.952384e-01	6.660407e-03
1.076126e-04	3.013308e-02	3.228415e-01	7.142491e-03
1.237545e-04	3.231413e-02	3.538785e-01	7.659468e-03
1.423177e-04	1.738895e-02	3.895711e-01	8.213864e-03
1.636654e-04	1.873461e-02	4.254161e-01	8.808388e-03
1.882152e-04	2.017727e-02	4.662812e-01	9.445944e-03
2.164475e-04	2.172400e-02	5.087874e-01	1.012965e-02
2.489146e-04	2.338235e-02	5.557244e-01	1.086284e-02
2.862518e-04	2.516043e-02	6.062060e-01	1.164909e-02
3.291895e-04	2.706693e-02	6.580071e-01	1.249226e-02
3.785680e-04	2.911116e-02	7.174443e-01	1.339646e-02
4.353531e-04	3.130311e-02	7.780486e-01	1.436610e-02
5.006561e-04	3.365349e-02	8.432653e-01	1.540593e-02
5.757545e-04	3.617380e-02	9.098679e-01	1.652102e-02
6.621177e-04	3.887633e-02	9.864608e-01	1.771681e-02
7.614354e-04	4.177430e-02	1.067454e+00	1.899917e-02
8.756507e-04	4.488186e-02	1.150279e+00	2.037434e-02
1.006998e-03	4.821420e-02	1.238228e+00	2.184904e-02
1.158048e-03	5.178759e-02	1.325803e+00	2.343049e-02
1.331755e-03	5.561950e-02	1.426513e+00	2.512640e-02
1.531519e-03	5.972864e-02	1.530550e+00	2.694506e-02
1.761246e-03	6.413509e-02	1.635645e+00	2.889536e-02
2.025433e-03	6.886038e-02	1.747639e+00	3.098682e-02
2.329248e-03	7.392759e-02	1.862545e+00	3.322966e-02
2.678635e-03	7.936147e-02	1.978457e+00	3.563484e-02
3.080431e-03	8.518858e-02	2.095303e+00	3.821411e-02
3.542495e-03	9.143738e-02	2.216692e+00	4.098007e-02
4.073870e-03	9.813841e-02	2.342601e+00	4.394623e-02
4.684950e-03	1.053244e-01	2.469231e+00	4.712708e-02
5.387693e-03	1.130304e-01	2.580263e+00	5.053816e-02
6.195847e-03	1.212942e-01	2.701426e+00	5.419614e-02
7.125224e-03	1.301560e-01	2.840763e+00	5.811889e-02
8.194007e-03	1.396592e-01	2.952122e+00	6.232556e-02
9.423108e-03	1.498502e-01	3.077384e+00	6.683672e-02
1.083657e-02	1.607788e-01	3.175464e+00	7.167440e-02
1.246206e-02	1.724984e-01	3.282222e+00	7.686223e-02
1.433137e-02	1.850662e-01	3.404993e+00	8.238526e-02
1.648108e-02	1.985436e-01	3.492656e+00	8.838530e-02
1.895324e-02	2.129965e-01	3.592874e+00	9.479158e-02
2.179622e-02	2.284954e-01	3.673180e+00	1.016528e-01
2.506566e-02	2.451162e-01	3.753691e+00	1.090101e-01
2.882550e-02	2.629400e-01	3.826122e+00	1.169002e-01
3.314933e-02	2.820538e-01	3.881938e+00	1.253613e-01
3.812173e-02	3.025511e-01	3.946126e+00	1.344348e-01
4.383999e-02	3.245319e-01	3.990308e+00	1.441651e-01
5.041599e-02	3.481037e-01	4.029639e+00	1.545997e-01
5.797838e-02	3.733817e-01	4.056014e+00	1.657896e-01
6.667514e-02	4.004892e-01	4.086346e+00	1.777893e-01
7.667641e-02	4.295588e-01	4.107419e+00	1.906576e-01
8.817787e-02	4.607325e-01	4.115234e+00	2.044574e-01
1.014046e-01	4.941625e-01	4.115533e+00	2.192560e-01
1.166152e-01	5.300122e-01	4.102787e+00	2.351256e-01
1.341075e-01	5.684567e-01	4.088129e+00	2.521439e-01
1.542237e-01	6.096838e-01	4.062546e+00	2.703941e-01
1.773572e-01	6.538949e-01	4.024300e+00	2.899653e-01
2.039608e-01	7.013061e-01	3.977178e+00	3.109529e-01
2.345549e-01	7.521488e-01	3.918976e+00	3.334596e-01
2.697381e-01	8.066717e-01	3.850661e+00	3.575954e-01
3.101989e-01	8.651408e-01	3.772644e+00	3.834783e-01
3.567287e-01	9.278420e-01	3.683600e+00	4.112345e-01
4.102380e-01	9.950816e-01	3.585562e+00	4.409997e-01
4.717737e-01	1.067188e+00	3.477556e+00	4.729192e-01
5.425397e-01	1.144513e+00	3.370637e+00	5.071492e-01
6.239207e-01	1.227436e+00	3.249732e+00	5.438569e-01
7.175088e-01	1.316360e+00	3.110691e+00	5.832214e-01
8.251351e-01	1.411721e+00	2.984891e+00	6.254350e-01
9.489054e-01	1.513984e+00	2.840253e+00	6.707040e-01
1.091241e+00	1.623648e+00	2.715938e+00	7.192499e-01
1.254927e+00	1.741251e+00	2.575811e+00	7.713095e-01
1.443166e+00	1.867365e+00	2.416670e+00	8.271371e-01
1.659641e+00	2.002608e+00	2.285771e+00	8.870054e-01
1.908588e+00	2.147639e+00	2.135238e+00	9.512070e-01
2.194876e+00	2.303169e+00	2.004806e+00	1.020056e+00
2.524107e+00	2.469955e+00	1.868548e+00	1.093888e+00
2.902723e+00	2.648813e+00	1.736856e+00	1.173064e+00
3.338132e+00	2.840618e+00	1.621484e+00	1.257970e+00
3.838852e+00	3.098540e+00	1.489692e+00	1.349022e+00
4.414679e+00	3.391526e+00	1.380800e+00	1.446678e+00
5.076881e+00	3.717595e+00	1.275488e+00	1.551319e+00
5.838413e+00	4.075167e+00	1.183253e+00	1.664119e+00
6.714175e+00	4.476517e+00	1.077182e+00	1.788449e+00
7.721302e+00	4.903858e+00	9.922532e-01	1.926587e+00
8.879497e+00	5.379679e+00	9.306650e-01	2.081118e+00
1.021142e+01	5.900250e+00	8.598387e-01	2.255332e+00
1.174313e+01	6.452080e+00	7.783883e-01	2.453560e+00
1.350460e+01	7.059026e+00	6.847205e-01	2.494856e+00
1.553030e+01	7.652722e+00	6.102548e-01	2.349798e+00
1.785984e+01	8.320451e+00	5.521155e-01	2.230641e+00
2.053882e+01	9.068237e+00	4.971065e-01	2.136738e+00
2.361964e+01	9.823865e+00	4.462424e-01	2.067665e+00
2.716258e+01	1.064757e+01	4.030241e-01	2.023202e+00
3.123697e+01	1.149224e+01	3.647021e-01	2.003295e+00
3.592252e+01	1.243773e+01	3.274556e-01	2.007984e+00
4.131089e+01	1.349760e+01	2.931226e-01	2.037506e+00
4.750753e+01	1.465724e+01	2.611958e-01	2.092212e+00
5.463366e+01	1.592667e+01	2.392050e-01	2.172662e+00
6.282871e+01	1.716839e+01	2.147434e-01	2.279748e+00
7.225301e+01	1.837662e+01	1.872787e-01	2.414834e+00
8.309096e+01	1.958161e+01	1.695571e-01	2.579910e+00
9.555461e+01	2.060162e+01	1.491773e-01	2.777760e+00
1.098878e+02	2.162681e+01	1.364399e-01	3.012126e+00
1.263710e+02	2.247827e+01	1.218998e-01	3.287864e+00
1.453266e+02	2.315129e+01	1.059140e-01	3.611221e+00
1.671256e+02	2.372306e+01	9.555144e-02	3.989965e+00
1.921945e+02	2.427714e+01	8.378082e-02	4.433781e+00
2.210236e+02	2.478972e+01	7.512331e-02	4.955296e+00
2.541772e+02	2.510759e+01	6.654783e-02	5.564661e+00
2.923037e+02	2.595436e+01	5.899478e-02	6.308912e+00
3.361493e+02	2.593452e+01	5.305176e-02	7.258662e+00
3.865717e+02	2.568259e+01	4.641194e-02	8.366467e+00
4.445574e+02	2.521224e+01	4.148078e-02	9.684363e+00
5.112411e+02	2.462902e+01	3.703802e-02	1.124982e+01
5.879272e+02	2.398560e+01	3.338393e-02	1.312302e+01
6.761163e+02	2.328987e+01	2.918171e-02	1.537533e+01
7.775337e+02	2.260482e+01	2.569576e-02	1.809446e+01
8.941638e+02	2.189050e+01	2.275856e-02	2.139150e+01
1.028288e+03	2.111872e+01	2.023409e-02	2.540564e+01
1.182532e+03	2.029605e+01	1.819056e-02	3.031095e+01
1.359911e+03	1.942986e+01	1.584051e-02	3.632993e+01
1.563898e+03	1.853404e+01	1.394829e-02	4.374370e+01
1.798483e+03	1.762144e+01	1.231729e-02	5.290890e+01
2.068255e+03	1.669523e+01	1.084725e-02	6.427980e+01
2.378493e+03	1.575993e+01	9.503868e-03	7.843632e+01
2.735268e+03	1.482509e+01	8.429329e-03	9.611984e+01
3.145558e+03	1.389520e+01	7.505278e-03	1.182795e+02
3.617391e+03	1.297338e+01	6.606604e-03	1.461318e+02
4.160000e+03	1.207530e+01	5.814709e-03	1.812368e+02
4.784000e+03	1.120759e+01	5.079157e-03	2.255958e+02
5.501600e+03	1.037292e+01	4.611107e-03	2.817760e+02
6.326840e+03	9.574537e+00	4.072850e-03	3.530678e+02
7.275866e+03	8.817321e+00	3.485124e-03	4.436837e+02
8.367246e+03	8.104323e+00	3.114866e-03	5.590069e+02
9.622333e+03	7.435227e+00	2.697950e-03	7.059008e+02
