# Energy_MeV	dEdx_Elec_MeV_um	dEdx_Nucl_MeV_um	Range_um
1.000000e-05	8.864976e-03	5.836199e-02	2.256069e-03
1.150000e-05	9.506628e-03	6.457801e-02	2.419365e-03
1.322500e-05	1.019472e-02	7.172644e-02	2.594480e-03
1.520875e-05	1.093262e-02	7.970929e-02	2.782269e-03
1.749006e-05	1.172393e-02	8.824174e-02	2.983652e-03
2.011357e-05	1.257252e-02	9.787157e-02	3.199610e-03
2.313061e-05	1.348252e-02	1.082684e-01	3.431199e-03
2.660020e-05	1.445839e-02	1.197834e-01	3.679551e-03
3.059023e-05	1.550490e-02	1.324041e-01	3.945879e-03
3.517876e-05	1.662715e-02	1.461516e-01	4.231484e-03
4.045558e-05	1.783063e-02	1.615905e-01	4.537761e-03
4.652391e-05	1.912122e-02	1.782399e-01	4.866207e-03
5.350250e-05	2.050523e-02	1.959420e-01	5.218425e-03
6.152788e-05	2.198941e-02	2.155300e-01	5.596138e-03
7.075706e-05	2.358101e-02	2.380561e-01	6.001189e-03
8.137062e-05	2.528782e-02	2.615284e-01	6.435558e-03
9.357621e-05	2.711817e-02	2.877294e-01	6.901367e-03
1.076126e-04	2.908099e-02	3.149874e-01	7.400892e-03
1.237545e-04	3.118589e-02	3.450677e-01	7.936572e-03
1.423177e-04	3.344314e-02	3.796600e-01	8.511026e-03
1.636654e-04	3.586377e-02	4.150705e-01	9.127058e-03
1.882152e-04	3.845961e-02	4.546760e-01	9.787680e-03
2.164475e-04	4.124334e-02	4.964913e-01	1.049612e-02
2.489146e-04	4.422855e-02	5.425598e-01	1.125583e-02
2.862518e-04	4.742984e-02	5.914853e-01	1.207053e-02
3.291895e-04	5.086284e-02	6.424601e-01	1.294421e-02
3.785680e-04	5.454432e-02	7.000650e-01	1.388111e-02
4.353531e-04	5.849226e-02	7.598206e-01	1.488584e-02
5.006561e-04	6.272596e-02	8.244953e-01	1.596328e-02
5.757545e-04	6.726610e-02	8.890448e-01	1.711871e-02
6.621177e-04	7.213486e-02	9.632767e-01	1.835777e-02
7.614354e-04	7.735602e-02	1.043872e+00	1.968652e-02
8.756507e-04	8.295509e-02	1.124145e+00	2.111144e-02
1.006998e-03	8.895942e-02	1.211900e+00	2.263950e-02
1.158048e-03	9.539835e-02	1.296775e+00	2.427816e-02
1.331755e-03	1.023033e-01	1.394381e+00	2.603542e-02
1.531519e-03	1.097081e-01	1.498387e+00	2.791988e-02
1.761246e-03	1.176488e-01	1.600242e+00	2.994074e-02
2.025433e-03	1.261643e-01	1.711528e+00	3.210786e-02
2.329248e-03	1.352962e-01	1.822892e+00	3.443185e-02
2.678635e-03	1.450890e-01	1.937682e+00	3.692404e-02
3.080431e-03	1.555906e-01	2.053984e+00	3.959662e-02
3.542495e-03	1.668523e-01	2.171631e+00	4.246265e-02
4.073870e-03	1.789292e-01	2.297501e+00	4.553612e-02
4.684950e-03	1.918802e-01	2.420228e+00	4.883204e-02
5.387693e-03	2.057685e-01	2.532797e+00	5.236653e-02
6.195847e-03	2.206622e-01	2.650225e+00	5.615685e-02
7.125224e-03	2.366338e-01	2.785267e+00	6.022151e-02
8.194007e-03	2.537615e-01	2.899427e+00	6.458038e-02
9.423108e-03	2.721289e-01	3.020828e+00	6.925474e-02
1.083657e-02	2.918257e-01	3.122158e+00	7.426744e-02
1.246206e-02	3.129482e-01	3.225625e+00	7.964295e-02
1.433137e-02	3.355996e-01	3.344611e+00	8.537683e-02
1.648108e-02	3.598905e-01	3.436100e+00	9.157314e-02
1.895324e-02	3.859395e-01	3.533229e+00	9.822174e-02
2.179622e-02	4.138740e-01	3.615608e+00	1.053300e-01
2.506566e-02	4.438305e-01	3.697068e+00	1.129539e-01
2.882550e-02	4.759551e-01	3.768040e+00	1.211294e-01
3.314933e-02	5.104050e-01	3.824772e+00	1.298967e-01
3.812173e-02	5.473484e-01	3.886982e+00	1.392985e-01
4.383999e-02	5.869658e-01	3.933487e+00	1.493808e-01
5.041599e-02	6.294507e-01	3.975154e+00	1.601928e-01
5.797838e-02	6.750107e-01	4.000716e+00	1.717876e-01
6.667514e-02	7.238683e-01	4.030113e+00	1.842215e-01
7.667641e-02	7.762623e-01	4.054183e+00	1.975553e-01
8.817787e-02	8.324485e-01	4.061756e+00	2.118542e-01
1.014046e-01	8.927016e-01	4.064673e+00	2.271882e-01
1.166152e-01	9.573158e-01	4.052320e+00	2.436321e-01
1.341075e-01	1.026607e+00	4.038114e+00	2.612661e-01
1.542237e-01	1.100913e+00	4.015436e+00	2.801765e-01
1.773572e-01	1.180598e+00	3.978370e+00	3.004556e-01
2.039608e-01	1.266050e+00	3.933563e+00	3.222026e-01
2.345549e-01	1.357688e+00	3.877155e+00	3.455237e-01
2.697381e-01	1.455958e+00	3.811142e+00	3.705326e-01
3.101989e-01	1.561341e+00	3.735353e+00	3.973517e-01
3.567287e-01	1.674351e+00	3.649054e+00	4.261121e-01
4.102380e-01	1.795542e+00	3.552940e+00	4.569542e-01
4.717737e-01	1.925504e+00	3.448264e+00	4.900287e-01
5.425397e-01	2.064873e+00	3.342307e+00	5.254969e-01
6.239207e-01	2.214330e+00	3.225129e+00	5.635324e-01
7.175088e-01	2.374604e+00	3.090375e+00	6.043211e-01
8.251351e-01	2.546479e+00	2.964336e+00	6.480621e-01
9.489054e-01	2.730795e+00	2.824156e+00	6.949690e-01
1.091241e+00	2.928451e+00	2.698263e+00	7.452709e-01
1.254927e+00	3.140414e+00	2.562455e+00	7.992137e-01
1.443166e+00	3.367719e+00	2.406277e+00	8.570613e-01
1.659641e+00	3.611476e+00	2.274828e+00	9.190958e-01
1.908588e+00	3.872876e+00	2.128935e+00	9.856202e-01
2.194876e+00	4.153197e+00	1.997269e+00	1.056959e+00
2.524107e+00	4.453808e+00	1.860997e+00	1.133463e+00
2.902723e+00	4.776177e+00	1.730525e+00	1.215503e+00
3.338132e+00	5.121879e+00	1.616844e+00	1.303482e+00
3.838852e+00	2.772171e+00	1.488256e+00	1.397830e+00
4.414679e+00	3.047400e+00	1.378325e+00	1.498999e+00
5.076881e+00	3.350918e+00	1.270375e+00	1.607497e+00
5.838413e+00	3.692445e+00	1.180983e+00	1.723934e+00
6.714175e+00	4.071304e+00	1.078182e+00	1.851427e+00
7.721302e+00	4.484839e+00	9.870493e-01	1.992919e+00
8.879497e+00	4.948407e+00	9.273596e-01	2.150807e+00
1.021142e+01	5.443805e+00	8.587165e-01	2.328350e+00
1.174313e+01	5.988772e+00	7.797769e-01	2.529761e+00
1.350460e+01	6.579711e+00	6.889964e-01	2.629149e+00
1.553030e+01	7.177482e+00	6.094983e-01	2.476952e+00
1.785984e+01	7.836020e+00	5.531512e-01	2.350697e+00
2.053882e+01	8.564311e+00	4.969131e-01	2.249922e+00
2.361964e+01	9.343407e+00	4.476169e-01	2.174358e+00
2.716258e+01	1.017263e+01	4.036920e-01	2.123928e+00
3.123697e+01	1.103734e+01	3.645517e-01	2.098715e+00
3.592252e+01	1.200413e+01	3.284534e-01	2.098892e+00
4.131089e+01	1.307438e+01	2.932418e-01	2.124802e+00
4.750753e+01	1.426324e+01	2.622992e-01	2.176891e+00
5.463366e+01	1.559248e+01	2.391102e-01	2.255785e+00
6.282871e+01	1.686652e+01	2.154026e-01	2.362405e+00
7.225301e+01	1.820318e+01	1.881390e-01	2.498110e+00
8.309096e+01	1.942591e+01	1.698567e-01	2.664868e+00
9.555461e+01	2.059562e+01	1.501051e-01	2.865427e+00
1.098878e+02	2.177204e+01	1.364567e-01	3.103499e+00
1.263710e+02	2.270495e+01	1.223648e-01	3.383923e+00
1.453266e+02	2.360393e+01	1.061592e-01	3.712936e+00
1.671256e+02	2.426809e+01	9.577240e-02	4.098332e+00
1.921945e+02	2.495952e+01	8.422282e-02	4.550000e+00
2.210236e+02	2.571019e+01	7.536783e-02	5.079568e+00
2.541772e+02	2.616193e+01	6.665776e-02	5.701978e+00
2.923037e+02	2.547176e+01	5.896712e-02	6.441303e+00
3.361493e+02	2.551324e+01	5.320074e-02	7.389910e+00
3.865717e+02	2.530599e+01	4.657694e-02	8.522697e+00
4.445574e+02	2.490026e+01	4.163671e-02	9.859167e+00
5.112411e+02	2.432716e+01	3.700724e-02	1.144707e+01
5.879272e+02	2.370385e+01	3.346579e-02	1.334537e+01
6.761163e+02	2.301749e+01	2.939311e-02	1.562508e+01
7.775337e+02	2.231545e+01	2.572291e-02	1.837588e+01
8.941638e+02	2.162688e+01	2.287625e-02	2.170842e+01
1.028288e+03	2.087377e+01	2.022297e-02	2.576351e+01
1.182532e+03	2.007238e+01	1.824244e-02	3.071583e+01
1.359911e+03	1.922401e+01	1.596483e-02	3.678840e+01
1.563898e+03	1.834528e+01	1.396745e-02	4.426407e+01
1.798483e+03	1.744664e+01	1.238672e-02	5.350092e+01
2.068255e+03	1.653699e+01	1.087120e-02	6.495499e+01
2.378493e+03	1.561714e+01	9.569222e-03	7.920830e+01
2.735268e+03	1.469621e+01	8.468505e-03	9.700493e+01
3.145558e+03	1.378035e+01	7.518127e-03	1.192974e+02
3.617391e+03	1.287252e+01	6.647155e-03	1.473067e+02
4.160000e+03	1.198409e+01	5.829406e-03	1.825987e+02
4.784000e+03	1.112502e+01	5.116512e-03	2.271828e+02
5.501600e+03	1.029874e+01	4.617328e-03	2.836372e+02
6.326840e+03	9.507717e+00	4.095662e-03	3.552680e+02
7.275866e+03	8.755850e+00	3.495747e-03	4.463101e+02
8.367246e+03	8.047516e+00	3.126570e-03	5.621793e+02
9.622333e+03	7.382742e+00	2.713898e-03	7.097862e+02
