# Energy_MeV	dEdx_Elec_MeV_um	dEdx_Nucl_MeV_um	Range_um
1.000000e-05	8.517725e-03	6.050477e-02	2.348045e-03
1.150000e-05	9.134243e-03	6.726539e-02	2.517997e-03
1.322500e-05	9.795384e-03	7.461633e-02	2.700251e-03
1.520875e-05	1.050438e-02	8.268589e-02	2.895697e-03
1.749006e-05	1.126469e-02	9.160023e-02	3.105289e-03
2.011357e-05	1.208004e-02	1.014330e-01	3.330052e-03
2.313061e-05	1.295440e-02	1.121612e-01	3.571082e-03
2.660020e-05	1.389204e-02	1.238487e-01	3.829559e-03
3.059023e-05	1.489756e-02	1.368504e-01	4.106745e-03
3.517876e-05	1.597585e-02	1.511203e-01	4.403993e-03
4.045558e-05	1.713219e-02	1.668665e-01	4.722757e-03
4.652391e-05	1.837223e-02	1.831112e-01	5.064592e-03
5.350250e-05	1.970202e-02	2.016365e-01	5.431170e-03
6.152788e-05	2.112806e-02	2.228681e-01	5.824281e-03
7.075706e-05	2.265732e-02	2.444155e-01	6.245846e-03
8.137062e-05	1.222272e-02	2.691950e-01	6.697923e-03
9.357621e-05	1.318481e-02	2.940450e-01	7.182722e-03
1.076126e-04	1.421610e-02	3.224934e-01	7.702612e-03
1.237545e-04	1.532164e-02	3.548955e-01	8.260131e-03
1.423177e-04	1.650683e-02	3.874666e-01	8.858003e-03
1.636654e-04	1.777746e-02	4.248866e-01	9.499150e-03
1.882152e-04	1.913975e-02	4.633320e-01	1.018670e-02
2.164475e-04	2.060036e-02	5.058387e-01	1.092402e-02
2.489146e-04	2.216642e-02	5.515299e-01	1.171471e-02
2.862518e-04	2.384559e-02	5.989037e-01	1.256263e-02
3.291895e-04	2.564607e-02	6.530344e-01	1.347192e-02
3.785680e-04	2.757667e-02	7.080242e-01	1.444702e-02
4.353531e-04	2.964680e-02	7.664923e-01	1.549270e-02
5.006561e-04	3.186660e-02	8.275400e-01	1.661407e-02
5.757545e-04	3.424690e-02	8.977448e-01	1.781661e-02
6.621177e-04	3.679934e-02	9.701103e-01	1.910618e-02
7.614354e-04	3.953638e-02	1.046028e+00	2.048910e-02
8.756507e-04	4.247140e-02	1.124397e+00	2.197211e-02
1.006998e-03	4.561873e-02	1.204668e+00	2.356247e-02
1.158048e-03	4.899376e-02	1.296979e+00	2.526793e-02
1.331755e-03	5.261297e-02	1.389507e+00	2.709683e-02
1.531519e-03	5.649404e-02	1.485836e+00	2.905812e-02
1.761246e-03	6.065593e-02	1.586042e+00	3.116136e-02
2.025433e-03	6.511898e-02	1.691365e+00	3.341684e-02
2.329248e-03	6.990498e-02	1.795424e+00	3.583556e-02
2.678635e-03	7.503733e-02	1.899798e+00	3.842936e-02
3.080431e-03	8.054109e-02	2.011062e+00	4.121090e-02
3.542495e-03	8.644316e-02	2.123044e+00	4.419377e-02
4.073870e-03	9.277236e-02	2.239112e+00	4.739253e-02
4.684950e-03	9.955961e-02	2.336462e+00	5.082283e-02
5.387693e-03	1.068381e-01	2.447519e+00	5.450141e-02
6.195847e-03	1.146433e-01	2.571909e+00	5.844625e-02
7.125224e-03	1.230135e-01	2.671747e+00	6.267663e-02
8.194007e-03	1.319894e-01	2.785778e+00	6.721319e-02
9.423108e-03	1.416150e-01	2.870868e+00	7.207812e-02
1.083657e-02	1.519373e-01	2.968722e+00	7.729517e-02
1.246206e-02	1.630066e-01	3.075906e+00	8.288984e-02
1.433137e-02	1.748771e-01	3.155784e+00	8.886046e-02
1.648108e-02	1.876068e-01	3.245787e+00	9.532555e-02
1.895324e-02	2.012579e-01	3.317196e+00	1.022246e-01
2.179622e-02	2.158970e-01	3.387933e+00	1.096245e-01
2.506566e-02	2.315956e-01	3.451281e+00	1.175587e-01
2.882550e-02	2.484306e-01	3.502442e+00	1.260675e-01
3.314933e-02	2.664840e-01	3.558722e+00	1.351922e-01
3.812173e-02	2.858441e-01	3.598488e+00	1.449773e-01
4.383999e-02	3.066055e-01	3.631374e+00	1.554707e-01
5.041599e-02	3.288696e-01	3.655549e+00	1.667235e-01
5.797838e-02	3.527451e-01	3.683351e+00	1.787909e-01
6.667514e-02	3.783488e-01	3.699416e+00	1.917317e-01
7.667641e-02	4.058057e-01	3.706578e+00	2.056092e-01
8.817787e-02	4.352499e-01	3.704510e+00	2.204911e-01
1.014046e-01	4.668253e-01	3.692827e+00	2.364502e-01
1.166152e-01	5.006861e-01	3.679392e+00	2.535643e-01
1.341075e-01	5.369977e-01	3.654054e+00	2.719173e-01
1.542237e-01	5.759377e-01	3.618998e+00	2.915987e-01
1.773572e-01	6.176960e-01	3.575037e+00	3.127046e-01
2.039608e-01	6.624769e-01	3.521690e+00	3.353380e-01
2.345549e-01	7.104991e-01	3.458898e+00	3.596098e-01
2.697381e-01	7.619971e-01	3.387545e+00	3.856384e-01
3.101989e-01	8.172225e-01	3.305927e+00	4.135510e-01
3.567287e-01	8.764452e-01	3.217045e+00	4.434838e-01
4.102380e-01	9.399544e-01	3.118491e+00	4.755831e-01
4.717737e-01	1.008061e+00	3.022125e+00	5.100059e-01
5.425397e-01	1.081096e+00	2.911304e+00	5.469204e-01
6.239207e-01	1.159418e+00	2.787506e+00	5.865067e-01
7.175088e-01	1.243409e+00	2.672223e+00	6.289580e-01
8.251351e-01	1.333479e+00	2.542213e+00	6.744820e-01
9.489054e-01	1.430069e+00	2.430527e+00	7.233013e-01
1.091241e+00	1.533650e+00	2.302087e+00	7.756542e-01
1.254927e+00	1.644728e+00	2.162040e+00	8.317963e-01
1.443166e+00	1.763846e+00	2.042059e+00	8.920018e-01
1.659641e+00	1.891585e+00	1.908069e+00	9.565650e-01
1.908588e+00	2.028571e+00	1.789211e+00	1.025802e+00
2.194876e+00	2.175472e+00	1.668076e+00	1.100050e+00
2.524107e+00	2.333005e+00	1.551563e+00	1.179672e+00
2.902723e+00	2.501941e+00	1.445813e+00	1.265057e+00
3.338132e+00	2.689214e+00	1.329698e+00	1.356622e+00
3.838852e+00	2.941501e+00	1.229888e+00	1.454811e+00
4.414679e+00	3.224623e+00	1.138608e+00	1.560136e+00
5.076881e+00	3.542241e+00	1.054065e+00	1.672957e+00
5.838413e+00	3.886340e+00	9.568412e-01	1.794954e+00
6.714175e+00	4.271304e+00	8.868617e-01	1.929768e+00
7.721302e+00	4.685057e+00	8.304102e-01	2.079657e+00
8.879497e+00	5.138733e+00	7.654910e-01	2.247535e+00
1.021142e+01	5.640605e+00	6.908340e-01	2.437056e+00
1.174313e+01	6.163073e+00	6.049783e-01	2.412776e+00
1.350460e+01	6.733183e+00	5.432577e-01	2.293273e+00
1.553030e+01	7.311629e+00	4.899674e-01	2.192566e+00
1.785984e+01	7.958745e+00	4.421545e-01	2.111248e+00
2.053882e+01	8.690151e+00	3.960544e-01	2.049975e+00
2.361964e+01	9.420127e+00	3.577368e-01	2.009490e+00
2.716258e+01	1.023326e+01	3.243940e-01	1.990609e+00
3.123697e+01	1.111828e+01	2.902541e-01	1.994153e+00
3.592252e+01	1.209614e+01	2.605116e-01	2.021105e+00
4.131089e+01	1.319713e+01	2.322607e-01	2.072416e+00
4.750753e+01	1.433712e+01	2.127638e-01	2.149144e+00
5.463366e+01	1.553456e+01	1.903424e-01	2.252532e+00
6.282871e+01	1.670082e+01	1.667311e-01	2.384150e+00
7.225301e+01	1.776045e+01	1.504876e-01	2.546066e+00
8.309096e+01	1.883637e+01	1.328839e-01	2.741028e+00
9.555461e+01	1.973067e+01	1.212949e-01	2.972662e+00
1.098878e+02	2.060176e+01	1.079676e-01	3.245679e+00
1.263710e+02	2.137441e+01	9.425690e-02	3.566117e+00
1.453266e+02	2.192315e+01	8.475863e-02	3.941583e+00
1.671256e+02	2.243814e+01	7.451022e-02	4.381561e+00
1.921945e+02	2.294796e+01	6.657478e-02	4.897604e+00
2.210236e+02	2.337361e+01	5.907026e-02	5.505718e+00
2.541772e+02	2.367798e+01	5.248331e-02	6.216801e+00
2.923037e+02	2.320788e+01	4.703596e-02	7.099362e+00
3.361493e+02	2.303562e+01	4.126178e-02	8.214394e+00
3.865717e+02	2.268134e+01	3.674190e-02	9.515518e+00
4.445574e+02	2.214094e+01	3.295829e-02	1.107053e+01
5.112411e+02	2.153253e+01	2.960896e-02	1.292657e+01
5.879272e+02	2.087261e+01	2.575722e-02	1.515680e+01
6.761163e+02	2.017728e+01	2.282212e-02	1.785044e+01
7.775337e+02	1.950002e+01	2.012990e-02	2.111643e+01
8.941638e+02	1.878882e+01	1.800022e-02	2.509434e+01
1.028288e+03	1.803637e+01	1.612713e-02	2.995864e+01
1.182532e+03	1.724620e+01	1.397309e-02	3.592950e+01
1.359911e+03	1.642784e+01	1.238447e-02	4.328883e+01
1.563898e+03	1.559205e+01	1.088950e-02	5.239380e+01
1.798483e+03	1.475039e+01	9.623042e-03	6.369936e+01
2.068255e+03	1.390416e+01	8.427635e-03	7.778685e+01
2.378493e+03	1.305901e+01	7.459660e-03	9.540051e+01
2.735268e+03	1.222268e+01	6.661554e-03	1.174943e+02
3.145558e+03	1.139929e+01	5.837833e-03	1.452925e+02
3.617391e+03	1.059106e+01	5.156805e-03	1.803673e+02
4.160000e+03	9.811080e+00	4.523243e-03	2.247387e+02
4.784000e+03	9.063567e+00	4.094230e-03	2.810015e+02
5.501600e+03	8.351131e+00	3.600865e-03	3.524876e+02
6.326840e+03	7.675286e+00	3.098396e-03	4.434702e+02
7.275866e+03	7.037993e+00	2.759018e-03	5.594219e+02
8.367246e+03	6.442139e+00	2.402082e-03	7.073348e+02
9.622333e+03	5.888402e+00	2.169280e-03	8.961200e+02
