# Energy_MeV	dEdx_Elec_MeV_um	dEdx_Nucl_MeV_um	Range_um
1.000000e-05	4.650477e-03	9.433356e-02	3.172830e-03
1.150000e-05	5.063946e-03	1.031753e-01	3.402481e-03
1.322500e-05	5.506231e-03	1.133433e-01	3.648754e-03
1.520875e-05	5.979534e-03	1.243101e-01	3.912853e-03
1.749006e-05	6.486202e-03	1.359517e-01	4.196067e-03
2.011357e-05	7.028739e-03	1.487586e-01	4.499781e-03
2.313061e-05	7.609818e-03	1.624998e-01	4.825477e-03
2.660020e-05	8.232297e-03	1.771626e-01	5.174748e-03
3.059023e-05	8.899233e-03	1.927875e-01	5.549299e-03
3.517876e-05	9.613898e-03	2.097199e-01	5.950960e-03
4.045558e-05	1.037979e-02	2.281331e-01	6.381693e-03
4.652391e-05	1.120067e-02	2.477876e-01	6.843604e-03
5.350250e-05	1.208055e-02	2.673397e-01	7.338947e-03
6.152788e-05	1.302374e-02	2.891593e-01	7.870144e-03
7.075706e-05	1.403484e-02	3.142519e-01	8.439790e-03
8.137062e-05	1.511881e-02	3.381928e-01	9.050666e-03
9.357621e-05	1.628094e-02	3.653272e-01	9.705758e-03
1.076126e-04	1.752691e-02	3.910314e-01	1.040827e-02
1.237545e-04	1.886281e-02	4.197217e-01	1.116162e-02
1.423177e-04	2.029518e-02	4.527154e-01	1.196951e-02
1.636654e-04	2.183101e-02	4.828765e-01	1.283587e-02
1.882152e-04	2.347781e-02	5.173066e-01	1.376493e-02
2.164475e-04	2.524362e-02	5.506072e-01	1.476124e-02
2.489146e-04	2.713707e-02	5.863886e-01	1.582967e-02
2.862518e-04	2.916742e-02	6.231207e-01	1.697543e-02
3.291895e-04	3.134458e-02	6.577017e-01	1.820412e-02
3.785680e-04	3.367919e-02	6.974698e-01	1.952175e-02
4.353531e-04	3.618265e-02	7.339731e-01	2.093474e-02
5.006561e-04	3.886720e-02	7.711913e-01	2.245001e-02
5.757545e-04	4.174596e-02	8.057080e-01	2.407495e-02
6.621177e-04	4.483298e-02	8.454021e-01	2.581751e-02
7.614354e-04	4.814335e-02	8.841488e-01	2.768619e-02
8.756507e-04	5.169324e-02	9.198330e-01	2.969014e-02
1.006998e-03	5.549999e-02	9.548412e-01	3.183912e-02
1.158048e-03	5.958220e-02	9.852541e-01	3.414366e-02
1.331755e-03	6.395982e-02	1.020229e+00	3.661499e-02
1.531519e-03	6.865423e-02	1.052556e+00	3.926520e-02
1.761246e-03	7.368836e-02	1.081106e+00	4.210724e-02
2.025433e-03	7.908681e-02	1.109108e+00	4.515499e-02
2.329248e-03	8.487595e-02	1.134631e+00	4.842333e-02
2.678635e-03	9.108406e-02	1.156770e+00	5.192823e-02
3.080431e-03	9.774148e-02	1.176286e+00	5.568683e-02
3.542495e-03	1.048807e-01	1.194572e+00	5.971747e-02
4.073870e-03	1.125367e-01	1.211310e+00	6.403985e-02
4.684950e-03	1.207467e-01	1.225523e+00	6.864014e-02
5.387693e-03	1.295510e-01	1.234026e+00	7.363545e-02
6.195847e-03	1.389925e-01	1.242666e+00	7.897840e-02
7.125224e-03	1.491173e-01	1.252603e+00	8.469469e-02
8.194007e-03	1.599750e-01	1.255004e+00	9.082469e-02
9.423108e-03	1.716185e-01	1.257564e+00	9.739859e-02
1.083657e-02	1.841048e-01	1.254417e+00	1.044482e-01
1.246206e-02	1.974948e-01	1.250242e+00	1.120080e-01
1.433137e-02	2.118539e-01	1.245338e+00	1.201151e-01
1.648108e-02	2.272524e-01	1.234443e+00	1.288090e-01
1.895324e-02	2.437654e-01	1.221913e+00	1.381321e-01
2.179622e-02	2.614735e-01	1.205411e+00	1.481300e-01
2.506566e-02	2.804634e-01	1.186170e+00	1.588516e-01
2.882550e-02	3.008278e-01	1.163746e+00	1.703492e-01
3.314933e-02	3.226662e-01	1.138379e+00	1.826791e-01
3.812173e-02	3.460852e-01	1.109213e+00	1.959013e-01
4.383999e-02	3.711993e-01	1.078445e+00	2.100806e-01
5.041599e-02	3.981312e-01	1.045358e+00	2.252862e-01
5.797838e-02	4.270123e-01	1.010915e+00	2.415924e-01
6.667514e-02	4.579839e-01	9.713050e-01	2.590789e-01
7.667641e-02	4.911973e-01	9.308295e-01	2.778310e-01
8.817787e-02	5.268146e-01	8.896252e-01	2.979403e-01
1.014046e-01	5.650099e-01	8.481152e-01	3.195053e-01
1.166152e-01	6.059698e-01	8.081962e-01	3.426312e-01
1.341075e-01	6.498945e-01	7.622893e-01	3.674309e-01
1.542237e-01	6.969983e-01	7.182159e-01	3.940255e-01
1.773572e-01	7.475116e-01	6.753321e-01	4.225451e-01
2.039608e-01	8.016811e-01	6.322562e-01	4.531290e-01
2.345549e-01	8.597714e-01	5.897739e-01	4.859267e-01
2.697381e-01	9.220662e-01	5.503402e-01	5.210982e-01
3.101989e-01	9.888700e-01	5.130075e-01	5.588153e-01
3.567287e-01	1.060509e+00	4.752106e-01	5.992624e-01
4.102380e-01	1.137333e+00	4.385232e-01	6.426374e-01
4.717737e-01	1.219718e+00	4.028491e-01	6.891518e-01
5.425397e-01	1.308066e+00	3.756165e-01	7.390327e-01
6.239207e-01	1.402809e+00	3.453994e-01	7.925240e-01
7.175088e-01	1.504409e+00	3.112667e-01	8.498871e-01
8.251351e-01	1.613363e+00	2.937216e-01	9.114025e-01
9.489054e-01	1.730204e+00	2.735447e-01	9.773704e-01
1.091241e+00	1.855487e+00	2.503413e-01	1.031723e+00
1.254927e+00	2.004310e+00	2.236574e-01	1.045900e+00
1.443166e+00	2.175715e+00	1.941884e-01	1.059693e+00
1.659641e+00	2.362872e+00	1.776258e-01	1.069816e+00
1.908588e+00	2.571363e+00	1.586599e-01	1.076607e+00
2.194876e+00	2.804848e+00	1.441698e-01	1.081776e+00
2.524107e+00	3.055636e+00	1.295610e-01	1.086295e+00
2.902723e+00	3.334972e+00	1.163913e-01	1.090775e+00
3.338132e+00	3.633574e+00	1.057806e-01	1.095984e+00
3.838852e+00	3.955921e+00	9.381783e-02	1.102852e+00
4.414679e+00	4.311141e+00	8.472261e-02	1.112465e+00
5.076881e+00	4.663944e+00	7.634437e-02	1.126103e+00
5.838413e+00	5.043926e+00	6.937581e-02	1.145259e+00
6.714175e+00	5.424711e+00	6.136196e-02	1.171657e+00
7.721302e+00	5.801751e+00	5.452884e-02	1.207256e+00
8.879497e+00	6.199975e+00	4.872308e-02	1.254271e+00
1.021142e+01	6.541707e+00	4.362581e-02	1.315153e+00
1.174313e+01	6.881995e+00	3.948367e-02	1.392579e+00
1.350460e+01	7.172107e+00	3.472022e-02	1.489462e+00
1.553030e+01	7.395059e+00	3.078766e-02	1.608983e+00
1.785984e+01	7.595994e+00	2.739280e-02	1.754680e+00
2.053882e+01	7.712712e+00	2.428527e-02	1.930590e+00
2.361964e+01	7.800121e+00	2.144899e-02	2.141464e+00
2.716258e+01	7.830466e+00	1.913230e-02	2.393038e+00
3.123697e+01	7.798829e+00	1.712345e-02	2.692378e+00
3.592252e+01	7.735813e+00	1.517646e-02	3.048283e+00
4.131089e+01	7.622515e+00	1.343314e-02	3.471784e+00
4.750753e+01	7.487647e+00	1.181764e-02	3.976751e+00
5.463366e+01	7.327130e+00	1.076190e-02	4.580589e+00
6.282871e+01	7.144646e+00	9.564782e-03	5.305385e+00
7.225301e+01	6.937430e+00	8.243085e-03	6.178925e+00
8.309096e+01	6.709702e+00	7.406343e-03	7.233148e+00
9.555461e+01	6.699083e+00	6.454400e-03	8.535629e+00
1.098878e+02	6.400404e+00	5.872246e-03	1.023062e+01
1.263710e+02	6.071641e+00	5.202768e-03	1.230200e+01
1.453266e+02	5.726615e+00	4.479527e-03	1.485261e+01
1.671256e+02	5.376789e+00	4.014889e-03	1.799889e+01
1.921945e+02	5.031067e+00	3.493812e-03	2.190559e+01
2.210236e+02	4.689805e+00	3.111111e-03	2.677806e+01
2.541772e+02	4.361359e+00	2.738192e-03	3.288007e+01
2.923037e+02	4.043271e+00	2.413201e-03	4.055136e+01
3.361493e+02	3.735077e+00	2.157188e-03	5.023144e+01
3.865717e+02	3.438386e+00	1.874969e-03	6.248387e+01
4.445574e+02	3.153903e+00	1.665422e-03	7.804217e+01
5.112411e+02	2.883883e+00	1.480742e-03	9.785453e+01
5.879272e+02	2.629405e+00	1.327404e-03	1.231459e+02
6.761163e+02	2.390927e+00	1.151066e-03	1.555014e+02
7.775337e+02	2.168536e+00	1.008713e-03	1.969708e+02
8.941638e+02	1.962259e+00	8.874132e-04	2.502034e+02
1.028288e+03	1.772252e+00	7.857419e-04	3.186192e+02
1.182532e+03	1.597881e+00	7.025336e-04	4.066278e+02
1.359911e+03	1.438488e+00	6.068440e-04	5.199058e+02
1.563898e+03	1.293321e+00	5.318052e-04	6.657486e+02
1.798483e+03	1.161726e+00	4.661688e-04	8.535131e+02
2.068255e+03	1.043060e+00	4.080936e-04	1.095175e+03
2.378493e+03	9.367136e-01	3.544603e-04	1.406028e+03
2.735268e+03	8.415353e-01	3.126590e-04	1.805546e+03
3.145558e+03	7.561347e-01	2.768336e-04	2.318467e+03
3.617391e+03	6.799685e-01	2.415523e-04	2.976107e+03
4.160000e+03	6.124518e-01	2.111825e-04	3.817980e+03
4.784000e+03	5.524742e-01	1.831829e-04	4.893747e+03
5.501600e+03	4.992190e-01	1.653267e-04	6.265543e+03
6.326840e+03	4.521965e-01	1.447920e-04	8.010736e+03
7.275866e+03	4.107279e-01	1.227616e-04	1.022512e+04
8.367246e+03	3.741231e-01	1.088648e-04	1.302658e+04
9.622333e+03	3.418803e-01	9.347871e-05	1.655941e+04
