# Energy_MeV	dEdx_Elec_MeV_um	dEdx_Nucl_MeV_um	Range_um
1.000000e-05	3.883704e-03	9.043520e-02	3.012221e-03
1.150000e-05	4.234081e-03	9.919245e-02	3.230247e-03
1.322500e-05	4.608741e-03	1.092222e-01	3.464055e-03
1.520875e-05	5.009556e-03	1.193640e-01	3.714785e-03
1.749006e-05	5.438522e-03	1.308788e-01	3.983663e-03
2.011357e-05	5.897763e-03	1.441045e-01	4.272002e-03
2.313061e-05	6.389546e-03	1.572880e-01	4.581212e-03
2.660020e-05	6.916293e-03	1.724490e-01	4.912803e-03
3.059023e-05	7.480595e-03	1.880976e-01	5.268394e-03
3.517876e-05	8.085221e-03	2.053981e-01	5.649723e-03
4.045558e-05	8.733137e-03	2.240192e-01	6.058653e-03
4.652391e-05	9.427517e-03	2.431943e-01	6.497182e-03
5.350250e-05	1.017176e-02	2.652455e-01	6.967451e-03
6.152788e-05	1.096951e-02	2.875302e-01	7.471759e-03
7.075706e-05	1.182467e-02	3.114382e-01	8.012569e-03
8.137062e-05	1.274143e-02	3.361478e-01	8.592523e-03
9.357621e-05	1.372426e-02	3.645639e-01	9.214454e-03
1.076126e-04	1.477797e-02	3.942013e-01	9.881401e-03
1.237545e-04	1.590771e-02	4.249296e-01	1.059662e-02
1.423177e-04	1.711900e-02	4.570661e-01	1.136361e-02
1.636654e-04	1.841777e-02	4.895564e-01	1.218612e-02
1.882152e-04	1.981036e-02	5.269202e-01	1.306815e-02
2.164475e-04	2.130356e-02	5.648961e-01	1.401403e-02
2.489146e-04	2.290469e-02	6.038865e-01	1.502838e-02
2.862518e-04	2.462157e-02	6.448989e-01	1.611614e-02
3.291895e-04	2.646257e-02	6.875293e-01	1.728263e-02
3.785680e-04	2.843670e-02	7.300531e-01	1.853356e-02
4.353531e-04	3.055360e-02	7.728043e-01	1.987503e-02
5.006561e-04	3.282362e-02	8.178396e-01	2.131359e-02
5.757545e-04	3.525784e-02	8.637996e-01	2.285628e-02
6.621177e-04	3.786815e-02	9.107796e-01	2.451063e-02
7.614354e-04	4.066732e-02	9.510016e-01	2.628472e-02
8.756507e-04	4.366901e-02	9.959532e-01	2.818723e-02
1.006998e-03	4.688789e-02	1.047330e+00	3.022743e-02
1.158048e-03	5.033969e-02	1.087741e+00	3.241531e-02
1.331755e-03	5.404126e-02	1.134213e+00	3.476155e-02
1.531519e-03	5.801070e-02	1.169373e+00	3.727761e-02
1.761246e-03	6.226738e-02	1.208980e+00	3.997578e-02
2.025433e-03	6.683212e-02	1.253442e+00	4.286925e-02
2.329248e-03	7.172721e-02	1.285773e+00	4.597214e-02
2.678635e-03	7.697656e-02	1.322954e+00	4.929963e-02
3.080431e-03	8.260583e-02	1.351857e+00	5.286797e-02
3.542495e-03	8.864250e-02	1.381055e+00	5.669458e-02
4.073870e-03	9.511607e-02	1.407259e+00	6.079816e-02
4.684950e-03	1.020582e-01	1.427967e+00	6.519876e-02
5.387693e-03	1.095027e-01	1.451356e+00	6.991109e-02
6.195847e-03	1.174861e-01	1.467451e+00	7.496713e-02
7.125224e-03	1.260472e-01	1.481348e+00	8.040837e-02
8.194007e-03	1.352280e-01	1.491133e+00	8.622691e-02
9.423108e-03	1.450733e-01	1.502386e+00	9.246845e-02
1.083657e-02	1.556312e-01	1.509491e+00	9.916119e-02
1.246206e-02	1.669532e-01	1.512390e+00	1.063384e-01
1.433137e-02	1.790947e-01	1.511986e+00	1.140351e-01
1.648108e-02	1.921151e-01	1.507258e+00	1.222888e-01
1.895324e-02	2.060778e-01	1.501820e+00	1.311400e-01
2.179622e-02	2.210511e-01	1.491913e+00	1.406318e-01
2.506566e-02	2.371082e-01	1.477724e+00	1.508107e-01
2.882550e-02	2.543274e-01	1.460073e+00	1.617264e-01
3.314933e-02	2.727931e-01	1.438480e+00	1.734320e-01
3.812173e-02	2.925952e-01	1.413097e+00	1.859849e-01
4.383999e-02	3.138306e-01	1.384187e+00	1.994465e-01
5.041599e-02	3.366031e-01	1.351151e+00	2.138825e-01
5.797838e-02	3.610238e-01	1.314994e+00	2.293632e-01
6.667514e-02	3.872121e-01	1.274924e+00	2.459644e-01
7.667641e-02	4.152960e-01	1.235713e+00	2.637673e-01
8.817787e-02	4.454125e-01	1.190857e+00	2.828589e-01
1.014046e-01	4.777089e-01	1.140069e+00	3.033322e-01
1.166152e-01	5.123429e-01	1.093407e+00	3.252874e-01
1.341075e-01	5.494837e-01	1.039891e+00	3.488316e-01
1.542237e-01	5.893128e-01	9.946845e-01	3.740801e-01
1.773572e-01	6.320247e-01	9.426973e-01	4.011562e-01
2.039608e-01	6.778282e-01	8.849341e-01	4.301920e-01
2.345549e-01	7.269469e-01	8.363703e-01	4.613292e-01
2.697381e-01	7.796208e-01	7.812694e-01	4.947203e-01
3.101989e-01	8.361074e-01	7.331604e-01	5.305284e-01
3.567287e-01	8.966824e-01	6.834338e-01	5.689283e-01
4.102380e-01	9.616419e-01	6.354971e-01	6.101074e-01
4.717737e-01	1.031303e+00	5.926940e-01	6.542670e-01
5.425397e-01	1.106007e+00	5.448278e-01	7.016230e-01
6.239207e-01	1.186117e+00	5.044286e-01	7.524069e-01
7.175088e-01	1.272026e+00	4.665102e-01	8.068664e-01
8.251351e-01	1.364153e+00	4.322908e-01	8.652676e-01
9.489054e-01	1.462948e+00	3.929385e-01	9.278957e-01
1.091241e+00	1.568894e+00	3.631571e-01	9.950573e-01
1.254927e+00	1.682509e+00	3.403078e-01	1.067080e+00
1.443166e+00	1.818223e+00	3.140311e-01	1.144317e+00
1.659641e+00	1.985472e+00	2.838129e-01	1.175126e+00
1.908588e+00	2.169216e+00	2.490619e-01	1.181535e+00
2.194876e+00	2.375980e+00	2.228700e-01	1.183711e+00
2.524107e+00	2.602097e+00	2.013002e-01	1.183357e+00
2.902723e+00	2.850929e+00	1.814646e-01	1.182020e+00
3.338132e+00	3.128507e+00	1.625939e-01	1.180281e+00
3.838852e+00	3.426287e+00	1.469590e-01	1.179046e+00
4.414679e+00	3.759487e+00	1.331331e-01	1.179259e+00
5.076881e+00	4.122368e+00	1.193146e-01	1.182022e+00
5.838413e+00	4.513621e+00	1.069562e-01	1.188601e+00
6.714175e+00	4.947980e+00	9.521163e-02	1.200449e+00
7.721302e+00	5.419925e+00	8.732008e-02	1.219223e+00
8.879497e+00	5.926553e+00	7.824480e-02	1.246792e+00
1.021142e+01	6.436839e+00	6.839853e-02	1.285237e+00
1.174313e+01	6.897863e+00	6.182381e-02	1.336839e+00
1.350460e+01	7.360111e+00	5.448329e-02	1.404074e+00
1.553030e+01	7.696213e+00	4.979253e-02	1.489602e+00
1.785984e+01	8.028190e+00	4.439816e-02	1.596280e+00
2.053882e+01	8.324694e+00	3.867422e-02	1.727231e+00
2.361964e+01	8.549526e+00	3.482970e-02	1.885955e+00
2.716258e+01	8.755452e+00	3.058147e-02	2.076520e+00
3.123697e+01	8.880065e+00	2.736952e-02	2.303787e+00
3.592252e+01	8.982930e+00	2.426613e-02	2.573706e+00
4.131089e+01	9.051398e+00	2.153775e-02	2.893659e+00
4.750753e+01	9.064936e+00	1.933288e-02	3.272878e+00
5.463366e+01	9.052519e+00	1.693798e-02	3.722922e+00
6.282871e+01	8.973388e+00	1.510851e-02	4.258279e+00
7.225301e+01	8.876558e+00	1.352362e-02	4.897281e+00
8.309096e+01	8.759508e+00	1.216795e-02	5.662169e+00
9.555461e+01	8.589246e+00	1.060892e-02	6.583284e+00
1.098878e+02	8.479727e+00	9.372744e-03	7.695244e+00
1.263710e+02	8.171523e+00	8.283040e-03	9.131105e+00
1.453266e+02	7.815908e+00	7.386916e-03	1.091542e+01
1.671256e+02	7.431511e+00	6.628766e-03	1.308052e+01
1.921945e+02	7.024859e+00	5.756894e-03	1.573797e+01
2.210236e+02	6.621013e+00	5.086892e-03	1.901423e+01
2.541772e+02	6.214750e+00	4.481786e-03	2.307252e+01
2.923037e+02	5.816923e+00	3.954183e-03	2.812392e+01
3.361493e+02	5.434463e+00	3.460539e-03	3.443540e+01
3.865717e+02	5.056714e+00	3.068742e-03	4.235432e+01
4.445574e+02	4.688722e+00	2.736651e-03	5.232359e+01
5.112411e+02	4.330501e+00	2.403241e-03	6.491767e+01
5.879272e+02	3.986106e+00	2.119289e-03	8.088021e+01
6.761163e+02	3.657333e+00	1.855323e-03	1.011701e+02
7.775337e+02	3.345835e+00	1.681676e-03	1.270271e+02
8.941638e+02	3.051876e+00	1.481982e-03	1.600552e+02
1.028288e+03	2.776150e+00	1.271893e-03	2.023277e+02
1.182532e+03	2.519244e+00	1.134526e-03	2.565238e+02
1.359911e+03	2.281404e+00	9.853853e-04	3.261012e+02
1.563898e+03	2.061771e+00	8.911561e-04	4.155174e+02
1.798483e+03	1.859813e+00	7.827924e-04	5.305090e+02
2.068255e+03	1.675161e+00	6.713573e-04	6.784453e+02
2.378493e+03	1.507452e+00	5.970275e-04	8.687723e+02
2.735268e+03	1.356210e+00	5.167345e-04	1.113569e+03
3.145558e+03	1.220328e+00	4.559975e-04	1.428240e+03
3.617391e+03	1.097825e+00	3.991095e-04	1.832375e+03
4.160000e+03	9.878285e-01	3.500076e-04	2.350806e+03
4.784000e+03	8.900201e-01	3.100533e-04	3.014899e+03
5.501600e+03	8.030422e-01	2.677191e-04	3.864121e+03
6.326840e+03	7.255525e-01	2.355346e-04	4.947914e+03
7.275866e+03	6.569290e-01	2.087721e-04	6.327928e+03
8.367246e+03	5.963712e-01	1.855176e-04	8.080613e+03
9.622333e+03	5.428478e-01	1.587750e-04	1.030023e+04
