# Energy_MeV	dEdx_Elec_MeV_um	dEdx_Nucl_MeV_um	Range_um
1.000000e-05	5.115548e-03	1.003142e-01	3.121340e-03
1.150000e-05	5.572402e-03	1.091954e-01	3.347264e-03
1.322500e-05	6.061042e-03	1.186802e-01	3.589541e-03
1.520875e-05	6.583905e-03	1.289891e-01	3.849354e-03
1.749006e-05	7.143586e-03	1.389950e-01	4.127972e-03
2.011357e-05	7.742852e-03	1.504396e-01	4.426757e-03
2.313061e-05	8.384658e-03	1.634258e-01	4.747168e-03
2.660020e-05	9.072162e-03	1.758015e-01	5.090770e-03
3.059023e-05	9.808741e-03	1.900031e-01	5.459243e-03
3.517876e-05	1.059801e-02	2.030885e-01	5.854386e-03
4.045558e-05	1.144384e-02	2.181366e-01	6.278130e-03
4.652391e-05	1.235036e-02	2.350193e-01	6.732544e-03
5.350250e-05	1.332203e-02	2.507227e-01	7.219849e-03
6.152788e-05	1.436359e-02	2.686127e-01	7.742425e-03
7.075706e-05	1.548014e-02	2.857819e-01	8.302826e-03
8.137062e-05	1.667714e-02	3.041336e-01	8.903789e-03
9.357621e-05	1.796044e-02	3.228807e-01	9.548250e-03
1.076126e-04	1.933632e-02	3.410186e-01	1.023936e-02
1.237545e-04	2.081149e-02	3.614502e-01	1.098049e-02
1.423177e-04	2.239317e-02	3.803712e-01	1.177526e-02
1.636654e-04	2.408910e-02	3.990506e-01	1.262756e-02
1.882152e-04	2.590755e-02	4.171547e-01	1.354155e-02
2.164475e-04	2.785741e-02	4.379745e-01	1.452170e-02
2.489146e-04	2.994821e-02	4.572392e-01	1.557278e-02
2.862518e-04	3.219016e-02	4.759558e-01	1.669995e-02
3.291895e-04	3.459423e-02	4.932531e-01	1.790870e-02
3.785680e-04	3.717214e-02	5.092048e-01	1.920494e-02
4.353531e-04	3.993651e-02	5.275493e-01	2.059501e-02
5.006561e-04	4.290083e-02	5.433972e-01	2.208568e-02
5.757545e-04	4.607959e-02	5.583718e-01	2.368426e-02
6.621177e-04	4.948832e-02	5.722866e-01	2.539854e-02
7.614354e-04	5.314366e-02	5.856737e-01	2.723689e-02
8.756507e-04	5.706349e-02	5.967034e-01	2.920832e-02
1.006998e-03	6.126694e-02	6.063606e-01	3.132243e-02
1.158048e-03	6.577455e-02	6.159517e-01	3.358956e-02
1.331755e-03	7.060836e-02	6.241055e-01	3.602079e-02
1.531519e-03	7.579196e-02	6.314767e-01	3.862800e-02
1.761246e-03	8.135068e-02	6.354177e-01	4.142391e-02
2.025433e-03	8.731169e-02	6.399498e-01	4.440120e-02
2.329248e-03	9.370410e-02	6.446343e-01	4.763480e-02
2.678635e-03	1.005591e-01	6.458019e-01	5.108664e-02
3.080431e-03	1.079103e-01	6.469530e-01	5.478448e-02
3.542495e-03	1.157935e-01	6.450485e-01	5.874957e-02
4.073870e-03	1.242472e-01	6.428583e-01	6.300185e-02
4.684950e-03	1.333128e-01	6.399273e-01	6.756184e-02
5.387693e-03	1.430345e-01	6.342126e-01	7.245191e-02
6.195847e-03	1.534599e-01	6.275349e-01	7.769595e-02
7.125224e-03	1.646398e-01	6.188384e-01	8.331954e-02
8.194007e-03	1.766289e-01	6.087133e-01	8.935015e-02
9.423108e-03	1.894857e-01	5.969816e-01	9.581725e-02
1.083657e-02	2.032731e-01	5.836766e-01	1.027525e-01
1.246206e-02	2.180584e-01	5.685654e-01	1.101897e-01
1.433137e-02	2.339138e-01	5.524272e-01	1.181652e-01
1.648108e-02	2.509169e-01	5.354688e-01	1.267179e-01
1.895324e-02	2.691506e-01	5.174031e-01	1.358897e-01
2.179622e-02	2.887041e-01	4.966277e-01	1.457254e-01
2.506566e-02	3.096728e-01	4.760968e-01	1.562731e-01
2.882550e-02	3.321592e-01	4.544849e-01	1.675841e-01
3.314933e-02	3.562733e-01	4.336311e-01	1.797138e-01
3.812173e-02	3.821327e-01	4.126933e-01	1.927215e-01
4.383999e-02	4.098637e-01	3.886149e-01	2.066707e-01
5.041599e-02	4.396020e-01	3.666062e-01	2.216296e-01
5.797838e-02	4.714927e-01	3.441134e-01	2.376711e-01
6.667514e-02	5.056917e-01	3.224116e-01	2.548737e-01
7.667641e-02	5.423660e-01	3.002768e-01	2.733216e-01
8.817787e-02	5.816949e-01	2.801616e-01	2.931047e-01
1.014046e-01	6.238703e-01	2.613790e-01	3.143197e-01
1.166152e-01	6.690984e-01	2.415543e-01	3.370701e-01
1.341075e-01	7.176002e-01	2.232033e-01	3.614673e-01
1.542237e-01	7.696125e-01	2.049891e-01	3.876305e-01
1.773572e-01	8.253895e-01	1.912073e-01	4.156874e-01
2.039608e-01	8.852037e-01	1.753582e-01	4.457749e-01
2.345549e-01	9.493472e-01	1.589528e-01	4.780401e-01
2.697381e-01	1.018133e+00	1.497503e-01	5.126408e-01
3.101989e-01	1.091899e+00	1.391674e-01	5.497461e-01
3.567287e-01	1.170964e+00	1.269970e-01	5.677275e-01
4.102380e-01	1.255743e+00	1.130012e-01	5.802610e-01
4.717737e-01	1.346652e+00	9.878834e-02	5.891318e-01
5.425397e-01	1.462191e+00	9.010115e-02	6.046601e-01
6.239207e-01	1.591503e+00	8.064988e-02	6.185636e-01
7.175088e-01	1.732733e+00	7.304976e-02	6.307390e-01
8.251351e-01	1.886533e+00	6.573342e-02	6.414385e-01
9.489054e-01	2.058489e+00	5.916520e-02	6.516536e-01
1.091241e+00	2.237614e+00	5.359984e-02	6.617648e-01
1.254927e+00	2.432966e+00	4.765407e-02	6.721577e-01
1.443166e+00	2.640830e+00	4.288357e-02	6.833027e-01
1.659641e+00	2.855640e+00	3.880757e-02	6.957986e-01
1.908588e+00	3.089206e+00	3.515252e-02	7.103909e-01
2.194876e+00	3.313468e+00	3.094921e-02	7.279879e-01
2.524107e+00	3.543785e+00	2.766268e-02	7.496833e-01
2.902723e+00	3.774632e+00	2.461753e-02	7.767813e-01
3.338132e+00	3.983162e+00	2.216525e-02	8.108120e-01
3.838852e+00	4.196356e+00	1.999268e-02	8.535466e-01
4.414679e+00	4.373947e+00	1.749422e-02	9.070034e-01
5.076881e+00	4.527755e+00	1.561085e-02	9.734573e-01
5.838413e+00	4.655858e+00	1.383023e-02	1.055461e+00
6.714175e+00	4.720624e+00	1.230320e-02	1.155898e+00
7.721302e+00	4.768454e+00	1.085383e-02	1.278067e+00
8.879497e+00	4.772096e+00	9.668148e-03	1.425827e+00
1.021142e+01	4.744757e+00	8.678483e-03	1.603804e+00
1.174313e+01	4.689351e+00	7.657275e-03	1.817655e+00
1.350460e+01	4.594829e+00	6.802255e-03	2.074411e+00
1.553030e+01	4.481715e+00	6.002107e-03	2.382902e+00
1.785984e+01	4.345797e+00	5.456111e-03	2.754287e+00
2.053882e+01	4.200134e+00	4.828216e-03	3.202730e+00
2.361964e+01	4.038943e+00	4.184491e-03	3.746206e+00
2.716258e+01	3.877229e+00	3.745615e-03	4.407603e+00
3.123697e+01	3.700864e+00	3.281387e-03	5.216947e+00
3.592252e+01	3.517080e+00	2.976043e-03	6.206208e+00
4.131089e+01	3.351984e+00	2.624898e-03	7.458792e+00
4.750753e+01	3.147726e+00	2.273306e-03	9.098634e+00
5.463366e+01	2.937001e+00	2.029600e-03	1.112095e+01
6.282871e+01	2.725629e+00	1.771705e-03	1.365422e+01
7.225301e+01	2.519628e+00	1.570976e-03	1.682614e+01
8.309096e+01	2.320487e+00	1.385444e-03	2.082035e+01
9.555461e+01	2.129556e+00	1.224287e-03	2.586955e+01
1.098878e+02	1.949770e+00	1.090007e-03	3.227178e+01
1.263710e+02	1.779369e+00	9.505134e-04	4.041490e+01
1.453266e+02	1.619211e+00	8.406047e-04	5.079986e+01
1.671256e+02	1.469237e+00	7.514753e-04	6.407244e+01
1.921945e+02	1.329491e+00	6.710488e-04	8.107325e+01
2.210236e+02	1.200282e+00	5.785583e-04	1.028881e+02
2.541772e+02	1.081495e+00	5.107916e-04	1.309195e+02
2.923037e+02	9.727493e-01	4.471689e-04	1.669793e+02
3.361493e+02	8.736101e-01	3.986399e-04	2.134064e+02
3.865717e+02	7.836247e-01	3.549967e-04	2.732162e+02
4.445574e+02	7.022273e-01	3.048070e-04	3.502917e+02
5.112411e+02	6.288440e-01	2.691821e-04	4.496273e+02
5.879272e+02	5.629323e-01	2.347554e-04	5.776381e+02
6.761163e+02	5.038678e-01	2.063443e-04	7.425522e+02
7.775337e+02	4.509687e-01	1.794629e-04	9.549073e+02
8.941638e+02	4.036970e-01	1.576360e-04	1.228175e+03
1.028288e+03	3.616209e-01	1.400492e-04	1.579545e+03
1.182532e+03	3.242079e-01	1.215440e-04	2.030897e+03
1.359911e+03	2.909318e-01	1.067356e-04	2.610013e+03
1.563898e+03	2.614175e-01	9.303987e-05	3.352064e+03
1.798483e+03	2.352906e-01	8.367417e-05	4.301411e+03
2.068255e+03	2.121523e-01	0.000000e+00	5.513789e+03
2.378493e+03	1.916879e-01	0.000000e+00	7.058904e+03
2.735268e+03	1.736384e-01	0.000000e+00	9.023484e+03
3.145558e+03	1.577289e-01	0.000000e+00	1.151484e+04
3.617391e+03	1.437130e-01	0.000000e+00	1.466483e+04
4.160000e+03	1.313656e-01	0.000000e+00	1.863494e+04
4.784000e+03	1.205069e-01	0.000000e+00	2.362239e+04
5.501600e+03	1.109917e-01	0.000000e+00	2.986365e+04
6.326840e+03	1.026799e-01	0.000000e+00	3.764024e+04
7.275866e+03	9.545621e-02	0.000000e+00	4.728466e+04
8.367246e+03	8.919766e-02	0.000000e+00	5.918589e+04
9.622333e+03	8.379544e-02	0.000000e+00	7.379452e+04
