# Energy_MeV	dEdx_Elec_MeV_um	dEdx_Nucl_MeV_um	Range_um
1.000000e-05	9.434133e-03	6.713098e-02	2.119962e-03
1.150000e-05	1.011698e-02	7.448809e-02	2.273406e-03
1.322500e-05	1.084925e-02	8.253108e-02	2.437956e-03
1.520875e-05	1.163453e-02	9.144556e-02	2.614417e-03
1.749006e-05	1.247664e-02	1.012460e-01	2.803649e-03
2.011357e-05	1.337971e-02	1.119636e-01	3.006579e-03
2.313061e-05	1.434814e-02	1.236506e-01	3.224197e-03
2.660020e-05	1.538666e-02	1.366095e-01	3.457566e-03
3.059023e-05	1.650036e-02	1.508830e-01	3.707826e-03
3.517876e-05	1.769466e-02	1.665774e-01	3.976201e-03
4.045558e-05	1.897541e-02	1.828445e-01	4.264000e-03
4.652391e-05	2.034886e-02	2.013088e-01	4.572631e-03
5.350250e-05	2.182172e-02	2.225428e-01	4.903600e-03
6.152788e-05	2.340119e-02	2.440576e-01	5.258526e-03
7.075706e-05	1.262683e-02	2.687555e-01	5.639140e-03
8.137062e-05	1.363892e-02	2.936656e-01	6.047304e-03
9.357621e-05	1.472358e-02	3.220203e-01	6.485011e-03
1.076126e-04	1.588613e-02	3.545039e-01	6.954400e-03
1.237545e-04	1.713226e-02	3.869678e-01	7.457763e-03
1.423177e-04	1.846806e-02	4.243013e-01	7.997560e-03
1.636654e-04	1.990007e-02	4.627573e-01	8.576428e-03
1.882152e-04	2.143530e-02	5.052863e-01	9.197194e-03
2.164475e-04	2.308124e-02	5.510433e-01	9.862892e-03
2.489146e-04	2.484594e-02	5.982611e-01	1.057677e-02
2.862518e-04	2.673803e-02	6.524997e-01	1.134233e-02
3.291895e-04	2.876675e-02	7.073085e-01	1.216329e-02
3.785680e-04	3.094202e-02	7.659962e-01	1.304367e-02
4.353531e-04	3.327447e-02	8.268428e-01	1.398778e-02
5.006561e-04	3.577549e-02	8.968165e-01	1.500023e-02
5.757545e-04	3.845731e-02	9.695330e-01	1.608595e-02
6.621177e-04	4.133302e-02	1.045200e+00	1.725026e-02
7.614354e-04	4.441668e-02	1.124019e+00	1.849884e-02
8.756507e-04	4.772336e-02	1.204025e+00	1.983780e-02
1.006998e-03	5.126920e-02	1.296032e+00	2.127367e-02
1.158048e-03	5.507154e-02	1.389146e+00	2.281347e-02
1.331755e-03	5.914894e-02	1.485159e+00	2.446472e-02
1.531519e-03	6.352134e-02	1.585805e+00	2.623549e-02
1.761246e-03	6.821008e-02	1.690781e+00	2.813443e-02
2.025433e-03	7.323808e-02	1.795185e+00	3.017081e-02
2.329248e-03	7.862990e-02	1.900073e+00	3.235459e-02
2.678635e-03	8.441188e-02	2.010972e+00	3.469643e-02
3.080431e-03	9.061227e-02	2.123663e+00	3.720778e-02
3.542495e-03	9.726136e-02	2.239349e+00	3.990090e-02
4.073870e-03	1.043916e-01	2.337770e+00	4.278895e-02
4.684950e-03	1.120379e-01	2.448462e+00	4.588603e-02
5.387693e-03	1.202376e-01	2.574191e+00	4.920729e-02
6.195847e-03	1.290307e-01	2.673701e+00	5.276894e-02
7.125224e-03	1.384602e-01	2.788137e+00	5.658838e-02
8.194007e-03	1.485721e-01	2.873926e+00	6.068428e-02
9.423108e-03	1.594159e-01	2.971458e+00	6.507664e-02
1.083657e-02	1.710445e-01	3.080121e+00	6.978692e-02
1.246206e-02	1.835148e-01	3.159736e+00	7.483428e-02
1.433137e-02	1.968876e-01	3.250719e+00	8.025783e-02
1.648108e-02	2.112283e-01	3.321893e+00	8.606521e-02
1.895324e-02	2.266070e-01	3.393360e+00	9.229536e-02
2.179622e-02	2.430987e-01	3.457456e+00	9.897544e-02
2.506566e-02	2.607841e-01	3.508449e+00	1.061392e-01
2.882550e-02	2.797496e-01	3.565578e+00	1.138215e-01
3.314933e-02	3.000877e-01	3.605213e+00	1.220598e-01
3.812173e-02	3.218979e-01	3.638986e+00	1.308944e-01
4.383999e-02	3.452867e-01	3.663082e+00	1.403684e-01
5.041599e-02	3.703684e-01	3.690793e+00	1.505282e-01
5.797838e-02	3.972655e-01	3.707827e+00	1.614234e-01
6.667514e-02	4.261094e-01	3.714966e+00	1.731072e-01
7.667641e-02	4.570410e-01	3.713642e+00	1.856366e-01
8.817787e-02	4.902115e-01	3.701998e+00	1.990729e-01
1.014046e-01	5.257828e-01	3.688607e+00	2.134818e-01
1.166152e-01	5.639288e-01	3.663946e+00	2.289336e-01
1.341075e-01	6.048358e-01	3.629006e+00	2.455038e-01
1.542237e-01	6.487036e-01	3.585432e+00	2.632733e-01
1.773572e-01	6.957467e-01	3.532260e+00	2.823290e-01
2.039608e-01	7.461947e-01	3.469730e+00	3.027641e-01
2.345549e-01	8.002941e-01	3.398562e+00	3.246782e-01
2.697381e-01	8.583093e-01	3.317213e+00	3.481783e-01
3.101989e-01	9.205237e-01	3.228315e+00	3.733794e-01
3.567287e-01	9.872411e-01	3.129644e+00	4.004047e-01
4.102380e-01	1.058788e+00	3.033383e+00	4.293862e-01
4.717737e-01	1.135513e+00	2.922927e+00	4.604652e-01
5.425397e-01	1.217791e+00	2.798381e+00	4.937937e-01
6.239207e-01	1.306025e+00	2.683478e+00	5.295345e-01
7.175088e-01	1.400645e+00	2.552377e+00	5.678625e-01
8.251351e-01	1.502114e+00	2.441058e+00	6.089646e-01
9.489054e-01	1.610927e+00	2.313041e+00	6.530416e-01
1.091241e+00	1.727616e+00	2.171624e+00	7.003088e-01
1.254927e+00	1.852751e+00	2.052037e+00	7.509974e-01
1.443166e+00	1.986944e+00	1.917015e+00	8.053550e-01
1.659641e+00	2.130849e+00	1.798548e+00	8.636470e-01
1.908588e+00	2.285171e+00	1.676629e+00	9.261579e-01
2.194876e+00	2.450662e+00	1.559179e+00	9.931933e-01
2.524107e+00	2.628132e+00	1.453777e+00	1.065081e+00
2.902723e+00	2.836313e+00	1.336570e+00	1.142174e+00
3.338132e+00	3.103016e+00	1.237089e+00	1.224837e+00
3.838852e+00	3.398169e+00	1.144457e+00	1.313517e+00
4.414679e+00	3.730889e+00	1.060193e+00	1.408517e+00
5.076881e+00	4.088280e+00	9.632893e-01	1.511825e+00
5.838413e+00	4.483720e+00	8.910648e-01	1.626290e+00
6.714175e+00	4.916781e+00	8.347992e-01	1.753742e+00
7.721302e+00	5.380750e+00	7.700937e-01	1.896751e+00
8.879497e+00	5.896097e+00	6.956824e-01	2.058553e+00
1.021142e+01	6.433685e+00	6.101094e-01	2.019402e+00
1.174313e+01	7.001718e+00	5.465356e-01	1.917482e+00
1.350460e+01	7.599864e+00	4.934208e-01	1.832265e+00
1.553030e+01	8.261115e+00	4.449445e-01	1.764107e+00
1.785984e+01	8.993820e+00	3.984762e-01	1.713434e+00
2.053882e+01	9.738997e+00	3.602327e-01	1.680755e+00
2.361964e+01	1.055491e+01	3.264386e-01	1.666646e+00
2.716258e+01	1.145747e+01	2.924110e-01	1.671691e+00
3.123697e+01	1.244648e+01	2.622229e-01	1.696622e+00
3.592252e+01	1.355010e+01	2.335386e-01	1.742150e+00
4.131089e+01	1.473186e+01	2.141059e-01	1.809097e+00
4.750753e+01	1.590397e+01	1.917583e-01	1.898472e+00
5.463366e+01	1.712383e+01	1.677330e-01	2.011589e+00
6.282871e+01	1.814333e+01	1.515430e-01	2.150211e+00
7.225301e+01	1.918812e+01	1.336314e-01	2.316706e+00
8.309096e+01	2.012951e+01	1.220805e-01	2.514204e+00
9.555461e+01	2.095538e+01	1.087971e-01	2.746771e+00
1.098878e+02	2.175963e+01	9.483512e-02	3.019606e+00
1.263710e+02	2.224012e+01	8.536812e-02	3.339235e+00
1.453266e+02	2.275845e+01	7.498336e-02	3.713866e+00
1.671256e+02	2.329294e+01	6.707404e-02	4.153159e+00
1.921945e+02	2.365620e+01	5.948228e-02	4.671221e+00
2.210236e+02	2.364299e+01	5.281123e-02	5.278413e+00
2.541772e+02	2.366561e+01	4.738182e-02	6.047669e+00
2.923037e+02	2.345641e+01	4.152850e-02	6.996320e+00
3.361493e+02	2.307949e+01	3.702351e-02	8.106516e+00
3.865717e+02	2.250314e+01	3.316153e-02	9.431329e+00
4.445574e+02	2.188783e+01	2.982322e-02	1.101526e+01
5.112411e+02	2.121269e+01	2.598417e-02	1.291921e+01
5.879272e+02	2.050927e+01	2.297687e-02	1.521980e+01
6.761163e+02	1.983428e+01	2.029352e-02	1.801028e+01
7.775337e+02	1.910778e+01	1.811287e-02	2.141042e+01
8.941638e+02	1.834071e+01	1.624595e-02	2.556905e+01
1.028288e+03	1.753291e+01	1.409899e-02	3.067544e+01
1.182532e+03	1.669916e+01	1.246973e-02	3.697102e+01
1.359911e+03	1.584805e+01	1.097968e-02	4.476165e+01
1.563898e+03	1.499250e+01	9.691909e-03	5.443717e+01
1.798483e+03	1.413084e+01	8.483797e-03	6.649574e+01
2.068255e+03	1.327073e+01	7.519009e-03	8.157508e+01
2.378493e+03	1.241988e+01	6.708150e-03	1.004925e+02
2.735268e+03	1.158083e+01	5.887140e-03	1.242969e+02
3.145558e+03	1.075974e+01	5.194249e-03	1.543347e+02
3.617391e+03	9.967849e+00	4.549984e-03	1.923357e+02
4.160000e+03	9.209069e+00	4.122383e-03	2.405214e+02
4.784000e+03	8.485681e+00	3.630643e-03	3.017428e+02
5.501600e+03	7.799465e+00	3.118424e-03	3.796554e+02
6.326840e+03	7.153289e+00	2.780164e-03	4.789375e+02
7.275866e+03	6.549373e+00	2.416470e-03	6.055634e+02
8.367246e+03	5.987923e+00	2.184434e-03	7.671413e+02
9.622333e+03	5.468405e+00	1.917592e-03	9.733257e+02
