# Energy_MeV	dEdx_Elec_MeV_um	dEdx_Nucl_MeV_um	Range_um
1.000000e-05	8.916427e-03	5.587937e-02	2.243051e-03
1.150000e-05	9.561803e-03	6.209188e-02	2.405404e-03
1.322500e-05	1.025389e-02	6.872850e-02	2.579509e-03
1.520875e-05	1.099607e-02	7.636061e-02	2.766215e-03
1.749006e-05	1.179197e-02	8.480717e-02	2.966435e-03
2.011357e-05	1.264548e-02	9.391695e-02	3.181147e-03
2.313061e-05	1.356077e-02	1.041242e-01	3.411400e-03
2.660020e-05	1.454231e-02	1.152244e-01	3.658319e-03
3.059023e-05	1.559489e-02	1.274563e-01	3.923110e-03
3.517876e-05	1.672365e-02	1.408354e-01	4.207067e-03
4.045558e-05	1.793412e-02	1.555132e-01	4.511577e-03
4.652391e-05	1.923220e-02	1.718692e-01	4.838127e-03
5.350250e-05	2.062424e-02	1.896452e-01	5.188313e-03
6.152788e-05	2.211703e-02	2.083540e-01	5.563846e-03
7.075706e-05	2.371787e-02	2.292673e-01	5.966560e-03
8.137062e-05	2.543459e-02	2.533177e-01	6.398423e-03
9.357621e-05	2.727555e-02	2.780999e-01	6.861544e-03
1.076126e-04	2.924977e-02	3.060737e-01	7.358186e-03
1.237545e-04	3.136689e-02	3.348189e-01	7.890776e-03
1.423177e-04	3.363724e-02	3.669344e-01	8.461914e-03
1.636654e-04	3.607192e-02	4.038673e-01	9.074392e-03
1.882152e-04	3.868283e-02	4.412004e-01	9.731201e-03
2.164475e-04	4.148271e-02	4.834856e-01	1.043555e-02
2.489146e-04	4.448525e-02	5.276928e-01	1.119088e-02
2.862518e-04	4.770512e-02	5.764700e-01	1.200088e-02
3.291895e-04	5.115804e-02	6.287059e-01	1.286951e-02
3.785680e-04	5.486088e-02	6.825856e-01	1.380102e-02
4.353531e-04	5.883174e-02	7.440883e-01	1.479994e-02
5.006561e-04	6.309002e-02	8.071671e-01	1.587117e-02
5.757545e-04	6.765650e-02	8.751808e-01	1.701993e-02
6.621177e-04	3.631984e-02	9.440979e-01	1.825184e-02
7.614354e-04	3.902481e-02	1.023353e+00	1.957292e-02
8.756507e-04	4.192542e-02	1.107919e+00	2.098962e-02
1.006998e-03	4.503584e-02	1.193622e+00	2.250886e-02
1.158048e-03	4.837128e-02	1.285538e+00	2.413806e-02
1.331755e-03	5.194802e-02	1.376156e+00	2.588519e-02
1.531519e-03	5.578354e-02	1.480366e+00	2.775877e-02
1.761246e-03	5.989658e-02	1.589166e+00	2.976797e-02
2.025433e-03	6.430723e-02	1.697913e+00	3.192259e-02
2.329248e-03	6.903704e-02	1.814791e+00	3.423316e-02
2.678635e-03	7.410912e-02	1.933690e+00	3.671098e-02
3.080431e-03	7.954825e-02	2.054516e+00	3.936814e-02
3.542495e-03	8.538099e-02	2.176528e+00	4.221762e-02
4.073870e-03	9.163585e-02	2.302135e+00	4.527336e-02
4.684950e-03	9.834338e-02	2.433808e+00	4.855027e-02
5.387693e-03	1.055363e-01	2.564838e+00	5.206436e-02
6.195847e-03	1.132499e-01	2.681522e+00	5.583281e-02
7.125224e-03	1.215217e-01	2.806895e+00	5.987401e-02
8.194007e-03	1.303922e-01	2.951075e+00	6.420773e-02
9.423108e-03	1.399047e-01	3.068556e+00	6.885512e-02
1.083657e-02	1.501057e-01	3.198171e+00	7.383889e-02
1.246206e-02	1.610449e-01	3.301927e+00	7.918338e-02
1.433137e-02	1.727760e-01	3.412394e+00	8.491472e-02
1.648108e-02	1.853561e-01	3.539432e+00	9.103654e-02
1.895324e-02	1.988468e-01	3.632500e+00	9.765468e-02
2.179622e-02	2.133138e-01	3.736201e+00	1.047217e-01
2.506566e-02	2.288280e-01	3.820942e+00	1.123025e-01
2.882550e-02	2.454651e-01	3.905491e+00	1.204305e-01
3.314933e-02	2.633064e-01	3.981265e+00	1.291472e-01
3.812173e-02	2.824390e-01	4.039427e+00	1.384947e-01
4.383999e-02	3.029564e-01	4.105846e+00	1.485189e-01
5.041599e-02	3.249589e-01	4.152895e+00	1.592686e-01
5.797838e-02	3.485539e-01	4.194875e+00	1.707963e-01
6.667514e-02	3.738566e-01	4.222167e+00	1.831585e-01
7.667641e-02	4.009909e-01	4.253552e+00	1.964154e-01
8.817787e-02	4.300890e-01	4.276676e+00	2.106319e-01
1.014046e-01	4.612934e-01	4.284762e+00	2.258774e-01
1.166152e-01	4.947563e-01	4.286021e+00	2.422263e-01
1.341075e-01	5.306412e-01	4.272832e+00	2.597585e-01
1.542237e-01	5.691235e-01	4.257665e+00	2.785599e-01
1.773572e-01	6.103912e-01	4.231957e+00	2.987220e-01
2.039608e-01	6.546458e-01	4.192382e+00	3.203435e-01
2.345549e-01	7.021036e-01	4.143934e+00	3.435299e-01
2.697381e-01	7.529964e-01	4.083710e+00	3.683945e-01
3.101989e-01	8.075728e-01	4.013092e+00	3.950590e-01
3.567287e-01	8.660996e-01	3.932300e+00	4.236535e-01
4.102380e-01	9.288625e-01	3.840161e+00	4.543175e-01
4.717737e-01	9.961682e-01	3.738319e+00	4.872009e-01
5.425397e-01	1.068346e+00	3.626560e+00	5.224647e-01
6.239207e-01	1.145747e+00	3.515082e+00	5.602809e-01
7.175088e-01	1.228751e+00	3.389976e+00	6.008342e-01
8.251351e-01	1.317763e+00	3.246103e+00	6.443225e-01
9.489054e-01	1.413217e+00	3.114444e+00	6.909586e-01
1.091241e+00	1.515581e+00	2.964779e+00	7.409706e-01
1.254927e+00	1.625353e+00	2.834189e+00	7.946024e-01
1.443166e+00	1.743072e+00	2.689192e+00	8.521159e-01
1.659641e+00	1.869310e+00	2.522446e+00	9.137921e-01
1.908588e+00	2.004686e+00	2.386714e+00	9.799326e-01
2.194876e+00	2.149860e+00	2.230949e+00	1.050861e+00
2.524107e+00	2.305542e+00	2.094085e+00	1.126923e+00
2.902723e+00	2.472493e+00	1.951569e+00	1.208489e+00
3.338132e+00	2.651527e+00	1.813600e+00	1.295960e+00
3.838852e+00	2.851727e+00	1.694219e+00	1.389763e+00
4.414679e+00	3.118811e+00	1.556931e+00	1.490350e+00
5.076881e+00	3.418628e+00	1.443272e+00	1.598249e+00
5.838413e+00	3.756247e+00	1.332174e+00	1.713823e+00
6.714175e+00	4.124259e+00	1.236734e+00	1.838899e+00
7.721302e+00	4.537325e+00	1.126977e+00	1.977186e+00
8.879497e+00	4.986753e+00	1.035908e+00	2.130965e+00
1.021142e+01	5.480227e+00	9.721800e-01	2.303249e+00
1.174313e+01	6.029741e+00	8.988923e-01	2.497809e+00
1.350460e+01	6.601819e+00	8.146114e-01	2.719616e+00
1.553030e+01	7.223726e+00	7.176884e-01	2.820172e+00
1.785984e+01	7.855361e+00	6.379869e-01	2.646947e+00
2.053882e+01	8.559597e+00	5.778271e-01	2.505479e+00
2.361964e+01	9.356165e+00	5.198495e-01	2.394449e+00
2.716258e+01	1.013926e+01	4.672178e-01	2.312882e+00
3.123697e+01	1.099529e+01	4.217608e-01	2.260098e+00
3.592252e+01	1.189130e+01	3.813844e-01	2.235665e+00
4.131089e+01	1.287962e+01	3.428436e-01	2.239315e+00
4.750753e+01	1.399399e+01	3.066174e-01	2.271018e+00
5.463366e+01	1.522121e+01	2.735812e-01	2.330940e+00
6.282871e+01	1.653404e+01	2.501481e-01	2.419524e+00
7.225301e+01	1.788785e+01	2.248365e-01	2.537627e+00
8.309096e+01	1.914323e+01	1.957840e-01	2.686672e+00
9.555461e+01	2.043995e+01	1.774466e-01	2.868808e+00
1.098878e+02	2.155495e+01	1.563586e-01	3.087090e+00
1.263710e+02	2.263217e+01	1.427073e-01	3.345648e+00
1.453266e+02	2.361464e+01	1.276620e-01	3.649852e+00
1.671256e+02	2.430925e+01	1.107389e-01	4.006594e+00
1.921945e+02	2.498358e+01	1.000163e-01	4.424497e+00
2.210236e+02	2.566194e+01	8.768523e-02	4.913997e+00
2.541772e+02	2.622872e+01	7.865919e-02	5.489929e+00
2.923037e+02	2.666896e+01	6.964153e-02	6.161335e+00
3.361493e+02	2.686963e+01	6.168976e-02	6.997133e+00
3.865717e+02	2.683746e+01	5.554022e-02	8.048432e+00
4.445574e+02	2.658108e+01	4.854326e-02	9.268769e+00
5.112411e+02	2.608275e+01	4.344074e-02	1.072088e+01
5.879272e+02	2.549926e+01	3.872662e-02	1.244655e+01
6.761163e+02	2.484578e+01	3.494554e-02	1.451067e+01
7.775337e+02	2.414450e+01	3.059730e-02	1.699231e+01
8.941638e+02	2.346643e+01	2.688478e-02	1.998714e+01
1.028288e+03	2.273789e+01	2.384551e-02	2.361752e+01
1.182532e+03	2.195001e+01	2.115864e-02	2.803542e+01
1.359911e+03	2.110608e+01	1.904410e-02	3.343202e+01
1.563898e+03	2.021818e+01	1.661238e-02	4.005113e+01
1.798483e+03	1.929858e+01	1.459532e-02	4.820027e+01
2.068255e+03	1.836204e+01	1.290763e-02	5.826969e+01
2.378493e+03	1.740820e+01	1.135370e-02	7.075626e+01
2.735268e+03	1.644387e+01	9.963631e-03	8.629393e+01
3.145558e+03	1.547872e+01	8.830320e-03	1.056928e+02
3.617391e+03	1.451712e+01	7.854349e-03	1.299894e+02
4.160000e+03	1.356395e+01	6.924444e-03	1.605116e+02
4.784000e+03	1.263499e+01	6.086865e-03	1.989616e+02
5.501600e+03	1.173582e+01	5.325735e-03	2.475218e+02
6.326840e+03	1.086961e+01	4.824965e-03	3.089904e+02
7.275866e+03	1.004076e+01	4.268002e-03	3.869519e+02
8.367246e+03	9.254705e+00	3.645167e-03	4.859932e+02
9.622333e+03	8.513240e+00	3.262041e-03	6.119724e+02
