# Energy_MeV	dEdx_Elec_MeV_um	dEdx_Nucl_MeV_um	Range_um
1.000000e-05	9.105690e-03	6.921833e-02	2.196429e-03
1.150000e-05	9.764765e-03	7.671231e-02	2.355407e-03
1.322500e-05	1.047154e-02	8.497177e-02	2.525893e-03
1.520875e-05	1.122948e-02	9.410319e-02	2.708719e-03
1.749006e-05	1.204228e-02	1.040502e-01	2.904777e-03
2.011357e-05	1.291390e-02	1.148795e-01	3.115026e-03
2.313061e-05	1.384862e-02	1.269539e-01	3.340494e-03
2.660020e-05	1.485099e-02	1.401733e-01	3.582280e-03
3.059023e-05	1.592591e-02	1.547963e-01	3.841568e-03
3.517876e-05	1.707863e-02	1.698333e-01	4.119622e-03
4.045558e-05	1.831480e-02	1.870372e-01	4.417803e-03
4.652391e-05	1.964043e-02	2.066830e-01	4.737566e-03
5.350250e-05	2.106201e-02	2.266935e-01	5.080473e-03
6.152788e-05	2.258649e-02	2.497056e-01	5.448201e-03
7.075706e-05	2.422132e-02	2.726914e-01	5.842544e-03
8.137062e-05	2.597447e-02	2.991106e-01	6.265431e-03
9.357621e-05	1.395401e-02	3.290801e-01	6.718926e-03
1.076126e-04	1.505205e-02	3.593281e-01	7.205245e-03
1.237545e-04	1.622908e-02	3.939667e-01	7.726765e-03
1.423177e-04	1.749084e-02	4.296699e-01	8.286032e-03
1.636654e-04	1.884352e-02	4.690399e-01	8.885779e-03
1.882152e-04	2.029371e-02	5.113325e-01	9.528937e-03
2.164475e-04	2.184852e-02	5.553272e-01	1.021865e-02
2.489146e-04	2.351555e-02	6.054123e-01	1.095828e-02
2.862518e-04	2.530293e-02	6.564798e-01	1.175144e-02
3.291895e-04	2.721941e-02	7.105115e-01	1.260202e-02
3.785680e-04	2.927435e-02	7.672048e-01	1.351416e-02
4.353531e-04	3.147779e-02	8.324020e-01	1.449232e-02
5.006561e-04	3.384049e-02	8.992256e-01	1.554128e-02
5.757545e-04	3.637401e-02	9.697279e-01	1.666617e-02
6.621177e-04	3.909072e-02	1.042052e+00	1.787248e-02
7.614354e-04	4.200389e-02	1.116597e+00	1.916610e-02
8.756507e-04	4.512775e-02	1.202323e+00	2.055335e-02
1.006998e-03	4.847757e-02	1.287676e+00	2.204101e-02
1.158048e-03	5.206972e-02	1.377135e+00	2.363635e-02
1.331755e-03	5.592174e-02	1.469696e+00	2.534716e-02
1.531519e-03	6.005245e-02	1.567506e+00	2.718180e-02
1.761246e-03	6.448204e-02	1.663699e+00	2.914924e-02
2.025433e-03	6.923213e-02	1.760074e+00	3.125907e-02
2.329248e-03	7.432595e-02	1.863402e+00	3.352162e-02
2.678635e-03	7.978836e-02	1.966700e+00	3.594793e-02
3.080431e-03	8.564607e-02	2.074314e+00	3.854986e-02
3.542495e-03	9.192769e-02	2.163997e+00	4.134012e-02
4.073870e-03	9.866390e-02	2.267133e+00	4.433234e-02
4.684950e-03	1.058876e-01	2.381521e+00	4.754114e-02
5.387693e-03	1.136341e-01	2.474239e+00	5.098219e-02
6.195847e-03	1.219413e-01	2.578999e+00	5.467231e-02
7.125224e-03	1.308496e-01	2.658020e+00	5.862952e-02
8.194007e-03	1.404028e-01	2.748894e+00	6.287316e-02
9.423108e-03	1.506473e-01	2.847250e+00	6.742395e-02
1.083657e-02	1.616333e-01	2.921431e+00	7.226938e-02
1.246206e-02	1.734144e-01	3.004190e+00	7.752514e-02
1.433137e-02	1.860482e-01	3.070506e+00	8.315204e-02
1.648108e-02	1.995964e-01	3.135576e+00	8.917020e-02
1.895324e-02	2.141252e-01	3.193788e+00	9.562421e-02
2.179622e-02	2.297056e-01	3.241299e+00	1.025455e-01
2.506566e-02	2.464137e-01	3.292898e+00	1.099676e-01
2.882550e-02	2.643310e-01	3.329827e+00	1.179270e-01
3.314933e-02	2.835453e-01	3.359725e+00	1.264624e-01
3.812173e-02	3.041502e-01	3.382176e+00	1.356157e-01
4.383999e-02	3.262465e-01	3.407995e+00	1.454315e-01
5.041599e-02	3.499421e-01	3.422253e+00	1.559578e-01
5.797838e-02	3.753529e-01	3.428904e+00	1.672459e-01
6.667514e-02	4.026028e-01	3.426508e+00	1.793511e-01
7.667641e-02	4.318251e-01	3.415658e+00	1.923325e-01
8.817787e-02	4.631625e-01	3.403182e+00	2.062535e-01
1.014046e-01	4.967681e-01	3.379267e+00	2.211820e-01
1.166152e-01	5.328061e-01	3.346712e+00	2.371911e-01
1.341075e-01	5.714525e-01	3.305730e+00	2.543590e-01
1.542237e-01	6.128962e-01	3.256169e+00	2.727696e-01
1.773572e-01	6.573395e-01	3.197839e+00	2.925126e-01
2.039608e-01	7.049997e-01	3.131608e+00	3.136846e-01
2.345549e-01	7.561096e-01	3.055812e+00	3.363891e-01
2.697381e-01	8.109188e-01	2.973468e+00	3.607371e-01
3.101989e-01	8.696951e-01	2.882367e+00	3.868473e-01
3.567287e-01	9.327256e-01	2.792874e+00	4.148473e-01
4.102380e-01	1.000318e+00	2.689958e+00	4.448739e-01
4.717737e-01	1.072804e+00	2.575735e+00	4.770740e-01
5.425397e-01	1.150535e+00	2.468676e+00	5.116049e-01
6.239207e-01	1.233893e+00	2.348919e+00	5.486350e-01
7.175088e-01	1.323284e+00	2.245199e+00	5.883452e-01
8.251351e-01	1.419146e+00	2.125920e+00	6.309297e-01
9.489054e-01	1.521946e+00	1.997045e+00	6.765967e-01
1.091241e+00	1.632187e+00	1.885622e+00	7.255691e-01
1.254927e+00	1.750407e+00	1.762141e+00	7.780860e-01
1.443166e+00	1.877184e+00	1.651761e+00	8.344040e-01
1.659641e+00	2.013137e+00	1.540030e+00	8.947983e-01
1.908588e+00	2.158930e+00	1.432680e+00	9.595643e-01
2.194876e+00	2.315276e+00	1.334473e+00	1.029018e+00
2.524107e+00	2.482939e+00	1.227592e+00	1.103498e+00
2.902723e+00	2.702204e+00	1.134901e+00	1.183371e+00
3.338132e+00	2.963500e+00	1.051197e+00	1.269023e+00
3.838852e+00	3.251302e+00	9.726849e-01	1.360854e+00
4.414679e+00	3.570933e+00	8.823958e-01	1.459536e+00
5.076881e+00	3.925310e+00	8.190058e-01	1.567863e+00
5.838413e+00	4.304419e+00	7.665809e-01	1.688137e+00
6.714175e+00	4.727126e+00	7.062923e-01	1.822471e+00
7.721302e+00	5.179615e+00	6.369603e-01	1.973663e+00
8.879497e+00	5.669839e+00	5.572286e-01	1.905227e+00
1.021142e+01	6.206082e+00	5.012377e-01	1.820195e+00
1.174313e+01	6.740532e+00	4.517485e-01	1.747792e+00
1.350460e+01	7.338033e+00	4.078758e-01	1.688860e+00
1.553030e+01	8.003927e+00	3.654332e-01	1.644268e+00
1.785984e+01	8.709329e+00	3.298488e-01	1.614930e+00
2.053882e+01	9.476783e+00	2.992465e-01	1.601791e+00
2.361964e+01	1.031336e+01	2.675417e-01	1.605857e+00
2.716258e+01	1.124945e+01	2.402715e-01	1.628163e+00
3.123697e+01	1.226808e+01	2.143755e-01	1.669749e+00
3.592252e+01	1.334006e+01	1.962693e-01	1.731701e+00
4.131089e+01	1.451425e+01	1.754472e-01	1.815218e+00
4.750753e+01	1.553072e+01	1.538375e-01	1.921716e+00
5.463366e+01	1.656663e+01	1.387526e-01	2.052965e+00
6.282871e+01	1.750480e+01	1.226407e-01	2.211250e+00
7.225301e+01	1.834383e+01	1.118783e-01	2.399531e+00
8.309096e+01	1.918335e+01	9.950159e-02	2.621641e+00
9.555461e+01	1.981481e+01	8.696018e-02	2.882475e+00
1.098878e+02	2.037973e+01	7.813941e-02	3.188209e+00
1.263710e+02	2.078910e+01	6.873179e-02	3.546524e+00
1.453266e+02	2.119626e+01	6.136237e-02	3.967100e+00
1.671256e+02	2.160835e+01	5.446539e-02	4.461659e+00
1.921945e+02	2.180949e+01	4.841657e-02	5.043479e+00
2.210236e+02	2.177954e+01	4.335777e-02	5.742666e+00
2.541772e+02	2.163630e+01	3.805879e-02	6.640424e+00
2.923037e+02	2.129919e+01	3.386131e-02	7.706521e+00
3.361493e+02	2.080844e+01	3.040620e-02	8.975652e+00
3.865717e+02	2.020968e+01	2.729577e-02	1.049078e+01
4.445574e+02	1.957343e+01	2.371878e-02	1.231235e+01
5.112411e+02	1.889498e+01	2.104587e-02	1.451254e+01
5.879272e+02	1.821604e+01	1.854568e-02	1.718216e+01
6.761163e+02	1.753583e+01	1.660533e-02	2.043507e+01
7.775337e+02	1.681494e+01	1.486585e-02	2.441592e+01
8.941638e+02	1.606328e+01	1.286544e-02	2.930568e+01
1.028288e+03	1.528395e+01	1.141976e-02	3.533649e+01
1.182532e+03	1.448978e+01	1.003142e-02	4.280365e+01
1.359911e+03	1.368982e+01	8.871744e-03	5.208297e+01
1.563898e+03	1.288981e+01	7.772345e-03	6.365504e+01
1.798483e+03	1.209234e+01	6.873413e-03	7.813558e+01
2.068255e+03	1.130448e+01	6.142164e-03	9.631446e+01
2.378493e+03	1.053117e+01	5.377197e-03	1.192061e+02
2.735268e+03	9.774448e+00	4.753850e-03	1.481142e+02
3.145558e+03	9.043160e+00	4.173735e-03	1.847149e+02
3.617391e+03	8.343267e+00	3.775323e-03	2.311634e+02
4.160000e+03	7.677905e+00	3.317149e-03	2.902286e+02
4.784000e+03	7.048356e+00	2.857881e-03	3.654649e+02
5.501600e+03	6.454765e+00	2.542710e-03	4.614279e+02
6.326840e+03	5.900083e+00	2.216354e-03	5.839435e+02
7.275866e+03	5.385762e+00	2.000157e-03	7.404431e+02
8.367246e+03	4.910867e+00	1.751530e-03	9.403755e+02
9.622333e+03	4.474010e+00	1.508172e-03	1.195707e+03
