# Energy_MeV	dEdx_Elec_MeV_um	dEdx_Nucl_MeV_um	Range_um
1.000000e-05	9.630251e-03	5.527872e-02	2.076789e-03
1.150000e-05	1.032729e-02	5.890103e-02	2.227108e-03
1.322500e-05	1.107479e-02	6.542303e-02	2.388308e-03
1.520875e-05	1.187639e-02	7.265440e-02	2.561175e-03
1.749006e-05	1.273601e-02	8.044610e-02	2.746554e-03
2.011357e-05	1.365785e-02	8.940655e-02	2.945351e-03
2.313061e-05	1.464641e-02	9.923795e-02	3.158537e-03
2.660020e-05	1.570652e-02	1.099333e-01	3.387153e-03
3.059023e-05	1.684337e-02	1.218342e-01	3.632317e-03
3.517876e-05	1.806250e-02	1.348664e-01	3.895226e-03
4.045558e-05	1.936987e-02	1.491577e-01	4.177165e-03
4.652391e-05	2.077188e-02	1.647588e-01	4.479510e-03
5.350250e-05	2.227535e-02	1.819912e-01	4.803740e-03
6.152788e-05	2.388766e-02	2.010519e-01	5.151437e-03
7.075706e-05	2.561666e-02	2.219217e-01	5.524300e-03
8.137062e-05	2.747081e-02	2.436735e-01	5.924152e-03
9.357621e-05	2.945916e-02	2.682268e-01	6.352946e-03
1.076126e-04	3.159143e-02	2.964630e-01	6.812775e-03
1.237545e-04	3.387803e-02	3.252480e-01	7.305887e-03
1.423177e-04	3.633014e-02	3.580905e-01	7.834691e-03
1.636654e-04	3.895973e-02	3.914402e-01	8.401770e-03
1.882152e-04	4.177966e-02	4.291454e-01	9.009895e-03
2.164475e-04	4.480369e-02	4.725063e-01	9.662036e-03
2.489146e-04	4.804661e-02	5.158087e-01	1.036138e-02
2.862518e-04	5.152425e-02	5.654536e-01	1.111134e-02
3.291895e-04	5.525360e-02	6.168668e-01	1.191559e-02
3.785680e-04	5.925289e-02	6.736778e-01	1.277804e-02
4.353531e-04	6.354164e-02	7.348667e-01	1.370292e-02
5.006561e-04	6.814082e-02	7.976554e-01	1.469475e-02
5.757545e-04	7.307289e-02	8.698624e-01	1.575836e-02
6.621177e-04	7.836194e-02	9.431167e-01	1.689896e-02
7.614354e-04	8.403382e-02	1.021811e+00	1.812212e-02
8.756507e-04	9.011623e-02	1.102723e+00	1.943381e-02
1.006998e-03	9.663889e-02	1.195772e+00	2.084043e-02
1.158048e-03	1.036337e-01	1.293402e+00	2.234888e-02
1.331755e-03	1.111347e-01	1.394022e+00	2.396650e-02
1.531519e-03	1.191787e-01	1.499952e+00	2.570121e-02
1.761246e-03	1.278049e-01	1.606341e+00	2.756148e-02
2.025433e-03	1.370555e-01	1.728689e+00	2.955639e-02
2.329248e-03	1.469757e-01	1.853923e+00	3.169570e-02
2.678635e-03	1.576139e-01	1.981597e+00	3.398985e-02
3.080431e-03	1.690220e-01	2.116654e+00	3.645005e-02
3.542495e-03	1.812559e-01	2.256248e+00	3.908832e-02
4.073870e-03	1.943753e-01	2.396172e+00	4.191756e-02
4.684950e-03	2.084443e-01	2.537010e+00	4.495157e-02
5.387693e-03	2.235316e-01	2.684478e+00	4.820519e-02
6.195847e-03	2.397110e-01	2.836041e+00	5.169431e-02
7.125224e-03	2.570614e-01	2.989877e+00	5.543597e-02
8.194007e-03	2.756676e-01	3.122961e+00	5.944846e-02
9.423108e-03	2.956206e-01	3.270155e+00	6.375137e-02
1.083657e-02	3.170178e-01	3.439429e+00	6.836572e-02
1.246206e-02	3.399637e-01	3.572445e+00	7.331407e-02
1.433137e-02	3.645704e-01	3.724619e+00	7.862058e-02
1.648108e-02	3.909582e-01	3.841490e+00	8.429279e-02
1.895324e-02	4.192560e-01	3.971184e+00	9.039836e-02
2.179622e-02	4.496020e-01	4.118586e+00	9.696111e-02
2.506566e-02	4.821444e-01	4.224455e+00	1.039777e-01
2.882550e-02	5.170423e-01	4.346205e+00	1.115040e-01
3.314933e-02	5.544660e-01	4.442111e+00	1.195745e-01
3.812173e-02	5.945986e-01	4.538672e+00	1.282292e-01
4.383999e-02	6.376360e-01	4.625423e+00	1.375103e-01
5.041599e-02	6.837884e-01	4.693231e+00	1.474632e-01
5.797838e-02	7.332813e-01	4.770840e+00	1.581365e-01
6.667514e-02	7.863566e-01	4.823544e+00	1.695823e-01
7.667641e-02	8.432735e-01	4.870035e+00	1.818566e-01
8.817787e-02	9.043101e-01	4.902076e+00	1.950193e-01
1.014046e-01	9.697646e-01	4.938925e+00	2.091347e-01
1.166152e-01	1.039957e+00	4.963200e+00	2.242718e-01
1.341075e-01	1.115229e+00	4.972693e+00	2.405046e-01
1.542237e-01	1.195950e+00	4.972101e+00	2.579123e-01
1.773572e-01	1.282514e+00	4.956617e+00	2.765799e-01
2.039608e-01	1.375343e+00	4.938810e+00	2.965987e-01
2.345549e-01	1.474891e+00	4.906960e+00	3.180665e-01
2.697381e-01	1.581644e+00	4.860497e+00	3.410882e-01
3.101989e-01	1.696124e+00	4.802937e+00	3.657762e-01
3.567287e-01	1.818891e+00	4.732231e+00	3.922510e-01
4.102380e-01	1.950543e+00	4.649168e+00	4.206421e-01
4.717737e-01	2.091724e+00	4.554453e+00	4.510883e-01
5.425397e-01	2.243124e+00	4.446278e+00	4.837383e-01
6.239207e-01	2.405483e+00	4.327576e+00	5.187513e-01
7.175088e-01	2.579593e+00	4.196366e+00	5.562984e-01
8.251351e-01	2.766305e+00	4.067323e+00	5.965634e-01
9.489054e-01	2.966532e+00	3.920442e+00	6.397430e-01
1.091241e+00	3.181251e+00	3.752993e+00	6.860478e-01
1.254927e+00	3.411512e+00	3.600198e+00	7.357040e-01
1.443166e+00	3.658439e+00	3.424485e+00	7.889543e-01
1.659641e+00	3.923239e+00	3.275429e+00	8.460592e-01
1.908588e+00	4.207205e+00	3.105197e+00	9.072974e-01
2.194876e+00	4.511724e+00	2.914239e+00	9.729679e-01
2.524107e+00	4.838285e+00	2.755217e+00	1.043391e+00
2.902723e+00	5.188483e+00	2.573330e+00	1.118912e+00
3.338132e+00	5.564028e+00	2.415797e+00	1.199900e+00
3.838852e+00	5.966755e+00	2.251798e+00	1.286749e+00
4.414679e+00	6.398632e+00	2.093523e+00	1.379887e+00
5.076881e+00	3.469665e+00	1.953364e+00	1.479755e+00
5.838413e+00	3.813584e+00	1.795168e+00	1.586873e+00
6.714175e+00	4.200885e+00	1.662880e+00	1.701747e+00
7.721302e+00	4.627368e+00	1.537083e+00	1.827287e+00
8.879497e+00	5.095745e+00	1.425031e+00	1.966562e+00
1.021142e+01	5.621031e+00	1.296172e+00	2.121875e+00
1.174313e+01	6.182851e+00	1.196204e+00	2.296415e+00
1.350460e+01	6.807065e+00	1.121384e+00	2.494267e+00
1.553030e+01	7.481127e+00	1.035341e+00	2.720775e+00
1.785984e+01	8.168051e+00	9.363913e-01	2.982957e+00
2.053882e+01	8.915146e+00	8.225992e-01	3.133451e+00
2.361964e+01	9.735198e+00	7.347998e-01	2.905354e+00
2.716258e+01	1.061849e+01	6.641695e-01	2.726905e+00
3.123697e+01	1.153962e+01	5.984057e-01	2.592841e+00
3.592252e+01	1.247171e+01	5.366136e-01	2.499077e+00
4.131089e+01	1.348628e+01	4.848514e-01	2.442439e+00
4.750753e+01	1.453545e+01	4.390232e-01	2.420466e+00
5.463366e+01	1.573059e+01	3.937745e-01	2.431300e+00
6.282871e+01	1.709073e+01	3.527695e-01	2.473564e+00
7.225301e+01	1.855425e+01	3.139834e-01	2.546635e+00
8.309096e+01	2.015716e+01	2.879502e-01	2.650419e+00
9.555461e+01	2.170295e+01	2.582331e-01	2.785606e+00
1.098878e+02	2.325740e+01	2.255051e-01	2.953748e+00
1.263710e+02	2.482361e+01	2.039761e-01	3.157381e+00
1.453266e+02	2.616055e+01	1.795778e-01	3.400143e+00
1.671256e+02	2.748200e+01	1.642178e-01	3.686919e+00
1.921945e+02	2.847199e+01	1.465539e-01	4.023969e+00
2.210236e+02	2.952636e+01	1.275177e-01	4.419369e+00
2.541772e+02	3.067283e+01	1.149288e-01	4.882467e+00
2.923037e+02	3.147730e+01	1.008497e-01	5.426374e+00
3.361493e+02	3.093878e+01	9.033220e-02	6.067101e+00
3.865717e+02	3.132806e+01	8.005939e-02	6.889117e+00
4.445574e+02	3.138211e+01	7.102069e-02	7.874640e+00
5.112411e+02	3.116500e+01	6.380083e-02	9.026085e+00
5.879272e+02	3.068544e+01	5.586165e-02	1.038624e+01
6.761163e+02	3.013097e+01	4.987106e-02	1.200105e+01
7.775337e+02	2.947986e+01	4.459149e-02	1.392687e+01
8.941638e+02	2.878860e+01	4.015233e-02	1.623465e+01
1.028288e+03	2.813494e+01	3.504728e-02	1.901057e+01
1.182532e+03	2.737831e+01	3.091846e-02	2.236410e+01
1.359911e+03	2.654377e+01	2.735022e-02	2.642978e+01
1.563898e+03	2.563053e+01	2.435852e-02	3.137826e+01
1.798483e+03	2.466077e+01	2.187595e-02	3.742490e+01
2.068255e+03	2.364708e+01	1.902100e-02	4.484044e+01
2.378493e+03	2.260348e+01	1.678170e-02	5.396762e+01
2.735268e+03	2.152669e+01	1.480028e-02	6.524137e+01
3.145558e+03	2.042613e+01	1.304744e-02	7.921482e+01
3.617391e+03	1.931423e+01	1.141543e-02	9.659253e+01
4.160000e+03	1.820566e+01	1.013160e-02	1.182734e+02
4.784000e+03	1.710240e+01	9.028951e-03	1.454056e+02
5.501600e+03	1.600715e+01	7.937200e-03	1.794571e+02
6.326840e+03	1.493491e+01	6.993448e-03	2.223057e+02
7.275866e+03	1.389954e+01	6.116441e-03	2.763529e+02
8.367246e+03	1.290330e+01	5.547832e-03	3.446691e+02
9.622333e+03	1.195027e+01	4.893932e-03	4.311755e+02
