# Energy_MeV	dEdx_Elec_MeV_um	dEdx_Nucl_MeV_um	Range_um
1.000000e-05	9.783332e-03	7.883802e-02	2.044293e-03
1.150000e-05	1.049145e-02	8.732816e-02	2.192260e-03
1.322500e-05	1.125083e-02	9.656386e-02	2.350937e-03
1.520875e-05	1.206517e-02	1.065540e-01	2.521099e-03
1.749006e-05	1.293846e-02	1.178191e-01	2.703578e-03
2.011357e-05	1.387495e-02	1.300013e-01	2.899264e-03
2.313061e-05	1.487922e-02	1.434893e-01	3.109115e-03
2.660020e-05	1.595619e-02	1.574466e-01	3.334154e-03
3.059023e-05	1.711111e-02	1.734975e-01	3.575482e-03
3.517876e-05	1.834962e-02	1.914963e-01	3.834277e-03
4.045558e-05	1.967777e-02	2.101656e-01	4.111804e-03
4.652391e-05	2.110206e-02	2.312231e-01	4.409419e-03
5.350250e-05	2.262944e-02	2.526566e-01	4.728575e-03
6.152788e-05	2.426737e-02	2.773052e-01	5.070831e-03
7.075706e-05	2.602386e-02	3.047040e-01	5.437861e-03
8.137062e-05	1.401322e-02	3.329247e-01	5.831456e-03
9.357621e-05	1.513211e-02	3.647224e-01	6.253540e-03
1.076126e-04	1.633128e-02	3.980328e-01	6.706175e-03
1.237545e-04	1.761662e-02	4.342793e-01	7.191571e-03
1.423177e-04	1.899442e-02	4.730914e-01	7.712101e-03
1.636654e-04	2.047140e-02	5.141375e-01	8.270307e-03
1.882152e-04	2.205480e-02	5.600112e-01	8.868916e-03
2.164475e-04	2.375235e-02	6.076561e-01	9.510853e-03
2.489146e-04	2.557236e-02	6.568354e-01	1.019925e-02
2.862518e-04	2.752372e-02	7.097291e-01	1.093748e-02
3.291895e-04	2.961597e-02	7.705567e-01	1.172914e-02
3.785680e-04	3.185933e-02	8.311413e-01	1.257810e-02
4.353531e-04	3.426476e-02	8.969185e-01	1.348851e-02
5.006561e-04	3.684403e-02	9.622847e-01	1.446482e-02
5.757545e-04	3.960972e-02	1.031834e+00	1.551179e-02
6.621177e-04	4.257536e-02	1.111815e+00	1.663454e-02
7.614354e-04	4.575543e-02	1.188784e+00	1.783856e-02
8.756507e-04	4.916548e-02	1.272247e+00	1.912972e-02
1.006998e-03	5.282215e-02	1.356304e+00	2.051434e-02
1.158048e-03	5.674333e-02	1.446018e+00	2.199918e-02
1.331755e-03	6.094815e-02	1.535251e+00	2.359149e-02
1.531519e-03	6.545717e-02	1.622602e+00	2.529906e-02
1.761246e-03	7.029242e-02	1.719005e+00	2.713022e-02
2.025433e-03	7.547751e-02	1.812158e+00	2.909392e-02
2.329248e-03	8.103779e-02	1.908401e+00	3.119975e-02
2.678635e-03	8.700040e-02	1.992074e+00	3.345800e-02
3.080431e-03	9.339449e-02	2.088298e+00	3.587971e-02
3.542495e-03	1.002513e-01	2.189792e+00	3.847670e-02
4.073870e-03	1.076043e-01	2.276296e+00	4.126167e-02
4.684950e-03	1.154894e-01	2.368776e+00	4.424821e-02
5.387693e-03	1.239452e-01	2.442500e+00	4.745092e-02
6.195847e-03	1.330130e-01	2.527284e+00	5.088544e-02
7.125224e-03	1.427370e-01	2.613575e+00	5.456856e-02
8.194007e-03	1.531648e-01	2.682783e+00	5.851036e-02
9.423108e-03	1.643473e-01	2.756183e+00	6.274389e-02
1.083657e-02	1.763391e-01	2.818055e+00	6.729831e-02
1.246206e-02	1.891989e-01	2.875887e+00	7.216823e-02
1.433137e-02	2.029894e-01	2.927337e+00	7.739209e-02
1.648108e-02	2.177780e-01	2.971665e+00	8.299364e-02
1.895324e-02	2.336370e-01	3.016715e+00	8.900064e-02
2.179622e-02	2.506438e-01	3.051169e+00	9.544245e-02
2.506566e-02	2.688816e-01	3.076088e+00	1.023505e-01
2.882550e-02	2.884394e-01	3.097034e+00	1.097585e-01
3.314933e-02	3.094127e-01	3.121123e+00	1.177028e-01
3.812173e-02	3.319041e-01	3.131368e+00	1.262221e-01
4.383999e-02	3.560234e-01	3.137574e+00	1.353580e-01
5.041599e-02	3.818885e-01	3.133135e+00	1.451551e-01
5.797838e-02	4.096256e-01	3.123013e+00	1.556614e-01
6.667514e-02	4.393704e-01	3.111372e+00	1.669281e-01
7.667641e-02	4.712681e-01	3.087286e+00	1.790104e-01
8.817787e-02	5.054745e-01	3.056912e+00	1.919671e-01
1.014046e-01	5.421568e-01	3.017954e+00	2.058616e-01
1.166152e-01	5.814942e-01	2.971551e+00	2.207619e-01
1.341075e-01	6.236788e-01	2.917130e+00	2.367407e-01
1.542237e-01	6.689167e-01	2.855485e+00	2.538760e-01
1.773572e-01	7.174290e-01	2.784769e+00	2.722515e-01
2.039608e-01	7.694526e-01	2.708865e+00	2.919570e-01
2.345549e-01	8.252417e-01	2.625825e+00	3.130890e-01
2.697381e-01	8.850688e-01	2.542330e+00	3.357505e-01
3.101989e-01	9.492262e-01	2.446311e+00	3.600521e-01
3.567287e-01	1.018027e+00	2.343196e+00	3.861127e-01
4.102380e-01	1.091808e+00	2.243312e+00	4.140595e-01
4.717737e-01	1.170930e+00	2.136118e+00	4.440294e-01
5.425397e-01	1.255778e+00	2.039349e+00	4.761684e-01
6.239207e-01	1.346767e+00	1.928065e+00	5.106336e-01
7.175088e-01	1.444343e+00	1.813300e+00	5.475932e-01
8.251351e-01	1.548981e+00	1.709344e+00	5.872282e-01
9.489054e-01	1.661192e+00	1.598545e+00	6.297321e-01
1.091241e+00	1.781526e+00	1.495562e+00	6.753124e-01
1.254927e+00	1.910569e+00	1.394853e+00	7.241916e-01
1.443166e+00	2.048953e+00	1.298642e+00	7.766087e-01
1.659641e+00	2.197353e+00	1.207018e+00	8.328201e-01
1.908588e+00	2.356494e+00	1.111705e+00	8.930998e-01
2.194876e+00	2.552698e+00	1.025226e+00	9.577444e-01
2.524107e+00	2.798668e+00	9.520665e-01	1.027060e+00
2.902723e+00	3.068697e+00	8.788162e-01	1.101412e+00
3.338132e+00	3.371840e+00	7.945784e-01	1.181124e+00
3.838852e+00	3.701602e+00	7.428333e-01	1.268158e+00
4.414679e+00	4.061208e+00	6.939219e-01	1.364696e+00
5.076881e+00	4.460709e+00	6.376739e-01	1.472318e+00
5.838413e+00	4.883209e+00	5.729886e-01	1.539773e+00
6.714175e+00	5.351703e+00	4.986006e-01	1.474550e+00
7.721302e+00	5.853297e+00	4.525062e-01	1.416769e+00
8.879497e+00	6.374325e+00	4.063339e-01	1.367329e+00
1.021142e+01	6.942225e+00	3.678539e-01	1.327119e+00
1.174313e+01	7.571292e+00	3.299653e-01	1.297049e+00
1.350460e+01	8.263069e+00	2.967657e-01	1.278063e+00
1.553030e+01	8.999219e+00	2.698909e-01	1.271111e+00
1.785984e+01	9.819646e+00	2.403110e-01	1.277235e+00
2.053882e+01	1.074473e+01	2.164924e-01	1.297460e+00
2.361964e+01	1.170323e+01	1.939050e-01	1.332821e+00
2.716258e+01	1.273177e+01	1.770123e-01	1.384381e+00
3.123697e+01	1.380646e+01	1.575857e-01	1.453277e+00
3.592252e+01	1.478154e+01	1.388937e-01	1.540799e+00
4.131089e+01	1.577762e+01	1.248198e-01	1.648499e+00
4.750753e+01	1.660011e+01	1.108808e-01	1.778327e+00
5.463366e+01	1.739956e+01	1.008397e-01	1.932757e+00
6.282871e+01	1.814945e+01	8.929248e-02	2.114988e+00
7.225301e+01	1.874525e+01	7.847720e-02	2.329066e+00
8.309096e+01	1.930965e+01	7.024760e-02	2.580094e+00
9.555461e+01	1.966002e+01	6.197871e-02	2.874440e+00
1.098878e+02	2.002353e+01	5.510320e-02	3.220121e+00
1.263710e+02	2.040541e+01	4.900295e-02	3.626567e+00
1.453266e+02	2.059825e+01	4.367559e-02	4.106865e+00
1.671256e+02	2.030910e+01	3.895584e-02	4.675532e+00
1.921945e+02	2.016012e+01	3.430523e-02	5.403019e+00
2.210236e+02	1.983083e+01	3.038907e-02	6.287337e+00
2.541772e+02	1.936764e+01	2.743689e-02	7.333587e+00
2.923037e+02	1.877772e+01	2.453493e-02	8.586452e+00
3.361493e+02	1.816013e+01	2.119766e-02	1.009377e+01
3.865717e+02	1.749903e+01	1.894847e-02	1.191599e+01
4.445574e+02	1.682434e+01	1.661584e-02	1.413006e+01
5.112411e+02	1.617304e+01	1.497878e-02	1.683096e+01
5.879272e+02	1.548170e+01	1.335588e-02	2.014070e+01
6.761163e+02	1.476571e+01	1.148955e-02	2.421169e+01
7.775337e+02	1.402503e+01	1.027783e-02	2.923916e+01
8.941638e+02	1.327303e+01	8.982541e-03	3.547257e+01
1.028288e+03	1.251691e+01	7.976725e-03	4.322946e+01
1.182532e+03	1.176481e+01	7.000729e-03	5.291627e+01
1.359911e+03	1.101753e+01	6.162045e-03	6.505423e+01
1.563898e+03	1.028139e+01	5.525761e-03	8.031271e+01
1.798483e+03	9.561596e+00	4.812062e-03	9.955212e+01
2.068255e+03	8.860400e+00	4.272636e-03	1.238792e+02
2.378493e+03	8.183214e+00	3.769616e-03	1.547179e+02
2.735268e+03	7.536751e+00	3.397906e-03	1.939003e+02
3.145558e+03	6.923937e+00	2.970439e-03	2.437820e+02
3.617391e+03	6.346213e+00	2.576024e-03	3.073886e+02
4.160000e+03	5.802871e+00	2.281977e-03	3.885996e+02
4.784000e+03	5.295389e+00	2.001195e-03	4.923795e+02
5.501600e+03	4.826106e+00	1.799487e-03	6.250639e+02
6.326840e+03	4.394278e+00	1.567524e-03	7.947125e+02
7.275866e+03	3.997697e+00	1.358918e-03	1.011539e+03
8.367246e+03	3.636650e+00	1.199807e-03	1.288430e+03
9.622333e+03	3.310849e+00	1.044365e-03	1.641568e+03
