# Energy_MeV	dEdx_Elec_MeV_um	dEdx_Nucl_MeV_um	Range_um
1.000000e-05	3.694785e-03	8.387232e-02	2.800252e-03
1.150000e-05	4.035808e-03	9.224432e-02	3.002936e-03
1.322500e-05	4.400239e-03	1.014376e-01	3.220290e-03
1.520875e-05	4.789917e-03	1.120098e-01	3.453376e-03
1.749006e-05	5.206791e-03	1.231191e-01	3.703334e-03
2.011357e-05	5.652936e-03	1.354160e-01	3.971383e-03
2.313061e-05	6.130563e-03	1.483284e-01	4.258834e-03
2.660020e-05	6.642029e-03	1.624460e-01	4.567090e-03
3.059023e-05	7.189854e-03	1.786812e-01	4.897659e-03
3.517876e-05	7.776732e-03	1.954588e-01	5.252154e-03
4.045558e-05	8.405543e-03	2.140468e-01	5.632308e-03
4.652391e-05	9.079372e-03	2.338183e-01	6.039977e-03
5.350250e-05	9.801521e-03	2.555761e-01	6.477154e-03
6.152788e-05	1.057553e-02	2.785384e-01	6.945973e-03
7.075706e-05	1.140517e-02	3.026443e-01	7.448727e-03
8.137062e-05	1.229453e-02	3.296800e-01	7.987869e-03
9.357621e-05	1.324793e-02	3.579658e-01	8.566036e-03
1.076126e-04	1.427005e-02	3.886663e-01	9.186050e-03
1.237545e-04	1.536588e-02	4.189613e-01	9.850941e-03
1.423177e-04	1.654078e-02	4.538006e-01	1.056396e-02
1.636654e-04	1.780049e-02	4.921224e-01	1.132858e-02
1.882152e-04	1.915117e-02	5.297965e-01	1.214855e-02
2.164475e-04	2.059942e-02	5.715772e-01	1.302787e-02
2.489146e-04	2.215231e-02	6.114116e-01	1.397083e-02
2.862518e-04	2.381743e-02	6.572211e-01	1.498205e-02
3.291895e-04	2.560293e-02	7.067838e-01	1.606646e-02
3.785680e-04	2.751751e-02	7.545877e-01	1.722936e-02
4.353531e-04	2.957054e-02	8.074656e-01	1.847643e-02
5.006561e-04	3.177205e-02	8.597321e-01	1.981376e-02
5.757545e-04	3.413279e-02	9.141850e-01	2.124789e-02
6.621177e-04	3.666429e-02	9.694912e-01	2.278583e-02
7.614354e-04	3.937893e-02	1.024706e+00	2.443508e-02
8.756507e-04	4.228997e-02	1.084688e+00	2.620370e-02
1.006998e-03	4.541162e-02	1.142288e+00	2.810034e-02
1.158048e-03	4.875915e-02	1.196291e+00	3.013425e-02
1.331755e-03	5.234889e-02	1.251403e+00	3.231539e-02
1.531519e-03	5.619840e-02	1.314783e+00	3.465439e-02
1.761246e-03	6.032647e-02	1.369833e+00	3.716270e-02
2.025433e-03	6.475328e-02	1.426810e+00	3.985255e-02
2.329248e-03	6.950044e-02	1.475849e+00	4.273710e-02
2.678635e-03	7.459116e-02	1.524409e+00	4.583043e-02
3.080431e-03	8.005030e-02	1.580253e+00	4.914766e-02
3.542495e-03	8.590453e-02	1.624733e+00	5.270500e-02
4.073870e-03	9.218246e-02	1.670318e+00	5.651981e-02
4.684950e-03	9.891474e-02	1.710055e+00	6.061075e-02
5.387693e-03	1.061343e-01	1.749096e+00	6.499779e-02
6.195847e-03	1.138763e-01	1.782406e+00	6.970236e-02
7.125224e-03	1.221787e-01	1.809837e+00	7.470885e-02
8.194007e-03	1.310820e-01	1.839034e+00	8.014802e-02
9.423108e-03	1.406297e-01	1.861731e+00	8.596171e-02
1.083657e-02	1.508685e-01	1.882124e+00	9.218358e-02
1.246206e-02	1.618483e-01	1.894121e+00	9.885555e-02
1.433137e-02	1.736228e-01	1.907918e+00	1.060107e-01
1.648108e-02	1.862496e-01	1.920076e+00	1.136836e-01
1.895324e-02	1.997902e-01	1.923630e+00	1.219119e-01
2.179622e-02	2.143109e-01	1.925619e+00	1.307359e-01
2.506566e-02	2.298826e-01	1.919822e+00	1.401985e-01
2.882550e-02	2.465814e-01	1.913154e+00	1.503460e-01
3.314933e-02	2.644889e-01	1.903011e+00	1.612279e-01
3.812173e-02	2.836924e-01	1.885614e+00	1.728975e-01
4.383999e-02	3.042860e-01	1.864789e+00	1.854118e-01
5.041599e-02	3.263701e-01	1.838315e+00	1.988319e-01
5.797838e-02	3.500526e-01	1.807379e+00	2.132232e-01
6.667514e-02	3.754493e-01	1.771768e+00	2.286562e-01
7.667641e-02	4.026842e-01	1.731265e+00	2.452063e-01
8.817787e-02	4.318904e-01	1.685896e+00	2.629544e-01
1.014046e-01	4.632105e-01	1.636769e+00	2.819871e-01
1.166152e-01	4.967975e-01	1.586489e+00	3.023972e-01
1.341075e-01	5.328157e-01	1.531494e+00	3.242847e-01
1.542237e-01	5.714408e-01	1.468250e+00	3.477565e-01
1.773572e-01	6.128616e-01	1.408124e+00	3.729272e-01
2.039608e-01	6.572805e-01	1.342333e+00	3.999197e-01
2.345549e-01	7.049144e-01	1.281970e+00	4.288659e-01
2.697381e-01	7.559961e-01	1.218232e+00	4.599072e-01
3.101989e-01	8.107751e-01	1.144932e+00	4.931955e-01
3.567287e-01	8.695191e-01	1.081698e+00	5.288932e-01
4.102380e-01	9.325150e-01	1.013226e+00	5.671746e-01
4.717737e-01	1.000070e+00	9.501909e-01	6.082266e-01
5.425397e-01	1.072516e+00	8.852390e-01	6.522502e-01
6.239207e-01	1.150205e+00	8.240044e-01	6.994605e-01
7.175088e-01	1.233517e+00	7.695397e-01	7.500877e-01
8.251351e-01	1.322859e+00	7.091895e-01	8.043792e-01
9.489054e-01	1.418668e+00	6.563553e-01	8.626002e-01
1.091241e+00	1.521411e+00	6.043014e-01	9.250356e-01
1.254927e+00	1.631591e+00	5.623470e-01	9.919903e-01
1.443166e+00	1.749746e+00	5.140994e-01	1.063791e+00
1.659641e+00	1.876453e+00	4.692452e-01	1.140788e+00
1.908588e+00	2.044595e+00	4.412310e-01	1.223359e+00
2.194876e+00	2.239792e+00	4.090147e-01	1.311912e+00
2.524107e+00	2.455711e+00	3.719660e-01	1.390782e+00
2.902723e+00	2.694432e+00	3.293599e-01	1.379348e+00
3.338132e+00	2.961679e+00	2.903189e-01	1.365788e+00
3.838852e+00	3.249565e+00	2.638735e-01	1.351377e+00
4.414679e+00	3.572634e+00	2.367887e-01	1.337054e+00
5.076881e+00	3.926766e+00	2.136525e-01	1.323847e+00
5.838413e+00	4.311631e+00	1.925558e-01	1.312876e+00
6.714175e+00	4.740793e+00	1.737140e-01	1.305426e+00
7.721302e+00	5.187792e+00	1.567720e-01	1.302892e+00
8.879497e+00	5.695860e+00	1.397888e-01	1.306820e+00
1.021142e+01	6.268650e+00	1.252665e-01	1.318916e+00
1.174313e+01	6.882233e+00	1.139402e-01	1.341058e+00
1.350460e+01	7.558892e+00	1.028136e-01	1.375281e+00
1.553030e+01	8.178563e+00	9.001791e-02	1.423766e+00
1.785984e+01	8.794643e+00	8.102368e-02	1.488815e+00
2.053882e+01	9.351389e+00	7.175367e-02	1.572843e+00
2.361964e+01	9.850100e+00	6.504023e-02	1.678426e+00
2.716258e+01	1.035158e+01	5.842651e-02	1.808360e+00
3.123697e+01	1.072503e+01	5.082072e-02	1.965791e+00
3.592252e+01	1.106879e+01	4.569649e-02	2.154402e+00
4.131089e+01	1.135801e+01	4.027593e-02	2.378639e+00
4.750753e+01	1.157446e+01	3.597689e-02	2.643989e+00
5.463366e+01	1.177389e+01	3.179480e-02	2.957280e+00
6.282871e+01	1.188985e+01	2.818535e-02	3.327053e+00
7.225301e+01	1.195309e+01	2.539001e-02	3.764000e+00
8.309096e+01	1.195703e+01	2.228126e-02	4.281433e+00
9.555461e+01	1.193942e+01	1.988009e-02	4.896108e+00
1.098878e+02	1.189576e+01	1.763092e-02	5.629137e+00
1.263710e+02	1.177260e+01	1.596881e-02	6.502971e+00
1.453266e+02	1.129134e+01	1.405738e-02	7.575385e+00
1.671256e+02	1.094059e+01	1.226597e-02	8.959802e+00
1.921945e+02	1.052235e+01	1.092995e-02	1.062463e+01
2.210236e+02	1.005590e+01	9.635896e-03	1.264995e+01
2.541772e+02	9.566594e+00	8.706374e-03	1.511585e+01
2.923037e+02	9.071890e+00	7.637422e-03	1.813939e+01
3.361493e+02	8.572807e+00	6.661386e-03	2.186440e+01
3.865717e+02	8.086094e+00	5.919502e-03	2.647354e+01
4.445574e+02	7.604556e+00	5.186783e-03	3.220102e+01
5.112411e+02	7.125231e+00	4.575726e-03	3.934750e+01
5.879272e+02	6.651155e+00	4.045125e-03	4.829626e+01
6.761163e+02	6.184580e+00	3.586143e-03	5.954438e+01
7.775337e+02	5.730574e+00	3.177369e-03	7.373156e+01
8.941638e+02	5.292487e+00	2.781707e-03	9.168187e+01
1.028288e+03	4.872154e+00	2.447125e-03	1.144595e+02
1.182532e+03	4.470923e+00	2.202081e-03	1.434394e+02
1.359911e+03	4.090258e+00	1.957247e-03	1.803980e+02
1.563898e+03	3.732183e+00	1.675689e-03	2.276298e+02
1.798483e+03	3.396407e+00	1.492828e-03	2.880963e+02
2.068255e+03	3.083382e+00	1.299149e-03	3.656159e+02
2.378493e+03	2.793065e+00	1.167718e-03	4.651049e+02
2.735268e+03	2.525751e+00	1.034860e-03	5.928812e+02
3.145558e+03	2.281281e+00	8.820730e-04	7.570474e+02
3.617391e+03	2.059077e+00	7.863077e-04	9.679676e+02
4.160000e+03	1.857668e+00	6.815066e-04	1.238861e+03
4.784000e+03	1.675101e+00	6.019813e-04	1.586534e+03
5.501600e+03	1.510830e+00	5.247274e-04	2.032280e+03
6.326840e+03	1.364015e+00	4.582821e-04	2.602974e+03
7.275866e+03	1.232841e+00	4.088348e-04	3.332386e+03
8.367246e+03	1.115900e+00	3.525014e-04	4.262753e+03
9.622333e+03	1.012178e+00	3.112290e-04	5.446636e+03
