# Energy_MeV	dEdx_Elec_MeV_um	dEdx_Nucl_MeV_um	Range_um
1.000000e-05	9.261754e-03	5.863501e-02	2.159418e-03
1.150000e-05	9.932125e-03	6.493119e-02	2.315718e-03
1.322500e-05	1.065102e-02	7.200920e-02	2.483331e-03
1.520875e-05	1.142194e-02	8.014890e-02	2.663076e-03
1.749006e-05	1.224867e-02	8.870702e-02	2.855831e-03
2.011357e-05	1.313523e-02	9.842267e-02	3.062537e-03
2.313061e-05	1.408597e-02	1.088716e-01	3.284205e-03
2.660020e-05	1.510552e-02	1.205546e-01	3.521918e-03
3.059023e-05	1.619887e-02	1.333885e-01	3.776836e-03
3.517876e-05	1.737135e-02	1.470946e-01	4.050205e-03
4.045558e-05	1.862870e-02	1.627485e-01	4.343361e-03
4.652391e-05	1.997705e-02	1.794421e-01	4.657736e-03
5.350250e-05	2.142300e-02	1.978328e-01	4.994865e-03
6.152788e-05	2.297361e-02	2.172278e-01	5.356397e-03
7.075706e-05	2.463645e-02	2.395321e-01	5.744095e-03
8.137062e-05	2.641965e-02	2.640302e-01	6.159856e-03
9.357621e-05	2.833192e-02	2.899730e-01	6.605710e-03
1.076126e-04	3.038260e-02	3.185760e-01	7.083834e-03
1.237545e-04	3.258170e-02	3.483600e-01	7.596566e-03
1.423177e-04	3.493999e-02	3.826115e-01	8.146410e-03
1.636654e-04	3.746896e-02	4.198120e-01	8.736051e-03
1.882152e-04	4.018098e-02	4.590273e-01	9.368371e-03
2.164475e-04	4.308930e-02	5.024070e-01	1.004646e-02
2.489146e-04	4.620813e-02	5.486948e-01	1.077363e-02
2.862518e-04	4.955270e-02	5.983100e-01	1.155343e-02
3.291895e-04	5.313935e-02	6.512404e-01	1.238967e-02
3.785680e-04	5.698561e-02	7.082779e-01	1.328644e-02
4.353531e-04	6.111025e-02	7.706968e-01	1.424812e-02
5.006561e-04	6.553345e-02	8.369039e-01	1.527941e-02
5.757545e-04	7.027679e-02	9.033321e-01	1.638534e-02
6.621177e-04	3.768411e-02	9.768327e-01	1.757132e-02
7.614354e-04	4.049393e-02	1.061358e+00	1.884314e-02
8.756507e-04	4.350695e-02	1.142814e+00	2.020702e-02
1.006998e-03	4.673791e-02	1.234217e+00	2.166961e-02
1.158048e-03	5.020259e-02	1.321774e+00	2.323807e-02
1.331755e-03	5.391792e-02	1.418418e+00	2.492005e-02
1.531519e-03	5.790205e-02	1.529560e+00	2.672378e-02
1.761246e-03	6.217444e-02	1.632383e+00	2.865806e-02
2.025433e-03	6.675596e-02	1.748362e+00	3.073235e-02
2.329248e-03	7.166900e-02	1.861595e+00	3.295677e-02
2.678635e-03	7.693756e-02	1.983071e+00	3.534220e-02
3.080431e-03	8.258738e-02	2.107068e+00	3.790029e-02
3.542495e-03	8.864606e-02	2.224471e+00	4.064353e-02
4.073870e-03	9.514320e-02	2.358432e+00	4.358533e-02
4.684950e-03	1.021105e-01	2.482877e+00	4.674006e-02
5.387693e-03	1.095821e-01	2.610160e+00	5.012313e-02
6.195847e-03	1.175944e-01	2.726431e+00	5.375107e-02
7.125224e-03	1.261866e-01	2.860143e+00	5.764160e-02
8.194007e-03	1.354007e-01	2.993065e+00	6.181373e-02
9.423108e-03	1.452816e-01	3.113270e+00	6.628784e-02
1.083657e-02	1.558777e-01	3.233614e+00	7.108579e-02
1.246206e-02	1.672407e-01	3.336062e+00	7.623101e-02
1.433137e-02	1.794261e-01	3.453876e+00	8.171377e-02
1.648108e-02	1.924934e-01	3.565289e+00	8.765049e-02
1.895324e-02	2.065066e-01	3.661461e+00	9.401372e-02
2.179622e-02	2.215340e-01	3.757537e+00	1.008177e-01
2.506566e-02	2.376490e-01	3.843514e+00	1.081149e-01
2.882550e-02	2.549304e-01	3.919412e+00	1.159402e-01
3.314933e-02	2.734627e-01	3.986467e+00	1.243318e-01
3.812173e-02	2.933363e-01	4.048064e+00	1.333308e-01
4.383999e-02	3.146484e-01	4.105869e+00	1.429812e-01
5.041599e-02	3.375030e-01	4.153746e+00	1.533301e-01
5.797838e-02	3.620118e-01	4.183755e+00	1.644281e-01
6.667514e-02	3.882946e-01	4.212862e+00	1.763293e-01
7.667641e-02	4.164797e-01	4.246335e+00	1.890919e-01
8.817787e-02	4.467048e-01	4.255826e+00	2.027783e-01
1.014046e-01	4.791177e-01	4.264450e+00	2.174554e-01
1.166152e-01	5.138766e-01	4.254863e+00	2.331948e-01
1.341075e-01	5.511513e-01	4.240797e+00	2.500733e-01
1.542237e-01	5.911240e-01	4.224622e+00	2.681735e-01
1.773572e-01	6.339899e-01	4.188396e+00	2.875839e-01
2.039608e-01	6.799585e-01	4.146189e+00	3.083993e-01
2.345549e-01	7.292543e-01	4.090930e+00	3.307213e-01
2.697381e-01	7.821182e-01	4.026193e+00	3.546588e-01
3.101989e-01	8.388083e-01	3.950587e+00	3.803290e-01
3.567287e-01	8.996018e-01	3.865138e+00	4.078573e-01
4.102380e-01	9.647954e-01	3.766872e+00	4.373781e-01
4.717737e-01	1.034708e+00	3.662824e+00	4.690356e-01
5.425397e-01	1.109681e+00	3.550469e+00	5.029844e-01
6.239207e-01	1.190080e+00	3.434446e+00	5.393904e-01
7.175088e-01	1.276298e+00	3.301018e+00	5.784317e-01
8.251351e-01	1.368758e+00	3.163088e+00	6.202989e-01
9.489054e-01	1.467909e+00	3.024289e+00	6.651962e-01
1.091241e+00	1.574237e+00	2.882375e+00	7.133431e-01
1.254927e+00	1.688261e+00	2.747906e+00	7.649751e-01
1.443166e+00	1.810538e+00	2.593266e+00	8.203444e-01
1.659641e+00	1.941666e+00	2.442287e+00	8.797213e-01
1.908588e+00	2.082285e+00	2.297830e+00	9.433957e-01
2.194876e+00	2.233082e+00	2.150702e+00	1.011679e+00
2.524107e+00	2.394793e+00	2.007598e+00	1.084905e+00
2.902723e+00	2.568209e+00	1.873139e+00	1.163431e+00
3.338132e+00	2.754178e+00	1.745569e+00	1.247640e+00
3.838852e+00	2.992212e+00	1.618248e+00	1.337946e+00
4.414679e+00	3.279480e+00	1.492639e+00	1.434783e+00
5.076881e+00	3.596231e+00	1.372469e+00	1.538622e+00
5.838413e+00	3.951112e+00	1.278467e+00	1.650124e+00
6.714175e+00	4.345304e+00	1.176679e+00	1.772360e+00
7.721302e+00	4.773782e+00	1.059622e+00	1.908046e+00
8.879497e+00	5.253814e+00	9.991995e-01	2.059519e+00
1.021142e+01	5.769372e+00	9.312326e-01	2.229919e+00
1.174313e+01	6.332606e+00	8.530707e-01	2.423323e+00
1.350460e+01	6.945688e+00	7.631845e-01	2.645050e+00
1.553030e+01	7.556114e+00	6.610925e-01	2.522754e+00
1.785984e+01	8.231446e+00	6.053004e-01	2.378382e+00
2.053882e+01	8.978781e+00	5.411396e-01	2.262739e+00
2.361964e+01	9.768667e+00	4.914749e-01	2.174775e+00
2.716258e+01	1.061269e+01	4.414787e-01	2.113744e+00
3.123697e+01	1.146682e+01	3.963450e-01	2.079147e+00
3.592252e+01	1.241945e+01	3.606023e-01	2.070690e+00
4.131089e+01	1.346753e+01	3.195587e-01	2.088188e+00
4.750753e+01	1.463986e+01	2.889210e-01	2.131760e+00
5.463366e+01	1.596398e+01	2.599754e-01	2.201669e+00
6.282871e+01	1.724655e+01	2.365014e-01	2.298519e+00
7.225301e+01	1.859142e+01	2.095063e-01	2.423369e+00
8.309096e+01	1.984832e+01	1.858131e-01	2.577886e+00
9.555461e+01	2.102680e+01	1.662562e-01	2.764499e+00
1.098878e+02	2.222751e+01	1.485833e-01	2.986560e+00
1.263710e+02	2.314928e+01	1.346303e-01	3.248500e+00
1.453266e+02	2.402404e+01	1.185843e-01	3.556034e+00
1.671256e+02	2.467373e+01	1.049302e-01	3.916353e+00
1.921945e+02	2.534063e+01	9.349443e-02	4.338576e+00
2.210236e+02	2.604740e+01	8.279296e-02	4.833520e+00
2.541772e+02	2.646044e+01	7.323879e-02	5.414302e+00
2.923037e+02	2.679223e+01	6.528115e-02	6.106512e+00
3.361493e+02	2.688891e+01	5.836895e-02	6.995340e+00
3.865717e+02	2.671911e+01	5.181040e-02	8.049907e+00
4.445574e+02	2.633157e+01	4.580314e-02	9.294517e+00
5.112411e+02	2.577143e+01	4.036127e-02	1.077058e+01
5.879272e+02	2.515377e+01	3.668019e-02	1.253282e+01
6.761163e+02	2.446872e+01	3.264764e-02	1.464623e+01
7.775337e+02	2.377080e+01	2.808301e-02	1.719249e+01
8.941638e+02	2.307855e+01	2.526440e-02	2.027265e+01
1.028288e+03	2.231594e+01	2.202300e-02	2.401481e+01
1.182532e+03	2.149825e+01	2.001708e-02	2.857775e+01
1.359911e+03	2.062773e+01	1.776191e-02	3.416405e+01
1.563898e+03	1.972153e+01	1.526262e-02	4.103008e+01
1.798483e+03	1.879125e+01	1.369746e-02	4.950000e+01
2.068255e+03	1.784523e+01	1.190719e-02	5.998620e+01
2.378493e+03	1.688458e+01	1.061804e-02	7.301429e+01
2.735268e+03	1.591902e+01	9.338987e-03	8.925551e+01
3.145558e+03	1.495498e+01	8.223112e-03	1.095682e+02
3.617391e+03	1.399631e+01	7.360721e-03	1.350515e+02
4.160000e+03	1.305542e+01	6.390678e-03	1.671138e+02
4.784000e+03	1.214214e+01	5.684807e-03	2.075612e+02
5.501600e+03	1.126050e+01	5.045137e-03	2.587090e+02
6.326840e+03	1.041394e+01	4.528610e-03	3.235249e+02
7.275866e+03	9.607526e+00	3.934605e-03	4.058085e+02
8.367246e+03	8.846062e+00	3.439422e-03	5.104170e+02
9.622333e+03	8.128645e+00	3.030815e-03	6.435471e+02
