# Energy_MeV	dEdx_Elec_MeV_um	dEdx_Nucl_MeV_um	Range_um
1.000000e-05	3.886244e-03	8.964220e-02	2.826953e-03
1.150000e-05	4.243817e-03	9.908232e-02	3.031569e-03
1.322500e-05	4.625968e-03	1.086950e-01	3.250996e-03
1.520875e-05	5.034623e-03	1.196751e-01	3.486304e-03
1.749006e-05	5.471824e-03	1.308108e-01	3.738645e-03
2.011357e-05	5.939746e-03	1.434167e-01	4.009250e-03
2.313061e-05	6.440705e-03	1.579134e-01	4.299442e-03
2.660020e-05	6.977174e-03	1.723720e-01	4.610638e-03
3.059023e-05	7.551796e-03	1.889696e-01	4.944358e-03
3.517876e-05	8.167394e-03	2.061413e-01	5.302233e-03
4.045558e-05	8.826991e-03	2.251187e-01	5.686012e-03
4.652391e-05	9.533821e-03	2.455546e-01	6.097568e-03
5.350250e-05	1.029135e-02	2.665465e-01	6.538913e-03
6.152788e-05	1.110328e-02	2.906872e-01	7.012204e-03
7.075706e-05	1.197359e-02	3.151499e-01	7.519751e-03
8.137062e-05	1.290654e-02	3.414189e-01	8.064034e-03
9.357621e-05	1.390668e-02	3.684699e-01	8.647713e-03
1.076126e-04	1.497892e-02	3.995785e-01	9.273639e-03
1.237545e-04	1.612849e-02	4.321610e-01	9.944870e-03
1.423177e-04	1.736101e-02	4.658009e-01	1.066469e-02
1.636654e-04	1.868251e-02	5.011465e-01	1.143660e-02
1.882152e-04	2.009944e-02	5.367153e-01	1.226439e-02
2.164475e-04	2.161872e-02	5.776195e-01	1.315209e-02
2.489146e-04	2.324779e-02	6.194008e-01	1.410405e-02
2.862518e-04	2.499460e-02	6.620857e-01	1.512490e-02
3.291895e-04	2.686769e-02	7.071631e-01	1.621965e-02
3.785680e-04	2.887620e-02	7.538328e-01	1.739364e-02
4.353531e-04	3.102996e-02	8.005456e-01	1.865260e-02
5.006561e-04	3.333948e-02	8.475470e-01	2.000269e-02
5.757545e-04	3.581604e-02	8.968496e-01	2.145049e-02
6.621177e-04	3.847176e-02	9.474149e-01	2.300309e-02
7.614354e-04	4.131959e-02	9.988464e-01	2.466806e-02
8.756507e-04	4.437346e-02	1.043203e+00	2.645355e-02
1.006998e-03	4.764829e-02	1.092414e+00	2.836827e-02
1.158048e-03	5.116006e-02	1.149006e+00	3.042158e-02
1.331755e-03	5.492595e-02	1.193305e+00	3.262352e-02
1.531519e-03	5.896434e-02	1.244181e+00	3.498482e-02
1.761246e-03	6.329497e-02	1.283081e+00	3.751704e-02
2.025433e-03	6.793900e-02	1.326441e+00	4.023255e-02
2.329248e-03	7.291910e-02	1.375541e+00	4.314460e-02
2.678635e-03	7.825962e-02	1.410936e+00	4.626743e-02
3.080431e-03	8.398663e-02	1.451640e+00	4.961629e-02
3.542495e-03	9.012813e-02	1.483579e+00	5.320754e-02
4.073870e-03	9.671411e-02	1.515767e+00	5.705873e-02
4.684950e-03	1.037767e-01	1.544676e+00	6.118867e-02
5.387693e-03	1.113505e-01	1.567346e+00	6.561754e-02
6.195847e-03	1.194725e-01	1.593191e+00	7.036145e-02
7.125224e-03	1.281823e-01	1.610812e+00	7.546269e-02
8.194007e-03	1.375225e-01	1.626256e+00	8.092327e-02
9.423108e-03	1.475387e-01	1.636969e+00	8.678131e-02
1.083657e-02	1.582799e-01	1.649288e+00	9.306222e-02
1.246206e-02	1.697985e-01	1.657303e+00	9.979798e-02
1.433137e-02	1.821507e-01	1.660477e+00	1.070213e-01
1.648108e-02	1.953971e-01	1.660207e+00	1.147674e-01
1.895324e-02	2.096022e-01	1.655030e+00	1.230742e-01
2.179622e-02	2.248354e-01	1.649077e+00	1.319822e-01
2.506566e-02	2.411712e-01	1.638370e+00	1.415350e-01
2.882550e-02	2.586894e-01	1.622836e+00	1.517793e-01
3.314933e-02	2.774756e-01	1.603569e+00	1.627650e-01
3.812173e-02	2.976215e-01	1.579930e+00	1.745459e-01
4.383999e-02	3.192256e-01	1.552154e+00	1.871794e-01
5.041599e-02	3.423933e-01	1.520493e+00	2.007275e-01
5.797838e-02	3.672380e-01	1.484328e+00	2.152561e-01
6.667514e-02	3.938809e-01	1.444673e+00	2.308364e-01
7.667641e-02	4.224522e-01	1.400806e+00	2.475442e-01
8.817787e-02	4.530915e-01	1.357728e+00	2.654614e-01
1.014046e-01	4.859485e-01	1.308622e+00	2.846756e-01
1.166152e-01	5.211837e-01	1.252753e+00	3.052805e-01
1.341075e-01	5.589693e-01	1.201669e+00	3.273767e-01
1.542237e-01	5.994898e-01	1.142924e+00	3.510721e-01
1.773572e-01	6.429431e-01	1.093240e+00	3.764828e-01
2.039608e-01	6.895416e-01	1.036327e+00	4.037327e-01
2.345549e-01	7.395130e-01	9.726646e-01	4.329551e-01
2.697381e-01	7.931013e-01	9.194993e-01	4.642924e-01
3.101989e-01	8.505683e-01	8.588348e-01	4.978978e-01
3.567287e-01	9.121949e-01	8.061673e-01	5.339358e-01
4.102380e-01	9.782820e-01	7.514543e-01	5.725824e-01
4.717737e-01	1.049152e+00	6.986687e-01	6.140261e-01
5.425397e-01	1.125153e+00	6.518098e-01	6.584694e-01
6.239207e-01	1.206654e+00	5.990656e-01	7.061294e-01
7.175088e-01	1.294054e+00	5.548385e-01	7.572395e-01
8.251351e-01	1.387780e+00	5.129435e-01	8.120489e-01
9.489054e-01	1.488290e+00	4.754817e-01	8.708253e-01
1.091241e+00	1.596075e+00	4.324006e-01	9.338556e-01
1.254927e+00	1.711662e+00	3.992222e-01	1.001448e+00
1.443166e+00	1.843197e+00	3.742079e-01	1.073935e+00
1.659641e+00	2.013247e+00	3.454414e-01	1.151661e+00
1.908588e+00	2.202687e+00	3.123599e-01	1.182790e+00
2.194876e+00	2.416526e+00	2.743162e-01	1.181760e+00
2.524107e+00	2.647788e+00	2.451647e-01	1.177560e+00
2.902723e+00	2.907142e+00	2.215512e-01	1.172134e+00
3.338132e+00	3.191701e+00	1.996453e-01	1.166145e+00
3.838852e+00	3.502908e+00	1.789866e-01	1.160436e+00
4.414679e+00	3.851701e+00	1.617374e-01	1.155930e+00
5.076881e+00	4.220967e+00	1.464710e-01	1.153678e+00
5.838413e+00	4.630425e+00	1.313431e-01	1.154857e+00
6.714175e+00	5.075159e+00	1.176875e-01	1.160800e+00
7.721302e+00	5.569688e+00	1.047203e-01	1.173012e+00
8.879497e+00	6.124237e+00	9.606849e-02	1.193182e+00
1.021142e+01	6.678542e+00	8.613329e-02	1.223178e+00
1.174313e+01	7.237852e+00	7.523980e-02	1.265043e+00
1.350460e+01	7.775822e+00	6.804210e-02	1.320973e+00
1.553030e+01	8.215850e+00	5.992106e-02	1.393311e+00
1.785984e+01	8.650234e+00	5.478583e-02	1.484561e+00
2.053882e+01	9.011070e+00	4.888032e-02	1.597418e+00
2.361964e+01	9.336790e+00	4.254516e-02	1.734870e+00
2.716258e+01	9.616522e+00	3.833636e-02	1.900342e+00
3.123697e+01	9.810415e+00	3.364608e-02	2.097896e+00
3.592252e+01	9.988499e+00	3.012979e-02	2.332484e+00
4.131089e+01	1.010465e+01	2.670633e-02	2.610230e+00
4.750753e+01	1.018320e+01	2.369485e-02	2.938776e+00
5.463366e+01	1.022726e+01	2.128106e-02	3.327685e+00
6.282871e+01	1.018669e+01	1.863644e-02	3.788936e+00
7.225301e+01	1.012651e+01	1.663362e-02	4.337570e+00
8.309096e+01	1.004475e+01	1.487746e-02	4.991988e+00
9.555461e+01	9.914276e+00	1.339333e-02	5.777733e+00
1.098878e+02	9.740113e+00	1.168658e-02	6.716774e+00
1.263710e+02	9.423853e+00	1.031425e-02	7.909344e+00
1.453266e+02	9.060753e+00	9.121295e-03	9.420491e+00
1.671256e+02	8.657615e+00	8.126790e-03	1.123553e+01
1.921945e+02	8.217827e+00	7.296802e-03	1.345899e+01
2.210236e+02	7.776293e+00	6.342317e-03	1.618554e+01
2.541772e+02	7.330129e+00	5.598171e-03	1.954822e+01
2.923037e+02	6.888463e+00	4.935730e-03	2.371671e+01
3.361493e+02	6.462230e+00	4.352215e-03	2.890381e+01
3.865717e+02	6.039554e+00	3.807931e-03	3.538660e+01
4.445574e+02	5.624366e+00	3.379009e-03	4.351823e+01
5.112411e+02	5.217363e+00	3.011878e-03	5.375407e+01
5.879272e+02	4.822433e+00	2.646877e-03	6.668450e+01
6.761163e+02	4.442383e+00	2.332742e-03	8.306975e+01
7.775337e+02	4.079786e+00	2.040794e-03	1.038918e+02
8.941638e+02	3.735134e+00	1.850693e-03	1.304202e+02
1.028288e+03	3.409631e+00	1.632077e-03	1.642964e+02
1.182532e+03	3.103926e+00	1.399431e-03	2.076415e+02
1.359911e+03	2.819269e+00	1.249049e-03	2.631948e+02
1.563898e+03	2.554704e+00	1.083934e-03	3.344897e+02
1.798483e+03	2.310136e+00	9.807759e-04	4.260774e+02
2.068255e+03	2.085229e+00	8.621445e-04	5.438108e+02
2.378493e+03	1.879836e+00	7.387166e-04	6.952006e+02
2.735268e+03	1.693567e+00	6.573437e-04	8.898620e+02
3.145558e+03	1.525567e+00	5.686555e-04	1.140072e+03
3.617391e+03	1.373838e+00	5.021634e-04	1.461461e+03
4.160000e+03	1.237010e+00	4.393675e-04	1.873866e+03
4.784000e+03	1.114813e+00	3.851506e-04	2.402368e+03
5.501600e+03	1.006027e+00	3.414106e-04	3.078566e+03
6.326840e+03	9.089963e-01	2.946346e-04	3.942088e+03
7.275866e+03	8.228216e-01	2.594005e-04	5.042405e+03
8.367246e+03	7.466599e-01	2.297218e-04	6.440949e+03
9.622333e+03	6.792962e-01	2.042639e-04	8.213585e+03
