# Energy_MeV	dEdx_Elec_MeV_um	dEdx_Nucl_MeV_um	Range_um
1.000000e-05	1.034564e-02	6.395381e-02	1.933182e-03
1.150000e-05	1.109446e-02	7.079555e-02	2.073106e-03
1.322500e-05	1.189749e-02	7.866355e-02	2.223159e-03
1.520875e-05	1.275863e-02	8.735122e-02	2.384072e-03
1.749006e-05	1.368211e-02	9.674257e-02	2.556633e-03
2.011357e-05	1.467243e-02	1.072459e-01	2.741683e-03
2.313061e-05	1.573442e-02	1.186892e-01	2.940128e-03
2.660020e-05	1.687329e-02	1.312829e-01	3.152936e-03
3.059023e-05	1.809459e-02	1.450505e-01	3.381147e-03
3.517876e-05	1.940428e-02	1.601820e-01	3.625876e-03
4.045558e-05	2.080878e-02	1.770103e-01	3.888319e-03
4.652391e-05	2.231493e-02	1.953357e-01	4.169757e-03
5.350250e-05	2.393009e-02	2.145728e-01	4.471567e-03
6.152788e-05	2.566217e-02	2.361326e-01	4.795221e-03
7.075706e-05	2.751961e-02	2.609263e-01	5.142301e-03
8.137062e-05	2.951149e-02	2.864018e-01	5.514504e-03
9.357621e-05	3.164755e-02	3.152402e-01	5.913647e-03
1.076126e-04	3.393821e-02	3.447805e-01	6.341680e-03
1.237545e-04	3.639468e-02	3.778887e-01	6.800694e-03
1.423177e-04	3.902895e-02	4.159631e-01	7.292932e-03
1.636654e-04	4.185388e-02	4.543263e-01	7.820798e-03
1.882152e-04	4.488329e-02	4.979185e-01	8.386871e-03
2.164475e-04	4.813196e-02	5.433777e-01	8.993917e-03
2.489146e-04	5.161578e-02	5.935558e-01	9.644902e-03
2.862518e-04	5.535176e-02	6.474063e-01	1.034301e-02
3.291895e-04	5.935815e-02	7.028091e-01	1.109164e-02
3.785680e-04	6.365452e-02	7.662127e-01	1.189446e-02
4.353531e-04	6.826187e-02	8.310531e-01	1.275538e-02
5.006561e-04	7.320270e-02	9.008980e-01	1.367862e-02
5.757545e-04	7.850115e-02	9.719452e-01	1.466869e-02
6.621177e-04	8.418311e-02	1.053650e+00	1.573042e-02
7.614354e-04	9.027632e-02	1.140442e+00	1.686899e-02
8.756507e-04	9.681057e-02	1.228795e+00	1.808998e-02
1.006998e-03	1.038178e-01	1.323087e+00	1.939934e-02
1.158048e-03	1.113322e-01	1.416505e+00	2.080348e-02
1.331755e-03	1.193904e-01	1.523937e+00	2.230924e-02
1.531519e-03	1.280320e-01	1.635513e+00	2.392400e-02
1.761246e-03	1.372990e-01	1.747622e+00	2.565563e-02
2.025433e-03	1.472368e-01	1.867605e+00	2.751260e-02
2.329248e-03	7.896219e-02	1.990180e+00	2.950398e-02
2.678635e-03	8.477771e-02	2.114288e+00	3.163949e-02
3.080431e-03	9.101405e-02	2.239506e+00	3.392957e-02
3.542495e-03	9.770167e-02	2.368996e+00	3.638541e-02
4.073870e-03	1.048732e-01	2.504029e+00	3.901901e-02
4.684950e-03	1.125638e-01	2.639110e+00	4.184322e-02
5.387693e-03	1.208109e-01	2.758485e+00	4.487186e-02
6.195847e-03	1.296549e-01	2.887733e+00	4.811971e-02
7.125224e-03	1.391390e-01	3.036369e+00	5.160264e-02
8.194007e-03	1.493094e-01	3.156331e+00	5.533766e-02
9.423108e-03	1.602159e-01	3.289952e+00	5.934303e-02
1.083657e-02	1.719117e-01	3.395757e+00	6.363831e-02
1.246206e-02	1.844541e-01	3.509639e+00	6.821258e-02
1.433137e-02	1.979042e-01	3.640603e+00	7.317202e-02
1.648108e-02	2.123279e-01	3.735343e+00	7.848337e-02
1.895324e-02	2.277954e-01	3.842249e+00	8.416355e-02
2.179622e-02	2.443825e-01	3.928770e+00	9.025522e-02
2.506566e-02	2.621701e-01	4.015299e+00	9.678790e-02
2.882550e-02	2.812451e-01	4.093204e+00	1.037933e-01
3.314933e-02	3.017008e-01	4.152745e+00	1.113057e-01
3.812173e-02	3.236370e-01	4.221217e+00	1.193619e-01
4.383999e-02	3.471610e-01	4.269040e+00	1.280013e-01
5.041599e-02	3.723876e-01	4.311663e+00	1.372660e-01
5.797838e-02	3.994401e-01	4.339798e+00	1.472012e-01
6.667514e-02	4.284507e-01	4.372154e+00	1.578556e-01
7.667641e-02	4.595610e-01	4.395319e+00	1.692811e-01
8.817787e-02	4.929231e-01	4.403655e+00	1.815336e-01
1.014046e-01	5.286999e-01	4.404468e+00	1.946730e-01
1.166152e-01	5.670663e-01	4.390872e+00	2.087634e-01
1.341075e-01	6.082096e-01	4.375236e+00	2.238736e-01
1.542237e-01	6.523309e-01	4.348343e+00	2.400776e-01
1.773572e-01	6.996457e-01	4.307545e+00	2.574544e-01
2.039608e-01	7.503852e-01	4.257440e+00	2.760890e-01
2.345549e-01	8.047972e-01	4.195355e+00	2.960723e-01
2.697381e-01	8.631475e-01	4.122518e+00	3.175019e-01
3.101989e-01	9.257213e-01	4.039261e+00	3.404828e-01
3.567287e-01	9.928241e-01	3.944274e+00	3.651271e-01
4.102380e-01	1.064784e+00	3.839487e+00	3.915550e-01
4.717737e-01	1.141952e+00	3.724274e+00	4.198957e-01
5.425397e-01	1.224706e+00	3.609781e+00	4.502878e-01
6.239207e-01	1.313450e+00	3.480807e+00	4.828799e-01
7.175088e-01	1.408616e+00	3.332488e+00	5.178309e-01
8.251351e-01	1.510671e+00	3.197519e+00	5.553115e-01
9.489054e-01	1.620113e+00	3.043228e+00	5.955050e-01
1.091241e+00	1.737476e+00	2.909600e+00	6.386079e-01
1.254927e+00	1.863335e+00	2.760122e+00	6.848307e-01
1.443166e+00	1.998302e+00	2.589134e+00	7.343990e-01
1.659641e+00	2.143039e+00	2.449499e+00	7.875549e-01
1.908588e+00	2.298252e+00	2.288920e+00	8.445582e-01
2.194876e+00	2.464699e+00	2.148796e+00	9.056878e-01
2.524107e+00	2.643194e+00	2.002653e+00	9.712421e-01
2.902723e+00	2.834608e+00	1.861288e+00	1.041540e+00
3.338132e+00	3.081070e+00	1.738216e+00	1.116929e+00
3.838852e+00	3.375258e+00	1.596685e+00	1.197771e+00
4.414679e+00	3.699257e+00	1.480483e+00	1.284449e+00
5.076881e+00	4.060238e+00	1.367037e+00	1.377572e+00
5.838413e+00	4.460842e+00	1.268647e+00	1.479759e+00
6.714175e+00	4.893136e+00	1.155498e+00	1.593207e+00
7.721302e+00	5.376726e+00	1.063242e+00	1.719900e+00
8.879497e+00	5.897577e+00	9.975441e-01	1.862472e+00
1.021142e+01	6.463996e+00	9.219912e-01	2.024356e+00
1.174313e+01	7.083308e+00	8.351053e-01	2.210034e+00
1.350460e+01	7.693176e+00	7.351866e-01	2.248939e+00
1.553030e+01	8.370942e+00	6.543739e-01	2.105401e+00
1.785984e+01	9.122203e+00	5.923547e-01	1.990297e+00
2.053882e+01	9.910020e+00	5.331249e-01	1.901882e+00
2.361964e+01	1.075680e+01	4.788665e-01	1.838810e+00
2.716258e+01	1.159800e+01	4.323807e-01	1.800070e+00
3.123697e+01	1.253612e+01	3.911254e-01	1.784916e+00
3.592252e+01	1.356395e+01	3.513933e-01	1.792792e+00
4.131089e+01	1.472499e+01	3.144049e-01	1.823409e+00
4.750753e+01	1.604740e+01	2.803476e-01	1.876708e+00
5.463366e+01	1.735962e+01	2.565365e-01	1.952938e+00
6.282871e+01	1.873901e+01	2.304425e-01	2.052767e+00
7.225301e+01	2.006334e+01	2.008155e-01	2.177398e+00
8.309096e+01	2.129779e+01	1.819113e-01	2.328686e+00
9.555461e+01	2.256039e+01	1.601715e-01	2.509260e+00
1.098878e+02	2.355344e+01	1.463389e-01	2.722654e+00
1.263710e+02	2.447450e+01	1.308285e-01	2.973435e+00
1.453266e+02	2.517968e+01	1.135773e-01	3.267389e+00
1.671256e+02	2.589904e+01	1.025233e-01	3.611855e+00
1.921945e+02	2.664871e+01	8.985318e-02	4.015628e+00
2.210236e+02	2.710002e+01	8.061792e-02	4.488757e+00
2.541772e+02	2.811867e+01	7.139516e-02	5.054423e+00
2.923037e+02	2.827305e+01	6.326719e-02	5.780984e+00
3.361493e+02	2.814309e+01	5.692757e-02	6.638483e+00
3.865717e+02	2.777592e+01	4.977890e-02	7.650550e+00
4.445574e+02	2.723013e+01	4.451867e-02	8.848875e+00
5.112411e+02	2.661947e+01	3.971858e-02	1.027767e+01
5.879272e+02	2.593690e+01	3.582063e-02	1.198894e+01
6.761163e+02	2.524412e+01	3.133798e-02	1.404770e+01
7.775337e+02	2.454969e+01	2.756455e-02	1.653460e+01
8.941638e+02	2.377896e+01	2.443135e-02	1.955149e+01
1.028288e+03	2.294634e+01	2.169956e-02	2.322451e+01
1.182532e+03	2.205497e+01	1.951966e-02	2.771449e+01
1.359911e+03	2.112257e+01	1.701279e-02	3.322453e+01
1.563898e+03	2.016189e+01	1.496355e-02	4.001116e+01
1.798483e+03	1.918069e+01	1.322370e-02	4.840032e+01
2.068255e+03	1.818032e+01	1.163850e-02	5.880696e+01
2.378493e+03	1.717044e+01	1.020546e-02	7.176037e+01
2.735268e+03	1.615936e+01	9.048067e-03	8.793669e+01
3.145558e+03	1.515294e+01	8.052046e-03	1.082008e+02
3.617391e+03	1.416146e+01	7.093400e-03	1.336602e+02
4.160000e+03	1.319351e+01	6.239208e-03	1.657335e+02
4.784000e+03	1.225600e+01	5.454553e-03	2.062385e+02
5.501600e+03	1.135444e+01	4.946717e-03	2.575036e+02
6.326840e+03	1.049321e+01	4.372539e-03	3.225084e+02
7.275866e+03	9.677267e+00	3.737953e-03	4.050605e+02
8.367246e+03	8.905958e+00	3.342985e-03	5.100161e+02
9.622333e+03	8.182133e+00	2.892933e-03	6.435522e+02
