# Energy_MeV	dEdx_Elec_MeV_um	dEdx_Nucl_MeV_um	Range_um
1.000000e-05	9.683634e-03	8.538846e-02	2.065340e-03
1.150000e-05	1.038454e-02	9.417617e-02	2.214831e-03
1.322500e-05	1.113618e-02	1.041834e-01	2.375141e-03
1.520875e-05	1.194222e-02	1.148895e-01	2.547055e-03
1.749006e-05	1.280661e-02	1.266977e-01	2.731413e-03
2.011357e-05	1.373356e-02	1.390964e-01	2.929114e-03
2.313061e-05	1.472760e-02	1.533551e-01	3.141124e-03
2.660020e-05	1.579359e-02	1.690910e-01	3.368481e-03
3.059023e-05	1.693674e-02	1.856757e-01	3.612293e-03
3.517876e-05	1.816263e-02	2.040570e-01	3.873753e-03
4.045558e-05	1.947725e-02	2.230972e-01	4.154137e-03
4.652391e-05	2.088702e-02	2.449935e-01	4.454816e-03
5.350250e-05	2.239883e-02	2.689023e-01	4.777258e-03
6.152788e-05	1.201118e-02	2.939718e-01	5.123038e-03
7.075706e-05	1.298555e-02	3.218211e-01	5.493846e-03
8.137062e-05	1.402964e-02	3.514119e-01	5.891494e-03
9.357621e-05	1.514856e-02	3.832397e-01	6.317923e-03
1.076126e-04	1.634778e-02	4.172232e-01	6.775218e-03
1.237545e-04	1.763319e-02	4.536860e-01	7.265612e-03
1.423177e-04	1.901107e-02	4.937827e-01	7.791501e-03
1.636654e-04	2.048815e-02	5.361074e-01	8.355453e-03
1.882152e-04	2.207167e-02	5.788525e-01	8.960226e-03
2.164475e-04	2.376936e-02	6.258398e-01	9.608772e-03
2.489146e-04	2.558953e-02	6.798752e-01	1.030426e-02
2.862518e-04	2.754107e-02	7.323467e-01	1.105009e-02
3.291895e-04	2.963352e-02	7.907789e-01	1.184990e-02
3.785680e-04	3.187710e-02	8.472300e-01	1.270760e-02
4.353531e-04	3.428277e-02	9.090127e-01	1.362738e-02
5.006561e-04	3.686230e-02	9.800628e-01	1.461374e-02
5.757545e-04	3.962829e-02	1.046399e+00	1.567149e-02
6.621177e-04	4.259424e-02	1.120542e+00	1.680580e-02
7.614354e-04	4.577466e-02	1.193450e+00	1.802221e-02
8.756507e-04	4.918508e-02	1.271573e+00	1.932667e-02
1.006998e-03	5.284216e-02	1.350842e+00	2.072555e-02
1.158048e-03	5.676377e-02	1.426476e+00	2.222567e-02
1.331755e-03	6.096907e-02	1.512114e+00	2.383438e-02
1.531519e-03	6.547860e-02	1.592399e+00	2.555952e-02
1.761246e-03	7.031440e-02	1.674710e+00	2.740954e-02
2.025433e-03	7.550008e-02	1.749040e+00	2.939345e-02
2.329248e-03	8.106099e-02	1.834519e+00	3.152097e-02
2.678635e-03	8.702430e-02	1.920678e+00	3.380247e-02
3.080431e-03	9.341912e-02	1.997522e+00	3.624911e-02
3.542495e-03	1.002767e-01	2.075647e+00	3.887284e-02
4.073870e-03	1.076306e-01	2.141140e+00	4.168648e-02
4.684950e-03	1.155166e-01	2.216456e+00	4.470377e-02
5.387693e-03	1.239734e-01	2.288920e+00	4.793945e-02
6.195847e-03	1.330422e-01	2.350401e+00	5.140933e-02
7.125224e-03	1.427674e-01	2.412684e+00	5.510380e-02
8.194007e-03	1.531964e-01	2.467647e+00	5.911130e-02
9.423108e-03	1.643802e-01	2.516819e+00	6.340166e-02
1.083657e-02	1.763734e-01	2.560334e+00	6.799038e-02
1.246206e-02	1.892347e-01	2.599711e+00	7.291143e-02
1.433137e-02	2.030268e-01	2.637365e+00	7.818876e-02
1.648108e-02	2.178171e-01	2.667972e+00	8.384797e-02
1.895324e-02	2.336780e-01	2.687830e+00	8.991680e-02
2.179622e-02	2.506868e-01	2.706437e+00	9.642490e-02
2.506566e-02	2.689267e-01	2.727836e+00	1.034041e-01
2.882550e-02	2.884868e-01	2.734596e+00	1.108884e-01
3.314933e-02	3.094626e-01	2.740109e+00	1.189145e-01
3.812173e-02	3.319567e-01	2.734480e+00	1.275214e-01
4.383999e-02	3.560788e-01	2.725488e+00	1.367514e-01
5.041599e-02	3.819469e-01	2.715147e+00	1.466494e-01
5.797838e-02	4.096873e-01	2.692391e+00	1.572639e-01
6.667514e-02	4.394356e-01	2.665409e+00	1.686466e-01
7.667641e-02	4.713370e-01	2.630247e+00	1.808532e-01
8.817787e-02	5.055475e-01	2.588899e+00	1.939434e-01
1.014046e-01	5.422341e-01	2.540555e+00	2.079810e-01
1.166152e-01	5.815761e-01	2.485907e+00	2.230347e-01
1.341075e-01	6.237656e-01	2.423088e+00	2.391779e-01
1.542237e-01	6.690089e-01	2.356364e+00	2.564895e-01
1.773572e-01	7.175269e-01	2.284095e+00	2.750543e-01
2.039608e-01	7.695566e-01	2.209923e+00	2.949629e-01
2.345549e-01	8.253522e-01	2.124626e+00	3.163123e-01
2.697381e-01	8.851864e-01	2.035668e+00	3.392069e-01
3.101989e-01	9.493514e-01	1.946937e+00	3.637588e-01
3.567287e-01	1.018161e+00	1.855187e+00	3.900878e-01
4.102380e-01	1.091950e+00	1.769224e+00	4.183225e-01
4.717737e-01	1.171081e+00	1.670366e+00	4.486007e-01
5.425397e-01	1.255939e+00	1.572608e+00	4.810705e-01
6.239207e-01	1.346939e+00	1.480260e+00	5.158906e-01
7.175088e-01	1.444526e+00	1.385206e+00	5.532310e-01
8.251351e-01	1.549176e+00	1.293723e+00	5.932741e-01
9.489054e-01	1.661401e+00	1.206965e+00	6.362153e-01
1.091241e+00	1.781749e+00	1.124519e+00	6.822647e-01
1.254927e+00	1.910808e+00	1.043125e+00	7.316474e-01
1.443166e+00	2.049208e+00	9.618283e-01	7.846045e-01
1.659641e+00	2.197625e+00	8.850063e-01	8.413940e-01
1.908588e+00	2.386898e+00	8.237944e-01	9.022955e-01
2.194876e+00	2.611197e+00	7.587235e-01	9.676034e-01
2.524107e+00	2.858297e+00	6.838920e-01	1.037622e+00
2.902723e+00	3.132979e+00	6.435888e-01	1.112866e+00
3.338132e+00	3.437841e+00	6.001391e-01	1.195469e+00
3.838852e+00	3.765857e+00	5.501720e-01	1.287181e+00
4.414679e+00	4.132698e+00	4.927097e-01	1.295343e+00
5.076881e+00	4.529136e+00	4.266282e-01	1.252219e+00
5.838413e+00	4.963433e+00	3.903856e-01	1.213032e+00
6.714175e+00	5.443049e+00	3.493690e-01	1.178752e+00
7.721302e+00	5.929858e+00	3.170638e-01	1.150358e+00
8.879497e+00	6.477417e+00	2.847149e-01	1.128856e+00
1.021142e+01	7.094358e+00	2.554820e-01	1.115279e+00
1.174313e+01	7.768302e+00	2.326325e-01	1.110729e+00
1.350460e+01	8.517643e+00	2.063556e-01	1.116357e+00
1.553030e+01	9.339406e+00	1.864402e-01	1.133340e+00
1.785984e+01	1.023166e+01	1.675795e-01	1.162874e+00
2.053882e+01	1.113310e+01	1.525731e-01	1.206176e+00
2.361964e+01	1.203214e+01	1.353158e-01	1.264501e+00
2.716258e+01	1.298586e+01	1.198362e-01	1.339194e+00
3.123697e+01	1.374690e+01	1.073339e-01	1.431768e+00
3.592252e+01	1.450696e+01	9.578831e-02	1.544016e+00
4.131089e+01	1.516319e+01	8.686846e-02	1.678152e+00
4.750753e+01	1.572658e+01	7.661064e-02	1.836960e+00
5.463366e+01	1.627555e+01	6.768119e-02	2.023951e+00
6.282871e+01	1.665374e+01	6.037054e-02	2.243549e+00
7.225301e+01	1.697064e+01	5.341416e-02	2.501299e+00
8.309096e+01	1.716036e+01	4.730639e-02	2.804094e+00
9.555461e+01	1.733507e+01	4.214344e-02	3.160605e+00
1.098878e+02	1.749761e+01	3.765300e-02	3.581386e+00
1.263710e+02	1.749992e+01	3.346027e-02	4.078525e+00
1.453266e+02	1.770098e+01	2.955351e-02	4.678276e+00
1.671256e+02	1.744617e+01	2.607464e-02	5.449411e+00
1.921945e+02	1.704809e+01	2.365992e-02	6.370526e+00
2.210236e+02	1.654148e+01	2.108199e-02	7.473905e+00
2.541772e+02	1.596159e+01	1.811738e-02	8.799467e+00
2.923037e+02	1.535818e+01	1.630663e-02	1.040312e+01
3.361493e+02	1.472771e+01	1.423447e-02	1.235234e+01
3.865717e+02	1.410093e+01	1.291287e-02	1.473249e+01
4.445574e+02	1.347580e+01	1.147119e-02	1.765122e+01
5.112411e+02	1.282815e+01	9.842387e-03	2.124604e+01
5.879272e+02	1.216570e+01	8.841818e-03	2.568999e+01
6.761163e+02	1.149114e+01	7.691163e-03	3.120598e+01
7.775337e+02	1.081448e+01	6.855960e-03	3.807892e+01
8.941638e+02	1.014251e+01	6.027021e-03	4.667310e+01
1.028288e+03	9.479748e+00	5.303252e-03	5.745624e+01
1.182532e+03	8.828635e+00	4.751945e-03	7.102977e+01
1.359911e+03	8.194111e+00	4.122267e-03	8.816778e+01
1.563898e+03	7.579977e+00	3.671020e-03	1.098672e+02
1.798483e+03	6.987350e+00	3.253433e-03	1.374123e+02
2.068255e+03	6.421636e+00	2.923229e-03	1.724576e+02
2.378493e+03	5.886345e+00	2.543495e-03	2.171330e+02
2.735268e+03	5.383672e+00	2.219214e-03	2.741780e+02
3.145558e+03	4.913752e+00	1.958001e-03	3.471107e+02
3.617391e+03	4.474799e+00	1.726721e-03	4.404402e+02
4.160000e+03	4.068325e+00	1.547537e-03	5.599309e+02
4.784000e+03	3.695818e+00	1.341475e-03	7.129308e+02
5.501600e+03	3.355352e+00	1.170285e-03	9.087730e+02
6.326840e+03	3.044659e+00	1.028941e-03	1.159265e+03
7.275866e+03	2.764187e+00	8.986098e-04	1.479277e+03
8.367246e+03	2.512706e+00	7.831137e-04	1.887441e+03
9.622333e+03	2.286758e+00	6.896323e-04	2.406979e+03
