# Energy_MeV	dEdx_Elec_MeV_um	dEdx_Nucl_MeV_um	Range_um
1.000000e-05	1.027403e-02	5.826156e-02	1.946656e-03
1.150000e-05	1.101767e-02	6.474324e-02	2.087556e-03
1.322500e-05	1.181513e-02	7.183548e-02	2.238654e-03
1.520875e-05	1.267032e-02	7.957901e-02	2.400689e-03
1.749006e-05	1.358740e-02	8.848406e-02	2.574452e-03
2.011357e-05	1.457087e-02	9.812566e-02	2.760792e-03
2.313061e-05	1.562552e-02	1.087548e-01	2.960620e-03
2.660020e-05	1.675650e-02	1.204569e-01	3.174911e-03
3.059023e-05	1.796934e-02	1.334086e-01	3.404713e-03
3.517876e-05	1.926997e-02	1.475064e-01	3.651148e-03
4.045558e-05	2.066474e-02	1.628497e-01	3.915420e-03
4.652391e-05	2.216047e-02	1.799756e-01	4.198820e-03
5.350250e-05	2.376446e-02	1.987034e-01	4.502733e-03
6.152788e-05	2.548454e-02	2.194442e-01	4.828643e-03
7.075706e-05	2.732912e-02	2.407390e-01	5.178143e-03
8.137062e-05	1.471584e-02	2.651405e-01	5.552940e-03
9.357621e-05	1.589752e-02	2.929572e-01	5.954865e-03
1.076126e-04	1.716392e-02	3.213394e-01	6.385881e-03
1.237545e-04	1.852123e-02	3.539349e-01	6.848094e-03
1.423177e-04	1.997609e-02	3.865193e-01	7.343763e-03
1.636654e-04	2.153563e-02	4.239914e-01	7.875308e-03
1.882152e-04	2.320747e-02	4.664171e-01	8.445327e-03
2.164475e-04	2.499979e-02	5.093196e-01	9.056605e-03
2.489146e-04	2.692136e-02	5.583741e-01	9.712126e-03
2.862518e-04	2.898155e-02	6.090143e-01	1.041510e-02
3.291895e-04	3.119046e-02	6.647846e-01	1.116895e-02
3.785680e-04	3.355886e-02	7.246767e-01	1.197736e-02
4.353531e-04	3.609833e-02	7.870772e-01	1.284429e-02
5.006561e-04	3.882129e-02	8.579915e-01	1.377396e-02
5.757545e-04	4.174104e-02	9.304238e-01	1.477093e-02
6.621177e-04	4.487184e-02	1.006881e+00	1.584006e-02
7.614354e-04	4.822899e-02	1.087293e+00	1.698657e-02
8.756507e-04	5.182889e-02	1.179766e+00	1.821607e-02
1.006998e-03	5.568914e-02	1.274290e+00	1.953456e-02
1.158048e-03	5.982859e-02	1.374288e+00	2.094848e-02
1.331755e-03	6.426746e-02	1.476561e+00	2.246474e-02
1.531519e-03	6.902745e-02	1.582293e+00	2.409075e-02
1.761246e-03	7.413180e-02	1.703885e+00	2.583445e-02
2.025433e-03	7.960545e-02	1.824558e+00	2.770436e-02
2.329248e-03	8.547515e-02	1.951443e+00	2.970962e-02
2.678635e-03	9.176957e-02	2.082393e+00	3.186001e-02
3.080431e-03	9.851947e-02	2.221123e+00	3.416606e-02
3.542495e-03	1.057578e-01	2.357261e+00	3.663902e-02
4.073870e-03	1.135200e-01	2.493582e+00	3.929097e-02
4.684950e-03	1.218438e-01	2.640139e+00	4.213487e-02
5.387693e-03	1.307701e-01	2.786183e+00	4.518461e-02
6.195847e-03	1.403424e-01	2.938212e+00	4.845510e-02
7.125224e-03	1.506074e-01	3.065416e+00	5.196231e-02
8.194007e-03	1.616154e-01	3.211700e+00	5.572336e-02
9.423108e-03	1.734201e-01	3.373182e+00	5.975665e-02
1.083657e-02	1.860791e-01	3.504689e+00	6.408187e-02
1.246206e-02	1.996543e-01	3.652511e+00	6.872015e-02
1.433137e-02	2.142121e-01	3.764591e+00	7.366753e-02
1.648108e-02	2.298235e-01	3.893483e+00	7.901415e-02
1.895324e-02	2.465648e-01	4.032190e+00	8.475091e-02
2.179622e-02	2.645178e-01	4.137405e+00	9.088426e-02
2.506566e-02	2.837702e-01	4.254232e+00	9.746258e-02
2.882550e-02	3.044161e-01	4.348292e+00	1.045169e-01
3.314933e-02	3.265563e-01	4.440166e+00	1.120817e-01
3.812173e-02	3.502990e-01	4.522314e+00	1.201941e-01
4.383999e-02	3.757602e-01	4.589703e+00	1.288936e-01
5.041599e-02	4.030642e-01	4.662438e+00	1.382229e-01
5.797838e-02	4.323445e-01	4.714817e+00	1.482274e-01
6.667514e-02	4.637441e-01	4.756789e+00	1.589560e-01
7.667641e-02	4.974164e-01	4.788633e+00	1.704612e-01
8.817787e-02	5.335259e-01	4.825253e+00	1.827990e-01
1.014046e-01	5.722489e-01	4.845030e+00	1.960300e-01
1.166152e-01	6.137748e-01	4.854465e+00	2.102186e-01
1.341075e-01	6.583063e-01	4.850745e+00	2.254342e-01
1.542237e-01	7.060610e-01	4.835356e+00	2.417511e-01
1.773572e-01	7.572722e-01	4.817660e+00	2.592489e-01
2.039608e-01	8.121901e-01	4.783482e+00	2.780134e-01
2.345549e-01	8.710829e-01	4.737306e+00	2.981361e-01
2.697381e-01	9.342385e-01	4.679074e+00	3.197152e-01
3.101989e-01	1.001965e+00	4.608755e+00	3.428561e-01
3.567287e-01	1.074594e+00	4.526021e+00	3.676720e-01
4.102380e-01	1.152480e+00	4.432102e+00	3.942843e-01
4.717737e-01	1.236003e+00	4.324596e+00	4.228227e-01
5.425397e-01	1.325572e+00	4.207937e+00	4.534265e-01
6.239207e-01	1.421623e+00	4.079007e+00	4.862455e-01
7.175088e-01	1.524627e+00	3.952074e+00	5.214402e-01
8.251351e-01	1.635086e+00	3.806101e+00	5.591823e-01
9.489054e-01	1.753541e+00	3.644596e+00	5.996560e-01
1.091241e+00	1.880569e+00	3.492746e+00	6.430591e-01
1.254927e+00	2.016792e+00	3.323549e+00	6.896038e-01
1.443166e+00	2.162874e+00	3.176436e+00	7.395178e-01
1.659641e+00	2.319530e+00	3.007256e+00	7.930444e-01
1.908588e+00	2.487525e+00	2.825262e+00	8.504452e-01
2.194876e+00	2.667679e+00	2.667223e+00	9.120004e-01
2.524107e+00	2.860873e+00	2.492725e+00	9.780114e-01
2.902723e+00	3.068051e+00	2.336165e+00	1.048801e+00
3.338132e+00	3.290224e+00	2.178205e+00	1.124713e+00
3.838852e+00	3.559003e+00	2.026518e+00	1.206122e+00
4.414679e+00	3.881500e+00	1.887225e+00	1.293416e+00
5.076881e+00	4.233963e+00	1.736271e+00	1.387033e+00
5.838413e+00	4.628991e+00	1.604802e+00	1.487502e+00
6.714175e+00	5.064258e+00	1.486799e+00	1.597513e+00
7.721302e+00	5.537449e+00	1.375440e+00	1.719604e+00
8.879497e+00	6.067136e+00	1.247377e+00	1.855844e+00
1.021142e+01	6.634244e+00	1.158546e+00	2.009047e+00
1.174313e+01	7.258431e+00	1.084188e+00	2.182845e+00
1.350460e+01	7.935948e+00	9.986767e-01	2.381987e+00
1.553030e+01	8.615941e+00	9.003387e-01	2.612710e+00
1.785984e+01	9.362809e+00	7.872501e-01	2.641096e+00
2.053882e+01	1.018631e+01	7.087304e-01	2.457660e+00
2.361964e+01	1.106214e+01	6.385367e-01	2.314586e+00
2.716258e+01	1.198844e+01	5.766668e-01	2.207944e+00
3.123697e+01	1.291321e+01	5.167170e-01	2.134677e+00
3.592252e+01	1.392526e+01	4.662454e-01	2.092409e+00
4.131089e+01	1.498732e+01	4.230846e-01	2.079304e+00
4.750753e+01	1.619489e+01	3.781156e-01	2.093960e+00
5.463366e+01	1.757114e+01	3.396733e-01	2.135466e+00
6.282871e+01	1.902861e+01	3.031727e-01	2.203382e+00
7.225301e+01	2.060336e+01	2.774916e-01	2.297805e+00
8.309096e+01	2.213628e+01	2.479582e-01	2.419483e+00
9.555461e+01	2.363806e+01	2.175221e-01	2.569911e+00
1.098878e+02	2.517948e+01	1.961262e-01	2.751437e+00
1.263710e+02	2.644347e+01	1.734330e-01	2.967377e+00
1.453266e+02	2.767680e+01	1.581680e-01	3.222147e+00
1.671256e+02	2.862445e+01	1.406133e-01	3.521363e+00
1.921945e+02	2.961981e+01	1.229541e-01	3.872276e+00
2.210236e+02	3.070618e+01	1.104431e-01	4.283350e+00
2.541772e+02	3.141886e+01	9.717373e-02	4.765543e+00
2.923037e+02	3.058376e+01	8.672121e-02	5.337061e+00
3.361493e+02	3.091839e+01	7.698755e-02	6.071542e+00
3.865717e+02	3.092724e+01	6.845420e-02	6.944415e+00
4.445574e+02	3.066653e+01	6.127898e-02	7.968170e+00
5.112411e+02	3.017177e+01	5.380586e-02	9.177361e+00
5.879272e+02	2.960194e+01	4.785229e-02	1.061436e+01
6.761163e+02	2.894213e+01	4.299126e-02	1.232964e+01
7.775337e+02	2.825530e+01	3.857954e-02	1.438662e+01
8.941638e+02	2.758696e+01	3.350605e-02	1.686291e+01
1.028288e+03	2.682231e+01	2.975055e-02	1.985681e+01
1.182532e+03	2.598207e+01	2.620437e-02	2.348932e+01
1.359911e+03	2.506729e+01	2.347752e-02	2.791422e+01
1.563898e+03	2.409883e+01	2.101030e-02	3.332541e+01
1.798483e+03	2.309003e+01	1.817299e-02	3.996692e+01
2.068255e+03	2.205207e+01	1.614247e-02	4.814789e+01
2.378493e+03	2.098361e+01	1.417330e-02	5.826088e+01
2.735268e+03	1.989380e+01	1.253956e-02	7.080534e+01
3.145558e+03	1.879550e+01	1.098746e-02	8.641780e+01
3.617391e+03	1.770093e+01	9.712450e-03	1.059107e+02
4.160000e+03	1.661279e+01	8.681972e-03	1.303223e+02
4.784000e+03	1.553585e+01	7.596970e-03	1.609805e+02
5.501600e+03	1.448425e+01	6.718982e-03	1.995839e+02
6.326840e+03	1.346975e+01	5.901740e-03	2.483061e+02
7.275866e+03	1.249458e+01	5.336646e-03	3.099257e+02
8.367246e+03	1.156342e+01	4.686788e-03	3.879918e+02
9.622333e+03	1.067701e+01	4.040347e-03	4.870291e+02
