# Energy_MeV	dEdx_Elec_MeV_um	dEdx_Nucl_MeV_um	Range_um
1.000000e-05	8.560834e-03	7.403988e-02	2.336221e-03
1.150000e-05	9.180471e-03	8.199320e-02	2.505318e-03
1.322500e-05	9.844959e-03	9.070551e-02	2.686654e-03
1.520875e-05	1.055754e-02	1.000441e-01	2.881116e-03
1.749006e-05	1.132170e-02	1.106708e-01	3.089652e-03
2.011357e-05	1.214117e-02	1.220488e-01	3.313283e-03
2.313061e-05	1.301996e-02	1.346017e-01	3.553100e-03
2.660020e-05	1.396235e-02	1.477680e-01	3.810276e-03
3.059023e-05	1.497295e-02	1.629093e-01	4.086065e-03
3.517876e-05	8.041537e-03	1.796394e-01	4.381817e-03
4.045558e-05	8.709219e-03	1.972508e-01	4.698975e-03
4.652391e-05	9.424421e-03	2.167956e-01	5.039089e-03
5.350250e-05	1.019066e-02	2.370145e-01	5.403821e-03
6.152788e-05	1.101169e-02	2.602663e-01	5.794953e-03
7.075706e-05	1.189155e-02	2.856892e-01	6.214395e-03
8.137062e-05	1.283453e-02	3.123106e-01	6.664196e-03
9.357621e-05	1.384526e-02	3.419153e-01	7.146554e-03
1.076126e-04	1.492868e-02	3.733380e-01	7.663825e-03
1.237545e-04	1.609010e-02	4.071653e-01	8.218537e-03
1.423177e-04	1.733519e-02	4.432916e-01	8.813399e-03
1.636654e-04	1.867004e-02	4.820117e-01	9.451317e-03
1.882152e-04	2.010118e-02	5.246422e-01	1.013541e-02
2.164475e-04	2.163560e-02	5.695871e-01	1.086901e-02
2.489146e-04	2.328080e-02	6.150526e-01	1.165572e-02
2.862518e-04	2.504482e-02	6.649487e-01	1.249937e-02
3.291895e-04	2.693628e-02	7.223293e-01	1.340408e-02
3.785680e-04	2.896443e-02	7.781553e-01	1.437427e-02
4.353531e-04	3.113917e-02	8.402049e-01	1.541469e-02
5.006561e-04	3.347112e-02	9.002779e-01	1.653041e-02
5.757545e-04	3.597169e-02	9.658853e-01	1.772689e-02
6.621177e-04	3.865309e-02	1.041334e+00	1.900997e-02
7.614354e-04	4.152842e-02	1.111937e+00	2.038593e-02
8.756507e-04	4.461173e-02	1.190670e+00	2.186147e-02
1.006998e-03	4.791808e-02	1.268231e+00	2.344382e-02
1.158048e-03	5.146363e-02	1.351314e+00	2.514069e-02
1.331755e-03	5.526569e-02	1.435490e+00	2.696039e-02
1.531519e-03	5.934284e-02	1.515961e+00	2.891180e-02
1.761246e-03	6.371501e-02	1.606901e+00	3.100445e-02
2.025433e-03	6.840354e-02	1.692349e+00	3.324856e-02
2.329248e-03	7.343135e-02	1.780007e+00	3.565511e-02
2.678635e-03	7.882300e-02	1.858938e+00	3.823585e-02
3.080431e-03	8.460482e-02	1.949709e+00	4.100338e-02
3.542495e-03	9.080507e-02	2.041517e+00	4.397123e-02
4.073870e-03	9.745404e-02	2.123118e+00	4.715389e-02
4.684950e-03	1.045842e-01	2.206397e+00	5.056691e-02
5.387693e-03	1.122304e-01	2.275944e+00	5.422697e-02
6.195847e-03	1.204300e-01	2.355923e+00	5.815195e-02
7.125224e-03	1.292230e-01	2.433203e+00	6.236102e-02
8.194007e-03	1.386524e-01	2.498490e+00	6.687474e-02
9.423108e-03	1.487643e-01	2.564859e+00	7.168409e-02
1.083657e-02	1.596081e-01	2.623224e+00	7.689271e-02
1.246206e-02	1.712367e-01	2.675613e+00	8.247486e-02
1.433137e-02	1.837069e-01	2.721995e+00	8.844376e-02
1.648108e-02	1.970797e-01	2.763810e+00	9.484530e-02
1.895324e-02	2.114204e-01	2.803981e+00	1.017102e-01
2.179622e-02	2.267991e-01	2.836482e+00	1.090719e-01
2.506566e-02	2.432909e-01	2.857749e+00	1.169664e-01
2.882550e-02	2.609764e-01	2.877509e+00	1.254323e-01
3.314933e-02	2.799419e-01	2.900232e+00	1.345110e-01
3.812173e-02	3.002801e-01	2.907595e+00	1.442469e-01
4.383999e-02	3.220904e-01	2.913449e+00	1.546874e-01
5.041599e-02	3.454793e-01	2.907604e+00	1.658836e-01
5.797838e-02	3.705611e-01	2.898056e+00	1.778901e-01
6.667514e-02	3.974583e-01	2.887075e+00	1.907658e-01
7.667641e-02	4.263023e-01	2.863017e+00	2.045734e-01
8.817787e-02	4.572341e-01	2.834364e+00	2.193804e-01
1.014046e-01	4.904047e-01	2.797069e+00	2.352591e-01
1.166152e-01	5.259762e-01	2.753172e+00	2.522871e-01
1.341075e-01	5.641224e-01	2.701835e+00	2.705477e-01
1.542237e-01	6.050296e-01	2.643795e+00	2.901299e-01
1.773572e-01	6.488977e-01	2.577086e+00	3.111295e-01
2.039608e-01	6.959410e-01	2.506176e+00	3.336490e-01
2.345549e-01	7.463892e-01	2.429315e+00	3.577986e-01
2.697381e-01	8.004890e-01	2.350552e+00	3.836962e-01
3.101989e-01	8.585045e-01	2.259975e+00	4.114682e-01
3.567287e-01	9.207192e-01	2.165302e+00	4.412502e-01
4.102380e-01	9.874370e-01	2.071078e+00	4.731879e-01
4.717737e-01	1.058984e+00	1.973374e+00	5.074375e-01
5.425397e-01	1.135709e+00	1.882089e+00	5.441660e-01
6.239207e-01	1.217988e+00	1.777111e+00	5.835528e-01
7.175088e-01	1.306223e+00	1.672971e+00	6.257904e-01
8.251351e-01	1.400843e+00	1.574906e+00	6.710853e-01
9.489054e-01	1.502313e+00	1.473702e+00	7.196588e-01
1.091241e+00	1.611127e+00	1.376556e+00	7.717480e-01
1.254927e+00	1.727817e+00	1.284214e+00	8.276073e-01
1.443166e+00	1.852952e+00	1.196426e+00	8.875096e-01
1.659641e+00	1.987146e+00	1.109993e+00	9.517480e-01
1.908588e+00	2.131052e+00	1.023398e+00	1.020636e+00
2.194876e+00	2.285374e+00	9.418203e-01	1.094510e+00
2.524107e+00	2.481488e+00	8.765216e-01	1.173732e+00
2.902723e+00	2.717149e+00	8.074223e-01	1.258684e+00
3.338132e+00	2.975288e+00	7.279582e-01	1.349777e+00
3.838852e+00	3.262804e+00	6.847142e-01	1.447600e+00
4.414679e+00	3.579893e+00	6.385746e-01	1.554854e+00
5.076881e+00	3.920919e+00	5.855142e-01	1.673913e+00
5.838413e+00	4.301602e+00	5.244946e-01	1.738699e+00
6.714175e+00	4.709240e+00	4.543221e-01	1.677024e+00
7.721302e+00	5.156645e+00	4.154656e-01	1.620905e+00
8.879497e+00	5.646701e+00	3.719098e-01	1.571594e+00
1.021142e+01	6.144552e+00	3.374568e-01	1.530344e+00
1.174313e+01	6.699963e+00	3.030023e-01	1.498433e+00
1.350460e+01	7.323239e+00	2.718586e-01	1.477185e+00
1.553030e+01	8.003492e+00	2.475946e-01	1.467940e+00
1.785984e+01	8.752685e+00	2.196910e-01	1.472189e+00
2.053882e+01	9.578771e+00	1.984448e-01	1.491399e+00
2.361964e+01	1.048573e+01	1.783217e-01	1.527073e+00
2.716258e+01	1.140298e+01	1.623863e-01	1.580736e+00
3.123697e+01	1.233440e+01	1.440606e-01	1.653958e+00
3.592252e+01	1.331751e+01	1.275342e-01	1.748416e+00
4.131089e+01	1.412211e+01	1.142579e-01	1.865999e+00
4.750753e+01	1.493042e+01	1.019317e-01	2.008951e+00
5.463366e+01	1.561711e+01	9.245962e-02	2.180036e+00
6.282871e+01	1.622441e+01	8.156677e-02	2.382755e+00
7.225301e+01	1.681851e+01	7.203114e-02	2.621524e+00
8.309096e+01	1.722364e+01	6.426791e-02	2.901916e+00
9.555461e+01	1.758298e+01	5.685025e-02	3.230928e+00
1.098878e+02	1.779661e+01	5.036436e-02	3.617251e+00
1.263710e+02	1.799997e+01	4.486164e-02	4.071845e+00
1.453266e+02	1.820154e+01	4.007415e-02	4.607871e+00
1.671256e+02	1.822688e+01	3.562187e-02	5.241316e+00
1.921945e+02	1.823874e+01	3.145558e-02	6.001746e+00
2.210236e+02	1.800340e+01	2.776134e-02	6.979204e+00
2.541772e+02	1.761747e+01	2.518077e-02	8.150990e+00
2.923037e+02	1.711776e+01	2.244326e-02	9.550930e+00
3.361493e+02	1.653437e+01	1.929512e-02	1.123139e+01
3.865717e+02	1.592676e+01	1.735752e-02	1.326203e+01
4.445574e+02	1.528875e+01	1.515709e-02	1.572730e+01
5.112411e+02	1.465119e+01	1.374323e-02	1.873437e+01
5.879272e+02	1.401936e+01	1.221230e-02	2.241769e+01
6.761163e+02	1.336154e+01	1.047440e-02	2.694926e+01
7.775337e+02	1.268702e+01	9.411885e-03	3.254516e+01
8.941638e+02	1.199792e+01	8.189996e-03	3.948341e+01
1.028288e+03	1.130493e+01	7.298499e-03	4.811939e+01
1.182532e+03	1.061497e+01	6.415247e-03	5.890700e+01
1.359911e+03	9.933218e+00	5.643902e-03	7.242874e+01
1.563898e+03	9.261859e+00	5.058464e-03	8.943314e+01
1.798483e+03	8.606118e+00	4.387265e-03	1.108833e+02
2.068255e+03	7.970057e+00	3.908083e-03	1.380189e+02
2.378493e+03	7.355067e+00	3.462340e-03	1.724368e+02
2.735268e+03	6.766548e+00	3.111695e-03	2.161937e+02
3.145558e+03	6.208625e+00	2.708452e-03	2.719369e+02
3.617391e+03	5.683642e+00	2.362042e-03	3.430714e+02
4.160000e+03	5.192040e+00	2.084658e-03	4.339702e+02
4.784000e+03	4.732169e+00	1.837633e-03	5.502391e+02
5.501600e+03	4.305512e+00	1.647356e-03	6.990467e+02
6.326840e+03	3.913768e+00	1.428537e-03	8.895327e+02
7.275866e+03	3.555262e+00	1.245638e-03	1.133311e+03
8.367246e+03	3.227652e+00	1.095544e-03	1.445081e+03
9.622333e+03	2.931369e+00	9.565334e-04	1.843360e+03
