# Energy_MeV	dEdx_Elec_MeV_um	dEdx_Nucl_MeV_um	Range_um
1.000000e-05	3.670081e-03	7.712207e-02	6.732677e-03
1.150000e-05	3.958824e-03	8.265918e-02	7.219992e-03
1.322500e-05	4.268338e-03	8.902685e-02	7.742579e-03
1.520875e-05	4.600135e-03	9.529157e-02	8.302991e-03
1.749006e-05	4.955839e-03	1.019365e-01	8.903965e-03
2.011357e-05	5.337189e-03	1.087468e-01	9.548439e-03
2.313061e-05	5.746048e-03	1.159949e-01	1.023956e-02
2.660020e-05	6.184416e-03	1.230992e-01	1.098070e-02
3.059023e-05	6.654434e-03	1.301854e-01	1.177549e-02
3.517876e-05	7.158400e-03	1.378605e-01	1.262781e-02
4.045558e-05	7.698777e-03	1.454424e-01	1.354182e-02
4.652391e-05	8.278204e-03	1.533184e-01	1.452198e-02
5.350250e-05	8.899513e-03	1.599799e-01	1.557309e-02
6.152788e-05	9.565739e-03	1.676407e-01	1.670028e-02
7.075706e-05	1.028014e-02	1.759898e-01	1.790905e-02
8.137062e-05	1.104620e-02	1.828767e-01	1.920532e-02
9.357621e-05	1.186767e-02	1.905097e-01	2.059541e-02
1.076126e-04	1.274856e-02	1.963793e-01	2.208612e-02
1.237545e-04	1.369317e-02	2.031293e-01	2.368472e-02
1.423177e-04	1.470611e-02	2.102805e-01	2.539904e-02
1.636654e-04	1.579235e-02	2.157905e-01	2.723743e-02
1.882152e-04	1.695718e-02	2.218302e-01	2.920889e-02
2.164475e-04	1.820629e-02	2.267560e-01	3.132305e-02
2.489146e-04	1.954579e-02	2.315081e-01	3.359023e-02
2.862518e-04	2.098221e-02	2.357512e-01	3.602151e-02
3.291895e-04	2.252259e-02	2.392804e-01	3.862876e-02
3.785680e-04	2.417444e-02	2.430258e-01	4.142473e-02
4.353531e-04	2.594583e-02	2.457688e-01	4.442308e-02
5.006561e-04	2.784542e-02	2.479056e-01	4.763844e-02
5.757545e-04	2.988249e-02	2.495732e-01	5.108654e-02
6.621177e-04	3.206698e-02	2.514910e-01	5.478421e-02
7.614354e-04	3.440958e-02	2.524638e-01	5.874952e-02
8.756507e-04	3.692172e-02	2.529578e-01	6.300184e-02
1.006998e-03	3.961567e-02	2.527177e-01	6.756195e-02
1.158048e-03	4.250461e-02	2.519118e-01	7.245211e-02
1.331755e-03	4.560264e-02	2.509850e-01	7.769624e-02
1.531519e-03	4.892490e-02	2.491586e-01	8.329660e-02
1.761246e-03	5.248761e-02	2.467404e-01	8.935314e-02
2.025433e-03	5.630819e-02	2.436759e-01	9.581950e-02
2.329248e-03	6.040529e-02	2.399899e-01	1.027558e-01
2.678635e-03	6.479894e-02	2.356572e-01	1.101929e-01
3.080431e-03	6.951060e-02	2.307418e-01	1.181686e-01
3.542495e-03	7.456328e-02	2.251118e-01	1.267215e-01
4.073870e-03	7.998167e-02	2.190214e-01	1.358935e-01
4.684950e-03	8.579224e-02	2.123097e-01	1.457294e-01
5.387693e-03	9.202338e-02	2.056623e-01	1.562772e-01
6.195847e-03	9.870553e-02	1.980178e-01	1.675884e-01
7.125224e-03	1.058713e-01	1.896309e-01	1.797184e-01
8.194007e-03	1.135558e-01	1.816787e-01	1.927264e-01
9.423108e-03	1.217964e-01	1.729114e-01	2.066759e-01
1.083657e-02	1.306336e-01	1.652072e-01	2.216350e-01
1.246206e-02	1.401103e-01	1.563473e-01	2.376768e-01
1.433137e-02	1.502730e-01	1.469292e-01	2.548799e-01
1.648108e-02	1.611713e-01	1.386527e-01	2.733281e-01
1.895324e-02	1.728583e-01	1.296051e-01	2.931115e-01
2.179622e-02	1.853913e-01	1.214062e-01	3.143269e-01
2.506566e-02	1.988315e-01	1.132067e-01	3.370778e-01
2.882550e-02	2.132444e-01	1.053443e-01	3.614756e-01
3.314933e-02	2.287006e-01	9.804960e-02	3.876393e-01
3.812173e-02	2.452754e-01	9.023497e-02	4.156966e-01
4.383999e-02	2.630500e-01	8.335000e-02	4.457847e-01
5.041599e-02	2.821111e-01	7.727191e-02	4.780507e-01
5.797838e-02	3.025519e-01	7.144011e-02	5.126522e-01
6.667514e-02	3.244721e-01	6.473354e-02	5.497581e-01
7.667641e-02	3.479790e-01	6.023386e-02	5.895496e-01
8.817787e-02	3.731873e-01	5.633980e-02	6.322212e-01
1.014046e-01	4.002202e-01	5.186163e-02	6.779817e-01
1.166152e-01	4.292097e-01	4.671173e-02	7.270543e-01
1.341075e-01	4.602975e-01	4.078935e-02	7.796787e-01
1.542237e-01	4.936355e-01	3.680390e-02	8.361119e-01
1.773572e-01	5.293865e-01	3.312790e-02	8.966299e-01
2.039608e-01	5.677237e-01	2.993834e-02	9.567509e-01
2.345549e-01	6.088292e-01	2.683402e-02	9.986923e-01
2.697381e-01	6.529090e-01	2.419085e-02	1.038014e+00
3.101989e-01	7.001781e-01	2.196508e-02	1.073596e+00
3.567287e-01	7.493006e-01	1.961009e-02	1.106490e+00
4.102380e-01	7.953715e-01	1.763035e-02	1.147477e+00
4.717737e-01	8.441130e-01	1.575124e-02	1.186691e+00
5.425397e-01	8.958615e-01	1.440633e-02	1.223813e+00
6.239207e-01	9.478395e-01	1.285969e-02	1.259549e+00
7.175088e-01	1.003901e+00	1.129604e-02	1.295751e+00
8.251351e-01	1.058939e+00	1.017555e-02	1.333045e+00
9.489054e-01	1.114393e+00	9.009639e-03	1.372336e+00
1.091241e+00	1.171889e+00	8.210222e-03	1.414746e+00
1.254927e+00	1.224750e+00	7.290892e-03	1.461774e+00
1.443166e+00	1.279400e+00	6.384337e-03	1.515334e+00
1.659641e+00	1.328365e+00	5.729140e-03	1.577842e+00
1.908588e+00	1.372297e+00	5.044704e-03	1.652318e+00
2.194876e+00	1.415082e+00	4.497312e-03	1.742485e+00
2.524107e+00	1.444662e+00	3.994457e-03	1.852878e+00
2.902723e+00	1.471926e+00	3.554083e-03	1.988954e+00
3.338132e+00	1.489765e+00	3.178321e-03	2.157206e+00
3.838852e+00	1.494859e+00	2.792999e-03	2.365304e+00
4.414679e+00	1.492561e+00	2.481215e-03	2.622283e+00
5.076881e+00	1.472175e+00	2.232236e-03	2.938814e+00
5.838413e+00	1.445175e+00	2.001197e-03	3.327626e+00
6.714175e+00	1.408313e+00	1.735502e-03	3.804095e+00
7.721302e+00	1.362879e+00	1.543867e-03	4.387125e+00
8.879497e+00	1.309754e+00	1.358156e-03	5.100273e+00
1.021142e+01	1.250726e+00	1.218921e-03	5.973322e+00
1.174313e+01	1.186230e+00	1.089714e-03	7.044333e+00
1.350460e+01	1.116420e+00	9.411266e-04	8.362342e+00
1.553030e+01	1.048736e+00	8.376134e-04	9.990934e+00
1.785984e+01	9.766957e-01	7.344891e-04	1.201279e+01
2.053882e+01	9.083602e-01	6.504997e-04	1.453486e+01
2.361964e+01	8.386396e-01	5.702416e-04	1.770218e+01
2.716258e+01	7.675174e-01	5.034700e-04	2.167273e+01
3.123697e+01	6.909493e-01	4.504513e-04	2.686207e+01
3.592252e+01	6.323195e-01	3.936304e-04	3.373524e+01
4.131089e+01	5.754014e-01	3.485189e-04	4.241470e+01
4.750753e+01	5.213466e-01	3.065078e-04	5.353188e+01
5.463366e+01	4.710049e-01	2.769142e-04	6.774138e+01
6.282871e+01	4.242112e-01	2.428815e-04	8.594594e+01
7.225301e+01	3.812761e-01	2.097298e-04	1.092994e+02
8.309096e+01	3.422765e-01	1.863192e-04	1.392678e+02
9.555461e+01	3.067808e-01	1.627472e-04	1.777549e+02
1.098878e+02	2.747446e-01	1.466883e-04	2.272030e+02
1.263710e+02	2.458175e-01	1.282205e-04	2.907578e+02
1.453266e+02	2.197707e-01	1.106650e-04	3.724970e+02
1.671256e+02	1.963884e-01	9.799739e-05	4.776713e+02
1.921945e+02	1.754330e-01	8.510175e-05	6.130497e+02
2.210236e+02	1.566693e-01	7.475072e-05	7.873607e+02
2.541772e+02	1.398862e-01	0.000000e+00	1.011853e+03
2.923037e+02	1.248908e-01	0.000000e+00	1.301016e+03
3.361493e+02	1.115042e-01	0.000000e+00	1.673495e+03
3.865717e+02	9.955954e-02	0.000000e+00	2.153266e+03
4.445574e+02	8.891752e-02	0.000000e+00	2.771123e+03
5.112411e+02	7.944302e-02	0.000000e+00	3.566571e+03
5.879272e+02	7.101334e-02	0.000000e+00	4.590216e+03
6.761163e+02	6.351935e-02	0.000000e+00	5.906761e+03
7.775337e+02	5.686400e-02	0.000000e+00	7.598764e+03
8.941638e+02	5.095868e-02	0.000000e+00	9.771311e+03
1.028288e+03	4.572300e-02	0.000000e+00	1.255780e+04
1.182532e+03	4.108566e-02	0.000000e+00	1.612701e+04
1.359911e+03	3.698073e-02	0.000000e+00	2.069172e+04
1.563898e+03	3.334804e-02	0.000000e+00	2.651910e+04
1.798483e+03	3.013798e-02	0.000000e+00	3.394295e+04
2.068255e+03	2.730661e-02	0.000000e+00	4.337826e+04
2.378493e+03	2.481082e-02	0.000000e+00	5.533800e+04
2.735268e+03	2.261292e-02	0.000000e+00	7.045169e+04
3.145558e+03	2.067418e-02	0.000000e+00	8.949046e+04
3.617391e+03	1.897086e-02	0.000000e+00	1.133940e+05
4.160000e+03	1.748149e-02	0.000000e+00	1.432864e+05
4.784000e+03	1.618319e-02	0.000000e+00	1.805047e+05
5.501600e+03	1.505532e-02	0.000000e+00	2.266258e+05
6.326840e+03	1.407895e-02	0.000000e+00	2.834912e+05
7.275866e+03	1.323757e-02	0.000000e+00	3.532311e+05
8.367246e+03	1.251705e-02	0.000000e+00	4.382862e+05
9.622333e+03	1.190448e-02	0.000000e+00	5.414273e+05
