# Energy_MeV	dEdx_Elec_MeV_um	dEdx_Nucl_MeV_um	Range_um
1.000000e-05	9.343405e-03	5.388676e-02	2.140547e-03
1.150000e-05	1.001969e-02	5.911666e-02	2.295481e-03
1.322500e-05	1.074492e-02	6.576347e-02	2.461629e-03
1.520875e-05	1.152264e-02	7.282061e-02	2.639803e-03
1.749006e-05	1.235665e-02	8.076141e-02	2.830874e-03
2.011357e-05	1.325103e-02	8.989333e-02	3.035774e-03
2.313061e-05	1.421015e-02	9.948574e-02	3.255505e-03
2.660020e-05	1.523869e-02	1.103857e-01	3.491140e-03
3.059023e-05	1.634167e-02	1.220996e-01	3.743830e-03
3.517876e-05	1.752449e-02	1.351995e-01	4.014811e-03
4.045558e-05	1.879293e-02	1.495978e-01	4.305405e-03
4.652391e-05	2.015317e-02	1.649635e-01	4.617033e-03
5.350250e-05	2.161186e-02	1.825257e-01	4.951216e-03
6.152788e-05	2.317614e-02	2.012393e-01	5.309587e-03
7.075706e-05	2.485364e-02	2.218495e-01	5.693898e-03
8.137062e-05	2.665256e-02	2.436087e-01	6.106026e-03
9.357621e-05	2.858169e-02	2.686318e-01	6.547983e-03
1.076126e-04	3.065045e-02	2.960837e-01	7.021929e-03
1.237545e-04	3.286894e-02	3.251889e-01	7.530180e-03
1.423177e-04	3.524802e-02	3.572369e-01	8.075219e-03
1.636654e-04	3.779929e-02	3.906514e-01	8.659707e-03
1.882152e-04	4.053522e-02	4.290781e-01	9.286502e-03
2.164475e-04	4.346918e-02	4.707581e-01	9.958663e-03
2.489146e-04	4.661550e-02	5.147536e-01	1.067948e-02
2.862518e-04	4.998955e-02	5.633701e-01	1.145246e-02
3.291895e-04	5.360783e-02	6.153004e-01	1.228140e-02
3.785680e-04	5.748799e-02	6.709158e-01	1.317033e-02
4.353531e-04	6.164900e-02	7.302348e-01	1.412361e-02
5.006561e-04	6.611119e-02	7.942250e-01	1.514588e-02
5.757545e-04	7.089635e-02	8.641686e-01	1.624215e-02
6.621177e-04	7.602786e-02	9.384462e-01	1.741776e-02
7.614354e-04	8.153080e-02	1.012851e+00	1.867847e-02
8.756507e-04	8.743204e-02	1.095311e+00	2.003043e-02
1.006998e-03	9.376042e-02	1.190140e+00	2.148024e-02
1.158048e-03	1.005469e-01	1.281352e+00	2.303499e-02
1.331755e-03	1.078245e-01	1.383897e+00	2.470228e-02
1.531519e-03	1.156289e-01	1.481919e+00	2.649024e-02
1.761246e-03	1.239982e-01	1.590344e+00	2.840762e-02
2.025433e-03	1.329732e-01	1.715033e+00	3.046378e-02
2.329248e-03	1.425979e-01	1.830128e+00	3.266876e-02
2.678635e-03	1.529192e-01	1.960246e+00	3.503335e-02
3.080431e-03	1.639876e-01	2.087055e+00	3.756908e-02
3.542495e-03	1.758571e-01	2.223137e+00	4.028835e-02
4.073870e-03	1.885857e-01	2.362249e+00	4.320444e-02
4.684950e-03	2.022356e-01	2.493711e+00	4.633160e-02
5.387693e-03	2.168736e-01	2.644002e+00	4.968511e-02
6.195847e-03	2.325710e-01	2.783299e+00	5.328134e-02
7.125224e-03	2.494046e-01	2.925688e+00	5.713787e-02
8.194007e-03	2.674566e-01	3.056132e+00	6.127354e-02
9.423108e-03	2.868153e-01	3.206143e+00	6.570855e-02
1.083657e-02	3.075751e-01	3.354755e+00	7.046457e-02
1.246206e-02	3.298376e-01	3.489612e+00	7.556484e-02
1.433137e-02	3.537114e-01	3.624109e+00	8.103426e-02
1.648108e-02	3.793132e-01	3.739045e+00	8.687353e-02
1.895324e-02	4.067681e-01	3.871221e+00	9.317299e-02
2.179622e-02	4.362102e-01	3.995676e+00	9.993773e-02
2.506566e-02	4.677833e-01	4.103571e+00	1.071699e-01
2.882550e-02	5.016417e-01	4.210984e+00	1.149271e-01
3.314933e-02	5.379508e-01	4.307440e+00	1.232455e-01
3.812173e-02	5.768880e-01	4.392308e+00	1.321659e-01
4.383999e-02	6.186434e-01	4.467255e+00	1.417319e-01
5.041599e-02	6.634212e-01	4.536361e+00	1.519903e-01
5.797838e-02	7.114399e-01	4.600908e+00	1.629913e-01
6.667514e-02	7.629343e-01	4.654621e+00	1.747886e-01
7.667641e-02	8.181559e-01	4.687996e+00	1.874397e-01
8.817787e-02	8.773745e-01	4.720651e+00	2.010065e-01
1.014046e-01	9.408793e-01	4.758204e+00	2.155552e-01
1.166152e-01	1.008981e+00	4.768551e+00	2.311570e-01
1.341075e-01	1.082011e+00	4.778226e+00	2.478882e-01
1.542237e-01	1.160328e+00	4.767254e+00	2.658303e-01
1.773572e-01	1.244313e+00	4.751474e+00	2.850710e-01
2.039608e-01	1.334377e+00	4.733326e+00	3.057043e-01
2.345549e-01	1.430960e+00	4.692510e+00	3.278312e-01
2.697381e-01	1.534533e+00	4.645158e+00	3.515597e-01
3.101989e-01	1.645604e+00	4.583092e+00	3.770056e-01
3.567287e-01	1.764713e+00	4.510447e+00	4.042932e-01
4.102380e-01	1.892444e+00	4.425640e+00	4.335559e-01
4.717737e-01	2.029420e+00	4.329775e+00	4.649369e-01
5.425397e-01	2.176311e+00	4.219530e+00	4.985892e-01
6.239207e-01	2.333834e+00	4.102890e+00	5.346770e-01
7.175088e-01	2.502758e+00	3.977031e+00	5.733769e-01
8.251351e-01	2.683909e+00	3.846865e+00	6.148781e-01
9.489054e-01	2.878171e+00	3.697173e+00	6.593833e-01
1.091241e+00	3.086495e+00	3.542769e+00	7.071097e-01
1.254927e+00	3.309897e+00	3.387051e+00	7.582903e-01
1.443166e+00	3.549469e+00	3.228284e+00	8.131754e-01
1.659641e+00	3.806382e+00	3.077423e+00	8.720335e-01
1.908588e+00	4.081889e+00	2.903933e+00	9.351517e-01
2.194876e+00	4.377339e+00	2.735088e+00	1.002838e+00
2.524107e+00	4.694173e+00	2.573022e+00	1.075424e+00
2.902723e+00	5.033940e+00	2.408392e+00	1.153263e+00
3.338132e+00	5.398299e+00	2.247845e+00	1.236737e+00
3.838852e+00	5.789031e+00	2.097343e+00	1.326252e+00
4.414679e+00	6.208044e+00	1.954610e+00	1.422249e+00
5.076881e+00	6.657385e+00	1.811769e+00	1.525185e+00
5.838413e+00	3.637391e+00	1.671283e+00	1.635585e+00
6.714175e+00	4.006602e+00	1.536464e+00	1.754021e+00
7.721302e+00	4.414158e+00	1.431488e+00	1.883587e+00
8.879497e+00	4.860004e+00	1.317292e+00	2.027357e+00
1.021142e+01	5.359973e+00	1.185967e+00	2.187739e+00
1.174313e+01	5.895080e+00	1.118906e+00	2.368034e+00
1.350460e+01	6.486655e+00	1.042654e+00	2.572493e+00
1.553030e+01	7.126807e+00	9.549647e-01	2.806672e+00
1.785984e+01	7.772792e+00	8.541215e-01	3.077866e+00
2.053882e+01	8.478464e+00	7.401891e-01	2.987700e+00
2.361964e+01	9.255056e+00	6.775961e-01	2.793240e+00
2.716258e+01	1.008613e+01	6.056142e-01	2.641622e+00
3.123697e+01	1.095956e+01	5.501368e-01	2.529298e+00
3.592252e+01	1.183826e+01	4.942142e-01	2.453509e+00
4.131089e+01	1.280052e+01	4.437438e-01	2.412119e+00
4.750753e+01	1.382073e+01	4.036441e-01	2.403493e+00
5.463366e+01	1.498323e+01	3.577572e-01	2.426385e+00
6.282871e+01	1.630878e+01	3.233847e-01	2.480084e+00
7.225301e+01	1.769734e+01	2.910655e-01	2.564326e+00
8.309096e+01	1.919629e+01	2.647301e-01	2.679445e+00
9.555461e+01	2.062277e+01	2.344444e-01	2.826498e+00
1.098878e+02	2.202497e+01	2.080076e-01	3.007400e+00
1.263710e+02	2.343895e+01	1.860666e-01	3.225053e+00
1.453266e+02	2.459892e+01	1.663470e-01	3.483498e+00
1.671256e+02	2.572664e+01	1.506932e-01	3.788075e+00
1.921945e+02	2.655438e+01	1.326912e-01	4.145551e+00
2.210236e+02	2.742317e+01	1.174598e-01	4.564659e+00
2.541772e+02	2.836778e+01	1.046300e-01	5.055523e+00
2.923037e+02	2.896046e+01	9.267409e-02	5.631775e+00
3.361493e+02	2.975224e+01	8.195527e-02	6.312924e+00
3.865717e+02	3.004664e+01	7.306052e-02	7.187300e+00
4.445574e+02	3.002653e+01	6.533683e-02	8.231444e+00
5.112411e+02	2.975055e+01	5.797881e-02	9.455214e+00
5.879272e+02	2.924190e+01	5.126813e-02	1.090223e+01
6.761163e+02	2.866358e+01	4.516289e-02	1.262293e+01
7.775337e+02	2.799797e+01	4.105981e-02	1.467828e+01
8.941638e+02	2.730208e+01	3.653569e-02	1.714503e+01
1.028288e+03	2.663176e+01	3.143870e-02	2.011692e+01
1.182532e+03	2.586872e+01	2.827651e-02	2.371298e+01
1.359911e+03	2.503471e+01	2.463998e-02	2.807979e+01
1.563898e+03	2.413000e+01	2.240659e-02	3.340366e+01
1.798483e+03	2.317517e+01	1.987652e-02	3.991987e+01
2.068255e+03	2.218267e+01	1.708606e-02	4.792470e+01
2.378493e+03	2.116442e+01	1.533011e-02	5.779375e+01
2.735268e+03	2.011879e+01	1.332910e-02	7.000431e+01
3.145558e+03	1.905528e+01	1.188281e-02	8.516408e+01
3.617391e+03	1.798492e+01	1.045273e-02	1.040481e+02
4.160000e+03	1.691795e+01	9.205351e-03	1.276461e+02
4.784000e+03	1.585980e+01	8.237836e-03	1.572238e+02
5.501600e+03	1.481682e+01	7.153692e-03	1.944008e+02
6.326840e+03	1.380037e+01	6.361777e-03	2.412500e+02
7.275866e+03	1.282018e+01	5.647892e-03	3.004249e+02
8.367246e+03	1.187955e+01	5.068402e-03	3.753191e+02
9.622333e+03	1.098322e+01	4.401988e-03	4.702685e+02
