# Energy_MeV	dEdx_Elec_MeV_um	dEdx_Nucl_MeV_um	Range_um
1.000000e-05	8.618201e-03	6.252918e-02	2.320670e-03
1.150000e-05	9.241991e-03	6.959072e-02	2.488641e-03
1.322500e-05	9.910932e-03	7.697787e-02	2.668770e-03
1.520875e-05	1.062829e-02	8.546097e-02	2.861937e-03
1.749006e-05	1.139757e-02	9.446221e-02	3.069086e-03
2.011357e-05	1.222253e-02	1.045541e-01	3.291228e-03
2.313061e-05	1.310721e-02	1.156684e-01	3.529449e-03
2.660020e-05	1.405591e-02	1.275707e-01	3.784912e-03
3.059023e-05	1.507329e-02	1.411875e-01	4.058866e-03
3.517876e-05	1.616430e-02	1.556021e-01	4.352649e-03
4.045558e-05	1.733428e-02	1.713036e-01	4.667696e-03
4.652391e-05	1.858895e-02	1.882623e-01	5.005546e-03
5.350250e-05	1.993442e-02	2.077648e-01	5.367850e-03
6.152788e-05	2.137729e-02	2.286335e-01	5.756378e-03
7.075706e-05	2.292459e-02	2.513175e-01	6.173028e-03
8.137062e-05	2.458388e-02	2.756188e-01	6.619835e-03
9.357621e-05	2.636328e-02	3.016614e-01	7.098982e-03
1.076126e-04	2.827146e-02	3.316104e-01	7.612810e-03
1.237545e-04	3.031777e-02	3.631986e-01	8.163829e-03
1.423177e-04	3.251218e-02	3.974878e-01	8.754732e-03
1.636654e-04	3.486543e-02	4.345503e-01	9.388404e-03
1.882152e-04	3.738901e-02	4.750237e-01	1.006794e-02
2.164475e-04	4.009525e-02	5.175962e-01	1.079666e-02
2.489146e-04	2.150035e-02	5.627981e-01	1.157813e-02
2.862518e-04	2.313000e-02	6.126708e-01	1.241616e-02
3.291895e-04	2.487737e-02	6.658206e-01	1.331485e-02
3.785680e-04	2.675102e-02	7.237110e-01	1.427859e-02
4.353531e-04	2.876009e-02	7.797375e-01	1.531208e-02
5.006561e-04	3.091440e-02	8.440053e-01	1.642038e-02
5.757545e-04	3.322447e-02	9.166974e-01	1.760889e-02
6.621177e-04	3.570160e-02	9.861947e-01	1.888343e-02
7.614354e-04	3.835788e-02	1.065665e+00	2.025023e-02
8.756507e-04	4.120629e-02	1.139147e+00	2.171595e-02
1.006998e-03	4.426076e-02	1.223652e+00	2.328776e-02
1.158048e-03	4.753619e-02	1.318106e+00	2.497334e-02
1.331755e-03	5.104859e-02	1.406289e+00	2.678092e-02
1.531519e-03	5.481513e-02	1.506447e+00	2.871934e-02
1.761246e-03	5.885420e-02	1.602863e+00	3.079806e-02
2.025433e-03	6.318554e-02	1.705646e+00	3.302724e-02
2.329248e-03	6.783030e-02	1.810583e+00	3.541777e-02
2.678635e-03	7.281118e-02	1.912438e+00	3.798133e-02
3.080431e-03	7.815252e-02	2.026747e+00	4.073044e-02
3.542495e-03	8.388040e-02	2.133000e+00	4.367853e-02
4.073870e-03	9.002280e-02	2.237345e+00	4.684000e-02
4.684950e-03	9.660975e-02	2.339010e+00	5.023031e-02
5.387693e-03	1.036734e-01	2.455926e+00	5.386600e-02
6.195847e-03	1.112483e-01	2.563416e+00	5.776485e-02
7.125224e-03	1.193714e-01	2.668521e+00	6.194590e-02
8.194007e-03	1.280824e-01	2.764959e+00	6.642958e-02
9.423108e-03	1.374239e-01	2.854537e+00	7.123779e-02
1.083657e-02	1.474415e-01	2.957552e+00	7.639402e-02
1.246206e-02	1.581842e-01	3.045823e+00	8.191605e-02
1.433137e-02	1.697044e-01	3.129914e+00	8.783981e-02
1.648108e-02	1.820584e-01	3.207549e+00	9.421526e-02
1.895324e-02	1.953065e-01	3.282725e+00	1.010329e-01
2.179622e-02	2.095136e-01	3.344283e+00	1.083462e-01
2.506566e-02	2.247489e-01	3.398135e+00	1.161881e-01
2.882550e-02	2.410870e-01	3.451995e+00	1.245977e-01
3.314933e-02	2.586075e-01	3.497374e+00	1.336160e-01
3.812173e-02	2.773963e-01	3.538374e+00	1.432870e-01
4.383999e-02	2.975449e-01	3.560505e+00	1.536580e-01
5.041599e-02	3.191519e-01	3.585956e+00	1.647797e-01
5.797838e-02	3.423228e-01	3.611857e+00	1.767064e-01
6.667514e-02	3.671708e-01	3.618413e+00	1.894963e-01
7.667641e-02	3.938173e-01	3.624586e+00	2.032120e-01
8.817787e-02	4.223925e-01	3.613891e+00	2.179203e-01
1.014046e-01	4.530359e-01	3.601592e+00	2.336934e-01
1.166152e-01	4.858974e-01	3.584897e+00	2.506081e-01
1.341075e-01	5.211373e-01	3.552806e+00	2.687471e-01
1.542237e-01	5.589279e-01	3.515211e+00	2.881989e-01
1.773572e-01	5.994539e-01	3.466375e+00	3.090587e-01
2.039608e-01	6.429131e-01	3.409495e+00	3.314285e-01
2.345549e-01	6.895179e-01	3.343634e+00	3.554173e-01
2.697381e-01	7.394959e-01	3.268918e+00	3.811424e-01
3.101989e-01	7.930915e-01	3.184182e+00	4.087294e-01
3.567287e-01	8.505662e-01	3.093556e+00	4.383133e-01
4.102380e-01	9.122010e-01	2.998584e+00	4.700386e-01
4.717737e-01	9.782970e-01	2.897134e+00	5.040601e-01
5.425397e-01	1.049177e+00	2.780468e+00	5.405439e-01
6.239207e-01	1.125187e+00	2.665632e+00	5.796685e-01
7.175088e-01	1.206699e+00	2.544268e+00	6.216252e-01
8.251351e-01	1.294111e+00	2.427762e+00	6.666187e-01
9.489054e-01	1.387850e+00	2.310184e+00	7.148687e-01
1.091241e+00	1.488374e+00	2.174970e+00	7.666109e-01
1.254927e+00	1.596174e+00	2.052103e+00	8.220984e-01
1.443166e+00	1.711776e+00	1.925792e+00	8.816024e-01
1.659641e+00	1.835745e+00	1.804507e+00	9.454132e-01
1.908588e+00	1.968688e+00	1.680675e+00	1.013842e+00
2.194876e+00	2.111253e+00	1.567716e+00	1.087224e+00
2.524107e+00	2.264137e+00	1.462763e+00	1.165918e+00
2.902723e+00	2.428087e+00	1.351436e+00	1.250308e+00
3.338132e+00	2.631414e+00	1.248967e+00	1.340808e+00
3.838852e+00	2.888882e+00	1.147337e+00	1.437847e+00
4.414679e+00	3.172893e+00	1.069944e+00	1.541939e+00
5.076881e+00	3.492369e+00	9.809423e-01	1.653523e+00
5.838413e+00	3.840629e+00	8.897957e-01	1.775299e+00
6.714175e+00	4.221924e+00	8.381181e-01	1.910360e+00
7.721302e+00	4.645658e+00	7.786889e-01	2.060908e+00
8.879497e+00	5.095525e+00	7.103454e-01	2.230018e+00
1.021142e+01	5.593924e+00	6.317502e-01	2.338048e+00
1.174313e+01	6.124242e+00	5.527504e-01	2.220893e+00
1.350460e+01	6.673776e+00	5.039667e-01	2.120241e+00
1.553030e+01	7.269549e+00	4.512169e-01	2.036801e+00
1.785984e+01	7.925474e+00	4.085377e-01	1.971313e+00
2.053882e+01	8.642876e+00	3.676785e-01	1.924578e+00
2.361964e+01	9.393552e+00	3.310161e-01	1.897468e+00
2.716258e+01	1.021513e+01	2.997633e-01	1.890876e+00
3.123697e+01	1.113756e+01	2.665893e-01	1.905803e+00
3.592252e+01	1.213644e+01	2.398001e-01	1.943255e+00
4.131089e+01	1.323252e+01	2.171193e-01	2.004280e+00
4.750753e+01	1.440992e+01	1.965940e-01	2.090044e+00
5.463366e+01	1.552036e+01	1.729900e-01	2.201934e+00
6.282871e+01	1.667304e+01	1.547287e-01	2.341710e+00
7.225301e+01	1.764571e+01	1.376284e-01	2.511672e+00
8.309096e+01	1.860469e+01	1.240022e-01	2.714861e+00
9.555461e+01	1.950876e+01	1.118019e-01	2.955221e+00
1.098878e+02	2.024669e+01	9.777154e-02	3.237873e+00
1.263710e+02	2.095416e+01	8.731263e-02	3.569288e+00
1.453266e+02	2.140684e+01	7.731334e-02	3.957567e+00
1.671256e+02	2.188194e+01	6.880547e-02	4.412933e+00
1.921945e+02	2.238340e+01	6.071074e-02	4.947334e+00
2.210236e+02	2.267188e+01	5.405240e-02	5.577626e+00
2.541772e+02	2.273464e+01	4.853670e-02	6.321360e+00
2.923037e+02	2.268033e+01	4.280201e-02	7.271637e+00
3.361493e+02	2.241233e+01	3.803940e-02	8.425966e+00
3.865717e+02	2.198347e+01	3.358203e-02	9.785684e+00
4.445574e+02	2.139575e+01	3.051594e-02	1.140846e+01
5.112411e+02	2.077216e+01	2.698994e-02	1.335366e+01
5.879272e+02	2.009356e+01	2.340743e-02	1.569663e+01
6.761163e+02	1.939358e+01	2.094288e-02	1.853302e+01
7.775337e+02	1.872322e+01	1.835891e-02	2.198026e+01
8.941638e+02	1.799938e+01	1.664423e-02	2.618885e+01
1.028288e+03	1.724041e+01	1.467234e-02	3.134608e+01
1.182532e+03	1.644574e+01	1.271609e-02	3.769116e+01
1.359911e+03	1.563086e+01	1.134754e-02	4.552895e+01
1.563898e+03	1.480396e+01	9.909390e-03	5.524636e+01
1.798483e+03	1.397493e+01	8.782179e-03	6.733735e+01
2.068255e+03	1.314384e+01	7.746886e-03	8.243384e+01
2.378493e+03	1.231819e+01	6.847985e-03	1.013457e+02
2.735268e+03	1.150424e+01	6.093923e-03	1.251118e+02
3.145558e+03	1.070457e+01	5.316162e-03	1.550663e+02
3.617391e+03	9.926271e+00	4.698960e-03	1.929235e+02
4.160000e+03	9.178274e+00	4.203506e-03	2.408863e+02
4.784000e+03	8.464070e+00	3.751864e-03	3.017849e+02
5.501600e+03	7.785645e+00	3.232475e-03	3.792523e+02
6.326840e+03	7.143911e+00	2.856437e-03	4.779463e+02
7.275866e+03	6.541496e+00	2.499158e-03	6.038267e+02
8.367246e+03	5.980470e+00	2.229777e-03	7.645015e+02
9.622333e+03	5.460679e+00	1.984695e-03	9.696537e+02
