# Energy_MeV	dEdx_Elec_MeV_um	dEdx_Nucl_MeV_um	Range_um
1.000000e-05	7.854334e-03	7.377408e-02	2.546365e-03
1.150000e-05	8.422835e-03	8.159011e-02	2.730672e-03
1.322500e-05	9.032484e-03	9.001574e-02	2.928320e-03
1.520875e-05	9.686260e-03	9.954925e-02	3.140273e-03
1.749006e-05	1.038736e-02	1.098204e-01	3.367568e-03
2.011357e-05	1.113920e-02	1.211774e-01	3.611314e-03
2.313061e-05	6.030717e-03	1.329893e-01	3.872703e-03
2.660020e-05	6.542757e-03	1.465729e-01	4.153011e-03
3.059023e-05	7.091025e-03	1.617210e-01	4.453608e-03
3.517876e-05	7.678224e-03	1.775206e-01	4.775963e-03
4.045558e-05	8.307243e-03	1.952334e-01	5.121649e-03
4.652391e-05	8.981172e-03	2.133722e-01	5.492357e-03
5.350250e-05	9.703316e-03	2.342320e-01	5.889897e-03
6.152788e-05	1.047722e-02	2.572762e-01	6.316211e-03
7.075706e-05	1.130666e-02	2.811589e-01	6.773381e-03
8.137062e-05	1.219571e-02	3.079368e-01	7.263642e-03
9.357621e-05	1.314872e-02	3.361268e-01	7.789388e-03
1.076126e-04	1.417035e-02	3.666784e-01	8.353188e-03
1.237545e-04	1.526559e-02	3.993603e-01	8.957797e-03
1.423177e-04	1.643980e-02	4.340970e-01	9.606167e-03
1.636654e-04	1.769871e-02	4.727018e-01	1.030147e-02
1.882152e-04	1.904849e-02	5.130230e-01	1.104709e-02
2.164475e-04	2.049573e-02	5.543297e-01	1.184669e-02
2.489146e-04	2.204750e-02	5.990927e-01	1.270416e-02
2.862518e-04	2.371139e-02	6.505702e-01	1.362369e-02
3.291895e-04	2.549552e-02	7.013945e-01	1.460978e-02
3.785680e-04	2.740861e-02	7.570607e-01	1.566724e-02
4.353531e-04	2.946001e-02	8.118425e-01	1.680125e-02
5.006561e-04	3.165974e-02	8.707006e-01	1.801733e-02
5.757545e-04	3.401856e-02	9.383874e-01	1.932143e-02
6.621177e-04	3.654797e-02	1.002849e+00	2.071993e-02
7.614354e-04	3.926035e-02	1.073482e+00	2.221965e-02
8.756507e-04	4.216894e-02	1.144033e+00	2.382792e-02
1.006998e-03	4.528795e-02	1.219434e+00	2.555259e-02
1.158048e-03	4.863263e-02	1.294950e+00	2.740210e-02
1.331755e-03	5.221930e-02	1.368223e+00	2.938548e-02
1.531519e-03	5.606550e-02	1.449807e+00	3.151242e-02
1.761246e-03	6.019001e-02	1.527822e+00	3.379331e-02
2.025433e-03	6.461299e-02	1.608214e+00	3.623928e-02
2.329248e-03	6.935604e-02	1.679025e+00	3.886230e-02
2.678635e-03	7.444233e-02	1.760457e+00	4.167518e-02
3.080431e-03	7.989671e-02	1.845022e+00	4.469165e-02
3.542495e-03	8.574583e-02	1.918228e+00	4.792645e-02
4.073870e-03	9.201826e-02	1.995155e+00	5.139539e-02
4.684950e-03	9.874465e-02	2.057547e+00	5.511542e-02
5.387693e-03	1.059579e-01	2.129298e+00	5.910470e-02
6.195847e-03	1.136931e-01	2.200933e+00	6.338273e-02
7.125224e-03	1.219882e-01	2.259503e+00	6.797041e-02
8.194007e-03	1.308837e-01	2.320651e+00	7.289014e-02
9.423108e-03	1.404230e-01	2.373012e+00	7.813242e-02
1.083657e-02	1.506527e-01	2.421223e+00	8.380918e-02
1.246206e-02	1.616229e-01	2.464037e+00	8.989351e-02
1.433137e-02	1.733870e-01	2.501551e+00	9.639930e-02
1.648108e-02	1.860026e-01	2.538891e+00	1.033767e-01
1.895324e-02	1.995313e-01	2.568049e+00	1.108591e-01
2.179622e-02	2.140393e-01	2.588381e+00	1.188829e-01
2.506566e-02	2.295972e-01	2.606107e+00	1.274875e-01
2.882550e-02	2.462813e-01	2.626493e+00	1.367150e-01
3.314933e-02	2.641729e-01	2.634386e+00	1.466103e-01
3.812173e-02	2.833595e-01	2.639638e+00	1.572219e-01
4.383999e-02	3.039349e-01	2.635322e+00	1.686016e-01
5.041599e-02	3.259995e-01	2.626756e+00	1.808048e-01
5.797838e-02	3.496611e-01	2.616904e+00	1.938914e-01
6.667514e-02	3.750354e-01	2.596069e+00	2.079253e-01
7.667641e-02	4.022462e-01	2.570364e+00	2.229749e-01
8.817787e-02	4.314266e-01	2.537211e+00	2.391137e-01
1.014046e-01	4.627190e-01	2.497898e+00	2.564207e-01
1.166152e-01	4.962764e-01	2.451843e+00	2.749804e-01
1.341075e-01	5.322627e-01	2.399712e+00	2.948835e-01
1.542237e-01	5.708537e-01	2.339866e+00	3.162272e-01
1.773572e-01	6.122380e-01	2.275863e+00	3.391157e-01
2.039608e-01	6.566176e-01	2.206085e+00	3.636608e-01
2.345549e-01	7.042095e-01	2.135425e+00	3.899827e-01
2.697381e-01	7.552460e-01	2.054166e+00	4.182098e-01
3.101989e-01	8.099767e-01	1.967778e+00	4.484799e-01
3.567287e-01	8.686687e-01	1.883248e+00	4.809408e-01
4.102380e-01	9.316089e-01	1.793684e+00	5.157513e-01
4.717737e-01	9.991047e-01	1.711790e+00	5.530816e-01
5.425397e-01	1.071486e+00	1.617612e+00	5.931139e-01
6.239207e-01	1.149106e+00	1.521881e+00	6.360436e-01
7.175088e-01	1.232345e+00	1.433904e+00	6.820804e-01
8.251351e-01	1.321608e+00	1.341256e+00	7.314496e-01
9.489054e-01	1.417332e+00	1.254104e+00	7.843924e-01
1.091241e+00	1.519985e+00	1.169774e+00	8.411670e-01
1.254927e+00	1.630067e+00	1.089355e+00	9.020508e-01
1.443166e+00	1.748118e+00	1.011814e+00	9.673413e-01
1.659641e+00	1.874713e+00	9.322725e-01	1.037358e+00
1.908588e+00	2.010471e+00	8.590870e-01	1.112443e+00
2.194876e+00	2.156056e+00	7.984277e-01	1.192961e+00
2.524107e+00	2.340565e+00	7.364371e-01	1.279310e+00
2.902723e+00	2.562311e+00	6.651479e-01	1.371903e+00
3.338132e+00	2.805116e+00	6.232374e-01	1.471191e+00
3.838852e+00	3.075646e+00	5.818445e-01	1.577808e+00
4.414679e+00	3.373963e+00	5.342426e-01	1.694696e+00
5.076881e+00	3.695614e+00	4.795005e-01	1.766708e+00
5.838413e+00	4.055161e+00	4.165471e-01	1.717052e+00
6.714175e+00	4.442198e+00	3.791002e-01	1.670240e+00
7.721302e+00	4.868535e+00	3.400252e-01	1.627658e+00
8.879497e+00	5.337031e+00	3.080837e-01	1.590700e+00
1.021142e+01	5.817178e+00	2.764538e-01	1.560812e+00
1.174313e+01	6.354234e+00	2.483575e-01	1.539502e+00
1.350460e+01	6.960076e+00	2.260401e-01	1.528313e+00
1.553030e+01	7.629688e+00	2.010070e-01	1.528997e+00
1.785984e+01	8.374802e+00	1.812626e-01	1.543307e+00
2.053882e+01	9.172177e+00	1.625471e-01	1.573079e+00
2.361964e+01	1.003247e+01	1.482511e-01	1.620200e+00
2.716258e+01	1.085919e+01	1.318107e-01	1.686600e+00
3.123697e+01	1.168050e+01	1.163656e-01	1.774274e+00
3.592252e+01	1.253124e+01	1.044551e-01	1.885354e+00
4.131089e+01	1.320566e+01	9.293654e-02	2.022215e+00
4.750753e+01	1.387720e+01	8.443894e-02	2.187642e+00
5.463366e+01	1.443472e+01	7.466670e-02	2.385044e+00
6.282871e+01	1.492160e+01	6.573906e-02	2.618655e+00
7.225301e+01	1.539273e+01	5.877448e-02	2.893794e+00
8.309096e+01	1.570216e+01	5.190586e-02	3.217138e+00
9.555461e+01	1.597148e+01	4.608721e-02	3.597056e+00
1.098878e+02	1.611645e+01	4.100971e-02	4.043944e+00
1.263710e+02	1.624891e+01	3.658161e-02	4.570909e+00
1.453266e+02	1.637544e+01	3.258735e-02	5.193740e+00
1.671256e+02	1.635251e+01	2.872617e-02	5.931754e+00
1.921945e+02	1.623580e+01	2.541198e-02	6.819673e+00
2.210236e+02	1.594888e+01	2.298260e-02	7.962219e+00
2.541772e+02	1.553661e+01	2.052671e-02	9.336987e+00
2.923037e+02	1.503229e+01	1.770243e-02	1.098520e+01
3.361493e+02	1.446168e+01	1.586116e-02	1.297092e+01
3.865717e+02	1.387379e+01	1.388709e-02	1.537907e+01
4.445574e+02	1.326328e+01	1.254572e-02	1.831322e+01
5.112411e+02	1.265611e+01	1.117229e-02	2.190520e+01
5.879272e+02	1.205633e+01	9.592835e-03	2.632095e+01
6.761163e+02	1.143960e+01	8.602232e-03	3.177331e+01
7.775337e+02	1.081400e+01	7.506046e-03	3.853055e+01
8.941638e+02	1.018144e+01	6.674196e-03	4.693864e+01
1.028288e+03	9.551101e+00	5.860867e-03	5.744084e+01
1.182532e+03	8.928774e+00	5.151102e-03	7.060474e+01
1.359911e+03	8.318852e+00	4.624308e-03	8.716012e+01
1.563898e+03	7.723305e+00	4.020317e-03	1.080465e+02
1.798483e+03	7.146158e+00	3.574523e-03	1.344747e+02
2.068255e+03	6.590984e+00	3.158541e-03	1.680051e+02
2.378493e+03	6.058898e+00	2.843969e-03	2.106499e+02
2.735268e+03	5.553229e+00	2.482210e-03	2.650023e+02
3.145558e+03	5.076572e+00	2.157086e-03	3.344023e+02
3.617391e+03	4.630629e+00	1.908238e-03	4.231465e+02
4.160000e+03	4.215784e+00	1.676643e-03	5.367531e+02
4.784000e+03	3.830891e+00	1.505941e-03	6.822941e+02
5.501600e+03	3.476239e+00	1.309634e-03	8.688088e+02
6.326840e+03	3.151811e+00	1.137783e-03	1.107817e+03
7.275866e+03	2.856319e+00	1.003129e-03	1.413947e+03
8.367246e+03	2.588095e+00	8.741556e-04	1.805700e+03
9.622333e+03	2.346477e+00	7.641269e-04	2.306371e+03
