# Energy_MeV	dEdx_Elec_MeV_um	dEdx_Nucl_MeV_um	Range_um
1.000000e-05	4.171295e-03	9.647012e-02	2.407034e-03
1.150000e-05	4.579249e-03	1.064486e-01	2.581257e-03
1.322500e-05	5.014407e-03	1.168434e-01	2.768089e-03
1.520875e-05	5.479029e-03	1.285127e-01	2.968445e-03
1.749006e-05	5.975488e-03	1.404466e-01	3.183303e-03
2.011357e-05	6.506293e-03	1.541705e-01	3.413712e-03
2.313061e-05	7.074102e-03	1.693526e-01	3.660798e-03
2.660020e-05	7.681743e-03	1.850655e-01	3.925769e-03
3.059023e-05	8.332230e-03	2.027024e-01	4.209918e-03
3.517876e-05	9.028774e-03	2.212491e-01	4.514634e-03
4.045558e-05	9.774809e-03	2.413675e-01	4.841406e-03
4.652391e-05	1.057400e-02	2.628935e-01	5.191829e-03
5.350250e-05	1.143028e-02	2.857473e-01	5.567616e-03
6.152788e-05	1.234784e-02	3.111779e-01	5.970603e-03
7.075706e-05	1.333119e-02	3.377058e-01	6.402759e-03
8.137062e-05	1.438513e-02	3.649280e-01	6.866194e-03
9.357621e-05	1.551482e-02	3.943783e-01	7.363173e-03
1.076126e-04	1.672580e-02	4.282463e-01	7.896123e-03
1.237545e-04	1.802398e-02	4.617498e-01	8.467648e-03
1.423177e-04	1.941572e-02	4.983736e-01	9.080541e-03
1.636654e-04	2.090782e-02	5.344939e-01	9.737796e-03
1.882152e-04	2.250757e-02	5.732176e-01	1.044262e-02
2.164475e-04	2.422279e-02	6.177499e-01	1.119847e-02
2.489146e-04	2.606186e-02	6.602590e-01	1.200902e-02
2.862518e-04	2.803378e-02	7.067299e-01	1.287823e-02
3.291895e-04	3.014817e-02	7.532320e-01	1.381037e-02
3.785680e-04	3.241537e-02	8.029159e-01	1.480997e-02
4.353531e-04	3.484645e-02	8.525994e-01	1.588192e-02
5.006561e-04	3.745330e-02	9.009019e-01	1.703147e-02
5.757545e-04	4.024865e-02	9.545776e-01	1.826421e-02
6.621177e-04	4.324616e-02	1.006025e+00	1.958619e-02
7.614354e-04	4.646047e-02	1.059070e+00	2.100384e-02
8.756507e-04	4.990729e-02	1.105658e+00	2.252411e-02
1.006998e-03	5.360345e-02	1.159234e+00	2.415442e-02
1.158048e-03	5.756702e-02	1.215065e+00	2.590273e-02
1.331755e-03	6.181735e-02	1.263228e+00	2.777758e-02
1.531519e-03	6.637522e-02	1.314035e+00	2.978814e-02
1.761246e-03	7.126288e-02	1.355084e+00	3.194422e-02
2.025433e-03	7.650423e-02	1.402290e+00	3.425636e-02
2.329248e-03	8.212486e-02	1.449624e+00	3.673585e-02
2.678635e-03	8.815223e-02	1.488158e+00	3.939481e-02
3.080431e-03	9.461578e-02	1.528530e+00	4.224623e-02
3.542495e-03	1.015471e-01	1.562979e+00	4.530404e-02
4.073870e-03	1.089801e-01	1.594805e+00	4.858317e-02
4.684950e-03	1.169510e-01	1.623079e+00	5.209457e-02
5.387693e-03	1.254987e-01	1.647760e+00	5.586211e-02
6.195847e-03	1.346651e-01	1.672442e+00	5.991667e-02
7.125224e-03	1.444950e-01	1.691625e+00	6.425239e-02
8.194007e-03	1.550362e-01	1.705112e+00	6.890330e-02
9.423108e-03	1.663405e-01	1.716775e+00	7.389043e-02
1.083657e-02	1.784628e-01	1.730187e+00	7.923855e-02
1.246206e-02	1.914626e-01	1.735494e+00	8.497379e-02
1.433137e-02	2.054033e-01	1.738949e+00	9.112411e-02
1.648108e-02	2.203529e-01	1.736191e+00	9.771959e-02
1.895324e-02	2.363846e-01	1.730555e+00	1.047925e-01
2.179622e-02	2.535767e-01	1.724074e+00	1.123773e-01
2.506566e-02	2.720131e-01	1.710432e+00	1.205112e-01
2.882550e-02	2.917839e-01	1.693521e+00	1.292337e-01
3.314933e-02	3.129857e-01	1.671735e+00	1.385876e-01
3.812173e-02	3.357221e-01	1.645877e+00	1.486185e-01
4.383999e-02	3.601042e-01	1.615576e+00	1.593755e-01
5.041599e-02	3.862510e-01	1.581273e+00	1.709111e-01
5.797838e-02	4.142903e-01	1.541899e+00	1.832816e-01
6.667514e-02	4.443591e-01	1.499756e+00	1.965475e-01
7.667641e-02	4.766043e-01	1.453776e+00	2.107736e-01
8.817787e-02	5.111833e-01	1.407287e+00	2.260295e-01
1.014046e-01	5.482653e-01	1.353825e+00	2.423894e-01
1.166152e-01	5.880312e-01	1.296861e+00	2.599335e-01
1.341075e-01	6.306754e-01	1.241247e+00	2.787476e-01
1.542237e-01	6.764062e-01	1.182153e+00	2.989235e-01
1.773572e-01	7.254470e-01	1.128274e+00	3.205596e-01
2.039608e-01	7.780374e-01	1.066312e+00	3.437617e-01
2.345549e-01	8.344343e-01	1.003126e+00	3.686432e-01
2.697381e-01	8.949132e-01	9.452445e-01	3.953257e-01
3.101989e-01	9.597696e-01	8.841260e-01	4.239396e-01
3.567287e-01	1.029320e+00	8.267870e-01	4.546244e-01
4.102380e-01	1.103905e+00	7.711735e-01	4.875301e-01
4.717737e-01	1.183889e+00	7.181180e-01	5.228177e-01
5.425397e-01	1.269661e+00	6.671027e-01	5.606595e-01
6.239207e-01	1.361642e+00	6.146071e-01	6.012403e-01
7.175088e-01	1.460280e+00	5.664571e-01	6.447582e-01
8.251351e-01	1.566058e+00	5.263649e-01	6.914259e-01
9.489054e-01	1.679493e+00	4.855803e-01	7.414716e-01
1.091241e+00	1.801137e+00	4.386779e-01	7.951396e-01
1.254927e+00	1.948883e+00	4.108294e-01	8.526935e-01
1.443166e+00	2.133308e+00	3.835963e-01	9.144062e-01
1.659641e+00	2.336140e+00	3.522782e-01	9.698721e-01
1.908588e+00	2.564494e+00	3.162624e-01	9.646710e-01
2.194876e+00	2.814863e+00	2.748443e-01	9.573423e-01
2.524107e+00	3.091238e+00	2.499790e-01	9.492204e-01
2.902723e+00	3.400175e+00	2.242710e-01	9.408563e-01
3.338132e+00	3.732872e+00	2.031650e-01	9.329746e-01
3.838852e+00	4.104195e+00	1.822916e-01	9.263197e-01
4.414679e+00	4.505700e+00	1.638066e-01	9.217758e-01
5.076881e+00	4.939973e+00	1.490612e-01	9.202968e-01
5.838413e+00	5.422886e+00	1.325916e-01	9.229496e-01
6.714175e+00	5.959319e+00	1.195410e-01	9.309235e-01
7.721302e+00	6.551741e+00	1.071693e-01	9.455341e-01
8.879497e+00	7.183789e+00	9.776373e-02	9.682218e-01
1.021142e+01	7.791062e+00	8.694730e-02	1.000542e+00
1.174313e+01	8.422368e+00	7.673108e-02	1.044152e+00
1.350460e+01	8.916635e+00	6.889495e-02	1.100796e+00
1.553030e+01	9.414315e+00	6.127611e-02	1.172333e+00
1.785984e+01	9.875774e+00	5.568539e-02	1.260765e+00
2.053882e+01	1.024705e+01	4.925606e-02	1.368317e+00
2.361964e+01	1.060099e+01	4.334950e-02	1.497564e+00
2.716258e+01	1.084793e+01	3.876739e-02	1.651580e+00
3.123697e+01	1.107222e+01	3.422952e-02	1.834136e+00
3.592252e+01	1.125654e+01	3.040134e-02	2.049911e+00
4.131089e+01	1.136797e+01	2.704833e-02	2.304750e+00
4.750753e+01	1.145155e+01	2.412326e-02	2.605966e+00
5.463366e+01	1.144033e+01	2.149537e-02	2.962693e+00
6.282871e+01	1.141589e+01	1.894414e-02	3.386461e+00
7.225301e+01	1.137652e+01	1.676368e-02	3.891149e+00
8.309096e+01	1.125933e+01	1.515526e-02	4.495761e+00
9.555461e+01	1.082005e+01	1.353949e-02	5.221661e+00
1.098878e+02	1.049621e+01	1.168135e-02	6.155951e+00
1.263710e+02	1.010387e+01	1.046085e-02	7.310712e+00
1.453266e+02	9.667036e+00	9.162082e-03	8.702791e+00
1.671256e+02	9.192848e+00	8.273131e-03	1.040088e+01
1.921945e+02	8.717631e+00	7.369525e-03	1.248159e+01
2.210236e+02	8.234126e+00	6.330378e-03	1.504348e+01
2.541772e+02	7.756422e+00	5.673549e-03	1.821359e+01
2.923037e+02	7.295513e+00	4.952350e-03	2.215175e+01
3.361493e+02	6.833907e+00	4.402232e-03	2.706544e+01
3.865717e+02	6.378563e+00	3.865281e-03	3.321814e+01
4.445574e+02	5.929646e+00	3.398314e-03	4.095083e+01
5.112411e+02	5.492926e+00	3.050020e-03	5.070401e+01
5.879272e+02	5.071209e+00	2.652644e-03	6.304451e+01
6.761163e+02	4.667265e+00	2.357783e-03	7.870432e+01
7.775337e+02	4.281739e+00	2.082681e-03	9.862939e+01
8.941638e+02	3.916183e+00	1.875718e-03	1.240423e+02
1.028288e+03	3.571990e+00	1.637711e-03	1.565223e+02
1.182532e+03	3.249968e+00	1.422540e-03	1.981087e+02
1.359911e+03	2.949700e+00	1.258819e-03	2.514315e+02
1.563898e+03	2.671255e+00	1.105568e-03	3.198786e+02
1.798483e+03	2.414678e+00	9.932599e-04	4.078059e+02
2.068255e+03	2.179906e+00	8.641060e-04	5.208028e+02
2.378493e+03	1.966517e+00	7.503568e-04	6.660238e+02
2.735268e+03	1.773418e+00	6.617663e-04	8.526017e+02
3.145558e+03	1.598496e+00	5.765359e-04	1.092159e+03
3.617391e+03	1.440760e+00	5.041462e-04	1.399438e+03
4.160000e+03	1.299776e+00	4.432257e-04	1.793067e+03
4.784000e+03	1.173958e+00	3.908512e-04	2.296488e+03
5.501600e+03	1.061680e+00	3.432314e-04	2.939070e+03
6.326840e+03	9.620084e-01	2.984982e-04	3.757430e+03
7.275866e+03	8.737934e-01	2.601388e-04	4.796965e+03
8.367246e+03	7.956632e-01	2.332987e-04	6.113641e+03
9.622333e+03	7.267247e-01	2.055827e-04	7.775980e+03
