# Energy_MeV	dEdx_Elec_MeV_um	dEdx_Nucl_MeV_um	Range_um
1.000000e-05	9.667686e-03	8.074096e-02	2.068747e-03
1.150000e-05	1.036744e-02	8.930107e-02	2.218484e-03
1.322500e-05	1.111784e-02	9.865084e-02	2.379060e-03
1.520875e-05	1.192255e-02	1.089586e-01	2.551257e-03
1.749006e-05	1.278551e-02	1.203837e-01	2.735918e-03
2.011357e-05	1.371094e-02	1.328673e-01	2.933946e-03
2.313061e-05	1.470334e-02	1.459140e-01	3.146306e-03
2.660020e-05	1.576758e-02	1.606009e-01	3.374038e-03
3.059023e-05	1.690884e-02	1.774908e-01	3.618252e-03
3.517876e-05	1.813271e-02	1.947606e-01	3.880143e-03
4.045558e-05	1.944517e-02	2.144059e-01	4.160990e-03
4.652391e-05	2.085262e-02	2.344208e-01	4.462165e-03
5.350250e-05	2.236194e-02	2.569747e-01	4.785138e-03
6.152788e-05	1.203404e-02	2.829117e-01	5.131489e-03
7.075706e-05	1.301006e-02	3.089016e-01	5.502909e-03
8.137062e-05	1.405591e-02	3.385974e-01	5.901213e-03
9.357621e-05	1.517672e-02	3.694323e-01	6.328346e-03
1.076126e-04	1.637797e-02	4.034905e-01	6.786395e-03
1.237545e-04	1.766555e-02	4.401743e-01	7.277597e-03
1.423177e-04	1.904577e-02	4.777506e-01	7.804354e-03
1.636654e-04	2.052536e-02	5.209422e-01	8.369237e-03
1.882152e-04	2.211156e-02	5.648942e-01	8.975007e-03
2.164475e-04	2.381214e-02	6.121591e-01	9.624623e-03
2.489146e-04	2.563540e-02	6.605576e-01	1.032126e-02
2.862518e-04	2.759026e-02	7.162160e-01	1.106832e-02
3.291895e-04	2.968626e-02	7.748906e-01	1.186945e-02
3.785680e-04	3.193366e-02	8.350779e-01	1.272856e-02
4.353531e-04	3.434342e-02	8.987719e-01	1.364986e-02
5.006561e-04	3.692734e-02	9.624102e-01	1.463785e-02
5.757545e-04	3.969804e-02	1.035594e+00	1.569734e-02
6.621177e-04	4.266904e-02	1.110922e+00	1.683353e-02
7.614354e-04	4.585487e-02	1.187292e+00	1.805194e-02
8.756507e-04	4.927110e-02	1.268439e+00	1.935855e-02
1.006998e-03	5.293440e-02	1.351938e+00	2.075974e-02
1.158048e-03	5.686269e-02	1.435958e+00	2.226234e-02
1.331755e-03	6.107515e-02	1.520603e+00	2.387370e-02
1.531519e-03	6.559236e-02	1.608814e+00	2.560169e-02
1.761246e-03	7.043640e-02	1.699978e+00	2.745475e-02
2.025433e-03	7.563092e-02	1.791997e+00	2.944194e-02
2.329248e-03	8.120130e-02	1.872254e+00	3.157296e-02
2.678635e-03	8.717476e-02	1.960300e+00	3.385823e-02
3.080431e-03	9.358048e-02	2.061554e+00	3.630891e-02
3.542495e-03	1.004498e-01	2.141938e+00	3.893697e-02
4.073870e-03	1.078161e-01	2.232963e+00	4.175524e-02
4.684950e-03	1.157156e-01	2.303695e+00	4.477751e-02
5.387693e-03	1.241868e-01	2.381273e+00	4.801853e-02
6.195847e-03	1.332711e-01	2.470301e+00	5.149414e-02
7.125224e-03	1.430128e-01	2.533628e+00	5.522131e-02
8.194007e-03	1.534596e-01	2.606454e+00	5.918775e-02
9.423108e-03	1.646624e-01	2.664419e+00	6.349751e-02
1.083657e-02	1.766761e-01	2.722629e+00	6.810266e-02
1.246206e-02	1.895593e-01	2.774968e+00	7.303195e-02
1.433137e-02	2.033749e-01	2.815528e+00	7.831777e-02
1.648108e-02	2.181904e-01	2.862173e+00	8.398641e-02
1.895324e-02	2.340783e-01	2.893961e+00	9.006523e-02
2.179622e-02	2.511161e-01	2.922236e+00	9.658406e-02
2.506566e-02	2.693871e-01	2.941402e+00	1.035748e-01
2.882550e-02	2.889805e-01	2.963443e+00	1.110715e-01
3.314933e-02	3.099921e-01	2.978443e+00	1.191108e-01
3.812173e-02	3.325244e-01	2.984121e+00	1.277319e-01
4.383999e-02	3.566877e-01	2.984112e+00	1.369771e-01
5.041599e-02	3.825998e-01	2.974850e+00	1.468915e-01
5.797838e-02	4.103875e-01	2.964199e+00	1.575234e-01
6.667514e-02	4.401864e-01	2.945425e+00	1.689249e-01
7.667641e-02	4.721422e-01	2.917633e+00	1.811516e-01
8.817787e-02	5.064110e-01	2.883316e+00	1.942634e-01
1.014046e-01	5.431601e-01	2.841022e+00	2.083242e-01
1.166152e-01	5.825691e-01	2.791362e+00	2.234027e-01
1.341075e-01	6.248306e-01	2.734684e+00	2.395725e-01
1.542237e-01	6.701509e-01	2.669977e+00	2.569128e-01
1.773572e-01	7.187516e-01	2.598830e+00	2.755082e-01
2.039608e-01	7.708699e-01	2.520345e+00	2.954495e-01
2.345549e-01	8.267606e-01	2.442850e+00	3.168342e-01
2.697381e-01	8.866967e-01	2.354991e+00	3.397666e-01
3.101989e-01	9.509710e-01	2.254288e+00	3.643589e-01
3.567287e-01	1.019898e+00	2.162892e+00	3.907314e-01
4.102380e-01	1.093813e+00	2.057787e+00	4.190127e-01
4.717737e-01	1.173078e+00	1.967917e+00	4.493409e-01
5.425397e-01	1.258081e+00	1.866090e+00	4.818642e-01
6.239207e-01	1.349236e+00	1.751009e+00	5.167417e-01
7.175088e-01	1.446990e+00	1.655887e+00	5.541437e-01
8.251351e-01	1.551818e+00	1.546498e+00	5.942529e-01
9.489054e-01	1.664234e+00	1.452169e+00	6.372650e-01
1.091241e+00	1.784787e+00	1.353517e+00	6.833903e-01
1.254927e+00	1.914065e+00	1.258224e+00	7.328544e-01
1.443166e+00	2.052701e+00	1.174386e+00	7.858988e-01
1.659641e+00	2.201371e+00	1.079069e+00	8.427826e-01
1.908588e+00	2.360802e+00	9.999396e-01	9.037829e-01
2.194876e+00	2.573884e+00	9.239194e-01	9.691994e-01
2.524107e+00	2.820182e+00	8.568941e-01	1.039356e+00
2.902723e+00	3.093100e+00	7.798151e-01	1.114546e+00
3.338132e+00	3.393609e+00	7.188596e-01	1.195496e+00
3.838852e+00	3.729839e+00	6.741048e-01	1.284594e+00
4.414679e+00	4.085708e+00	6.226369e-01	1.383561e+00
5.076881e+00	4.482554e+00	5.634488e-01	1.482950e+00
5.838413e+00	4.912717e+00	4.953825e-01	1.424451e+00
6.714175e+00	5.375694e+00	4.419017e-01	1.371588e+00
7.721302e+00	5.889636e+00	3.996532e-01	1.325338e+00
8.879497e+00	6.398536e+00	3.599316e-01	1.286665e+00
1.021142e+01	6.976104e+00	3.229698e-01	1.256546e+00
1.174313e+01	7.626218e+00	2.917398e-01	1.235988e+00
1.350460e+01	8.316290e+00	2.640644e-01	1.226015e+00
1.553030e+01	9.083578e+00	2.369983e-01	1.227739e+00
1.785984e+01	9.932288e+00	2.122162e-01	1.242272e+00
2.053882e+01	1.085134e+01	1.890158e-01	1.270740e+00
2.361964e+01	1.182644e+01	1.731973e-01	1.314285e+00
2.716258e+01	1.279508e+01	1.554216e-01	1.374087e+00
3.123697e+01	1.381961e+01	1.356147e-01	1.451426e+00
3.592252e+01	1.469544e+01	1.227369e-01	1.547768e+00
4.131089e+01	1.553498e+01	1.079715e-01	1.664891e+00
4.750753e+01	1.631045e+01	9.878370e-02	1.805004e+00
5.463366e+01	1.695164e+01	8.821778e-02	1.970940e+00
6.282871e+01	1.758257e+01	7.669230e-02	2.166284e+00
7.225301e+01	1.805978e+01	6.916208e-02	2.395569e+00
8.309096e+01	1.843271e+01	6.066089e-02	2.664490e+00
9.555461e+01	1.870376e+01	5.436968e-02	2.980104e+00
1.098878e+02	1.895590e+01	4.817246e-02	3.351260e+00
1.263710e+02	1.918041e+01	4.271633e-02	3.789103e+00
1.453266e+02	1.925123e+01	3.839768e-02	4.304439e+00
1.671256e+02	1.925339e+01	3.360282e-02	4.931808e+00
1.921945e+02	1.901171e+01	3.001946e-02	5.736132e+00
2.210236e+02	1.861670e+01	2.681891e-02	6.686862e+00
2.541772e+02	1.809307e+01	2.416356e-02	7.826505e+00
2.923037e+02	1.749817e+01	2.110991e-02	9.192536e+00
3.361493e+02	1.687240e+01	1.860189e-02	1.084195e+01
3.865717e+02	1.621764e+01	1.646750e-02	1.284318e+01
4.445574e+02	1.557131e+01	1.465084e-02	1.528174e+01
5.112411e+02	1.491523e+01	1.316585e-02	1.826624e+01
5.879272e+02	1.423300e+01	1.145812e-02	2.193442e+01
6.761163e+02	1.353018e+01	1.009719e-02	2.645976e+01
7.775337e+02	1.281128e+01	8.911971e-03	3.206544e+01
8.941638e+02	1.208656e+01	7.851561e-03	3.903592e+01
1.028288e+03	1.136405e+01	6.875353e-03	4.773456e+01
1.182532e+03	1.064756e+01	6.099623e-03	5.862730e+01
1.359911e+03	9.940407e+00	5.432862e-03	7.231255e+01
1.563898e+03	9.248272e+00	4.779815e-03	8.955967e+01
1.798483e+03	8.575237e+00	4.208697e-03	1.113586e+02
2.068255e+03	7.922393e+00	3.678117e-03	1.389836e+02
2.378493e+03	7.297326e+00	3.337996e-03	1.740751e+02
2.735268e+03	6.703736e+00	2.946856e-03	2.187438e+02
3.145558e+03	6.144109e+00	2.523274e-03	2.757036e+02
3.617391e+03	5.618639e+00	2.254215e-03	3.484383e+02
4.160000e+03	5.126250e+00	1.953689e-03	4.414127e+02
4.784000e+03	4.669217e+00	1.769123e-03	5.603339e+02
5.501600e+03	4.248921e+00	1.556872e-03	7.124760e+02
6.326840e+03	3.863300e+00	1.332066e-03	9.070785e+02
7.275866e+03	3.510632e+00	1.186476e-03	1.155830e+03
8.367246e+03	3.191597e+00	1.025617e-03	1.473447e+03
9.622333e+03	2.904630e+00	9.066518e-04	1.878369e+03
