# Energy_MeV	dEdx_Elec_MeV_um	dEdx_Nucl_MeV_um	Range_um
1.000000e-05	1.046488e-02	6.213467e-02	1.911154e-03
1.150000e-05	1.122234e-02	6.890388e-02	2.049484e-03
1.322500e-05	1.203462e-02	7.635452e-02	2.197827e-03
1.520875e-05	1.290569e-02	8.492275e-02	2.356906e-03
1.749006e-05	1.383981e-02	9.412482e-02	2.527501e-03
2.011357e-05	1.484154e-02	1.043520e-01	2.710442e-03
2.313061e-05	1.591578e-02	1.155388e-01	2.906626e-03
2.660020e-05	1.706777e-02	1.279945e-01	3.117009e-03
3.059023e-05	1.830315e-02	1.415041e-01	3.342620e-03
3.517876e-05	1.962794e-02	1.561735e-01	3.584560e-03
4.045558e-05	2.104862e-02	1.726516e-01	3.844013e-03
4.652391e-05	2.257213e-02	1.905463e-01	4.122244e-03
5.350250e-05	2.420591e-02	2.103888e-01	4.420614e-03
6.152788e-05	2.595795e-02	2.308048e-01	4.740581e-03
7.075706e-05	2.783680e-02	2.542834e-01	5.083707e-03
8.137062e-05	2.985164e-02	2.807754e-01	5.451668e-03
9.357621e-05	3.201232e-02	3.080841e-01	5.846263e-03
1.076126e-04	3.432939e-02	3.390969e-01	6.269418e-03
1.237545e-04	3.681417e-02	3.704488e-01	6.723202e-03
1.423177e-04	3.947879e-02	4.065036e-01	7.209831e-03
1.636654e-04	4.233629e-02	4.468608e-01	7.731682e-03
1.882152e-04	4.540061e-02	4.881406e-01	8.291305e-03
2.164475e-04	4.868673e-02	5.349112e-01	8.891435e-03
2.489146e-04	5.221071e-02	5.836360e-01	9.535001e-03
2.862518e-04	5.598974e-02	6.368968e-01	1.022515e-02
3.291895e-04	6.004231e-02	6.939907e-01	1.096525e-02
3.785680e-04	3.227675e-02	7.540310e-01	1.175892e-02
4.353531e-04	3.472135e-02	8.215579e-01	1.261004e-02
5.006561e-04	3.734258e-02	8.912506e-01	1.352276e-02
5.757545e-04	4.015323e-02	9.638003e-01	1.450155e-02
6.621177e-04	4.316704e-02	1.041170e+00	1.555117e-02
7.614354e-04	4.639872e-02	1.130146e+00	1.667678e-02
8.756507e-04	4.986409e-02	1.219642e+00	1.788385e-02
1.006998e-03	5.358005e-02	1.315858e+00	1.917829e-02
1.158048e-03	5.756478e-02	1.412522e+00	2.056643e-02
1.331755e-03	6.183773e-02	1.514255e+00	2.205504e-02
1.531519e-03	6.641978e-02	1.631247e+00	2.365139e-02
1.761246e-03	7.133332e-02	1.745159e+00	2.536329e-02
2.025433e-03	7.660235e-02	1.867245e+00	2.719910e-02
2.329248e-03	8.225261e-02	1.991344e+00	2.916779e-02
2.678635e-03	8.831172e-02	2.123595e+00	3.127897e-02
3.080431e-03	9.480926e-02	2.254120e+00	3.354295e-02
3.542495e-03	1.017770e-01	2.383170e+00	3.597081e-02
4.073870e-03	1.092489e-01	2.524183e+00	3.857440e-02
4.684950e-03	1.172616e-01	2.662046e+00	4.136643e-02
5.387693e-03	1.258541e-01	2.804894e+00	4.436056e-02
6.195847e-03	1.350685e-01	2.927287e+00	4.757140e-02
7.125224e-03	1.449498e-01	3.068038e+00	5.101464e-02
8.194007e-03	1.555462e-01	3.219100e+00	5.470711e-02
9.423108e-03	1.669095e-01	3.345633e+00	5.866684e-02
1.083657e-02	1.790952e-01	3.483524e+00	6.291317e-02
1.246206e-02	1.921629e-01	3.591365e+00	6.746686e-02
1.433137e-02	2.061763e-01	3.715382e+00	7.234425e-02
1.648108e-02	2.212040e-01	3.844327e+00	7.758968e-02
1.895324e-02	2.373194e-01	3.945563e+00	8.320402e-02
2.179622e-02	2.546011e-01	4.054826e+00	8.922699e-02
2.506566e-02	2.731337e-01	4.145328e+00	9.568502e-02
2.882550e-02	2.930077e-01	4.231353e+00	1.026106e-01
3.314933e-02	3.143201e-01	4.308035e+00	1.100375e-01
3.812173e-02	3.371750e-01	4.372875e+00	1.180019e-01
4.383999e-02	3.616842e-01	4.440310e+00	1.265428e-01
5.041599e-02	3.879674e-01	4.490707e+00	1.357019e-01
5.797838e-02	4.161529e-01	4.528638e+00	1.455240e-01
6.667514e-02	4.463784e-01	4.559277e+00	1.560569e-01
7.667641e-02	4.787917e-01	4.594512e+00	1.673523e-01
8.817787e-02	5.135511e-01	4.611020e+00	1.794651e-01
1.014046e-01	5.508263e-01	4.620097e+00	1.924548e-01
1.166152e-01	5.907995e-01	4.614701e+00	2.063847e-01
1.341075e-01	6.336660e-01	4.599894e+00	2.213228e-01
1.542237e-01	6.796351e-01	4.582867e+00	2.373420e-01
1.773572e-01	7.289316e-01	4.548517e+00	2.545208e-01
2.039608e-01	7.817961e-01	4.504089e+00	2.729430e-01
2.345549e-01	8.384869e-01	4.447462e+00	2.926987e-01
2.697381e-01	8.992811e-01	4.379667e+00	3.138843e-01
3.101989e-01	9.644755e-01	4.300063e+00	3.366031e-01
3.567287e-01	1.034389e+00	4.209818e+00	3.609665e-01
4.102380e-01	1.109362e+00	4.106378e+00	3.870934e-01
4.717737e-01	1.189763e+00	3.994891e+00	4.151113e-01
5.425397e-01	1.275982e+00	3.872452e+00	4.451571e-01
6.239207e-01	1.368442e+00	3.750320e+00	4.773775e-01
7.175088e-01	1.467595e+00	3.609868e+00	5.119302e-01
8.251351e-01	1.573924e+00	3.457319e+00	5.489840e-01
9.489054e-01	1.687950e+00	3.311213e+00	5.887197e-01
1.091241e+00	1.810228e+00	3.152158e+00	6.313313e-01
1.254927e+00	1.941357e+00	3.010609e+00	6.770271e-01
1.443166e+00	2.081978e+00	2.847828e+00	7.260306e-01
1.659641e+00	2.232776e+00	2.677233e+00	7.785811e-01
1.908588e+00	2.394490e+00	2.525171e+00	8.349351e-01
2.194876e+00	2.567908e+00	2.360907e+00	8.953678e-01
2.524107e+00	2.753879e+00	2.210270e+00	9.601747e-01
2.902723e+00	2.953310e+00	2.061199e+00	1.029673e+00
3.338132e+00	3.189349e+00	1.918504e+00	1.104202e+00
3.838852e+00	3.490359e+00	1.784480e+00	1.184118e+00
4.414679e+00	3.823508e+00	1.642870e+00	1.269849e+00
5.076881e+00	4.199219e+00	1.516373e+00	1.361698e+00
5.838413e+00	4.606106e+00	1.406904e+00	1.461662e+00
6.714175e+00	5.056786e+00	1.299757e+00	1.572449e+00
7.721302e+00	5.554042e+00	1.176538e+00	1.695834e+00
8.879497e+00	6.089668e+00	1.097168e+00	1.834315e+00
1.021142e+01	6.686061e+00	1.025623e+00	1.991043e+00
1.174313e+01	7.315325e+00	9.433460e-01	2.170154e+00
1.350460e+01	7.974612e+00	8.487275e-01	2.377073e+00
1.553030e+01	8.670786e+00	7.399163e-01	2.335856e+00
1.785984e+01	9.437601e+00	6.694352e-01	2.184290e+00
2.053882e+01	1.028245e+01	6.018965e-01	2.065278e+00
2.361964e+01	1.114052e+01	5.443898e-01	1.976287e+00
2.716258e+01	1.203658e+01	4.881178e-01	1.915348e+00
3.123697e+01	1.299815e+01	4.395551e-01	1.880940e+00
3.592252e+01	1.401363e+01	3.994099e-01	1.871908e+00
4.131089e+01	1.516777e+01	3.561418e-01	1.887369e+00
4.750753e+01	1.647596e+01	3.204933e-01	1.926819e+00
5.463366e+01	1.786992e+01	2.866709e-01	1.990077e+00
6.282871e+01	1.940734e+01	2.619611e-01	2.077393e+00
7.225301e+01	2.079792e+01	2.335448e-01	2.189550e+00
8.309096e+01	2.225024e+01	2.054721e-01	2.327974e+00
9.555461e+01	2.362941e+01	1.848855e-01	2.494846e+00
1.098878e+02	2.486667e+01	1.639524e-01	2.693213e+00
1.263710e+02	2.609903e+01	1.492648e-01	2.927118e+00
1.453266e+02	2.692793e+01	1.323740e-01	3.201721e+00
1.671256e+02	2.782808e+01	1.161134e-01	3.523638e+00
1.921945e+02	2.878016e+01	1.040755e-01	3.900550e+00
2.210236e+02	2.949942e+01	9.172737e-02	4.343965e+00
2.541772e+02	2.923870e+01	8.167020e-02	4.862107e+00
2.923037e+02	2.957648e+01	7.258065e-02	5.520605e+00
3.361493e+02	2.959762e+01	6.463081e-02	6.326876e+00
3.865717e+02	2.937973e+01	5.772698e-02	7.264306e+00
4.445574e+02	2.887830e+01	5.077842e-02	8.375170e+00
5.112411e+02	2.831296e+01	4.505005e-02	9.694437e+00
5.879272e+02	2.765611e+01	4.059675e-02	1.126927e+01
6.761163e+02	2.695227e+01	3.635189e-02	1.315880e+01
7.775337e+02	2.629080e+01	3.147031e-02	1.543422e+01
8.941638e+02	2.554373e+01	2.805862e-02	1.818658e+01
1.028288e+03	2.472700e+01	2.464657e-02	2.152796e+01
1.182532e+03	2.383899e+01	2.216577e-02	2.560019e+01
1.359911e+03	2.289998e+01	1.979187e-02	3.058301e+01
1.563898e+03	2.192051e+01	1.706189e-02	3.670261e+01
1.798483e+03	2.091873e+01	1.522125e-02	4.424558e+01
2.068255e+03	1.988907e+01	1.332656e-02	5.357606e+01
2.378493e+03	1.884164e+01	1.181743e-02	6.515773e+01
2.735268e+03	1.778565e+01	1.036505e-02	7.958196e+01
3.145558e+03	1.673188e+01	9.138264e-03	9.760404e+01
3.617391e+03	1.568657e+01	8.184675e-03	1.201898e+02
4.160000e+03	1.465677e+01	7.140712e-03	1.485755e+02
4.784000e+03	1.365200e+01	6.330700e-03	1.843437e+02
5.501600e+03	1.268186e+01	5.575895e-03	2.295207e+02
6.326840e+03	1.175078e+01	5.032175e-03	2.866992e+02
7.275866e+03	1.086315e+01	4.406897e-03	3.591928e+02
8.367246e+03	1.002046e+01	3.813016e-03	4.512296e+02
9.622333e+03	9.224795e+00	3.382898e-03	5.681928e+02
