# Energy_MeV	dEdx_Elec_MeV_um	dEdx_Nucl_MeV_um	Range_um
1.000000e-05	4.522296e-03	9.461866e-02	3.276757e-03
1.150000e-05	4.920982e-03	1.038423e-01	3.513930e-03
1.322500e-05	5.347537e-03	1.141184e-01	3.768270e-03
1.520875e-05	5.804084e-03	1.246788e-01	4.041020e-03
1.749006e-05	6.292880e-03	1.365992e-01	4.333511e-03
2.011357e-05	6.816338e-03	1.490642e-01	4.647173e-03
2.313061e-05	7.377036e-03	1.626480e-01	4.983538e-03
2.660020e-05	7.977728e-03	1.771985e-01	5.344249e-03
3.059023e-05	8.621363e-03	1.925582e-01	5.731068e-03
3.517876e-05	9.311098e-03	2.097599e-01	6.145886e-03
4.045558e-05	1.005031e-02	2.275889e-01	6.590728e-03
4.652391e-05	1.084262e-02	2.460432e-01	7.067769e-03
5.350250e-05	1.169190e-02	2.658363e-01	7.579338e-03
6.152788e-05	1.260232e-02	2.885984e-01	8.127934e-03
7.075706e-05	1.357832e-02	3.113426e-01	8.716238e-03
8.137062e-05	1.462467e-02	3.359569e-01	9.347124e-03
9.357621e-05	1.574649e-02	3.605049e-01	1.002367e-02
1.076126e-04	1.694926e-02	3.865305e-01	1.074919e-02
1.237545e-04	1.823887e-02	4.164599e-01	1.152723e-02
1.423177e-04	1.962161e-02	4.453729e-01	1.236157e-02
1.636654e-04	2.110424e-02	4.766053e-01	1.325631e-02
1.882152e-04	2.269401e-02	5.081553e-01	1.421581e-02
2.164475e-04	2.439868e-02	5.418120e-01	1.524476e-02
2.489146e-04	2.622658e-02	5.752035e-01	1.634818e-02
2.862518e-04	2.818665e-02	6.079974e-01	1.753147e-02
3.291895e-04	3.028845e-02	6.440720e-01	1.880041e-02
3.785680e-04	3.254227e-02	6.790642e-01	2.016119e-02
4.353531e-04	3.495911e-02	7.152515e-01	2.162047e-02
5.006561e-04	3.755077e-02	7.465623e-01	2.318537e-02
5.757545e-04	4.032992e-02	7.825698e-01	2.486354e-02
6.621177e-04	4.331014e-02	8.207667e-01	2.666317e-02
7.614354e-04	4.650599e-02	8.531367e-01	2.859307e-02
8.756507e-04	4.993308e-02	8.879616e-01	3.066265e-02
1.006998e-03	5.360815e-02	9.155498e-01	3.288203e-02
1.158048e-03	5.754915e-02	9.472763e-01	3.526205e-02
1.331755e-03	6.177535e-02	9.797940e-01	3.781433e-02
1.531519e-03	6.630738e-02	1.005692e+00	4.055135e-02
1.761246e-03	7.116739e-02	1.033317e+00	4.348648e-02
2.025433e-03	7.637913e-02	1.056470e+00	4.663405e-02
2.329248e-03	8.196804e-02	1.078231e+00	5.000945e-02
2.678635e-03	8.796143e-02	1.097602e+00	5.362916e-02
3.080431e-03	9.438860e-02	1.114190e+00	5.751087e-02
3.542495e-03	1.012809e-01	1.131176e+00	6.167354e-02
4.073870e-03	1.086721e-01	1.144069e+00	6.613750e-02
4.684950e-03	1.165982e-01	1.153517e+00	7.090383e-02
5.387693e-03	1.250980e-01	1.161356e+00	7.606019e-02
6.195847e-03	1.342129e-01	1.170370e+00	8.156460e-02
7.125224e-03	1.439876e-01	1.174330e+00	8.746902e-02
8.194007e-03	1.544698e-01	1.176653e+00	9.379967e-02
9.423108e-03	1.657106e-01	1.175083e+00	1.005888e-01
1.083657e-02	1.777650e-01	1.171295e+00	1.078693e-01
1.246206e-02	1.906919e-01	1.166939e+00	1.156769e-01
1.433137e-02	2.045545e-01	1.158000e+00	1.240495e-01
1.648108e-02	2.194204e-01	1.146634e+00	1.330281e-01
1.895324e-02	2.353623e-01	1.132085e+00	1.426566e-01
2.179622e-02	2.524581e-01	1.114728e+00	1.529820e-01
2.506566e-02	2.707912e-01	1.094363e+00	1.640548e-01
2.882550e-02	2.904513e-01	1.071289e+00	1.759291e-01
3.314933e-02	3.115345e-01	1.044827e+00	1.886627e-01
3.812173e-02	3.341436e-01	1.016385e+00	2.023180e-01
4.383999e-02	3.583891e-01	9.852295e-01	2.169618e-01
5.041599e-02	3.843896e-01	9.539853e-01	2.326655e-01
5.797838e-02	4.122719e-01	9.180544e-01	2.495058e-01
6.667514e-02	4.421724e-01	8.793248e-01	2.675650e-01
7.667641e-02	4.742371e-01	8.419474e-01	2.869313e-01
8.817787e-02	5.086227e-01	8.016465e-01	3.076995e-01
1.014046e-01	5.454971e-01	7.654350e-01	3.299709e-01
1.166152e-01	5.850404e-01	7.237917e-01	3.538541e-01
1.341075e-01	6.274460e-01	6.806190e-01	3.794660e-01
1.542237e-01	6.729208e-01	6.417181e-01	4.069319e-01
1.773572e-01	7.216872e-01	6.000734e-01	4.363858e-01
2.039608e-01	7.739833e-01	5.615367e-01	4.679715e-01
2.345549e-01	8.300646e-01	5.237041e-01	5.018433e-01
2.697381e-01	8.902051e-01	4.875377e-01	5.381667e-01
3.101989e-01	9.546986e-01	4.532512e-01	5.771195e-01
3.567287e-01	1.023860e+00	4.174017e-01	6.188917e-01
4.102380e-01	1.098028e+00	3.850409e-01	6.636872e-01
4.717737e-01	1.177563e+00	3.574593e-01	7.117249e-01
5.425397e-01	1.262856e+00	3.300486e-01	7.632398e-01
6.239207e-01	1.354322e+00	2.985263e-01	8.184835e-01
7.175088e-01	1.452409e+00	2.788560e-01	8.777258e-01
8.251351e-01	1.557595e+00	2.605531e-01	9.412558e-01
9.489054e-01	1.670394e+00	2.395047e-01	1.009384e+00
1.091241e+00	1.794353e+00	2.152991e-01	1.021201e+00
1.254927e+00	1.951066e+00	1.874626e-01	1.038962e+00
1.443166e+00	2.125570e+00	1.699589e-01	1.053229e+00
1.659641e+00	2.320249e+00	1.526809e-01	1.063910e+00
1.908588e+00	2.532920e+00	1.381797e-01	1.071827e+00
2.194876e+00	2.771333e+00	1.239306e-01	1.078703e+00
2.524107e+00	3.028721e+00	1.115071e-01	1.085103e+00
2.902723e+00	3.307845e+00	1.013808e-01	1.091742e+00
3.338132e+00	3.614844e+00	9.031181e-02	1.099419e+00
3.838852e+00	3.932876e+00	8.133136e-02	1.109116e+00
4.414679e+00	4.279458e+00	7.281371e-02	1.121992e+00
5.076881e+00	4.632254e+00	6.649236e-02	1.139416e+00
5.838413e+00	4.989098e+00	5.922281e-02	1.162990e+00
6.714175e+00	5.367746e+00	5.216718e-02	1.194560e+00
7.721302e+00	5.709044e+00	4.690065e-02	1.236243e+00
8.879497e+00	6.062692e+00	4.163920e-02	1.290418e+00
1.021142e+01	6.389849e+00	3.788177e-02	1.359715e+00
1.174313e+01	6.666523e+00	3.356073e-02	1.447021e+00
1.350460e+01	6.930020e+00	2.947683e-02	1.555487e+00
1.553030e+01	7.087245e+00	2.639726e-02	1.688589e+00
1.785984e+01	7.226191e+00	2.328190e-02	1.850232e+00
2.053882e+01	7.315167e+00	2.070904e-02	2.044931e+00
2.361964e+01	7.341200e+00	1.841241e-02	2.278049e+00
2.716258e+01	7.335955e+00	1.640576e-02	2.556122e+00
3.123697e+01	7.261574e+00	1.463960e-02	2.887236e+00
3.592252e+01	7.160810e+00	1.288715e-02	3.281499e+00
4.131089e+01	7.024677e+00	1.142170e-02	3.751600e+00
4.750753e+01	6.868067e+00	1.030571e-02	4.313527e+00
5.463366e+01	6.689571e+00	9.219777e-03	4.987423e+00
6.282871e+01	6.494033e+00	7.970953e-03	5.798429e+00
7.225301e+01	6.278944e+00	7.119141e-03	6.780567e+00
8.309096e+01	6.041902e+00	6.246258e-03	7.965512e+00
9.555461e+01	6.049691e+00	5.626470e-03	9.468277e+00
1.098878e+02	5.752104e+00	5.019171e-03	1.140329e+01
1.263710e+02	5.435050e+00	4.320777e-03	1.375293e+01
1.453266e+02	5.104911e+00	3.861656e-03	1.666258e+01
1.671256e+02	4.777840e+00	3.376950e-03	2.026571e+01
1.921945e+02	4.454399e+00	2.997408e-03	2.475401e+01
2.210236e+02	4.138950e+00	2.630121e-03	3.037136e+01
2.541772e+02	3.837406e+00	2.316280e-03	3.742683e+01
2.923037e+02	3.545062e+00	2.076271e-03	4.632351e+01
3.361493e+02	3.263989e+00	1.809201e-03	5.757903e+01
3.865717e+02	2.994561e+00	1.605595e-03	7.186154e+01
4.445574e+02	2.738259e+00	1.415776e-03	9.004030e+01
5.112411e+02	2.496429e+00	1.276680e-03	1.132374e+02
5.879272e+02	2.269898e+00	1.116719e-03	1.429041e+02
6.761163e+02	2.058636e+00	9.677125e-04	1.809177e+02
7.775337e+02	1.862689e+00	8.576781e-04	2.297054e+02
8.941638e+02	1.681882e+00	7.516242e-04	2.924024e+02
1.028288e+03	1.516124e+00	6.761439e-04	3.730531e+02
1.182532e+03	1.364589e+00	5.893417e-04	4.768680e+02
1.359911e+03	1.226679e+00	5.105147e-04	6.105489e+02
1.563898e+03	1.101604e+00	4.509745e-04	7.827004e+02
1.798483e+03	9.886166e-01	3.923870e-04	1.004349e+03
2.068255e+03	8.870865e-01	3.437349e-04	1.289593e+03
2.378493e+03	7.963283e-01	3.019329e-04	1.656419e+03
2.735268e+03	7.151328e-01	2.659661e-04	2.127710e+03
3.145558e+03	6.424707e-01	2.339616e-04	2.732500e+03
3.617391e+03	5.778940e-01	2.031833e-04	3.507514e+03
4.160000e+03	5.206670e-01	1.774026e-04	4.499028e+03
4.784000e+03	4.698368e-01	1.587330e-04	5.765128e+03
5.501600e+03	4.248092e-01	1.401056e-04	7.378387e+03
6.326840e+03	3.851005e-01	1.186839e-04	9.429011e+03
7.275866e+03	3.500718e-01	1.049983e-04	1.202851e+04
8.367246e+03	3.191844e-01	9.050127e-05	1.531374e+04
9.622333e+03	2.919696e-01	0.000000e+00	1.945234e+04
