# Energy_MeV	dEdx_Elec_MeV_um	dEdx_Nucl_MeV_um	Range_um
1.000000e-05	8.693169e-03	6.444862e-02	2.300657e-03
1.150000e-05	9.322385e-03	7.147496e-02	2.467180e-03
1.322500e-05	9.997144e-03	7.921500e-02	2.645756e-03
1.520875e-05	1.072074e-02	8.774161e-02	2.837257e-03
1.749006e-05	1.149672e-02	9.717285e-02	3.042619e-03
2.011357e-05	1.232885e-02	1.074431e-01	3.262845e-03
2.313061e-05	1.322122e-02	1.186228e-01	3.499012e-03
2.660020e-05	1.417818e-02	1.310936e-01	3.752272e-03
3.059023e-05	1.520441e-02	1.447400e-01	4.023864e-03
3.517876e-05	1.630491e-02	1.598432e-01	4.315113e-03
4.045558e-05	1.748507e-02	1.753635e-01	4.627443e-03
4.652391e-05	1.875065e-02	1.931323e-01	4.962380e-03
5.350250e-05	2.010783e-02	2.134080e-01	5.321560e-03
6.152788e-05	2.156324e-02	2.340755e-01	5.706737e-03
7.075706e-05	2.312400e-02	2.578366e-01	6.119793e-03
8.137062e-05	2.479773e-02	2.815642e-01	6.562747e-03
9.357621e-05	2.659260e-02	3.088509e-01	7.037763e-03
1.076126e-04	2.851739e-02	3.397786e-01	7.547159e-03
1.237545e-04	3.058149e-02	3.710197e-01	8.093427e-03
1.423177e-04	3.279500e-02	4.067717e-01	8.679233e-03
1.636654e-04	3.516872e-02	4.436473e-01	9.307441e-03
1.882152e-04	3.771425e-02	4.842876e-01	9.981118e-03
2.164475e-04	4.044402e-02	5.279391e-01	1.070356e-02
2.489146e-04	4.337138e-02	5.733784e-01	1.147829e-02
2.862518e-04	2.332012e-02	6.250687e-01	1.230909e-02
3.291895e-04	2.508256e-02	6.778130e-01	1.320003e-02
3.785680e-04	2.697235e-02	7.335621e-01	1.415545e-02
4.353531e-04	2.899873e-02	7.921169e-01	1.518003e-02
5.006561e-04	3.117160e-02	8.594549e-01	1.627877e-02
5.757545e-04	3.350157e-02	9.283915e-01	1.745704e-02
6.621177e-04	3.600002e-02	1.001209e+00	1.872059e-02
7.614354e-04	3.867918e-02	1.075810e+00	2.007559e-02
8.756507e-04	4.155211e-02	1.152803e+00	2.152868e-02
1.006998e-03	4.463287e-02	1.241344e+00	2.308693e-02
1.158048e-03	4.793650e-02	1.329377e+00	2.475798e-02
1.331755e-03	5.147914e-02	1.421773e+00	2.654997e-02
1.531519e-03	5.527809e-02	1.517267e+00	2.847167e-02
1.761246e-03	5.935193e-02	1.618289e+00	3.053247e-02
2.025433e-03	6.372054e-02	1.717546e+00	3.274243e-02
2.329248e-03	6.840528e-02	1.816967e+00	3.511234e-02
2.678635e-03	7.342903e-02	1.923688e+00	3.765379e-02
3.080431e-03	7.881632e-02	2.030230e+00	4.037919e-02
3.542495e-03	8.459349e-02	2.141185e+00	4.330186e-02
4.073870e-03	9.078876e-02	2.233813e+00	4.643607e-02
4.684950e-03	9.743239e-02	2.340336e+00	4.979714e-02
5.387693e-03	1.045568e-01	2.458239e+00	5.340148e-02
6.195847e-03	1.121969e-01	2.554000e+00	5.726671e-02
7.125224e-03	1.203899e-01	2.661958e+00	6.141170e-02
8.194007e-03	1.291759e-01	2.743574e+00	6.585671e-02
9.423108e-03	1.385978e-01	2.837432e+00	7.062346e-02
1.083657e-02	1.487016e-01	2.938765e+00	7.573522e-02
1.246206e-02	1.595367e-01	3.015381e+00	8.117503e-02
1.433137e-02	1.711560e-01	3.100683e+00	8.708491e-02
1.648108e-02	1.836163e-01	3.169176e+00	9.340185e-02
1.895324e-02	1.969784e-01	3.236250e+00	1.001622e-01
2.179622e-02	2.113077e-01	3.296241e+00	1.074117e-01
2.506566e-02	2.266741e-01	3.345313e+00	1.151861e-01
2.882550e-02	2.431527e-01	3.398463e+00	1.235232e-01
3.314933e-02	2.608241e-01	3.436605e+00	1.324636e-01
3.812173e-02	2.797745e-01	3.467347e+00	1.420513e-01
4.383999e-02	3.000965e-01	3.490535e+00	1.523329e-01
5.041599e-02	3.218894e-01	3.517202e+00	1.633587e-01
5.797838e-02	3.452596e-01	3.531787e+00	1.751824e-01
6.667514e-02	3.703214e-01	3.538657e+00	1.878620e-01
7.667641e-02	3.971972e-01	3.536081e+00	2.014595e-01
8.817787e-02	4.260183e-01	3.524875e+00	2.160411e-01
1.014046e-01	4.569254e-01	3.511988e+00	2.316781e-01
1.166152e-01	4.900696e-01	3.487207e+00	2.484468e-01
1.341075e-01	5.256127e-01	3.453583e+00	2.664294e-01
1.542237e-01	5.637285e-01	3.411222e+00	2.857136e-01
1.773572e-01	6.046031e-01	3.360026e+00	3.063935e-01
2.039608e-01	6.484363e-01	3.299781e+00	3.285703e-01
2.345549e-01	6.954421e-01	3.231381e+00	3.523521e-01
2.697381e-01	7.458502e-01	3.153097e+00	3.778554e-01
3.101989e-01	7.999068e-01	3.068092e+00	4.052047e-01
3.567287e-01	8.578761e-01	2.974089e+00	4.345335e-01
4.102380e-01	9.200412e-01	2.881658e+00	4.659850e-01
4.717737e-01	9.867059e-01	2.775363e+00	4.997130e-01
5.425397e-01	1.058196e+00	2.657549e+00	5.358824e-01
6.239207e-01	1.134860e+00	2.546974e+00	5.746698e-01
7.175088e-01	1.217074e+00	2.423494e+00	6.162645e-01
8.251351e-01	1.305238e+00	2.316368e+00	6.608697e-01
9.489054e-01	1.399783e+00	2.193173e+00	7.087036e-01
1.091241e+00	1.501172e+00	2.060319e+00	7.600000e-01
1.254927e+00	1.609899e+00	1.945237e+00	8.150091e-01
1.443166e+00	1.726496e+00	1.817905e+00	8.739996e-01
1.659641e+00	1.851532e+00	1.703900e+00	9.372598e-01
1.908588e+00	1.985618e+00	1.588663e+00	1.005099e+00
2.194876e+00	2.129410e+00	1.477969e+00	1.077849e+00
2.524107e+00	2.283609e+00	1.376538e+00	1.155864e+00
2.902723e+00	2.448970e+00	1.266351e+00	1.239525e+00
3.338132e+00	2.674948e+00	1.170616e+00	1.329243e+00
3.838852e+00	2.938485e+00	1.084392e+00	1.425460e+00
4.414679e+00	3.231113e+00	1.003301e+00	1.528588e+00
5.076881e+00	3.554750e+00	9.100476e-01	1.639572e+00
5.838413e+00	3.917018e+00	8.449171e-01	1.761670e+00
6.714175e+00	4.303708e+00	7.907708e-01	1.897279e+00
7.721302e+00	4.735582e+00	7.285026e-01	2.048865e+00
8.879497e+00	5.204150e+00	6.568941e-01	2.219617e+00
1.021142e+01	5.707579e+00	5.745444e-01	2.166077e+00
1.174313e+01	6.265332e+00	5.169982e-01	2.065674e+00
1.350460e+01	6.814035e+00	4.658840e-01	1.980421e+00
1.553030e+01	7.434981e+00	4.206838e-01	1.911143e+00
1.785984e+01	8.129941e+00	3.769264e-01	1.858698e+00
2.053882e+01	8.855264e+00	3.401735e-01	1.824005e+00
2.361964e+01	9.652515e+00	3.086437e-01	1.808043e+00
2.716258e+01	1.051471e+01	2.758978e-01	1.811774e+00
3.123697e+01	1.147646e+01	2.478071e-01	1.836319e+00
3.592252e+01	1.253546e+01	2.211333e-01	1.882733e+00
4.131089e+01	1.364224e+01	2.024326e-01	1.952151e+00
4.750753e+01	1.484199e+01	1.809268e-01	2.045846e+00
5.463366e+01	1.591864e+01	1.586752e-01	2.165349e+00
6.282871e+01	1.698037e+01	1.430950e-01	2.312606e+00
7.225301e+01	1.798164e+01	1.265045e-01	2.490155e+00
8.309096e+01	1.884675e+01	1.153887e-01	2.701300e+00
9.555461e+01	1.971346e+01	1.026056e-01	2.950332e+00
1.098878e+02	2.039847e+01	8.969317e-02	3.242737e+00
1.263710e+02	2.097414e+01	8.058276e-02	3.585436e+00
1.453266e+02	2.142679e+01	7.088967e-02	3.987033e+00
1.671256e+02	2.187115e+01	6.327827e-02	4.458319e+00
1.921945e+02	2.230103e+01	5.617025e-02	5.012782e+00
2.210236e+02	2.254060e+01	4.993738e-02	5.663639e+00
2.541772e+02	2.226060e+01	4.471247e-02	6.452543e+00
2.923037e+02	2.211184e+01	3.925302e-02	7.463675e+00
3.361493e+02	2.177100e+01	3.491771e-02	8.655075e+00
3.865717e+02	2.126667e+01	3.136166e-02	1.007638e+01
4.445574e+02	2.066495e+01	2.814910e-02	1.177229e+01
5.112411e+02	2.002167e+01	2.445465e-02	1.381077e+01
5.879272e+02	1.933769e+01	2.170525e-02	1.627270e+01
6.761163e+02	1.865970e+01	1.912297e-02	1.925890e+01
7.775337e+02	1.796865e+01	1.712689e-02	2.289672e+01
8.941638e+02	1.723765e+01	1.533030e-02	2.734714e+01
1.028288e+03	1.647370e+01	1.326421e-02	3.281195e+01
1.182532e+03	1.568153e+01	1.177737e-02	3.954998e+01
1.359911e+03	1.487353e+01	1.034344e-02	4.788998e+01
1.563898e+03	1.405950e+01	9.149202e-03	5.825041e+01
1.798483e+03	1.324395e+01	8.015996e-03	7.116628e+01
2.068255e+03	1.243032e+01	7.087548e-03	8.732278e+01
2.378493e+03	1.162594e+01	6.334406e-03	1.075987e+02
2.735268e+03	1.083556e+01	5.544321e-03	1.331222e+02
3.145558e+03	1.006110e+01	4.902449e-03	1.653431e+02
3.617391e+03	9.312866e+00	4.305047e-03	2.061248e+02
4.160000e+03	8.596326e+00	3.893553e-03	2.578623e+02
4.784000e+03	7.914541e+00	3.420335e-03	3.236322e+02
5.501600e+03	7.268786e+00	2.947557e-03	4.073832e+02
6.326840e+03	6.659727e+00	2.622038e-03	5.141746e+02
7.275866e+03	6.090445e+00	2.286058e-03	6.504751e+02
8.367246e+03	5.562196e+00	2.062762e-03	8.245340e+02
9.622333e+03	5.073975e+00	1.805971e-03	1.046836e+03
