# Energy_MeV	dEdx_Elec_MeV_um	dEdx_Nucl_MeV_um	Range_um
1.000000e-05	9.490642e-03	5.435573e-02	2.107339e-03
1.150000e-05	1.017758e-02	6.029323e-02	2.259869e-03
1.322500e-05	1.091424e-02	6.712136e-02	2.423440e-03
1.520875e-05	1.170422e-02	7.422146e-02	2.598850e-03
1.749006e-05	1.255137e-02	8.237888e-02	2.786956e-03
2.011357e-05	1.345985e-02	9.167285e-02	2.988677e-03
2.313061e-05	1.443408e-02	1.014096e-01	3.204999e-03
2.660020e-05	1.547883e-02	1.125777e-01	3.436979e-03
3.059023e-05	1.659919e-02	1.244420e-01	3.685749e-03
3.517876e-05	1.780065e-02	1.377327e-01	3.952525e-03
4.045558e-05	1.908907e-02	1.523652e-01	4.238611e-03
4.652391e-05	2.047075e-02	1.680532e-01	4.545404e-03
5.350250e-05	2.195243e-02	1.859785e-01	4.874403e-03
6.152788e-05	2.354136e-02	2.049779e-01	5.227215e-03
7.075706e-05	2.524530e-02	2.256395e-01	5.605563e-03
8.137062e-05	2.707257e-02	2.479923e-01	6.011297e-03
9.357621e-05	2.903209e-02	2.736980e-01	6.446398e-03
1.076126e-04	3.113345e-02	3.011547e-01	6.912992e-03
1.237545e-04	3.338691e-02	3.310539e-01	7.413358e-03
1.423177e-04	3.580347e-02	3.630210e-01	7.949940e-03
1.636654e-04	3.839494e-02	3.973471e-01	8.525361e-03
1.882152e-04	4.117399e-02	4.368220e-01	9.142431e-03
2.164475e-04	4.415418e-02	4.783729e-01	9.804165e-03
2.489146e-04	4.735009e-02	5.235686e-01	1.051380e-02
2.862518e-04	5.077731e-02	5.723415e-01	1.127479e-02
3.291895e-04	5.445260e-02	6.256884e-01	1.209087e-02
3.785680e-04	5.839391e-02	6.817290e-01	1.296601e-02
4.353531e-04	6.262049e-02	7.412113e-01	1.390450e-02
5.006561e-04	6.715299e-02	8.069471e-01	1.491091e-02
5.757545e-04	7.201356e-02	8.768737e-01	1.599017e-02
6.621177e-04	7.722594e-02	9.531775e-01	1.714755e-02
7.614354e-04	8.281560e-02	1.026839e+00	1.838869e-02
8.756507e-04	8.880983e-02	1.111549e+00	1.971968e-02
1.006998e-03	9.523794e-02	1.207097e+00	2.114700e-02
1.158048e-03	1.021313e-01	1.298700e+00	2.267763e-02
1.331755e-03	1.095236e-01	1.403130e+00	2.431905e-02
1.531519e-03	1.174510e-01	1.499985e+00	2.607927e-02
1.761246e-03	1.259522e-01	1.611368e+00	2.796691e-02
2.025433e-03	1.350687e-01	1.735464e+00	2.999117e-02
2.329248e-03	1.448450e-01	1.851697e+00	3.216194e-02
2.678635e-03	1.553290e-01	1.983366e+00	3.448984e-02
3.080431e-03	1.665717e-01	2.110449e+00	3.698623e-02
3.542495e-03	1.786283e-01	2.245616e+00	3.966332e-02
4.073870e-03	1.915575e-01	2.383544e+00	4.253417e-02
4.684950e-03	2.054225e-01	2.517796e+00	4.561281e-02
5.387693e-03	2.202911e-01	2.667979e+00	4.891429e-02
6.195847e-03	2.362359e-01	2.808028e+00	5.245474e-02
7.125224e-03	2.533348e-01	2.944936e+00	5.625144e-02
8.194007e-03	2.716713e-01	3.078939e+00	6.032295e-02
9.423108e-03	2.913350e-01	3.233042e+00	6.468915e-02
1.083657e-02	3.124220e-01	3.373936e+00	6.937139e-02
1.246206e-02	3.350353e-01	3.512471e+00	7.439253e-02
1.433137e-02	3.592853e-01	3.638792e+00	7.977710e-02
1.648108e-02	3.852906e-01	3.756862e+00	8.550751e-02
1.895324e-02	4.131781e-01	3.892644e+00	9.173134e-02
2.179622e-02	4.430842e-01	4.008167e+00	9.838663e-02
2.506566e-02	4.751548e-01	4.119006e+00	1.055077e-01
2.882550e-02	5.095468e-01	4.220760e+00	1.131441e-01
3.314933e-02	5.464280e-01	4.319563e+00	1.213335e-01
3.812173e-02	5.859788e-01	4.400552e+00	1.301154e-01
4.383999e-02	6.283923e-01	4.471103e+00	1.395330e-01
5.041599e-02	6.738756e-01	4.542094e+00	1.496323e-01
5.797838e-02	7.226511e-01	4.601443e+00	1.604627e-01
6.667514e-02	7.749570e-01	4.655035e+00	1.720769e-01
7.667641e-02	8.310488e-01	4.684205e+00	1.845317e-01
8.817787e-02	8.912005e-01	4.717751e+00	1.978880e-01
1.014046e-01	9.557061e-01	4.751431e+00	2.122111e-01
1.166152e-01	1.024881e+00	4.760073e+00	2.275709e-01
1.341075e-01	1.099062e+00	4.767877e+00	2.440424e-01
1.542237e-01	1.178613e+00	4.753780e+00	2.617061e-01
1.773572e-01	1.263921e+00	4.737569e+00	2.806483e-01
2.039608e-01	1.355405e+00	4.715297e+00	3.009617e-01
2.345549e-01	1.453509e+00	4.672999e+00	3.227453e-01
2.697381e-01	1.558715e+00	4.623337e+00	3.461056e-01
3.101989e-01	1.671536e+00	4.558967e+00	3.711566e-01
3.567287e-01	1.792523e+00	4.483971e+00	3.980210e-01
4.102380e-01	1.922266e+00	4.397184e+00	4.268299e-01
4.717737e-01	2.061401e+00	4.298703e+00	4.577239e-01
5.425397e-01	2.210606e+00	4.187153e+00	4.908539e-01
6.239207e-01	2.370611e+00	4.067702e+00	5.263819e-01
7.175088e-01	2.542197e+00	3.942815e+00	5.644816e-01
8.251351e-01	2.726203e+00	3.809098e+00	6.053391e-01
9.489054e-01	2.923527e+00	3.655322e+00	6.491536e-01
1.091241e+00	3.135133e+00	3.504480e+00	6.961394e-01
1.254927e+00	3.362056e+00	3.344514e+00	7.465261e-01
1.443166e+00	3.605403e+00	3.191633e+00	8.005600e-01
1.659641e+00	3.866364e+00	3.036657e+00	8.585050e-01
1.908588e+00	4.146214e+00	2.858434e+00	9.206437e-01
2.194876e+00	4.446319e+00	2.697310e+00	9.872800e-01
2.524107e+00	4.768146e+00	2.530824e+00	1.058740e+00
2.902723e+00	5.113267e+00	2.371624e+00	1.135372e+00
3.338132e+00	5.483367e+00	2.208937e+00	1.217551e+00
3.838852e+00	5.880256e+00	2.060049e+00	1.305677e+00
4.414679e+00	6.305873e+00	1.922307e+00	1.400183e+00
5.076881e+00	6.762295e+00	1.775569e+00	1.501533e+00
5.838413e+00	3.717183e+00	1.641171e+00	1.610171e+00
6.714175e+00	4.092858e+00	1.507958e+00	1.727034e+00
7.721302e+00	4.513362e+00	1.405948e+00	1.855522e+00
8.879497e+00	4.966121e+00	1.288637e+00	1.998214e+00
1.021142e+01	5.473243e+00	1.169612e+00	2.157680e+00
1.174313e+01	6.025350e+00	1.101498e+00	2.337266e+00
1.350460e+01	6.622174e+00	1.023166e+00	2.541354e+00
1.553030e+01	7.282664e+00	9.330838e-01	2.775666e+00
1.785984e+01	7.922944e+00	8.294897e-01	3.047719e+00
2.053882e+01	8.642880e+00	7.262869e-01	2.849732e+00
2.361964e+01	9.444140e+00	6.619864e-01	2.670894e+00
2.716258e+01	1.027105e+01	5.928275e-01	2.532734e+00
3.123697e+01	1.116877e+01	5.365732e-01	2.431999e+00
3.592252e+01	1.204505e+01	4.829751e-01	2.366165e+00
4.131089e+01	1.301652e+01	4.349037e-01	2.333277e+00
4.750753e+01	1.406914e+01	3.937102e-01	2.331848e+00
5.463366e+01	1.526389e+01	3.502289e-01	2.360752e+00
6.282871e+01	1.661938e+01	3.149188e-01	2.419425e+00
7.225301e+01	1.803032e+01	2.852606e-01	2.507719e+00
8.309096e+01	1.949833e+01	2.582068e-01	2.626102e+00
9.555461e+01	2.097012e+01	2.270949e-01	2.775776e+00
1.098878e+02	2.232437e+01	2.032464e-01	2.958797e+00
1.263710e+02	2.371626e+01	1.807069e-01	3.178213e+00
1.453266e+02	2.487159e+01	1.629110e-01	3.438206e+00
1.671256e+02	2.590191e+01	1.468302e-01	3.744253e+00
1.921945e+02	2.675594e+01	1.283371e-01	4.103279e+00
2.210236e+02	2.762319e+01	1.146848e-01	4.524099e+00
2.541772e+02	2.850331e+01	1.015050e-01	5.017609e+00
2.923037e+02	2.910169e+01	9.036755e-02	5.594442e+00
3.361493e+02	2.984669e+01	7.974843e-02	6.289660e+00
3.865717e+02	3.006895e+01	7.097227e-02	7.181825e+00
4.445574e+02	2.998989e+01	6.374974e-02	8.225216e+00
5.112411e+02	2.964302e+01	5.619101e-02	9.457945e+00
5.879272e+02	2.911900e+01	4.995767e-02	1.091482e+01
6.761163e+02	2.851890e+01	4.412338e-02	1.264935e+01
7.775337e+02	2.784265e+01	4.008205e-02	1.472386e+01
8.941638e+02	2.716499e+01	3.543452e-02	1.721544e+01
1.028288e+03	2.646780e+01	3.074932e-02	2.022033e+01
1.182532e+03	2.568808e+01	2.750087e-02	2.385931e+01
1.359911e+03	2.483716e+01	2.412108e-02	2.828197e+01
1.563898e+03	2.392036e+01	2.186100e-02	3.367886e+01
1.798483e+03	2.295565e+01	1.926191e-02	4.028990e+01
2.068255e+03	2.195777e+01	1.670406e-02	4.841783e+01
2.378493e+03	2.093247e+01	1.490021e-02	5.844665e+01
2.735268e+03	1.988214e+01	1.301608e-02	7.086458e+01
3.145558e+03	1.881580e+01	1.153033e-02	8.629345e+01
3.617391e+03	1.774564e+01	1.017323e-02	1.055266e+02
4.160000e+03	1.668026e+01	8.995327e-03	1.295775e+02
4.784000e+03	1.562480e+01	8.001418e-03	1.597423e+02
5.501600e+03	1.458665e+01	6.982615e-03	1.976799e+02
6.326840e+03	1.357773e+01	6.169098e-03	2.455137e+02
7.275866e+03	1.260621e+01	5.521806e-03	3.059609e+02
8.367246e+03	1.167503e+01	4.926508e-03	3.824968e+02
9.622333e+03	1.078873e+01	4.241915e-03	4.795592e+02
