# Energy_MeV	dEdx_Elec_MeV_um	dEdx_Nucl_MeV_um	Range_um
1.000000e-05	1.000902e-02	7.806730e-02	1.998197e-03
1.150000e-05	1.073348e-02	8.632233e-02	2.142827e-03
1.322500e-05	1.151038e-02	9.552551e-02	2.297926e-03
1.520875e-05	1.234350e-02	1.056387e-01	2.464251e-03
1.749006e-05	1.323693e-02	1.165542e-01	2.642615e-03
2.011357e-05	1.419503e-02	1.289358e-01	2.833889e-03
2.313061e-05	1.522247e-02	1.421554e-01	3.039008e-03
2.660020e-05	1.632429e-02	1.563956e-01	3.258973e-03
3.059023e-05	1.750585e-02	1.719484e-01	3.494859e-03
3.517876e-05	1.877293e-02	1.898341e-01	3.747818e-03
4.045558e-05	2.013172e-02	2.087402e-01	4.019088e-03
4.652391e-05	2.158887e-02	2.295437e-01	4.309991e-03
5.350250e-05	2.315148e-02	2.515320e-01	4.621951e-03
6.152788e-05	2.482720e-02	2.754157e-01	4.956490e-03
7.075706e-05	2.662420e-02	3.028818e-01	5.315243e-03
8.137062e-05	2.855128e-02	3.314557e-01	5.699963e-03
9.357621e-05	3.061783e-02	3.629023e-01	6.112530e-03
1.076126e-04	3.283397e-02	3.965268e-01	6.554958e-03
1.237545e-04	1.768217e-02	4.335000e-01	7.029409e-03
1.423177e-04	1.906786e-02	4.723468e-01	7.538202e-03
1.636654e-04	2.055327e-02	5.133468e-01	8.083821e-03
1.882152e-04	2.214568e-02	5.590850e-01	8.668932e-03
2.164475e-04	2.385288e-02	6.072271e-01	9.296394e-03
2.489146e-04	2.568320e-02	6.595816e-01	9.969272e-03
2.862518e-04	2.764560e-02	7.108338e-01	1.069085e-02
3.291895e-04	2.974967e-02	7.697737e-01	1.146466e-02
3.785680e-04	3.200568e-02	8.352007e-01	1.229448e-02
4.353531e-04	3.442467e-02	8.989366e-01	1.318436e-02
5.006561e-04	3.701845e-02	9.703337e-01	1.413865e-02
5.757545e-04	3.979971e-02	1.037724e+00	1.516202e-02
6.621177e-04	4.278201e-02	1.115223e+00	1.625945e-02
7.614354e-04	4.597995e-02	1.199973e+00	1.743632e-02
8.756507e-04	4.940914e-02	1.280846e+00	1.869837e-02
1.006998e-03	5.308634e-02	1.371081e+00	2.005177e-02
1.158048e-03	5.702951e-02	1.459504e+00	2.150312e-02
1.331755e-03	6.125792e-02	1.552320e+00	2.305953e-02
1.531519e-03	6.579222e-02	1.646753e+00	2.472859e-02
1.761246e-03	7.065457e-02	1.740164e+00	2.651846e-02
2.025433e-03	7.586872e-02	1.842729e+00	2.843788e-02
2.329248e-03	8.146014e-02	1.940174e+00	3.049623e-02
2.678635e-03	8.745616e-02	2.032942e+00	3.270356e-02
3.080431e-03	9.388607e-02	2.126179e+00	3.507066e-02
3.542495e-03	1.007813e-01	2.233402e+00	3.760910e-02
4.073870e-03	1.081755e-01	2.328304e+00	4.033126e-02
4.684950e-03	1.161047e-01	2.424695e+00	4.325046e-02
5.387693e-03	1.246079e-01	2.509436e+00	4.638095e-02
6.195847e-03	1.337264e-01	2.591588e+00	4.973803e-02
7.125224e-03	1.435048e-01	2.686064e+00	5.333810e-02
8.194007e-03	1.539910e-01	2.763164e+00	5.719874e-02
9.423108e-03	1.652361e-01	2.840285e+00	6.133615e-02
1.083657e-02	1.772950e-01	2.908800e+00	6.578090e-02
1.246206e-02	1.902268e-01	2.975822e+00	7.054074e-02
1.433137e-02	2.040945e-01	3.032174e+00	7.564711e-02
1.648108e-02	2.189659e-01	3.079549e+00	8.112222e-02
1.895324e-02	2.349136e-01	3.128944e+00	8.699378e-02
2.179622e-02	2.520156e-01	3.168386e+00	9.329035e-02
2.506566e-02	2.703555e-01	3.203893e+00	1.000426e-01
2.882550e-02	2.900227e-01	3.224190e+00	1.072836e-01
3.314933e-02	3.111134e-01	3.247530e+00	1.150487e-01
3.812173e-02	3.337307e-01	3.269133e+00	1.233759e-01
4.383999e-02	3.579850e-01	3.275146e+00	1.323058e-01
5.041599e-02	3.839948e-01	3.279256e+00	1.418821e-01
5.797838e-02	4.118872e-01	3.269448e+00	1.521514e-01
6.667514e-02	4.417984e-01	3.258169e+00	1.631641e-01
7.667641e-02	4.738746e-01	3.241609e+00	1.749739e-01
8.817787e-02	5.082724e-01	3.212178e+00	1.876385e-01
1.014046e-01	5.451600e-01	3.177191e+00	2.012198e-01
1.166152e-01	5.847175e-01	3.132403e+00	2.157840e-01
1.341075e-01	6.271382e-01	3.080123e+00	2.314024e-01
1.542237e-01	6.726293e-01	3.019826e+00	2.481514e-01
1.773572e-01	7.214130e-01	2.951305e+00	2.661126e-01
2.039608e-01	7.737278e-01	2.874241e+00	2.853738e-01
2.345549e-01	8.298291e-01	2.791128e+00	3.060291e-01
2.697381e-01	8.899910e-01	2.705405e+00	3.281796e-01
3.101989e-01	9.545074e-01	2.612366e+00	3.519334e-01
3.567287e-01	1.023694e+00	2.505371e+00	3.774064e-01
4.102380e-01	1.097888e+00	2.402485e+00	4.047230e-01
4.717737e-01	1.177452e+00	2.291182e+00	4.340169e-01
5.425397e-01	1.262775e+00	2.187528e+00	4.654313e-01
6.239207e-01	1.354273e+00	2.079697e+00	4.991194e-01
7.175088e-01	1.452395e+00	1.955692e+00	5.352458e-01
8.251351e-01	1.557618e+00	1.846862e+00	5.739869e-01
9.489054e-01	1.670458e+00	1.731023e+00	6.155323e-01
1.091241e+00	1.791465e+00	1.622893e+00	6.600849e-01
1.254927e+00	1.921230e+00	1.511814e+00	7.078621e-01
1.443166e+00	2.060388e+00	1.408219e+00	7.590973e-01
1.659641e+00	2.209619e+00	1.314743e+00	8.140408e-01
1.908588e+00	2.369650e+00	1.212645e+00	8.729614e-01
2.194876e+00	2.557946e+00	1.121771e+00	9.361480e-01
2.524107e+00	2.801318e+00	1.032039e+00	1.003901e+00
2.902723e+00	3.071444e+00	9.610619e-01	1.076585e+00
3.338132e+00	3.376409e+00	8.794382e-01	1.154447e+00
3.838852e+00	3.705117e+00	8.010531e-01	1.239102e+00
4.414679e+00	4.069522e+00	7.536597e-01	1.332893e+00
5.076881e+00	4.468877e+00	6.991572e-01	1.437319e+00
5.838413e+00	4.897968e+00	6.364794e-01	1.554484e+00
6.714175e+00	5.375251e+00	5.643999e-01	1.542619e+00
7.721302e+00	5.875794e+00	4.962731e-01	1.474608e+00
8.879497e+00	6.409296e+00	4.515337e-01	1.415907e+00
1.021142e+01	6.974778e+00	4.048828e-01	1.367275e+00
1.174313e+01	7.603282e+00	3.657417e-01	1.329482e+00
1.350460e+01	8.303739e+00	3.294728e-01	1.303331e+00
1.553030e+01	9.027833e+00	2.970297e-01	1.289662e+00
1.785984e+01	9.837528e+00	2.683677e-01	1.289305e+00
2.053882e+01	1.074790e+01	2.390868e-01	1.303204e+00
2.361964e+01	1.171340e+01	2.145185e-01	1.332250e+00
2.716258e+01	1.277465e+01	1.948249e-01	1.377370e+00
3.123697e+01	1.386884e+01	1.760012e-01	1.439554e+00
3.592252e+01	1.492835e+01	1.543539e-01	1.519927e+00
4.131089e+01	1.600551e+01	1.386407e-01	1.619858e+00
4.750753e+01	1.688166e+01	1.229580e-01	1.741077e+00
5.463366e+01	1.777253e+01	1.112306e-01	1.885814e+00
6.282871e+01	1.855957e+01	1.000418e-01	2.056946e+00
7.225301e+01	1.924221e+01	8.717454e-02	2.258166e+00
8.309096e+01	1.989973e+01	7.820594e-02	2.494137e+00
9.555461e+01	2.026982e+01	6.903561e-02	2.770702e+00
1.098878e+02	2.066704e+01	6.159072e-02	3.095185e+00
1.263710e+02	2.107085e+01	5.440244e-02	3.476253e+00
1.453266e+02	2.132454e+01	4.829609e-02	3.926445e+00
1.671256e+02	2.129537e+01	4.346009e-02	4.455216e+00
1.921945e+02	2.121651e+01	3.820081e-02	5.125013e+00
2.210236e+02	2.093908e+01	3.403939e-02	5.953308e+00
2.541772e+02	2.052034e+01	3.014252e-02	6.925939e+00
2.923037e+02	1.993510e+01	2.733061e-02	8.090432e+00
3.361493e+02	1.931963e+01	2.409692e-02	9.487264e+00
3.865717e+02	1.865565e+01	2.098353e-02	1.117193e+01
4.445574e+02	1.797039e+01	1.872329e-02	1.321443e+01
5.112411e+02	1.730963e+01	1.647545e-02	1.570034e+01
5.879272e+02	1.660925e+01	1.490292e-02	1.873980e+01
6.761163e+02	1.587903e+01	1.309450e-02	2.247026e+01
7.775337e+02	1.511917e+01	1.139690e-02	2.706688e+01
8.941638e+02	1.434251e+01	1.014181e-02	3.275374e+01
1.028288e+03	1.355676e+01	8.876461e-03	3.981549e+01
1.182532e+03	1.277277e+01	7.842697e-03	4.861589e+01
1.359911e+03	1.198997e+01	6.928223e-03	5.962084e+01
1.563898e+03	1.121491e+01	6.136184e-03	7.342805e+01
1.798483e+03	1.045402e+01	5.444634e-03	9.080508e+01
2.068255e+03	9.709907e+00	4.761010e-03	1.127385e+02
2.378493e+03	8.986963e+00	4.194974e-03	1.404969e+02
2.735268e+03	8.294111e+00	3.767489e-03	1.757120e+02
3.145558e+03	7.634652e+00	3.353288e-03	2.204810e+02
3.617391e+03	7.010594e+00	2.876956e-03	2.774979e+02
4.160000e+03	6.421991e+00	2.556072e-03	3.502180e+02
4.784000e+03	5.870113e+00	2.228412e-03	4.430641e+02
5.501600e+03	5.357653e+00	1.998044e-03	5.616845e+02
6.326840e+03	4.884566e+00	1.773279e-03	7.132698e+02
7.275866e+03	4.448934e+00	1.514799e-03	9.069414e+02
8.367246e+03	4.050704e+00	1.346547e-03	1.154220e+03
9.622333e+03	3.690115e+00	1.169248e-03	1.469588e+03
