# Energy_MeV	dEdx_Elec_MeV_um	dEdx_Nucl_MeV_um	Range_um
1.000000e-05	9.904090e-03	7.981100e-02	2.019368e-03
1.150000e-05	1.062095e-02	8.837706e-02	2.165531e-03
1.322500e-05	1.138970e-02	9.778232e-02	2.322273e-03
1.520875e-05	1.221410e-02	1.078332e-01	2.490360e-03
1.749006e-05	1.309816e-02	1.193052e-01	2.670614e-03
2.011357e-05	1.404621e-02	1.315475e-01	2.863914e-03
2.313061e-05	1.506288e-02	1.450379e-01	3.071206e-03
2.660020e-05	1.615314e-02	1.592515e-01	3.293501e-03
3.059023e-05	1.732232e-02	1.755971e-01	3.531887e-03
3.517876e-05	1.857611e-02	1.935692e-01	3.787527e-03
4.045558e-05	1.992066e-02	2.125813e-01	4.061670e-03
4.652391e-05	2.136253e-02	2.335669e-01	4.355656e-03
5.350250e-05	2.290876e-02	2.553939e-01	4.670920e-03
6.152788e-05	2.456691e-02	2.804951e-01	5.009004e-03
7.075706e-05	2.634508e-02	3.077891e-01	5.371558e-03
8.137062e-05	1.416805e-02	3.365279e-01	5.760355e-03
9.357621e-05	1.530088e-02	3.683479e-01	6.177292e-03
1.076126e-04	1.651497e-02	4.022699e-01	6.624408e-03
1.237545e-04	1.781628e-02	4.386576e-01	7.103886e-03
1.423177e-04	1.921118e-02	4.774839e-01	7.618069e-03
1.636654e-04	2.070648e-02	5.192837e-01	8.169469e-03
1.882152e-04	2.230951e-02	5.650755e-01	8.760779e-03
2.164475e-04	2.402809e-02	6.135952e-01	9.394889e-03
2.489146e-04	2.587063e-02	6.623464e-01	1.007490e-02
2.862518e-04	2.784614e-02	7.162112e-01	1.080412e-02
3.291895e-04	2.996428e-02	7.781556e-01	1.158613e-02
3.785680e-04	3.223538e-02	8.379494e-01	1.242474e-02
4.353531e-04	3.467056e-02	9.049342e-01	1.332405e-02
5.006561e-04	3.728170e-02	9.692188e-01	1.428845e-02
5.757545e-04	4.008158e-02	1.040044e+00	1.532266e-02
6.621177e-04	4.308386e-02	1.121494e+00	1.643172e-02
7.614354e-04	4.630322e-02	1.196998e+00	1.762106e-02
8.756507e-04	4.975539e-02	1.281993e+00	1.889648e-02
1.006998e-03	5.345724e-02	1.365105e+00	2.026422e-02
1.158048e-03	5.742684e-02	1.454245e+00	2.173095e-02
1.331755e-03	6.168359e-02	1.545116e+00	2.330385e-02
1.531519e-03	6.624829e-02	1.631299e+00	2.499059e-02
1.761246e-03	7.114325e-02	1.729472e+00	2.679942e-02
2.025433e-03	7.639236e-02	1.820853e+00	2.873918e-02
2.329248e-03	8.202129e-02	1.914367e+00	3.081934e-02
2.678635e-03	8.805752e-02	1.999576e+00	3.305006e-02
3.080431e-03	9.453055e-02	2.097566e+00	3.544224e-02
3.542495e-03	1.014720e-01	2.195273e+00	3.800757e-02
4.073870e-03	1.089158e-01	2.283365e+00	4.075857e-02
4.684950e-03	1.168983e-01	2.371856e+00	4.370870e-02
5.387693e-03	1.254584e-01	2.446934e+00	4.687236e-02
6.195847e-03	1.346381e-01	2.533274e+00	5.026501e-02
7.125224e-03	1.444822e-01	2.615232e+00	5.390322e-02
8.194007e-03	1.550387e-01	2.685711e+00	5.777984e-02
9.423108e-03	1.663592e-01	2.756336e+00	6.197800e-02
1.083657e-02	1.784991e-01	2.819343e+00	6.647742e-02
1.246206e-02	1.915176e-01	2.875128e+00	7.128854e-02
1.433137e-02	2.054783e-01	2.924430e+00	7.644840e-02
1.648108e-02	2.204495e-01	2.969572e+00	8.198173e-02
1.895324e-02	2.365042e-01	3.012108e+00	8.791547e-02
2.179622e-02	2.537210e-01	3.047195e+00	9.427871e-02
2.506566e-02	2.721839e-01	3.069355e+00	1.011025e-01
2.882550e-02	2.919831e-01	3.090686e+00	1.084203e-01
3.314933e-02	3.132153e-01	3.115217e+00	1.162677e-01
3.812173e-02	3.359843e-01	3.122345e+00	1.246831e-01
4.383999e-02	3.604013e-01	3.128664e+00	1.337076e-01
5.041599e-02	3.865857e-01	3.121763e+00	1.433852e-01
5.797838e-02	4.146652e-01	3.111455e+00	1.537635e-01
6.667514e-02	4.447771e-01	3.099601e+00	1.648928e-01
7.667641e-02	4.770685e-01	3.073153e+00	1.768277e-01
8.817787e-02	5.116972e-01	3.042222e+00	1.896265e-01
1.014046e-01	5.488322e-01	3.001766e+00	2.033516e-01
1.166152e-01	5.886551e-01	2.954333e+00	2.180702e-01
1.341075e-01	6.313605e-01	2.898918e+00	2.338542e-01
1.542237e-01	6.771568e-01	2.836296e+00	2.507805e-01
1.773572e-01	7.262679e-01	2.764282e+00	2.689319e-01
2.039608e-01	7.789336e-01	2.687979e+00	2.883973e-01
2.345549e-01	8.354113e-01	2.605530e+00	3.092716e-01
2.697381e-01	8.959769e-01	2.520502e+00	3.316567e-01
3.101989e-01	9.609262e-01	2.422720e+00	3.556620e-01
3.567287e-01	1.030577e+00	2.321444e+00	3.814048e-01
4.102380e-01	1.105268e+00	2.219725e+00	4.090111e-01
4.717737e-01	1.185366e+00	2.115468e+00	4.386155e-01
5.425397e-01	1.271262e+00	2.016922e+00	4.703626e-01
6.239207e-01	1.363374e+00	1.903595e+00	5.044074e-01
7.175088e-01	1.462154e+00	1.792641e+00	5.409166e-01
8.251351e-01	1.568084e+00	1.686777e+00	5.800684e-01
9.489054e-01	1.681680e+00	1.578705e+00	6.220540e-01
1.091241e+00	1.803499e+00	1.473832e+00	6.670784e-01
1.254927e+00	1.934135e+00	1.375094e+00	7.153616e-01
1.443166e+00	2.074227e+00	1.281382e+00	7.671398e-01
1.659641e+00	2.224459e+00	1.188075e+00	8.226659e-01
1.908588e+00	2.385564e+00	1.095775e+00	8.822104e-01
2.194876e+00	2.593385e+00	1.007708e+00	9.460665e-01
2.524107e+00	2.844536e+00	9.385404e-01	1.014540e+00
2.902723e+00	3.119799e+00	8.639453e-01	1.087965e+00
3.338132e+00	3.426398e+00	7.781608e-01	1.166811e+00
3.838852e+00	3.764353e+00	7.334624e-01	1.253256e+00
4.414679e+00	4.127315e+00	6.836531e-01	1.349214e+00
5.076881e+00	4.532054e+00	6.263723e-01	1.456340e+00
5.838413e+00	4.963269e+00	5.604995e-01	1.490796e+00
6.714175e+00	5.434714e+00	4.853347e-01	1.428364e+00
7.721302e+00	5.948765e+00	4.444476e-01	1.373349e+00
8.879497e+00	6.468352e+00	3.974275e-01	1.326625e+00
1.021142e+01	7.046336e+00	3.608924e-01	1.289062e+00
1.174313e+01	7.691029e+00	3.241563e-01	1.261551e+00
1.350460e+01	8.384909e+00	2.909855e-01	1.245021e+00
1.553030e+01	9.139346e+00	2.647916e-01	1.240401e+00
1.785984e+01	9.973984e+00	2.346686e-01	1.248719e+00
2.053882e+01	1.090339e+01	2.121684e-01	1.270973e+00
2.361964e+01	1.188570e+01	1.908669e-01	1.308175e+00
2.716258e+01	1.290967e+01	1.736640e-01	1.361372e+00
3.123697e+01	1.401106e+01	1.538808e-01	1.431692e+00
3.592252e+01	1.495376e+01	1.364343e-01	1.520430e+00
4.131089e+01	1.591379e+01	1.221020e-01	1.629160e+00
4.750753e+01	1.675670e+01	1.090888e-01	1.759862e+00
5.463366e+01	1.752371e+01	9.886336e-02	1.915066e+00
6.282871e+01	1.828947e+01	8.710413e-02	2.098023e+00
7.225301e+01	1.884925e+01	7.704775e-02	2.312848e+00
8.309096e+01	1.936766e+01	6.866706e-02	2.564727e+00
9.555461e+01	1.972674e+01	6.079582e-02	2.860106e+00
1.098878e+02	2.008676e+01	5.379407e-02	3.207114e+00
1.263710e+02	2.046063e+01	4.794344e-02	3.615486e+00
1.453266e+02	2.062965e+01	4.286001e-02	4.097034e+00
1.671256e+02	2.029702e+01	3.805360e-02	4.673834e+00
1.921945e+02	2.011608e+01	3.363463e-02	5.414706e+00
2.210236e+02	1.975914e+01	2.964657e-02	6.300399e+00
2.541772e+02	1.926631e+01	2.693358e-02	7.355084e+00
2.923037e+02	1.867131e+01	2.397833e-02	8.617033e+00
3.361493e+02	1.804535e+01	2.061935e-02	1.013707e+01
3.865717e+02	1.738129e+01	1.855373e-02	1.197647e+01
4.445574e+02	1.671490e+01	1.617828e-02	1.421285e+01
5.112411e+02	1.605385e+01	1.469847e-02	1.694320e+01
5.879272e+02	1.535760e+01	1.304577e-02	2.029136e+01
6.761163e+02	1.463680e+01	1.120643e-02	2.441236e+01
7.775337e+02	1.389365e+01	1.005941e-02	2.950528e+01
8.941638e+02	1.314033e+01	8.743117e-03	3.582398e+01
1.028288e+03	1.238482e+01	7.798368e-03	4.369194e+01
1.182532e+03	1.163309e+01	6.858209e-03	5.352341e+01
1.359911e+03	1.088732e+01	6.037848e-03	6.584977e+01
1.563898e+03	1.015379e+01	5.405846e-03	8.135356e+01
1.798483e+03	9.437216e+00	4.692573e-03	1.009122e+02
2.068255e+03	8.739435e+00	4.175278e-03	1.256545e+02
2.378493e+03	8.067444e+00	3.704339e-03	1.570328e+02
2.735268e+03	7.426669e+00	3.325804e-03	1.969155e+02
3.145558e+03	6.819982e+00	2.890489e-03	2.477045e+02
3.617391e+03	6.248366e+00	2.525671e-03	3.124842e+02
4.160000e+03	5.711027e+00	2.226225e-03	3.952084e+02
4.784000e+03	5.210194e+00	1.965913e-03	5.009340e+02
5.501600e+03	4.747650e+00	1.760502e-03	6.361116e+02
6.326840e+03	4.322144e+00	1.524279e-03	8.089417e+02
7.275866e+03	3.931714e+00	1.331782e-03	1.029809e+03
8.367246e+03	3.576976e+00	1.169750e-03	1.311806e+03
9.622333e+03	3.257078e+00	1.022401e-03	1.671356e+03
