# Energy_MeV	dEdx_Elec_MeV_um	dEdx_Nucl_MeV_um	Range_um
1.000000e-05	9.939089e-03	7.239992e-02	2.012257e-03
1.150000e-05	1.065849e-02	8.022848e-02	2.157905e-03
1.322500e-05	1.142995e-02	8.887961e-02	2.314095e-03
1.520875e-05	1.225726e-02	9.841871e-02	2.481591e-03
1.749006e-05	1.314444e-02	1.088291e-01	2.661210e-03
2.011357e-05	1.409585e-02	1.201714e-01	2.853830e-03
2.313061e-05	1.511611e-02	1.327848e-01	3.060391e-03
2.660020e-05	1.621022e-02	1.466337e-01	3.281904e-03
3.059023e-05	1.738353e-02	1.619096e-01	3.519450e-03
3.517876e-05	1.864176e-02	1.776769e-01	3.774190e-03
4.045558e-05	1.999106e-02	1.956490e-01	4.047367e-03
4.652391e-05	2.143802e-02	2.162578e-01	4.340318e-03
5.350250e-05	2.298972e-02	2.371617e-01	4.654473e-03
6.152788e-05	2.465372e-02	2.612012e-01	4.991366e-03
7.075706e-05	2.643817e-02	2.853235e-01	5.352643e-03
8.137062e-05	2.835178e-02	3.129223e-01	5.740071e-03
9.357621e-05	3.040390e-02	3.443760e-01	6.155540e-03
1.076126e-04	1.638057e-02	3.759744e-01	6.601081e-03
1.237545e-04	1.767172e-02	4.122946e-01	7.078871e-03
1.423177e-04	1.905573e-02	4.495919e-01	7.591243e-03
1.636654e-04	2.053936e-02	4.908457e-01	8.140702e-03
1.882152e-04	2.212986e-02	5.351945e-01	8.729930e-03
2.164475e-04	2.383501e-02	5.811534e-01	9.361807e-03
2.489146e-04	2.566315e-02	6.336969e-01	1.003942e-02
2.862518e-04	2.762322e-02	6.870444e-01	1.076608e-02
3.291895e-04	2.972479e-02	7.438086e-01	1.154533e-02
3.785680e-04	3.197814e-02	8.030330e-01	1.238099e-02
4.353531e-04	3.439427e-02	8.711411e-01	1.327713e-02
5.006561e-04	3.698499e-02	9.414059e-01	1.423814e-02
5.757545e-04	3.976296e-02	1.015056e+00	1.526870e-02
6.621177e-04	4.274176e-02	1.091158e+00	1.637386e-02
7.614354e-04	4.593594e-02	1.169031e+00	1.755901e-02
8.756507e-04	4.936110e-02	1.258585e+00	1.882994e-02
1.006998e-03	5.303397e-02	1.348441e+00	2.019286e-02
1.158048e-03	5.697251e-02	1.441893e+00	2.165443e-02
1.331755e-03	6.119596e-02	1.539185e+00	2.322179e-02
1.531519e-03	6.572494e-02	1.641362e+00	2.490259e-02
1.761246e-03	7.058159e-02	1.742385e+00	2.670505e-02
2.025433e-03	7.578963e-02	1.843729e+00	2.863798e-02
2.329248e-03	8.137451e-02	1.951671e+00	3.071081e-02
2.678635e-03	8.736350e-02	2.060418e+00	3.293368e-02
3.080431e-03	9.378587e-02	2.173021e+00	3.531744e-02
3.542495e-03	1.006730e-01	2.267606e+00	3.787373e-02
4.073870e-03	1.080585e-01	2.375346e+00	4.061505e-02
4.684950e-03	1.159785e-01	2.496200e+00	4.355479e-02
5.387693e-03	1.244717e-01	2.593057e+00	4.670731e-02
6.195847e-03	1.335796e-01	2.703863e+00	5.008801e-02
7.125224e-03	1.433466e-01	2.786412e+00	5.371340e-02
8.194007e-03	1.538205e-01	2.881343e+00	5.760121e-02
9.423108e-03	1.650524e-01	2.985513e+00	6.177041e-02
1.083657e-02	1.770972e-01	3.063006e+00	6.624045e-02
1.246206e-02	1.900138e-01	3.150452e+00	7.103849e-02
1.433137e-02	2.038653e-01	3.219729e+00	7.617878e-02
1.648108e-02	2.187193e-01	3.288452e+00	8.169331e-02
1.895324e-02	2.346484e-01	3.350006e+00	8.760602e-02
2.179622e-02	2.517304e-01	3.399639e+00	9.394687e-02
2.506566e-02	2.700488e-01	3.454345e+00	1.007467e-01
2.882550e-02	2.896930e-01	3.492922e+00	1.080387e-01
3.314933e-02	3.107591e-01	3.524929e+00	1.158584e-01
3.812173e-02	3.333499e-01	3.548382e+00	1.242441e-01
4.383999e-02	3.575758e-01	3.575354e+00	1.332369e-01
5.041599e-02	3.835552e-01	3.591043e+00	1.428805e-01
5.797838e-02	4.114149e-01	3.597992e+00	1.532222e-01
6.667514e-02	4.412912e-01	3.596061e+00	1.643123e-01
7.667641e-02	4.733298e-01	3.584728e+00	1.762052e-01
8.817787e-02	5.076875e-01	3.571694e+00	1.889589e-01
1.014046e-01	5.445319e-01	3.547173e+00	2.026358e-01
1.166152e-01	5.840431e-01	3.513164e+00	2.173025e-01
1.341075e-01	6.264142e-01	3.470541e+00	2.330308e-01
1.542237e-01	6.718521e-01	3.418787e+00	2.498975e-01
1.773572e-01	7.205788e-01	3.357876e+00	2.679852e-01
2.039608e-01	7.728323e-01	3.288649e+00	2.873820e-01
2.345549e-01	8.288680e-01	3.209469e+00	3.081827e-01
2.697381e-01	8.889595e-01	3.123209e+00	3.304889e-01
3.101989e-01	9.534005e-01	3.027532e+00	3.544098e-01
3.567287e-01	1.022506e+00	2.934044e+00	3.800621e-01
4.102380e-01	1.096613e+00	2.826533e+00	4.075711e-01
4.717737e-01	1.176084e+00	2.706313e+00	4.370710e-01
5.425397e-01	1.261307e+00	2.594474e+00	4.687063e-01
6.239207e-01	1.352699e+00	2.468190e+00	5.026315e-01
7.175088e-01	1.450705e+00	2.359839e+00	5.390122e-01
8.251351e-01	1.555806e+00	2.235236e+00	5.780260e-01
9.489054e-01	1.668514e+00	2.099183e+00	6.198635e-01
1.091241e+00	1.789379e+00	1.982785e+00	6.647294e-01
1.254927e+00	1.918993e+00	1.852646e+00	7.128429e-01
1.443166e+00	2.057988e+00	1.737338e+00	7.644388e-01
1.659641e+00	2.207044e+00	1.619699e+00	8.197691e-01
1.908588e+00	2.366888e+00	1.506530e+00	8.791040e-01
2.194876e+00	2.538303e+00	1.403939e+00	9.427339e-01
2.524107e+00	2.738470e+00	1.291140e+00	1.010971e+00
2.902723e+00	2.998182e+00	1.194311e+00	1.084139e+00
3.338132e+00	3.286709e+00	1.105587e+00	1.162633e+00
3.838852e+00	3.612599e+00	1.023570e+00	1.246714e+00
4.414679e+00	3.962934e+00	9.292495e-01	1.338069e+00
5.076881e+00	4.352335e+00	8.611060e-01	1.439260e+00
5.838413e+00	4.778306e+00	8.063405e-01	1.551904e+00
6.714175e+00	5.237145e+00	7.433601e-01	1.678264e+00
7.721302e+00	5.747804e+00	6.709327e-01	1.821183e+00
8.879497e+00	6.279648e+00	5.876412e-01	1.752621e+00
1.021142e+01	6.846688e+00	5.275529e-01	1.667696e+00
1.174313e+01	7.442174e+00	4.758541e-01	1.596663e+00
1.350460e+01	8.102295e+00	4.293850e-01	1.539966e+00
1.553030e+01	8.837335e+00	3.846030e-01	1.498101e+00
1.785984e+01	9.583865e+00	3.474298e-01	1.471623e+00
2.053882e+01	1.040707e+01	3.150252e-01	1.461143e+00
2.361964e+01	1.131821e+01	2.819049e-01	1.467264e+00
2.716258e+01	1.231279e+01	2.529949e-01	1.490727e+00
3.123697e+01	1.342118e+01	2.255337e-01	1.532235e+00
3.592252e+01	1.459484e+01	2.066191e-01	1.592585e+00
4.131089e+01	1.576387e+01	1.848674e-01	1.672733e+00
4.750753e+01	1.696458e+01	1.619108e-01	1.773896e+00
5.463366e+01	1.797693e+01	1.461524e-01	1.897685e+00
6.282871e+01	1.901231e+01	1.290369e-01	2.046242e+00
7.225301e+01	1.993304e+01	1.177940e-01	2.222381e+00
8.309096e+01	2.075381e+01	1.048647e-01	2.429753e+00
9.555461e+01	2.154930e+01	9.153304e-02	2.673014e+00
1.098878e+02	2.202677e+01	8.231844e-02	2.958011e+00
1.263710e+02	2.253851e+01	7.235865e-02	3.292084e+00
1.453266e+02	2.306339e+01	6.466021e-02	3.683907e+00
1.671256e+02	2.343354e+01	5.736833e-02	4.146122e+00
1.921945e+02	2.373678e+01	5.096725e-02	4.687600e+00
2.210236e+02	2.319036e+01	4.568259e-02	5.371864e+00
2.541772e+02	2.297331e+01	4.007078e-02	6.219230e+00
2.923037e+02	2.259179e+01	3.568589e-02	7.210572e+00
3.361493e+02	2.201706e+01	3.200596e-02	8.394581e+00
3.865717e+02	2.140168e+01	2.875666e-02	9.810591e+00
4.445574e+02	2.072964e+01	2.501996e-02	1.151351e+01
5.112411e+02	2.002954e+01	2.216411e-02	1.357221e+01
5.879272e+02	1.935583e+01	1.955230e-02	1.607056e+01
6.761163e+02	1.863500e+01	1.748027e-02	1.911628e+01
7.775337e+02	1.787540e+01	1.566313e-02	2.284346e+01
8.941638e+02	1.707745e+01	1.357341e-02	2.742247e+01
1.028288e+03	1.625485e+01	1.202753e-02	3.307088e+01
1.182532e+03	1.541634e+01	1.057721e-02	4.006444e+01
1.359911e+03	1.457431e+01	9.345962e-03	4.875472e+01
1.563898e+03	1.372769e+01	8.184549e-03	5.959118e+01
1.798483e+03	1.288367e+01	7.245483e-03	7.314939e+01
2.068255e+03	1.204980e+01	6.469635e-03	9.016732e+01
2.378493e+03	1.122881e+01	5.670515e-03	1.115922e+02
2.735268e+03	1.042600e+01	5.008378e-03	1.386405e+02
3.145558e+03	9.652490e+00	4.392426e-03	1.728754e+02
3.617391e+03	8.912130e+00	3.976226e-03	2.163046e+02
4.160000e+03	8.207217e+00	3.497596e-03	2.715058e+02
4.784000e+03	7.539151e+00	3.008963e-03	3.417839e+02
5.501600e+03	6.910361e+00	2.679721e-03	4.313695e+02
6.326840e+03	6.323309e+00	2.332631e-03	5.456655e+02
7.275866e+03	5.778235e+00	2.106781e-03	6.915529e+02
8.367246e+03	5.274257e+00	1.847053e-03	8.777642e+02
9.622333e+03	4.811494e+00	1.588035e-03	1.115336e+03
