# Energy_MeV	dEdx_Elec_MeV_um	dEdx_Nucl_MeV_um	Range_um
1.000000e-05	8.515634e-03	6.414836e-02	2.348621e-03
1.150000e-05	9.132000e-03	7.107921e-02	2.518616e-03
1.322500e-05	9.792979e-03	7.881461e-02	2.700915e-03
1.520875e-05	1.050180e-02	8.724747e-02	2.896408e-03
1.749006e-05	1.126193e-02	9.664468e-02	3.106052e-03
2.011357e-05	1.207707e-02	1.068627e-01	3.330870e-03
2.313061e-05	1.295121e-02	1.179216e-01	3.571960e-03
2.660020e-05	1.388863e-02	1.303849e-01	3.830500e-03
3.059023e-05	1.489390e-02	1.438711e-01	4.107754e-03
3.517876e-05	1.597192e-02	1.588060e-01	4.405075e-03
4.045558e-05	1.712798e-02	1.742479e-01	4.723917e-03
4.652391e-05	1.836771e-02	1.920061e-01	5.065836e-03
5.350250e-05	1.969718e-02	2.119373e-01	5.432504e-03
6.152788e-05	2.112287e-02	2.325924e-01	5.825712e-03
7.075706e-05	2.265176e-02	2.559126e-01	6.247380e-03
8.137062e-05	1.216591e-02	2.796260e-01	6.699568e-03
9.357621e-05	1.312350e-02	3.068963e-01	7.184487e-03
1.076126e-04	1.414998e-02	3.372399e-01	7.704504e-03
1.237545e-04	1.525035e-02	3.684622e-01	8.262160e-03
1.423177e-04	1.643000e-02	4.036703e-01	8.860179e-03
1.636654e-04	1.769470e-02	4.405238e-01	9.501484e-03
1.882152e-04	1.905062e-02	4.806519e-01	1.018921e-02
2.164475e-04	2.050441e-02	5.236274e-01	1.092671e-02
2.489146e-04	2.206316e-02	5.690394e-01	1.171759e-02
2.862518e-04	2.373448e-02	6.198388e-01	1.256571e-02
3.291895e-04	2.552656e-02	6.725514e-01	1.347522e-02
3.785680e-04	2.744814e-02	7.270285e-01	1.445057e-02
4.353531e-04	2.950861e-02	7.855482e-01	1.549651e-02
5.006561e-04	3.171804e-02	8.528458e-01	1.661815e-02
5.757545e-04	3.408722e-02	9.199700e-01	1.782098e-02
6.621177e-04	3.662774e-02	9.927437e-01	1.911088e-02
7.614354e-04	3.935200e-02	1.065177e+00	2.049413e-02
8.756507e-04	4.227331e-02	1.142123e+00	2.197751e-02
1.006998e-03	4.540594e-02	1.230612e+00	2.356825e-02
1.158048e-03	4.876521e-02	1.315913e+00	2.527414e-02
1.331755e-03	5.236751e-02	1.408253e+00	2.710349e-02
1.531519e-03	5.623046e-02	1.501375e+00	2.906526e-02
1.761246e-03	6.037292e-02	1.600743e+00	3.116901e-02
2.025433e-03	6.481512e-02	1.699467e+00	3.342504e-02
2.329248e-03	6.957878e-02	1.796249e+00	3.584437e-02
2.678635e-03	7.468716e-02	1.902906e+00	3.843880e-02
3.080431e-03	8.016522e-02	2.006142e+00	4.122102e-02
3.542495e-03	8.603972e-02	2.112847e+00	4.420462e-02
4.073870e-03	9.233936e-02	2.205420e+00	4.740417e-02
4.684950e-03	9.909492e-02	2.311879e+00	5.083531e-02
5.387693e-03	1.063394e-01	2.424452e+00	5.451480e-02
6.195847e-03	1.141082e-01	2.520157e+00	5.846061e-02
7.125224e-03	1.224393e-01	2.622758e+00	6.269202e-02
8.194007e-03	1.313733e-01	2.704325e+00	6.722970e-02
9.423108e-03	1.409539e-01	2.798126e+00	7.209582e-02
1.083657e-02	1.512280e-01	2.893892e+00	7.731416e-02
1.246206e-02	1.622456e-01	2.970463e+00	8.286847e-02
1.433137e-02	1.740607e-01	3.051876e+00	8.889824e-02
1.648108e-02	1.867310e-01	3.120329e+00	9.534924e-02
1.895324e-02	2.003183e-01	3.184469e+00	1.022504e-01
2.179622e-02	2.148890e-01	3.241546e+00	1.096510e-01
2.506566e-02	2.305144e-01	3.290589e+00	1.175876e-01
2.882550e-02	2.472707e-01	3.340598e+00	1.260984e-01
3.314933e-02	2.652398e-01	3.378717e+00	1.352253e-01
3.812173e-02	2.845095e-01	3.406448e+00	1.450128e-01
4.383999e-02	3.051739e-01	3.429622e+00	1.555087e-01
5.041599e-02	3.273340e-01	3.456273e+00	1.667644e-01
5.797838e-02	3.510981e-01	3.467773e+00	1.788347e-01
6.667514e-02	3.765822e-01	3.474639e+00	1.917786e-01
7.667641e-02	4.039109e-01	3.469848e+00	2.056595e-01
8.817787e-02	4.332176e-01	3.458649e+00	2.205451e-01
1.014046e-01	4.646455e-01	3.445771e+00	2.365082e-01
1.166152e-01	4.983482e-01	3.419218e+00	2.536265e-01
1.341075e-01	5.344903e-01	3.385614e+00	2.719839e-01
1.542237e-01	5.732483e-01	3.342551e+00	2.916702e-01
1.773572e-01	6.148117e-01	3.291221e+00	3.127813e-01
2.039608e-01	6.593835e-01	3.231012e+00	3.354204e-01
2.345549e-01	7.071813e-01	3.162802e+00	3.596980e-01
2.697381e-01	7.584388e-01	3.084564e+00	3.857330e-01
3.101989e-01	8.134064e-01	3.000536e+00	4.136524e-01
3.567287e-01	8.723525e-01	2.908558e+00	4.435927e-01
4.102380e-01	9.355652e-01	2.816182e+00	4.756999e-01
4.717737e-01	1.003353e+00	2.709950e+00	5.101311e-01
5.425397e-01	1.076048e+00	2.595680e+00	5.470545e-01
6.239207e-01	1.154004e+00	2.485171e+00	5.866506e-01
7.175088e-01	1.237603e+00	2.366329e+00	6.291125e-01
8.251351e-01	1.327252e+00	2.259268e+00	6.746477e-01
9.489054e-01	1.423391e+00	2.136147e+00	7.234787e-01
1.091241e+00	1.526488e+00	2.008879e+00	7.758445e-01
1.254927e+00	1.637047e+00	1.893865e+00	8.320005e-01
1.443166e+00	1.755609e+00	1.771042e+00	8.922209e-01
1.659641e+00	1.882752e+00	1.657105e+00	9.567999e-01
1.908588e+00	2.019098e+00	1.545493e+00	1.026053e+00
2.194876e+00	2.165313e+00	1.438834e+00	1.100320e+00
2.524107e+00	2.322110e+00	1.337464e+00	1.179962e+00
2.902723e+00	2.490257e+00	1.231774e+00	1.265367e+00
3.338132e+00	2.712537e+00	1.136097e+00	1.356956e+00
3.838852e+00	2.974793e+00	1.054889e+00	1.455175e+00
4.414679e+00	3.264275e+00	9.738470e-01	1.560466e+00
5.076881e+00	3.584806e+00	8.806491e-01	1.673677e+00
5.838413e+00	3.941243e+00	8.229991e-01	1.798065e+00
6.714175e+00	4.321201e+00	7.688853e-01	1.936190e+00
7.721302e+00	4.744769e+00	7.066544e-01	2.090513e+00
8.879497e+00	5.199881e+00	6.350888e-01	2.264262e+00
1.021142e+01	5.690721e+00	5.527885e-01	2.174117e+00
1.174313e+01	6.230095e+00	5.014581e-01	2.077470e+00
1.350460e+01	6.764042e+00	4.503746e-01	1.995302e+00
1.553030e+01	7.363948e+00	4.076687e-01	1.928578e+00
1.785984e+01	8.033719e+00	3.656573e-01	1.878290e+00
2.053882e+01	8.739172e+00	3.289265e-01	1.845489e+00
2.361964e+01	9.511086e+00	2.991023e-01	1.831255e+00
2.716258e+01	1.035063e+01	2.663761e-01	1.836742e+00
3.123697e+01	1.128900e+01	2.399360e-01	1.863133e+00
3.592252e+01	1.231354e+01	2.148607e-01	1.911618e+00
4.131089e+01	1.338569e+01	1.961712e-01	1.983442e+00
4.750753e+01	1.455365e+01	1.746783e-01	2.079985e+00
5.463366e+01	1.557601e+01	1.539185e-01	2.202878e+00
6.282871e+01	1.660297e+01	1.383476e-01	2.354166e+00
7.225301e+01	1.754657e+01	1.228666e-01	2.536490e+00
8.309096e+01	1.837717e+01	1.117576e-01	2.753268e+00
9.555461e+01	1.920778e+01	9.898209e-02	3.008934e+00
1.098878e+02	1.984290e+01	8.696842e-02	3.309136e+00
1.263710e+02	2.039556e+01	7.786348e-02	3.661002e+00
1.453266e+02	2.080730e+01	6.868751e-02	4.073397e+00
1.671256e+02	2.121357e+01	6.108067e-02	4.557468e+00
1.921945e+02	2.161612e+01	5.431343e-02	5.126878e+00
2.210236e+02	2.181842e+01	4.840229e-02	5.796279e+00
2.541772e+02	2.177762e+01	4.318051e-02	6.603552e+00
2.923037e+02	2.162555e+01	3.801935e-02	7.639654e+00
3.361493e+02	2.128248e+01	3.368664e-02	8.866223e+00
3.865717e+02	2.078439e+01	3.040574e-02	1.032818e+01
4.445574e+02	2.018429e+01	2.719510e-02	1.207355e+01
5.112411e+02	1.954583e+01	2.350287e-02	1.417236e+01
5.879272e+02	1.886655e+01	2.100118e-02	1.670802e+01
6.761163e+02	1.818954e+01	1.842044e-02	1.978514e+01
7.775337e+02	1.750675e+01	1.659986e-02	2.353530e+01
8.941638e+02	1.678451e+01	1.480434e-02	2.812541e+01
1.028288e+03	1.603149e+01	1.273949e-02	3.376444e+01
1.182532e+03	1.525140e+01	1.139146e-02	4.072054e+01
1.359911e+03	1.445678e+01	9.958392e-03	4.933469e+01
1.563898e+03	1.365683e+01	8.841463e-03	6.004093e+01
1.798483e+03	1.285679e+01	7.758959e-03	7.339441e+01
2.068255e+03	1.205957e+01	6.831068e-03	9.010638e+01
2.378493e+03	1.127225e+01	6.124613e-03	1.110893e+02
2.735268e+03	1.049963e+01	5.335002e-03	1.375152e+02
3.145558e+03	9.743677e+00	4.735914e-03	1.708901e+02
3.617391e+03	9.013629e+00	4.177318e-03	2.131507e+02
4.160000e+03	8.315099e+00	3.766070e-03	2.667866e+02
4.784000e+03	7.651203e+00	3.293136e-03	3.349967e+02
5.501600e+03	7.023134e+00	2.854922e-03	4.218872e+02
6.326840e+03	6.431096e+00	2.529598e-03	5.327200e+02
7.275866e+03	5.878041e+00	2.217665e-03	6.742243e+02
8.367246e+03	5.365387e+00	1.994503e-03	8.549822e+02
9.622333e+03	4.892077e+00	1.737866e-03	1.085904e+03
