# Energy_MeV	dEdx_Elec_MeV_um	dEdx_Nucl_MeV_um	Range_um
1.000000e-05	4.434676e-03	9.946548e-02	3.136092e-03
1.150000e-05	4.830209e-03	1.086513e-01	3.363084e-03
1.322500e-05	5.253275e-03	1.190694e-01	3.606506e-03
1.520875e-05	5.705983e-03	1.299498e-01	3.867547e-03
1.749006e-05	6.190580e-03	1.419568e-01	4.147482e-03
2.011357e-05	6.709460e-03	1.548266e-01	4.447679e-03
2.313061e-05	7.265182e-03	1.680873e-01	4.769605e-03
2.660020e-05	7.860480e-03	1.832401e-01	5.114831e-03
3.059023e-05	8.498278e-03	1.987628e-01	5.485045e-03
3.517876e-05	9.181705e-03	2.154931e-01	5.882056e-03
4.045558e-05	9.914111e-03	2.324727e-01	6.307802e-03
4.652391e-05	1.069908e-02	2.519992e-01	6.764364e-03
5.350250e-05	1.154047e-02	2.727962e-01	7.253972e-03
6.152788e-05	1.244237e-02	2.939116e-01	7.779019e-03
7.075706e-05	1.340922e-02	3.165117e-01	8.342068e-03
8.137062e-05	1.444573e-02	3.388378e-01	8.945871e-03
9.357621e-05	1.555698e-02	3.645129e-01	9.593378e-03
1.076126e-04	1.674839e-02	3.912609e-01	1.028775e-02
1.237545e-04	1.802579e-02	4.180538e-01	1.103239e-02
1.423177e-04	1.939542e-02	4.467998e-01	1.183092e-02
1.636654e-04	2.086398e-02	4.760938e-01	1.268724e-02
1.882152e-04	2.243864e-02	5.058180e-01	1.360555e-02
2.164475e-04	2.412709e-02	5.358233e-01	1.459033e-02
2.489146e-04	2.593759e-02	5.667700e-01	1.564639e-02
2.862518e-04	2.787898e-02	5.991413e-01	1.677888e-02
3.291895e-04	2.996075e-02	6.314243e-01	1.799334e-02
3.785680e-04	3.219307e-02	6.600822e-01	1.929571e-02
4.353531e-04	3.458685e-02	6.909714e-01	2.069234e-02
5.006561e-04	3.715377e-02	7.264939e-01	2.219007e-02
5.757545e-04	3.990638e-02	7.553253e-01	2.379620e-02
6.621177e-04	4.285814e-02	7.872593e-01	2.551858e-02
7.614354e-04	4.602345e-02	8.127084e-01	2.736563e-02
8.756507e-04	4.941778e-02	8.399250e-01	2.934636e-02
1.006998e-03	5.305772e-02	8.712242e-01	3.147047e-02
1.158048e-03	5.696105e-02	8.940354e-01	3.374832e-02
1.331755e-03	6.114684e-02	9.195849e-01	3.619104e-02
1.531519e-03	6.563553e-02	9.403804e-01	3.881057e-02
1.761246e-03	7.044906e-02	9.611489e-01	4.161970e-02
2.025433e-03	7.561094e-02	9.798179e-01	4.463215e-02
2.329248e-03	8.114639e-02	9.940856e-01	4.786265e-02
2.678635e-03	8.708245e-02	1.010450e+00	5.132697e-02
3.080431e-03	9.344813e-02	1.021975e+00	5.504205e-02
3.542495e-03	1.002745e-01	1.032253e+00	5.900752e-02
4.073870e-03	1.075950e-01	1.038977e+00	6.328717e-02
4.684950e-03	1.154452e-01	1.046710e+00	6.788210e-02
5.387693e-03	1.238637e-01	1.052341e+00	7.279456e-02
6.195847e-03	1.328914e-01	1.054333e+00	7.806358e-02
7.125224e-03	1.425725e-01	1.054595e+00	8.371378e-02
8.194007e-03	1.529544e-01	1.051346e+00	8.977290e-02
9.423108e-03	1.640877e-01	1.047609e+00	9.627059e-02
1.083657e-02	1.760267e-01	1.041237e+00	1.032386e-01
1.246206e-02	1.888299e-01	1.031486e+00	1.107109e-01
1.433137e-02	2.025598e-01	1.019534e+00	1.187241e-01
1.648108e-02	2.172835e-01	1.004696e+00	1.273173e-01
1.895324e-02	2.330728e-01	9.872941e-01	1.365325e-01
2.179622e-02	2.500050e-01	9.673919e-01	1.464146e-01
2.506566e-02	2.681627e-01	9.446911e-01	1.570121e-01
2.882550e-02	2.876346e-01	9.196196e-01	1.683766e-01
3.314933e-02	3.085160e-01	8.920848e-01	1.805637e-01
3.812173e-02	3.309087e-01	8.646615e-01	1.936328e-01
4.383999e-02	3.549222e-01	8.338381e-01	2.076479e-01
5.041599e-02	3.806738e-01	7.983912e-01	2.226775e-01
5.797838e-02	4.082893e-01	7.660282e-01	2.387949e-01
6.667514e-02	4.379037e-01	7.291543e-01	2.560789e-01
7.667641e-02	4.696615e-01	6.970782e-01	2.746138e-01
8.817787e-02	5.037180e-01	6.613545e-01	2.944903e-01
1.014046e-01	5.402395e-01	6.203207e-01	3.158057e-01
1.166152e-01	5.794044e-01	5.869494e-01	3.386638e-01
1.341075e-01	6.214041e-01	5.485725e-01	3.631763e-01
1.542237e-01	6.664437e-01	5.149480e-01	3.894629e-01
1.773572e-01	7.147434e-01	4.799119e-01	4.176524e-01
2.039608e-01	7.665389e-01	4.460051e-01	4.478823e-01
2.345549e-01	8.220835e-01	4.165923e-01	4.803001e-01
2.697381e-01	8.816484e-01	3.827676e-01	5.150643e-01
3.101989e-01	9.455247e-01	3.548603e-01	5.523447e-01
3.567287e-01	1.014024e+00	3.275953e-01	5.923237e-01
4.102380e-01	1.087482e+00	3.040809e-01	6.351964e-01
4.717737e-01	1.166257e+00	2.770394e-01	6.811721e-01
5.425397e-01	1.250733e+00	2.547626e-01	7.304753e-01
6.239207e-01	1.341324e+00	2.390614e-01	7.833474e-01
7.175088e-01	1.438471e+00	2.210049e-01	8.400466e-01
8.251351e-01	1.542609e+00	2.002401e-01	8.588591e-01
9.489054e-01	1.671784e+00	1.763605e-01	8.712381e-01
1.091241e+00	1.829827e+00	1.568571e-01	8.863161e-01
1.254927e+00	2.001414e+00	1.420351e-01	8.985056e-01
1.443166e+00	2.194676e+00	1.278039e-01	9.078762e-01
1.659641e+00	2.408700e+00	1.148367e-01	9.157227e-01
1.908588e+00	2.641544e+00	1.036742e-01	9.230282e-01
2.194876e+00	2.901724e+00	9.376270e-02	9.302391e-01
2.524107e+00	3.172335e+00	8.426713e-02	9.379960e-01
2.902723e+00	3.469541e+00	7.537705e-02	9.470596e-01
3.338132e+00	3.788115e+00	6.723768e-02	9.583425e-01
3.838852e+00	4.110726e+00	6.149843e-02	9.729371e-01
4.414679e+00	4.458511e+00	5.526222e-02	9.921355e-01
5.076881e+00	4.787675e+00	4.813621e-02	1.017439e+00
5.838413e+00	5.125710e+00	4.361829e-02	1.050601e+00
6.714175e+00	5.461872e+00	3.842269e-02	1.093606e+00
7.721302e+00	5.760333e+00	3.508304e-02	1.148685e+00
8.879497e+00	6.059679e+00	3.137622e-02	1.218303e+00
1.021142e+01	6.283997e+00	2.722596e-02	1.305170e+00
1.174313e+01	6.472296e+00	2.458415e-02	1.412269e+00
1.350460e+01	6.617609e+00	2.154606e-02	1.542929e+00
1.553030e+01	6.695585e+00	1.933327e-02	1.700950e+00
1.785984e+01	6.750740e+00	1.711878e-02	1.890795e+00
2.053882e+01	6.738646e+00	1.516650e-02	2.117844e+00
2.361964e+01	6.688304e+00	1.365139e-02	2.388708e+00
2.716258e+01	6.601006e+00	1.193386e-02	2.711625e+00
3.123697e+01	6.473967e+00	1.067672e-02	3.096924e+00
3.592252e+01	6.326688e+00	9.521153e-03	3.557614e+00
4.131089e+01	6.160659e+00	8.589582e-03	4.110073e+00
4.750753e+01	5.979002e+00	7.518274e-03	4.775170e+00
5.463366e+01	5.775971e+00	6.608898e-03	5.578612e+00
6.282871e+01	5.565015e+00	5.860093e-03	6.554061e+00
7.225301e+01	5.631396e+00	5.201865e-03	7.748435e+00
8.309096e+01	5.361459e+00	4.680892e-03	9.304695e+00
9.555461e+01	5.068347e+00	4.081772e-03	1.123984e+01
1.098878e+02	4.764297e+00	3.587786e-03	1.362007e+01
1.263710e+02	4.455771e+00	3.171979e-03	1.656893e+01
1.453266e+02	4.153773e+00	2.790777e-03	2.024166e+01
1.671256e+02	3.856470e+00	2.448296e-03	2.483548e+01
1.921945e+02	3.570675e+00	2.170152e-03	3.060623e+01
2.210236e+02	3.297607e+00	1.930691e-03	3.788088e+01
2.541772e+02	3.034309e+00	1.701584e-03	4.708516e+01
2.923037e+02	2.782942e+00	1.496138e-03	5.876445e+01
3.361493e+02	2.543408e+00	1.308613e-03	7.362827e+01
3.865717e+02	2.317566e+00	1.186063e-03	9.259580e+01
4.445574e+02	2.106009e+00	1.048840e-03	1.168541e+02
5.112411e+02	1.909051e+00	8.961269e-04	1.479391e+02
5.879272e+02	1.726472e+00	8.017336e-04	1.878369e+02
6.761163e+02	1.558130e+00	6.934426e-04	2.391134e+02
7.775337e+02	1.403777e+00	6.286916e-04	3.050801e+02
8.941638e+02	1.262881e+00	5.542280e-04	3.900047e+02
1.028288e+03	1.134745e+00	4.731356e-04	4.993791e+02
1.182532e+03	1.018651e+00	4.220588e-04	6.402591e+02
1.359911e+03	9.138027e-01	3.644037e-04	8.216930e+02
1.563898e+03	8.194513e-01	3.226675e-04	1.055261e+03
1.798483e+03	7.350134e-01	2.819451e-04	1.355752e+03
2.068255e+03	6.596613e-01	2.467471e-04	1.742007e+03
2.378493e+03	5.922831e-01	2.192920e-04	2.237967e+03
2.735268e+03	5.322334e-01	1.888452e-04	2.873965e+03
3.145558e+03	4.790177e-01	1.667291e-04	3.688302e+03
3.617391e+03	4.318294e-01	1.471405e-04	4.729160e+03
4.160000e+03	3.899645e-01	1.311609e-04	6.056891e+03
4.784000e+03	3.529846e-01	1.127843e-04	7.746725e+03
5.501600e+03	3.203862e-01	9.789249e-05	9.891929e+03
6.326840e+03	2.916275e-01	8.545616e-05	1.260743e+04
7.275866e+03	2.663050e-01	0.000000e+00	1.603398e+04
8.367246e+03	2.439914e-01	0.000000e+00	2.034399e+04
9.622333e+03	2.244254e-01	0.000000e+00	2.574561e+04
