# Energy_MeV	dEdx_Elec_MeV_um	dEdx_Nucl_MeV_um	Range_um
1.000000e-05	8.873554e-03	9.704945e-02	2.253888e-03
1.150000e-05	9.515826e-03	1.070990e-01	2.417026e-03
1.322500e-05	5.114033e-03	1.178652e-01	2.591972e-03
1.520875e-05	5.599240e-03	1.295542e-01	2.779580e-03
1.749006e-05	6.117324e-03	1.420928e-01	2.980767e-03
2.011357e-05	6.670932e-03	1.555125e-01	3.196517e-03
2.313061e-05	7.262858e-03	1.709452e-01	3.427883e-03
2.660020e-05	7.896066e-03	1.872439e-01	3.675994e-03
3.059023e-05	8.573709e-03	2.049131e-01	3.942065e-03
3.517876e-05	9.299146e-03	2.240311e-01	4.227394e-03
4.045558e-05	1.007596e-02	2.448870e-01	4.533375e-03
4.652391e-05	1.090798e-02	2.668430e-01	4.861503e-03
5.350250e-05	1.179929e-02	2.901601e-01	5.213381e-03
6.152788e-05	1.275427e-02	3.158594e-01	5.590728e-03
7.075706e-05	1.377761e-02	3.432800e-01	5.995388e-03
8.137062e-05	1.487432e-02	3.731108e-01	6.429337e-03
9.357621e-05	1.604978e-02	4.020281e-01	6.894696e-03
1.076126e-04	1.730973e-02	4.351451e-01	7.393738e-03
1.237545e-04	1.866033e-02	4.726704e-01	7.928901e-03
1.423177e-04	2.010821e-02	5.084822e-01	8.502799e-03
1.636654e-04	2.166042e-02	5.495138e-01	9.118236e-03
1.882152e-04	2.332458e-02	5.873790e-01	9.778218e-03
2.164475e-04	2.510880e-02	6.309239e-01	1.048597e-02
2.489146e-04	2.702181e-02	6.796974e-01	1.124495e-02
2.862518e-04	2.907296e-02	7.251381e-01	1.205887e-02
3.291895e-04	3.127228e-02	7.768373e-01	1.293169e-02
3.785680e-04	3.363050e-02	8.265200e-01	1.386770e-02
4.353531e-04	3.615915e-02	8.795625e-01	1.487145e-02
5.006561e-04	3.887060e-02	9.337340e-01	1.594785e-02
5.757545e-04	4.177807e-02	9.862197e-01	1.710216e-02
6.621177e-04	4.489579e-02	1.045246e+00	1.834003e-02
7.614354e-04	4.823898e-02	1.099998e+00	1.966749e-02
8.756507e-04	5.182398e-02	1.153925e+00	2.109103e-02
1.006998e-03	5.566830e-02	1.206313e+00	2.261761e-02
1.158048e-03	5.979073e-02	1.266559e+00	2.425469e-02
1.331755e-03	6.421139e-02	1.322149e+00	2.601026e-02
1.531519e-03	6.895190e-02	1.376309e+00	2.789289e-02
1.761246e-03	7.403541e-02	1.426204e+00	2.991179e-02
2.025433e-03	7.948675e-02	1.472363e+00	3.207682e-02
2.329248e-03	8.533256e-02	1.525447e+00	3.439856e-02
2.678635e-03	9.160139e-02	1.571142e+00	3.688835e-02
3.080431e-03	9.832388e-02	1.614474e+00	3.955835e-02
3.542495e-03	1.055329e-01	1.654624e+00	4.242160e-02
4.073870e-03	1.132635e-01	1.693362e+00	4.549210e-02
4.684950e-03	1.215537e-01	1.725193e+00	4.878045e-02
5.387693e-03	1.304439e-01	1.753052e+00	5.230799e-02
6.195847e-03	1.399774e-01	1.780806e+00	5.610452e-02
7.125224e-03	1.502010e-01	1.804308e+00	6.016437e-02
8.194007e-03	1.611645e-01	1.825548e+00	6.451938e-02
9.423108e-03	1.729214e-01	1.836952e+00	6.918920e-02
1.083657e-02	1.855293e-01	1.850067e+00	7.419706e-02
1.246206e-02	1.990497e-01	1.863531e+00	7.956739e-02
1.433137e-02	2.135487e-01	1.866909e+00	8.532640e-02
1.648108e-02	2.290971e-01	1.870174e+00	9.150225e-02
1.895324e-02	2.457709e-01	1.864663e+00	9.812514e-02
2.179622e-02	2.636515e-01	1.858325e+00	1.052274e-01
2.506566e-02	2.828263e-01	1.849790e+00	1.128437e-01
2.882550e-02	3.033889e-01	1.833254e+00	1.210113e-01
3.314933e-02	3.254398e-01	1.813909e+00	1.297700e-01
3.812173e-02	3.490868e-01	1.788744e+00	1.391628e-01
4.383999e-02	3.744453e-01	1.759440e+00	1.492354e-01
5.041599e-02	4.016392e-01	1.725496e+00	1.600370e-01
5.797838e-02	4.308015e-01	1.686996e+00	1.716204e-01
6.667514e-02	4.620745e-01	1.643296e+00	1.840423e-01
7.667641e-02	4.956111e-01	1.596597e+00	1.973633e-01
8.817787e-02	5.315750e-01	1.547583e+00	2.116485e-01
1.014046e-01	5.701420e-01	1.495306e+00	2.269676e-01
1.166152e-01	6.115005e-01	1.435188e+00	2.433955e-01
1.341075e-01	6.558525e-01	1.375882e+00	2.610125e-01
1.542237e-01	7.034147e-01	1.313344e+00	2.799047e-01
1.773572e-01	7.544195e-01	1.253135e+00	3.001642e-01
2.039608e-01	8.091161e-01	1.192547e+00	3.218901e-01
2.345549e-01	8.677716e-01	1.122872e+00	3.451885e-01
2.697381e-01	9.306726e-01	1.059350e+00	3.701734e-01
3.101989e-01	9.981264e-01	9.942622e-01	3.969667e-01
3.567287e-01	1.070462e+00	9.315959e-01	4.256993e-01
4.102380e-01	1.148034e+00	8.676507e-01	4.565114e-01
4.717737e-01	1.231221e+00	8.094432e-01	4.895538e-01
5.425397e-01	1.320429e+00	7.552105e-01	5.249880e-01
6.239207e-01	1.416093e+00	6.978437e-01	5.629869e-01
7.175088e-01	1.518682e+00	6.448737e-01	6.037359e-01
8.251351e-01	1.628696e+00	5.923155e-01	6.474344e-01
9.489054e-01	1.746673e+00	5.524351e-01	6.942960e-01
1.091241e+00	1.873189e+00	5.065726e-01	7.445494e-01
1.254927e+00	2.026632e+00	4.593224e-01	7.984415e-01
1.443166e+00	2.218212e+00	4.326931e-01	8.562277e-01
1.659641e+00	2.428550e+00	4.020694e-01	9.182139e-01
1.908588e+00	2.665064e+00	3.668521e-01	9.493296e-01
2.194876e+00	2.923207e+00	3.263523e-01	9.385846e-01
2.524107e+00	3.207945e+00	2.854091e-01	9.271154e-01
2.902723e+00	3.525934e+00	2.602710e-01	9.154871e-01
3.338132e+00	3.869000e+00	2.329955e-01	9.044216e-01
3.838852e+00	4.251932e+00	2.110031e-01	8.946705e-01
4.414679e+00	4.665778e+00	1.898831e-01	8.870298e-01
5.076881e+00	5.111071e+00	1.709270e-01	8.824323e-01
5.838413e+00	5.604488e+00	1.548225e-01	8.818674e-01
6.714175e+00	6.156658e+00	1.376660e-01	8.864300e-01
7.721302e+00	6.772295e+00	1.238616e-01	8.973196e-01
8.879497e+00	7.440867e+00	1.121142e-01	9.158383e-01
1.021142e+01	8.102776e+00	1.015375e-01	9.433809e-01
1.174313e+01	8.802368e+00	8.937443e-02	9.814225e-01
1.350460e+01	9.367784e+00	7.990832e-02	1.031511e+00
1.553030e+01	9.941727e+00	7.109656e-02	1.095265e+00
1.785984e+01	1.048058e+01	6.403325e-02	1.174440e+00
2.053882e+01	1.092212e+01	5.774647e-02	1.270972e+00
2.361964e+01	1.134727e+01	5.051667e-02	1.387100e+00
2.716258e+01	1.165179e+01	4.509339e-02	1.525500e+00
3.123697e+01	1.193311e+01	3.994079e-02	1.689453e+00
3.592252e+01	1.217059e+01	3.553729e-02	1.883045e+00
4.131089e+01	1.232683e+01	3.135331e-02	2.111375e+00
4.750753e+01	1.245426e+01	2.792229e-02	2.380821e+00
5.463366e+01	1.247403e+01	2.506799e-02	2.699343e+00
6.282871e+01	1.248259e+01	2.211292e-02	3.076980e+00
7.225301e+01	1.247840e+01	1.964756e-02	3.525771e+00
8.309096e+01	1.238454e+01	1.734032e-02	4.062252e+00
9.555461e+01	1.196808e+01	1.576037e-02	4.704771e+00
1.098878e+02	1.164555e+01	1.394343e-02	5.530567e+00
1.263710e+02	1.124317e+01	1.208803e-02	6.549156e+00
1.453266e+02	1.078765e+01	1.081805e-02	7.773468e+00
1.671256e+02	1.028610e+01	9.479922e-03	9.262902e+00
1.921945e+02	9.781268e+00	8.596349e-03	1.108301e+01
2.210236e+02	9.264756e+00	7.580241e-03	1.331803e+01
2.541772e+02	8.752270e+00	6.566954e-03	1.607641e+01
2.923037e+02	8.257373e+00	5.861744e-03	1.949420e+01
3.361493e+02	7.758382e+00	5.117760e-03	2.374779e+01
3.865717e+02	7.263270e+00	4.536911e-03	2.906079e+01
4.445574e+02	6.772225e+00	4.001528e-03	3.572217e+01
5.112411e+02	6.291900e+00	3.536571e-03	4.410482e+01
5.879272e+02	5.825611e+00	3.148005e-03	5.468803e+01
6.761163e+02	5.376731e+00	2.745617e-03	6.809024e+01
7.775337e+02	4.946060e+00	2.427574e-03	8.511010e+01
8.941638e+02	4.535633e+00	2.170808e-03	1.067793e+02
1.028288e+03	4.147277e+00	1.938078e-03	1.344305e+02
1.182532e+03	3.782092e+00	1.670438e-03	1.697839e+02
1.359911e+03	3.440001e+00	1.475365e-03	2.150585e+02
1.563898e+03	3.121523e+00	1.291260e-03	2.731135e+02
1.798483e+03	2.826969e+00	1.151543e-03	3.476259e+02
2.068255e+03	2.556461e+00	1.025253e-03	4.433164e+02
2.378493e+03	2.309579e+00	8.800189e-04	5.662301e+02
2.735268e+03	2.085323e+00	7.774852e-04	7.240871e+02
3.145558e+03	1.881695e+00	6.778648e-04	9.267169e+02
3.617391e+03	1.697668e+00	5.959557e-04	1.186591e+03
4.160000e+03	1.532699e+00	5.183688e-04	1.519475e+03
4.784000e+03	1.385180e+00	4.552082e-04	1.945211e+03
5.501600e+03	1.253421e+00	4.044962e-04	2.488663e+03
6.326840e+03	1.136284e+00	3.509476e-04	3.180829e+03
7.275866e+03	1.032423e+00	3.082627e-04	4.060144e+03
8.367246e+03	9.403196e-01	2.687784e-04	5.173982e+03
9.622333e+03	8.589941e-01	2.416768e-04	6.580346e+03
