# Energy_MeV	dEdx_Elec_MeV_um	dEdx_Nucl_MeV_um	Range_um
1.000000e-05	1.030302e-02	6.281816e-02	1.941177e-03
1.150000e-05	1.104876e-02	6.948561e-02	2.081681e-03
1.322500e-05	1.184848e-02	7.710850e-02	2.232354e-03
1.520875e-05	1.270608e-02	8.583800e-02	2.393933e-03
1.749006e-05	1.362575e-02	9.493678e-02	2.567207e-03
2.011357e-05	7.395661e-03	1.054004e-01	2.753023e-03
2.313061e-05	8.082201e-03	1.165032e-01	2.952288e-03
2.660020e-05	8.815744e-03	1.289592e-01	3.165976e-03
3.059023e-05	9.600001e-03	1.426886e-01	3.395132e-03
3.517876e-05	1.043890e-02	1.573486e-01	3.640873e-03
4.045558e-05	1.133663e-02	1.741735e-01	3.904401e-03
4.652391e-05	1.229763e-02	1.919280e-01	4.187004e-03
5.350250e-05	1.332665e-02	2.113471e-01	4.490061e-03
6.152788e-05	1.442877e-02	2.322352e-01	4.815054e-03
7.075706e-05	1.560940e-02	2.562565e-01	5.163571e-03
8.137062e-05	1.687435e-02	2.820762e-01	5.537313e-03
9.357621e-05	1.822982e-02	3.100162e-01	5.938106e-03
1.076126e-04	1.968246e-02	3.400967e-01	6.367910e-03
1.237545e-04	2.123937e-02	3.721735e-01	6.828822e-03
1.423177e-04	2.290818e-02	4.090618e-01	7.323096e-03
1.636654e-04	2.469705e-02	4.481659e-01	7.853146e-03
1.882152e-04	2.661474e-02	4.904001e-01	8.421560e-03
2.164475e-04	2.867061e-02	5.362320e-01	9.031117e-03
2.489146e-04	3.087474e-02	5.860833e-01	9.684794e-03
2.862518e-04	3.323787e-02	6.386897e-01	1.038578e-02
3.291895e-04	3.577158e-02	6.945914e-01	1.113751e-02
3.785680e-04	3.848824e-02	7.560198e-01	1.194365e-02
4.353531e-04	4.140112e-02	8.217839e-01	1.280814e-02
5.006561e-04	4.452446e-02	8.930877e-01	1.373520e-02
5.757545e-04	4.787353e-02	9.625269e-01	1.472936e-02
6.621177e-04	5.146468e-02	1.041686e+00	1.579548e-02
7.614354e-04	5.531546e-02	1.131837e+00	1.693877e-02
8.756507e-04	5.944468e-02	1.217438e+00	1.816480e-02
1.006998e-03	6.387253e-02	1.315878e+00	1.947958e-02
1.158048e-03	6.862063e-02	1.406569e+00	2.088952e-02
1.331755e-03	7.371219e-02	1.510654e+00	2.240152e-02
1.531519e-03	7.917206e-02	1.627925e+00	2.402295e-02
1.761246e-03	8.502694e-02	1.736541e+00	2.576175e-02
2.025433e-03	9.130542e-02	1.860712e+00	2.762639e-02
2.329248e-03	9.803818e-02	1.979468e+00	2.962601e-02
2.678635e-03	1.052581e-01	2.106786e+00	3.177035e-02
3.080431e-03	1.130005e-01	2.236935e+00	3.406991e-02
3.542495e-03	1.213031e-01	2.362390e+00	3.653591e-02
4.073870e-03	1.302066e-01	2.504313e+00	3.918039e-02
4.684950e-03	1.397544e-01	2.635185e+00	4.201629e-02
5.387693e-03	1.499931e-01	2.765163e+00	4.505745e-02
6.195847e-03	1.609728e-01	2.890385e+00	4.831874e-02
7.125224e-03	1.727472e-01	3.034391e+00	5.181607e-02
8.194007e-03	1.853737e-01	3.168618e+00	5.556655e-02
9.423108e-03	1.989141e-01	3.298076e+00	5.958848e-02
1.083657e-02	2.134344e-01	3.418700e+00	6.390153e-02
1.246206e-02	2.290057e-01	3.529034e+00	6.852045e-02
1.433137e-02	2.457040e-01	3.655919e+00	7.347560e-02
1.648108e-02	2.636108e-01	3.766558e+00	7.880851e-02
1.895324e-02	2.828137e-01	3.870134e+00	8.451128e-02
2.179622e-02	3.034064e-01	3.967093e+00	9.062864e-02
2.506566e-02	3.254896e-01	4.059688e+00	9.718821e-02
2.882550e-02	3.491712e-01	4.136516e+00	1.042226e-01
3.314933e-02	3.745668e-01	4.203847e+00	1.117662e-01
3.812173e-02	4.018005e-01	4.270186e+00	1.198557e-01
4.383999e-02	4.310053e-01	4.327163e+00	1.285307e-01
5.041599e-02	4.623240e-01	4.378704e+00	1.378337e-01
5.797838e-02	4.959095e-01	4.405963e+00	1.478101e-01
6.667514e-02	5.319260e-01	4.437310e+00	1.585086e-01
7.667641e-02	5.705493e-01	4.470283e+00	1.699813e-01
8.817787e-02	6.119681e-01	4.478360e+00	1.822845e-01
1.014046e-01	6.563848e-01	4.486733e+00	1.954782e-01
1.166152e-01	7.040164e-01	4.473560e+00	2.096269e-01
1.341075e-01	7.550956e-01	4.458412e+00	2.247997e-01
1.542237e-01	8.098720e-01	4.438470e+00	2.410706e-01
1.773572e-01	8.686130e-01	4.398943e+00	2.585193e-01
2.039608e-01	9.316057e-01	4.352891e+00	2.772309e-01
2.345549e-01	9.991579e-01	4.292739e+00	2.972970e-01
2.697381e-01	1.071600e+00	4.222737e+00	3.188153e-01
3.101989e-01	1.149284e+00	4.141564e+00	3.418911e-01
3.567287e-01	1.232592e+00	4.049537e+00	3.666372e-01
4.102380e-01	1.321930e+00	3.944845e+00	3.931746e-01
4.717737e-01	1.417734e+00	3.833221e+00	4.216326e-01
5.425397e-01	1.520472e+00	3.715557e+00	4.521504e-01
6.239207e-01	1.630647e+00	3.590602e+00	4.848770e-01
7.175088e-01	1.748796e+00	3.446903e+00	5.199726e-01
8.251351e-01	1.875497e+00	3.304251e+00	5.576085e-01
9.489054e-01	2.011368e+00	3.154767e+00	5.979683e-01
1.091241e+00	2.157074e+00	3.009677e+00	6.412493e-01
1.254927e+00	2.313326e+00	2.864856e+00	6.876631e-01
1.443166e+00	2.480887e+00	2.698311e+00	7.374365e-01
1.659641e+00	2.660577e+00	2.545059e+00	7.908125e-01
1.908588e+00	2.853273e+00	2.389482e+00	8.480517e-01
2.194876e+00	3.059917e+00	2.238552e+00	9.094337e-01
2.524107e+00	3.281517e+00	2.084790e+00	9.752590e-01
2.902723e+00	3.519157e+00	1.945658e+00	1.045849e+00
3.338132e+00	3.798098e+00	1.815005e+00	1.121549e+00
3.838852e+00	4.137765e+00	1.677883e+00	1.202720e+00
4.414679e+00	4.508728e+00	1.550130e+00	1.289790e+00
5.076881e+00	4.924957e+00	1.423223e+00	1.383127e+00
5.838413e+00	5.376932e+00	1.327898e+00	1.484992e+00
6.714175e+00	5.870260e+00	1.218274e+00	1.597969e+00
7.721302e+00	6.417260e+00	1.103418e+00	1.723902e+00
8.879497e+00	6.996407e+00	1.039767e+00	1.865363e+00
1.021142e+01	7.637546e+00	9.665674e-01	2.025634e+00
1.174313e+01	8.318815e+00	8.823883e-01	2.209010e+00
1.350460e+01	9.016798e+00	7.855824e-01	2.392994e+00
1.553030e+01	9.768114e+00	6.861263e-01	2.229716e+00
1.785984e+01	1.059130e+01	6.260392e-01	2.097835e+00
2.053882e+01	1.148646e+01	5.602083e-01	1.995077e+00
2.361964e+01	1.241241e+01	5.076402e-01	1.919670e+00
2.716258e+01	1.336419e+01	4.567151e-01	1.870257e+00
3.123697e+01	1.440200e+01	4.109707e-01	1.845813e+00
3.592252e+01	1.550339e+01	3.724765e-01	1.845581e+00
4.131089e+01	1.675285e+01	3.310473e-01	1.868998e+00
4.750753e+01	1.816273e+01	2.980509e-01	1.915880e+00
5.463366e+01	1.962246e+01	2.695640e-01	1.986285e+00
6.282871e+01	2.120400e+01	2.442829e-01	2.080700e+00
7.225301e+01	2.266174e+01	2.152097e-01	2.200137e+00
8.309096e+01	2.414124e+01	1.922027e-01	2.346257e+00
9.555461e+01	2.559790e+01	1.711401e-01	2.521480e+00
1.098878e+02	2.686688e+01	1.539739e-01	2.729121e+00
1.263710e+02	2.813028e+01	1.389467e-01	2.973508e+00
1.453266e+02	2.906597e+01	1.216655e-01	3.260157e+00
1.671256e+02	3.007302e+01	1.084730e-01	3.596101e+00
1.921945e+02	3.116312e+01	9.615689e-02	3.989480e+00
2.210236e+02	3.197792e+01	8.549973e-02	4.452022e+00
2.541772e+02	2.846229e+01	7.541227e-02	4.995560e+00
2.923037e+02	2.871033e+01	6.721118e-02	5.690572e+00
3.361493e+02	2.865936e+01	6.030678e-02	6.530624e+00
3.865717e+02	2.837451e+01	5.324334e-02	7.512585e+00
4.445574e+02	2.784995e+01	4.727452e-02	8.676121e+00
5.112411e+02	2.726464e+01	4.168933e-02	1.006064e+01
5.879272e+02	2.659426e+01	3.791281e-02	1.171590e+01
6.761163e+02	2.588416e+01	3.356982e-02	1.370470e+01
7.775337e+02	2.521731e+01	2.907158e-02	1.610328e+01
8.941638e+02	2.446151e+01	2.603598e-02	1.900892e+01
1.028288e+03	2.364154e+01	2.279262e-02	2.254152e+01
1.182532e+03	2.275587e+01	2.068064e-02	2.685338e+01
1.359911e+03	2.182503e+01	1.825186e-02	3.213733e+01
1.563898e+03	2.085978e+01	1.579433e-02	3.863643e+01
1.798483e+03	1.987408e+01	1.410869e-02	4.665907e+01
2.068255e+03	1.886520e+01	1.231065e-02	5.659752e+01
2.378493e+03	1.784288e+01	1.092226e-02	6.895180e+01
2.735268e+03	1.681630e+01	9.629670e-03	8.436014e+01
3.145558e+03	1.579293e+01	8.506395e-03	1.036385e+02
3.617391e+03	1.478067e+01	7.577614e-03	1.278309e+02
4.160000e+03	1.378862e+01	6.604884e-03	1.582747e+02
4.784000e+03	1.282466e+01	5.844673e-03	1.966827e+02
5.501600e+03	1.189568e+01	5.221038e-03	2.452488e+02
6.326840e+03	1.100610e+01	4.664748e-03	3.067806e+02
7.275866e+03	1.016082e+01	4.025015e-03	3.848672e+02
8.367246e+03	9.360375e+00	3.549915e-03	4.840878e+02
9.622333e+03	8.606902e+00	3.109853e-03	6.102708e+02
