# Energy_MeV	dEdx_Elec_MeV_um	dEdx_Nucl_MeV_um	Range_um
1.000000e-05	9.897643e-03	6.166372e-02	2.020683e-03
1.150000e-05	1.061404e-02	6.818736e-02	2.166941e-03
1.322500e-05	1.138229e-02	7.568955e-02	2.323786e-03
1.520875e-05	1.220615e-02	8.421174e-02	2.491982e-03
1.749006e-05	1.308963e-02	9.316645e-02	2.672353e-03
2.011357e-05	1.403707e-02	1.034129e-01	2.865780e-03
2.313061e-05	1.505308e-02	1.143243e-01	3.073206e-03
2.660020e-05	1.614263e-02	1.265268e-01	3.295647e-03
3.059023e-05	1.731104e-02	1.399524e-01	3.534187e-03
3.517876e-05	1.856402e-02	1.543803e-01	3.789994e-03
4.045558e-05	1.990770e-02	1.708236e-01	4.064316e-03
4.652391e-05	2.134862e-02	1.882970e-01	4.358493e-03
5.350250e-05	2.289385e-02	2.072358e-01	4.673963e-03
6.152788e-05	2.455092e-02	2.277932e-01	5.012267e-03
7.075706e-05	2.632793e-02	2.514341e-01	5.375057e-03
8.137062e-05	2.823356e-02	2.765934e-01	5.764107e-03
9.357621e-05	3.027712e-02	3.040910e-01	6.181316e-03
1.076126e-04	3.246859e-02	3.333723e-01	6.628723e-03
1.237545e-04	3.481868e-02	3.649412e-01	7.108513e-03
1.423177e-04	3.733888e-02	4.012454e-01	7.623031e-03
1.636654e-04	4.004149e-02	4.393023e-01	8.174790e-03
1.882152e-04	4.293971e-02	4.808677e-01	8.766486e-03
2.164475e-04	4.604771e-02	5.255784e-01	9.401009e-03
2.489146e-04	4.938067e-02	5.746403e-01	1.008146e-02
2.862518e-04	5.295486e-02	6.260445e-01	1.081116e-02
3.291895e-04	2.843349e-02	6.805691e-01	1.159368e-02
3.785680e-04	3.058850e-02	7.410249e-01	1.243283e-02
4.353531e-04	3.289919e-02	8.050968e-01	1.333273e-02
5.006561e-04	3.537687e-02	8.749298e-01	1.429776e-02
5.757545e-04	3.803362e-02	9.426738e-01	1.533264e-02
6.621177e-04	4.088244e-02	1.020579e+00	1.644242e-02
7.614354e-04	4.393723e-02	1.107963e+00	1.763253e-02
8.756507e-04	4.721294e-02	1.192208e+00	1.890879e-02
1.006998e-03	5.072556e-02	1.287662e+00	2.027741e-02
1.158048e-03	5.449224e-02	1.376737e+00	2.174510e-02
1.331755e-03	5.853141e-02	1.479174e+00	2.331903e-02
1.531519e-03	6.286278e-02	1.592561e+00	2.500687e-02
1.761246e-03	6.750752e-02	1.699457e+00	2.681688e-02
2.025433e-03	7.248832e-02	1.819909e+00	2.875790e-02
2.329248e-03	7.782951e-02	1.936785e+00	3.083941e-02
2.678635e-03	8.355720e-02	2.060522e+00	3.307159e-02
3.080431e-03	8.969935e-02	2.186658e+00	3.546532e-02
3.542495e-03	9.628598e-02	2.310127e+00	3.803232e-02
4.073870e-03	1.033493e-01	2.447349e+00	4.078512e-02
4.684950e-03	1.109237e-01	2.576149e+00	4.373717e-02
5.387693e-03	1.190463e-01	2.700902e+00	4.690289e-02
6.195847e-03	1.277568e-01	2.824141e+00	5.029775e-02
7.125224e-03	1.370976e-01	2.965866e+00	5.393833e-02
8.194007e-03	1.471145e-01	3.093988e+00	5.784241e-02
9.423108e-03	1.578564e-01	3.221396e+00	6.202908e-02
1.083657e-02	1.693757e-01	3.336105e+00	6.651877e-02
1.246206e-02	1.817287e-01	3.444692e+00	7.133344e-02
1.433137e-02	1.949759e-01	3.569567e+00	7.649588e-02
1.648108e-02	2.091818e-01	3.674287e+00	8.203628e-02
1.895324e-02	2.244158e-01	3.776223e+00	8.797243e-02
2.179622e-02	2.407525e-01	3.868742e+00	9.434074e-02
2.506566e-02	2.582717e-01	3.958807e+00	1.011688e-01
2.882550e-02	2.770588e-01	4.033292e+00	1.084913e-01
3.314933e-02	2.972057e-01	4.097379e+00	1.163438e-01
3.812173e-02	3.188109e-01	4.162668e+00	1.247647e-01
4.383999e-02	3.419798e-01	4.216389e+00	1.337951e-01
5.041599e-02	3.668257e-01	4.264848e+00	1.434791e-01
5.797838e-02	3.934699e-01	4.291676e+00	1.538640e-01
6.667514e-02	4.220426e-01	4.322527e+00	1.650007e-01
7.667641e-02	4.526834e-01	4.352650e+00	1.769434e-01
8.817787e-02	4.855419e-01	4.360598e+00	1.897504e-01
1.014046e-01	5.207788e-01	4.367162e+00	2.034845e-01
1.166152e-01	5.585661e-01	4.354197e+00	2.182127e-01
1.341075e-01	5.990885e-01	4.339289e+00	2.340069e-01
1.542237e-01	6.425439e-01	4.318311e+00	2.509443e-01
1.773572e-01	6.891446e-01	4.279410e+00	2.691076e-01
2.039608e-01	7.391182e-01	4.233536e+00	2.885856e-01
2.345549e-01	7.927090e-01	4.174337e+00	3.094735e-01
2.697381e-01	8.501787e-01	4.105318e+00	3.318732e-01
3.101989e-01	9.118081e-01	4.025543e+00	3.558942e-01
3.567287e-01	9.778982e-01	3.934973e+00	3.816537e-01
4.102380e-01	1.048772e+00	3.832639e+00	4.092779e-01
4.717737e-01	1.124776e+00	3.722783e+00	4.389016e-01
5.425397e-01	1.206280e+00	3.608472e+00	4.706694e-01
6.239207e-01	1.293685e+00	3.485495e+00	5.047365e-01
7.175088e-01	1.387415e+00	3.344072e+00	5.412693e-01
8.251351e-01	1.487930e+00	3.206307e+00	5.804466e-01
9.489054e-01	1.595720e+00	3.059190e+00	6.224596e-01
1.091241e+00	1.711312e+00	2.919852e+00	6.675134e-01
1.254927e+00	1.835270e+00	2.777324e+00	7.158281e-01
1.443166e+00	1.968201e+00	2.613416e+00	7.676398e-01
1.659641e+00	2.110754e+00	2.466759e+00	8.232021e-01
1.908588e+00	2.263624e+00	2.313645e+00	8.827859e-01
2.194876e+00	2.427559e+00	2.168459e+00	9.466821e-01
2.524107e+00	2.603360e+00	2.019823e+00	1.015203e+00
2.902723e+00	2.791886e+00	1.882894e+00	1.088684e+00
3.338132e+00	3.007663e+00	1.757315e+00	1.167484e+00
3.838852e+00	3.284552e+00	1.622363e+00	1.251981e+00
4.414679e+00	3.592373e+00	1.499987e+00	1.342627e+00
5.076881e+00	3.940173e+00	1.378848e+00	1.439719e+00
5.838413e+00	4.312778e+00	1.285032e+00	1.545108e+00
6.714175e+00	4.729078e+00	1.177144e+00	1.661800e+00
7.721302e+00	5.184375e+00	1.069739e+00	1.791665e+00
8.879497e+00	5.679387e+00	1.007096e+00	1.937298e+00
1.021142e+01	6.232466e+00	9.350556e-01	2.101955e+00
1.174313e+01	6.809962e+00	8.522095e-01	2.289917e+00
1.350460e+01	7.427333e+00	7.569363e-01	2.445771e+00
1.553030e+01	8.067292e+00	6.637339e-01	2.286299e+00
1.785984e+01	8.776355e+00	6.045983e-01	2.156587e+00
2.053882e+01	9.567741e+00	5.416773e-01	2.054914e+00
2.361964e+01	1.035948e+01	4.899415e-01	1.979952e+00
2.716258e+01	1.120651e+01	4.411246e-01	1.930713e+00
3.123697e+01	1.210553e+01	3.973813e-01	1.906477e+00
3.592252e+01	1.308613e+01	3.594965e-01	1.906752e+00
4.131089e+01	1.419517e+01	3.199600e-01	1.931179e+00
4.750753e+01	1.543746e+01	2.874861e-01	1.979764e+00
5.463366e+01	1.675038e+01	2.606482e-01	2.052693e+00
6.282871e+01	1.815181e+01	2.357674e-01	2.150558e+00
7.225301e+01	1.941646e+01	2.071545e-01	2.274456e+00
8.309096e+01	2.072756e+01	1.856307e-01	2.426125e+00
9.555461e+01	2.190887e+01	1.649017e-01	2.608074e+00
1.098878e+02	2.299467e+01	1.488397e-01	2.823725e+00
1.263710e+02	2.404153e+01	1.340504e-01	3.077546e+00
1.453266e+02	2.471486e+01	1.170428e-01	3.375259e+00
1.671256e+02	2.542150e+01	1.047337e-01	3.724079e+00
1.921945e+02	2.614733e+01	9.261258e-02	4.132548e+00
2.210236e+02	2.669941e+01	8.251120e-02	4.613295e+00
2.541772e+02	2.717014e+01	7.283819e-02	5.174004e+00
2.923037e+02	2.778963e+01	6.476695e-02	5.880332e+00
3.361493e+02	2.776118e+01	5.821258e-02	6.756772e+00
3.865717e+02	2.751054e+01	5.126098e-02	7.774680e+00
4.445574e+02	2.699741e+01	4.560998e-02	8.984153e+00
5.112411e+02	2.641635e+01	4.031988e-02	1.042178e+01
5.879272e+02	2.575687e+01	3.660316e-02	1.214045e+01
6.761163e+02	2.505184e+01	3.232893e-02	1.420576e+01
7.775337e+02	2.437892e+01	2.808817e-02	1.669680e+01
8.941638e+02	2.363986e+01	2.510064e-02	1.971486e+01
1.028288e+03	2.283873e+01	2.204057e-02	2.338517e+01
1.182532e+03	2.197636e+01	1.996202e-02	2.786587e+01
1.359911e+03	2.106862e+01	1.757170e-02	3.335810e+01
1.563898e+03	2.012665e+01	1.525748e-02	4.011533e+01
1.798483e+03	1.916677e+01	1.359852e-02	4.845918e+01
2.068255e+03	1.818599e+01	1.188693e-02	5.879885e+01
2.378493e+03	1.719282e+01	1.052053e-02	7.165617e+01
2.735268e+03	1.619668e+01	9.286270e-03	8.769753e+01
3.145558e+03	1.520327e+01	8.215780e-03	1.077752e+02
3.617391e+03	1.421951e+01	7.301705e-03	1.329802e+02
4.160000e+03	1.325781e+01	6.376471e-03	1.647107e+02
4.784000e+03	1.232455e+01	5.628297e-03	2.047581e+02
5.501600e+03	1.142480e+01	5.043639e-03	2.554184e+02
6.326840e+03	1.056339e+01	4.496157e-03	3.196316e+02
7.275866e+03	9.745393e+00	3.866553e-03	4.011577e+02
8.367246e+03	8.972182e+00	3.424924e-03	5.047973e+02
9.622333e+03	8.244541e+00	2.991830e-03	6.366648e+02
