# Energy_MeV	dEdx_Elec_MeV_um	dEdx_Nucl_MeV_um	Range_um
1.000000e-05	5.386577e-03	9.821309e-02	3.532405e-03
1.150000e-05	5.852933e-03	1.069988e-01	3.788082e-03
1.322500e-05	6.352091e-03	1.160835e-01	4.062265e-03
1.520875e-05	6.886519e-03	1.255166e-01	4.356294e-03
1.749006e-05	7.458855e-03	1.356020e-01	4.671605e-03
2.011357e-05	8.071917e-03	1.472003e-01	5.009738e-03
2.313061e-05	8.728716e-03	1.588321e-01	5.372346e-03
2.660020e-05	9.432477e-03	1.713742e-01	5.761199e-03
3.059023e-05	1.018665e-02	1.839336e-01	6.178198e-03
3.517876e-05	1.099493e-02	1.971948e-01	6.625379e-03
4.045558e-05	1.186127e-02	2.124451e-01	7.104927e-03
4.652391e-05	1.278992e-02	2.272421e-01	7.619186e-03
5.350250e-05	1.378541e-02	2.431564e-01	8.170667e-03
6.152788e-05	1.485262e-02	2.592882e-01	8.762064e-03
7.075706e-05	1.599676e-02	2.764876e-01	9.396267e-03
8.137062e-05	1.722342e-02	2.935020e-01	1.007637e-02
9.357621e-05	1.853861e-02	3.102741e-01	1.080571e-02
1.076126e-04	1.994875e-02	3.286557e-01	1.158783e-02
1.237545e-04	2.146073e-02	3.465638e-01	1.242656e-02
1.423177e-04	2.308194e-02	3.651035e-01	1.332600e-02
1.636654e-04	2.482030e-02	3.810578e-01	1.429055e-02
1.882152e-04	2.668430e-02	3.994052e-01	1.532490e-02
2.164475e-04	2.868306e-02	4.189948e-01	1.643413e-02
2.489146e-04	3.082634e-02	4.354888e-01	1.762364e-02
2.862518e-04	3.312461e-02	4.533610e-01	1.889925e-02
3.291895e-04	3.558910e-02	4.674184e-01	2.026719e-02
3.785680e-04	3.823185e-02	4.835845e-01	2.173414e-02
4.353531e-04	4.106577e-02	5.002863e-01	2.330726e-02
5.006561e-04	4.410470e-02	5.134826e-01	2.499426e-02
5.757545e-04	4.736350e-02	5.276511e-01	2.680335e-02
6.621177e-04	5.085808e-02	5.394484e-01	2.874339e-02
7.614354e-04	5.460552e-02	5.506061e-01	3.082386e-02
8.756507e-04	5.862412e-02	5.605461e-01	3.305490e-02
1.006998e-03	6.293351e-02	5.689982e-01	3.544743e-02
1.158048e-03	6.755476e-02	5.777284e-01	3.801314e-02
1.331755e-03	7.251043e-02	5.842978e-01	4.076455e-02
1.531519e-03	7.782474e-02	5.891842e-01	4.371511e-02
1.761246e-03	8.352365e-02	5.931782e-01	4.687923e-02
2.025433e-03	8.963499e-02	5.977712e-01	5.025653e-02
2.329248e-03	9.618864e-02	5.998635e-01	5.390159e-02
2.678635e-03	1.032166e-01	6.010468e-01	5.781509e-02
3.080431e-03	1.107532e-01	6.003005e-01	6.199902e-02
3.542495e-03	1.188353e-01	5.983704e-01	6.648664e-02
4.073870e-03	1.275023e-01	5.961508e-01	7.129891e-02
4.684950e-03	1.367966e-01	5.916387e-01	7.645945e-02
5.387693e-03	1.467636e-01	5.858472e-01	8.199352e-02
6.195847e-03	1.574520e-01	5.784517e-01	8.792813e-02
7.125224e-03	1.689140e-01	5.696112e-01	9.429230e-02
8.194007e-03	1.812056e-01	5.592345e-01	1.011172e-01
9.423108e-03	1.943868e-01	5.474737e-01	1.084360e-01
1.083657e-02	2.085221e-01	5.339900e-01	1.162845e-01
1.246206e-02	2.236805e-01	5.194752e-01	1.247011e-01
1.433137e-02	2.399360e-01	5.035529e-01	1.337269e-01
1.648108e-02	2.573682e-01	4.876326e-01	1.434061e-01
1.895324e-02	2.760620e-01	4.693242e-01	1.537858e-01
2.179622e-02	2.961089e-01	4.495061e-01	1.649168e-01
2.506566e-02	3.176068e-01	4.304607e-01	1.768534e-01
2.882550e-02	3.406607e-01	4.098157e-01	1.896541e-01
3.314933e-02	3.653832e-01	3.913644e-01	2.033813e-01
3.812173e-02	3.918952e-01	3.701453e-01	2.181020e-01
4.383999e-02	4.203261e-01	3.480143e-01	2.338882e-01
5.041599e-02	4.508148e-01	3.281926e-01	2.508170e-01
5.797838e-02	4.835104e-01	3.068660e-01	2.689712e-01
6.667514e-02	5.185724e-01	2.872299e-01	2.884395e-01
7.667641e-02	5.561722e-01	2.678669e-01	3.093167e-01
8.817787e-02	5.964936e-01	2.493430e-01	3.317050e-01
1.014046e-01	6.397334e-01	2.318725e-01	3.557139e-01
1.166152e-01	6.861029e-01	2.134989e-01	3.814607e-01
1.341075e-01	7.358286e-01	1.970096e-01	4.090709e-01
1.542237e-01	7.891535e-01	1.828361e-01	4.386795e-01
1.773572e-01	8.463381e-01	1.688691e-01	4.704312e-01
2.039608e-01	9.076618e-01	1.528071e-01	5.044812e-01
2.345549e-01	9.734241e-01	1.426050e-01	5.409958e-01
2.697381e-01	1.043946e+00	1.332789e-01	5.801533e-01
3.101989e-01	1.119573e+00	1.225538e-01	6.221448e-01
3.567287e-01	1.200639e+00	1.102200e-01	6.423491e-01
4.102380e-01	1.287567e+00	9.603608e-02	6.593072e-01
4.717737e-01	1.380783e+00	8.696828e-02	6.724817e-01
5.425397e-01	1.482096e+00	7.816438e-02	6.884968e-01
6.239207e-01	1.598023e+00	7.071596e-02	7.063940e-01
7.175088e-01	1.717938e+00	6.341400e-02	7.224776e-01
8.251351e-01	1.850863e+00	5.708370e-02	7.367027e-01
9.489054e-01	1.993680e+00	5.188329e-02	7.500460e-01
1.091241e+00	2.143513e+00	4.624315e-02	7.632618e-01
1.254927e+00	2.307735e+00	4.162787e-02	7.766908e-01
1.443166e+00	2.469645e+00	3.724965e-02	7.908503e-01
1.659641e+00	2.644109e+00	3.402864e-02	8.063901e-01
1.908588e+00	2.825280e+00	3.032449e-02	8.241244e-01
2.194876e+00	3.000683e+00	2.669373e-02	8.450571e-01
2.524107e+00	3.185435e+00	2.401020e-02	8.704131e-01
2.902723e+00	3.349808e+00	2.130278e-02	9.016682e-01
3.338132e+00	3.513568e+00	1.938821e-02	9.405706e-01
3.838852e+00	3.669170e+00	1.718644e-02	9.891707e-01
4.414679e+00	3.797320e+00	1.508406e-02	1.049828e+00
5.076881e+00	3.920024e+00	1.351489e-02	1.125227e+00
5.838413e+00	3.995643e+00	1.191516e-02	1.218407e+00
6.714175e+00	4.047503e+00	1.060418e-02	1.332804e+00
7.721302e+00	4.071392e+00	9.425836e-03	1.472352e+00
8.879497e+00	4.059103e+00	8.395704e-03	1.641635e+00
1.021142e+01	4.030848e+00	7.495767e-03	1.846121e+00
1.174313e+01	3.969537e+00	6.595711e-03	2.092464e+00
1.350460e+01	3.888651e+00	5.848998e-03	2.388913e+00
1.553030e+01	3.787293e+00	5.273780e-03	2.745811e+00
1.785984e+01	3.670471e+00	4.720449e-03	3.176228e+00
2.053882e+01	3.541327e+00	4.084118e-03	3.696766e+00
2.361964e+01	3.407429e+00	3.644157e-03	4.328530e+00
2.716258e+01	3.267945e+00	3.199385e-03	5.098647e+00
3.123697e+01	3.116676e+00	2.879378e-03	6.041038e+00
3.592252e+01	2.968468e+00	2.569933e-03	7.200269e+00
4.131089e+01	2.902343e+00	2.214070e-03	8.638236e+00
4.750753e+01	2.723421e+00	1.976807e-03	1.052874e+01
5.463366e+01	2.538125e+00	1.729828e-03	1.291049e+01
6.282871e+01	2.352825e+00	1.534590e-03	1.588111e+01
7.225301e+01	2.170842e+00	1.346236e-03	1.960971e+01
8.309096e+01	1.996319e+00	1.186320e-03	2.431095e+01
9.555461e+01	1.828466e+00	1.062912e-03	3.025913e+01
1.098878e+02	1.670367e+00	9.268280e-04	3.781097e+01
1.263710e+02	1.522026e+00	8.220609e-04	4.742416e+01
1.453266e+02	1.382671e+00	7.244138e-04	5.969502e+01
1.671256e+02	1.252849e+00	6.535381e-04	7.538898e+01
1.921945e+02	1.132079e+00	5.720311e-04	9.550133e+01
2.210236e+02	1.020733e+00	4.952803e-04	1.213207e+02
2.541772e+02	9.186041e-01	4.392130e-04	1.545095e+02
2.923037e+02	8.253746e-01	3.845996e-04	1.972151e+02
3.361493e+02	7.405637e-01	3.461391e-04	2.522086e+02
3.865717e+02	6.637257e-01	3.019095e-04	3.230627e+02
4.445574e+02	5.943499e-01	2.612969e-04	4.143780e+02
5.112411e+02	5.318904e-01	2.309585e-04	5.320727e+02
5.879272e+02	4.758373e-01	2.008603e-04	6.837507e+02
6.761163e+02	4.256694e-01	1.760700e-04	8.791691e+02
7.775337e+02	3.808111e-01	1.546087e-04	1.130831e+03
8.941638e+02	3.407416e-01	1.361379e-04	1.454731e+03
1.028288e+03	3.050627e-01	1.198302e-04	1.871294e+03
1.182532e+03	2.733614e-01	1.040132e-04	2.406548e+03
1.359911e+03	2.451837e-01	9.087682e-05	3.093575e+03
1.563898e+03	2.201758e-01	8.124536e-05	3.974305e+03
1.798483e+03	1.980343e-01	0.000000e+00	5.101704e+03
2.068255e+03	1.784315e-01	0.000000e+00	6.542419e+03
2.378493e+03	1.610818e-01	0.000000e+00	8.379948e+03
2.735268e+03	1.457666e-01	0.000000e+00	1.071839e+04
3.145558e+03	1.322667e-01	0.000000e+00	1.368681e+04
3.617391e+03	1.203682e-01	0.000000e+00	1.744424e+04
4.160000e+03	1.098946e-01	0.000000e+00	2.218543e+04
4.784000e+03	1.006588e-01	0.000000e+00	2.814896e+04
5.501600e+03	9.256540e-02	0.000000e+00	3.562283e+04
6.326840e+03	8.548758e-02	0.000000e+00	4.495039e+04
7.275866e+03	7.932610e-02	0.000000e+00	5.653857e+04
8.367246e+03	7.398282e-02	0.000000e+00	7.086514e+04
9.622333e+03	6.936324e-02	0.000000e+00	8.848558e+04
