# Energy_MeV	dEdx_Elec_MeV_um	dEdx_Nucl_MeV_um	Range_um
1.000000e-05	9.731289e-03	7.312698e-02	2.055226e-03
1.150000e-05	1.043564e-02	8.118247e-02	2.203985e-03
1.322500e-05	1.119098e-02	8.973986e-02	2.363510e-03
1.520875e-05	1.200099e-02	9.933751e-02	2.534582e-03
1.749006e-05	1.286963e-02	1.099198e-01	2.718037e-03
2.011357e-05	1.380114e-02	1.212060e-01	2.914770e-03
2.313061e-05	1.480007e-02	1.341756e-01	3.125742e-03
2.660020e-05	1.587131e-02	1.478440e-01	3.351985e-03
3.059023e-05	1.702008e-02	1.628192e-01	3.594604e-03
3.517876e-05	1.825201e-02	1.789001e-01	3.854783e-03
4.045558e-05	1.957310e-02	1.973931e-01	4.133794e-03
4.652391e-05	2.098981e-02	2.173074e-01	4.433000e-03
5.350250e-05	2.250906e-02	2.388173e-01	4.753863e-03
6.152788e-05	2.413828e-02	2.620222e-01	5.097950e-03
7.075706e-05	2.588542e-02	2.867168e-01	5.466943e-03
8.137062e-05	2.775902e-02	3.151156e-01	5.862643e-03
9.357621e-05	2.976823e-02	3.452828e-01	6.286984e-03
1.076126e-04	3.192287e-02	3.777972e-01	6.742039e-03
1.237545e-04	3.423347e-02	4.131391e-01	7.230032e-03
1.423177e-04	3.671131e-02	4.515176e-01	7.753345e-03
1.636654e-04	3.936849e-02	4.920710e-01	8.314537e-03
1.882152e-04	4.221800e-02	5.351793e-01	8.916347e-03
2.164475e-04	4.527376e-02	5.824705e-01	9.561717e-03
2.489146e-04	4.855070e-02	6.331946e-01	1.025380e-02
2.862518e-04	5.206483e-02	6.880886e-01	1.099597e-02
3.291895e-04	2.794011e-02	7.416839e-01	1.179187e-02
3.785680e-04	3.005598e-02	8.026251e-01	1.264537e-02
4.353531e-04	3.232472e-02	8.722249e-01	1.356065e-02
5.006561e-04	3.475741e-02	9.381250e-01	1.454218e-02
5.757545e-04	3.736594e-02	1.013910e+00	1.559475e-02
6.621177e-04	4.016305e-02	1.083964e+00	1.672350e-02
7.614354e-04	4.316242e-02	1.164095e+00	1.793396e-02
8.756507e-04	4.637869e-02	1.254673e+00	1.923203e-02
1.006998e-03	4.982758e-02	1.338292e+00	2.062405e-02
1.158048e-03	5.352594e-02	1.434143e+00	2.211683e-02
1.331755e-03	5.749184e-02	1.525568e+00	2.371766e-02
1.531519e-03	6.174465e-02	1.623813e+00	2.543436e-02
1.761246e-03	6.630514e-02	1.724295e+00	2.727531e-02
2.025433e-03	7.119561e-02	1.820878e+00	2.924951e-02
2.329248e-03	7.643994e-02	1.930496e+00	3.136661e-02
2.678635e-03	8.206376e-02	2.031250e+00	3.363694e-02
3.080431e-03	8.809453e-02	2.131777e+00	3.607160e-02
3.542495e-03	9.456171e-02	2.228180e+00	3.868248e-02
4.073870e-03	1.014969e-01	2.339044e+00	4.148234e-02
4.684950e-03	1.089340e-01	2.442961e+00	4.448485e-02
5.387693e-03	1.169093e-01	2.542626e+00	4.770469e-02
6.195847e-03	1.254619e-01	2.636074e+00	5.115758e-02
7.125224e-03	1.346334e-01	2.721016e+00	5.486039e-02
8.194007e-03	1.444686e-01	2.818699e+00	5.883121e-02
9.423108e-03	1.550157e-01	2.904485e+00	6.308912e-02
1.083657e-02	1.663262e-01	2.984224e+00	6.764668e-02
1.246206e-02	1.784552e-01	3.059292e+00	7.255543e-02
1.433137e-02	1.914621e-01	3.130577e+00	7.780563e-02
1.648108e-02	2.054105e-01	3.190044e+00	8.343766e-02
1.895324e-02	2.203684e-01	3.242197e+00	8.947674e-02
2.179622e-02	2.364089e-01	3.293269e+00	9.595299e-02
2.506566e-02	2.536103e-01	3.337477e+00	1.028980e-01
2.882550e-02	2.720569e-01	3.377173e+00	1.103457e-01
3.314933e-02	2.918385e-01	3.398472e+00	1.183324e-01
3.812173e-02	3.130519e-01	3.422606e+00	1.268972e-01
4.383999e-02	3.358008e-01	3.448330e+00	1.360820e-01
5.041599e-02	3.601962e-01	3.454548e+00	1.459316e-01
5.797838e-02	3.863573e-01	3.461239e+00	1.564940e-01
6.667514e-02	4.144120e-01	3.451098e+00	1.678210e-01
7.667641e-02	4.444972e-01	3.439435e+00	1.799678e-01
8.817787e-02	4.767600e-01	3.424281e+00	1.929939e-01
1.014046e-01	5.113580e-01	3.393850e+00	2.069628e-01
1.166152e-01	5.484602e-01	3.358477e+00	2.219427e-01
1.341075e-01	5.882479e-01	3.312169e+00	2.380068e-01
1.542237e-01	6.309154e-01	3.258295e+00	2.552338e-01
1.773572e-01	6.766712e-01	3.195787e+00	2.737077e-01
2.039608e-01	7.257388e-01	3.124939e+00	2.935186e-01
2.345549e-01	7.783580e-01	3.044238e+00	3.147635e-01
2.697381e-01	8.347857e-01	2.958303e+00	3.375461e-01
3.101989e-01	8.952977e-01	2.867502e+00	3.619778e-01
3.567287e-01	9.601896e-01	2.771304e+00	3.881779e-01
4.102380e-01	1.029778e+00	2.660676e+00	4.162742e-01
4.717737e-01	1.104404e+00	2.550470e+00	4.464041e-01
5.425397e-01	1.184431e+00	2.435388e+00	4.787150e-01
6.239207e-01	1.270251e+00	2.323185e+00	5.133646e-01
7.175088e-01	1.362282e+00	2.211693e+00	5.505221e-01
8.251351e-01	1.460974e+00	2.083477e+00	5.903689e-01
9.489054e-01	1.566810e+00	1.964886e+00	6.330999e-01
1.091241e+00	1.680306e+00	1.845113e+00	6.789240e-01
1.254927e+00	1.802017e+00	1.728428e+00	7.280649e-01
1.443166e+00	1.932538e+00	1.609778e+00	7.807624e-01
1.659641e+00	2.072506e+00	1.502549e+00	8.372741e-01
1.908588e+00	2.222604e+00	1.401526e+00	8.978763e-01
2.194876e+00	2.383567e+00	1.295961e+00	9.628649e-01
2.524107e+00	2.581408e+00	1.197119e+00	1.032559e+00
2.902723e+00	2.833826e+00	1.098870e+00	1.107289e+00
3.338132e+00	3.113015e+00	1.025483e+00	1.187453e+00
3.838852e+00	3.427647e+00	9.410882e-01	1.273370e+00
4.414679e+00	3.770885e+00	8.518430e-01	1.367060e+00
5.076881e+00	4.148545e+00	8.028403e-01	1.470951e+00
5.838413e+00	4.567788e+00	7.464872e-01	1.586725e+00
6.714175e+00	5.015277e+00	6.816811e-01	1.716742e+00
7.721302e+00	5.512113e+00	6.071542e-01	1.762575e+00
8.879497e+00	6.040540e+00	5.299039e-01	1.677963e+00
1.021142e+01	6.593115e+00	4.836453e-01	1.605189e+00
1.174313e+01	7.190386e+00	4.326921e-01	1.544907e+00
1.350460e+01	7.849887e+00	3.922220e-01	1.497789e+00
1.553030e+01	8.574953e+00	3.528268e-01	1.464550e+00
1.785984e+01	9.332955e+00	3.174237e-01	1.445952e+00
2.053882e+01	1.016736e+01	2.877885e-01	1.442764e+00
2.361964e+01	1.110552e+01	2.557133e-01	1.455850e+00
2.716258e+01	1.210891e+01	2.303107e-01	1.486054e+00
3.123697e+01	1.320986e+01	2.082049e-01	1.534259e+00
3.592252e+01	1.437969e+01	1.887421e-01	1.601426e+00
4.131089e+01	1.548510e+01	1.663598e-01	1.688686e+00
4.750753e+01	1.662980e+01	1.484842e-01	1.797448e+00
5.463366e+01	1.757851e+01	1.322690e-01	1.929535e+00
6.282871e+01	1.852280e+01	1.189319e-01	2.087338e+00
7.225301e+01	1.939961e+01	1.073631e-01	2.273943e+00
8.309096e+01	2.012273e+01	9.405894e-02	2.493354e+00
9.555461e+01	2.081571e+01	8.380417e-02	2.750618e+00
1.098878e+02	2.124460e+01	7.432246e-02	3.052055e+00
1.263710e+02	2.169645e+01	6.606144e-02	3.405631e+00
1.453266e+02	2.216943e+01	5.825833e-02	3.820670e+00
1.671256e+02	2.244418e+01	5.194464e-02	4.310470e+00
1.921945e+02	2.226018e+01	4.659408e-02	4.887746e+00
2.210236e+02	2.219340e+01	4.115622e-02	5.624242e+00
2.541772e+02	2.191853e+01	3.652847e-02	6.522459e+00
2.923037e+02	2.148900e+01	3.219848e-02	7.579927e+00
3.361493e+02	2.090095e+01	2.929110e-02	8.843121e+00
3.865717e+02	2.027944e+01	2.594760e-02	1.035789e+01
4.445574e+02	1.960402e+01	2.245740e-02	1.218333e+01
5.112411e+02	1.890754e+01	2.012042e-02	1.439445e+01
5.879272e+02	1.824065e+01	1.760422e-02	1.708320e+01
6.761163e+02	1.752356e+01	1.597829e-02	2.036762e+01
7.775337e+02	1.677343e+01	1.410847e-02	2.439470e+01
8.941638e+02	1.598934e+01	1.220128e-02	2.935213e+01
1.028288e+03	1.518660e+01	1.090357e-02	3.547936e+01
1.182532e+03	1.437300e+01	9.510870e-03	4.308037e+01
1.359911e+03	1.355867e+01	8.442004e-03	5.254343e+01
1.563898e+03	1.274346e+01	7.441366e-03	6.436546e+01
1.798483e+03	1.193462e+01	6.571493e-03	7.918350e+01
2.068255e+03	1.113841e+01	5.856462e-03	9.781510e+01
2.378493e+03	1.035737e+01	5.102911e-03	1.213104e+02
2.735268e+03	9.597863e+00	4.517656e-03	1.510193e+02
3.145558e+03	8.868685e+00	4.033296e-03	1.886767e+02
3.617391e+03	8.173267e+00	3.605030e-03	2.365120e+02
4.160000e+03	7.513562e+00	3.112525e-03	2.973877e+02
4.784000e+03	6.890131e+00	2.742977e-03	3.749738e+02
5.501600e+03	6.305226e+00	2.404191e-03	4.739670e+02
6.326840e+03	5.761136e+00	2.139729e-03	6.003632e+02
7.275866e+03	5.257656e+00	1.907332e-03	7.617940e+02
8.367246e+03	4.793347e+00	1.640076e-03	9.679370e+02
9.622333e+03	4.368528e+00	1.445669e-03	1.231012e+03
