# Energy_MeV	dEdx_Elec_MeV_um	dEdx_Nucl_MeV_um	Range_um
1.000000e-05	1.013159e-02	6.508171e-02	1.974024e-03
1.150000e-05	1.086492e-02	7.222304e-02	2.116904e-03
1.322500e-05	1.165133e-02	8.039608e-02	2.270127e-03
1.520875e-05	1.249466e-02	8.892007e-02	2.434440e-03
1.749006e-05	1.339903e-02	9.872265e-02	2.610646e-03
2.011357e-05	1.436886e-02	1.091192e-01	2.799606e-03
2.313061e-05	1.540888e-02	1.207843e-01	3.002243e-03
2.660020e-05	1.652419e-02	1.336401e-01	3.219547e-03
3.059023e-05	1.772022e-02	1.473740e-01	3.452580e-03
3.517876e-05	1.900281e-02	1.631277e-01	3.702479e-03
4.045558e-05	2.037825e-02	1.797606e-01	3.970467e-03
4.652391e-05	2.185324e-02	1.979404e-01	4.257851e-03
5.350250e-05	2.343499e-02	2.175090e-01	4.566037e-03
6.152788e-05	2.513122e-02	2.400128e-01	4.896529e-03
7.075706e-05	2.695023e-02	2.641832e-01	5.250942e-03
8.137062e-05	2.890091e-02	2.903581e-01	5.631008e-03
9.357621e-05	3.099277e-02	3.185150e-01	6.038583e-03
1.076126e-04	3.323604e-02	3.485655e-01	6.475659e-03
1.237545e-04	3.564168e-02	3.831234e-01	6.944371e-03
1.423177e-04	3.822145e-02	4.197263e-01	7.447008e-03
1.636654e-04	4.098794e-02	4.592924e-01	7.986026e-03
1.882152e-04	4.395467e-02	5.022004e-01	8.564059e-03
2.164475e-04	4.713613e-02	5.489024e-01	9.183930e-03
2.489146e-04	5.054787e-02	5.981588e-01	9.848668e-03
2.862518e-04	5.420655e-02	6.504934e-01	1.056152e-02
3.291895e-04	5.813004e-02	7.080413e-01	1.132597e-02
3.785680e-04	6.233753e-02	7.696038e-01	1.214575e-02
4.353531e-04	6.684955e-02	8.364032e-01	1.302486e-02
5.006561e-04	7.168816e-02	9.013878e-01	1.396761e-02
5.757545e-04	7.687698e-02	9.755461e-01	1.497859e-02
6.621177e-04	8.244138e-02	1.059906e+00	1.606275e-02
7.614354e-04	8.840853e-02	1.140098e+00	1.722538e-02
8.756507e-04	4.747650e-02	1.232320e+00	1.847216e-02
1.006998e-03	5.101111e-02	1.317165e+00	1.980919e-02
1.158048e-03	5.480139e-02	1.414675e+00	2.124299e-02
1.331755e-03	5.886583e-02	1.524391e+00	2.278057e-02
1.531519e-03	6.322431e-02	1.626145e+00	2.442944e-02
1.761246e-03	6.789811e-02	1.742345e+00	2.619765e-02
2.025433e-03	7.291006e-02	1.853599e+00	2.809385e-02
2.329248e-03	7.828466e-02	1.972761e+00	3.012730e-02
2.678635e-03	8.404815e-02	2.094546e+00	3.230793e-02
3.080431e-03	9.022871e-02	2.212076e+00	3.464640e-02
3.542495e-03	9.685651e-02	2.344856e+00	3.715412e-02
4.073870e-03	1.039639e-01	2.467461e+00	3.984336e-02
4.684950e-03	1.115857e-01	2.588998e+00	4.272724e-02
5.387693e-03	1.197591e-01	2.706310e+00	4.581986e-02
6.195847e-03	1.285240e-01	2.841218e+00	4.913632e-02
7.125224e-03	1.379232e-01	2.966677e+00	5.269284e-02
8.194007e-03	1.480027e-01	3.087957e+00	5.650677e-02
9.423108e-03	1.588117e-01	3.200671e+00	6.059676e-02
1.083657e-02	1.704030e-01	3.304035e+00	6.498279e-02
1.246206e-02	1.828332e-01	3.422904e+00	6.965328e-02
1.433137e-02	1.961631e-01	3.526252e+00	7.472593e-02
1.648108e-02	2.104577e-01	3.623285e+00	8.014097e-02
1.895324e-02	2.257870e-01	3.713908e+00	8.594187e-02
2.179622e-02	2.422257e-01	3.800654e+00	9.216200e-02
2.506566e-02	2.598543e-01	3.872470e+00	9.883267e-02
2.882550e-02	2.787588e-01	3.935390e+00	1.059860e-01
3.314933e-02	2.990316e-01	3.997538e+00	1.136572e-01
3.812173e-02	3.207717e-01	4.050745e+00	1.218837e-01
4.383999e-02	3.440854e-01	4.098866e+00	1.307056e-01
5.041599e-02	3.690865e-01	4.124403e+00	1.401659e-01
5.797838e-02	3.958971e-01	4.153770e+00	1.503111e-01
6.667514e-02	4.246483e-01	4.184491e+00	1.611905e-01
7.667641e-02	4.554805e-01	4.192057e+00	1.728575e-01
8.817787e-02	4.885443e-01	4.199780e+00	1.853689e-01
1.014046e-01	5.240013e-01	4.187440e+00	1.987858e-01
1.166152e-01	5.620247e-01	4.173248e+00	2.131738e-01
1.341075e-01	6.028002e-01	4.154468e+00	2.286034e-01
1.542237e-01	6.465270e-01	4.117438e+00	2.451497e-01
1.773572e-01	6.934188e-01	4.074255e+00	2.628936e-01
2.039608e-01	7.437046e-01	4.017904e+00	2.819218e-01
2.345549e-01	7.976302e-01	3.952315e+00	3.023273e-01
2.697381e-01	8.554588e-01	3.876278e+00	3.242098e-01
3.101989e-01	9.174732e-01	3.790064e+00	3.476762e-01
3.567287e-01	9.839762e-01	3.692036e+00	3.728410e-01
4.102380e-01	1.055293e+00	3.587464e+00	3.998272e-01
4.717737e-01	1.131771e+00	3.477342e+00	4.287668e-01
5.425397e-01	1.213785e+00	3.360280e+00	4.598011e-01
6.239207e-01	1.301735e+00	3.225659e+00	4.930816e-01
7.175088e-01	1.396051e+00	3.092208e+00	5.287709e-01
8.251351e-01	1.497194e+00	2.952168e+00	5.670433e-01
9.489054e-01	1.605657e+00	2.816494e+00	6.080862e-01
1.091241e+00	1.721971e+00	2.680821e+00	6.520998e-01
1.254927e+00	1.846704e+00	2.524798e+00	6.992990e-01
1.443166e+00	1.980465e+00	2.381529e+00	7.499142e-01
1.659641e+00	2.123908e+00	2.235780e+00	8.041933e-01
1.908588e+00	2.277733e+00	2.094627e+00	8.624013e-01
2.194876e+00	2.442693e+00	1.950774e+00	9.248223e-01
2.524107e+00	2.619592e+00	1.820431e+00	9.917612e-01
2.902723e+00	2.809295e+00	1.698250e+00	1.063545e+00
3.338132e+00	3.069862e+00	1.569790e+00	1.140524e+00
3.838852e+00	3.364853e+00	1.450350e+00	1.223088e+00
4.414679e+00	3.694435e+00	1.331733e+00	1.311552e+00
5.076881e+00	4.057410e+00	1.242429e+00	1.406955e+00
5.838413e+00	4.465864e+00	1.139731e+00	1.512156e+00
6.714175e+00	4.904619e+00	1.032538e+00	1.629051e+00
7.721302e+00	5.392955e+00	9.729080e-01	1.759841e+00
8.879497e+00	5.929429e+00	9.043329e-01	1.907320e+00
1.021142e+01	6.498148e+00	8.254717e-01	2.075168e+00
1.174313e+01	7.123558e+00	7.347812e-01	2.209849e+00
1.350460e+01	7.740163e+00	6.419469e-01	2.071339e+00
1.553030e+01	8.433277e+00	5.856557e-01	1.957628e+00
1.785984e+01	9.210904e+00	5.241188e-01	1.867648e+00
2.053882e+01	9.996630e+00	4.748715e-01	1.800597e+00
2.361964e+01	1.085325e+01	4.272578e-01	1.755916e+00
2.716258e+01	1.172797e+01	3.844957e-01	1.733240e+00
3.123697e+01	1.270259e+01	3.484332e-01	1.732341e+00
3.592252e+01	1.379317e+01	3.097108e-01	1.753159e+00
4.131089e+01	1.499764e+01	2.787989e-01	1.795799e+00
4.750753e+01	1.631961e+01	2.521983e-01	1.860560e+00
5.463366e+01	1.764129e+01	2.285143e-01	1.948042e+00
6.282871e+01	1.893111e+01	2.012777e-01	2.059262e+00
7.225301e+01	2.023899e+01	1.798051e-01	2.195780e+00
8.309096e+01	2.135198e+01	1.600732e-01	2.359833e+00
9.555461e+01	2.247667e+01	1.440516e-01	2.554464e+00
1.098878e+02	2.343583e+01	1.299738e-01	2.783658e+00
1.263710e+02	2.419967e+01	1.137843e-01	3.052540e+00
1.453266e+02	2.487572e+01	1.014741e-01	3.367513e+00
1.671256e+02	2.553852e+01	8.993597e-02	3.736536e+00
1.921945e+02	2.615908e+01	7.998009e-02	4.170112e+00
2.210236e+02	2.658887e+01	7.054833e-02	4.676246e+00
2.541772e+02	2.684756e+01	6.286532e-02	5.295745e+00
2.923037e+02	2.686307e+01	5.641452e-02	6.085240e+00
3.361493e+02	2.663683e+01	4.979730e-02	7.004217e+00
3.865717e+02	2.617782e+01	4.422172e-02	8.096718e+00
4.445574e+02	2.560280e+01	3.900433e-02	9.393213e+00
5.112411e+02	2.496263e+01	3.546638e-02	1.094303e+01
5.879272e+02	2.426734e+01	3.139775e-02	1.280469e+01
6.761163e+02	2.358441e+01	2.719716e-02	1.504986e+01
7.775337e+02	2.286761e+01	2.435333e-02	1.776939e+01
8.941638e+02	2.208891e+01	2.132442e-02	2.107684e+01
1.028288e+03	2.125471e+01	1.934586e-02	2.511420e+01
1.182532e+03	2.037312e+01	1.707051e-02	3.006277e+01
1.359911e+03	1.945836e+01	1.477579e-02	3.615138e+01
1.563898e+03	1.852410e+01	1.319663e-02	4.367005e+01
1.798483e+03	1.757297e+01	1.151638e-02	5.298794e+01
2.068255e+03	1.660981e+01	1.021570e-02	6.457587e+01
2.378493e+03	1.564440e+01	9.007509e-03	7.903532e+01
2.735268e+03	1.468192e+01	7.957730e-03	9.713579e+01
3.145558e+03	1.372611e+01	7.087622e-03	1.198628e+02
3.617391e+03	1.279251e+01	6.178667e-03	1.484797e+02
4.160000e+03	1.188795e+01	5.466481e-03	1.846062e+02
4.784000e+03	1.101583e+01	4.884350e-03	2.303189e+02
5.501600e+03	1.018019e+01	4.363202e-03	2.882788e+02
6.326840e+03	9.386410e+00	3.763882e-03	3.618915e+02
7.275866e+03	8.637407e+00	3.320676e-03	4.555083e+02
8.367246e+03	7.932766e+00	2.908413e-03	5.746761e+02
9.622333e+03	7.274727e+00	2.591108e-03	7.264456e+02
