# Energy_MeV	dEdx_Elec_MeV_um	dEdx_Nucl_MeV_um	Range_um
1.000000e-05	9.989167e-03	7.168163e-02	2.002169e-03
1.150000e-05	1.071219e-02	7.934027e-02	2.147087e-03
1.322500e-05	1.148754e-02	8.801791e-02	2.302494e-03
1.520875e-05	1.231902e-02	9.734997e-02	2.469150e-03
1.749006e-05	1.321067e-02	1.077143e-01	2.647868e-03
2.011357e-05	1.416687e-02	1.190862e-01	2.839523e-03
2.313061e-05	1.519227e-02	1.314259e-01	3.045049e-03
2.660020e-05	1.629190e-02	1.453420e-01	3.265451e-03
3.059023e-05	1.747112e-02	1.602864e-01	3.501806e-03
3.517876e-05	1.873568e-02	1.762631e-01	3.755269e-03
4.045558e-05	2.009178e-02	1.938451e-01	4.027077e-03
4.652391e-05	2.154604e-02	2.140644e-01	4.318559e-03
5.350250e-05	2.310555e-02	2.352604e-01	4.631138e-03
6.152788e-05	2.477794e-02	2.587781e-01	4.966343e-03
7.075706e-05	2.657138e-02	2.834082e-01	5.325809e-03
8.137062e-05	1.435692e-02	3.104080e-01	5.711294e-03
9.357621e-05	1.550597e-02	3.414577e-01	6.124681e-03
1.076126e-04	1.673744e-02	3.734587e-01	6.567988e-03
1.237545e-04	1.805737e-02	4.090082e-01	7.043383e-03
1.423177e-04	1.947221e-02	4.467417e-01	7.553186e-03
1.636654e-04	2.098888e-02	4.882793e-01	8.099890e-03
1.882152e-04	2.261479e-02	5.321944e-01	8.686164e-03
2.164475e-04	2.435791e-02	5.781981e-01	9.314874e-03
2.489146e-04	2.622676e-02	6.299037e-01	9.989089e-03
2.862518e-04	2.823045e-02	6.838695e-01	1.071210e-02
3.291895e-04	3.037880e-02	7.423958e-01	1.148745e-02
3.785680e-04	3.268230e-02	8.003348e-01	1.231892e-02
4.353531e-04	3.515220e-02	8.669647e-01	1.321057e-02
5.006561e-04	3.780058e-02	9.399857e-01	1.416676e-02
5.757545e-04	4.064037e-02	1.012037e+00	1.519216e-02
6.621177e-04	4.368546e-02	1.091620e+00	1.629177e-02
7.614354e-04	4.695071e-02	1.167803e+00	1.747098e-02
8.756507e-04	5.045208e-02	1.255413e+00	1.873554e-02
1.006998e-03	5.420668e-02	1.349795e+00	2.009163e-02
1.158048e-03	5.823285e-02	1.441219e+00	2.154587e-02
1.331755e-03	6.255027e-02	1.541996e+00	2.310537e-02
1.531519e-03	6.718001e-02	1.641956e+00	2.477775e-02
1.761246e-03	7.214472e-02	1.745782e+00	2.657118e-02
2.025433e-03	7.746863e-02	1.851163e+00	2.849441e-02
2.329248e-03	8.317775e-02	1.956762e+00	3.055685e-02
2.678635e-03	8.929999e-02	2.070984e+00	3.276857e-02
3.080431e-03	9.586525e-02	2.181143e+00	3.514038e-02
3.542495e-03	1.029056e-01	2.283788e+00	3.768386e-02
4.073870e-03	1.104554e-01	2.389190e+00	4.041144e-02
4.684950e-03	1.185516e-01	2.510403e+00	4.333644e-02
5.387693e-03	1.272338e-01	2.614888e+00	4.647315e-02
6.195847e-03	1.365442e-01	2.723856e+00	4.983690e-02
7.125224e-03	1.465285e-01	2.816838e+00	5.344412e-02
8.194007e-03	1.572354e-01	2.909709e+00	5.731244e-02
9.423108e-03	1.687172e-01	3.016510e+00	6.146074e-02
1.083657e-02	1.810300e-01	3.100740e+00	6.589449e-02
1.246206e-02	1.942340e-01	3.187923e+00	7.068196e-02
1.433137e-02	2.083936e-01	3.263336e+00	7.579691e-02
1.648108e-02	2.235781e-01	3.337563e+00	8.128384e-02
1.895324e-02	2.398615e-01	3.401267e+00	8.716684e-02
2.179622e-02	2.573236e-01	3.453292e+00	9.347591e-02
2.506566e-02	2.760495e-01	3.509131e+00	1.002416e-01
2.882550e-02	2.961307e-01	3.552066e+00	1.074971e-01
3.314933e-02	3.176654e-01	3.590613e+00	1.152776e-01
3.812173e-02	3.407588e-01	3.613558e+00	1.236213e-01
4.383999e-02	3.655237e-01	3.639944e+00	1.325689e-01
5.041599e-02	3.920810e-01	3.662728e+00	1.421642e-01
5.797838e-02	4.205605e-01	3.669526e+00	1.524541e-01
6.667514e-02	4.511014e-01	3.672994e+00	1.634886e-01
7.667641e-02	4.838528e-01	3.661906e+00	1.753219e-01
8.817787e-02	5.189748e-01	3.649155e+00	1.880116e-01
1.014046e-01	5.566389e-01	3.629484e+00	2.016199e-01
1.166152e-01	5.970291e-01	3.596213e+00	2.162131e-01
1.341075e-01	6.403428e-01	3.556274e+00	2.318626e-01
1.542237e-01	6.867915e-01	3.505643e+00	2.486447e-01
1.773572e-01	7.366022e-01	3.446454e+00	2.666417e-01
2.039608e-01	7.900182e-01	3.378369e+00	2.859413e-01
2.345549e-01	8.473005e-01	3.300908e+00	3.066377e-01
2.697381e-01	9.087289e-01	3.214282e+00	3.288322e-01
3.101989e-01	9.746034e-01	3.120326e+00	3.526330e-01
3.567287e-01	1.045246e+00	3.024465e+00	3.781567e-01
4.102380e-01	1.121002e+00	2.919288e+00	4.055278e-01
4.717737e-01	1.202241e+00	2.798333e+00	4.348800e-01
5.425397e-01	1.289360e+00	2.683870e+00	4.663566e-01
6.239207e-01	1.382785e+00	2.558046e+00	5.001115e-01
7.175088e-01	1.482972e+00	2.443296e+00	5.363099e-01
8.251351e-01	1.590410e+00	2.321396e+00	5.751282e-01
9.489054e-01	1.705625e+00	2.181212e+00	6.167561e-01
1.091241e+00	1.829180e+00	2.061113e+00	6.613970e-01
1.254927e+00	1.961677e+00	1.930161e+00	7.092691e-01
1.443166e+00	2.103764e+00	1.810280e+00	7.606064e-01
1.659641e+00	2.256136e+00	1.686600e+00	8.156595e-01
1.908588e+00	2.419536e+00	1.569489e+00	8.746970e-01
2.194876e+00	2.594764e+00	1.465929e+00	9.380078e-01
2.524107e+00	2.791486e+00	1.350510e+00	1.005902e+00
2.902723e+00	3.051478e+00	1.250138e+00	1.078706e+00
3.338132e+00	3.341924e+00	1.151339e+00	1.156804e+00
3.838852e+00	3.668316e+00	1.071102e+00	1.240454e+00
4.414679e+00	4.019272e+00	9.788285e-01	1.331032e+00
5.076881e+00	4.411033e+00	8.941756e-01	1.431209e+00
5.838413e+00	4.833212e+00	8.405987e-01	1.542623e+00
6.714175e+00	5.292889e+00	7.789852e-01	1.667467e+00
7.721302e+00	5.803496e+00	7.081297e-01	1.808485e+00
8.879497e+00	6.330023e+00	6.266460e-01	1.819345e+00
1.021142e+01	6.901417e+00	5.529193e-01	1.725756e+00
1.174313e+01	7.484517e+00	5.023427e-01	1.647014e+00
1.350460e+01	8.134474e+00	4.509179e-01	1.583425e+00
1.553030e+01	8.868884e+00	4.066701e-01	1.535358e+00
1.785984e+01	9.595328e+00	3.665841e-01	1.503252e+00
2.053882e+01	1.040361e+01	3.308055e-01	1.487614e+00
2.361964e+01	1.128349e+01	2.984040e-01	1.488960e+00
2.716258e+01	1.225679e+01	2.661720e-01	1.507926e+00
3.123697e+01	1.335206e+01	2.383982e-01	1.545141e+00
3.592252e+01	1.450414e+01	2.169772e-01	1.601318e+00
4.131089e+01	1.569959e+01	1.956975e-01	1.677320e+00
4.750753e+01	1.688881e+01	1.712259e-01	1.774259e+00
5.463366e+01	1.794959e+01	1.542491e-01	1.893626e+00
6.282871e+01	1.903044e+01	1.365203e-01	2.037424e+00
7.225301e+01	1.994819e+01	1.238479e-01	2.208315e+00
8.309096e+01	2.081920e+01	1.111992e-01	2.409746e+00
9.555461e+01	2.161186e+01	9.665318e-02	2.646172e+00
1.098878e+02	2.214759e+01	8.698848e-02	2.923187e+00
1.263710e+02	2.266895e+01	7.662169e-02	3.247781e+00
1.453266e+02	2.319002e+01	6.847749e-02	3.628391e+00
1.671256e+02	2.360328e+01	6.053039e-02	4.076972e+00
1.921945e+02	2.391142e+01	5.362734e-02	4.601283e+00
2.210236e+02	2.367932e+01	4.832957e-02	5.255710e+00
2.541772e+02	2.350987e+01	4.238411e-02	6.077892e+00
2.923037e+02	2.315810e+01	3.783670e-02	7.036664e+00
3.361493e+02	2.261124e+01	3.357666e-02	8.181840e+00
3.865717e+02	2.200223e+01	3.039788e-02	9.548608e+00
4.445574e+02	2.133803e+01	2.674228e-02	1.119026e+01
5.112411e+02	2.063899e+01	2.335360e-02	1.317233e+01
5.879272e+02	1.996111e+01	2.079847e-02	1.557461e+01
6.761163e+02	1.924332e+01	1.835008e-02	1.849940e+01
7.775337e+02	1.848278e+01	1.657238e-02	2.207432e+01
8.941638e+02	1.768213e+01	1.452802e-02	2.646065e+01
1.028288e+03	1.685236e+01	1.268230e-02	3.186467e+01
1.182532e+03	1.600386e+01	1.126346e-02	3.854756e+01
1.359911e+03	1.514883e+01	9.873771e-03	4.684195e+01
1.563898e+03	1.428771e+01	8.705130e-03	5.717273e+01
1.798483e+03	1.342675e+01	7.697958e-03	7.008368e+01
2.068255e+03	1.257393e+01	6.827180e-03	8.627157e+01
2.378493e+03	1.173291e+01	6.045403e-03	1.066303e+02
2.735268e+03	1.090710e+01	5.295144e-03	1.323077e+02
3.145558e+03	1.010956e+01	4.655257e-03	1.647777e+02
3.617391e+03	9.344543e+00	4.192453e-03	2.059337e+02
4.160000e+03	8.614576e+00	3.724210e-03	2.582060e+02
4.784000e+03	7.921473e+00	3.185732e-03	3.247114e+02
5.501600e+03	7.267732e+00	2.841220e-03	4.094402e+02
6.326840e+03	6.656042e+00	2.470809e-03	5.174903e+02
7.275866e+03	6.086921e+00	2.223072e-03	6.553573e+02
8.367246e+03	5.559818e+00	1.968981e-03	8.312900e+02
9.622333e+03	5.074715e+00	1.676777e-03	1.055721e+03
