# Energy_MeV	dEdx_Elec_MeV_um	dEdx_Nucl_MeV_um	Range_um
1.000000e-05	9.062608e-03	6.886154e-02	2.206870e-03
1.150000e-05	9.718564e-03	7.629919e-02	2.366605e-03
1.322500e-05	1.042200e-02	8.453763e-02	2.537901e-03
1.520875e-05	1.117635e-02	9.360041e-02	2.721595e-03
1.749006e-05	1.198530e-02	1.035072e-01	2.918586e-03
2.011357e-05	1.285280e-02	1.143079e-01	3.129835e-03
2.313061e-05	1.378309e-02	1.262915e-01	3.356374e-03
2.660020e-05	1.478072e-02	1.394820e-01	3.599310e-03
3.059023e-05	1.585056e-02	1.539951e-01	3.859830e-03
3.517876e-05	1.699783e-02	1.690248e-01	4.139207e-03
4.045558e-05	1.822814e-02	1.860994e-01	4.438805e-03
4.652391e-05	1.954750e-02	2.057353e-01	4.760088e-03
5.350250e-05	2.096236e-02	2.256116e-01	5.104625e-03
6.152788e-05	2.247963e-02	2.484507e-01	5.474101e-03
7.075706e-05	2.410672e-02	2.714614e-01	5.870319e-03
8.137062e-05	2.585157e-02	2.976821e-01	6.295216e-03
9.357621e-05	1.389373e-02	3.276882e-01	6.750867e-03
1.076126e-04	1.498654e-02	3.577088e-01	7.239498e-03
1.237545e-04	1.615797e-02	3.922325e-01	7.763497e-03
1.423177e-04	1.741374e-02	4.277641e-01	8.325423e-03
1.636654e-04	1.875998e-02	4.670641e-01	8.928021e-03
1.882152e-04	2.020330e-02	5.093398e-01	9.574236e-03
2.164475e-04	2.175073e-02	5.530039e-01	1.026722e-02
2.489146e-04	2.340985e-02	6.031108e-01	1.101037e-02
2.862518e-04	2.518875e-02	6.537945e-01	1.180731e-02
3.291895e-04	2.709615e-02	7.079937e-01	1.266193e-02
3.785680e-04	2.914135e-02	7.642609e-01	1.357840e-02
4.353531e-04	3.133434e-02	8.289681e-01	1.456122e-02
5.006561e-04	3.368586e-02	8.961097e-01	1.561517e-02
5.757545e-04	3.620738e-02	9.660822e-01	1.674540e-02
6.621177e-04	3.891122e-02	1.038846e+00	1.795744e-02
7.614354e-04	4.181059e-02	1.112830e+00	1.925721e-02
8.756507e-04	4.491967e-02	1.197913e+00	2.065106e-02
1.006998e-03	4.825363e-02	1.283865e+00	2.214579e-02
1.158048e-03	5.182877e-02	1.372651e+00	2.374871e-02
1.331755e-03	5.566256e-02	1.465589e+00	2.546766e-02
1.531519e-03	5.977372e-02	1.562664e+00	2.731102e-02
1.761246e-03	6.418234e-02	1.659092e+00	2.928781e-02
2.025433e-03	6.890995e-02	1.755937e+00	3.140767e-02
2.329248e-03	7.397966e-02	1.858489e+00	3.368098e-02
2.678635e-03	7.941623e-02	1.962511e+00	3.611883e-02
3.080431e-03	8.524622e-02	2.069491e+00	3.873313e-02
3.542495e-03	9.149811e-02	2.160263e+00	4.153665e-02
4.073870e-03	9.820244e-02	2.262624e+00	4.454309e-02
4.684950e-03	1.053920e-01	2.378588e+00	4.776715e-02
5.387693e-03	1.131018e-01	2.470608e+00	5.122456e-02
6.195847e-03	1.213697e-01	2.576432e+00	5.493222e-02
7.125224e-03	1.302359e-01	2.655459e+00	5.890824e-02
8.194007e-03	1.397438e-01	2.745650e+00	6.317205e-02
9.423108e-03	1.499399e-01	2.845818e+00	6.774448e-02
1.083657e-02	1.608739e-01	2.919441e+00	7.261745e-02
1.246206e-02	1.725992e-01	3.003355e+00	7.789258e-02
1.433137e-02	1.851733e-01	3.069173e+00	8.354752e-02
1.648108e-02	1.986574e-01	3.135094e+00	8.959399e-02
1.895324e-02	2.131174e-01	3.194200e+00	9.607881e-02
2.179622e-02	2.286241e-01	3.241355e+00	1.030330e-01
2.506566e-02	2.452531e-01	3.294006e+00	1.104904e-01
2.882550e-02	2.630857e-01	3.330657e+00	1.184876e-01
3.314933e-02	2.822090e-01	3.361716e+00	1.270636e-01
3.812173e-02	3.027165e-01	3.383999e+00	1.362604e-01
4.383999e-02	3.247082e-01	3.409624e+00	1.461229e-01
5.041599e-02	3.482918e-01	3.425199e+00	1.566992e-01
5.797838e-02	3.735822e-01	3.431801e+00	1.680410e-01
6.667514e-02	4.007033e-01	3.430449e+00	1.802037e-01
7.667641e-02	4.297873e-01	3.419681e+00	1.932468e-01
8.817787e-02	4.609764e-01	3.407298e+00	2.072340e-01
1.014046e-01	4.944230e-01	3.384390e+00	2.222336e-01
1.166152e-01	5.302905e-01	3.352080e+00	2.383187e-01
1.341075e-01	5.687541e-01	3.311743e+00	2.555682e-01
1.542237e-01	6.100016e-01	3.262573e+00	2.740663e-01
1.773572e-01	6.542347e-01	3.204740e+00	2.939032e-01
2.039608e-01	7.016694e-01	3.138937e+00	3.151759e-01
2.345549e-01	7.525374e-01	3.063710e+00	3.379883e-01
2.697381e-01	8.070873e-01	2.981557e+00	3.624519e-01
3.101989e-01	8.655855e-01	2.890311e+00	3.886863e-01
3.567287e-01	9.283178e-01	2.801409e+00	4.168195e-01
4.102380e-01	9.955908e-01	2.699266e+00	4.469889e-01
4.717737e-01	1.067733e+00	2.584294e+00	4.793419e-01
5.425397e-01	1.145097e+00	2.478039e+00	5.140369e-01
6.239207e-01	1.228060e+00	2.357068e+00	5.512432e-01
7.175088e-01	1.317029e+00	2.254127e+00	5.911422e-01
8.251351e-01	1.412437e+00	2.135746e+00	6.339291e-01
9.489054e-01	1.514750e+00	2.005289e+00	6.798131e-01
1.091241e+00	1.624470e+00	1.894703e+00	7.290183e-01
1.254927e+00	1.742130e+00	1.770097e+00	7.817850e-01
1.443166e+00	1.868307e+00	1.660547e+00	8.383707e-01
1.659641e+00	2.003617e+00	1.548009e+00	8.990521e-01
1.908588e+00	2.148721e+00	1.439627e+00	9.641259e-01
2.194876e+00	2.304327e+00	1.342158e+00	1.033910e+00
2.524107e+00	2.471196e+00	1.234028e+00	1.108744e+00
2.902723e+00	2.685666e+00	1.142034e+00	1.188997e+00
3.338132e+00	2.945401e+00	1.056660e+00	1.275054e+00
3.838852e+00	3.230487e+00	9.787378e-01	1.367334e+00
4.414679e+00	3.548646e+00	8.891273e-01	1.466416e+00
5.076881e+00	3.899677e+00	8.227672e-01	1.575018e+00
5.838413e+00	4.277381e+00	7.707363e-01	1.695566e+00
6.714175e+00	4.698663e+00	7.109008e-01	1.830133e+00
7.721302e+00	5.146880e+00	6.420899e-01	1.981506e+00
8.879497e+00	5.636105e+00	5.629574e-01	1.929651e+00
1.021142e+01	6.167287e+00	5.045244e-01	1.842974e+00
1.174313e+01	6.702542e+00	4.554072e-01	1.768989e+00
1.350460e+01	7.296142e+00	4.107215e-01	1.708545e+00
1.553030e+01	7.955749e+00	3.678014e-01	1.662517e+00
1.785984e+01	8.661047e+00	3.324844e-01	1.631824e+00
2.053882e+01	9.421256e+00	3.013309e-01	1.617438e+00
2.361964e+01	1.025300e+01	2.698643e-01	1.620312e+00
2.716258e+01	1.118536e+01	2.420424e-01	1.641548e+00
3.123697e+01	1.219438e+01	2.156081e-01	1.682176e+00
3.592252e+01	1.326603e+01	1.976380e-01	1.743286e+00
4.131089e+01	1.443154e+01	1.769724e-01	1.826080e+00
4.750753e+01	1.545716e+01	1.548404e-01	1.931967e+00
5.463366e+01	1.650760e+01	1.398689e-01	2.062704e+00
6.282871e+01	1.743691e+01	1.233687e-01	2.220559e+00
7.225301e+01	1.828962e+01	1.126872e-01	2.408468e+00
8.309096e+01	1.914295e+01	1.004035e-01	2.630234e+00
9.555461e+01	1.976911e+01	8.754369e-02	2.890720e+00
1.098878e+02	2.035397e+01	7.878921e-02	3.196063e+00
1.263710e+02	2.075947e+01	6.921548e-02	3.553907e+00
1.453266e+02	2.116806e+01	6.190145e-02	3.973896e+00
1.671256e+02	2.159569e+01	5.490045e-02	4.467529e+00
1.921945e+02	2.179493e+01	4.874980e-02	5.048909e+00
2.210236e+02	2.178184e+01	4.372902e-02	5.743766e+00
2.541772e+02	2.165180e+01	3.833324e-02	6.635908e+00
2.923037e+02	2.132623e+01	3.416730e-02	7.701389e+00
3.361493e+02	2.084782e+01	3.061171e-02	8.966910e+00
3.865717e+02	2.025130e+01	2.752466e-02	1.047787e+01
4.445574e+02	1.961871e+01	2.397455e-02	1.229376e+01
5.112411e+02	1.894166e+01	2.120776e-02	1.448622e+01
5.879272e+02	1.825942e+01	1.872636e-02	1.714585e+01
6.761163e+02	1.758349e+01	1.671987e-02	2.038552e+01
7.775337e+02	1.686485e+01	1.499346e-02	2.434915e+01
8.941638e+02	1.611546e+01	1.300809e-02	2.921648e+01
1.028288e+03	1.533739e+01	1.150940e-02	3.521795e+01
1.182532e+03	1.454401e+01	1.013149e-02	4.264690e+01
1.359911e+03	1.374403e+01	8.945057e-03	5.187649e+01
1.563898e+03	1.294410e+01	7.830752e-03	6.338383e+01
1.798483e+03	1.214625e+01	6.938577e-03	7.778011e+01
2.068255e+03	1.135752e+01	6.191409e-03	9.584933e+01
2.378493e+03	1.058309e+01	5.432191e-03	1.185983e+02
2.735268e+03	9.825130e+00	4.793891e-03	1.473209e+02
3.145558e+03	9.091821e+00	4.200330e-03	1.836807e+02
3.617391e+03	8.389698e+00	3.804912e-03	2.298166e+02
4.160000e+03	7.721931e+00	3.350181e-03	2.884768e+02
4.784000e+03	7.089948e+00	2.878488e-03	3.631895e+02
5.501600e+03	6.493868e+00	2.565686e-03	4.584770e+02
6.326840e+03	5.936466e+00	2.230739e-03	5.801240e+02
7.275866e+03	5.419401e+00	2.016166e-03	7.355105e+02
8.367246e+03	4.941892e+00	1.769408e-03	9.340221e+02
9.622333e+03	4.502440e+00	1.519286e-03	1.187549e+03
