# Energy_MeV	dEdx_Elec_MeV_um	dEdx_Nucl_MeV_um	Range_um
1.000000e-05	5.115911e-03	1.030876e-01	2.780773e-03
1.150000e-05	5.589206e-03	1.125276e-01	2.982046e-03
1.322500e-05	6.094955e-03	1.233621e-01	3.197888e-03
1.520875e-05	6.635712e-03	1.345730e-01	3.429353e-03
1.749006e-05	7.214183e-03	1.469625e-01	3.677572e-03
2.011357e-05	7.833250e-03	1.603045e-01	3.943756e-03
2.313061e-05	8.495981e-03	1.740075e-01	4.229207e-03
2.660020e-05	9.205648e-03	1.897660e-01	4.535320e-03
3.059023e-05	9.965748e-03	2.057373e-01	4.863589e-03
3.517876e-05	1.078002e-02	2.228889e-01	5.215618e-03
4.045558e-05	1.165246e-02	2.405471e-01	5.593127e-03
4.652391e-05	1.258735e-02	2.608541e-01	5.997960e-03
5.350250e-05	1.358927e-02	2.821286e-01	6.432096e-03
6.152788e-05	1.466312e-02	3.040879e-01	6.897654e-03
7.075706e-05	1.581417e-02	3.271672e-01	7.396910e-03
8.137062e-05	1.704804e-02	3.503857e-01	7.932303e-03
9.357621e-05	1.837077e-02	3.770870e-01	8.506447e-03
1.076126e-04	1.978883e-02	4.043689e-01	9.122148e-03
1.237545e-04	2.130914e-02	4.322327e-01	9.782414e-03
1.423177e-04	2.293915e-02	4.616652e-01	1.049047e-02
1.636654e-04	2.468682e-02	4.921301e-01	1.124978e-02
1.882152e-04	2.656069e-02	5.226294e-01	1.206404e-02
2.164475e-04	2.856991e-02	5.533186e-01	1.293724e-02
2.489146e-04	3.072431e-02	5.855022e-01	1.387365e-02
2.862518e-04	3.303441e-02	6.185199e-01	1.487783e-02
3.291895e-04	3.551150e-02	6.520932e-01	1.595469e-02
3.785680e-04	3.816768e-02	6.810608e-01	1.710950e-02
4.353531e-04	4.101594e-02	7.131845e-01	1.834790e-02
5.006561e-04	4.407017e-02	7.501268e-01	1.967593e-02
5.757545e-04	4.734532e-02	7.790600e-01	2.110008e-02
6.621177e-04	5.085737e-02	8.122705e-01	2.262732e-02
7.614354e-04	5.462349e-02	8.376796e-01	2.426509e-02
8.756507e-04	5.866208e-02	8.659841e-01	2.602142e-02
1.006998e-03	6.299286e-02	8.980521e-01	2.790486e-02
1.158048e-03	6.763700e-02	9.211571e-01	2.992463e-02
1.331755e-03	7.261718e-02	9.477278e-01	3.209059e-02
1.531519e-03	7.795773e-02	9.685880e-01	3.441332e-02
1.761246e-03	8.368474e-02	9.896084e-01	3.690418e-02
2.025433e-03	8.982620e-02	1.008488e+00	3.957532e-02
2.329248e-03	9.641210e-02	1.023287e+00	4.243980e-02
2.678635e-03	1.034746e-01	1.040167e+00	4.551162e-02
3.080431e-03	1.110483e-01	1.051670e+00	4.880388e-02
3.542495e-03	1.191700e-01	1.061761e+00	5.233090e-02
4.073870e-03	1.278796e-01	1.068754e+00	5.612862e-02
4.684950e-03	1.372195e-01	1.076795e+00	6.019017e-02
5.387693e-03	1.472354e-01	1.082037e+00	6.454707e-02
6.195847e-03	1.579762e-01	1.084108e+00	6.921889e-02
7.125224e-03	1.694944e-01	1.083939e+00	7.422889e-02
8.194007e-03	1.818463e-01	1.080559e+00	7.960153e-02
9.423108e-03	1.950921e-01	1.076673e+00	8.536302e-02
1.083657e-02	2.092967e-01	1.069689e+00	9.154151e-02
1.246206e-02	2.245293e-01	1.059549e+00	9.816724e-02
1.433137e-02	2.408645e-01	1.046974e+00	1.052726e-01
1.648108e-02	2.583820e-01	1.031543e+00	1.128921e-01
1.895324e-02	2.771673e-01	1.013412e+00	1.210632e-01
2.179622e-02	2.973124e-01	9.927445e-01	1.298257e-01
2.506566e-02	3.189155e-01	9.691363e-01	1.392225e-01
2.882550e-02	3.420823e-01	9.432477e-01	1.492994e-01
3.314933e-02	3.669259e-01	9.146123e-01	1.601057e-01
3.812173e-02	3.935676e-01	8.864861e-01	1.716941e-01
4.383999e-02	4.221377e-01	8.544307e-01	1.841212e-01
5.041599e-02	4.527757e-01	8.179501e-01	1.974480e-01
5.797838e-02	4.856312e-01	7.846042e-01	2.117393e-01
6.667514e-02	5.208648e-01	7.462565e-01	2.270650e-01
7.667641e-02	5.586487e-01	7.138101e-01	2.434999e-01
8.817787e-02	5.991673e-01	6.766585e-01	2.611245e-01
1.014046e-01	6.426188e-01	6.350847e-01	2.800248e-01
1.166152e-01	6.892152e-01	6.003796e-01	3.002930e-01
1.341075e-01	7.391843e-01	5.607659e-01	3.220282e-01
1.542237e-01	7.927702e-01	5.263857e-01	3.453366e-01
1.773572e-01	8.502346e-01	4.906596e-01	3.703322e-01
2.039608e-01	9.118583e-01	4.561904e-01	3.971371e-01
2.345549e-01	9.779424e-01	4.256019e-01	4.258819e-01
2.697381e-01	1.048810e+00	3.911584e-01	4.567073e-01
3.101989e-01	1.124806e+00	3.622879e-01	4.897638e-01
3.567287e-01	1.206304e+00	3.349249e-01	5.252132e-01
4.102380e-01	1.293700e+00	3.104707e-01	5.632284e-01
4.717737e-01	1.387422e+00	2.823483e-01	6.039950e-01
5.425397e-01	1.487928e+00	2.606677e-01	6.477122e-01
6.239207e-01	1.595708e+00	2.443390e-01	6.945939e-01
7.175088e-01	1.711269e+00	2.255608e-01	7.322759e-01
8.251351e-01	1.846106e+00	2.039660e-01	7.401992e-01
9.489054e-01	2.010589e+00	1.791319e-01	7.521054e-01
1.091241e+00	2.189876e+00	1.600839e-01	7.614992e-01
1.254927e+00	2.391658e+00	1.446695e-01	7.683547e-01
1.443166e+00	2.613081e+00	1.303624e-01	7.736922e-01
1.659641e+00	2.856406e+00	1.168769e-01	7.784844e-01
1.908588e+00	3.126588e+00	1.056118e-01	7.830932e-01
2.194876e+00	3.409377e+00	9.564114e-02	7.880618e-01
2.524107e+00	3.722046e+00	8.576604e-02	7.940128e-01
2.902723e+00	4.052801e+00	7.684703e-02	8.016924e-01
3.338132e+00	4.396267e+00	6.838233e-02	8.119870e-01
3.838852e+00	4.766652e+00	6.272984e-02	8.259393e-01
4.414679e+00	5.114577e+00	5.624437e-02	8.447658e-01
5.076881e+00	5.482342e+00	4.912889e-02	8.698566e-01
5.838413e+00	5.838408e+00	4.443039e-02	9.028087e-01
6.714175e+00	6.171249e+00	3.912584e-02	9.453967e-01
7.721302e+00	6.510580e+00	3.577369e-02	9.995795e-01
8.879497e+00	6.755665e+00	3.191870e-02	1.067502e+00
1.021142e+01	6.982246e+00	2.778057e-02	1.151504e+00
1.174313e+01	7.147322e+00	2.503316e-02	1.254189e+00
1.350460e+01	7.255762e+00	2.196991e-02	1.378506e+00
1.553030e+01	7.340425e+00	1.967455e-02	1.527894e+00
1.785984e+01	7.341644e+00	1.743878e-02	1.706484e+00
2.053882e+01	7.311220e+00	1.547200e-02	1.919337e+00
2.361964e+01	7.233125e+00	1.389633e-02	2.172743e+00
2.716258e+01	7.115529e+00	1.216909e-02	2.474580e+00
3.123697e+01	6.972587e+00	1.086170e-02	2.834751e+00
3.592252e+01	6.808142e+00	9.714491e-03	3.265714e+00
4.131089e+01	6.624511e+00	8.745685e-03	3.783297e+00
4.750753e+01	6.419208e+00	7.631557e-03	4.406879e+00
5.463366e+01	6.200063e+00	6.734993e-03	5.162955e+00
6.282871e+01	6.227823e+00	5.956258e-03	6.081219e+00
7.225301e+01	5.949329e+00	5.306542e-03	7.271162e+00
8.309096e+01	5.642687e+00	4.764745e-03	8.762803e+00
9.555461e+01	5.321267e+00	4.141679e-03	1.058607e+01
1.098878e+02	4.990093e+00	3.655501e-03	1.284121e+01
1.263710e+02	4.665313e+00	3.223075e-03	1.564170e+01
1.453266e+02	4.343221e+00	2.841939e-03	1.913528e+01
1.671256e+02	4.031549e+00	2.486491e-03	2.351363e+01
1.921945e+02	3.734327e+00	2.206501e-03	2.902024e+01
2.210236e+02	3.445695e+00	1.966707e-03	3.597270e+01
2.541772e+02	3.168893e+00	1.728442e-03	4.477743e+01
2.923037e+02	2.903608e+00	1.523255e-03	5.596229e+01
3.361493e+02	2.652269e+00	1.332561e-03	7.021181e+01
3.865717e+02	2.415679e+00	1.208468e-03	8.840969e+01
4.445574e+02	2.194509e+00	1.065760e-03	1.116993e+02
5.112411e+02	1.988582e+00	9.137911e-04	1.415593e+02
5.879272e+02	1.797933e+00	8.156249e-04	1.799014e+02
6.761163e+02	1.622415e+00	7.077694e-04	2.291934e+02
7.775337e+02	1.461694e+00	6.404304e-04	2.926174e+02
8.941638e+02	1.315004e+00	5.629904e-04	3.742709e+02
1.028288e+03	1.181652e+00	4.823636e-04	4.794210e+02
1.182532e+03	1.060878e+00	4.292452e-04	6.148259e+02
1.359911e+03	9.519467e-01	3.713208e-04	7.891392e+02
1.563898e+03	8.542705e-01	3.279163e-04	1.013417e+03
1.798483e+03	7.670025e-01	2.869043e-04	1.301752e+03
2.068255e+03	6.888571e-01	2.514948e-04	1.672055e+03
2.378493e+03	6.190629e-01	2.229423e-04	2.147032e+03
2.735268e+03	5.571600e-01	1.923912e-04	2.755363e+03
3.145558e+03	5.022594e-01	1.693912e-04	3.533140e+03
3.617391e+03	4.535009e-01	1.500028e-04	4.525597e+03
4.160000e+03	4.103923e-01	1.333844e-04	5.789155e+03
4.784000e+03	3.723891e-01	1.142733e-04	7.393805e+03
5.501600e+03	3.388525e-01	9.965353e-05	9.425878e+03
6.326840e+03	3.093219e-01	8.672012e-05	1.199112e+04
7.275866e+03	2.832779e-01	0.000000e+00	1.521911e+04
8.367246e+03	2.604427e-01	0.000000e+00	1.926675e+04
9.622333e+03	2.404282e-01	0.000000e+00	2.432114e+04
