# Energy_MeV	dEdx_Elec_MeV_um	dEdx_Nucl_MeV_um	Range_um
1.000000e-05	9.084504e-03	6.789141e-02	2.201551e-03
1.150000e-05	9.742045e-03	7.511888e-02	2.360901e-03
1.322500e-05	1.044718e-02	8.336960e-02	2.531784e-03
1.520875e-05	1.120335e-02	9.217629e-02	2.715036e-03
1.749006e-05	1.201426e-02	1.020089e-01	2.911551e-03
2.011357e-05	1.288386e-02	1.128199e-01	3.122291e-03
2.313061e-05	1.381640e-02	1.244649e-01	3.348284e-03
2.660020e-05	1.481643e-02	1.377033e-01	3.590635e-03
3.059023e-05	1.588885e-02	1.518063e-01	3.850527e-03
3.517876e-05	1.703890e-02	1.670422e-01	4.129230e-03
4.045558e-05	1.827218e-02	1.836344e-01	4.428106e-03
4.652391e-05	1.959473e-02	2.027153e-01	4.748614e-03
5.350250e-05	2.101301e-02	2.229491e-01	5.092321e-03
6.152788e-05	2.253394e-02	2.451428e-01	5.460906e-03
7.075706e-05	2.416496e-02	2.686830e-01	5.856170e-03
8.137062e-05	2.591403e-02	2.941627e-01	6.280042e-03
9.357621e-05	2.778971e-02	3.234644e-01	6.734595e-03
1.076126e-04	2.980114e-02	3.540570e-01	7.222049e-03
1.237545e-04	3.195816e-02	3.876051e-01	7.744784e-03
1.423177e-04	3.427131e-02	4.235775e-01	8.305356e-03
1.636654e-04	3.675189e-02	4.631159e-01	8.906502e-03
1.882152e-04	3.941201e-02	5.045586e-01	9.551159e-03
2.164475e-04	4.226467e-02	5.484242e-01	1.024248e-02
2.489146e-04	4.532381e-02	5.972189e-01	1.098383e-02
2.862518e-04	2.432136e-02	6.487443e-01	1.177885e-02
3.291895e-04	2.616328e-02	7.048369e-01	1.263141e-02
3.785680e-04	2.813828e-02	7.595140e-01	1.354568e-02
4.353531e-04	3.025601e-02	8.223927e-01	1.452612e-02
5.006561e-04	3.252681e-02	8.925342e-01	1.557753e-02
5.757545e-04	3.496177e-02	9.605293e-01	1.670504e-02
6.621177e-04	3.757280e-02	1.037108e+00	1.791416e-02
7.614354e-04	4.037265e-02	1.109002e+00	1.921079e-02
8.756507e-04	4.337501e-02	1.191680e+00	2.060128e-02
1.006998e-03	4.659453e-02	1.282611e+00	2.209241e-02
1.158048e-03	5.004695e-02	1.368888e+00	2.369147e-02
1.331755e-03	5.374913e-02	1.465601e+00	2.540627e-02
1.531519e-03	5.771917e-02	1.559933e+00	2.724519e-02
1.761246e-03	6.197645e-02	1.659351e+00	2.921721e-02
2.025433e-03	6.654178e-02	1.760593e+00	3.133197e-02
2.329248e-03	7.143746e-02	1.860247e+00	3.359980e-02
2.678635e-03	7.668740e-02	1.970292e+00	3.603177e-02
3.080431e-03	8.231726e-02	2.074249e+00	3.863977e-02
3.542495e-03	8.835454e-02	2.174025e+00	4.143653e-02
4.073870e-03	9.482873e-02	2.273493e+00	4.443573e-02
4.684950e-03	1.017715e-01	2.387881e+00	4.765201e-02
5.387693e-03	1.092167e-01	2.490140e+00	5.110109e-02
6.195847e-03	1.172007e-01	2.592973e+00	5.479982e-02
7.125224e-03	1.257625e-01	2.684400e+00	5.876625e-02
8.194007e-03	1.349441e-01	2.772043e+00	6.301979e-02
9.423108e-03	1.447901e-01	2.872831e+00	6.758119e-02
1.083657e-02	1.553488e-01	2.956148e+00	7.246934e-02
1.246206e-02	1.666717e-01	3.038422e+00	7.770718e-02
1.433137e-02	1.788140e-01	3.112258e+00	8.334660e-02
1.648108e-02	1.918353e-01	3.184318e+00	8.937770e-02
1.895324e-02	2.057990e-01	3.244435e+00	9.584735e-02
2.179622e-02	2.207733e-01	3.295533e+00	1.027846e-01
2.506566e-02	2.368315e-01	3.348228e+00	1.102241e-01
2.882550e-02	2.540519e-01	3.390907e+00	1.182020e-01
3.314933e-02	2.725188e-01	3.429365e+00	1.267574e-01
3.812173e-02	2.923223e-01	3.451018e+00	1.359320e-01
4.383999e-02	3.135591e-01	3.475919e+00	1.457707e-01
5.041599e-02	3.363330e-01	3.499559e+00	1.563215e-01
5.797838e-02	3.607554e-01	3.505974e+00	1.676360e-01
6.667514e-02	3.869454e-01	3.510788e+00	1.797694e-01
7.667641e-02	4.150310e-01	3.500324e+00	1.927810e-01
8.817787e-02	4.451495e-01	3.488291e+00	2.067345e-01
1.014046e-01	4.774479e-01	3.470969e+00	2.216979e-01
1.166152e-01	5.120842e-01	3.439572e+00	2.377444e-01
1.341075e-01	5.492274e-01	3.402387e+00	2.549522e-01
1.542237e-01	5.890590e-01	3.354606e+00	2.734057e-01
1.773572e-01	6.317736e-01	3.298864e+00	2.931948e-01
2.039608e-01	6.775800e-01	3.234509e+00	3.144163e-01
2.345549e-01	7.267018e-01	3.161409e+00	3.371737e-01
2.697381e-01	7.793791e-01	3.079016e+00	3.615783e-01
3.101989e-01	8.358692e-01	2.990349e+00	3.877494e-01
3.567287e-01	8.964481e-01	2.898518e+00	4.158149e-01
4.102380e-01	9.614117e-01	2.799261e+00	4.459116e-01
4.717737e-01	1.031077e+00	2.685116e+00	4.781867e-01
5.425397e-01	1.105785e+00	2.574683e+00	5.127979e-01
6.239207e-01	1.185901e+00	2.455942e+00	5.499144e-01
7.175088e-01	1.271815e+00	2.344479e+00	5.897175e-01
8.251351e-01	1.363948e+00	2.229442e+00	6.324013e-01
9.489054e-01	1.462750e+00	2.097150e+00	6.781746e-01
1.091241e+00	1.568702e+00	1.979984e+00	7.272610e-01
1.254927e+00	1.682324e+00	1.856404e+00	7.799006e-01
1.443166e+00	1.804170e+00	1.740191e+00	8.363502e-01
1.659641e+00	1.934835e+00	1.621002e+00	8.968853e-01
1.908588e+00	2.074957e+00	1.510484e+00	9.618020e-01
2.194876e+00	2.225222e+00	1.409994e+00	1.031418e+00
2.524107e+00	2.386363e+00	1.301073e+00	1.106072e+00
2.902723e+00	2.585340e+00	1.203270e+00	1.186132e+00
3.338132e+00	2.838332e+00	1.106582e+00	1.271977e+00
3.838852e+00	3.117947e+00	1.030862e+00	1.364062e+00
4.414679e+00	3.432939e+00	9.437839e-01	1.462765e+00
5.076881e+00	3.776946e+00	8.587225e-01	1.570439e+00
5.838413e+00	4.154956e+00	8.081619e-01	1.689847e+00
6.714175e+00	4.575134e+00	7.500173e-01	1.822930e+00
7.721302e+00	5.023027e+00	6.831509e-01	1.972403e+00
8.879497e+00	5.520119e+00	6.062545e-01	2.020850e+00
1.021142e+01	6.049746e+00	5.323806e-01	1.923971e+00
1.174313e+01	6.602159e+00	4.846513e-01	1.840686e+00
1.350460e+01	7.200780e+00	4.344061e-01	1.771747e+00
1.553030e+01	7.861334e+00	3.926494e-01	1.717926e+00
1.785984e+01	8.586397e+00	3.536244e-01	1.680045e+00
2.053882e+01	9.346098e+00	3.186872e-01	1.658977e+00
2.361964e+01	1.018150e+01	2.881099e-01	1.655606e+00
2.716258e+01	1.112060e+01	2.565565e-01	1.670924e+00
3.123697e+01	1.212623e+01	2.303464e-01	1.705902e+00
3.592252e+01	1.322739e+01	2.090309e-01	1.761549e+00
4.131089e+01	1.439982e+01	1.889493e-01	1.838975e+00
4.750753e+01	1.550263e+01	1.658554e-01	1.939479e+00
5.463366e+01	1.664396e+01	1.488064e-01	2.064684e+00
6.282871e+01	1.759478e+01	1.320757e-01	2.216693e+00
7.225301e+01	1.853586e+01	1.193521e-01	2.398259e+00
8.309096e+01	1.941461e+01	1.074155e-01	2.612937e+00
9.555461e+01	2.013382e+01	9.368846e-02	2.865341e+00
1.098878e+02	2.082208e+01	8.394834e-02	3.161282e+00
1.263710e+02	2.125192e+01	7.416518e-02	3.508037e+00
1.453266e+02	2.170347e+01	6.612397e-02	3.914783e+00
1.671256e+02	2.217749e+01	5.839029e-02	4.392253e+00
1.921945e+02	2.244805e+01	5.187587e-02	4.955675e+00
2.210236e+02	2.226092e+01	4.665525e-02	5.620222e+00
2.541772e+02	2.219068e+01	4.104451e-02	6.468708e+00
2.923037e+02	2.191284e+01	3.654798e-02	7.501765e+00
3.361493e+02	2.148000e+01	3.233794e-02	8.718697e+00
3.865717e+02	2.089136e+01	2.933812e-02	1.017220e+01
4.445574e+02	2.026895e+01	2.588833e-02	1.191542e+01
5.112411e+02	1.959316e+01	2.251933e-02	1.401634e+01
5.879272e+02	1.889638e+01	2.010805e-02	1.656127e+01
6.761163e+02	1.822963e+01	1.767632e-02	1.965618e+01
7.775337e+02	1.751193e+01	1.599869e-02	2.343700e+01
8.941638e+02	1.676122e+01	1.406943e-02	2.807298e+01
1.028288e+03	1.597678e+01	1.223173e-02	3.378034e+01
1.182532e+03	1.517379e+01	1.089276e-02	4.083491e+01
1.359911e+03	1.436018e+01	9.528055e-03	4.958680e+01
1.563898e+03	1.354577e+01	8.425207e-03	6.048328e+01
1.798483e+03	1.273061e+01	7.439955e-03	7.409679e+01
2.068255e+03	1.192194e+01	6.586052e-03	9.116120e+01
2.378493e+03	1.112594e+01	5.848289e-03	1.126183e+02
2.735268e+03	1.034515e+01	5.110786e-03	1.396780e+02
3.145558e+03	9.586091e+00	4.506924e-03	1.738951e+02
3.617391e+03	8.857421e+00	4.043442e-03	2.172686e+02
4.160000e+03	8.162556e+00	3.601561e-03	2.723667e+02
4.784000e+03	7.503423e+00	3.093398e-03	3.424868e+02
5.501600e+03	6.880569e+00	2.744446e-03	4.318568e+02
6.326840e+03	6.296302e+00	2.394889e-03	5.458869e+02
7.275866e+03	5.752862e+00	2.144518e-03	6.914837e+02
8.367246e+03	5.250014e+00	1.904733e-03	8.774372e+02
9.622333e+03	4.786321e+00	1.628979e-03	1.114894e+03
