# Energy_MeV	dEdx_Elec_MeV_um	dEdx_Nucl_MeV_um	Range_um
1.000000e-05	4.481568e-03	9.398332e-02	3.314875e-03
1.150000e-05	4.875507e-03	1.030867e-01	3.554808e-03
1.322500e-05	5.297012e-03	1.134201e-01	3.812107e-03
1.520875e-05	5.748178e-03	1.238427e-01	4.088029e-03
1.749006e-05	6.231236e-03	1.357844e-01	4.383923e-03
2.011357e-05	6.748569e-03	1.480869e-01	4.701233e-03
2.313061e-05	7.302723e-03	1.616585e-01	5.041511e-03
2.660020e-05	7.896420e-03	1.762390e-01	5.406418e-03
3.059023e-05	8.532575e-03	1.913985e-01	5.797738e-03
3.517876e-05	9.214305e-03	2.086666e-01	6.217381e-03
4.045558e-05	9.944951e-03	2.262632e-01	6.667399e-03
4.652391e-05	1.072809e-02	2.448956e-01	7.149988e-03
5.350250e-05	1.156755e-02	2.644307e-01	7.667508e-03
6.152788e-05	1.246745e-02	2.868961e-01	8.222487e-03
7.075706e-05	1.343217e-02	3.099424e-01	8.817635e-03
8.137062e-05	1.446645e-02	3.342358e-01	9.455860e-03
9.357621e-05	1.557533e-02	3.591815e-01	1.014028e-02
1.076126e-04	1.676424e-02	3.848678e-01	1.087424e-02
1.237545e-04	1.803898e-02	4.144071e-01	1.166132e-02
1.423177e-04	1.940579e-02	4.438487e-01	1.250537e-02
1.636654e-04	2.087134e-02	4.746740e-01	1.341052e-02
1.882152e-04	2.244280e-02	5.065952e-01	1.438118e-02
2.164475e-04	2.412784e-02	5.402981e-01	1.542210e-02
2.489146e-04	2.593470e-02	5.734681e-01	1.653836e-02
2.862518e-04	2.787221e-02	6.067065e-01	1.773541e-02
3.291895e-04	2.994983e-02	6.423108e-01	1.901911e-02
3.785680e-04	3.217771e-02	6.779424e-01	2.039572e-02
4.353531e-04	3.456674e-02	7.150720e-01	2.187198e-02
5.006561e-04	3.712858e-02	7.459747e-01	2.345508e-02
5.757545e-04	3.987576e-02	7.815128e-01	2.515277e-02
6.621177e-04	4.282170e-02	8.209893e-01	2.697335e-02
7.614354e-04	4.598079e-02	8.529373e-01	2.892569e-02
8.756507e-04	4.936845e-02	8.890968e-01	3.101935e-02
1.006998e-03	5.300125e-02	9.163254e-01	3.326454e-02
1.158048e-03	5.689693e-02	9.476384e-01	3.567225e-02
1.331755e-03	6.107452e-02	9.815934e-01	3.825423e-02
1.531519e-03	6.555443e-02	1.007154e+00	4.102309e-02
1.761246e-03	7.035854e-02	1.035716e+00	4.399236e-02
2.025433e-03	7.551033e-02	1.058567e+00	4.717655e-02
2.329248e-03	8.103497e-02	1.081022e+00	5.059121e-02
2.678635e-03	8.695944e-02	1.101113e+00	5.425303e-02
3.080431e-03	9.331269e-02	1.117485e+00	5.817990e-02
3.542495e-03	1.001258e-01	1.135300e+00	6.239099e-02
4.073870e-03	1.074319e-01	1.148025e+00	6.690688e-02
4.684950e-03	1.152669e-01	1.158362e+00	7.171521e-02
5.387693e-03	1.236689e-01	1.166098e+00	7.693810e-02
6.195847e-03	1.326790e-01	1.174995e+00	8.251392e-02
7.125224e-03	1.423413e-01	1.179943e+00	8.848654e-02
8.194007e-03	1.527029e-01	1.182235e+00	9.489085e-02
9.423108e-03	1.638145e-01	1.181435e+00	1.017590e-01
1.083657e-02	1.757303e-01	1.177697e+00	1.091242e-01
1.246206e-02	1.885086e-01	1.173398e+00	1.170225e-01
1.433137e-02	2.022117e-01	1.165178e+00	1.254926e-01
1.648108e-02	2.169067e-01	1.153961e+00	1.345757e-01
1.895324e-02	2.326653e-01	1.139848e+00	1.443162e-01
2.179622e-02	2.495644e-01	1.122772e+00	1.547617e-01
2.506566e-02	2.676868e-01	1.102673e+00	1.659633e-01
2.882550e-02	2.871208e-01	1.079850e+00	1.779757e-01
3.314933e-02	3.079615e-01	1.053732e+00	1.908575e-01
3.812173e-02	3.303106e-01	1.025348e+00	2.046717e-01
4.383999e-02	3.542773e-01	9.939336e-01	2.194857e-01
5.041599e-02	3.799788e-01	9.630967e-01	2.353721e-01
5.797838e-02	4.075405e-01	9.276343e-01	2.524084e-01
6.667514e-02	4.370972e-01	8.882357e-01	2.706777e-01
7.667641e-02	4.687932e-01	8.513455e-01	2.902693e-01
8.817787e-02	5.027833e-01	8.100273e-01	3.112789e-01
1.014046e-01	5.392337e-01	7.742878e-01	3.338094e-01
1.166152e-01	5.783223e-01	7.331874e-01	3.579706e-01
1.341075e-01	6.202402e-01	6.887162e-01	3.838805e-01
1.542237e-01	6.651922e-01	6.503224e-01	4.116657e-01
1.773572e-01	7.133978e-01	6.077226e-01	4.414622e-01
2.039608e-01	7.650925e-01	5.696882e-01	4.734155e-01
2.345549e-01	8.205289e-01	5.311471e-01	5.076814e-01
2.697381e-01	8.799778e-01	4.941107e-01	5.444274e-01
3.101989e-01	9.437297e-01	4.602711e-01	5.838331e-01
3.567287e-01	1.012096e+00	4.233910e-01	6.260912e-01
4.102380e-01	1.085411e+00	3.914520e-01	6.714080e-01
4.717737e-01	1.164032e+00	3.625520e-01	7.200047e-01
5.425397e-01	1.248344e+00	3.354986e-01	7.721186e-01
6.239207e-01	1.338758e+00	3.043872e-01	8.280048e-01
7.175088e-01	1.435716e+00	2.824581e-01	8.879363e-01
8.251351e-01	1.539693e+00	2.643938e-01	9.522056e-01
9.489054e-01	1.651195e+00	2.436198e-01	1.021127e+00
1.091241e+00	1.770727e+00	2.197297e-01	1.041859e+00
1.254927e+00	1.923619e+00	1.922561e-01	1.060516e+00
1.443166e+00	2.095920e+00	1.728912e-01	1.075704e+00
1.659641e+00	2.286151e+00	1.558384e-01	1.087256e+00
1.908588e+00	2.495972e+00	1.406923e-01	1.095679e+00
2.194876e+00	2.732132e+00	1.260477e-01	1.102830e+00
2.524107e+00	2.983635e+00	1.137861e-01	1.109414e+00
2.902723e+00	3.261084e+00	1.032217e-01	1.116117e+00
3.338132e+00	3.561064e+00	9.229703e-02	1.123733e+00
3.838852e+00	3.877680e+00	8.288141e-02	1.133239e+00
4.414679e+00	4.225715e+00	7.393989e-02	1.145786e+00
5.076881e+00	4.570443e+00	6.770094e-02	1.162741e+00
5.838413e+00	4.931411e+00	6.052615e-02	1.185702e+00
6.714175e+00	5.301398e+00	5.306281e-02	1.216514e+00
7.721302e+00	5.649617e+00	4.786492e-02	1.257298e+00
8.879497e+00	6.012841e+00	4.230037e-02	1.310445e+00
1.021142e+01	6.332516e+00	3.859192e-02	1.378606e+00
1.174313e+01	6.625613e+00	3.432720e-02	1.464690e+00
1.350460e+01	6.887921e+00	2.999538e-02	1.571875e+00
1.553030e+01	7.059689e+00	2.695596e-02	1.703656e+00
1.785984e+01	7.212630e+00	2.370839e-02	1.863948e+00
2.053882e+01	7.299572e+00	2.116906e-02	2.057252e+00
2.361964e+01	7.340997e+00	1.878863e-02	2.288892e+00
2.716258e+01	7.342300e+00	1.670065e-02	2.565334e+00
3.123697e+01	7.274612e+00	1.495751e-02	2.894560e+00
3.592252e+01	7.181560e+00	1.312819e-02	3.286535e+00
4.131089e+01	7.048540e+00	1.168184e-02	3.753762e+00
4.750753e+01	6.895522e+00	1.048812e-02	4.311993e+00
5.463366e+01	6.719523e+00	9.416343e-03	4.981027e+00
6.282871e+01	6.528311e+00	8.183799e-03	5.785861e+00
7.225301e+01	6.315078e+00	7.259920e-03	6.759084e+00
8.309096e+01	6.083456e+00	6.398415e-03	7.933993e+00
9.555461e+01	6.096222e+00	5.727795e-03	9.405307e+00
1.098878e+02	5.803473e+00	5.128412e-03	1.131554e+01
1.263710e+02	5.488109e+00	4.439122e-03	1.363998e+01
1.453266e+02	5.159677e+00	3.939371e-03	1.651569e+01
1.671256e+02	4.831470e+00	3.460983e-03	2.007265e+01
1.921945e+02	4.507606e+00	3.060498e-03	2.450076e+01
2.210236e+02	4.190416e+00	2.681091e-03	3.003849e+01
2.541772e+02	3.886733e+00	2.371341e-03	3.698990e+01
2.923037e+02	3.592720e+00	2.118833e-03	4.574971e+01
3.361493e+02	3.309656e+00	1.855244e-03	5.682666e+01
3.865717e+02	3.038322e+00	1.639961e-03	7.087536e+01
4.445574e+02	2.779700e+00	1.439621e-03	8.874804e+01
5.112411e+02	2.535427e+00	1.302338e-03	1.115456e+02
5.879272e+02	2.306334e+00	1.144462e-03	1.406911e+02
6.761163e+02	2.092545e+00	9.858116e-04	1.780257e+02
7.775337e+02	1.894064e+00	8.772116e-04	2.259304e+02
8.941638e+02	1.710754e+00	7.644802e-04	2.874806e+02
1.028288e+03	1.542554e+00	6.899839e-04	3.666450e+02
1.182532e+03	1.388706e+00	6.043131e-04	4.685377e+02
1.359911e+03	1.248599e+00	5.202424e-04	5.997382e+02
1.563898e+03	1.121450e+00	4.614783e-04	7.686968e+02
1.798483e+03	1.006511e+00	4.002114e-04	9.862455e+02
2.068255e+03	9.031239e-01	3.521936e-04	1.266240e+03
2.378493e+03	8.106512e-01	3.086728e-04	1.626363e+03
2.735268e+03	7.279651e-01	2.711525e-04	2.089123e+03
3.145558e+03	6.539268e-01	2.395653e-04	2.683091e+03
3.617391e+03	5.880472e-01	2.073057e-04	3.444426e+03
4.160000e+03	5.296738e-01	1.818610e-04	4.418722e+03
4.784000e+03	4.778375e-01	1.617715e-04	5.663247e+03
5.501600e+03	4.318793e-01	1.433868e-04	7.249609e+03
6.326840e+03	3.913321e-01	1.222444e-04	9.266894e+03
7.275866e+03	3.555722e-01	1.072700e-04	1.182533e+04
8.367246e+03	3.240263e-01	9.296191e-05	1.506037e+04
9.622333e+03	2.962378e-01	8.241773e-05	1.913789e+04
