# Energy_MeV	dEdx_Elec_MeV_um	dEdx_Nucl_MeV_um	Range_um
1.000000e-05	9.174005e-03	5.893746e-02	2.180073e-03
1.150000e-05	9.838025e-03	6.518050e-02	2.337868e-03
1.322500e-05	1.055011e-02	7.233889e-02	2.507084e-03
1.520875e-05	1.131373e-02	8.051169e-02	2.688548e-03
1.749006e-05	1.213262e-02	8.905603e-02	2.883146e-03
2.011357e-05	1.301079e-02	9.887292e-02	3.091830e-03
2.313061e-05	1.395252e-02	1.092842e-01	3.315618e-03
2.660020e-05	1.496241e-02	1.209611e-01	3.555605e-03
3.059023e-05	1.604539e-02	1.338229e-01	3.812961e-03
3.517876e-05	1.720677e-02	1.475896e-01	4.088945e-03
4.045558e-05	1.845220e-02	1.633480e-01	4.384905e-03
4.652391e-05	1.978778e-02	1.800206e-01	4.702287e-03
5.350250e-05	2.122003e-02	1.981944e-01	5.042641e-03
6.152788e-05	2.275595e-02	2.178097e-01	5.407630e-03
7.075706e-05	2.440304e-02	2.403672e-01	5.799037e-03
8.137062e-05	2.616934e-02	2.645234e-01	6.218775e-03
9.357621e-05	2.806349e-02	2.907609e-01	6.668893e-03
1.076126e-04	3.009474e-02	3.188927e-01	7.151591e-03
1.237545e-04	3.227302e-02	3.490149e-01	7.669227e-03
1.423177e-04	3.460895e-02	3.836554e-01	8.224329e-03
1.636654e-04	3.711397e-02	4.202232e-01	8.819611e-03
1.882152e-04	3.980030e-02	4.598838e-01	9.457979e-03
2.164475e-04	4.268106e-02	5.027812e-01	1.014255e-02
2.489146e-04	4.577034e-02	5.495947e-01	1.087668e-02
2.862518e-04	4.908322e-02	5.988632e-01	1.166394e-02
3.291895e-04	5.263589e-02	6.511821e-01	1.250818e-02
3.785680e-04	2.826798e-02	7.088674e-01	1.341353e-02
4.353531e-04	3.039634e-02	7.703908e-01	1.438440e-02
5.006561e-04	3.267852e-02	8.373498e-01	1.542555e-02
5.757545e-04	3.512570e-02	9.022215e-01	1.654206e-02
6.621177e-04	3.774982e-02	9.765568e-01	1.773939e-02
7.614354e-04	4.056370e-02	1.060734e+00	1.902337e-02
8.756507e-04	4.358110e-02	1.141119e+00	2.040030e-02
1.006998e-03	4.681675e-02	1.233156e+00	2.187688e-02
1.158048e-03	5.028647e-02	1.318149e+00	2.346034e-02
1.331755e-03	5.400719e-02	1.415891e+00	2.515841e-02
1.531519e-03	5.799711e-02	1.525290e+00	2.697939e-02
1.761246e-03	6.227571e-02	1.627287e+00	2.893217e-02
2.025433e-03	6.686390e-02	1.743264e+00	3.102630e-02
2.329248e-03	7.178409e-02	1.854783e+00	3.327200e-02
2.678635e-03	7.706032e-02	1.973782e+00	3.568024e-02
3.080431e-03	8.271836e-02	2.095300e+00	3.826280e-02
3.542495e-03	8.878586e-02	2.213111e+00	4.103228e-02
4.073870e-03	9.529246e-02	2.345506e+00	4.400222e-02
4.684950e-03	1.022699e-01	2.468403e+00	4.718712e-02
5.387693e-03	1.097524e-01	2.589326e+00	5.060255e-02
6.195847e-03	1.177764e-01	2.706918e+00	5.426519e-02
7.125224e-03	1.263811e-01	2.842148e+00	5.819294e-02
8.194007e-03	1.356086e-01	2.966769e+00	6.240497e-02
9.423108e-03	1.455039e-01	3.088338e+00	6.692188e-02
1.083657e-02	1.561154e-01	3.200176e+00	7.176572e-02
1.246206e-02	1.674949e-01	3.303787e+00	7.696016e-02
1.433137e-02	1.796981e-01	3.422940e+00	8.249146e-02
1.648108e-02	1.927845e-01	3.525344e+00	8.848980e-02
1.895324e-02	2.068181e-01	3.622608e+00	9.491280e-02
2.179622e-02	2.218673e-01	3.712617e+00	1.017821e-01
2.506566e-02	2.380059e-01	3.799570e+00	1.091490e-01
2.882550e-02	2.553125e-01	3.870931e+00	1.170492e-01
3.314933e-02	2.738718e-01	3.933379e+00	1.255210e-01
3.812173e-02	2.937743e-01	3.995676e+00	1.346061e-01
4.383999e-02	3.151174e-01	4.048336e+00	1.443488e-01
5.041599e-02	3.380054e-01	4.095925e+00	1.547967e-01
5.797838e-02	3.625499e-01	4.121522e+00	1.660008e-01
6.667514e-02	3.888710e-01	4.150960e+00	1.780159e-01
7.667641e-02	4.170971e-01	4.181089e+00	1.909005e-01
8.817787e-02	4.473663e-01	4.188673e+00	2.047179e-01
1.014046e-01	4.798264e-01	4.195935e+00	2.195353e-01
1.166152e-01	5.146360e-01	4.183565e+00	2.354253e-01
1.341075e-01	5.519650e-01	4.169339e+00	2.524653e-01
1.542237e-01	5.919960e-01	4.150129e+00	2.707386e-01
1.773572e-01	6.349244e-01	4.113010e+00	2.903347e-01
2.039608e-01	6.809600e-01	4.069566e+00	3.113491e-01
2.345549e-01	7.303276e-01	4.013080e+00	3.338846e-01
2.697381e-01	7.832685e-01	3.947299e+00	3.580511e-01
3.101989e-01	8.400413e-01	3.871113e+00	3.839668e-01
3.567287e-01	9.009233e-01	3.784693e+00	4.117584e-01
4.102380e-01	9.662120e-01	3.686632e+00	4.415616e-01
4.717737e-01	1.036226e+00	3.581809e+00	4.735219e-01
5.425397e-01	1.111308e+00	3.471850e+00	5.077953e-01
6.239207e-01	1.191825e+00	3.354509e+00	5.445497e-01
7.175088e-01	1.278169e+00	3.219566e+00	5.839644e-01
8.251351e-01	1.370763e+00	3.086549e+00	6.262320e-01
9.489054e-01	1.470059e+00	2.946174e+00	6.715587e-01
1.091241e+00	1.576542e+00	2.811164e+00	7.201661e-01
1.254927e+00	1.690732e+00	2.675167e+00	7.722921e-01
1.443166e+00	1.813187e+00	2.518771e+00	8.281910e-01
1.659641e+00	1.944506e+00	2.376351e+00	8.881358e-01
1.908588e+00	2.085330e+00	2.230254e+00	9.524191e-01
2.194876e+00	2.236346e+00	2.089724e+00	1.021355e+00
2.524107e+00	2.398294e+00	1.946296e+00	1.095282e+00
2.902723e+00	2.571963e+00	1.815642e+00	1.174559e+00
3.338132e+00	2.758202e+00	1.694028e+00	1.259573e+00
3.838852e+00	2.994330e+00	1.565261e+00	1.350743e+00
4.414679e+00	3.274475e+00	1.446495e+00	1.448509e+00
5.076881e+00	3.583695e+00	1.328669e+00	1.553330e+00
5.838413e+00	3.928636e+00	1.239153e+00	1.665957e+00
6.714175e+00	4.312468e+00	1.136208e+00	1.789569e+00
7.721302e+00	4.727872e+00	1.030371e+00	1.926807e+00
8.879497e+00	5.192989e+00	9.705978e-01	2.080077e+00
1.021142e+01	5.694693e+00	9.018590e-01	2.252568e+00
1.174313e+01	6.240016e+00	8.228094e-01	2.448441e+00
1.350460e+01	6.837028e+00	7.319024e-01	2.635006e+00
1.553030e+01	7.426928e+00	6.401841e-01	2.471840e+00
1.785984e+01	8.084018e+00	5.837584e-01	2.336945e+00
2.053882e+01	8.813200e+00	5.226085e-01	2.229301e+00
2.361964e+01	9.578276e+00	4.732436e-01	2.148166e+00
2.716258e+01	1.040291e+01	4.258883e-01	2.093047e+00
3.123697e+01	1.123712e+01	3.833891e-01	2.063665e+00
3.592252e+01	1.217415e+01	3.472405e-01	2.059909e+00
4.131089e+01	1.321401e+01	3.087792e-01	2.081745e+00
4.750753e+01	1.437187e+01	2.777935e-01	2.129454e+00
5.463366e+01	1.568111e+01	2.514719e-01	2.203419e+00
6.282871e+01	1.692738e+01	2.277313e-01	2.304368e+00
7.225301e+01	1.822527e+01	2.004297e-01	2.433483e+00
8.309096e+01	1.945057e+01	1.792257e-01	2.592559e+00
9.555461e+01	2.057719e+01	1.594466e-01	2.784163e+00
1.098878e+02	2.172162e+01	1.436248e-01	3.011797e+00
1.263710e+02	2.261071e+01	1.295134e-01	3.280061e+00
1.453266e+02	2.342899e+01	1.132852e-01	3.594881e+00
1.671256e+02	2.405394e+01	1.011384e-01	3.963677e+00
1.921945e+02	2.468783e+01	8.957273e-02	4.395849e+00
2.210236e+02	2.534345e+01	7.970373e-02	4.902700e+00
2.541772e+02	2.572459e+01	7.032227e-02	5.497028e+00
2.923037e+02	2.635576e+01	6.262091e-02	6.208621e+00
3.361493e+02	2.641676e+01	5.622352e-02	7.122237e+00
3.865717e+02	2.621930e+01	4.959050e-02	8.201760e+00
4.445574e+02	2.580868e+01	4.406544e-02	9.478793e+00
5.112411e+02	2.524110e+01	3.889467e-02	1.099397e+01
5.879272e+02	2.461669e+01	3.534828e-02	1.280438e+01
6.761163e+02	2.392922e+01	3.126993e-02	1.497739e+01
7.775337e+02	2.323478e+01	2.711256e-02	1.759736e+01
8.941638e+02	2.253768e+01	2.426194e-02	2.076923e+01
1.028288e+03	2.177476e+01	2.126352e-02	2.462577e+01
1.182532e+03	2.095897e+01	1.928023e-02	2.933183e+01
1.359911e+03	2.009353e+01	1.699944e-02	3.509795e+01
1.563898e+03	1.919476e+01	1.472909e-02	4.219050e+01
1.798483e+03	1.827438e+01	1.314616e-02	5.094667e+01
2.068255e+03	1.733951e+01	1.147847e-02	6.179559e+01
2.378493e+03	1.639209e+01	1.017468e-02	7.528458e+01
2.735268e+03	1.544187e+01	8.974436e-03	9.211288e+01
3.145558e+03	1.449433e+01	7.932156e-03	1.131751e+02
3.617391e+03	1.355277e+01	7.059970e-03	1.396171e+02
4.160000e+03	1.263092e+01	6.158019e-03	1.729081e+02
4.784000e+03	1.173816e+01	5.444132e-03	2.149319e+02
5.501600e+03	1.087758e+01	4.868932e-03	2.681050e+02
6.326840e+03	1.005208e+01	4.346540e-03	3.355242e+02
7.275866e+03	9.266928e+00	3.745788e-03	4.211554e+02
8.367246e+03	8.526679e+00	3.308941e-03	5.300680e+02
9.622333e+03	7.830174e+00	2.895694e-03	6.687289e+02
