# Energy_MeV	dEdx_Elec_MeV_um	dEdx_Nucl_MeV_um	Range_um
1.000000e-05	9.290732e-03	9.361134e-02	2.152683e-03
1.150000e-05	9.963200e-03	1.030694e-01	2.308495e-03
1.322500e-05	1.068434e-02	1.132651e-01	2.475585e-03
1.520875e-05	1.145768e-02	1.249901e-01	2.654770e-03
1.749006e-05	1.228699e-02	1.375630e-01	2.846923e-03
2.011357e-05	1.317633e-02	1.512007e-01	3.052985e-03
2.313061e-05	1.413004e-02	1.658449e-01	3.273962e-03
2.660020e-05	1.515278e-02	1.815018e-01	3.510933e-03
3.059023e-05	8.159023e-03	1.995074e-01	3.765056e-03
3.517876e-05	8.855722e-03	2.185435e-01	4.037573e-03
4.045558e-05	9.601633e-03	2.391584e-01	4.329814e-03
4.652391e-05	1.040044e-02	2.614822e-01	4.643209e-03
5.350250e-05	1.125607e-02	2.858151e-01	4.979287e-03
6.152788e-05	1.217273e-02	3.114488e-01	5.339690e-03
7.075706e-05	1.315492e-02	3.386763e-01	5.726180e-03
8.137062e-05	1.420745e-02	3.686601e-01	6.140643e-03
9.357621e-05	1.533549e-02	4.006826e-01	6.585107e-03
1.076126e-04	1.654455e-02	4.354867e-01	7.061740e-03
1.237545e-04	1.784056e-02	4.692689e-01	7.572873e-03
1.423177e-04	1.922984e-02	5.079071e-01	8.121001e-03
1.636654e-04	2.071921e-02	5.517513e-01	8.708803e-03
1.882152e-04	2.231593e-02	5.935335e-01	9.339151e-03
2.164475e-04	2.402783e-02	6.414809e-01	1.001512e-02
2.489146e-04	2.586325e-02	6.856589e-01	1.074002e-02
2.862518e-04	2.783118e-02	7.364636e-01	1.151739e-02
3.291895e-04	2.994123e-02	7.934633e-01	1.235103e-02
3.785680e-04	3.220371e-02	8.464797e-01	1.324500e-02
4.353531e-04	3.462968e-02	9.068800e-01	1.420368e-02
5.006561e-04	3.723099e-02	9.648458e-01	1.523175e-02
5.757545e-04	4.002035e-02	1.026805e+00	1.633423e-02
6.621177e-04	4.301139e-02	1.090099e+00	1.751651e-02
7.614354e-04	4.621873e-02	1.151335e+00	1.878437e-02
8.756507e-04	4.965803e-02	1.220316e+00	2.014399e-02
1.006998e-03	5.334609e-02	1.284196e+00	2.160202e-02
1.158048e-03	5.730095e-02	1.347262e+00	2.316559e-02
1.331755e-03	6.154190e-02	1.408384e+00	2.484233e-02
1.531519e-03	6.608969e-02	1.478675e+00	2.664043e-02
1.761246e-03	7.096652e-02	1.543718e+00	2.856868e-02
2.025433e-03	7.619621e-02	1.606908e+00	3.063649e-02
2.329248e-03	8.180433e-02	1.665308e+00	3.285398e-02
2.678635e-03	8.781826e-02	1.719163e+00	3.523197e-02
3.080431e-03	9.426739e-02	1.781097e+00	3.778208e-02
3.542495e-03	1.011832e-01	1.834604e+00	4.051676e-02
4.073870e-03	1.085995e-01	1.885161e+00	4.344939e-02
4.684950e-03	1.165526e-01	1.932141e+00	4.659428e-02
5.387693e-03	1.250812e-01	1.977337e+00	4.996156e-02
6.195847e-03	1.342271e-01	2.014577e+00	5.357517e-02
7.125224e-03	1.440348e-01	2.047183e+00	5.746381e-02
8.194007e-03	1.545524e-01	2.079563e+00	6.162204e-02
9.423108e-03	1.658313e-01	2.107094e+00	6.608254e-02
1.083657e-02	1.779264e-01	2.131981e+00	7.086551e-02
1.246206e-02	1.908970e-01	2.145287e+00	7.599469e-02
1.433137e-02	2.048063e-01	2.160588e+00	8.149514e-02
1.648108e-02	2.197224e-01	2.176405e+00	8.739368e-02
1.895324e-02	2.357180e-01	2.180347e+00	9.371915e-02
2.179622e-02	2.528714e-01	2.184234e+00	1.005025e-01
2.506566e-02	2.712663e-01	2.177804e+00	1.077769e-01
2.882550e-02	2.909926e-01	2.170410e+00	1.155777e-01
3.314933e-02	3.121467e-01	2.160515e+00	1.239431e-01
3.812173e-02	3.348319e-01	2.141222e+00	1.329141e-01
4.383999e-02	3.591591e-01	2.118677e+00	1.425344e-01
5.041599e-02	3.852471e-01	2.089317e+00	1.528510e-01
5.797838e-02	4.132233e-01	2.055133e+00	1.639144e-01
6.667514e-02	4.432244e-01	2.015526e+00	1.757784e-01
7.667641e-02	4.753969e-01	1.970606e+00	1.885012e-01
8.817787e-02	5.098982e-01	1.919588e+00	2.021450e-01
1.014046e-01	5.468966e-01	1.865104e+00	2.167763e-01
1.166152e-01	5.865730e-01	1.807849e+00	2.324665e-01
1.341075e-01	6.291212e-01	1.746857e+00	2.492924e-01
1.542237e-01	6.747490e-01	1.676716e+00	2.673363e-01
1.773572e-01	7.236794e-01	1.607399e+00	2.866862e-01
2.039608e-01	7.761513e-01	1.534435e+00	3.074366e-01
2.345549e-01	8.324212e-01	1.464027e+00	3.296888e-01
2.697381e-01	8.927640e-01	1.393338e+00	3.535517e-01
3.101989e-01	9.574743e-01	1.312046e+00	3.791419e-01
3.567287e-01	1.026868e+00	1.237739e+00	4.065844e-01
4.102380e-01	1.101285e+00	1.161800e+00	4.360130e-01
4.717737e-01	1.181089e+00	1.088529e+00	4.675717e-01
5.425397e-01	1.266668e+00	1.013798e+00	5.014146e-01
6.239207e-01	1.358442e+00	9.458859e-01	5.377073e-01
7.175088e-01	1.456858e+00	8.824712e-01	5.766268e-01
8.251351e-01	1.562398e+00	8.155403e-01	6.183632e-01
9.489054e-01	1.675577e+00	7.535825e-01	6.631204e-01
1.091241e+00	1.796947e+00	6.920862e-01	7.111174e-01
1.254927e+00	1.927103e+00	6.455570e-01	7.625883e-01
1.443166e+00	2.088491e+00	5.920484e-01	8.177861e-01
1.659641e+00	2.292646e+00	5.366574e-01	8.769723e-01
1.908588e+00	2.517684e+00	5.055885e-01	9.404599e-01
2.194876e+00	2.770989e+00	4.698593e-01	1.008519e+00
2.524107e+00	3.047904e+00	4.287707e-01	1.061187e+00
2.902723e+00	3.352721e+00	3.815188e-01	1.040052e+00
3.338132e+00	3.693026e+00	3.335309e-01	1.019061e+00
3.838852e+00	4.060409e+00	3.042019e-01	9.990478e-01
4.414679e+00	4.470955e+00	2.722917e-01	9.808481e-01
5.076881e+00	4.916248e+00	2.466327e-01	9.653404e-01
5.838413e+00	5.388758e+00	2.219308e-01	9.534465e-01
6.714175e+00	5.908689e+00	1.997547e-01	9.461740e-01
7.721302e+00	6.493749e+00	1.809653e-01	9.446124e-01
8.879497e+00	7.150739e+00	1.608907e-01	9.499224e-01
1.021142e+01	7.874763e+00	1.447849e-01	9.633432e-01
1.174313e+01	8.630115e+00	1.310229e-01	9.861828e-01
1.350460e+01	9.450917e+00	1.186830e-01	1.019804e+00
1.553030e+01	1.016258e+01	1.044920e-01	1.065618e+00
1.785984e+01	1.089472e+01	9.339544e-02	1.125091e+00
2.053882e+01	1.160307e+01	8.311461e-02	1.199782e+00
2.361964e+01	1.220158e+01	7.483480e-02	1.291416e+00
2.716258e+01	1.278970e+01	6.749990e-02	1.401996e+00
3.123697e+01	1.323582e+01	5.906477e-02	1.533917e+00
3.592252e+01	1.365806e+01	5.270579e-02	1.690139e+00
4.131089e+01	1.403293e+01	4.669416e-02	1.874348e+00
4.750753e+01	1.430632e+01	4.153842e-02	2.091165e+00
5.463366e+01	1.454963e+01	3.664499e-02	2.346368e+00
6.282871e+01	1.465482e+01	3.264196e-02	2.647158e+00
7.225301e+01	1.475494e+01	2.930054e-02	3.002604e+00
8.309096e+01	1.484996e+01	2.585281e-02	3.423520e+00
9.555461e+01	1.482847e+01	2.296598e-02	3.924784e+00
1.098878e+02	1.418519e+01	2.026442e-02	4.522902e+00
1.263710e+02	1.388140e+01	1.842107e-02	5.290218e+00
1.453266e+02	1.347395e+01	1.630121e-02	6.232357e+00
1.671256e+02	1.299483e+01	1.412778e-02	7.359331e+00
1.921945e+02	1.245153e+01	1.264607e-02	8.723757e+00
2.210236e+02	1.189966e+01	1.107868e-02	1.038323e+01
2.541772e+02	1.132885e+01	1.004780e-02	1.241140e+01
2.923037e+02	1.075823e+01	8.862291e-03	1.490280e+01
3.361493e+02	1.020627e+01	7.675190e-03	1.797549e+01
3.865717e+02	9.642508e+00	6.852410e-03	2.178216e+01
4.445574e+02	9.076798e+00	5.981679e-03	2.651560e+01
5.112411e+02	8.509379e+00	5.303992e-03	3.242437e+01
5.879272e+02	7.948627e+00	4.677581e-03	3.982846e+01
6.761163e+02	7.398887e+00	4.133471e-03	4.913812e+01
7.775337e+02	6.864722e+00	3.680124e-03	6.088175e+01
8.941638e+02	6.347177e+00	3.209150e-03	7.574066e+01
1.028288e+03	5.849312e+00	2.838083e-03	9.459396e+01
1.182532e+03	5.373866e+00	2.537149e-03	1.185761e+02
1.359911e+03	4.922386e+00	2.265619e-03	1.491509e+02
1.563898e+03	4.495788e+00	1.953359e-03	1.882062e+02
1.798483e+03	4.095772e+00	1.724550e-03	2.381745e+02
2.068255e+03	3.723285e+00	1.509752e-03	3.021859e+02
2.378493e+03	3.378809e+00	1.345898e-03	3.842605e+02
2.735268e+03	3.061786e+00	1.198553e-03	4.895500e+02
3.145558e+03	2.771549e+00	1.029106e-03	6.246395e+02
3.617391e+03	2.506823e+00	9.088212e-04	7.979192e+02
4.160000e+03	2.266557e+00	7.925923e-04	1.020044e+03
4.784000e+03	2.049797e+00	6.966670e-04	1.304489e+03
5.501600e+03	1.855126e+00	6.059079e-04	1.668226e+03
6.326840e+03	1.680951e+00	5.322174e-04	2.132527e+03
7.275866e+03	1.525600e+00	4.728390e-04	2.723920e+03
8.367246e+03	1.387275e+00	4.103629e-04	3.475295e+03
9.622333e+03	1.264250e+00	3.603645e-04	4.427189e+03
