# Energy_MeV	dEdx_Elec_MeV_um	dEdx_Nucl_MeV_um	Range_um
1.000000e-05	1.021906e-02	6.572302e-02	1.957126e-03
1.150000e-05	1.095873e-02	7.296478e-02	2.098784e-03
1.322500e-05	1.175192e-02	8.115718e-02	2.250695e-03
1.520875e-05	1.260254e-02	8.980103e-02	2.413602e-03
1.749006e-05	1.351471e-02	9.965886e-02	2.588299e-03
2.011357e-05	1.449292e-02	1.101914e-01	2.775642e-03
2.313061e-05	1.554192e-02	1.219427e-01	2.976544e-03
2.660020e-05	1.666685e-02	1.348597e-01	3.191988e-03
3.059023e-05	1.787321e-02	1.487868e-01	3.423026e-03
3.517876e-05	1.916688e-02	1.646028e-01	3.670786e-03
4.045558e-05	2.055419e-02	1.814696e-01	3.936480e-03
4.652391e-05	2.204191e-02	1.996661e-01	4.221404e-03
5.350250e-05	2.363732e-02	2.195098e-01	4.526952e-03
6.152788e-05	2.534820e-02	2.423301e-01	4.854615e-03
7.075706e-05	2.718292e-02	2.664924e-01	5.205995e-03
8.137062e-05	2.915043e-02	2.930354e-01	5.582807e-03
9.357621e-05	3.126035e-02	3.211416e-01	5.986894e-03
1.076126e-04	3.352299e-02	3.516146e-01	6.420228e-03
1.237545e-04	3.594941e-02	3.866586e-01	6.884928e-03
1.423177e-04	3.855144e-02	4.231840e-01	7.383263e-03
1.636654e-04	4.134182e-02	4.633065e-01	7.917667e-03
1.882152e-04	4.433416e-02	5.062708e-01	8.490752e-03
2.164475e-04	4.754309e-02	5.535036e-01	9.105317e-03
2.489146e-04	5.098428e-02	6.030679e-01	9.764365e-03
2.862518e-04	5.467455e-02	6.554580e-01	1.047111e-02
3.291895e-04	5.863193e-02	7.138151e-01	1.122902e-02
3.785680e-04	6.287574e-02	7.753430e-01	1.204178e-02
4.353531e-04	6.742671e-02	8.422912e-01	1.291337e-02
5.006561e-04	7.230710e-02	9.076835e-01	1.384805e-02
5.757545e-04	7.754072e-02	9.828846e-01	1.485038e-02
6.621177e-04	8.315316e-02	1.066576e+00	1.592526e-02
7.614354e-04	8.917183e-02	1.147896e+00	1.707794e-02
8.756507e-04	4.787456e-02	1.239248e+00	1.831405e-02
1.006998e-03	5.143972e-02	1.325231e+00	1.963963e-02
1.158048e-03	5.526274e-02	1.424111e+00	2.106115e-02
1.331755e-03	5.936230e-02	1.532566e+00	2.258557e-02
1.531519e-03	6.375842e-02	1.635751e+00	2.422033e-02
1.761246e-03	6.847259e-02	1.751161e+00	2.597341e-02
2.025433e-03	7.352783e-02	1.863979e+00	2.785337e-02
2.329248e-03	7.894885e-02	1.982653e+00	2.986942e-02
2.678635e-03	8.476212e-02	2.103450e+00	3.203138e-02
3.080431e-03	9.099604e-02	2.222633e+00	3.434983e-02
3.542495e-03	9.768108e-02	2.353886e+00	3.683609e-02
4.073870e-03	1.048499e-01	2.478215e+00	3.950230e-02
4.684950e-03	1.125375e-01	2.597081e+00	4.236150e-02
5.387693e-03	1.207814e-01	2.716042e+00	4.542765e-02
6.195847e-03	1.296220e-01	2.852848e+00	4.871572e-02
7.125224e-03	1.391024e-01	2.974566e+00	5.224179e-02
8.194007e-03	1.492689e-01	3.097551e+00	5.602308e-02
9.423108e-03	1.601712e-01	3.206310e+00	6.007806e-02
1.083657e-02	1.718626e-01	3.311127e+00	6.442655e-02
1.246206e-02	1.844001e-01	3.431668e+00	6.906614e-02
1.433137e-02	1.978451e-01	3.530704e+00	7.409176e-02
1.648108e-02	2.122632e-01	3.629101e+00	7.945461e-02
1.895324e-02	2.277248e-01	3.716982e+00	8.520623e-02
2.179622e-02	2.443055e-01	3.802845e+00	9.137310e-02
2.506566e-02	2.620863e-01	3.874743e+00	9.798664e-02
2.882550e-02	2.811540e-01	3.935536e+00	1.050788e-01
3.314933e-02	3.016018e-01	3.998558e+00	1.126843e-01
3.812173e-02	3.235296e-01	4.049258e+00	1.208404e-01
4.383999e-02	3.470446e-01	4.094922e+00	1.295867e-01
5.041599e-02	3.722615e-01	4.120818e+00	1.389661e-01
5.797838e-02	3.993036e-01	4.150599e+00	1.490244e-01
6.667514e-02	4.283031e-01	4.178532e+00	1.598108e-01
7.667641e-02	4.594014e-01	4.186204e+00	1.713778e-01
8.817787e-02	4.927507e-01	4.191716e+00	1.837821e-01
1.014046e-01	5.285139e-01	4.179202e+00	1.970841e-01
1.166152e-01	5.668655e-01	4.164810e+00	2.113491e-01
1.341075e-01	6.079931e-01	4.143897e+00	2.266466e-01
1.542237e-01	6.520974e-01	4.106346e+00	2.430512e-01
1.773572e-01	6.993941e-01	4.061794e+00	2.606432e-01
2.039608e-01	7.501141e-01	4.004650e+00	2.795085e-01
2.345549e-01	8.045052e-01	3.937965e+00	2.997394e-01
2.697381e-01	8.628331e-01	3.861015e+00	3.214346e-01
3.101989e-01	9.253829e-01	3.773589e+00	3.447001e-01
3.567287e-01	9.924601e-01	3.675152e+00	3.696494e-01
4.102380e-01	1.064392e+00	3.569109e+00	3.964047e-01
4.717737e-01	1.141531e+00	3.459499e+00	4.250966e-01
5.425397e-01	1.224253e+00	3.340791e+00	4.558653e-01
6.239207e-01	1.312962e+00	3.204276e+00	4.888608e-01
7.175088e-01	1.408093e+00	3.072585e+00	5.242446e-01
8.251351e-01	1.510109e+00	2.930575e+00	5.621896e-01
9.489054e-01	1.619509e+00	2.797772e+00	6.028812e-01
1.091241e+00	1.736827e+00	2.660192e+00	6.465179e-01
1.254927e+00	1.862637e+00	2.501974e+00	6.933129e-01
1.443166e+00	1.997553e+00	2.362456e+00	7.434950e-01
1.659641e+00	2.142234e+00	2.214657e+00	7.973096e-01
1.908588e+00	2.297387e+00	2.076159e+00	8.550193e-01
2.194876e+00	2.463771e+00	1.934006e+00	9.169058e-01
2.524107e+00	2.642197e+00	1.801830e+00	9.832717e-01
2.902723e+00	2.839253e+00	1.682086e+00	1.054441e+00
3.338132e+00	3.104496e+00	1.551819e+00	1.130760e+00
3.838852e+00	3.402925e+00	1.435340e+00	1.212623e+00
4.414679e+00	3.738222e+00	1.320252e+00	1.300315e+00
5.076881e+00	4.104798e+00	1.229693e+00	1.395116e+00
5.838413e+00	4.516557e+00	1.125550e+00	1.499861e+00
6.714175e+00	4.962923e+00	1.024641e+00	1.616311e+00
7.721302e+00	5.454946e+00	9.641722e-01	1.746726e+00
8.879497e+00	6.000726e+00	8.946328e-01	1.893940e+00
1.021142e+01	6.571875e+00	8.146625e-01	2.061690e+00
1.174313e+01	7.194820e+00	7.226967e-01	2.154073e+00
1.350460e+01	7.822117e+00	6.350287e-01	2.020989e+00
1.553030e+01	8.523149e+00	5.779459e-01	1.912137e+00
1.785984e+01	9.314261e+00	5.181268e-01	1.826500e+00
2.053882e+01	1.009813e+01	4.681869e-01	1.763324e+00
2.361964e+01	1.095435e+01	4.217042e-01	1.722081e+00
2.716258e+01	1.184424e+01	3.801068e-01	1.702435e+00
3.123697e+01	1.282864e+01	3.435371e-01	1.704175e+00
3.592252e+01	1.393803e+01	3.059807e-01	1.727269e+00
4.131089e+01	1.515689e+01	2.746342e-01	1.771837e+00
4.750753e+01	1.647238e+01	2.493164e-01	1.838202e+00
5.463366e+01	1.781698e+01	2.252994e-01	1.927000e+00
6.282871e+01	1.908229e+01	1.976797e-01	2.039288e+00
7.225301e+01	2.038925e+01	1.774530e-01	2.176676e+00
8.309096e+01	2.149669e+01	1.574436e-01	2.341449e+00
9.555461e+01	2.258755e+01	1.423481e-01	2.536712e+00
1.098878e+02	2.356334e+01	1.280722e-01	2.766501e+00
1.263710e+02	2.427783e+01	1.116550e-01	3.036005e+00
1.453266e+02	2.495281e+01	1.001046e-01	3.351708e+00
1.671256e+02	2.562657e+01	8.840424e-02	3.721523e+00
1.921945e+02	2.620876e+01	7.884368e-02	4.156485e+00
2.210236e+02	2.664601e+01	6.963162e-02	4.663613e+00
2.541772e+02	2.686420e+01	6.184056e-02	5.291942e+00
2.923037e+02	2.684534e+01	5.563199e-02	6.085686e+00
3.361493e+02	2.659734e+01	4.892171e-02	7.007187e+00
3.865717e+02	2.610989e+01	4.357659e-02	8.103658e+00
4.445574e+02	2.552876e+01	3.857168e-02	9.406110e+00
5.112411e+02	2.487903e+01	3.498398e-02	1.096374e+01
5.879272e+02	2.417943e+01	3.085813e-02	1.283598e+01
6.761163e+02	2.350011e+01	2.685610e-02	1.509497e+01
7.775337e+02	2.277485e+01	2.397228e-02	1.783276e+01
8.941638e+02	2.198953e+01	2.108326e-02	2.116386e+01
1.028288e+03	2.114834e+01	1.907687e-02	2.523211e+01
1.182532e+03	2.026221e+01	1.676952e-02	3.022098e+01
1.359911e+03	1.934395e+01	1.458693e-02	3.636196e+01
1.563898e+03	1.840805e+01	1.298556e-02	4.394868e+01
1.798483e+03	1.745495e+01	1.136188e-02	5.335497e+01
2.068255e+03	1.649093e+01	1.004290e-02	6.505775e+01
2.378493e+03	1.552569e+01	8.870097e-03	7.966640e+01
2.735268e+03	1.456400e+01	7.853963e-03	9.796065e+01
3.145558e+03	1.360986e+01	6.971619e-03	1.209393e+02
3.617391e+03	1.267956e+01	6.094273e-03	1.498825e+02
4.160000e+03	1.177886e+01	5.372072e-03	1.864319e+02
4.784000e+03	1.091096e+01	4.822009e-03	2.326921e+02
5.501600e+03	1.008017e+01	4.293533e-03	2.913594e+02
6.326840e+03	9.291920e+00	3.685784e-03	3.658843e+02
7.275866e+03	8.548312e+00	3.272236e-03	4.606741e+02
8.367246e+03	7.849256e+00	2.854176e-03	5.813454e+02
9.622333e+03	7.197072e+00	2.557375e-03	7.350347e+02
