# Energy_MeV	dEdx_Elec_MeV_um	dEdx_Nucl_MeV_um	Range_um
1.000000e-05	9.520886e-03	5.456582e-02	2.100645e-03
1.150000e-05	1.021001e-02	6.053583e-02	2.252691e-03
1.322500e-05	1.094902e-02	6.737805e-02	2.415742e-03
1.520875e-05	1.174151e-02	7.451030e-02	2.590594e-03
1.749006e-05	1.259137e-02	8.271239e-02	2.778103e-03
2.011357e-05	1.350274e-02	9.201623e-02	2.979183e-03
2.313061e-05	1.448008e-02	1.018063e-01	3.194818e-03
2.660020e-05	1.552815e-02	1.129957e-01	3.426061e-03
3.059023e-05	1.665209e-02	1.249250e-01	3.674041e-03
3.517876e-05	1.785738e-02	1.382550e-01	3.939970e-03
4.045558e-05	1.914990e-02	1.529163e-01	4.225147e-03
4.652391e-05	2.053598e-02	1.686903e-01	4.530966e-03
5.350250e-05	2.202239e-02	1.866453e-01	4.858919e-03
6.152788e-05	2.361638e-02	2.057488e-01	5.210610e-03
7.075706e-05	2.532575e-02	2.264210e-01	5.587757e-03
8.137062e-05	2.715884e-02	2.488962e-01	5.992202e-03
9.357621e-05	2.912461e-02	2.747426e-01	6.425921e-03
1.076126e-04	3.123266e-02	3.022003e-01	6.891032e-03
1.237545e-04	3.349330e-02	3.322632e-01	7.389809e-03
1.423177e-04	3.591756e-02	3.642136e-01	7.924687e-03
1.636654e-04	3.851729e-02	3.987276e-01	8.498280e-03
1.882152e-04	4.130520e-02	4.384187e-01	9.113390e-03
2.164475e-04	4.429489e-02	4.799429e-01	9.773022e-03
2.489146e-04	4.750098e-02	5.253861e-01	1.048040e-02
2.862518e-04	5.093912e-02	5.741912e-01	1.123898e-02
3.291895e-04	5.462612e-02	6.278214e-01	1.205246e-02
3.785680e-04	5.857999e-02	6.839584e-01	1.292482e-02
4.353531e-04	6.282004e-02	7.434743e-01	1.386033e-02
5.006561e-04	6.736699e-02	8.095701e-01	1.486354e-02
5.757545e-04	7.224305e-02	8.794932e-01	1.593938e-02
6.621177e-04	7.747204e-02	9.556592e-01	1.709308e-02
7.614354e-04	8.307950e-02	1.029723e+00	1.833028e-02
8.756507e-04	8.909284e-02	1.114897e+00	1.965704e-02
1.006998e-03	9.554143e-02	1.210172e+00	2.107983e-02
1.158048e-03	1.024568e-01	1.302276e+00	2.260559e-02
1.331755e-03	1.098726e-01	1.406324e+00	2.424180e-02
1.531519e-03	1.178253e-01	1.503710e+00	2.599643e-02
1.761246e-03	1.263535e-01	1.615703e+00	2.787807e-02
2.025433e-03	1.354991e-01	1.739274e+00	2.989590e-02
2.329248e-03	1.453066e-01	1.856143e+00	3.205978e-02
2.678635e-03	1.558239e-01	1.987493e+00	3.438028e-02
3.080431e-03	1.671026e-01	2.115272e+00	3.686875e-02
3.542495e-03	1.791975e-01	2.250250e+00	3.953733e-02
4.073870e-03	1.921679e-01	2.387773e+00	4.239906e-02
4.684950e-03	2.060772e-01	2.522761e+00	4.546792e-02
5.387693e-03	2.209931e-01	2.672309e+00	4.875892e-02
6.195847e-03	2.369887e-01	2.813125e+00	5.228811e-02
7.125224e-03	2.541421e-01	2.948903e+00	5.607275e-02
8.194007e-03	2.725370e-01	3.083639e+00	6.013133e-02
9.423108e-03	2.922634e-01	3.238586e+00	6.448367e-02
1.083657e-02	3.134176e-01	3.377888e+00	6.915103e-02
1.246206e-02	3.361029e-01	3.517182e+00	7.415622e-02
1.433137e-02	3.604302e-01	3.641816e+00	7.952368e-02
1.648108e-02	3.865184e-01	3.760533e+00	8.523564e-02
1.895324e-02	4.144948e-01	3.897058e+00	9.144182e-02
2.179622e-02	4.444961e-01	4.010739e+00	9.807401e-02
2.506566e-02	4.766690e-01	4.122184e+00	1.051726e-01
2.882550e-02	5.111705e-01	4.222772e+00	1.127847e-01
3.314933e-02	5.481693e-01	4.320814e+00	1.209480e-01
3.812173e-02	5.878461e-01	4.402248e+00	1.297021e-01
4.383999e-02	6.303947e-01	4.471892e+00	1.390898e-01
5.041599e-02	6.760230e-01	4.543271e+00	1.491570e-01
5.797838e-02	7.249539e-01	4.601547e+00	1.599530e-01
6.667514e-02	7.774265e-01	4.654088e+00	1.715303e-01
7.667641e-02	8.336970e-01	4.683418e+00	1.839455e-01
8.817787e-02	8.940405e-01	4.717148e+00	1.972594e-01
1.014046e-01	9.587516e-01	4.749629e+00	2.115370e-01
1.166152e-01	1.028147e+00	4.758319e+00	2.268480e-01
1.341075e-01	1.102564e+00	4.765169e+00	2.432672e-01
1.542237e-01	1.182369e+00	4.750996e+00	2.608747e-01
1.773572e-01	1.267949e+00	4.734696e+00	2.797568e-01
2.039608e-01	1.359724e+00	4.711499e+00	3.000057e-01
2.345549e-01	1.458141e+00	4.668969e+00	3.217201e-01
2.697381e-01	1.563682e+00	4.618708e+00	3.450061e-01
3.101989e-01	1.676863e+00	4.553986e+00	3.699776e-01
3.567287e-01	1.798235e+00	4.478504e+00	3.967567e-01
4.102380e-01	1.928392e+00	4.391309e+00	4.254741e-01
4.717737e-01	2.067970e+00	4.292289e+00	4.562699e-01
5.425397e-01	2.217651e+00	4.180544e+00	4.892947e-01
6.239207e-01	2.378165e+00	4.060439e+00	5.247098e-01
7.175088e-01	2.550298e+00	3.935753e+00	5.626886e-01
8.251351e-01	2.734890e+00	3.801303e+00	6.034162e-01
9.489054e-01	2.932843e+00	3.646686e+00	6.470915e-01
1.091241e+00	3.145124e+00	3.496579e+00	6.939280e-01
1.254927e+00	3.372769e+00	3.335737e+00	7.441547e-01
1.443166e+00	3.616892e+00	3.184070e+00	7.980171e-01
1.659641e+00	3.878685e+00	3.028245e+00	8.557779e-01
1.908588e+00	4.159426e+00	2.849047e+00	9.177192e-01
2.194876e+00	4.460488e+00	2.689516e+00	9.841438e-01
2.524107e+00	4.783340e+00	2.522118e+00	1.055377e+00
2.902723e+00	5.129561e+00	2.364038e+00	1.131765e+00
3.338132e+00	5.500841e+00	2.202058e+00	1.213683e+00
3.838852e+00	5.898995e+00	2.052354e+00	1.301529e+00
4.414679e+00	6.325967e+00	1.915642e+00	1.395735e+00
5.076881e+00	3.393314e+00	1.768100e+00	1.496766e+00
5.838413e+00	3.733726e+00	1.634958e+00	1.605048e+00
6.714175e+00	4.110743e+00	1.503247e+00	1.721611e+00
7.721302e+00	4.533931e+00	1.400679e+00	1.849888e+00
8.879497e+00	4.988124e+00	1.282725e+00	1.992368e+00
1.021142e+01	5.496728e+00	1.166394e+00	2.151655e+00
1.174313e+01	6.052361e+00	1.097906e+00	2.331107e+00
1.350460e+01	6.650273e+00	1.019145e+00	2.535133e+00
1.553030e+01	7.313724e+00	9.285697e-01	2.769488e+00
1.785984e+01	7.954076e+00	8.244083e-01	3.041737e+00
2.053882e+01	8.676970e+00	7.234186e-01	2.822633e+00
2.361964e+01	9.483345e+00	6.587660e-01	2.646852e+00
2.716258e+01	1.030939e+01	5.903374e-01	2.511325e+00
3.123697e+01	1.120605e+01	5.337750e-01	2.412858e+00
3.592252e+01	1.208792e+01	4.806564e-01	2.348970e+00
4.131089e+01	1.306131e+01	4.330799e-01	2.317742e+00
4.750753e+01	1.412065e+01	3.916608e-01	2.317717e+00
5.463366e+01	1.532208e+01	3.486757e-01	2.347793e+00
6.282871e+01	1.667942e+01	3.131723e-01	2.407433e+00
7.225301e+01	1.809937e+01	2.840629e-01	2.496512e+00
8.309096e+01	1.956096e+01	2.568610e-01	2.615528e+00
9.555461e+01	2.104214e+01	2.255787e-01	2.765710e+00
1.098878e+02	2.238645e+01	2.022641e-01	2.949143e+00
1.263710e+02	2.376542e+01	1.796012e-01	3.168904e+00
1.453266e+02	2.492813e+01	1.622022e-01	3.429202e+00
1.671256e+02	2.593825e+01	1.460332e-01	3.735544e+00
1.921945e+02	2.679774e+01	1.274390e-01	4.094884e+00
2.210236e+02	2.766467e+01	1.141123e-01	4.516040e+00
2.541772e+02	2.852878e+01	1.008604e-01	5.010127e+00
2.923037e+02	2.913097e+01	8.989171e-02	5.587095e+00
3.361493e+02	2.986375e+01	7.936570e-02	6.285609e+00
3.865717e+02	3.007046e+01	7.054147e-02	7.180707e+00
4.445574e+02	2.998123e+01	6.342233e-02	8.224289e+00
5.112411e+02	2.962067e+01	5.582220e-02	9.458665e+00
5.879272e+02	2.909363e+01	4.968732e-02	1.091767e+01
6.761163e+02	2.848915e+01	4.394379e-02	1.265507e+01
7.775337e+02	2.781078e+01	3.988033e-02	1.473355e+01
8.941638e+02	2.713624e+01	3.520735e-02	1.723028e+01
1.028288e+03	2.643393e+01	3.060710e-02	2.024201e+01
1.182532e+03	2.565091e+01	2.734085e-02	2.388987e+01
1.359911e+03	2.479660e+01	2.402089e-02	2.832409e+01
1.563898e+03	2.387740e+01	2.174844e-02	3.373608e+01
1.798483e+03	2.291075e+01	1.913512e-02	4.036674e+01
2.068255e+03	2.191178e+01	1.662525e-02	4.852013e+01
2.378493e+03	2.088512e+01	1.481152e-02	5.858199e+01
2.735268e+03	1.983389e+01	1.295151e-02	7.104280e+01
3.145558e+03	1.876706e+01	1.145762e-02	8.652732e+01
3.617391e+03	1.769698e+01	1.011557e-02	1.058327e+02
4.160000e+03	1.663195e+01	8.951998e-03	1.299772e+02
4.784000e+03	1.557708e+01	7.952646e-03	1.602635e+02
5.501600e+03	1.453999e+01	6.947322e-03	1.983584e+02
6.326840e+03	1.353266e+01	6.129350e-03	2.463956e+02
7.275866e+03	1.256291e+01	5.495794e-03	3.071058e+02
8.367246e+03	1.163374e+01	4.897236e-03	3.839809e+02
9.622333e+03	1.074943e+01	4.208894e-03	4.814798e+02
