# Energy_MeV	dEdx_Elec_MeV_um	dEdx_Nucl_MeV_um	Range_um
1.000000e-05	9.538012e-03	5.454472e-02	2.096873e-03
1.150000e-05	1.022838e-02	5.981095e-02	2.248646e-03
1.322500e-05	1.096871e-02	6.653423e-02	2.411404e-03
1.520875e-05	1.176264e-02	7.367742e-02	2.585943e-03
1.749006e-05	1.261402e-02	8.170958e-02	2.773115e-03
2.011357e-05	1.352703e-02	9.094657e-02	2.973834e-03
2.313061e-05	1.450612e-02	1.006560e-01	3.189082e-03
2.660020e-05	1.555609e-02	1.116813e-01	3.419909e-03
3.059023e-05	1.668204e-02	1.235365e-01	3.667444e-03
3.517876e-05	1.788950e-02	1.367925e-01	3.932896e-03
4.045558e-05	1.918435e-02	1.513564e-01	4.217561e-03
4.652391e-05	2.057292e-02	1.669072e-01	4.522830e-03
5.350250e-05	2.206200e-02	1.846714e-01	4.850195e-03
6.152788e-05	2.365886e-02	2.036113e-01	5.201254e-03
7.075706e-05	2.537130e-02	2.244753e-01	5.577724e-03
8.137062e-05	2.720769e-02	2.464848e-01	5.981442e-03
9.357621e-05	2.917700e-02	2.717958e-01	6.414382e-03
1.076126e-04	3.128884e-02	2.995877e-01	6.878659e-03
1.237545e-04	3.355355e-02	3.290278e-01	7.376540e-03
1.423177e-04	3.598217e-02	3.614754e-01	7.910458e-03
1.636654e-04	3.858658e-02	3.952744e-01	8.483021e-03
1.882152e-04	4.137950e-02	4.341432e-01	9.097026e-03
2.164475e-04	4.437457e-02	4.763437e-01	9.755474e-03
2.489146e-04	4.758642e-02	5.208454e-01	1.046158e-02
2.862518e-04	5.103075e-02	5.700591e-01	1.121880e-02
3.291895e-04	5.472438e-02	6.225869e-01	1.203082e-02
3.785680e-04	5.868536e-02	6.788776e-01	1.290161e-02
4.353531e-04	6.293304e-02	7.389262e-01	1.383544e-02
5.006561e-04	6.748817e-02	8.036527e-01	1.483686e-02
5.757545e-04	7.237300e-02	8.744634e-01	1.591076e-02
6.621177e-04	7.761139e-02	9.495956e-01	1.706238e-02
7.614354e-04	8.322895e-02	1.024946e+00	1.829737e-02
8.756507e-04	8.925310e-02	1.108355e+00	1.962174e-02
1.006998e-03	9.571329e-02	1.204275e+00	2.104197e-02
1.158048e-03	1.026411e-01	1.296665e+00	2.256500e-02
1.331755e-03	1.100703e-01	1.400390e+00	2.419827e-02
1.531519e-03	1.180372e-01	1.499693e+00	2.594975e-02
1.761246e-03	1.265808e-01	1.609366e+00	2.782801e-02
2.025433e-03	1.357428e-01	1.735490e+00	2.984222e-02
2.329248e-03	1.455679e-01	1.852103e+00	3.200221e-02
2.678635e-03	1.561042e-01	1.983718e+00	3.431855e-02
3.080431e-03	1.674031e-01	2.112154e+00	3.680255e-02
3.542495e-03	1.795199e-01	2.249951e+00	3.946633e-02
4.073870e-03	1.925136e-01	2.390664e+00	4.232293e-02
4.684950e-03	2.064478e-01	2.523826e+00	4.538628e-02
5.387693e-03	2.213906e-01	2.675845e+00	4.867137e-02
6.195847e-03	2.374150e-01	2.816980e+00	5.219423e-02
7.125224e-03	2.545992e-01	2.961311e+00	5.597207e-02
8.194007e-03	2.730273e-01	3.093256e+00	6.002336e-02
9.423108e-03	2.927891e-01	3.244993e+00	6.436788e-02
1.083657e-02	3.139814e-01	3.395696e+00	6.902686e-02
1.246206e-02	3.367075e-01	3.532105e+00	7.402306e-02
1.433137e-02	3.610786e-01	3.668533e+00	7.938089e-02
1.648108e-02	3.872136e-01	3.784791e+00	8.508669e-02
1.895324e-02	4.152404e-01	3.918487e+00	9.127301e-02
2.179622e-02	4.452957e-01	4.044774e+00	9.789825e-02
2.506566e-02	4.775264e-01	4.153911e+00	1.049836e-01
2.882550e-02	5.120900e-01	4.262837e+00	1.125822e-01
3.314933e-02	5.491554e-01	4.360403e+00	1.207309e-01
3.812173e-02	5.889035e-01	4.446457e+00	1.294692e-01
4.383999e-02	3.157897e-01	4.522476e+00	1.388401e-01
5.041599e-02	3.387296e-01	4.592376e+00	1.488892e-01
5.797838e-02	3.633299e-01	4.657892e+00	1.596657e-01
6.667514e-02	3.897108e-01	4.712223e+00	1.712223e-01
7.667641e-02	4.180011e-01	4.746198e+00	1.836153e-01
8.817787e-02	4.483391e-01	4.779229e+00	1.969052e-01
1.014046e-01	4.808729e-01	4.817214e+00	2.111571e-01
1.166152e-01	5.157615e-01	4.827903e+00	2.264407e-01
1.341075e-01	5.531754e-01	4.837690e+00	2.428304e-01
1.542237e-01	5.932973e-01	4.826752e+00	2.604064e-01
1.773572e-01	6.363233e-01	4.810790e+00	2.792545e-01
2.039608e-01	6.824634e-01	4.792434e+00	2.994670e-01
2.345549e-01	7.319433e-01	4.751277e+00	3.211424e-01
2.697381e-01	7.850044e-01	4.703380e+00	3.443867e-01
3.101989e-01	8.419062e-01	4.640653e+00	3.693134e-01
3.567287e-01	9.029265e-01	4.567184e+00	3.960442e-01
4.102380e-01	9.683636e-01	4.481391e+00	4.247100e-01
4.717737e-01	1.038537e+00	4.384423e+00	4.554507e-01
5.425397e-01	1.113789e+00	4.272909e+00	4.884162e-01
6.239207e-01	1.194489e+00	4.154860e+00	5.237677e-01
7.175088e-01	1.281029e+00	4.027411e+00	5.616781e-01
8.251351e-01	1.373834e+00	3.895747e+00	6.023327e-01
9.489054e-01	1.473355e+00	3.744333e+00	6.459297e-01
1.091241e+00	1.580080e+00	3.587900e+00	6.926822e-01
1.254927e+00	1.694530e+00	3.430390e+00	7.428185e-01
1.443166e+00	1.817263e+00	3.269466e+00	7.965840e-01
1.659641e+00	1.948880e+00	3.116869e+00	8.542413e-01
1.908588e+00	2.090024e+00	2.941383e+00	9.160715e-01
2.194876e+00	2.241384e+00	2.770196e+00	9.823769e-01
2.524107e+00	2.403699e+00	2.606266e+00	1.053481e+00
2.902723e+00	2.577763e+00	2.439421e+00	1.129733e+00
3.338132e+00	2.764425e+00	2.277026e+00	1.211504e+00
3.838852e+00	2.964598e+00	2.124535e+00	1.299192e+00
4.414679e+00	3.227793e+00	1.979872e+00	1.393230e+00
5.076881e+00	3.543450e+00	1.835387e+00	1.494071e+00
5.838413e+00	3.891542e+00	1.692963e+00	1.602191e+00
6.714175e+00	4.279877e+00	1.556593e+00	1.718351e+00
7.721302e+00	4.711583e+00	1.450050e+00	1.845817e+00
8.879497e+00	5.178390e+00	1.334540e+00	1.987332e+00
1.021142e+01	5.701097e+00	1.201704e+00	2.145368e+00
1.174313e+01	6.265490e+00	1.133332e+00	2.323212e+00
1.350460e+01	6.880889e+00	1.056203e+00	2.525148e+00
1.553030e+01	7.555579e+00	9.675044e-01	2.756763e+00
1.785984e+01	8.220345e+00	8.655009e-01	3.025404e+00
2.053882e+01	8.959138e+00	7.498096e-01	2.938910e+00
2.361964e+01	9.777624e+00	6.864964e-01	2.744805e+00
2.716258e+01	1.063467e+01	6.136863e-01	2.594070e+00
3.123697e+01	1.155503e+01	5.573917e-01	2.482861e+00
3.592252e+01	1.245989e+01	5.007011e-01	2.408188e+00
4.131089e+01	1.345811e+01	4.495276e-01	2.367731e+00
4.750753e+01	1.452406e+01	4.089666e-01	2.359706e+00
5.463366e+01	1.573523e+01	3.624333e-01	2.382758e+00
6.282871e+01	1.711916e+01	3.276653e-01	2.436087e+00
7.225301e+01	1.856257e+01	2.948595e-01	2.519375e+00
8.309096e+01	2.010080e+01	2.682211e-01	2.632917e+00
9.555461e+01	2.162337e+01	2.375869e-01	2.777746e+00
1.098878e+02	2.307431e+01	2.107388e-01	2.955753e+00
1.263710e+02	2.457872e+01	1.885454e-01	3.169815e+00
1.453266e+02	2.581058e+01	1.685192e-01	3.423928e+00
1.671256e+02	2.697837e+01	1.526852e-01	3.723374e+00
1.921945e+02	2.792346e+01	1.344761e-01	4.074829e+00
2.210236e+02	2.890415e+01	1.190049e-01	4.486892e+00
2.541772e+02	2.994179e+01	1.060275e-01	4.969823e+00
2.923037e+02	3.065840e+01	9.389692e-02	5.535298e+00
3.361493e+02	3.022270e+01	8.305479e-02	6.211022e+00
3.865717e+02	3.050060e+01	7.403330e-02	7.079602e+00
4.445574e+02	3.046244e+01	6.619769e-02	8.102555e+00
5.112411e+02	3.015646e+01	5.875501e-02	9.307201e+00
5.879272e+02	2.964644e+01	5.194573e-02	1.073022e+01
6.761163e+02	2.906080e+01	4.577025e-02	1.242296e+01
7.775337e+02	2.839231e+01	4.160016e-02	1.444553e+01
8.941638e+02	2.771054e+01	3.702399e-02	1.687286e+01
1.028288e+03	2.702692e+01	3.185052e-02	1.979764e+01
1.182532e+03	2.625410e+01	2.865194e-02	2.333672e+01
1.359911e+03	2.540792e+01	2.497358e-02	2.763433e+01
1.563898e+03	2.449160e+01	2.270185e-02	3.287405e+01
1.798483e+03	2.352454e+01	2.014267e-02	3.928716e+01
2.068255e+03	2.252084e+01	1.731011e-02	4.716508e+01
2.378493e+03	2.148877e+01	1.553396e-02	5.687730e+01
2.735268e+03	2.042897e+01	1.350437e-02	6.889323e+01
3.145558e+03	1.935049e+01	1.204144e-02	8.381048e+01
3.617391e+03	1.826608e+01	1.059128e-02	1.023910e+02
4.160000e+03	1.718594e+01	9.326198e-03	1.256080e+02
4.784000e+03	1.611377e+01	8.347551e-03	1.547052e+02
5.501600e+03	1.505598e+01	7.247860e-03	1.912743e+02
6.326840e+03	1.402570e+01	6.446834e-03	2.373519e+02
7.275866e+03	1.303270e+01	5.721947e-03	2.955439e+02
8.367246e+03	1.207939e+01	5.135789e-03	3.691829e+02
9.622333e+03	1.117082e+01	4.461708e-03	4.625245e+02
