# Energy_MeV	dEdx_Elec_MeV_um	dEdx_Nucl_MeV_um	Range_um
1.000000e-05	9.506478e-03	7.527914e-02	2.103829e-03
1.150000e-05	1.019456e-02	8.324889e-02	2.256105e-03
1.322500e-05	1.093245e-02	9.217065e-02	2.419403e-03
1.520875e-05	1.172375e-02	1.020066e-01	2.594520e-03
1.749006e-05	1.257232e-02	1.124617e-01	2.782313e-03
2.011357e-05	1.348231e-02	1.244590e-01	2.983698e-03
2.313061e-05	1.445817e-02	1.371872e-01	3.199660e-03
2.660020e-05	1.550465e-02	1.511833e-01	3.431253e-03
3.059023e-05	1.662689e-02	1.660478e-01	3.679609e-03
3.517876e-05	1.783035e-02	1.831419e-01	3.945941e-03
4.045558e-05	1.912092e-02	2.017736e-01	4.231551e-03
4.652391e-05	2.050491e-02	2.216564e-01	4.537832e-03
5.350250e-05	2.198906e-02	2.433933e-01	4.866283e-03
6.152788e-05	2.358064e-02	2.662200e-01	5.218507e-03
7.075706e-05	2.528742e-02	2.924706e-01	5.596226e-03
8.137062e-05	2.711774e-02	3.207366e-01	6.001283e-03
9.357621e-05	2.908053e-02	3.507915e-01	6.435659e-03
1.076126e-04	3.118540e-02	3.838119e-01	6.901476e-03
1.237545e-04	3.344261e-02	4.192872e-01	7.401008e-03
1.423177e-04	1.794397e-02	4.571016e-01	7.936697e-03
1.636654e-04	1.933616e-02	4.973866e-01	8.511160e-03
1.882152e-04	2.082867e-02	5.411005e-01	9.127202e-03
2.164475e-04	2.242882e-02	5.885668e-01	9.787834e-03
2.489146e-04	2.414442e-02	6.393083e-01	1.049628e-02
2.862518e-04	2.598386e-02	6.896836e-01	1.125601e-02
3.291895e-04	2.795612e-02	7.460149e-01	1.207072e-02
3.785680e-04	3.007085e-02	8.107960e-01	1.294441e-02
4.353531e-04	3.233838e-02	8.724577e-01	1.388133e-02
5.006561e-04	3.476979e-02	9.425101e-01	1.488607e-02
5.757545e-04	3.737695e-02	1.008695e+00	1.596353e-02
6.621177e-04	4.017261e-02	1.082764e+00	1.711898e-02
7.614354e-04	4.317043e-02	1.167944e+00	1.835806e-02
8.756507e-04	4.638504e-02	1.245589e+00	1.968683e-02
1.006998e-03	4.983217e-02	1.334477e+00	2.111177e-02
1.158048e-03	5.352864e-02	1.420257e+00	2.263985e-02
1.331755e-03	5.749253e-02	1.512463e+00	2.427854e-02
1.531519e-03	6.174318e-02	1.607081e+00	2.603583e-02
1.761246e-03	6.630138e-02	1.696358e+00	2.792032e-02
2.025433e-03	7.118938e-02	1.799027e+00	2.994121e-02
2.329248e-03	7.643108e-02	1.892999e+00	3.210837e-02
2.678635e-03	8.205207e-02	1.988740e+00	3.443239e-02
3.080431e-03	8.807982e-02	2.077851e+00	3.692462e-02
3.542495e-03	9.454377e-02	2.180328e+00	3.959725e-02
4.073870e-03	1.014755e-01	2.279926e+00	4.246332e-02
4.684950e-03	1.089089e-01	2.372052e+00	4.553683e-02
5.387693e-03	1.168802e-01	2.461995e+00	4.883281e-02
6.195847e-03	1.254285e-01	2.540512e+00	5.236736e-02
7.125224e-03	1.345954e-01	2.630805e+00	5.615774e-02
8.194007e-03	1.444258e-01	2.713810e+00	6.022246e-02
9.423108e-03	1.549676e-01	2.787517e+00	6.454804e-02
1.083657e-02	1.662725e-01	2.859491e+00	6.924746e-02
1.246206e-02	1.783955e-01	2.925384e+00	7.427045e-02
1.433137e-02	1.913959e-01	2.982301e+00	7.964611e-02
1.648108e-02	2.053373e-01	3.032448e+00	8.541066e-02
1.895324e-02	2.202878e-01	3.079656e+00	9.159269e-02
2.179622e-02	2.363203e-01	3.122613e+00	9.822205e-02
2.506566e-02	2.535133e-01	3.159306e+00	1.053313e-01
2.882550e-02	2.719506e-01	3.181010e+00	1.129551e-01
3.314933e-02	2.917224e-01	3.203318e+00	1.211307e-01
3.812173e-02	3.129253e-01	3.228972e+00	1.298981e-01
4.383999e-02	3.356629e-01	3.234916e+00	1.393000e-01
5.041599e-02	3.600462e-01	3.241525e+00	1.493825e-01
5.797838e-02	3.861943e-01	3.233219e+00	1.601948e-01
6.667514e-02	4.142350e-01	3.222439e+00	1.717896e-01
7.667641e-02	4.443054e-01	3.209633e+00	1.842237e-01
8.817787e-02	4.765522e-01	3.181505e+00	1.975577e-01
1.014046e-01	5.111330e-01	3.149157e+00	2.118569e-01
1.166152e-01	5.482168e-01	3.106492e+00	2.271912e-01
1.341075e-01	5.879847e-01	3.056805e+00	2.436353e-01
1.542237e-01	6.306311e-01	2.998925e+00	2.612696e-01
1.773572e-01	6.763642e-01	2.933436e+00	2.801802e-01
2.039608e-01	7.254074e-01	2.858216e+00	3.004597e-01
2.345549e-01	7.780005e-01	2.778782e+00	3.222071e-01
2.697381e-01	8.344002e-01	2.693524e+00	3.455285e-01
3.101989e-01	8.948822e-01	2.604602e+00	3.705378e-01
3.567287e-01	9.597419e-01	2.502343e+00	3.973573e-01
4.102380e-01	1.029296e+00	2.398135e+00	4.261182e-01
4.717737e-01	1.103885e+00	2.291758e+00	4.569608e-01
5.425397e-01	1.183872e+00	2.184969e+00	4.900357e-01
6.239207e-01	1.269649e+00	2.081911e+00	5.255045e-01
7.175088e-01	1.361635e+00	1.963394e+00	5.635407e-01
8.251351e-01	1.460278e+00	1.850064e+00	6.043301e-01
9.489054e-01	1.566061e+00	1.739352e+00	6.480717e-01
1.091241e+00	1.679501e+00	1.628509e+00	6.949793e-01
1.254927e+00	1.801152e+00	1.518834e+00	7.452819e-01
1.443166e+00	1.931608e+00	1.417321e+00	7.992258e-01
1.659641e+00	2.071506e+00	1.321268e+00	8.570742e-01
1.908588e+00	2.221530e+00	1.223688e+00	9.191097e-01
2.194876e+00	2.382414e+00	1.129338e+00	9.856345e-01
2.524107e+00	2.600604e+00	1.037239e+00	1.056976e+00
2.902723e+00	2.854798e+00	9.673428e-01	1.133485e+00
3.338132e+00	3.136883e+00	8.893316e-01	1.215488e+00
3.838852e+00	3.448740e+00	8.018257e-01	1.303742e+00
4.414679e+00	3.797750e+00	7.565298e-01	1.400836e+00
5.076881e+00	4.169736e+00	7.044395e-01	1.508675e+00
5.838413e+00	4.585014e+00	6.445357e-01	1.629221e+00
6.714175e+00	5.035173e+00	5.756463e-01	1.677116e+00
7.721302e+00	5.519601e+00	5.000766e-01	1.604028e+00
8.879497e+00	6.056897e+00	4.573172e-01	1.539951e+00
1.021142e+01	6.587685e+00	4.085567e-01	1.485788e+00
1.174313e+01	7.189047e+00	3.711480e-01	1.442439e+00
1.350460e+01	7.863389e+00	3.335746e-01	1.410831e+00
1.553030e+01	8.572355e+00	2.997135e-01	1.391930e+00
1.785984e+01	9.354971e+00	2.723201e-01	1.386706e+00
2.053882e+01	1.021391e+01	2.415709e-01	1.396231e+00
2.361964e+01	1.116063e+01	2.180899e-01	1.421543e+00
2.716258e+01	1.218482e+01	1.965905e-01	1.463703e+00
3.123697e+01	1.323047e+01	1.785999e-01	1.523813e+00
3.592252e+01	1.435161e+01	1.579107e-01	1.603078e+00
4.131089e+01	1.533005e+01	1.403916e-01	1.702907e+00
4.750753e+01	1.628551e+01	1.254030e-01	1.825037e+00
5.463366e+01	1.717399e+01	1.123342e-01	1.971680e+00
6.282871e+01	1.792937e+01	1.016405e-01	2.145662e+00
7.225301e+01	1.868012e+01	8.934278e-02	2.350645e+00
8.309096e+01	1.926013e+01	7.926367e-02	2.591247e+00
9.555461e+01	1.973638e+01	7.049919e-02	2.873297e+00
1.098878e+02	2.009685e+01	6.251873e-02	3.204027e+00
1.263710e+02	2.044414e+01	5.519634e-02	3.592502e+00
1.453266e+02	2.077180e+01	4.924315e-02	4.050065e+00
1.671256e+02	2.092482e+01	4.408317e-02	4.587927e+00
1.921945e+02	2.078387e+01	3.905665e-02	5.240628e+00
2.210236e+02	2.058714e+01	3.458028e-02	6.077486e+00
2.541772e+02	2.021706e+01	3.040959e-02	7.065572e+00
2.923037e+02	1.970143e+01	2.770651e-02	8.246790e+00
3.361493e+02	1.910052e+01	2.461593e-02	9.659244e+00
3.865717e+02	1.846369e+01	2.122403e-02	1.136063e+01
4.445574e+02	1.779180e+01	1.906383e-02	1.341986e+01
5.112411e+02	1.712674e+01	1.662059e-02	1.592304e+01
5.879272e+02	1.645086e+01	1.511765e-02	1.897911e+01
6.761163e+02	1.574192e+01	1.338927e-02	2.272608e+01
7.775337e+02	1.500634e+01	1.153347e-02	2.733729e+01
8.941638e+02	1.424861e+01	1.033392e-02	3.303541e+01
1.028288e+03	1.348014e+01	8.994984e-03	4.010375e+01
1.182532e+03	1.270981e+01	8.006972e-03	4.890356e+01
1.359911e+03	1.194192e+01	7.048338e-03	5.989736e+01
1.563898e+03	1.117979e+01	6.213127e-03	7.367833e+01
1.798483e+03	1.042995e+01	5.552184e-03	9.100817e+01
2.068255e+03	9.696865e+00	4.827081e-03	1.128659e+02
2.378493e+03	8.982067e+00	4.286097e-03	1.405106e+02
2.735268e+03	8.294394e+00	3.812483e-03	1.755620e+02
3.145558e+03	7.638468e+00	3.416613e-03	2.201033e+02
3.617391e+03	7.017135e+00	2.961364e-03	2.768115e+02
4.160000e+03	6.431126e+00	2.596683e-03	3.491235e+02
4.784000e+03	5.880099e+00	2.283524e-03	4.414433e+02
5.501600e+03	5.366740e+00	2.023008e-03	5.594017e+02
6.326840e+03	4.892486e+00	1.808191e-03	7.101780e+02
7.275866e+03	4.455750e+00	1.561150e-03	9.028951e+02
8.367246e+03	4.055066e+00	1.368954e-03	1.149100e+03
9.622333e+03	3.691204e+00	1.199502e-03	1.463339e+03
