Cl35	32564.6	0.116594	99993.5	16.7798	16.5413
Na23	21409.2	0.116149	99992	16.0806	15.8907
Na23	21409.2	0.361475	99994.3	17.5859	17.1601
Cl35	32564.6	0.0761532	99990.6	15.4636	15.315
Cl37	34424.8	0.0690655	99985.1	6.46179	6.30057
Cl35	32564.6	0.171714	99996.1	19.4694	19.2677
Cl35	32564.6	0.0830056	99995.4	18.9219	18.8055
Na23	21409.2	0.114682	99987.9	12.6716	12.3623
Cl35	32564.6	0.0778818	99989.4	12.6941	12.5399
Na23	21409.2	0.103631	99992.7	17.1309	16.9983
Cl37	34424.8	0.0678835	99986.3	8.39627	7.98759
Cl37	34424.8	0.0656116	99995.7	19.2198	19.063
Cl35	32564.6	0.0849227	99999.6	22.2738	22.1102
Cl35	32564.6	0.130101	99991.2	14.7773	14.6465
