Cl35	32564.6	0.236673	98768	247.123	246.69
Na23	21409.2	0.107001	98575.5	169.5	169.172
Na23	21409.2	0.132218	99128.3	342.945	342.384
Cl37	34424.8	0.100862	98313.2	70.0149	69.9109
Cl37	34424.8	0.0632258	99336.2	389.049	388.964
Cl37	34424.8	0.120452	99243.8	384.445	384.278
Cl35	32564.6	0.243529	99575	522.311	521.923
Cl35	32564.6	0.0812726	98326	68.5372	68.4433
Cl35	32564.6	0.0858445	99045.4	254.513	254.36
Cl37	34424.8	0.0646398	98526.9	144.629	144.52
Cl35	32564.6	0.206874	99469.9	470.341	470.028
Cl35	32564.6	0.0962945	99058.3	319.547	319.02
Na23	21409.2	0.167547	98379.6	93.0698	92.7523
Cl35	32564.6	0.148842	98955.6	268.156	267.733
Cl35	32564.6	0.34262	99464	474.73	474.385
Na23	21409.2	0.127701	99158.5	380.97	380.683
Na23	21409.2	0.10733	98338.2	30.111	29.9838
Cl35	32564.6	0.0740536	99702.9	564.601	564.427
Cl37	34424.8	1.05764	99383.3	460.087	458.87
Cl35	32564.6	0.117599	99462.3	477.554	477.36
Cl35	32564.6	0.0769651	98610.7	178.539	178.418
Na23	21409.2	0.230613	98517.5	99.2764	98.7995
Na23	21409.2	0.176422	98844.4	266.292	266.066
Cl35	32564.6	0.136402	98938.3	307.477	307.312
Cl35	32564.6	0.0872368	99488	494.744	494.493
Cl35	32564.6	0.300546	99421.7	456.173	455.839
Na23	21409.2	0.127516	98388.9	66.107	65.8089
Cl35	32564.6	0.0763558	99721.6	441.616	441.515
Cl35	32564.6	0.278662	99829.1	613.374	612.889
Cl37	34424.8	0.160718	99841.4	608.158	607.849
Cl37	34424.8	0.0702979	99532.8	506.204	506.026
Na23	21409.2	0.310059	99539	510.591	510.111
Cl37	34424.8	0.102602	99855.4	615.17	614.973
Na23	21409.2	0.184197	99059.7	340.764	340.544
Na23	21409.2	0.146168	99095	319.72	319.528
Cl35	32564.6	0.0916502	98908.6	286.694	286.568
Cl37	34424.8	0.0685775	98414.7	108.096	107.667
Cl35	32564.6	0.38888	99760.6	591.441	590.935
Na23	21409.2	0.181287	98327.1	83.846	83.4967
Cl35	32564.6	0.0832969	98304.1	89.2506	89.0535
Cl35	32564.6	0.12434	98978.7	300.091	299.54
Cl35	32564.6	0.0806744	99426.2	476.47	476.116
Cl35	32564.6	0.0813365	98478.8	153.102	153.013
Cl35	32564.6	0.227721	98356.5	102.38	101.947
Na23	21409.2	0.359383	99099.6	361.671	361.298
Na23	21409.2	0.113085	98607.4	183.441	183.253
Na23	21409.2	0.14606	98251.5	78.7097	78.4811
Cl35	32564.6	0.179658	99431.8	471.055	470.317
Cl35	32564.6	0.0748991	99196.8	360.465	360.334
Na23	21409.2	0.135936	98428.9	98.4769	98.1792
Cl35	32564.6	0.0712472	99900.6	628.852	628.748
Cl35	32564.6	0.137557	99189	389.34	389.198
Cl35	32564.6	0.204006	98488.7	159.149	158.942
Cl35	32564.6	0.0713792	99998.2	665.897	665.564
Na23	21409.2	0.125935	98510.8	99.3366	98.9799
Cl35	32564.6	0.098095	98467.6	141.236	141.057
Cl37	34424.8	0.0689566	98877.9	277.481	277.117
Cl35	32564.6	0.162046	99562.7	514.381	514.119
Cl35	32564.6	0.0963401	99285.3	400.113	399.924
Cl35	32564.6	0.0720938	98415.4	114.11	113.995
Cl35	32564.6	1.03671	99772.2	589.464	588.071
Cl35	32564.6	0.332932	98937	303.635	303.061
Cl35	32564.6	0.222884	98850.1	256.702	256.437
Cl35	32564.6	0.0735176	98373.3	87.0337	86.9474
Na23	21409.2	0.120823	99255.8	420.774	420.604
Cl37	34424.8	0.0890063	98626.2	179.651	179.558
Na23	21409.2	0.12134	98435.3	67.2094	66.8773
Cl35	32564.6	0.10381	99992.1	663.95	663.549
Cl35	32564.6	0.488458	98580.3	177.641	176.799
Na23	21409.2	0.230113	99646	517.278	517.011
Na23	21409.2	0.279903	99254.5	350.663	350.085
Na23	21409.2	0.19614	98424.1	103.801	103.418
Na23	21409.2	0.105596	99027.8	310.854	310.548
Cl35	32564.6	0.487175	99720.4	561.3	560.721
Na23	21409.2	0.183018	99786.7	592.812	592.403
Cl35	32564.6	0.157953	99995.7	665.036	664.579
Cl35	32564.6	0.20596	99136.4	307.802	307.541
Na23	21409.2	0.171719	98518.2	144.241	144.033
Cl37	34424.8	0.14944	98336.2	31.6621	31.4693
Cl35	32564.6	0.0678208	99415.2	447.088	446.982
Cl35	32564.6	0.0872769	98754.5	213.159	212.993
Cl35	32564.6	0.14494	99521.1	496.416	496.226
Cl35	32564.6	0.450979	99058.3	341.101	340.65
Na23	21409.2	0.131216	98353.4	89.6499	89.336
Cl35	32564.6	0.085824	99804.8	606.097	605.809
Na23	21409.2	0.144824	99396.8	450.623	450.399
Na23	21409.2	0.269115	98319.9	53.3883	52.8802
Cl35	32564.6	0.0848228	98439.6	94.4883	94.2827
Cl35	32564.6	0.105161	99339.4	438.72	438.542
Cl37	34424.8	0.0739404	98390.4	89.0875	87.9158
Cl35	32564.6	0.080615	98385.8	92.497	92.3954
Cl35	32564.6	0.272282	99716.3	556.914	556.543
Cl37	34424.8	0.126412	98579.4	155.091	154.731
Cl35	32564.6	0.108701	98805.8	236.307	236.127
Cl35	32564.6	0.0967711	98396.8	101.52	100.355
Cl35	32564.6	0.0965588	98568.5	158.259	158.14
Cl35	32564.6	0.0753464	99779.1	578.642	578.514
Cl35	32564.6	0.16152	98498.4	121.665	121.319
Na23	21409.2	0.13545	99302.3	403.494	403.244
Na23	21409.2	0.134642	99229.1	395.333	395.168
Na23	21409.2	0.384635	98753.8	234.802	234.369
Cl35	32564.6	0.160495	98624.1	204.492	204.26
Cl35	32564.6	0.245426	98793.4	217.431	216.961
Cl35	32564.6	0.0703064	99066.1	355.462	355.148
Cl35	32564.6	0.252764	98717.6	214.104	213.761
Na23	21409.2	0.126244	98311	42.692	42.3823
Na23	21409.2	0.130045	99958.2	651.43	651.254
Na23	21409.2	0.119042	98611.9	197.337	197.192
Cl35	32564.6	0.153371	98432.1	105.406	105.236
Na23	21409.2	0.150299	98904.3	284.036	283.591
Cl37	34424.8	0.0686583	98641.4	199.072	198.914
Na23	21409.2	0.113479	98921.4	300.227	299.975
Na23	21409.2	0.114569	99373.8	462.47	462.246
Cl35	32564.6	0.141983	99707.8	542.064	541.86
Na23	21409.2	0.108394	99686.5	562.81	562.502
Cl37	34424.8	0.0843332	99121.5	342.375	342.112
Cl35	32564.6	0.0796297	99605.6	510.076	509.995
Cl35	32564.6	0.0926893	99420.4	456.807	456.443
Na23	21409.2	0.171408	98720.6	210.938	210.745
Cl35	32564.6	0.0991898	99451.8	455.521	455.084
Na23	21409.2	0.209153	98317.7	83.1606	82.9005
Na23	21409.2	0.177591	99679.7	546.036	545.763
Cl35	32564.6	0.148628	98501.5	143.65	143.458
Cl35	32564.6	0.205217	99450.5	497.016	496.558
Na23	21409.2	0.341772	98514.1	162.148	161.788
Cl35	32564.6	0.110642	99748.6	580.178	579.781
Na23	21409.2	0.184115	99402.2	452.555	452.358
Cl37	34424.8	0.23239	98706.2	198.381	197.817
Na23	21409.2	0.236691	98481.3	143.102	142.698
Cl35	32564.6	0.152734	98761.6	210.324	209.701
Cl37	34424.8	0.240931	99876.7	591.664	591.325
Cl35	32564.6	0.108886	98257.3	35.7704	35.6332
Na23	21409.2	0.120236	99571.8	517.837	517.55
Cl35	32564.6	0.0781393	98331.7	66.5864	66.2746
Cl35	32564.6	0.068907	98474.4	97.8026	97.6338
Cl35	32564.6	0.161479	98567.3	176.713	176.478
Cl35	32564.6	0.0917562	98933.3	285.247	284.855
Cl35	32564.6	0.0897883	98554.9	176.16	176.012
Cl37	34424.8	0.10181	99547	512.025	511.894
Na23	21409.2	0.431328	99200.3	385.154	384.354
Na23	21409.2	0.192659	98974.5	306.572	306.181
Na23	21409.2	0.518461	98397.7	107.891	107.305
Na23	21409.2	0.326612	98505.9	147.543	146.779
Na23	21409.2	0.281845	98352.3	72.9048	72.5853
Cl35	32564.6	0.0870933	99779.4	594.572	594.402
Cl37	34424.8	0.0640347	98983.4	309.338	309.235
Na23	21409.2	0.159506	98453.6	86.5179	86.3421
Cl37	34424.8	0.0665146	99298.9	405.462	405.187
Na23	21409.2	0.242012	98313	45.8186	45.5554
Cl35	32564.6	0.111953	98257.6	34.2684	34.0781
Na23	21409.2	0.156533	99565.3	497.418	496.978
Cl37	34424.8	0.124975	99227.1	388.351	388.076
Na23	21409.2	0.154191	99922.1	622.023	621.661
Cl35	32564.6	0.318807	99435.9	464.269	463.894
Cl35	32564.6	0.159023	98627.3	191.272	190.898
Na23	21409.2	0.1969	99298.6	415.77	415.553
Cl35	32564.6	0.0964119	99648.3	535.547	535.365
Cl37	34424.8	0.183435	98507.7	145.602	145.398
Na23	21409.2	0.380034	98449.7	135.318	134.834
Na23	21409.2	0.132901	99543.2	509.228	509.094
Cl35	32564.6	0.102006	98835	283.825	283.702
Cl35	32564.6	0.163591	99100.5	367.557	367.385
Cl35	32564.6	0.256508	98700.1	223.671	223.375
Cl35	32564.6	0.170551	99665.2	544.852	544.488
Na23	21409.2	0.27397	98306.1	31.8827	31.5944
Na23	21409.2	0.152593	99271.2	359.112	358.77
Cl35	32564.6	0.403302	99669.9	551.511	551
Na23	21409.2	0.277997	98829.3	248.403	247.714
Na23	21409.2	0.113478	98833.8	273.195	273.021
Na23	21409.2	0.104369	99772.2	594.069	593.781
Cl35	32564.6	0.112349	99914.8	641.467	641.198
Cl35	32564.6	0.102381	98351.7	72.0761	71.8198
Cl35	32564.6	0.0774363	99012.5	334.151	333.95
Cl35	32564.6	0.0859886	98997.2	319.393	318.789
Na23	21409.2	0.951604	98714.5	217.761	216.617
Na23	21409.2	0.12932	98333	59.241	59.1066
Cl35	32564.6	0.0744274	98609.9	168.003	167.767
Cl35	32564.6	0.118109	99223.8	381.048	380.913
Cl35	32564.6	0.127811	99334.8	442.836	442.537
Na23	21409.2	0.133165	99134.4	311.167	310.932
Cl35	32564.6	0.184995	98579.9	177.033	176.674
Na23	21409.2	0.394761	98904.6	284.014	283.589
Na23	21409.2	0.166956	98200.7	27.1332	26.2737
Cl35	32564.6	0.120098	98462.3	142.648	142.521
Cl35	32564.6	0.0696575	99618.1	529.504	528.576
Cl35	32564.6	0.507	98971.9	296.058	295.546
Cl35	32564.6	0.211259	98577.6	165.607	165.107
Cl35	32564.6	0.0915137	99684.2	541.223	540.981
Na23	21409.2	0.17289	99135.4	374.627	374.28
Na23	21409.2	0.105912	99336.5	443.121	442.917
Cl35	32564.6	0.0745636	99524.7	506.598	506.389
Na23	21409.2	0.112497	98778.7	245.441	245.096
Cl35	32564.6	0.081993	98403.9	51.4345	51.3377
Cl35	32564.6	0.0759573	99702.9	540.458	540.199
Cl35	32564.6	0.0920023	98269.8	12.3972	12.2892
Na23	21409.2	0.109248	98552.5	155.566	155.395
Cl35	32564.6	0.067907	98206	33.6331	33.1191
Na23	21409.2	0.106157	98575.2	149.748	149.635
Na23	21409.2	0.117483	98553.4	144.91	144.767
Cl35	32564.6	0.11361	99904.8	637.473	636.635
Cl35	32564.6	0.122778	99893.4	635.374	634.896
Cl35	32564.6	0.0878805	99638.7	531.62	531.503
Cl35	32564.6	0.604961	99516.2	493.19	492.548
Cl35	32564.6	0.0966476	99224.3	387.162	387
Na23	21409.2	0.319876	99509.7	496.717	496.291
Cl35	32564.6	0.403317	99150	362.255	361.837
Cl37	34424.8	0.180043	99692.7	550.596	550.273
Cl35	32564.6	0.402586	98840.4	279.394	278.943
Cl37	34424.8	0.119631	99867.1	613.744	613.278
Cl35	32564.6	0.0932246	99689.5	556.943	556.762
Na23	21409.2	0.12799	99128.4	377.992	377.667
Na23	21409.2	0.116418	99789.2	595.08	594.96
Cl35	32564.6	0.0772289	98315	10.0507	9.87266
Cl35	32564.6	0.0718685	99089	335.008	334.845
Cl35	32564.6	0.113342	98413.2	101.626	101.468
Na23	21409.2	0.101472	98471.9	156.539	156.291
Cl35	32564.6	0.0735594	98310.5	61.0536	60.6296
Na23	21409.2	0.118702	99363.8	425.585	425.369
Cl35	32564.6	0.144008	98332.4	85.4327	85.1964
Cl37	34424.8	0.142903	98440.7	121.187	121.018
Cl35	32564.6	0.0722474	99843.7	583.678	583.546
Na23	21409.2	0.294613	99223.8	398.635	398.219
Na23	21409.2	3.53019	99665.8	549.987	546.351
Cl37	34424.8	0.0791083	99319.5	423.46	422.713
Na23	21409.2	0.600268	98766.3	207.36	206.738
Na23	21409.2	0.114653	99964.8	654.494	654.081
Na23	21409.2	0.24962	99340	412.436	412.078
Cl35	32564.6	0.0673184	98805.1	253.396	253.185
Na23	21409.2	0.203029	99331.1	427.036	426.795
Na23	21409.2	0.594528	99142.5	372.2	371.598
Na23	21409.2	1.09743	98734.1	220.337	219.024
Cl35	32564.6	0.137986	99059.6	326.447	326.251
Cl35	32564.6	0.119407	98852.4	259.788	259.339
Na23	21409.2	0.121351	99218.7	410.175	409.997
Cl35	32564.6	0.108972	99294.9	402.245	402.12
Na23	21409.2	0.167544	98917.9	287.427	286.949
Na23	21409.2	0.165287	98897.1	288.415	288.186
Na23	21409.2	0.253805	99011.5	308.876	308.282
Na23	21409.2	0.284593	98826.2	255.435	254.87
Cl35	32564.6	0.0884545	99184.2	383.928	383.703
Cl37	34424.8	0.17867	99685.1	559.479	559.146
Cl35	32564.6	0.075669	99652.6	545.566	545.48
Cl37	34424.8	0.0635077	99760.9	581.816	581.678
Na23	21409.2	0.259384	99196.8	400.533	400.207
Cl35	32564.6	0.243646	99727.6	576.738	576.367
Cl35	32564.6	0.109546	99733.6	566.101	565.939
Na23	21409.2	0.257385	99085	337.205	336.886
Na23	21409.2	0.359659	98882	258.627	258.107
Na23	21409.2	0.150136	98626.5	157.455	157.241
Cl35	32564.6	0.110393	98676.4	211.793	211.276
Na23	21409.2	0.147171	99915.6	632.886	632.579
Na23	21409.2	0.10283	98301.1	70.728	70.5622
Na23	21409.2	0.118045	99999.8	666.085	665.905
Cl35	32564.6	0.108808	98599.9	182.952	182.814
Cl37	34424.8	0.261945	99234.8	378.042	377.735
Cl35	32564.6	0.18284	98300	71.281	70.9832
Cl35	32564.6	0.0858967	99860.8	618.379	618.141
Cl35	32564.6	0.108909	99751.3	568.278	567.794
Cl35	32564.6	0.173776	98363.9	95.0507	94.7633
Na23	21409.2	0.139718	99972.4	629.148	628.936
Cl35	32564.6	0.105266	98272.2	47.6012	47.4228
Cl35	32564.6	0.158868	99767.1	587.591	587.313
Cl37	34424.8	0.0847993	98679	203.31	203.019
Na23	21409.2	0.163346	99758.3	570.888	570.67
Cl37	34424.8	0.148689	99937	645.493	645.339
Cl35	32564.6	0.0944389	99289.2	401.134	400.875
Na23	21409.2	0.142843	99404.9	426.574	426.295
Cl35	32564.6	0.38582	98580.6	173.091	172.565
Cl35	32564.6	0.127572	98245.2	34.3834	34.1607
Cl35	32564.6	0.0689195	98237.5	43.0407	42.8664
Cl37	34424.8	0.0874174	99960.6	652.545	652.404
Na23	21409.2	0.1812	98235.9	37.8658	37.6099
Cl35	32564.6	0.271063	98490.6	146.207	145.843
Na23	21409.2	0.219194	99532.6	499.342	499.002
Cl35	32564.6	0.155907	98388.7	76.6641	76.498
Na23	21409.2	1.16102	98944.7	282.026	280.832
Cl35	32564.6	0.118709	98698.2	202.362	202.005
Cl35	32564.6	0.0784784	99085.2	319.957	319.872
Cl35	32564.6	0.0728056	98595	189.01	188.75
Na23	21409.2	0.406631	99666.7	548.436	547.974
Cl37	34424.8	0.112587	99607.7	484.985	484.85
Cl35	32564.6	0.159245	99906	629.809	629.296
Cl35	32564.6	0.0769623	99166.6	366.217	365.848
Na23	21409.2	0.26353	98433.5	104.531	103.958
Cl35	32564.6	0.167201	99811.8	595.263	594.74
Cl37	34424.8	0.277412	98449.8	101.202	100.841
Cl35	32564.6	0.113178	99355	455.72	455.517
Cl35	32564.6	0.177214	98597.4	160.465	160.198
Na23	21409.2	0.12781	99546.4	520.915	520.774
Na23	21409.2	0.127933	99836	599.009	598.86
Cl35	32564.6	0.0731637	98567.6	187.064	186.941
Na23	21409.2	0.330904	99942.1	645.823	645.467
Cl35	32564.6	0.0667352	98819.3	254.099	253.804
Na23	21409.2	0.151959	99673.9	560.997	560.712
Cl35	32564.6	0.0739028	98512.4	156.571	156.409
Na23	21409.2	0.779392	99887.2	630.343	629.448
Na23	21409.2	0.104383	98230.6	43.7634	43.6326
Cl35	32564.6	0.629532	98662.8	211.066	210.109
Cl35	32564.6	0.0754571	99697.6	558.665	558.345
Cl35	32564.6	0.08741	99939.3	645.564	645.369
Cl35	32564.6	0.0813357	99844.1	602.78	602.509
Cl35	32564.6	0.192548	99199.3	374.723	374.268
Cl35	32564.6	0.080813	98902.6	281.172	281.081
Cl37	34424.8	0.0834491	99361.6	426.003	425.733
Cl35	32564.6	0.211556	99514.3	513.876	513.616
Na23	21409.2	1.02005	98774.9	229.513	228.475
Cl35	32564.6	0.706959	98700.3	220.028	219.25
Cl35	32564.6	0.0868202	98717.5	199.543	199.415
Na23	21409.2	0.160022	99576.6	528.579	528.097
Na23	21409.2	0.217731	99158.4	382.525	382.249
Na23	21409.2	0.198885	99987	662.303	661.939
Na23	21409.2	0.102686	98658.5	194.778	194.411
Cl35	32564.6	0.275596	98610.1	190.445	190.168
Na23	21409.2	0.145089	99164.5	368.021	367.243
Cl35	32564.6	0.0679467	98376.3	92.5347	92.2137
Cl35	32564.6	0.083983	99673.1	550.895	550.785
Cl35	32564.6	0.19253	98992.5	305.659	305.217
Cl35	32564.6	0.092895	98759.5	231.6	231.505
Na23	21409.2	0.1432	98483	84.1176	83.791
Cl35	32564.6	0.0895958	98561.2	152.151	151.889
Na23	21409.2	0.152709	98476.8	97.7027	97.4122
Cl35	32564.6	0.106581	99787.8	588.292	588.141
Na23	21409.2	0.216633	99676	547.46	547.178
Na23	21409.2	0.246988	98875	269.043	268.769
Na23	21409.2	0.155866	98667.9	175.425	175.214
Na23	21409.2	0.125206	99859.4	613.332	612.748
Na23	21409.2	0.237017	99816.6	590.211	589.791
Na23	21409.2	0.110841	98950.1	318.097	317.832
Cl37	34424.8	0.084691	99784.2	560.754	560.602
Cl35	32564.6	0.0727057	99305.8	419.724	419.591
Na23	21409.2	0.291178	98239.4	37.0136	36.6439
Cl35	32564.6	0.17277	98340.7	41.4247	41.0373
Na23	21409.2	0.138455	99627.5	541.236	540.854
Cl35	32564.6	0.121251	99601.3	509.615	509.493
Cl35	32564.6	0.105395	99230.4	387.601	387.064
Na23	21409.2	0.546107	98725.9	236.616	236.059
Cl35	32564.6	0.169522	98701.3	188.462	188.27
Cl35	32564.6	0.110098	98997.8	332.626	332.357
Na23	21409.2	0.17192	99801.3	591.505	591.279
Cl37	34424.8	0.241396	99753	578.278	577.586
Cl35	32564.6	0.130255	98605.5	166.822	166.549
Na23	21409.2	0.101803	98641.4	178.539	178.346
Na23	21409.2	0.152919	98396.7	114.019	113.827
Na23	21409.2	0.232354	98399.7	113.61	113.224
Cl35	32564.6	0.0954084	99489	481.095	480.949
Na23	21409.2	0.101613	98990	316.306	316.079
Na23	21409.2	0.198861	98502.2	132.349	132.114
Cl37	34424.8	0.0679054	99242.6	413.672	413.294
Cl37	34424.8	0.10934	98659.2	209.271	208.76
Cl35	32564.6	0.0875015	98399.5	89.7538	89.5452
Na23	21409.2	0.103803	99108.9	361.606	361.264
Cl35	32564.6	0.0869671	99771.9	591.352	591.168
Na23	21409.2	0.615164	99926.9	638.534	637.867
Na23	21409.2	0.165473	99617.3	530.96	530.459
Cl35	32564.6	0.0816838	98591.8	183.223	183.113
Cl35	32564.6	0.14369	99686.5	560.46	560.015
Cl37	34424.8	0.098323	99048.4	347.052	346.684
Cl37	34424.8	0.163079	99917.5	636.907	636.671
Cl35	32564.6	0.157816	99398.8	427.34	427.018
Na23	21409.2	0.115444	98422	109.35	108.862
Cl35	32564.6	0.0818205	98740.7	235.804	235.525
Cl35	32564.6	0.0853561	98980.7	277.322	277.11
Na23	21409.2	0.603012	98653.9	187.056	186.398
Cl35	32564.6	0.399612	98438.5	80.6231	80.002
Cl35	32564.6	0.20956	98496.9	124.169	123.924
Cl35	32564.6	0.0944397	98373.3	61.9836	61.6031
Cl35	32564.6	0.21093	99326.8	401.492	400.904
Cl35	32564.6	0.109668	99099.7	364.638	364.514
Na23	21409.2	0.294057	98697.7	211.309	210.684
Na23	21409.2	0.316174	98427.2	94.1165	93.5564
Cl35	32564.6	0.0969261	99399.1	452.274	452.124
Cl37	34424.8	0.0707493	99813.5	599.618	599.098
Cl35	32564.6	0.198093	98650.9	164.139	163.407
Cl37	34424.8	0.18044	98561.5	164.38	164.185
Cl35	32564.6	0.241122	99099	364.121	363.748
Cl35	32564.6	0.102077	99816.5	602.354	602.252
Cl37	34424.8	0.0664741	98319.2	50.5874	50.2529
Cl37	34424.8	0.11458	98906.7	292.806	292.655
Na23	21409.2	0.117634	99780.9	595.322	595.166
Na23	21409.2	0.115761	99184.5	385.97	385.789
Na23	21409.2	0.105817	99846.8	613.621	613.481
Cl35	32564.6	0.376889	99035.9	347.646	347.03
Cl35	32564.6	0.172041	98269.9	55.1934	54.8111
Na23	21409.2	0.122432	98257.4	21.2856	21.0842
Cl35	32564.6	0.0890945	98220.9	16.1707	15.9721
Cl37	34424.8	0.0637703	98941.4	260.087	260.013
Na23	21409.2	0.10746	98651.9	202.951	202.822
Na23	21409.2	0.168688	98558.3	159.357	159.101
Na23	21409.2	0.108585	99080.1	337.053	336.928
Cl35	32564.6	0.151895	99427.7	441.416	441.163
Cl35	32564.6	0.072087	99619.9	530.205	529.771
Cl35	32564.6	0.0759054	98870.1	255.988	255.644
Na23	21409.2	0.342263	99173.7	376.251	375.839
Cl35	32564.6	0.146516	98730.2	206.514	206.308
Cl37	34424.8	0.0638809	98453.6	94.8255	94.605
Cl35	32564.6	0.0976485	98417.9	69.295	69.1469
Cl35	32564.6	0.0707643	98378.3	85.305	84.8502
Na23	21409.2	0.204224	98615.9	179.003	178.776
Cl35	32564.6	0.0706252	99501.9	464.765	464.467
Cl35	32564.6	0.116544	98956	305.143	304.793
Cl35	32564.6	0.38036	98993.5	296.742	296.349
Na23	21409.2	0.310551	99998.8	665.808	665.437
Cl35	32564.6	0.135296	98565.6	146.5	146.235
Na23	21409.2	0.2534	99986.1	661.544	661.246
Cl37	34424.8	0.106836	99137.9	368.616	368.35
Cl35	32564.6	0.0778441	98895.6	278.461	278.237
Na23	21409.2	0.137834	98928.5	281.966	281.823
Na23	21409.2	0.105501	99649.7	547.935	547.691
Cl35	32564.6	0.0825084	99120.2	311.623	311.27
Na23	21409.2	0.335593	99204.8	397.787	397.417
Cl37	34424.8	0.223651	99498	489.734	489.416
Cl35	32564.6	0.144844	99523.9	490.914	490.767
Cl35	32564.6	0.113016	99356.2	432.285	432.158
Na23	21409.2	0.147854	98664.9	213.02	212.848
Cl35	32564.6	0.0878213	99377.4	443.009	442.824
Na23	21409.2	0.110062	98564.5	173.234	173.069
Cl35	32564.6	0.110859	98708	214.041	213.821
Na23	21409.2	0.102907	98457.5	132.773	132.621
Cl35	32564.6	0.184681	99063.8	322.144	321.681
Cl37	34424.8	0.0656961	98373.3	109.385	109.173
Cl35	32564.6	0.135329	98803.6	257.341	256.96
Na23	21409.2	0.370629	98552.9	143.438	143.056
Cl35	32564.6	0.070021	99643.5	542.444	542.343
Na23	21409.2	0.177984	99766.2	587.123	586.865
Na23	21409.2	0.201756	99395	460.369	460.137
Na23	21409.2	0.253173	99584.1	529.998	529.633
Na23	21409.2	0.29603	98389.2	77.3421	77.0423
Cl35	32564.6	0.162878	99568.7	506.738	506.521
Na23	21409.2	0.109541	98437.6	33.9462	33.749
Na23	21409.2	0.156203	98232.4	25.9811	25.7893
Cl35	32564.6	0.101836	98634.1	193.393	193.174
Na23	21409.2	0.211586	99842.2	618.177	617.652
Cl35	32564.6	0.251688	99809.1	597.672	597.217
Na23	21409.2	0.102479	98740.4	221.518	221.303
Cl37	34424.8	0.0949318	98306.8	27.1586	27.0528
Cl35	32564.6	0.070976	98677.4	154.715	154.114
Cl35	32564.6	0.452878	99227	400.276	399.738
Cl35	32564.6	0.112738	98219	41.0591	40.921
Cl35	32564.6	0.103878	98524.2	150.386	150.194
Cl37	34424.8	0.0913819	99315.3	391.883	391.773
Na23	21409.2	0.163601	99255.1	371.748	371.394
Cl35	32564.6	0.154435	99797.3	577.686	577.274
Na23	21409.2	0.159853	98412	113.592	113.276
Na23	21409.2	0.132969	99719.7	564.603	564.44
Na23	21409.2	0.201464	98535.4	134.629	134.301
Cl35	32564.6	0.100094	99475.9	483.627	483.439
Na23	21409.2	0.12379	99393.8	450.437	450.284
Na23	21409.2	0.103218	98876.9	256.945	256.633
Na23	21409.2	0.10149	99686.2	559.75	559.619
Cl35	32564.6	0.190736	99699.6	558.309	557.798
Na23	21409.2	0.317724	98783.1	228.953	228.538
Na23	21409.2	0.142949	99810.5	579.187	578.657
Na23	21409.2	0.113608	98522.7	142.122	141.993
Cl35	32564.6	0.169296	99585.5	528.867	528.661
Na23	21409.2	0.126044	98305.8	63.376	63.2177
Na23	21409.2	0.109272	98516.6	127.3	127.146
Na23	21409.2	0.255282	99115.8	349.39	348.544
Cl35	32564.6	0.144791	98227.9	42.8592	42.327
Na23	21409.2	0.13975	99564.4	523.839	523.471
Cl35	32564.6	0.0719069	98709.7	200.914	200.831
Cl35	32564.6	0.260083	98728.1	233.239	232.926
Cl35	32564.6	0.0711156	99943.3	646.964	646.889
Cl37	34424.8	0.209499	98374.8	105.087	104.721
Na23	21409.2	0.103579	99443	475.506	475.341
Cl35	32564.6	0.144118	99002.6	317.175	317.018
Cl35	32564.6	0.106417	99362.5	447.133	447.011
Na23	21409.2	0.234778	98619.1	147.491	146.749
Na23	21409.2	0.104457	98344.6	61.0829	60.9741
Na23	21409.2	0.182425	99602.9	520.828	520.463
Na23	21409.2	0.399179	98977.3	253.875	253.405
Cl35	32564.6	0.0851087	98359.1	47.314	47.0328
Na23	21409.2	0.139217	98314.6	24.462	24.0953
Cl35	32564.6	0.100223	98896.3	274.519	274.211
Cl35	32564.6	0.109464	98524.7	132.168	132.043
Na23	21409.2	0.649869	99696.4	562.343	561.295
Cl35	32564.6	0.138848	99880.2	625.978	625.723
Cl35	32564.6	0.39419	98722.5	192.966	192.424
Cl35	32564.6	0.308509	98422.1	111.268	110.847
Cl35	32564.6	0.0933979	98916.1	284.275	284.157
Na23	21409.2	0.26959	99025.2	290.541	290.089
Na23	21409.2	1.24216	99907.5	636.906	635.617
Cl35	32564.6	0.0976193	99353.8	414.1	413.89
Cl35	32564.6	0.214089	99490.2	498.486	497.869
Cl37	34424.8	0.0867718	99698	555.241	555.149
Cl35	32564.6	0.0794131	98925.4	293.137	292.972
Cl37	34424.8	0.10907	98644.8	183.625	183.497
Na23	21409.2	0.175488	99884.6	624.065	623.736
Na23	21409.2	0.239196	99291	432.432	431.605
Cl35	32564.6	0.0927517	98791.6	252.21	251.539
Cl35	32564.6	0.0791136	98356.8	84.4827	84.2992
Cl35	32564.6	0.114293	98908.6	281.866	281.656
Cl37	34424.8	0.104082	99795.3	591.859	591.485
Na23	21409.2	0.118125	99465.1	483.968	483.691
Na23	21409.2	0.170084	99043.3	328.166	327.937
Cl35	32564.6	0.101387	98850.8	270.706	270.545
Na23	21409.2	0.151842	98857.5	261.459	261.137
Cl35	32564.6	0.235612	99294	399.852	399.551
Cl35	32564.6	0.129166	99422.2	462.964	462.816
Cl35	32564.6	0.0790967	99491.2	475.273	475.095
Cl35	32564.6	0.100219	99601.6	518.399	518.252
Na23	21409.2	0.151988	99028.6	333.827	333.073
Cl35	32564.6	0.0865898	99907.2	634.453	634.106
Cl35	32564.6	0.0688602	98735.6	215.073	214.86
Na23	21409.2	0.216122	99245.2	400.609	400.388
Cl37	34424.8	0.0660399	98937.6	287.215	286.843
Cl35	32564.6	0.0712124	98303.7	67.2116	67.1191
Cl35	32564.6	0.105492	98298.3	83.9964	83.841
Cl37	34424.8	0.727269	99025.9	332.396	331.33
Cl35	32564.6	0.335517	99079.3	331.897	330.572
Na23	21409.2	0.97948	98834	255.315	254.122
Cl35	32564.6	0.16337	98911	303.4	303.208
Na23	21409.2	0.198673	99436.5	427.638	427.381
Cl35	32564.6	0.103596	98752.8	210.517	210.412
Cl35	32564.6	0.112487	98769.2	192.609	192.363
Cl35	32564.6	0.0701228	98510.9	133.102	132.983
Na23	21409.2	0.468798	98431.8	99.19	98.5734
Cl35	32564.6	0.169738	98932.3	302.483	302.298
Na23	21409.2	0.153	98528.8	151.146	150.979
Cl35	32564.6	0.0800201	98930.1	292.135	292.037
Na23	21409.2	0.358739	98734.5	189.525	189.052
Na23	21409.2	0.106407	99426.7	461.879	461.726
Cl37	34424.8	0.100186	99876.4	616.238	616.137
Cl35	32564.6	0.0849321	98777	260.891	260.431
Cl35	32564.6	0.563223	99845.4	609.988	609.413
Cl37	34424.8	0.453969	99268.3	406.855	406.244
Cl35	32564.6	0.40319	99256.1	405.099	404.411
Cl35	32564.6	0.0667999	98448	127.528	126.947
Cl35	32564.6	0.0832824	99172.6	385.825	385.701
Na23	21409.2	0.117532	98507	152.05	151.889
Cl35	32564.6	0.0758942	99977.3	656.869	656.781
Cl35	32564.6	0.151553	98501.5	125.03	124.845
Cl35	32564.6	0.29324	99323	444.202	443.779
Na23	21409.2	0.200652	98241.4	49.9999	49.1453
Cl35	32564.6	0.136843	98390.2	94.9301	94.4429
Cl35	32564.6	0.0717833	98241.1	6.02965	5.8624
Cl35	32564.6	0.0816623	98581.4	180.263	180.131
Cl35	32564.6	0.0889614	98768.8	228.649	228.444
Na23	21409.2	0.116994	98789.5	223.498	223.351
Cl35	32564.6	0.223059	99260.4	388.382	387.972
Na23	21409.2	0.176033	98994.3	291.619	291.279
Cl35	32564.6	0.160873	98702.8	208.757	208.262
Na23	21409.2	0.178596	98265.3	43.7884	43.6035
Cl35	32564.6	0.0900213	98603.7	134.637	134.367
Na23	21409.2	0.308096	99674.9	548.207	547.544
Cl35	32564.6	0.116036	98468.9	88.5298	88.1237
Cl37	34424.8	0.117513	98756.6	223.067	222.929
Cl35	32564.6	0.0746009	98725.4	238.15	237.859
Na23	21409.2	0.108748	98715.6	227.86	227.694
Na23	21409.2	0.101716	98875.7	250.249	250.032
Cl35	32564.6	0.159209	99110	338.348	338.176
Na23	21409.2	0.338411	98907.5	261.909	261.463
Cl35	32564.6	0.0806678	98669.6	208.013	207.93
Na23	21409.2	0.34999	98820.4	262.894	262.52
Cl35	32564.6	0.0759423	98510.3	128.629	127.828
Na23	21409.2	0.14082	98496.8	114.705	114.315
Cl35	32564.6	0.0960979	98284	34.6295	34.5097
Na23	21409.2	0.115952	98263.8	41.9277	41.7256
Na23	21409.2	0.192731	99592.6	527.341	527.049
Cl37	34424.8	0.071578	98651.3	189.47	189.219
Na23	21409.2	0.182776	99998.7	665.681	665.442
Cl35	32564.6	0.0811846	99720.5	563.101	562.726
Cl35	32564.6	0.093119	99170.5	375.643	375.486
Cl35	32564.6	0.0700366	98532.9	160.494	160.38
Cl37	34424.8	0.38646	98850.4	258.61	258.128
Na23	21409.2	0.160147	98638	205.556	205.378
Cl35	32564.6	0.120858	98771.5	232.68	232.43
Cl35	32564.6	0.1053	98309.2	43.9412	43.7931
Cl35	32564.6	0.118989	99755	579.762	579.556
Na23	21409.2	0.121036	99586.9	525.558	525.042
Na23	21409.2	0.130454	98310.1	50.6021	50.2426
Cl37	34424.8	0.0842756	99784.3	585.13	584.989
Na23	21409.2	0.111371	98652.6	186.055	185.895
Na23	21409.2	0.126206	99127.1	366.813	366.64
Cl35	32564.6	0.197021	99027.6	327.232	326.774
Cl35	32564.6	0.128135	98971	318.979	318.698
Na23	21409.2	0.156236	99410.9	474.971	474.298
Cl37	34424.8	0.12996	98873.5	278.93	278.78
Cl35	32564.6	0.0891743	98528.6	144.983	144.802
Cl35	32564.6	0.124226	99454.2	476.889	476.702
Cl35	32564.6	0.0777031	99495.8	482.923	482.79
Cl35	32564.6	0.166676	98749.1	216.67	216.031
Cl37	34424.8	0.103653	99770.7	583.824	583.584
Cl35	32564.6	0.113611	98559.9	159.709	159.457
Cl37	34424.8	0.0810093	99004.4	331.412	331.269
Na23	21409.2	1.90567	99075.6	353.584	351.643
Cl35	32564.6	0.258466	98825.7	262.724	262.369
Na23	21409.2	0.194773	98373.7	61.3994	60.8618
Na23	21409.2	1.44096	99066.3	337.307	335.702
Na23	21409.2	0.13765	99020.8	340.94	340.585
Cl35	32564.6	0.37934	98764.2	197.901	197.077
Na23	21409.2	0.575226	99790	601.299	600.457
Na23	21409.2	0.179652	99866.6	616.608	616.384
Cl35	32564.6	0.232672	99390.1	454.911	454.543
Cl37	34424.8	0.13725	98439.9	101.646	101.378
Na23	21409.2	0.135379	99982.1	661.475	660.727
Na23	21409.2	1.94026	99762.8	579.28	577.086
Cl37	34424.8	0.10412	99251.2	408.141	407.625
Cl35	32564.6	0.0870172	99962.1	654.903	654.279
Cl35	32564.6	0.069218	98510.9	79.1039	78.5774
Cl35	32564.6	0.0998409	98898.8	292.034	291.828
Na23	21409.2	0.257778	99246.3	408.721	408.367
Cl37	34424.8	0.0645251	99567.7	527.153	526.587
Na23	21409.2	0.145478	99186.3	368.2	367.976
Na23	21409.2	0.115176	99476.7	498.579	498.06
Cl35	32564.6	0.0694804	98476.3	146.66	146.547
Cl35	32564.6	0.0945126	98840.4	240.557	240.458
Na23	21409.2	0.116954	99156.5	357.037	356.715
Cl35	32564.6	0.0733604	98855.2	274.552	274.386
Na23	21409.2	0.153645	99293.8	416.362	415.989
Na23	21409.2	0.238005	98235.6	35.9334	35.609
Cl35	32564.6	0.105351	99353.5	453.568	453.406
Cl35	32564.6	0.0910809	98915.9	314.876	314.671
Cl37	34424.8	0.0665493	98597.7	176.659	176.469
Cl35	32564.6	0.0901152	98336.5	44.9195	44.7965
Cl35	32564.6	1.95589	98610	169.47	167.241
Na23	21409.2	0.117342	99376.4	438.616	438.485
Cl37	34424.8	0.139548	98904.2	301.869	301.676
Cl35	32564.6	0.0947119	98527.6	158.95	158.854
Na23	21409.2	0.300478	99419.5	454.404	454.044
Cl35	32564.6	0.083991	98332.6	64.1475	64.0033
Na23	21409.2	0.121273	98338.5	68.372	67.9378
Na23	21409.2	0.11014	99099.2	354.83	354.711
Cl35	32564.6	0.0739848	99968.3	643.363	643.171
Cl35	32564.6	0.0884272	99141.6	382.231	382.047
Cl37	34424.8	0.0976215	99015.1	345.717	345.428
Na23	21409.2	0.104317	98214.6	23.108	22.9442
Na23	21409.2	0.154875	99943.7	649.566	648.801
Cl35	32564.6	0.217095	99692.2	560.975	560.44
Cl37	34424.8	0.109547	99985	661.643	661.274
Na23	21409.2	0.125811	98318.3	50.2004	50.0104
Cl35	32564.6	0.151231	98471.5	141.12	140.763
Cl35	32564.6	0.0837809	98613.8	193.47	193.338
Na23	21409.2	0.117331	99634.7	542.429	542.261
Na23	21409.2	0.204836	98823.4	254.019	253.745
Cl35	32564.6	0.0878493	98711.4	235.94	235.447
Na23	21409.2	0.370226	98861.8	263.558	263.13
Cl37	34424.8	0.0717421	99664.4	562.144	561.779
Na23	21409.2	0.154738	99414.7	461.036	460.773
Cl35	32564.6	0.0736541	99783.2	597.808	597.386
Cl37	34424.8	0.0858751	98385.3	97.6248	97.4359
Cl37	34424.8	0.0759799	99259.5	410.64	410.42
Cl35	32564.6	0.126662	98657.1	203.768	203.435
Cl35	32564.6	0.0737533	98327.8	65.2416	65.1201
Cl35	32564.6	0.615253	98847.6	254.504	253.832
Cl37	34424.8	0.110192	98550	144.272	144.041
Na23	21409.2	0.136537	99719.7	571.96	571.822
Na23	21409.2	0.171647	99355.7	437.951	437.583
Cl35	32564.6	0.0864349	98517.6	147.581	147.024
Na23	21409.2	0.135688	98335.4	83.214	83.0626
Cl35	32564.6	0.0683762	99901	631.699	631.565
Cl35	32564.6	0.0727106	99427.1	457.595	457.448
Cl35	32564.6	0.0896251	99578.2	519.389	519.295
Cl35	32564.6	0.0725037	98800.3	242.222	242.134
Na23	21409.2	0.169399	99261.6	390.943	390.646
Cl35	32564.6	0.0761084	98420.4	93.3025	93.2205
Na23	21409.2	0.217986	98283.9	16.5781	16.269
Cl35	32564.6	0.0716844	99643.4	545.162	544.7
Na23	21409.2	0.145677	99937.5	647.096	646.848
Cl37	34424.8	0.125668	98806.6	258.697	258.49
Cl35	32564.6	0.126427	98625.2	177.552	177.397
Cl35	32564.6	0.132785	98370.3	87.2916	87.0499
Cl35	32564.6	0.0919995	98946	267.994	267.749
Na23	21409.2	1.02121	99719.4	566.798	565.734
Cl35	32564.6	0.104863	99951.2	652.562	651.813
Cl35	32564.6	0.0711436	98376.2	101.839	101.73
Na23	21409.2	0.341072	99108.3	362.565	361.95
Na23	21409.2	0.387266	98230.3	37.5159	37.0992
Cl35	32564.6	0.533277	98432.6	101.672	101.116
Cl37	34424.8	0.120032	98578.2	151.488	151.22
Na23	21409.2	0.568203	98516.3	156.652	156.044
Na23	21409.2	0.145889	98407.1	98.2189	98.0475
Cl35	32564.6	0.170501	99653	534.997	534.683
Na23	21409.2	0.129782	98586.4	178.304	177.803
Cl37	34424.8	0.0734279	98760.1	232.223	231.984
Na23	21409.2	0.416183	99777.9	581.934	581.424
Cl35	32564.6	0.200659	98236	37.9223	37.485
Cl37	34424.8	0.352562	99220.5	402.47	401.31
Cl35	32564.6	0.123309	99460.8	471.275	470.701
Na23	21409.2	0.327454	98421.7	99.558	99.1536
Cl35	32564.6	0.12538	98914.7	282.101	281.935
Cl35	32564.6	0.177449	99044.6	284.27	283.835
Cl35	32564.6	0.202226	98884.1	234.023	233.799
Na23	21409.2	0.132663	99940.6	641.869	641.731
Na23	21409.2	0.650906	99942.1	649.279	648.595
Cl35	32564.6	0.0891476	99477.2	449.134	449.001
Na23	21409.2	0.454932	99403.9	434.423	433.919
Cl35	32564.6	0.0920457	99026.8	324.467	324.241
Na23	21409.2	0.111609	99498.9	468.917	468.372
Na23	21409.2	0.174386	99418	463.691	463.356
Cl35	32564.6	0.08915	99579.6	515.641	515.539
Cl37	34424.8	0.11749	99103.9	326.712	326.373
Na23	21409.2	0.121075	98853.4	273.807	273.636
Na23	21409.2	0.246559	98945.9	272.939	272.658
Na23	21409.2	0.144568	99839.1	613.289	612.876
Cl37	34424.8	0.0840717	98747.8	243.522	243.205
Na23	21409.2	0.167642	99913.6	631.191	630.741
Cl37	34424.8	0.0776028	98535.3	163.074	162.804
Cl37	34424.8	0.0760975	98410.2	97.7853	97.5723
Cl35	32564.6	0.279476	98705.4	192.451	192.159
Na23	21409.2	0.255704	99076	342.978	342.656
Na23	21409.2	0.198948	98486.6	95.2388	94.9741
Cl35	32564.6	0.0948007	98265.7	28.5673	28.355
Na23	21409.2	0.177783	98640	185.904	185.643
Na23	21409.2	0.209726	98325	83.8562	83.6423
Cl35	32564.6	0.357624	99832.6	608.92	608.496
Cl35	32564.6	0.0899057	98942.3	279.938	279.617
Cl35	32564.6	0.0948468	99586.6	520.534	520.357
Na23	21409.2	0.35871	99410.2	455.072	454.699
Cl35	32564.6	0.257257	99749.5	585.263	584.768
Na23	21409.2	0.143848	99481.4	488.268	488.023
Cl37	34424.8	0.0643611	99745	550.701	550.49
Cl37	34424.8	0.116066	98418.2	99.0042	98.7836
Cl35	32564.6	0.241277	99502.7	488.22	487.918
Cl35	32564.6	0.324833	98509.3	163.371	162.996
Cl35	32564.6	0.0801152	98644.1	153.895	153.721
Cl35	32564.6	0.0676866	99334.6	401.141	401.008
Cl35	32564.6	0.0709278	98480.9	120.034	119.427
Cl37	34424.8	0.0789865	99941.7	647.569	647.477
Cl37	34424.8	0.0732292	98759.8	199.445	199.327
Cl35	32564.6	0.311499	98669	159.754	159.406
Na23	21409.2	0.211542	98682.9	196.023	195.787
Na23	21409.2	0.11939	98365.8	92.4147	92.2783
Cl35	32564.6	0.0935633	98274.5	59.6457	59.5245
Cl35	32564.6	0.273844	98310.7	59.3499	58.8806
Na23	21409.2	0.196001	98924.9	302.082	301.511
Cl35	32564.6	0.0764126	98806.7	231.51	231.414
Cl35	32564.6	0.0711533	99403.8	461.773	461.58
Cl35	32564.6	0.141493	98519.5	124.148	123.967
Na23	21409.2	0.194738	98174.2	36.1222	35.9002
Cl35	32564.6	0.0888128	98363.5	86.3565	86.0121
