Cl35	32564.6	0.0998958	99632.7	9.47779	9.20592
Na23	21409.2	0.184978	99716.6	57.0985	56.7131
Cl35	32564.6	0.169511	99904.5	139.97	139.475
Na23	21409.2	0.257384	99795.5	97.1523	96.7324
Na23	21409.2	0.117661	99702.5	50.7609	50.6218
Na23	21409.2	0.393805	99999.4	171.808	171.366
Na23	21409.2	0.193829	99791.5	95.778	95.5544
Na23	21409.2	0.104142	99653.4	41.6097	41.366
Cl35	32564.6	0.209954	99917	144.399	143.98
Cl35	32564.6	0.0913662	99826.9	104.995	104.737
Na23	21409.2	0.823993	99886.2	131.529	130.385
Cl35	32564.6	0.0839749	99651.3	16.9983	16.5395
Na23	21409.2	0.122981	99976.3	164.906	164.7
Cl35	32564.6	0.665625	99821	104.548	103.824
Cl35	32564.6	0.115406	99720.7	64.279	64.0901
Na23	21409.2	0.127579	99920.8	141.952	141.687
Cl35	32564.6	0.142506	99667.2	39.9811	39.8241
Na23	21409.2	0.645085	99667	36.2165	35.4833
Cl37	34424.8	0.283011	99991.9	169.119	168.795
Na23	21409.2	0.364506	99830.5	106.159	105.677
Cl35	32564.6	0.232086	99841.5	110.783	110.452
Cl37	34424.8	0.123978	99711.3	68.241	68.0776
Cl35	32564.6	0.156661	99778	89.3347	89.0707
Na23	21409.2	0.146946	99752.6	74.2487	73.944
Cl35	32564.6	0.170012	99795.3	91.0132	90.7565
Na23	21409.2	0.105087	99937.4	151.495	151.352
Cl35	32564.6	0.102584	99874.2	127.335	127.102
Cl35	32564.6	0.502427	99994.9	170.518	169.921
Cl37	34424.8	0.132687	99782.1	92.8059	92.5891
Na23	21409.2	0.414053	99875.8	127.926	127.42
Cl35	32564.6	0.0668762	99680.2	43.9965	43.8113
Cl35	32564.6	0.224694	99713.6	66.8099	66.5213
Na23	21409.2	0.106836	99654.4	30.6507	30.4853
Cl35	32564.6	0.066901	99823	107.923	107.697
Na23	21409.2	0.109898	99887.7	134.039	133.898
Cl35	32564.6	0.0862177	99833.7	106.164	105.827
Cl37	34424.8	0.0700185	99655.2	29.3574	29.2535
Na23	21409.2	0.117282	99910.7	141.483	141.307
Cl35	32564.6	0.117142	99737.7	61.6031	61.1675
Cl35	32564.6	0.0764832	99984.3	166.113	165.761
Cl35	32564.6	0.0698403	99692.2	48.2125	47.9474
Na23	21409.2	0.136339	99680.3	45.1126	44.8966
Na23	21409.2	0.142783	99663	40.4392	40.2201
Na23	21409.2	0.156411	99704.8	50.6353	50.2951
Na23	21409.2	0.105083	99716.3	65.5359	64.9991
Cl37	34424.8	0.121608	99938.4	151.978	151.817
Cl35	32564.6	0.16249	99879.3	130.769	130.603
Cl37	34424.8	0.491068	99689.3	52.1775	51.5409
Na23	21409.2	0.201495	99879.3	128.746	128.302
Na23	21409.2	0.689209	99672.1	43.151	42.3864
Cl35	32564.6	0.152036	99677.9	39.9364	39.7098
Na23	21409.2	0.10183	99838.6	117.048	116.443
Cl35	32564.6	0.144383	99687.5	48.0182	47.5595
Cl35	32564.6	0.162134	99684.1	37.9477	37.6876
Cl35	32564.6	0.078017	99717.1	50.457	50.0309
Cl35	32564.6	0.187568	99686.5	50.4124	50.0801
Cl35	32564.6	0.405181	99702.7	52.3526	51.7342
Na23	21409.2	0.234461	99638.8	20.8696	20.5006
Na23	21409.2	0.151061	99742.7	74.4246	74.1593
Na23	21409.2	0.279675	99735.3	73.3151	72.9477
Cl35	32564.6	0.0881435	99735.7	73.2254	73.1101
Na23	21409.2	0.241969	99974	162.045	161.781
Cl35	32564.6	0.0785716	99947.9	151.755	151.536
Cl37	34424.8	0.123871	99822.7	108.943	108.648
Cl37	34424.8	0.0910452	99886.6	131.278	130.897
Na23	21409.2	0.110487	99646.4	29.5843	29.4475
Na23	21409.2	0.286314	99873.3	128.027	127.464
Na23	21409.2	0.172961	99940.6	152.144	151.894
Na23	21409.2	0.296938	99650.9	20.2838	19.7257
Cl35	32564.6	0.184096	99760.3	77.6816	77.0408
Na23	21409.2	0.172283	99870.4	127.229	126.558
Cl35	32564.6	0.125131	99746.5	68.6831	68.5129
Na23	21409.2	0.135874	99765.6	89.1152	88.6443
Na23	21409.2	0.190729	99948.5	153.054	152.85
Na23	21409.2	0.227297	99716	54.4997	54.0028
Cl37	34424.8	0.270726	99991.3	166.805	166.427
Na23	21409.2	0.170166	99680.7	9.00664	8.80041
Cl35	32564.6	0.098614	99931.6	147.803	147.678
Na23	21409.2	0.632998	99873.5	121.357	120.45
Cl35	32564.6	0.0998372	99736.8	67.2363	67.1051
Na23	21409.2	0.117563	99754.8	82.9349	81.9464
Cl35	32564.6	0.0743192	99644.4	25.4909	25.2251
Na23	21409.2	0.147398	99775.5	89.7624	89.559
Na23	21409.2	0.312458	99672.3	45.4004	45.0352
Cl35	32564.6	0.0881224	99635.2	9.29822	9.05901
Cl35	32564.6	0.0675851	99960.5	159.576	159.443
Na23	21409.2	0.195499	99761.4	81.8969	81.621
Cl35	32564.6	0.0692008	99728	69.8966	69.78
Cl35	32564.6	0.071239	99854.1	119.504	119.361
Cl35	32564.6	0.0714433	99764.1	82.1958	82.0191
Cl37	34424.8	0.065751	99746.6	75.4032	75.1325
Cl35	32564.6	0.0712982	99852.5	117.285	117.128
Na23	21409.2	0.108737	99686.6	46.2398	46.0931
Cl35	32564.6	0.0807547	99645.5	13.4815	13.2726
Cl35	32564.6	0.120343	99689.2	45.2231	44.961
Na23	21409.2	0.207636	99937.6	146.523	146.26
Na23	21409.2	0.171027	99662.1	37.8953	37.6891
Cl35	32564.6	0.368674	99791.6	90.4441	89.974
Na23	21409.2	0.218196	99678.1	45.9448	45.5907
Cl35	32564.6	0.206582	99651.3	32.6775	32.4476
Cl35	32564.6	0.289378	99867.9	117.895	117.573
Na23	21409.2	0.129348	99933.8	142.024	141.81
Na23	21409.2	0.16024	99750.2	82.9979	82.711
Cl35	32564.6	0.121422	99889.3	131.768	131.641
Na23	21409.2	0.219813	99999.1	171.736	171.432
Cl35	32564.6	0.0854891	99860.9	124.547	124.259
Na23	21409.2	0.246015	99648.8	32.507	32.2147
Cl37	34424.8	0.083386	99742.8	73.3455	73.2432
Cl35	32564.6	0.186896	99896.9	133.18	132.801
Cl35	32564.6	0.0883648	99791.8	99.5934	99.4611
Na23	21409.2	0.106998	99769.1	81.651	81.4366
Cl35	32564.6	0.0830458	99867.6	127.829	127.686
Cl35	32564.6	0.0755342	99935.3	149.401	148.922
Cl35	32564.6	0.071005	99873.1	124.235	124.06
Na23	21409.2	0.318439	99702	60.17	59.7014
Cl35	32564.6	0.114459	99840.3	113.515	113.301
Na23	21409.2	0.30491	99812.1	106.562	106.246
Na23	21409.2	0.327598	99965.2	155.922	155.535
Na23	21409.2	0.125747	99904	141.204	140.387
Cl35	32564.6	0.0841375	99741.7	68.4154	68.3061
Cl35	32564.6	0.0806322	99914	140.852	140.769
Cl35	32564.6	0.0677153	99650.2	31.8871	31.803
Cl37	34424.8	0.127194	99814.8	102.305	102.149
Na23	21409.2	0.139288	99854.6	121.061	120.564
Cl35	32564.6	0.0682621	99645.4	24.3911	24.2605
Cl35	32564.6	0.205202	99646.1	26.8635	26.6293
Cl35	32564.6	0.195101	99775.2	92.6078	92.2447
Na23	21409.2	0.104658	99662.2	32.7757	32.5526
Na23	21409.2	0.989622	99906.6	136.058	134.955
Na23	21409.2	0.163218	99828.9	112.631	112.3
Na23	21409.2	0.207099	99953.4	154.816	154.595
Na23	21409.2	0.144497	99930.9	147.866	147.545
Cl35	32564.6	0.104258	99616.8	10.7487	10.6393
Cl35	32564.6	0.0890437	99679.5	53.1786	53.0537
Na23	21409.2	0.427403	99765.8	88.2107	87.5433
Cl37	34424.8	0.0642493	99944.1	154.413	154.103
Cl35	32564.6	0.11256	99655	22.9486	22.8255
Na23	21409.2	0.35321	99852.2	121.395	120.758
Na23	21409.2	0.318335	99951.6	155.668	155.056
Cl35	32564.6	0.158055	99644.5	25.3352	25.1036
Na23	21409.2	0.104208	99903.9	136.581	136.377
Na23	21409.2	0.120574	99822.1	105.358	105.127
Na23	21409.2	0.114129	99879.7	129.984	129.455
Na23	21409.2	0.175832	99680.3	50.0096	49.5773
Cl37	34424.8	0.0740903	99890.3	133.856	133.661
Na23	21409.2	0.151713	99726.3	66.4694	65.8949
Na23	21409.2	0.204525	99976.4	162.943	162.591
Cl35	32564.6	0.0857707	99809.3	102.363	102.168
Na23	21409.2	0.127043	99668.1	35.1203	34.9327
Cl35	32564.6	0.187737	99742.2	69.975	69.5733
Cl37	34424.8	0.580805	99883.5	126.881	126.114
Na23	21409.2	0.169478	99789.8	97.6889	97.5134
Na23	21409.2	0.136024	99808.3	106.233	105.822
Cl35	32564.6	0.114133	99825.8	102.8	102.45
Na23	21409.2	0.137422	99659.8	43.4077	43.261
Cl35	32564.6	0.125184	99681.7	49.9309	49.7889
Na23	21409.2	0.136694	99679.9	42.2399	41.9903
Cl35	32564.6	0.0818097	99639.9	20.5651	20.4728
Cl35	32564.6	0.0891499	99806.5	97.6332	97.5028
Cl35	32564.6	0.0699361	99661.4	31.2489	31.1353
Cl35	32564.6	0.534519	99852.6	121.127	120.568
Cl35	32564.6	0.308505	99782.6	90.1711	89.8255
Na23	21409.2	0.112481	99834.4	116.572	116.416
Cl35	32564.6	0.0971472	99825.6	105.299	105.055
Cl37	34424.8	0.26798	99978	164.927	164.629
Cl37	34424.8	0.143613	99756.2	84.8017	84.6049
Cl37	34424.8	0.0881449	99793.8	95.6035	95.3322
Cl35	32564.6	0.152621	99757.9	73.094	72.9124
Na23	21409.2	0.159395	99940.7	149.626	149.367
Na23	21409.2	0.212631	99748	75.1362	74.8878
Cl35	32564.6	0.0671251	99664	35.0746	34.9788
Cl37	34424.8	0.0650714	99850.8	113.035	112.813
Na23	21409.2	0.141545	99822.2	104.384	104.211
Na23	21409.2	0.179199	99694.2	52.2871	52.0468
Na23	21409.2	0.101552	99780.9	92.512	92.4033
Cl35	32564.6	0.126209	99808.1	105.97	105.494
Cl37	34424.8	0.164671	99664.8	37.327	37.1525
Na23	21409.2	0.318163	99720.7	67.8949	67.418
Na23	21409.2	0.121189	99715.3	64.8191	64.6944
Cl37	34424.8	0.0708311	99957.4	157.51	157.044
Na23	21409.2	0.131149	99832.6	111.533	111.365
