Cl37	34424.8	0.237388	99590.8	76.1488	75.6717
Na23	21409.2	0.229335	99925.5	200.013	199.596
Cl37	34424.8	0.0734276	99498	10.7852	10.7108
Na23	21409.2	0.245549	99955.3	209.49	209.126
Cl35	32564.6	0.0731278	99597	77.2419	76.9185
Cl35	32564.6	0.239445	99831.2	168.806	167.943
Cl37	34424.8	0.155907	99473.8	15.1467	14.93
Na23	21409.2	0.322132	99757.7	142.894	142.235
Na23	21409.2	0.13818	99581	81.5876	81.4257
Cl35	32564.6	0.104201	99657.4	99.6692	99.5372
Cl35	32564.6	0.326627	99512.4	34.8096	34.4528
Na23	21409.2	0.144434	99947.4	207.812	207.521
Na23	21409.2	0.105738	99756.9	137.062	136.912
Na23	21409.2	0.160185	99479.1	9.46118	8.83113
Na23	21409.2	0.199459	99503.4	44.0366	43.6185
Cl35	32564.6	0.0666621	99911.4	191.512	191.216
Cl37	34424.8	0.137945	99858.5	175.932	175.686
Na23	21409.2	0.107118	99877.9	184.262	183.971
Na23	21409.2	0.114594	99520	31.6536	31.3164
Cl37	34424.8	0.068194	99647.3	99.1148	99.0271
Na23	21409.2	0.131369	99786	145.804	145.61
Cl35	32564.6	0.0812952	99976.3	218.025	217.897
Cl35	32564.6	0.107409	99823.2	162.707	162.219
Cl37	34424.8	0.0826496	99498.9	33.1272	32.9096
Cl35	32564.6	0.155071	99990.1	223.06	222.341
Na23	21409.2	0.180054	99612.2	76.3846	76.1156
Cl37	34424.8	0.0671772	99508.6	30.1661	30.0371
Na23	21409.2	0.284197	99503.3	27.4226	27.095
Na23	21409.2	0.320444	99587.9	70.6233	70.1902
Cl35	32564.6	0.0892136	99541.1	55.5045	55.3861
Cl35	32564.6	0.119616	99516.3	26.071	25.5538
Cl35	32564.6	0.211003	99970.1	214.657	214.303
Na23	21409.2	0.1819	99781.8	149.696	149.361
Na23	21409.2	0.105167	99480.8	7.84888	7.69702
Na23	21409.2	0.104144	99950.5	205.401	205.233
Cl35	32564.6	0.072824	99909.7	195.027	194.907
Cl37	34424.8	0.0819306	99581.3	56.1581	56.0578
Na23	21409.2	0.14107	99469.9	15.0331	14.8908
Na23	21409.2	0.164954	99793.1	146.404	146.219
Cl35	32564.6	0.170905	99988.7	221.837	221.436
Cl35	32564.6	0.0787391	99649.1	91.8735	91.6863
Na23	21409.2	0.194157	99969.1	215.355	215.112
Cl35	32564.6	0.0958865	99763.3	141.146	140.948
Na23	21409.2	0.196418	99510	20.6535	20.2498
Cl35	32564.6	0.0692996	99603.7	79.4135	78.9863
Cl35	32564.6	0.0761631	99505.4	36.2281	36.0277
Cl37	34424.8	0.0678942	99626.9	94.6087	94.4451
Cl37	34424.8	0.226252	99594.2	74.0398	73.5738
Cl35	32564.6	1.21968	99724.7	123.63	122.357
Cl35	32564.6	0.0929957	99466.6	8.54874	8.30279
Cl35	32564.6	0.110402	99652.9	100.558	100.329
Cl35	32564.6	0.11372	99711.7	117.439	117.262
Na23	21409.2	0.18923	99484.1	10.4416	10.1015
Cl35	32564.6	0.0998584	99765.9	141.743	141.642
Cl35	32564.6	0.387475	99698.7	111.632	111.241
Cl37	34424.8	0.107666	99693.1	110.762	110.456
Cl35	32564.6	0.105092	99781.2	150.793	150.404
Cl35	32564.6	0.158283	99900	193.838	193.635
Na23	21409.2	0.398015	99926.1	200.669	200.262
Na23	21409.2	0.140969	99674.1	111.478	111.048
Na23	21409.2	0.161725	99774.4	147.39	147.102
Na23	21409.2	0.201791	99946.3	209.61	209.307
Na23	21409.2	0.105723	99657.4	98.9218	98.7861
Cl35	32564.6	0.127031	99710.1	123.054	122.756
Cl35	32564.6	0.514614	99838.6	171.939	171.376
Na23	21409.2	0.170667	99994.1	223.857	223.566
Na23	21409.2	0.138294	99848.4	175.36	174.964
Cl37	34424.8	0.257054	99747.8	141.181	140.654
Na23	21409.2	0.13276	99893.9	190.585	190.405
Cl35	32564.6	0.0987998	99559.1	62.3068	62.0808
Cl35	32564.6	0.0668246	99703.7	117.046	116.831
Na23	21409.2	0.13381	99662.3	107.027	106.858
Na23	21409.2	0.297601	99777.2	143.283	142.785
Cl37	34424.8	0.11118	99499.4	43.4728	43.2047
Cl37	34424.8	0.164449	99568.7	70.9605	70.6194
Cl35	32564.6	0.140628	99941.1	204.746	204.402
Cl35	32564.6	0.290306	99736.1	130.603	130.209
Cl37	34424.8	0.174995	99562.5	63.8416	63.561
Cl35	32564.6	0.105932	99841.2	172.486	172.303
Na23	21409.2	0.453413	99853	181.081	180.463
Na23	21409.2	0.149624	99931.1	199.356	198.899
Na23	21409.2	0.380199	99861.9	181.014	180.591
Cl37	34424.8	0.0854502	99940.8	204.911	204.762
Na23	21409.2	0.155555	99863.3	174.856	174.457
Na23	21409.2	0.1078	99958.2	212.265	212.15
Cl35	32564.6	0.0859241	99849.4	175.187	174.928
Na23	21409.2	0.474091	99554.8	56.7606	56.103
Cl35	32564.6	0.128335	99889.8	188.611	188.238
Cl35	32564.6	0.158588	99640	87.5392	87.2379
Na23	21409.2	0.142605	99577.1	74.1285	73.9429
Na23	21409.2	0.24855	99802.8	157.101	156.779
Cl35	32564.6	0.0691509	99558.5	59.7943	59.6146
Cl35	32564.6	0.248051	99828.4	166.56	166.311
Na23	21409.2	0.239953	99863.4	181.224	180.668
Na23	21409.2	0.103384	99792.5	153.638	153.459
Cl35	32564.6	0.0922989	99529.8	38.2392	37.9026
Cl37	34424.8	0.0728933	99984	220.87	220.685
Na23	21409.2	0.160118	99507.9	14.396	14.0222
Na23	21409.2	0.198229	99481.8	10.0908	9.84509
Cl35	32564.6	0.155164	99824.5	159.951	159.257
Cl35	32564.6	0.0683571	99664	106.618	106.503
Cl37	34424.8	0.490734	99899.9	191.151	190.207
Cl37	34424.8	0.0804462	99844.3	172.593	172.4
Na23	21409.2	0.417308	99556.5	61.239	60.7505
Cl35	32564.6	0.0810878	99604.1	74.7766	74.6228
Cl35	32564.6	0.362672	99847.9	163.299	162.8
Cl35	32564.6	0.0774267	99593.5	45.6835	45.5594
Na23	21409.2	0.191677	99905.5	189.215	188.903
Na23	21409.2	0.113735	99572.6	68.8324	68.7096
Cl35	32564.6	0.0756167	99920.4	200.502	200.342
Na23	21409.2	0.231082	99961.3	213.746	213.327
Cl37	34424.8	0.0989077	99833.9	158.395	158.191
Cl35	32564.6	0.142988	99564.2	71.8272	71.4539
Na23	21409.2	0.263865	99506.8	27.4046	27.114
Cl35	32564.6	0.092042	99554.2	51.1326	50.8312
Na23	21409.2	0.143761	99639.8	81.425	81.2164
Cl35	32564.6	0.0695115	99486.3	16.0974	15.9952
Cl37	34424.8	0.0710594	99570.1	74.3693	74.1237
Na23	21409.2	0.132627	99813.1	154.148	154.004
Cl35	32564.6	0.109107	99988.7	221.766	221.503
Na23	21409.2	0.201669	99525.4	52.4729	52.1715
Na23	21409.2	0.145732	99701.5	125.258	125.061
Cl35	32564.6	0.10832	99625	91.988	91.7283
Na23	21409.2	0.242671	99731.8	121.536	120.817
Cl35	32564.6	0.193628	99765	145.916	145.63
Cl35	32564.6	0.107605	99661.2	109.459	109.251
Cl35	32564.6	0.211136	99858	175.212	174.714
Cl37	34424.8	0.172782	99887.3	189.097	188.841
Na23	21409.2	0.113193	99605.6	86.9268	86.7985
Cl35	32564.6	0.12049	99566.7	56.057	55.8455
Na23	21409.2	0.148284	99896.1	189.15	188.565
Cl37	34424.8	0.172127	99484	13.7486	13.4177
Cl35	32564.6	0.0697887	99886.4	189.053	188.982
Cl35	32564.6	0.101269	99493.9	16.6057	16.3431
Cl35	32564.6	0.0772644	99527.8	43.8056	43.7274
Na23	21409.2	0.121648	99667.4	98.7964	98.2841
Cl35	32564.6	0.216032	99954.3	208.425	208.038
Na23	21409.2	0.492421	99658.8	90.2668	89.6735
Na23	21409.2	0.419822	99761.1	143.437	142.927
Cl37	34424.8	0.464972	99603.8	82.9968	82.3832
Cl37	34424.8	0.113493	99513.6	40.7042	40.3898
Cl37	34424.8	0.082633	99471.8	14.6898	14.5634
Na23	21409.2	0.258859	99938.7	206.599	206.274
Cl35	32564.6	0.0824395	99498.7	14.0171	13.8934
Na23	21409.2	0.115441	99690.4	120.054	119.864
Cl35	32564.6	0.159784	99504.1	29.5407	29.3486
Na23	21409.2	0.149682	99875.6	183.583	182.744
Na23	21409.2	0.277463	99558.6	61.4381	61.1039
Na23	21409.2	0.809069	99966.5	211.354	210.52
Na23	21409.2	0.113253	99512.5	21.1161	20.8214
Na23	21409.2	0.113759	99953.4	209.697	209.232
Cl35	32564.6	0.0819549	99600.9	65.7086	65.5887
Cl37	34424.8	0.0757126	99906.7	190.961	190.687
Cl35	32564.6	0.0676155	99689	117.688	117.52
Na23	21409.2	0.488089	99990.5	223.072	222.311
Na23	21409.2	0.248486	99550.7	52.5552	52.2812
Na23	21409.2	0.139038	99891.7	185.2	184.888
Cl37	34424.8	0.10158	99886.4	187.849	187.474
Cl37	34424.8	0.0725336	99865.8	181.685	181.58
Cl37	34424.8	0.250062	99584.4	64.2497	63.9863
Na23	21409.2	0.138645	99869.4	180.542	180.246
Na23	21409.2	0.116269	99629.9	94.1111	93.9135
Na23	21409.2	0.155317	99662.2	101.219	100.918
Na23	21409.2	0.130424	99788.3	148.534	148.371
Cl35	32564.6	0.136085	99884.6	185.295	185.047
Na23	21409.2	0.155077	99959	211.18	210.9
Cl35	32564.6	0.0792829	99453.8	10.3696	9.91994
Cl35	32564.6	0.0697804	99470.7	11.523	11.3935
Na23	21409.2	0.211955	99976.3	217.393	217.161
Na23	21409.2	0.43505	99630	96.597	96.0964
Cl35	32564.6	0.117548	99519.7	44.0818	43.6764
Cl35	32564.6	0.191856	99708.8	120.216	119.965
Cl35	32564.6	0.180902	99472.9	17.6309	17.4478
Na23	21409.2	0.112614	99612.3	86.3746	86.1753
Na23	21409.2	0.107226	99795	156.633	156.406
Cl35	32564.6	0.0832255	99489	30.513	30.4281
Cl35	32564.6	0.0853112	99887.9	181.31	181.154
Na23	21409.2	0.286126	99633.3	93.9965	93.5806
Na23	21409.2	0.225038	99678.2	109.532	109.157
Na23	21409.2	0.116226	99757.7	133.178	132.954
Cl35	32564.6	0.0675671	99621.7	91.3206	91.1968
Cl37	34424.8	0.194743	99498.5	19.3658	19.0851
Na23	21409.2	0.180183	99695.1	109.997	109.424
Na23	21409.2	0.221326	99526.3	40.9765	40.6117
Na23	21409.2	0.1148	99996.1	224.569	224.314
Na23	21409.2	0.101339	99582.2	78.8016	78.6997
Cl35	32564.6	0.0682338	99932.3	197.52	197.319
Cl35	32564.6	0.103772	99588.2	76.6478	76.5057
Cl37	34424.8	0.0694459	99752.6	144.091	143.833
Cl35	32564.6	0.29721	99629.3	95.3213	94.7464
Na23	21409.2	0.493358	99583.8	73.5168	73.0167
Cl35	32564.6	0.299233	99705.6	115.023	114.709
Na23	21409.2	0.426353	99899.3	189.196	188.756
Na23	21409.2	0.222574	99938.1	205.184	204.886
Na23	21409.2	0.148326	99721.9	125.505	125.293
Na23	21409.2	0.113201	99883.1	184.634	184.425
Cl37	34424.8	0.0683544	99773.8	148.578	148.49
Cl35	32564.6	0.0817125	99970.5	213.982	213.87
Cl35	32564.6	0.0685404	99489.4	13.627	13.5318
Cl35	32564.6	0.128757	99675.7	110.225	109.952
Na23	21409.2	0.115147	99486.2	21.1185	20.929
Cl35	32564.6	0.349052	99905.6	193.494	193.089
Cl35	32564.6	0.313654	99954.6	213.048	211.963
Na23	21409.2	0.16189	99695.8	117.099	116.761
Na23	21409.2	0.116755	99551.2	55.0758	54.9484
Na23	21409.2	0.208773	99687.5	106.202	105.674
Cl35	32564.6	0.0883813	99892.5	189.962	189.664
Na23	21409.2	0.118879	99745.6	133.851	133.676
Cl37	34424.8	0.0876893	99769.1	135.697	135.318
Na23	21409.2	0.168891	99685.8	110.975	110.788
Cl35	32564.6	0.0847262	99448.2	6.60895	6.40882
Cl35	32564.6	0.12762	99495.3	23.9526	23.6128
Na23	21409.2	0.339423	99823	163.47	163.129
Na23	21409.2	0.136723	99936.7	199.373	199.235
Cl37	34424.8	0.251664	99562.5	51.8496	51.5623
Na23	21409.2	0.106845	99986.8	221.551	221.302
Cl35	32564.6	0.236001	99936.8	203.734	203.176
Na23	21409.2	0.216168	99726.2	132.816	132.516
Cl35	32564.6	0.0734189	99756.6	138.176	138.084
Cl35	32564.6	0.219921	99877.6	184.822	184.569
Cl35	32564.6	0.0887789	99544.9	52.492	52.402
