# Energy_MeV	dEdx_Elec_MeV_um	dEdx_Nucl_MeV_um	Range_um
1.000000e-05	7.265366e-03	5.770990e-02	2.752786e-03
1.150000e-05	7.791237e-03	6.376451e-02	2.952034e-03
1.322500e-05	8.355171e-03	7.043422e-02	3.165704e-03
1.520875e-05	8.959923e-03	7.780834e-02	3.394840e-03
1.749006e-05	9.608446e-03	8.590358e-02	3.640560e-03
2.011357e-05	1.030391e-02	9.445910e-02	3.904066e-03
2.313061e-05	1.104971e-02	1.039106e-01	4.186644e-03
2.660020e-05	1.184950e-02	1.147160e-01	4.489675e-03
3.059023e-05	1.270717e-02	1.260901e-01	4.814640e-03
3.517876e-05	1.362692e-02	1.387167e-01	5.163127e-03
4.045558e-05	1.461325e-02	1.519197e-01	5.536837e-03
4.652391e-05	1.567096e-02	1.664367e-01	5.937596e-03
5.350250e-05	1.680523e-02	1.829686e-01	6.367362e-03
6.152788e-05	1.802160e-02	2.002255e-01	6.828235e-03
7.075706e-05	1.932602e-02	2.193072e-01	7.322466e-03
8.137062e-05	2.072485e-02	2.395459e-01	7.852470e-03
9.357621e-05	2.222492e-02	2.615196e-01	8.420836e-03
1.076126e-04	2.383357e-02	2.852671e-01	9.030341e-03
1.237545e-04	2.555866e-02	3.101549e-01	9.683962e-03
1.423177e-04	2.740861e-02	3.377884e-01	1.038489e-02
1.636654e-04	2.939246e-02	3.668467e-01	1.113656e-02
1.882152e-04	3.151990e-02	3.975256e-01	1.194263e-02
2.164475e-04	3.380133e-02	4.295341e-01	1.280704e-02
2.489146e-04	3.624788e-02	4.652416e-01	1.373402e-02
2.862518e-04	3.887152e-02	5.035304e-01	1.472810e-02
3.291895e-04	4.168507e-02	5.431930e-01	1.579412e-02
3.785680e-04	4.470225e-02	5.847355e-01	1.693731e-02
4.353531e-04	4.793783e-02	6.270547e-01	1.816324e-02
5.006561e-04	5.140759e-02	6.740424e-01	1.947791e-02
5.757545e-04	5.512850e-02	7.235421e-01	2.088773e-02
6.621177e-04	5.911873e-02	7.739807e-01	2.239959e-02
7.614354e-04	6.339778e-02	8.269686e-01	2.402089e-02
8.756507e-04	6.798654e-02	8.820023e-01	2.575953e-02
1.006998e-03	7.290744e-02	9.377198e-01	2.762402e-02
1.158048e-03	7.818452e-02	9.937441e-01	2.962346e-02
1.331755e-03	8.384356e-02	1.051670e+00	3.176762e-02
1.531519e-03	8.991220e-02	1.111618e+00	3.406698e-02
1.761246e-03	9.642009e-02	1.172516e+00	3.653277e-02
2.025433e-03	1.033990e-01	1.227822e+00	3.917703e-02
2.329248e-03	1.108831e-01	1.285018e+00	4.201268e-02
2.678635e-03	1.189089e-01	1.349074e+00	4.505358e-02
3.080431e-03	1.275156e-01	1.406489e+00	4.831458e-02
3.542495e-03	1.367452e-01	1.465303e+00	5.181162e-02
4.073870e-03	1.466429e-01	1.515829e+00	5.556177e-02
4.684950e-03	1.572570e-01	1.566373e+00	5.958336e-02
5.387693e-03	1.686393e-01	1.622120e+00	6.389604e-02
6.195847e-03	1.808455e-01	1.669530e+00	6.852086e-02
7.125224e-03	1.939352e-01	1.716233e+00	7.348044e-02
8.194007e-03	2.079724e-01	1.757732e+00	7.879899e-02
9.423108e-03	2.230255e-01	1.796295e+00	8.449828e-02
1.083657e-02	2.391682e-01	1.831645e+00	9.062191e-02
1.246206e-02	2.564794e-01	1.861304e+00	9.717938e-02
1.433137e-02	2.750435e-01	1.890712e+00	1.042142e-01
1.648108e-02	2.949513e-01	1.914958e+00	1.117568e-01
1.895324e-02	3.163000e-01	1.934406e+00	1.198457e-01
2.179622e-02	3.391940e-01	1.948993e+00	1.285201e-01
2.506566e-02	3.637450e-01	1.963316e+00	1.378223e-01
2.882550e-02	3.900730e-01	1.974457e+00	1.477977e-01
3.314933e-02	4.183067e-01	1.979845e+00	1.584952e-01
3.812173e-02	4.485840e-01	1.980924e+00	1.699670e-01
4.383999e-02	4.810528e-01	1.976499e+00	1.822692e-01
5.041599e-02	5.158716e-01	1.969845e+00	1.954618e-01
5.797838e-02	5.532107e-01	1.958847e+00	2.096092e-01
6.667514e-02	5.932523e-01	1.941967e+00	2.247806e-01
7.667641e-02	6.361923e-01	1.920468e+00	2.410502e-01
8.817787e-02	6.822402e-01	1.893855e+00	2.584974e-01
1.014046e-01	7.316211e-01	1.862277e+00	2.772075e-01
1.166152e-01	7.845762e-01	1.825956e+00	2.972717e-01
1.341075e-01	8.413643e-01	1.784491e+00	3.187881e-01
1.542237e-01	9.022627e-01	1.738470e+00	3.418621e-01
1.773572e-01	9.675689e-01	1.687858e+00	3.666061e-01
2.039608e-01	1.037602e+00	1.636283e+00	3.931411e-01
2.345549e-01	1.112704e+00	1.579724e+00	4.215966e-01
2.697381e-01	1.193242e+00	1.516083e+00	4.521118e-01
3.101989e-01	1.279610e+00	1.453282e+00	4.848358e-01
3.567287e-01	1.372229e+00	1.386394e+00	5.199284e-01
4.102380e-01	1.471551e+00	1.323655e+00	5.575608e-01
4.717737e-01	1.578063e+00	1.257842e+00	5.979171e-01
5.425397e-01	1.692284e+00	1.185062e+00	6.411946e-01
6.239207e-01	1.814772e+00	1.117551e+00	6.876038e-01
7.175088e-01	1.946127e+00	1.048288e+00	7.373773e-01
8.251351e-01	2.086988e+00	9.821567e-01	7.907310e-01
9.489054e-01	2.221428e+00	9.172937e-01	8.481267e-01
1.091241e+00	2.358535e+00	8.541249e-01	9.102796e-01
1.254927e+00	2.502112e+00	7.955918e-01	9.776156e-01
1.443166e+00	1.333881e+00	7.352605e-01	1.050649e+00
1.659641e+00	1.430481e+00	6.790363e-01	1.129946e+00
1.908588e+00	1.534072e+00	6.279576e-01	1.216167e+00
2.194876e+00	1.647970e+00	5.816484e-01	1.310088e+00
2.524107e+00	1.783535e+00	5.319591e-01	1.412625e+00
2.902723e+00	1.947186e+00	4.886812e-01	1.524882e+00
3.338132e+00	2.140165e+00	4.563769e-01	1.648206e+00
3.838852e+00	2.347024e+00	4.228884e-01	1.784261e+00
4.414679e+00	2.578662e+00	3.849440e-01	1.867961e+00
5.076881e+00	2.832501e+00	3.413855e-01	1.840865e+00
5.838413e+00	3.111634e+00	3.032739e-01	1.814858e+00
6.714175e+00	3.425599e+00	2.735863e-01	1.791434e+00
7.721302e+00	3.764684e+00	2.463895e-01	1.772155e+00
8.879497e+00	4.140512e+00	2.215559e-01	1.758671e+00
1.021142e+01	4.549912e+00	1.996613e-01	1.752697e+00
1.174313e+01	5.009070e+00	1.804776e-01	1.756149e+00
1.350460e+01	5.527034e+00	1.624450e-01	1.771060e+00
1.553030e+01	6.068006e+00	1.454798e-01	1.799607e+00
1.785984e+01	6.649930e+00	1.301844e-01	1.844113e+00
2.053882e+01	7.268014e+00	1.181372e-01	1.907038e+00
2.361964e+01	7.863376e+00	1.065328e-01	1.990973e+00
2.716258e+01	8.497769e+00	9.405072e-02	2.098654e+00
3.123697e+01	9.109969e+00	8.403959e-02	2.233018e+00
3.592252e+01	9.704748e+00	7.477211e-02	2.397293e+00
4.131089e+01	1.027877e+01	6.745115e-02	2.595207e+00
4.750753e+01	1.074577e+01	6.056321e-02	2.831166e+00
5.463366e+01	1.121170e+01	5.324430e-02	3.110535e+00
6.282871e+01	1.159719e+01	4.739983e-02	3.439942e+00
7.225301e+01	1.193102e+01	4.200706e-02	3.827617e+00
8.309096e+01	1.222774e+01	3.732275e-02	4.283828e+00
9.555461e+01	1.236825e+01	3.316913e-02	4.821335e+00
1.098878e+02	1.250191e+01	2.946108e-02	5.456013e+00
1.263710e+02	1.262559e+01	2.632570e-02	6.207450e+00
1.453266e+02	1.267607e+01	2.327456e-02	7.100721e+00
1.671256e+02	1.267677e+01	2.062162e-02	8.164097e+00
1.921945e+02	1.311983e+01	1.842099e-02	9.452926e+00
2.210236e+02	1.266433e+01	1.655352e-02	1.101732e+01
2.541772e+02	1.216879e+01	1.457924e-02	1.290817e+01
2.923037e+02	1.161854e+01	1.281220e-02	1.521627e+01
3.361493e+02	1.114112e+01	1.134441e-02	1.802112e+01
3.865717e+02	1.061849e+01	1.006783e-02	2.141445e+01
4.445574e+02	1.007653e+01	9.028151e-03	2.555302e+01
5.112411e+02	9.537541e+00	7.922391e-03	3.062651e+01
5.879272e+02	9.008503e+00	6.951716e-03	3.687483e+01
6.761163e+02	8.494924e+00	6.144948e-03	4.460295e+01
7.775337e+02	7.975361e+00	5.408884e-03	5.421360e+01
8.941638e+02	7.460376e+00	4.760883e-03	6.622059e+01
1.028288e+03	6.963992e+00	4.200199e-03	8.126248e+01
1.182532e+03	6.479192e+00	3.730890e-03	1.001473e+02
1.359911e+03	6.007234e+00	3.296685e-03	1.239455e+02
1.563898e+03	5.553534e+00	2.898879e-03	1.540300e+02
1.798483e+03	5.119697e+00	2.553362e-03	1.921537e+02
2.068255e+03	4.705335e+00	2.284812e-03	2.405818e+02
2.378493e+03	4.310457e+00	2.030148e-03	3.022462e+02
2.735268e+03	3.938358e+00	1.760987e-03	3.809192e+02
3.145558e+03	3.590015e+00	1.549820e-03	4.814451e+02
3.617391e+03	3.266219e+00	1.359880e-03	6.100476e+02
4.160000e+03	2.966874e+00	1.211601e-03	7.746964e+02
4.784000e+03	2.691271e+00	1.073692e-03	9.855717e+02
5.501600e+03	2.438992e+00	9.296246e-04	1.255644e+03
6.326840e+03	2.209412e+00	8.164653e-04	1.601378e+03
7.275866e+03	2.001505e+00	7.136288e-04	2.043598e+03
8.367246e+03	1.814059e+00	6.249257e-04	2.608520e+03
9.622333e+03	1.645977e+00	5.480626e-04	3.328981e+03
