# Energy_MeV	dEdx_Elec_MeV_um	dEdx_Nucl_MeV_um	Range_um
1.000000e-05	8.219209e-03	4.850964e-02	2.433324e-03
1.150000e-05	8.814119e-03	5.384259e-02	2.609450e-03
1.322500e-05	9.452090e-03	5.982917e-02	2.798323e-03
1.520875e-05	1.013624e-02	6.627937e-02	3.000867e-03
1.749006e-05	1.086990e-02	7.348718e-02	3.218071e-03
2.011357e-05	1.165667e-02	8.133640e-02	3.450997e-03
2.313061e-05	1.250039e-02	9.001052e-02	3.700782e-03
2.660020e-05	1.340517e-02	9.949945e-02	3.968647e-03
3.059023e-05	1.437545e-02	1.098507e-01	4.255899e-03
3.517876e-05	1.541595e-02	1.214216e-01	4.563944e-03
4.045558e-05	1.653176e-02	1.339880e-01	4.894284e-03
4.652391e-05	1.772834e-02	1.474644e-01	5.248535e-03
5.350250e-05	1.901153e-02	1.621274e-01	5.628427e-03
6.152788e-05	2.038759e-02	1.789204e-01	6.035816e-03
7.075706e-05	2.186326e-02	1.968389e-01	6.472691e-03
8.137062e-05	2.344573e-02	2.164314e-01	6.941188e-03
9.357621e-05	2.514275e-02	2.372781e-01	7.443595e-03
1.076126e-04	2.696259e-02	2.598033e-01	7.982366e-03
1.237545e-04	2.891416e-02	2.855927e-01	8.560134e-03
1.423177e-04	3.100698e-02	3.127313e-01	9.179721e-03
1.636654e-04	3.325128e-02	3.423407e-01	9.844154e-03
1.882152e-04	3.565803e-02	3.741778e-01	1.055668e-02
2.164475e-04	3.823898e-02	4.086676e-01	1.132078e-02
2.489146e-04	4.100673e-02	4.457908e-01	1.214018e-02
2.862518e-04	4.397482e-02	4.847194e-01	1.301889e-02
3.291895e-04	4.715774e-02	5.277306e-01	1.396121e-02
3.785680e-04	5.057104e-02	5.733992e-01	1.497173e-02
4.353531e-04	5.423140e-02	6.219979e-01	1.605539e-02
5.006561e-04	5.815670e-02	6.716529e-01	1.721749e-02
5.757545e-04	6.236611e-02	7.270895e-01	1.846370e-02
6.621177e-04	6.688021e-02	7.879380e-01	1.980011e-02
7.614354e-04	7.172103e-02	8.495123e-01	2.123325e-02
8.756507e-04	7.691224e-02	9.157006e-01	2.277013e-02
1.006998e-03	8.247919e-02	9.813614e-01	2.441824e-02
1.158048e-03	8.844907e-02	1.054296e+00	2.618565e-02
1.331755e-03	9.485106e-02	1.133280e+00	2.808098e-02
1.531519e-03	1.017164e-01	1.211572e+00	3.011349e-02
1.761246e-03	1.090787e-01	1.295663e+00	3.229312e-02
2.025433e-03	1.169739e-01	1.381048e+00	3.463052e-02
2.329248e-03	1.254405e-01	1.469285e+00	3.713709e-02
2.678635e-03	1.345200e-01	1.558260e+00	3.982509e-02
3.080431e-03	1.442566e-01	1.648059e+00	4.270765e-02
3.542495e-03	1.546980e-01	1.743713e+00	4.579886e-02
4.073870e-03	1.658951e-01	1.838203e+00	4.911380e-02
4.684950e-03	1.779027e-01	1.927583e+00	5.266869e-02
5.387693e-03	1.907794e-01	2.016159e+00	5.648087e-02
6.195847e-03	2.045881e-01	2.116933e+00	6.056899e-02
7.125224e-03	2.193963e-01	2.209073e+00	6.495300e-02
8.194007e-03	2.352763e-01	2.300427e+00	6.965434e-02
9.423108e-03	2.523057e-01	2.382874e+00	7.469596e-02
1.083657e-02	2.705677e-01	2.461147e+00	8.010249e-02
1.246206e-02	2.901516e-01	2.549975e+00	8.590035e-02
1.433137e-02	3.111529e-01	2.625788e+00	9.211525e-02
1.648108e-02	3.336743e-01	2.698902e+00	9.878891e-02
1.895324e-02	3.578258e-01	2.765490e+00	1.059372e-01
2.179622e-02	3.837255e-01	2.827546e+00	1.136059e-01
2.506566e-02	4.114997e-01	2.884059e+00	1.218283e-01
2.882550e-02	4.412843e-01	2.930672e+00	1.306462e-01
3.314933e-02	4.732247e-01	2.977385e+00	1.401023e-01
3.812173e-02	5.074769e-01	3.016339e+00	1.502428e-01
4.383999e-02	5.442084e-01	3.048832e+00	1.611172e-01
5.041599e-02	5.835984e-01	3.071300e+00	1.727788e-01
5.797838e-02	6.258396e-01	3.093502e+00	1.852844e-01
6.667514e-02	6.711382e-01	3.113229e+00	1.986953e-01
7.667641e-02	7.197156e-01	3.121563e+00	2.130768e-01
8.817787e-02	7.718090e-01	3.124962e+00	2.284991e-01
1.014046e-01	8.276729e-01	3.118019e+00	2.450378e-01
1.166152e-01	8.875803e-01	3.107647e+00	2.627736e-01
1.341075e-01	9.518238e-01	3.091983e+00	2.817932e-01
1.542237e-01	1.020717e+00	3.065749e+00	3.021893e-01
1.773572e-01	1.094597e+00	3.032905e+00	3.240617e-01
2.039608e-01	1.173825e+00	2.991550e+00	3.475173e-01
2.345549e-01	1.258787e+00	2.942641e+00	3.726707e-01
2.697381e-01	1.349899e+00	2.886100e+00	3.996446e-01
3.101989e-01	1.447605e+00	2.821711e+00	4.285709e-01
3.567287e-01	1.552383e+00	2.749497e+00	4.595907e-01
4.102380e-01	1.664746e+00	2.670752e+00	4.928560e-01
4.717737e-01	1.785241e+00	2.589180e+00	5.285292e-01
5.425397e-01	1.914458e+00	2.501454e+00	5.667842e-01
6.239207e-01	2.053027e+00	2.400994e+00	6.078080e-01
7.175088e-01	2.201626e+00	2.302233e+00	6.518012e-01
8.251351e-01	2.360981e+00	2.197351e+00	6.989791e-01
9.489054e-01	2.531870e+00	2.097378e+00	7.495704e-01
1.091241e+00	2.715128e+00	1.995376e+00	8.038299e-01
1.254927e+00	2.911651e+00	1.878895e+00	8.619916e-01
1.443166e+00	3.097059e+00	1.773223e+00	9.245939e-01
1.659641e+00	3.288042e+00	1.663828e+00	9.923983e-01
1.908588e+00	3.487977e+00	1.559539e+00	1.065860e+00
2.194876e+00	3.696283e+00	1.456128e+00	1.145543e+00
2.524107e+00	3.911973e+00	1.355205e+00	1.232067e+00
2.902723e+00	4.133521e+00	1.264282e+00	1.326159e+00
3.338132e+00	4.358722e+00	1.167973e+00	1.428667e+00
3.838852e+00	2.312040e+00	1.079820e+00	1.540600e+00
4.414679e+00	2.524760e+00	9.965700e-01	1.663171e+00
5.076881e+00	2.773202e+00	9.249502e-01	1.797863e+00
5.838413e+00	3.040177e+00	8.478938e-01	1.946509e+00
6.714175e+00	3.336404e+00	7.746807e-01	2.111401e+00
7.721302e+00	3.660638e+00	7.246266e-01	2.295433e+00
8.879497e+00	4.009659e+00	6.728782e-01	2.502296e+00
1.021142e+01	4.398164e+00	6.140662e-01	2.736728e+00
1.174313e+01	4.804619e+00	5.464324e-01	2.716240e+00
1.350460e+01	5.239553e+00	4.821257e-01	2.603196e+00
1.553030e+01	5.700796e+00	4.361377e-01	2.509854e+00
1.785984e+01	6.217938e+00	3.921193e-01	2.437043e+00
2.053882e+01	6.799541e+00	3.534306e-01	2.385678e+00
2.361964e+01	7.418114e+00	3.182503e-01	2.356779e+00
2.716258e+01	8.098977e+00	2.871647e-01	2.351472e+00
3.123697e+01	8.852950e+00	2.592959e-01	2.370905e+00
3.592252e+01	9.637866e+00	2.316770e-01	2.416486e+00
4.131089e+01	1.050762e+01	2.074911e-01	2.489609e+00
4.750753e+01	1.143395e+01	1.879516e-01	2.591860e+00
5.463366e+01	1.238874e+01	1.700169e-01	2.725102e+00
6.282871e+01	1.340367e+01	1.496638e-01	2.891636e+00
7.225301e+01	1.430530e+01	1.339636e-01	3.094390e+00
8.309096e+01	1.524191e+01	1.190598e-01	3.337138e+00
9.555461e+01	1.610619e+01	1.073438e-01	3.624720e+00
1.098878e+02	1.688485e+01	9.669594e-02	3.963320e+00
1.263710e+02	1.765369e+01	8.469759e-02	4.360740e+00
1.453266e+02	1.811393e+01	7.560391e-02	4.826716e+00
1.671256e+02	1.861200e+01	6.688500e-02	5.373357e+00
1.921945e+02	1.912433e+01	5.956350e-02	6.015450e+00
2.210236e+02	1.948268e+01	5.284776e-02	6.771986e+00
2.541772e+02	2.158404e+01	4.687209e-02	7.663808e+00
2.923037e+02	2.131438e+01	4.200503e-02	8.736075e+00
3.361493e+02	2.091387e+01	3.703935e-02	1.002217e+01
3.865717e+02	2.043065e+01	3.293237e-02	1.155923e+01
4.445574e+02	1.981003e+01	2.928567e-02	1.341246e+01
5.112411e+02	1.928992e+01	2.640609e-02	1.563302e+01
5.879272e+02	1.863165e+01	2.334787e-02	1.828129e+01
6.761163e+02	1.792412e+01	2.040518e-02	2.146722e+01
7.775337e+02	1.720512e+01	1.813063e-02	2.531923e+01
8.941638e+02	1.649023e+01	1.601471e-02	2.999782e+01
1.028288e+03	1.579308e+01	1.440467e-02	3.570531e+01
1.182532e+03	1.506163e+01	1.269338e-02	4.270773e+01
1.359911e+03	1.431141e+01	1.107365e-02	5.133887e+01
1.563898e+03	1.357349e+01	9.823976e-03	6.200664e+01
1.798483e+03	1.282821e+01	8.623994e-03	7.522363e+01
2.068255e+03	1.208153e+01	7.602688e-03	9.166848e+01
2.378493e+03	1.134565e+01	6.708736e-03	1.122021e+02
2.735268e+03	1.062223e+01	5.943878e-03	1.379161e+02
3.145558e+03	9.908246e+00	5.273868e-03	1.702173e+02
3.617391e+03	9.208055e+00	4.623179e-03	2.109184e+02
4.160000e+03	8.533075e+00	4.068000e-03	2.623450e+02
4.784000e+03	7.886536e+00	3.639194e-03	3.274765e+02
5.501600e+03	7.270178e+00	3.245651e-03	4.101378e+02
6.326840e+03	6.685518e+00	2.803078e-03	5.152250e+02
7.275866e+03	6.134031e+00	2.474495e-03	6.489967e+02
8.367246e+03	5.618743e+00	2.162645e-03	8.194373e+02
9.622333e+03	5.140740e+00	1.930894e-03	1.036701e+03
