# Energy_MeV	dEdx_Elec_MeV_um	dEdx_Nucl_MeV_um	Range_um
1.000000e-05	8.933548e-03	5.120805e-02	2.238752e-03
1.150000e-05	9.580163e-03	5.690308e-02	2.400794e-03
1.322500e-05	1.027358e-02	6.315011e-02	2.574565e-03
1.520875e-05	1.101719e-02	6.997691e-02	2.760913e-03
1.749006e-05	1.181462e-02	7.753918e-02	2.960750e-03
2.011357e-05	1.266977e-02	8.584158e-02	3.175050e-03
2.313061e-05	1.358681e-02	9.496147e-02	3.404862e-03
2.660020e-05	1.457023e-02	1.048871e-01	3.651308e-03
3.059023e-05	1.562483e-02	1.158715e-01	3.915591e-03
3.517876e-05	1.675577e-02	1.279865e-01	4.199004e-03
4.045558e-05	1.796856e-02	1.412239e-01	4.502930e-03
4.652391e-05	1.926913e-02	1.552061e-01	4.828855e-03
5.350250e-05	2.066384e-02	1.708251e-01	5.178370e-03
6.152788e-05	2.215950e-02	1.885039e-01	5.553183e-03
7.075706e-05	2.376342e-02	2.071612e-01	5.955125e-03
8.137062e-05	2.548343e-02	2.278399e-01	6.386160e-03
9.357621e-05	2.732793e-02	2.493935e-01	6.848394e-03
1.076126e-04	2.930594e-02	2.733887e-01	7.344084e-03
1.237545e-04	3.142712e-02	3.003929e-01	7.875653e-03
1.423177e-04	3.370183e-02	3.286388e-01	8.445697e-03
1.636654e-04	3.614119e-02	3.598749e-01	9.057001e-03
1.882152e-04	3.875710e-02	3.930761e-01	9.712551e-03
2.164475e-04	4.156236e-02	4.291255e-01	1.041555e-02
2.489146e-04	4.457067e-02	4.676370e-01	1.116943e-02
2.862518e-04	4.779672e-02	5.084428e-01	1.197788e-02
3.291895e-04	5.125627e-02	5.536280e-01	1.284485e-02
3.785680e-04	5.496623e-02	6.012129e-01	1.377457e-02
4.353531e-04	5.894471e-02	6.511990e-01	1.477158e-02
5.006561e-04	6.321116e-02	7.032030e-01	1.584075e-02
5.757545e-04	6.778642e-02	7.623867e-01	1.698731e-02
6.621177e-04	7.269283e-02	8.244827e-01	1.821686e-02
7.614354e-04	7.795438e-02	8.890519e-01	1.953541e-02
8.756507e-04	8.359676e-02	9.564386e-01	2.094939e-02
1.006998e-03	8.964754e-02	1.024915e+00	2.246572e-02
1.158048e-03	9.613627e-02	1.102764e+00	2.409180e-02
1.331755e-03	1.030947e-01	1.182551e+00	2.583558e-02
1.531519e-03	1.105567e-01	1.264551e+00	2.770557e-02
1.761246e-03	1.185589e-01	1.350576e+00	2.971092e-02
2.025433e-03	1.271402e-01	1.439364e+00	3.186141e-02
2.329248e-03	1.363427e-01	1.529910e+00	3.416755e-02
2.678635e-03	1.462113e-01	1.619963e+00	3.664062e-02
3.080431e-03	1.567941e-01	1.714444e+00	3.929269e-02
3.542495e-03	1.681429e-01	1.811100e+00	4.213671e-02
4.073870e-03	1.803132e-01	1.907656e+00	4.518659e-02
4.684950e-03	1.933644e-01	1.996239e+00	4.845722e-02
5.387693e-03	2.073602e-01	2.090234e+00	5.196458e-02
6.195847e-03	2.223690e-01	2.192585e+00	5.572580e-02
7.125224e-03	2.384642e-01	2.284252e+00	5.975927e-02
8.194007e-03	2.557244e-01	2.377702e+00	6.408467e-02
9.423108e-03	2.742339e-01	2.457762e+00	6.872315e-02
1.083657e-02	2.940831e-01	2.540790e+00	7.369737e-02
1.246206e-02	3.153689e-01	2.629111e+00	7.900479e-02
1.433137e-02	3.381955e-01	2.703792e+00	8.475349e-02
1.648108e-02	3.626743e-01	2.778303e+00	9.088794e-02
1.895324e-02	3.889248e-01	2.844145e+00	9.746720e-02
2.179622e-02	4.170754e-01	2.905812e+00	1.045215e-01
2.506566e-02	4.472636e-01	2.959822e+00	1.120867e-01
2.882550e-02	4.796367e-01	3.006721e+00	1.201994e-01
3.314933e-02	5.143531e-01	3.053200e+00	1.288994e-01
3.812173e-02	5.515823e-01	3.091013e+00	1.382290e-01
4.383999e-02	5.915061e-01	3.120957e+00	1.482339e-01
5.041599e-02	6.343196e-01	3.142580e+00	1.589630e-01
5.797838e-02	6.802320e-01	3.166206e+00	1.704687e-01
6.667514e-02	7.294675e-01	3.181958e+00	1.828072e-01
7.667641e-02	7.822668e-01	3.189032e+00	1.960387e-01
8.817787e-02	8.388877e-01	3.188966e+00	2.102279e-01
1.014046e-01	8.996068e-01	3.180002e+00	2.254441e-01
1.166152e-01	9.647208e-01	3.168853e+00	2.417617e-01
1.341075e-01	1.034548e+00	3.148900e+00	2.592605e-01
1.542237e-01	1.109429e+00	3.119942e+00	2.780257e-01
1.773572e-01	1.189730e+00	3.083566e+00	2.981491e-01
2.039608e-01	1.275843e+00	3.038833e+00	3.197291e-01
2.345549e-01	1.368189e+00	2.986299e+00	3.428712e-01
2.697381e-01	1.467220e+00	2.926153e+00	3.676883e-01
3.101989e-01	1.573418e+00	2.857429e+00	3.943016e-01
3.567287e-01	1.687303e+00	2.781928e+00	4.228411e-01
4.102380e-01	1.809431e+00	2.699834e+00	4.534464e-01
4.717737e-01	1.940398e+00	2.615583e+00	4.862670e-01
5.425397e-01	2.080845e+00	2.522068e+00	5.214632e-01
6.239207e-01	2.231458e+00	2.418999e+00	5.592067e-01
7.175088e-01	2.392972e+00	2.317359e+00	5.996821e-01
8.251351e-01	2.566177e+00	2.209691e+00	6.430871e-01
9.489054e-01	2.751918e+00	2.108968e+00	6.896366e-01
1.091241e+00	2.951103e+00	2.000289e+00	7.395396e-01
1.254927e+00	3.146004e+00	1.883634e+00	7.931638e-01
1.443166e+00	3.340544e+00	1.775885e+00	8.511955e-01
1.659641e+00	3.544394e+00	1.664118e+00	9.140657e-01
1.908588e+00	3.757039e+00	1.557997e+00	9.822444e-01
2.194876e+00	3.977568e+00	1.453238e+00	1.056254e+00
2.524107e+00	4.204550e+00	1.354146e+00	1.136708e+00
2.902723e+00	4.435889e+00	1.260401e+00	1.224317e+00
3.338132e+00	4.668658e+00	1.163411e+00	1.319927e+00
3.838852e+00	2.511399e+00	1.073764e+00	1.424550e+00
4.414679e+00	2.757216e+00	9.930543e-01	1.539418e+00
5.076881e+00	3.023497e+00	9.200034e-01	1.666052e+00
5.838413e+00	3.321384e+00	8.378369e-01	1.806348e+00
6.714175e+00	3.641241e+00	7.731652e-01	1.962695e+00
7.721302e+00	3.992556e+00	7.234549e-01	2.138134e+00
8.879497e+00	4.381189e+00	6.683967e-01	2.336561e+00
1.021142e+01	4.787117e+00	6.055688e-01	2.514504e+00
1.174313e+01	5.231034e+00	5.333166e-01	2.395324e+00
1.350460e+01	5.683233e+00	4.763175e-01	2.295650e+00
1.553030e+01	6.193014e+00	4.298642e-01	2.215842e+00
1.785984e+01	6.771746e+00	3.874351e-01	2.156356e+00
2.053882e+01	7.375178e+00	3.488252e-01	2.117768e+00
2.361964e+01	8.048456e+00	3.137640e-01	2.100774e+00
2.716258e+01	8.780206e+00	2.840324e-01	2.106142e+00
3.123697e+01	9.564989e+00	2.549155e-01	2.134798e+00
3.592252e+01	1.043461e+01	2.285002e-01	2.187756e+00
4.131089e+01	1.134506e+01	2.049891e-01	2.266164e+00
4.750753e+01	1.232948e+01	1.861949e-01	2.371399e+00
5.463366e+01	1.334058e+01	1.671216e-01	2.505188e+00
6.282871e+01	1.430802e+01	1.475392e-01	2.669774e+00
7.225301e+01	1.531730e+01	1.320843e-01	2.868085e+00
8.309096e+01	1.619336e+01	1.174778e-01	3.103936e+00
9.555461e+01	1.706062e+01	1.062379e-01	3.382210e+00
1.098878e+02	1.784585e+01	9.488553e-02	3.709142e+00
1.263710e+02	1.841239e+01	8.342606e-02	4.092532e+00
1.453266e+02	1.894381e+01	7.444713e-02	4.542077e+00
1.671256e+02	1.946968e+01	6.584591e-02	5.069728e+00
1.921945e+02	1.991311e+01	5.852771e-02	5.690612e+00
2.210236e+02	2.023006e+01	5.192037e-02	6.421230e+00
2.541772e+02	2.229826e+01	4.624498e-02	7.294796e+00
2.923037e+02	2.194770e+01	4.131820e-02	8.345710e+00
3.361493e+02	2.149588e+01	3.646475e-02	9.596877e+00
3.865717e+02	2.090887e+01	3.232149e-02	1.110412e+01
4.445574e+02	2.036896e+01	2.890516e-02	1.291122e+01
5.112411e+02	1.973501e+01	2.599381e-02	1.506279e+01
5.879272e+02	1.902105e+01	2.273503e-02	1.764309e+01
6.761163e+02	1.829018e+01	2.006127e-02	2.075532e+01
7.775337e+02	1.755653e+01	1.773373e-02	2.452690e+01
8.941638e+02	1.684698e+01	1.579517e-02	2.911664e+01
1.028288e+03	1.610421e+01	1.416594e-02	3.473291e+01
1.182532e+03	1.533760e+01	1.234304e-02	4.164034e+01
1.359911e+03	1.457183e+01	1.088620e-02	5.016209e+01
1.563898e+03	1.380443e+01	9.598436e-03	6.069896e+01
1.798483e+03	1.303087e+01	8.464397e-03	7.377886e+01
2.068255e+03	1.226207e+01	7.459277e-03	9.007814e+01
2.378493e+03	1.150676e+01	6.569131e-03	1.104510e+02
2.735268e+03	1.075895e+01	5.848925e-03	1.359924e+02
3.145558e+03	1.002028e+01	5.147467e-03	1.681172e+02
3.617391e+03	9.305008e+00	4.536410e-03	2.086383e+02
4.160000e+03	8.617437e+00	4.005824e-03	2.598784e+02
4.784000e+03	7.959285e+00	3.591667e-03	3.248173e+02
5.501600e+03	7.332863e+00	3.171739e-03	4.072714e+02
6.326840e+03	6.740133e+00	2.751070e-03	5.121198e+02
7.275866e+03	6.183773e+00	2.428350e-03	6.455901e+02
8.367246e+03	5.665605e+00	2.129332e-03	8.156092e+02
9.622333e+03	5.185046e+00	1.904120e-03	1.032233e+03
