# Energy_MeV	dEdx_Elec_MeV_um	dEdx_Nucl_MeV_um	Range_um
1.000000e-05	7.860936e-03	5.195747e-02	2.544226e-03
1.150000e-05	8.429914e-03	5.756737e-02	2.728379e-03
1.322500e-05	9.040076e-03	6.380164e-02	2.925860e-03
1.520875e-05	9.694402e-03	7.063575e-02	3.137636e-03
1.749006e-05	1.039609e-02	7.814602e-02	3.364739e-03
2.011357e-05	1.114856e-02	8.634725e-02	3.608281e-03
2.313061e-05	1.195550e-02	9.536098e-02	3.869450e-03
2.660020e-05	1.282085e-02	1.053613e-01	4.149523e-03
3.059023e-05	1.374883e-02	1.162993e-01	4.449868e-03
3.517876e-05	1.474397e-02	1.278539e-01	4.771952e-03
4.045558e-05	1.581115e-02	1.406519e-01	5.117348e-03
4.652391e-05	1.695557e-02	1.552819e-01	5.487744e-03
5.350250e-05	1.818282e-02	1.706645e-01	5.884950e-03
6.152788e-05	1.949890e-02	1.877693e-01	6.310906e-03
7.075706e-05	2.091025e-02	2.055695e-01	6.767693e-03
8.137062e-05	2.242374e-02	2.252217e-01	7.257542e-03
9.357621e-05	2.404678e-02	2.475971e-01	7.782847e-03
1.076126e-04	2.578730e-02	2.709060e-01	8.346173e-03
1.237545e-04	2.765380e-02	2.967154e-01	8.950274e-03
1.423177e-04	2.965540e-02	3.240792e-01	9.598099e-03
1.636654e-04	3.180187e-02	3.538110e-01	1.029281e-02
1.882152e-04	3.410371e-02	3.858095e-01	1.103781e-02
2.164475e-04	3.657215e-02	4.194385e-01	1.183674e-02
2.489146e-04	3.921926e-02	4.568239e-01	1.269349e-02
2.862518e-04	4.205797e-02	4.960733e-01	1.361225e-02
3.291895e-04	4.510215e-02	5.375553e-01	1.459751e-02
3.785680e-04	4.836667e-02	5.805583e-01	1.565408e-02
4.353531e-04	5.186747e-02	6.290330e-01	1.678714e-02
5.006561e-04	5.562167e-02	6.808693e-01	1.800220e-02
5.757545e-04	5.964759e-02	7.341189e-01	1.930521e-02
6.621177e-04	6.396492e-02	7.903495e-01	2.070253e-02
7.614354e-04	6.859473e-02	8.470512e-01	2.220099e-02
8.756507e-04	7.355966e-02	9.108252e-01	2.380791e-02
1.006998e-03	7.888394e-02	9.778125e-01	2.553113e-02
1.158048e-03	8.459360e-02	1.045378e+00	2.737909e-02
1.331755e-03	9.071653e-02	1.117112e+00	2.936080e-02
1.531519e-03	9.728265e-02	1.190999e+00	3.148596e-02
1.761246e-03	1.043240e-01	1.266072e+00	3.376493e-02
2.025433e-03	1.118750e-01	1.341613e+00	3.620885e-02
2.329248e-03	1.199726e-01	1.419310e+00	3.882966e-02
2.678635e-03	1.286563e-01	1.500432e+00	4.164018e-02
3.080431e-03	1.379685e-01	1.581973e+00	4.465411e-02
3.542495e-03	1.479547e-01	1.655907e+00	4.788620e-02
4.073870e-03	1.586638e-01	1.732916e+00	5.135223e-02
4.684950e-03	1.701480e-01	1.819214e+00	5.506913e-02
5.387693e-03	1.824634e-01	1.895989e+00	5.905507e-02
6.195847e-03	1.956701e-01	1.974914e+00	6.332950e-02
7.125224e-03	2.098329e-01	2.042316e+00	6.791333e-02
8.194007e-03	2.250207e-01	2.110273e+00	7.282893e-02
9.423108e-03	2.413078e-01	2.185225e+00	7.810032e-02
1.083657e-02	2.587738e-01	2.248178e+00	8.375327e-02
1.246206e-02	2.775040e-01	2.310953e+00	8.981108e-02
1.433137e-02	2.975898e-01	2.366219e+00	9.631970e-02
1.648108e-02	3.191295e-01	2.418012e+00	1.032893e-01
1.895324e-02	3.422283e-01	2.464598e+00	1.107663e-01
2.179622e-02	3.669990e-01	2.504005e+00	1.187832e-01
2.506566e-02	3.935626e-01	2.543503e+00	1.273807e-01
2.882550e-02	4.220488e-01	2.575523e+00	1.366004e-01
3.314933e-02	4.525969e-01	2.601528e+00	1.464875e-01
3.812173e-02	4.853561e-01	2.620165e+00	1.570901e-01
4.383999e-02	5.204865e-01	2.639570e+00	1.684601e-01
5.041599e-02	5.581596e-01	2.654428e+00	1.806532e-01
5.797838e-02	5.985595e-01	2.660683e+00	1.937289e-01
6.667514e-02	6.418835e-01	2.661926e+00	2.077509e-01
7.667641e-02	6.883434e-01	2.655107e+00	2.227878e-01
8.817787e-02	7.381660e-01	2.646030e+00	2.389131e-01
1.014046e-01	7.915949e-01	2.630892e+00	2.562056e-01
1.166152e-01	8.488909e-01	2.607400e+00	2.747498e-01
1.341075e-01	9.103341e-01	2.578108e+00	2.946361e-01
1.542237e-01	9.762246e-01	2.541694e+00	3.159618e-01
1.773572e-01	1.046884e+00	2.498759e+00	3.388311e-01
2.039608e-01	1.122658e+00	2.449424e+00	3.633558e-01
2.345549e-01	1.203917e+00	2.393153e+00	3.896555e-01
2.697381e-01	1.291057e+00	2.330725e+00	4.178587e-01
3.101989e-01	1.384504e+00	2.262506e+00	4.481033e-01
3.567287e-01	1.484716e+00	2.192868e+00	4.805371e-01
4.102380e-01	1.592180e+00	2.116321e+00	5.153186e-01
4.717737e-01	1.707423e+00	2.030308e+00	5.526174e-01
5.425397e-01	1.831007e+00	1.945958e+00	5.926158e-01
6.239207e-01	1.963536e+00	1.855708e+00	6.355094e-01
7.175088e-01	2.105658e+00	1.771689e+00	6.815081e-01
8.251351e-01	2.258067e+00	1.682733e+00	7.308348e-01
9.489054e-01	2.421507e+00	1.584607e+00	7.837382e-01
1.091241e+00	2.596777e+00	1.494582e+00	8.404463e-01
1.254927e+00	2.761629e+00	1.401006e+00	9.014930e-01
1.443166e+00	2.931887e+00	1.312600e+00	9.676154e-01
1.659641e+00	3.110112e+00	1.225020e+00	1.039255e+00
1.908588e+00	3.295781e+00	1.141007e+00	1.116964e+00
2.194876e+00	3.488004e+00	1.062875e+00	1.201347e+00
2.524107e+00	1.852224e+00	9.813927e-01	1.293112e+00
2.902723e+00	1.989341e+00	9.065093e-01	1.393090e+00
3.338132e+00	2.149163e+00	8.375895e-01	1.502265e+00
3.838852e+00	2.342961e+00	7.766287e-01	1.621823e+00
4.414679e+00	2.568400e+00	7.092579e-01	1.753215e+00
5.076881e+00	2.809200e+00	6.513347e-01	1.898231e+00
5.838413e+00	3.075378e+00	6.097538e-01	2.059112e+00
6.714175e+00	3.366350e+00	5.645179e-01	2.238692e+00
7.721302e+00	3.678966e+00	5.130869e-01	2.412064e+00
8.879497e+00	4.027091e+00	4.539413e-01	2.331239e+00
1.021142e+01	4.394928e+00	4.031441e-01	2.259940e+00
1.174313e+01	4.794060e+00	3.643787e-01	2.199743e+00
1.350460e+01	5.226465e+00	3.278562e-01	2.152217e+00
1.553030e+01	5.712955e+00	2.951643e-01	2.118967e+00
1.785984e+01	6.261335e+00	2.658412e-01	2.101668e+00
2.053882e+01	6.852549e+00	2.403775e-01	2.102018e+00
2.361964e+01	7.497441e+00	2.163011e-01	2.121906e+00
2.716258e+01	8.208171e+00	1.935460e-01	2.163230e+00
3.123697e+01	8.926211e+00	1.733770e-01	2.227964e+00
3.592252e+01	9.713000e+00	1.574332e-01	2.318169e+00
4.131089e+01	1.053176e+01	1.418224e-01	2.436063e+00
4.750753e+01	1.134381e+01	1.250777e-01	2.584129e+00
5.463366e+01	1.218763e+01	1.119371e-01	2.765281e+00
6.282871e+01	1.289359e+01	9.946080e-02	2.983072e+00
7.225301e+01	1.361596e+01	8.987904e-02	3.241894e+00
8.309096e+01	1.426341e+01	8.058279e-02	3.547326e+00
9.555461e+01	1.482230e+01	7.077341e-02	3.906332e+00
1.098878e+02	1.535908e+01	6.312809e-02	4.327632e+00
1.263710e+02	1.564118e+01	5.583972e-02	4.822080e+00
1.453266e+02	1.594140e+01	4.967352e-02	5.403155e+00
1.671256e+02	1.624241e+01	4.406512e-02	6.087364e+00
1.921945e+02	1.641086e+01	3.919676e-02	6.895855e+00
2.210236e+02	1.831628e+01	3.505084e-02	7.852277e+00
2.541772e+02	1.797127e+01	3.093646e-02	9.006035e+00
2.923037e+02	1.752674e+01	2.744630e-02	1.039448e+01
3.361493e+02	1.701609e+01	2.447148e-02	1.206131e+01
3.865717e+02	1.640463e+01	2.204474e-02	1.407942e+01
4.445574e+02	1.589188e+01	1.937106e-02	1.650874e+01
5.112411e+02	1.527430e+01	1.701762e-02	1.942125e+01
5.879272e+02	1.462341e+01	1.508289e-02	2.294321e+01
6.761163e+02	1.396787e+01	1.337377e-02	2.722350e+01
7.775337e+02	1.331947e+01	1.201929e-02	3.244919e+01
8.941638e+02	1.268630e+01	1.052320e-02	3.885731e+01
1.028288e+03	1.203093e+01	9.238350e-03	4.676003e+01
1.182532e+03	1.136739e+01	8.167677e-03	5.655065e+01
1.359911e+03	1.072086e+01	7.184990e-03	6.871309e+01
1.563898e+03	1.007462e+01	6.330050e-03	8.385856e+01
1.798483e+03	9.434121e+00	5.583151e-03	1.027968e+02
2.068255e+03	8.808988e+00	4.962696e-03	1.265581e+02
2.378493e+03	8.200315e+00	4.381851e-03	1.564532e+02
2.735268e+03	7.606543e+00	3.852228e-03	1.941756e+02
3.145558e+03	7.030454e+00	3.395157e-03	2.419101e+02
3.617391e+03	6.480050e+00	3.042472e-03	3.024647e+02
4.160000e+03	5.957793e+00	2.698565e-03	3.794415e+02
4.784000e+03	5.465113e+00	2.337828e-03	4.774680e+02
5.501600e+03	5.001590e+00	2.062291e-03	6.024705e+02
6.326840e+03	4.567256e+00	1.806044e-03	7.620250e+02
7.275866e+03	4.165194e+00	1.613587e-03	9.657931e+02
8.367246e+03	3.795779e+00	1.426640e-03	1.226056e+03
9.622333e+03	3.456350e+00	1.233704e-03	1.558364e+03
