# Energy_MeV	dEdx_Elec_MeV_um	dEdx_Nucl_MeV_um	Range_um
1.000000e-05	7.592403e-03	6.459199e-02	2.634212e-03
1.150000e-05	8.141945e-03	7.113373e-02	2.824878e-03
1.322500e-05	8.731263e-03	7.825431e-02	3.029344e-03
1.520875e-05	9.363236e-03	8.624617e-02	3.248610e-03
1.749006e-05	1.004095e-02	9.496265e-02	3.483746e-03
2.011357e-05	1.076772e-02	1.044592e-01	3.735901e-03
2.313061e-05	1.154710e-02	1.146020e-01	4.006308e-03
2.660020e-05	1.238288e-02	1.255781e-01	4.296286e-03
3.059023e-05	1.327916e-02	1.378503e-01	4.607254e-03
3.517876e-05	1.424031e-02	1.511068e-01	4.940729e-03
4.045558e-05	1.527103e-02	1.654760e-01	5.298342e-03
4.652391e-05	1.637636e-02	1.809181e-01	5.681839e-03
5.350250e-05	1.756169e-02	1.978363e-01	6.093093e-03
6.152788e-05	1.883281e-02	2.157516e-01	6.534114e-03
7.075706e-05	2.019594e-02	2.347743e-01	7.007057e-03
8.137062e-05	2.165773e-02	2.555634e-01	7.514232e-03
9.357621e-05	2.322533e-02	2.778083e-01	8.058116e-03
1.076126e-04	2.490639e-02	3.019085e-01	8.641366e-03
1.237545e-04	1.337602e-02	3.262054e-01	9.266833e-03
1.423177e-04	1.440262e-02	3.528042e-01	9.937571e-03
1.636654e-04	1.550330e-02	3.825106e-01	1.065686e-02
1.882152e-04	1.668344e-02	4.128430e-01	1.142821e-02
2.164475e-04	1.794880e-02	4.454137e-01	1.225539e-02
2.489146e-04	1.930557e-02	4.778977e-01	1.314244e-02
2.862518e-04	2.076037e-02	5.129248e-01	1.409369e-02
3.291895e-04	2.232033e-02	5.516552e-01	1.511380e-02
3.785680e-04	2.399305e-02	5.905340e-01	1.620775e-02
4.353531e-04	2.578671e-02	6.317673e-01	1.738087e-02
5.006561e-04	2.771008e-02	6.738287e-01	1.863891e-02
5.757545e-04	2.977255e-02	7.171641e-01	1.998801e-02
6.621177e-04	3.198420e-02	7.618782e-01	2.143475e-02
7.614354e-04	3.435583e-02	8.062741e-01	2.298621e-02
8.756507e-04	3.689903e-02	8.534212e-01	2.464996e-02
1.006998e-03	3.962622e-02	9.004048e-01	2.643414e-02
1.158048e-03	4.255074e-02	9.455338e-01	2.834745e-02
1.331755e-03	4.568686e-02	9.902629e-01	3.039926e-02
1.531519e-03	4.904991e-02	1.038344e+00	3.259957e-02
1.761246e-03	5.265631e-02	1.085494e+00	3.495915e-02
2.025433e-03	5.652369e-02	1.131614e+00	3.748951e-02
2.329248e-03	6.067094e-02	1.173943e+00	4.020302e-02
2.678635e-03	6.511832e-02	1.214318e+00	4.311293e-02
3.080431e-03	6.988755e-02	1.256717e+00	4.623347e-02
3.542495e-03	7.500194e-02	1.296461e+00	4.957987e-02
4.073870e-03	8.048648e-02	1.333868e+00	5.316849e-02
4.684950e-03	8.636795e-02	1.367987e+00	5.701685e-02
5.387693e-03	9.267509e-02	1.400922e+00	6.114376e-02
6.195847e-03	9.943871e-02	1.429483e+00	6.553559e-02
7.125224e-03	1.066919e-01	1.454217e+00	7.030755e-02
8.194007e-03	1.144700e-01	1.477832e+00	7.540664e-02
9.423108e-03	1.228110e-01	1.498449e+00	8.086458e-02
1.083657e-02	1.317558e-01	1.516769e+00	8.671730e-02
1.246206e-02	1.413480e-01	1.529242e+00	9.299390e-02
1.433137e-02	1.516344e-01	1.540374e+00	9.972468e-02
1.648108e-02	1.626654e-01	1.551137e+00	1.069426e-01
1.895324e-02	1.744947e-01	1.557029e+00	1.146831e-01
2.179622e-02	1.871803e-01	1.559897e+00	1.229838e-01
2.506566e-02	2.007840e-01	1.558043e+00	1.318853e-01
2.882550e-02	2.153724e-01	1.553456e+00	1.414311e-01
3.314933e-02	2.310166e-01	1.546832e+00	1.516678e-01
3.812173e-02	2.477932e-01	1.535523e+00	1.626455e-01
4.383999e-02	2.657841e-01	1.520382e+00	1.744177e-01
5.041599e-02	2.850772e-01	1.501253e+00	1.870420e-01
5.797838e-02	3.057667e-01	1.478200e+00	2.005800e-01
6.667514e-02	3.279537e-01	1.451397e+00	2.150980e-01
7.667641e-02	3.517465e-01	1.420708e+00	2.306668e-01
8.817787e-02	3.772616e-01	1.386006e+00	2.473625e-01
1.014046e-01	4.046234e-01	1.347990e+00	2.652666e-01
1.166152e-01	4.339656e-01	1.308003e+00	2.844665e-01
1.341075e-01	4.654317e-01	1.265171e+00	3.050563e-01
1.542237e-01	4.991753e-01	1.217338e+00	3.271363e-01
1.773572e-01	5.353613e-01	1.168092e+00	3.508145e-01
2.039608e-01	5.741664e-01	1.116587e+00	3.762064e-01
2.345549e-01	6.157802e-01	1.066217e+00	4.034362e-01
2.697381e-01	6.604061e-01	1.015223e+00	4.326371e-01
3.101989e-01	7.082620e-01	9.596857e-01	4.639516e-01
3.567287e-01	7.595817e-01	9.054943e-01	4.975324e-01
4.102380e-01	8.146160e-01	8.511430e-01	5.335440e-01
4.717737e-01	8.736337e-01	7.985701e-01	5.721621e-01
5.425397e-01	9.369232e-01	7.455891e-01	6.135715e-01
6.239207e-01	1.004796e+00	6.953031e-01	6.580132e-01
7.175088e-01	1.077587e+00	6.486081e-01	7.060455e-01
8.251351e-01	1.155645e+00	6.011417e-01	7.580863e-01
9.489054e-01	1.239354e+00	5.560524e-01	8.145056e-01
1.091241e+00	1.329122e+00	5.123441e-01	8.757347e-01
1.254927e+00	1.425387e+00	4.752132e-01	9.422724e-01
1.443166e+00	1.528621e+00	4.377519e-01	1.014697e+00
1.659641e+00	1.646786e+00	3.997520e-01	1.093694e+00
1.908588e+00	1.785998e+00	3.711582e-01	1.180081e+00
2.194876e+00	1.955185e+00	3.458327e-01	1.274852e+00
2.524107e+00	2.141677e+00	3.174794e-01	1.331458e+00
2.902723e+00	2.350463e+00	2.852438e-01	1.326575e+00
3.338132e+00	2.575356e+00	2.522600e-01	1.320713e+00
3.838852e+00	2.828777e+00	2.263541e-01	1.314803e+00
4.414679e+00	3.109510e+00	2.039380e-01	1.309869e+00
5.076881e+00	3.419734e+00	1.836748e-01	1.307037e+00
5.838413e+00	3.768985e+00	1.656594e-01	1.307493e+00
6.714175e+00	4.127713e+00	1.491679e-01	1.312658e+00
7.721302e+00	4.533687e+00	1.346927e-01	1.324019e+00
8.879497e+00	4.988481e+00	1.207301e-01	1.343230e+00
1.021142e+01	5.460862e+00	1.080879e-01	1.372113e+00
1.174313e+01	5.975985e+00	9.769326e-02	1.412657e+00
1.350460e+01	6.472646e+00	8.827143e-02	1.467007e+00
1.553030e+01	6.981127e+00	7.852158e-02	1.537465e+00
1.785984e+01	7.475797e+00	6.996465e-02	1.626482e+00
2.053882e+01	7.940855e+00	6.226625e-02	1.736695e+00
2.361964e+01	8.420641e+00	5.593985e-02	1.871020e+00
2.716258e+01	8.806776e+00	5.029431e-02	2.032747e+00
3.123697e+01	9.167141e+00	4.450055e-02	2.225729e+00
3.592252e+01	9.486582e+00	3.951830e-02	2.454599e+00
4.131089e+01	9.734055e+00	3.504738e-02	2.725035e+00
4.750753e+01	9.967845e+00	3.118129e-02	3.044075e+00
5.463366e+01	1.011844e+01	2.759847e-02	3.420471e+00
6.282871e+01	1.021249e+01	2.449547e-02	3.865129e+00
7.225301e+01	1.024949e+01	2.190975e-02	4.391636e+00
8.309096e+01	1.026878e+01	1.942591e-02	5.016949e+00
9.555461e+01	1.026568e+01	1.724446e-02	5.762289e+00
1.098878e+02	1.018975e+01	1.527698e-02	6.653063e+00
1.263710e+02	1.069347e+01	1.372844e-02	7.728777e+00
1.453266e+02	1.028803e+01	1.223257e-02	9.045372e+00
1.671256e+02	9.830474e+00	1.072342e-02	1.064128e+01
1.921945e+02	9.349065e+00	9.476153e-03	1.259685e+01
2.210236e+02	8.893339e+00	8.381789e-03	1.499175e+01
2.541772e+02	8.449458e+00	7.493550e-03	1.790762e+01
2.923037e+02	7.983372e+00	6.660450e-03	2.147293e+01
3.361493e+02	7.519772e+00	5.828057e-03	2.586103e+01
3.865717e+02	7.064639e+00	5.138194e-03	3.128723e+01
4.445574e+02	6.626931e+00	4.528810e-03	3.802441e+01
5.112411e+02	6.191831e+00	3.986100e-03	4.643056e+01
5.879272e+02	5.762894e+00	3.523371e-03	5.697211e+01
6.761163e+02	5.348254e+00	3.112590e-03	7.023457e+01
7.775337e+02	4.952171e+00	2.759345e-03	8.695250e+01
8.941638e+02	4.569260e+00	2.429166e-03	1.080873e+02
1.028288e+03	4.202314e+00	2.134311e-03	1.348949e+02
1.182532e+03	3.855929e+00	1.902796e-03	1.689766e+02
1.359911e+03	3.528213e+00	1.695238e-03	2.123919e+02
1.563898e+03	3.219013e+00	1.480566e-03	2.678154e+02
1.798483e+03	2.929363e+00	1.299435e-03	3.386907e+02
2.068255e+03	2.659708e+00	1.139030e-03	4.294428e+02
2.378493e+03	2.410434e+00	1.010929e-03	5.457534e+02
2.735268e+03	2.181693e+00	8.978986e-04	6.949032e+02
3.145558e+03	1.973047e+00	7.814173e-04	8.861909e+02
3.617391e+03	1.783215e+00	6.847886e-04	1.131466e+03
4.160000e+03	1.610821e+00	5.988978e-04	1.445775e+03
4.784000e+03	1.455446e+00	5.258173e-04	1.848161e+03
5.501600e+03	1.316212e+00	4.592649e-04	2.362619e+03
6.326840e+03	1.191586e+00	4.018002e-04	3.019248e+03
7.275866e+03	1.080330e+00	3.552289e-04	3.855619e+03
8.367246e+03	9.814988e-01	3.104643e-04	4.918401e+03
9.622333e+03	8.938281e-01	2.720089e-04	6.265212e+03
