# Energy_MeV	dEdx_Elec_MeV_um	dEdx_Nucl_MeV_um	Range_um
1.000000e-05	7.494456e-03	5.710018e-02	2.668639e-03
1.150000e-05	8.036909e-03	6.318551e-02	2.861797e-03
1.322500e-05	8.618624e-03	6.976697e-02	3.068935e-03
1.520875e-05	9.242445e-03	7.709833e-02	3.291066e-03
1.749006e-05	9.911418e-03	8.513005e-02	3.529276e-03
2.011357e-05	1.062881e-02	9.388808e-02	3.784726e-03
2.313061e-05	1.139813e-02	1.032217e-01	4.058667e-03
2.660020e-05	1.222313e-02	1.136373e-01	4.352435e-03
3.059023e-05	1.310785e-02	1.253248e-01	4.667467e-03
3.517876e-05	1.405660e-02	1.377760e-01	5.005301e-03
4.045558e-05	1.507403e-02	1.514247e-01	5.367587e-03
4.652391e-05	1.616509e-02	1.658184e-01	5.756096e-03
5.350250e-05	1.733513e-02	1.818190e-01	6.172725e-03
6.152788e-05	1.858986e-02	1.996537e-01	6.619510e-03
7.075706e-05	1.993540e-02	2.185061e-01	7.098634e-03
8.137062e-05	2.137834e-02	2.391616e-01	7.612437e-03
9.357621e-05	2.292571e-02	2.613339e-01	8.163429e-03
1.076126e-04	2.458509e-02	2.852023e-01	8.754302e-03
1.237545e-04	2.636457e-02	3.107034e-01	9.387943e-03
1.423177e-04	2.827285e-02	3.379467e-01	1.006745e-02
1.636654e-04	3.031925e-02	3.677945e-01	1.079613e-02
1.882152e-04	3.251378e-02	3.995696e-01	1.157756e-02
2.164475e-04	3.486714e-02	4.324646e-01	1.241555e-02
2.489146e-04	3.739084e-02	4.672228e-01	1.331420e-02
2.862518e-04	4.009721e-02	5.067271e-01	1.427789e-02
3.291895e-04	4.299947e-02	5.475410e-01	1.531133e-02
3.785680e-04	4.611180e-02	5.906513e-01	1.641957e-02
4.353531e-04	4.944939e-02	6.349216e-01	1.760803e-02
5.006561e-04	5.302856e-02	6.806443e-01	1.888251e-02
5.757545e-04	5.686680e-02	7.326205e-01	2.024923e-02
6.621177e-04	6.098285e-02	7.849213e-01	2.171488e-02
7.614354e-04	6.539682e-02	8.396826e-01	2.328662e-02
8.756507e-04	7.013028e-02	8.963402e-01	2.497212e-02
1.006998e-03	7.520634e-02	9.549385e-01	2.677961e-02
1.158048e-03	8.064982e-02	1.015425e+00	2.871793e-02
1.331755e-03	8.648729e-02	1.074585e+00	3.079655e-02
1.531519e-03	9.274729e-02	1.137730e+00	3.302562e-02
1.761246e-03	9.946039e-02	1.201158e+00	3.541603e-02
2.025433e-03	1.066594e-01	1.264260e+00	3.797947e-02
2.329248e-03	1.143794e-01	1.323505e+00	4.072844e-02
2.678635e-03	1.226583e-01	1.386159e+00	4.367639e-02
3.080431e-03	1.315364e-01	1.452788e+00	4.683771e-02
3.542495e-03	1.410570e-01	1.514049e+00	5.022784e-02
4.073870e-03	1.512668e-01	1.574573e+00	5.386336e-02
4.684950e-03	1.622156e-01	1.628239e+00	5.776202e-02
5.387693e-03	1.739568e-01	1.683568e+00	6.194287e-02
6.195847e-03	1.865479e-01	1.740780e+00	6.642632e-02
7.125224e-03	2.000504e-01	1.790725e+00	7.123430e-02
8.194007e-03	2.145301e-01	1.839111e+00	7.639027e-02
9.423108e-03	2.300579e-01	1.883259e+00	8.188313e-02
1.083657e-02	2.467096e-01	1.923331e+00	8.784569e-02
1.246206e-02	2.645666e-01	1.958606e+00	9.420925e-02
1.433137e-02	2.837161e-01	1.990032e+00	1.010286e-01
1.648108e-02	3.042516e-01	2.019983e+00	1.083407e-01
1.895324e-02	3.262735e-01	2.045345e+00	1.161824e-01
2.179622e-02	3.498893e-01	2.064279e+00	1.245915e-01
2.506566e-02	3.752145e-01	2.078860e+00	1.336093e-01
2.882550e-02	4.023727e-01	2.094691e+00	1.432799e-01
3.314933e-02	4.314967e-01	2.104145e+00	1.536504e-01
3.812173e-02	4.627287e-01	2.108942e+00	1.647715e-01
4.383999e-02	4.962212e-01	2.108222e+00	1.766976e-01
5.041599e-02	5.321380e-01	2.102297e+00	1.894869e-01
5.797838e-02	5.706544e-01	2.094916e+00	2.032020e-01
6.667514e-02	6.119586e-01	2.080995e+00	2.179096e-01
7.667641e-02	6.562525e-01	2.061728e+00	2.336818e-01
8.817787e-02	7.037524e-01	2.037263e+00	2.505957e-01
1.014046e-01	7.546904e-01	2.007390e+00	2.687338e-01
1.166152e-01	8.093153e-01	1.972372e+00	2.881848e-01
1.341075e-01	8.678940e-01	1.932305e+00	3.090435e-01
1.542237e-01	9.307126e-01	1.886468e+00	3.314120e-01
1.773572e-01	9.980781e-01	1.836424e+00	3.553997e-01
2.039608e-01	1.070320e+00	1.782298e+00	3.811236e-01
2.345549e-01	1.147790e+00	1.726038e+00	4.087094e-01
2.697381e-01	1.230867e+00	1.663684e+00	4.382918e-01
3.101989e-01	1.319958e+00	1.596050e+00	4.700153e-01
3.567287e-01	1.415498e+00	1.528172e+00	5.040352e-01
4.102380e-01	1.517952e+00	1.457901e+00	5.405174e-01
4.717737e-01	1.627822e+00	1.390527e+00	5.796402e-01
5.425397e-01	1.745645e+00	1.318082e+00	6.215945e-01
6.239207e-01	1.871995e+00	1.242005e+00	6.665857e-01
7.175088e-01	2.007492e+00	1.169993e+00	7.148350e-01
8.251351e-01	2.152795e+00	1.096941e+00	7.665646e-01
9.489054e-01	2.296899e+00	1.025929e+00	8.221217e-01
1.091241e+00	2.439077e+00	9.572925e-01	8.822174e-01
1.254927e+00	2.588112e+00	8.923459e-01	9.473251e-01
1.443166e+00	2.743645e+00	8.296212e-01	1.017923e+00
1.659641e+00	2.905037e+00	7.664180e-01	1.094551e+00
1.908588e+00	1.538528e+00	7.064353e-01	1.177839e+00
2.194876e+00	1.650226e+00	6.543059e-01	1.268520e+00
2.524107e+00	1.782940e+00	6.053536e-01	1.367461e+00
2.902723e+00	1.940231e+00	5.504259e-01	1.475700e+00
3.338132e+00	2.129014e+00	5.098468e-01	1.594502e+00
3.838852e+00	2.334492e+00	4.764935e-01	1.725419e+00
4.414679e+00	2.564706e+00	4.395780e-01	1.870392e+00
5.076881e+00	2.811462e+00	3.976726e-01	1.911490e+00
5.838413e+00	3.086654e+00	3.494814e-01	1.876349e+00
6.714175e+00	3.391789e+00	3.135941e-01	1.843915e+00
7.721302e+00	3.723665e+00	2.824419e-01	1.815749e+00
8.879497e+00	4.095120e+00	2.548263e-01	1.793468e+00
1.021142e+01	4.491838e+00	2.295817e-01	1.778762e+00
1.174313e+01	4.941189e+00	2.060962e-01	1.773378e+00
1.350460e+01	5.450718e+00	1.868649e-01	1.779265e+00
1.553030e+01	5.990701e+00	1.673462e-01	1.798459e+00
1.785984e+01	6.586755e+00	1.502449e-01	1.833125e+00
2.053882e+01	7.204765e+00	1.350490e-01	1.885540e+00
2.361964e+01	7.840443e+00	1.224346e-01	1.958095e+00
2.716258e+01	8.509100e+00	1.097275e-01	2.053297e+00
3.123697e+01	9.154629e+00	9.712085e-02	2.173815e+00
3.592252e+01	9.827296e+00	8.677312e-02	2.322572e+00
4.131089e+01	1.043285e+01	7.740112e-02	2.502867e+00
4.750753e+01	1.098459e+01	6.984535e-02	2.718631e+00
5.463366e+01	1.152463e+01	6.227952e-02	2.974610e+00
6.282871e+01	1.194519e+01	5.491118e-02	3.276666e+00
7.225301e+01	1.235594e+01	4.889712e-02	3.632097e+00
8.309096e+01	1.267982e+01	4.333009e-02	4.049976e+00
9.555461e+01	1.289174e+01	3.841936e-02	4.541627e+00
1.098878e+02	1.305288e+01	3.412801e-02	5.121088e+00
1.263710e+02	1.319387e+01	3.043158e-02	5.805765e+00
1.453266e+02	1.329462e+01	2.712756e-02	6.617586e+00
1.671256e+02	1.330515e+01	2.398846e-02	7.581671e+00
1.921945e+02	1.421587e+01	2.121210e-02	8.742185e+00
2.210236e+02	1.378347e+01	1.902627e-02	1.015272e+01
2.541772e+02	1.328252e+01	1.707163e-02	1.185052e+01
2.923037e+02	1.273107e+01	1.489113e-02	1.391823e+01
3.361493e+02	1.222021e+01	1.319264e-02	1.642975e+01
3.865717e+02	1.169135e+01	1.163345e-02	1.946165e+01
4.445574e+02	1.112649e+01	1.039380e-02	2.314411e+01
5.112411e+02	1.056023e+01	9.302540e-03	2.764389e+01
5.879272e+02	1.000014e+01	8.083499e-03	3.316868e+01
6.761163e+02	9.458783e+00	7.158231e-03	3.998026e+01
7.775337e+02	8.910347e+00	6.295418e-03	4.842280e+01
8.941638e+02	8.362167e+00	5.561723e-03	5.894007e+01
1.028288e+03	7.826821e+00	4.906011e-03	7.208377e+01
1.182532e+03	7.306019e+00	4.314951e-03	8.854456e+01
1.359911e+03	6.795363e+00	3.845231e-03	1.092310e+02
1.563898e+03	6.299976e+00	3.374573e-03	1.353205e+02
1.798483e+03	5.825460e+00	2.980404e-03	1.683109e+02
2.068255e+03	5.369672e+00	2.638288e-03	2.101299e+02
2.378493e+03	4.932439e+00	2.359970e-03	2.632783e+02
2.735268e+03	4.518249e+00	2.080061e-03	3.309735e+02
3.145558e+03	4.128665e+00	1.810209e-03	4.173492e+02
3.617391e+03	3.764803e+00	1.593975e-03	5.277166e+02
4.160000e+03	3.426802e+00	1.402463e-03	6.688847e+02
4.784000e+03	3.113816e+00	1.251021e-03	8.495577e+02
5.501600e+03	2.826000e+00	1.098888e-03	1.080838e+03
6.326840e+03	2.563330e+00	9.547009e-04	1.376837e+03
7.275866e+03	2.324546e+00	8.389243e-04	1.755426e+03
8.367246e+03	2.108247e+00	7.331009e-04	2.239139e+03
9.622333e+03	1.913828e+00	6.406675e-04	2.856246e+03
