# Energy_MeV	dEdx_Elec_MeV_um	dEdx_Nucl_MeV_um	Range_um
1.000000e-05	8.863773e-03	4.525242e-02	2.256376e-03
1.150000e-05	9.505337e-03	5.012304e-02	2.419693e-03
1.322500e-05	1.019334e-02	5.562608e-02	2.594832e-03
1.520875e-05	1.093114e-02	6.161972e-02	2.782647e-03
1.749006e-05	1.172234e-02	6.848197e-02	2.984057e-03
2.011357e-05	1.257081e-02	7.598965e-02	3.200044e-03
2.313061e-05	1.348069e-02	8.420697e-02	3.431665e-03
2.660020e-05	1.445643e-02	9.329543e-02	3.680051e-03
3.059023e-05	1.550279e-02	1.032866e-01	3.946415e-03
3.517876e-05	1.662489e-02	1.142513e-01	4.232058e-03
4.045558e-05	1.782821e-02	1.261869e-01	4.538377e-03
4.652391e-05	1.911863e-02	1.394109e-01	4.866867e-03
5.350250e-05	2.050245e-02	1.539703e-01	5.219134e-03
6.152788e-05	2.198642e-02	1.698908e-01	5.596897e-03
7.075706e-05	2.357781e-02	1.866610e-01	6.002004e-03
8.137062e-05	2.528439e-02	2.054858e-01	6.436432e-03
9.357621e-05	2.711448e-02	2.267718e-01	6.902304e-03
1.076126e-04	2.907704e-02	2.491502e-01	7.401897e-03
1.237545e-04	3.118166e-02	2.740361e-01	7.937650e-03
1.423177e-04	3.343860e-02	2.998721e-01	8.512181e-03
1.636654e-04	3.585890e-02	3.287872e-01	9.128297e-03
1.882152e-04	3.845439e-02	3.613000e-01	9.789008e-03
2.164475e-04	4.123774e-02	3.951565e-01	1.049754e-02
2.489146e-04	4.422255e-02	4.327508e-01	1.125736e-02
2.862518e-04	4.742340e-02	4.725973e-01	1.207217e-02
3.291895e-04	5.085593e-02	5.159695e-01	1.294596e-02
3.785680e-04	5.453691e-02	5.622228e-01	1.388300e-02
4.353531e-04	5.848432e-02	6.111631e-01	1.488786e-02
5.006561e-04	6.271745e-02	6.655483e-01	1.596545e-02
5.757545e-04	6.725697e-02	7.226185e-01	1.712104e-02
6.621177e-04	7.212507e-02	7.825650e-01	1.836027e-02
7.614354e-04	7.734552e-02	8.450292e-01	1.968919e-02
8.756507e-04	8.294383e-02	9.163110e-01	2.111431e-02
1.006998e-03	8.894734e-02	9.907123e-01	2.264257e-02
1.158048e-03	9.538540e-02	1.068301e+00	2.428145e-02
1.331755e-03	1.022894e-01	1.148878e+00	2.603896e-02
1.531519e-03	1.096932e-01	1.231128e+00	2.792367e-02
1.761246e-03	1.176329e-01	1.324862e+00	2.994480e-02
2.025433e-03	1.261472e-01	1.420358e+00	3.211222e-02
2.329248e-03	1.352778e-01	1.518827e+00	3.443652e-02
2.678635e-03	1.450693e-01	1.621773e+00	3.692905e-02
3.080431e-03	1.555695e-01	1.728330e+00	3.960200e-02
3.542495e-03	1.668297e-01	1.836649e+00	4.246841e-02
4.073870e-03	1.789049e-01	1.944495e+00	4.554230e-02
4.684950e-03	1.918541e-01	2.057975e+00	4.883867e-02
5.387693e-03	2.057406e-01	2.173505e+00	5.237364e-02
6.195847e-03	2.206322e-01	2.289145e+00	5.616448e-02
7.125224e-03	2.366017e-01	2.394306e+00	6.022969e-02
8.194007e-03	2.537271e-01	2.507482e+00	6.458915e-02
9.423108e-03	2.720920e-01	2.630473e+00	6.926414e-02
1.083657e-02	2.917861e-01	2.739150e+00	7.427752e-02
1.246206e-02	3.129058e-01	2.851177e+00	7.965377e-02
1.433137e-02	3.355540e-01	2.945863e+00	8.541915e-02
1.648108e-02	3.598416e-01	3.045740e+00	9.160327e-02
1.895324e-02	3.858871e-01	3.151833e+00	9.823544e-02
2.179622e-02	4.138179e-01	3.239931e+00	1.053437e-01
2.506566e-02	4.437702e-01	3.329219e+00	1.129695e-01
2.882550e-02	4.758905e-01	3.407261e+00	1.211459e-01
3.314933e-02	5.103357e-01	3.480714e+00	1.299143e-01
3.812173e-02	5.472741e-01	3.545169e+00	1.393174e-01
4.383999e-02	5.868861e-01	3.600525e+00	1.494012e-01
5.041599e-02	6.293652e-01	3.656210e+00	1.602147e-01
5.797838e-02	6.749190e-01	3.700707e+00	1.718109e-01
6.667514e-02	7.237700e-01	3.735854e+00	1.842465e-01
7.667641e-02	7.761569e-01	3.761491e+00	1.975822e-01
8.817787e-02	8.323355e-01	3.789798e+00	2.118831e-01
1.014046e-01	8.925804e-01	3.807990e+00	2.272191e-01
1.166152e-01	9.571858e-01	3.816067e+00	2.436651e-01
1.341075e-01	1.026467e+00	3.815221e+00	2.613016e-01
1.542237e-01	1.100764e+00	3.804091e+00	2.802146e-01
1.773572e-01	1.180438e+00	3.790518e+00	3.004965e-01
2.039608e-01	1.265878e+00	3.766001e+00	3.222464e-01
2.345549e-01	1.357503e+00	3.730824e+00	3.455705e-01
2.697381e-01	1.455760e+00	3.686670e+00	3.705830e-01
3.101989e-01	1.561129e+00	3.632619e+00	3.974059e-01
3.567287e-01	1.674124e+00	3.569182e+00	4.261701e-01
4.102380e-01	1.795298e+00	3.496700e+00	4.570162e-01
4.717737e-01	1.925243e+00	3.413864e+00	4.900951e-01
5.425397e-01	2.064593e+00	3.323087e+00	5.255684e-01
6.239207e-01	2.214029e+00	3.224381e+00	5.636092e-01
7.175088e-01	2.374282e+00	3.123545e+00	6.044032e-01
8.251351e-01	2.546133e+00	3.010887e+00	6.481499e-01
9.489054e-01	2.730424e+00	2.886852e+00	6.950634e-01
1.091241e+00	2.928053e+00	2.765536e+00	7.453715e-01
1.254927e+00	3.139987e+00	2.636210e+00	7.993268e-01
1.443166e+00	3.367261e+00	2.516370e+00	8.571627e-01
1.659641e+00	3.583012e+00	2.385578e+00	9.193959e-01
1.908588e+00	3.804065e+00	2.245263e+00	9.867939e-01
2.194876e+00	4.035518e+00	2.117311e+00	1.059813e+00
2.524107e+00	4.276712e+00	1.983134e+00	1.139014e+00
2.902723e+00	4.526521e+00	1.856750e+00	1.225010e+00
3.338132e+00	4.783205e+00	1.731622e+00	1.318522e+00
3.838852e+00	5.044239e+00	1.612889e+00	1.420390e+00
4.414679e+00	5.306124e+00	1.501493e+00	1.531614e+00
5.076881e+00	5.564204e+00	1.385041e+00	1.653393e+00
5.838413e+00	3.027464e+00	1.278527e+00	1.787196e+00
6.714175e+00	3.317373e+00	1.182758e+00	1.934834e+00
7.721302e+00	3.640953e+00	1.095410e+00	2.098571e+00
8.879497e+00	3.995523e+00	9.966429e-01	2.281270e+00
1.021142e+01	4.380234e+00	9.205917e-01	2.486575e+00
1.174313e+01	4.809736e+00	8.617637e-01	2.719162e+00
1.350460e+01	5.258714e+00	7.958371e-01	2.985067e+00
1.553030e+01	5.737800e+00	7.200897e-01	3.292101e+00
1.785984e+01	6.236550e+00	6.329801e-01	3.156730e+00
2.053882e+01	6.791097e+00	5.658441e-01	2.990064e+00
2.361964e+01	7.411289e+00	5.107623e-01	2.860398e+00
2.716258e+01	8.044721e+00	4.606267e-01	2.765894e+00
3.123697e+01	8.740912e+00	4.145573e-01	2.705227e+00
3.592252e+01	9.505775e+00	3.730347e-01	2.677506e+00
4.131089e+01	1.032118e+01	3.377710e-01	2.682201e+00
4.750753e+01	1.123286e+01	3.028684e-01	2.719033e+00
5.463366e+01	1.222284e+01	2.715357e-01	2.788235e+00
6.282871e+01	1.328655e+01	2.435351e-01	2.890347e+00
7.225301e+01	1.444412e+01	2.215303e-01	3.026462e+00
8.309096e+01	1.555247e+01	1.986185e-01	3.198366e+00
9.555461e+01	1.672481e+01	1.750949e-01	3.408706e+00
1.098878e+02	1.783338e+01	1.569871e-01	3.661172e+00
1.263710e+02	1.887149e+01	1.395249e-01	3.960693e+00
1.453266e+02	1.990128e+01	1.263610e-01	4.313633e+00
1.671256e+02	2.057617e+01	1.127329e-01	4.728068e+00
1.921945e+02	2.129363e+01	9.896618e-02	5.214106e+00
2.210236e+02	2.203394e+01	8.845921e-02	5.784102e+00
2.541772e+02	2.259514e+01	7.816825e-02	6.453978e+00
2.923037e+02	2.307861e+01	6.952632e-02	7.240715e+00
3.361493e+02	2.618647e+01	6.167584e-02	8.183155e+00
3.865717e+02	2.591513e+01	5.489931e-02	9.309806e+00
4.445574e+02	2.553703e+01	4.909376e-02	1.064883e+01
5.112411e+02	2.495947e+01	4.327649e-02	1.225537e+01
5.879272e+02	2.447288e+01	3.838638e-02	1.416963e+01
6.761163e+02	2.379572e+01	3.435455e-02	1.643743e+01
7.775337e+02	2.303819e+01	3.088471e-02	1.914756e+01
8.941638e+02	2.225617e+01	2.697226e-02	2.240264e+01
1.028288e+03	2.147176e+01	2.381370e-02	2.632994e+01
1.182532e+03	2.071084e+01	2.104248e-02	3.108853e+01
1.359911e+03	1.989637e+01	1.876530e-02	3.688726e+01
1.563898e+03	1.904429e+01	1.682689e-02	4.398677e+01
1.798483e+03	1.819399e+01	1.463974e-02	5.270250e+01
2.068255e+03	1.732339e+01	1.292586e-02	6.342756e+01
2.378493e+03	1.643780e+01	1.138766e-02	7.668181e+01
2.735268e+03	1.555329e+01	1.004760e-02	9.312212e+01
3.145558e+03	1.467173e+01	8.850413e-03	1.135767e+02
3.617391e+03	1.379090e+01	7.799465e-03	1.391086e+02
4.160000e+03	1.291610e+01	6.950125e-03	1.710842e+02
4.784000e+03	1.205918e+01	6.107487e-03	2.112509e+02
5.501600e+03	1.122611e+01	5.385250e-03	2.618415e+02
6.326840e+03	1.042188e+01	4.753032e-03	3.257167e+02
7.275866e+03	9.651147e+00	4.269704e-03	4.065329e+02
8.367246e+03	8.916984e+00	3.765480e-03	5.089602e+02
9.622333e+03	8.221662e+00	3.260181e-03	6.389533e+02
