# Energy_MeV	dEdx_Elec_MeV_um	dEdx_Nucl_MeV_um	Range_um
1.000000e-05	6.869885e-03	6.379455e-02	2.911257e-03
1.150000e-05	7.367131e-03	7.018207e-02	3.121975e-03
1.322500e-05	7.900368e-03	7.735826e-02	3.347945e-03
1.520875e-05	8.472201e-03	8.516602e-02	3.590271e-03
1.749006e-05	9.085423e-03	9.368415e-02	3.850137e-03
2.011357e-05	9.743031e-03	1.027676e-01	4.128812e-03
2.313061e-05	1.044824e-02	1.126113e-01	4.427658e-03
2.660020e-05	1.120449e-02	1.236311e-01	4.748134e-03
3.059023e-05	1.201547e-02	1.355021e-01	5.091806e-03
3.517876e-05	6.480815e-03	1.483892e-01	5.460354e-03
4.045558e-05	7.002287e-03	1.622255e-01	5.855577e-03
4.652391e-05	7.561126e-03	1.773744e-01	6.279407e-03
5.350250e-05	8.160071e-03	1.934521e-01	6.733914e-03
6.152788e-05	8.802054e-03	2.104913e-01	7.221318e-03
7.075706e-05	9.490216e-03	2.291408e-01	7.744001e-03
8.137062e-05	1.022792e-02	2.490660e-01	8.304516e-03
9.357621e-05	1.101878e-02	2.706119e-01	8.905601e-03
1.076126e-04	1.186666e-02	2.924054e-01	9.550193e-03
1.237545e-04	1.277571e-02	3.162776e-01	1.024144e-02
1.423177e-04	1.375036e-02	3.428519e-01	1.098272e-02
1.636654e-04	1.479538e-02	3.700537e-01	1.177766e-02
1.882152e-04	1.591589e-02	3.991639e-01	1.263013e-02
2.164475e-04	1.711734e-02	4.282918e-01	1.354431e-02
2.489146e-04	1.840562e-02	4.597232e-01	1.452465e-02
2.862518e-04	1.978702e-02	4.943488e-01	1.557595e-02
3.291895e-04	2.126828e-02	5.292067e-01	1.670335e-02
3.785680e-04	2.285666e-02	5.660761e-01	1.791234e-02
4.353531e-04	2.455990e-02	6.038003e-01	1.920885e-02
5.006561e-04	2.638632e-02	6.425715e-01	2.059920e-02
5.757545e-04	2.834486e-02	6.825175e-01	2.209018e-02
6.621177e-04	3.044507e-02	7.223310e-01	2.368908e-02
7.614354e-04	3.269723e-02	7.644570e-01	2.540370e-02
8.756507e-04	3.511233e-02	8.065833e-01	2.724244e-02
1.006998e-03	3.770217e-02	8.468353e-01	2.921426e-02
1.158048e-03	4.047940e-02	8.868820e-01	3.132880e-02
1.331755e-03	4.345760e-02	9.300530e-01	3.359640e-02
1.531519e-03	4.665131e-02	9.720866e-01	3.602812e-02
1.761246e-03	5.007613e-02	1.013353e+00	3.863586e-02
2.025433e-03	5.374880e-02	1.051058e+00	4.143234e-02
2.329248e-03	5.768726e-02	1.087160e+00	4.443124e-02
2.678635e-03	6.191074e-02	1.125231e+00	4.764719e-02
3.080431e-03	6.643989e-02	1.160599e+00	5.109592e-02
3.542495e-03	7.129682e-02	1.194035e+00	5.479427e-02
4.073870e-03	7.650528e-02	1.224452e+00	5.876031e-02
4.684950e-03	8.209069e-02	1.253748e+00	6.301341e-02
5.387693e-03	8.808035e-02	1.279338e+00	6.757436e-02
6.195847e-03	9.450352e-02	1.301352e+00	7.242805e-02
7.125224e-03	1.013916e-01	1.322477e+00	7.770176e-02
8.194007e-03	1.087782e-01	1.340809e+00	8.333728e-02
9.423108e-03	1.166994e-01	1.356999e+00	8.936924e-02
1.083657e-02	1.251940e-01	1.368142e+00	9.583751e-02
1.246206e-02	1.343033e-01	1.378107e+00	1.027742e-01
1.433137e-02	1.440720e-01	1.387596e+00	1.102129e-01
1.648108e-02	1.545478e-01	1.392825e+00	1.181900e-01
1.895324e-02	1.657817e-01	1.395246e+00	1.267445e-01
2.179622e-02	1.778288e-01	1.393537e+00	1.359182e-01
2.506566e-02	1.907479e-01	1.389395e+00	1.457559e-01
2.882550e-02	2.046020e-01	1.383345e+00	1.563056e-01
3.314933e-02	2.194588e-01	1.373153e+00	1.676189e-01
3.812173e-02	2.353911e-01	1.359499e+00	1.797512e-01
4.383999e-02	2.524764e-01	1.342308e+00	1.927615e-01
5.041599e-02	2.707985e-01	1.321590e+00	2.067136e-01
5.797838e-02	2.904466e-01	1.297526e+00	2.216754e-01
6.667514e-02	3.115169e-01	1.269970e+00	2.377202e-01
7.667641e-02	3.341123e-01	1.238863e+00	2.549265e-01
8.817787e-02	3.583432e-01	1.204744e+00	2.733780e-01
1.014046e-01	3.843279e-01	1.168960e+00	2.931651e-01
1.166152e-01	4.121933e-01	1.130554e+00	3.143843e-01
1.341075e-01	4.420757e-01	1.087602e+00	3.371395e-01
1.542237e-01	4.741209e-01	1.043583e+00	3.615418e-01
1.773572e-01	5.084857e-01	9.974304e-01	3.877102e-01
2.039608e-01	5.453377e-01	9.524632e-01	4.157727e-01
2.345549e-01	5.848571e-01	9.068036e-01	4.458663e-01
2.697381e-01	6.272370e-01	8.569342e-01	4.781383e-01
3.101989e-01	6.726843e-01	8.085934e-01	5.127462e-01
3.567287e-01	7.214211e-01	7.599420e-01	5.498587e-01
4.102380e-01	7.736855e-01	7.129889e-01	5.896578e-01
4.717737e-01	8.297328e-01	6.657454e-01	6.323373e-01
5.425397e-01	8.898369e-01	6.206601e-01	6.781020e-01
6.239207e-01	9.542938e-01	5.789956e-01	7.272168e-01
7.175088e-01	1.023420e+00	5.364841e-01	7.802986e-01
8.251351e-01	1.097549e+00	4.962540e-01	8.378102e-01
9.489054e-01	1.177044e+00	4.574155e-01	9.001602e-01
1.091241e+00	1.262293e+00	4.241701e-01	9.678255e-01
1.254927e+00	1.353712e+00	3.905820e-01	1.041357e+00
1.443166e+00	1.451749e+00	3.568838e-01	1.121393e+00
1.659641e+00	1.563275e+00	3.313558e-01	1.208692e+00
1.908588e+00	1.694657e+00	3.086835e-01	1.304157e+00
2.194876e+00	1.854663e+00	2.832246e-01	1.367331e+00
2.524107e+00	2.031550e+00	2.542850e-01	1.372164e+00
2.902723e+00	2.229925e+00	2.250189e-01	1.375142e+00
3.338132e+00	2.444812e+00	2.018756e-01	1.377065e+00
3.838852e+00	2.687225e+00	1.819444e-01	1.378852e+00
4.414679e+00	2.956236e+00	1.637975e-01	1.381520e+00
5.076881e+00	3.252234e+00	1.477473e-01	1.386264e+00
5.838413e+00	3.584672e+00	1.330833e-01	1.394422e+00
6.714175e+00	3.917439e+00	1.201202e-01	1.407488e+00
7.721302e+00	4.293029e+00	1.076925e-01	1.427145e+00
8.879497e+00	4.711691e+00	9.637213e-02	1.455278e+00
1.021142e+01	5.138317e+00	8.714554e-02	1.493991e+00
1.174313e+01	5.598673e+00	7.872975e-02	1.545607e+00
1.350460e+01	6.027125e+00	6.997646e-02	1.612666e+00
1.553030e+01	6.458615e+00	6.237917e-02	1.697906e+00
1.785984e+01	6.865421e+00	5.550764e-02	1.804287e+00
2.053882e+01	7.237971e+00	4.989012e-02	1.935032e+00
2.361964e+01	7.617185e+00	4.485286e-02	2.093696e+00
2.716258e+01	7.910020e+00	3.965046e-02	2.284327e+00
3.123697e+01	8.178121e+00	3.522891e-02	2.511664e+00
3.592252e+01	8.407271e+00	3.123907e-02	2.781409e+00
4.131089e+01	8.574424e+00	2.779698e-02	3.100549e+00
4.750753e+01	8.726163e+00	2.461402e-02	3.477735e+00
5.463366e+01	8.807451e+00	2.183424e-02	3.923737e+00
6.282871e+01	8.842244e+00	1.953429e-02	4.452000e+00
7.225301e+01	8.828626e+00	1.731282e-02	5.079299e+00
8.309096e+01	8.796753e+00	1.537127e-02	5.826632e+00
9.555461e+01	8.742687e+00	1.362861e-02	6.720340e+00
1.098878e+02	8.629902e+00	1.224340e-02	7.792168e+00
1.263710e+02	9.093010e+00	1.090299e-02	9.090894e+00
1.453266e+02	8.712520e+00	9.561894e-03	1.068580e+01
1.671256e+02	8.289677e+00	8.446887e-03	1.262653e+01
1.921945e+02	7.850633e+00	7.476383e-03	1.501348e+01
2.210236e+02	7.437345e+00	6.682183e-03	1.794820e+01
2.541772e+02	7.038917e+00	5.935926e-03	2.153630e+01
2.923037e+02	6.625345e+00	5.196358e-03	2.594144e+01
3.361493e+02	6.216163e+00	4.579701e-03	3.138473e+01
3.865717e+02	5.816478e+00	4.038132e-03	3.814189e+01
4.445574e+02	5.433156e+00	3.552299e-03	4.656338e+01
5.112411e+02	5.054565e+00	3.140485e-03	5.710939e+01
5.879272e+02	4.684370e+00	2.775672e-03	7.038061e+01
6.761163e+02	4.329048e+00	2.459437e-03	8.713333e+01
7.775337e+02	3.991949e+00	2.165840e-03	1.083185e+02
8.941638e+02	3.668506e+00	1.901897e-03	1.351809e+02
1.028288e+03	3.360756e+00	1.696644e-03	1.693473e+02
1.182532e+03	3.072173e+00	1.511348e-03	2.128940e+02
1.359911e+03	2.801153e+00	1.318624e-03	2.684913e+02
1.563898e+03	2.547365e+00	1.157985e-03	3.396068e+02
1.798483e+03	2.311106e+00	1.014904e-03	4.307032e+02
2.068255e+03	2.092384e+00	9.012491e-04	5.475138e+02
2.378493e+03	1.891265e+00	8.004519e-04	6.973944e+02
2.735268e+03	1.707732e+00	6.958599e-04	8.897659e+02
3.145558e+03	1.541362e+00	6.101822e-04	1.136651e+03
3.617391e+03	1.390739e+00	5.335726e-04	1.453361e+03
4.160000e+03	1.254343e+00	4.685377e-04	1.859328e+03
4.784000e+03	1.131852e+00	4.094590e-04	2.379130e+03
5.501600e+03	1.022550e+00	3.579889e-04	3.043729e+03
6.326840e+03	9.249197e-01	3.165864e-04	3.891953e+03
7.275866e+03	8.378800e-01	2.765571e-04	4.972268e+03
8.367246e+03	7.607557e-01	2.423529e-04	6.344878e+03
9.622333e+03	6.925072e-01	2.124007e-04	8.084122e+03
