# Energy_MeV	dEdx_Elec_MeV_um	dEdx_Nucl_MeV_um	Range_um
1.000000e-05	9.478864e-03	4.656245e-02	2.109958e-03
1.150000e-05	1.016495e-02	5.127806e-02	2.262677e-03
1.322500e-05	1.090069e-02	5.694289e-02	2.426451e-03
1.520875e-05	1.168969e-02	6.306755e-02	2.602079e-03
1.749006e-05	1.253580e-02	7.002321e-02	2.790419e-03
2.011357e-05	1.344314e-02	7.779671e-02	2.992391e-03
2.313061e-05	1.441617e-02	8.617409e-02	3.208982e-03
2.660020e-05	1.545962e-02	9.553826e-02	3.441250e-03
3.059023e-05	1.657859e-02	1.057423e-01	3.690329e-03
3.517876e-05	1.777856e-02	1.170064e-01	3.957437e-03
4.045558e-05	1.906538e-02	1.293285e-01	4.243878e-03
4.652391e-05	2.044534e-02	1.427830e-01	4.551052e-03
5.350250e-05	2.192519e-02	1.578128e-01	4.880460e-03
6.152788e-05	2.351214e-02	1.741448e-01	5.233710e-03
7.075706e-05	2.521397e-02	1.915687e-01	5.612529e-03
8.137062e-05	2.703897e-02	2.106640e-01	6.018767e-03
9.357621e-05	2.899606e-02	2.325654e-01	6.454408e-03
1.076126e-04	3.109481e-02	2.557058e-01	6.921582e-03
1.237545e-04	3.334547e-02	2.812316e-01	7.422570e-03
1.423177e-04	3.575903e-02	3.081307e-01	7.959819e-03
1.636654e-04	3.834729e-02	3.374525e-01	8.535955e-03
1.882152e-04	4.112289e-02	3.710834e-01	9.153792e-03
2.164475e-04	4.409938e-02	4.060593e-01	9.816348e-03
2.489146e-04	4.729132e-02	4.446511e-01	1.052686e-02
2.862518e-04	5.071429e-02	4.858062e-01	1.128880e-02
3.291895e-04	5.438502e-02	5.305341e-01	1.210589e-02
3.785680e-04	5.832143e-02	5.787436e-01	1.298212e-02
4.353531e-04	6.254277e-02	6.289877e-01	1.392177e-02
5.006561e-04	6.706965e-02	6.850862e-01	1.492944e-02
5.757545e-04	7.192419e-02	7.440134e-01	1.601004e-02
6.621177e-04	7.713010e-02	8.068302e-01	1.716885e-02
7.614354e-04	8.271281e-02	8.710634e-01	1.841155e-02
8.756507e-04	8.869961e-02	9.433465e-01	1.974418e-02
1.006998e-03	9.511974e-02	1.022010e+00	2.117328e-02
1.158048e-03	1.020046e-01	1.101600e+00	2.270581e-02
1.331755e-03	1.093877e-01	1.187010e+00	2.434927e-02
1.531519e-03	1.173052e-01	1.271785e+00	2.611168e-02
1.761246e-03	1.257959e-01	1.366863e+00	2.800166e-02
2.025433e-03	1.349010e-01	1.468819e+00	3.002843e-02
2.329248e-03	1.446652e-01	1.569833e+00	3.220191e-02
2.678635e-03	1.551362e-01	1.678489e+00	3.453270e-02
3.080431e-03	1.663650e-01	1.788915e+00	3.703219e-02
3.542495e-03	1.784066e-01	1.902560e+00	3.971260e-02
4.073870e-03	1.913198e-01	2.017266e+00	4.258702e-02
4.684950e-03	2.051676e-01	2.133244e+00	4.566950e-02
5.387693e-03	2.200177e-01	2.256611e+00	4.897508e-02
6.195847e-03	2.359427e-01	2.378523e+00	5.251992e-02
7.125224e-03	2.530204e-01	2.492198e+00	5.632134e-02
8.194007e-03	2.713341e-01	2.607097e+00	6.039791e-02
9.423108e-03	2.909734e-01	2.738403e+00	6.476954e-02
1.083657e-02	3.120343e-01	2.854532e+00	6.945759e-02
1.246206e-02	3.346195e-01	2.973389e+00	7.448497e-02
1.433137e-02	3.588394e-01	3.077030e+00	7.985387e-02
1.648108e-02	3.848124e-01	3.178506e+00	8.564274e-02
1.895324e-02	4.126653e-01	3.294039e+00	9.186067e-02
2.179622e-02	4.425342e-01	3.388543e+00	9.850830e-02
2.506566e-02	4.745651e-01	3.483810e+00	1.056386e-01
2.882550e-02	5.089144e-01	3.567640e+00	1.132846e-01
3.314933e-02	5.457499e-01	3.647090e+00	1.214841e-01
3.812173e-02	5.852515e-01	3.718763e+00	1.302770e-01
4.383999e-02	6.276124e-01	3.777753e+00	1.397063e-01
5.041599e-02	6.730393e-01	3.838652e+00	1.498181e-01
5.797838e-02	7.217542e-01	3.886919e+00	1.606619e-01
6.667514e-02	7.739952e-01	3.927946e+00	1.722906e-01
7.667641e-02	8.300173e-01	3.955902e+00	1.847609e-01
8.817787e-02	8.900944e-01	3.984750e+00	1.981338e-01
1.014046e-01	9.545199e-01	4.009227e+00	2.124746e-01
1.166152e-01	1.023609e+00	4.018792e+00	2.278535e-01
1.341075e-01	1.097698e+00	4.022188e+00	2.443456e-01
1.542237e-01	1.177150e+00	4.012189e+00	2.620312e-01
1.773572e-01	1.262353e+00	3.998566e+00	2.809969e-01
2.039608e-01	1.353722e+00	3.977397e+00	3.013355e-01
2.345549e-01	1.451706e+00	3.942406e+00	3.231463e-01
2.697381e-01	1.556781e+00	3.899180e+00	3.465356e-01
3.101989e-01	1.669461e+00	3.844910e+00	3.716177e-01
3.567287e-01	1.790298e+00	3.780955e+00	3.985154e-01
4.102380e-01	1.919881e+00	3.707225e+00	4.273601e-01
4.717737e-01	2.058843e+00	3.623258e+00	4.582926e-01
5.425397e-01	2.207863e+00	3.529421e+00	4.914638e-01
6.239207e-01	2.367669e+00	3.427071e+00	5.270359e-01
7.175088e-01	2.539042e+00	3.322093e+00	5.651829e-01
8.251351e-01	2.722819e+00	3.207854e+00	6.060911e-01
9.489054e-01	2.919898e+00	3.077121e+00	6.499605e-01
1.091241e+00	3.131242e+00	2.950907e+00	6.970032e-01
1.254927e+00	3.357883e+00	2.814109e+00	7.474563e-01
1.443166e+00	3.596883e+00	2.687261e+00	8.015513e-01
1.659641e+00	3.820554e+00	2.554504e+00	8.598950e-01
1.908588e+00	4.055375e+00	2.404306e+00	9.231090e-01
2.194876e+00	4.300927e+00	2.269426e+00	9.916143e-01
2.524107e+00	4.556390e+00	2.126799e+00	1.065939e+00
2.902723e+00	4.820411e+00	1.994442e+00	1.146675e+00
3.338132e+00	5.090942e+00	1.861127e+00	1.234509e+00
3.838852e+00	5.365056e+00	1.732757e+00	1.330252e+00
4.414679e+00	5.638749e+00	1.615914e+00	1.434868e+00
5.076881e+00	5.906750e+00	1.491236e+00	1.549524e+00
5.838413e+00	3.129708e+00	1.379102e+00	1.675647e+00
6.714175e+00	3.442612e+00	1.272599e+00	1.815010e+00
7.721302e+00	3.784625e+00	1.181351e+00	1.969832e+00
8.879497e+00	4.167867e+00	1.081011e+00	2.142928e+00
1.021142e+01	4.577378e+00	9.885256e-01	2.337891e+00
1.174313e+01	5.030646e+00	9.263938e-01	2.559339e+00
1.350460e+01	5.520683e+00	8.591800e-01	2.813234e+00
1.553030e+01	6.017902e+00	7.824433e-01	3.107309e+00
1.785984e+01	6.561266e+00	6.941962e-01	3.111053e+00
2.053882e+01	7.160644e+00	6.133424e-01	2.926355e+00
2.361964e+01	7.806443e+00	5.554507e-01	2.783152e+00
2.716258e+01	8.488787e+00	4.992826e-01	2.678187e+00
3.123697e+01	9.212289e+00	4.498548e-01	2.608997e+00
3.592252e+01	1.001664e+01	4.053120e-01	2.573755e+00
4.131089e+01	1.087574e+01	3.659131e-01	2.571158e+00
4.750753e+01	1.183235e+01	3.300481e-01	2.600310e+00
5.463366e+01	1.289802e+01	2.948255e-01	2.660869e+00
6.282871e+01	1.401816e+01	2.638900e-01	2.752954e+00
7.225301e+01	1.524260e+01	2.396963e-01	2.877288e+00
8.309096e+01	1.646405e+01	2.163963e-01	3.035323e+00
9.555461e+01	1.770004e+01	1.904042e-01	3.229383e+00
1.098878e+02	1.897444e+01	1.706487e-01	3.462810e+00
1.263710e+02	2.006370e+01	1.512668e-01	3.740124e+00
1.453266e+02	2.113454e+01	1.368817e-01	4.067214e+00
1.671256e+02	2.193426e+01	1.230137e-01	4.451510e+00
1.921945e+02	2.277523e+01	1.077649e-01	4.902402e+00
2.210236e+02	2.368826e+01	9.626996e-02	5.431284e+00
2.541772e+02	2.426589e+01	8.504671e-02	6.052509e+00
2.923037e+02	2.791611e+01	7.580388e-02	6.784221e+00
3.361493e+02	2.783992e+01	6.718927e-02	7.663623e+00
3.865717e+02	2.758952e+01	5.967935e-02	8.707797e+00
4.445574e+02	2.719748e+01	5.347506e-02	9.953035e+00
5.112411e+02	2.666262e+01	4.713259e-02	1.144249e+01
5.879272e+02	2.614308e+01	4.189696e-02	1.320904e+01
6.761163e+02	2.542315e+01	3.725848e-02	1.530176e+01
7.775337e+02	2.464467e+01	3.362114e-02	1.780220e+01
8.941638e+02	2.384019e+01	2.964197e-02	2.080379e+01
1.028288e+03	2.304332e+01	2.592893e-02	2.442210e+01
1.182532e+03	2.225861e+01	2.304021e-02	2.880426e+01
1.359911e+03	2.140622e+01	2.036091e-02	3.414182e+01
1.563898e+03	2.051457e+01	1.833456e-02	4.066948e+01
1.798483e+03	1.963014e+01	1.610887e-02	4.867097e+01
2.068255e+03	1.871337e+01	1.407856e-02	5.850690e+01
2.378493e+03	1.777909e+01	1.248011e-02	7.065153e+01
2.735268e+03	1.684815e+01	1.095658e-02	8.569804e+01
3.145558e+03	1.591299e+01	9.651588e-03	1.043962e+02
3.617391e+03	1.497965e+01	8.527892e-03	1.277124e+02
4.160000e+03	1.405255e+01	7.563920e-03	1.568821e+02
4.784000e+03	1.313876e+01	6.698634e-03	1.934844e+02
5.501600e+03	1.224769e+01	5.875465e-03	2.395357e+02
6.326840e+03	1.138818e+01	5.165683e-03	2.976171e+02
7.275866e+03	1.056318e+01	4.637115e-03	3.710234e+02
8.367246e+03	9.774781e+00	4.124142e-03	4.639599e+02
9.622333e+03	9.026271e+00	3.562140e-03	5.817834e+02
