# Energy_MeV	dEdx_Elec_MeV_um	dEdx_Nucl_MeV_um	Range_um
1.000000e-05	9.154729e-03	6.096722e-02	2.184663e-03
1.150000e-05	9.817353e-03	6.745484e-02	2.342790e-03
1.322500e-05	1.052794e-02	7.458513e-02	2.512363e-03
1.520875e-05	1.128996e-02	8.236800e-02	2.694209e-03
1.749006e-05	1.210713e-02	9.102190e-02	2.889217e-03
2.011357e-05	1.298345e-02	1.004793e-01	3.098340e-03
2.313061e-05	1.392320e-02	1.105998e-01	3.322600e-03
2.660020e-05	1.493097e-02	1.216281e-01	3.563091e-03
3.059023e-05	1.601168e-02	1.341556e-01	3.820990e-03
3.517876e-05	1.717061e-02	1.476648e-01	4.097555e-03
4.045558e-05	1.841343e-02	1.623595e-01	4.394138e-03
4.652391e-05	1.974620e-02	1.780787e-01	4.712188e-03
5.350250e-05	2.117544e-02	1.950207e-01	5.053259e-03
6.152788e-05	2.270813e-02	2.142653e-01	5.419017e-03
7.075706e-05	2.435176e-02	2.347798e-01	5.811248e-03
8.137062e-05	2.611435e-02	2.569786e-01	6.231869e-03
9.357621e-05	2.800452e-02	2.809677e-01	6.682935e-03
1.076126e-04	3.003151e-02	3.069261e-01	7.166649e-03
1.237545e-04	3.220520e-02	3.348634e-01	7.685375e-03
1.423177e-04	3.453623e-02	3.642354e-01	8.241647e-03
1.636654e-04	3.703598e-02	3.964769e-01	8.838182e-03
1.882152e-04	3.971667e-02	4.309694e-01	9.477894e-03
2.164475e-04	4.259138e-02	4.676342e-01	1.016391e-02
2.489146e-04	4.567417e-02	5.053394e-01	1.089958e-02
2.862518e-04	4.898009e-02	5.467150e-01	1.168850e-02
3.291895e-04	5.252529e-02	5.924512e-01	1.253451e-02
3.785680e-04	5.632710e-02	6.393409e-01	1.344177e-02
4.353531e-04	6.040409e-02	6.890669e-01	1.441469e-02
5.006561e-04	6.477617e-02	7.392698e-01	1.545804e-02
5.757545e-04	6.946470e-02	7.936610e-01	1.657690e-02
6.621177e-04	7.449259e-02	8.531102e-01	1.777674e-02
7.614354e-04	7.988440e-02	9.129797e-01	1.906343e-02
8.756507e-04	8.566648e-02	9.760955e-01	2.044325e-02
1.006998e-03	9.186706e-02	1.041178e+00	2.192294e-02
1.158048e-03	9.851645e-02	1.107667e+00	2.350974e-02
1.331755e-03	1.056471e-01	1.175342e+00	2.521139e-02
1.531519e-03	1.132939e-01	1.243848e+00	2.703620e-02
1.761246e-03	1.214942e-01	1.315786e+00	2.899309e-02
2.025433e-03	1.302880e-01	1.388172e+00	3.109163e-02
2.329248e-03	1.397183e-01	1.456460e+00	3.334206e-02
2.678635e-03	1.498312e-01	1.524070e+00	3.575537e-02
3.080431e-03	1.606761e-01	1.599415e+00	3.834337e-02
3.542495e-03	1.723059e-01	1.670764e+00	4.111868e-02
4.073870e-03	1.847775e-01	1.740071e+00	4.409487e-02
4.684950e-03	1.981518e-01	1.804196e+00	4.728648e-02
5.387693e-03	2.124941e-01	1.864113e+00	5.070910e-02
6.195847e-03	2.278745e-01	1.930641e+00	5.437945e-02
7.125224e-03	2.443682e-01	1.989933e+00	5.831547e-02
8.194007e-03	2.620557e-01	2.045712e+00	6.251212e-02
9.423108e-03	2.810235e-01	2.097610e+00	6.706249e-02
1.083657e-02	3.013641e-01	2.145331e+00	7.191814e-02
1.246206e-02	3.231770e-01	2.189223e+00	7.712413e-02
1.433137e-02	3.465687e-01	2.225572e+00	8.270606e-02
1.648108e-02	3.716535e-01	2.261194e+00	8.869228e-02
1.895324e-02	3.985540e-01	2.291980e+00	9.511172e-02
2.179622e-02	4.274015e-01	2.317456e+00	1.019959e-01
2.506566e-02	4.583371e-01	2.336083e+00	1.093783e-01
2.882550e-02	4.915118e-01	2.352686e+00	1.172950e-01
3.314933e-02	5.270877e-01	2.368087e+00	1.257847e-01
3.812173e-02	5.652385e-01	2.376044e+00	1.348889e-01
4.383999e-02	6.061508e-01	2.379010e+00	1.446522e-01
5.041599e-02	6.500243e-01	2.375247e+00	1.551221e-01
5.797838e-02	6.970734e-01	2.367538e+00	1.663497e-01
6.667514e-02	7.475280e-01	2.356284e+00	1.783900e-01
7.667641e-02	8.016344e-01	2.337752e+00	1.913019e-01
8.817787e-02	8.596572e-01	2.313433e+00	2.051484e-01
1.014046e-01	9.218796e-01	2.283111e+00	2.199970e-01
1.166152e-01	9.886057e-01	2.246737e+00	2.359203e-01
1.341075e-01	1.060162e+00	2.204667e+00	2.529962e-01
1.542237e-01	1.136897e+00	2.156602e+00	2.713081e-01
1.773572e-01	1.219186e+00	2.102628e+00	2.909455e-01
2.039608e-01	1.307431e+00	2.043406e+00	3.120041e-01
2.345549e-01	1.402064e+00	1.981707e+00	3.345869e-01
2.697381e-01	1.503546e+00	1.915733e+00	3.588043e-01
3.101989e-01	1.612373e+00	1.840738e+00	3.847748e-01
3.567287e-01	1.729078e+00	1.765397e+00	4.126249e-01
4.102380e-01	1.854229e+00	1.686416e+00	4.424907e-01
4.717737e-01	1.988439e+00	1.609394e+00	4.745181e-01
5.425397e-01	2.132364e+00	1.532296e+00	5.088639e-01
6.239207e-01	2.286705e+00	1.445178e+00	5.456974e-01
7.175088e-01	2.452218e+00	1.363532e+00	5.851857e-01
8.251351e-01	2.615084e+00	1.280851e+00	6.276088e-01
9.489054e-01	2.776862e+00	1.200512e+00	6.735104e-01
1.091241e+00	2.946408e+00	1.121774e+00	7.232395e-01
1.254927e+00	3.123300e+00	1.044038e+00	7.771652e-01
1.443166e+00	3.306795e+00	9.742782e-01	8.357004e-01
1.659641e+00	1.763841e+00	9.015594e-01	8.993284e-01
1.908588e+00	1.892275e+00	8.333046e-01	9.686109e-01
2.194876e+00	2.043377e+00	7.694291e-01	1.044214e+00
2.524107e+00	2.222796e+00	7.129142e-01	1.126934e+00
2.902723e+00	2.436902e+00	6.554157e-01	1.217743e+00
3.338132e+00	2.667796e+00	5.993572e-01	1.317837e+00
3.838852e+00	2.925607e+00	5.577988e-01	1.428707e+00
4.414679e+00	3.200560e+00	5.190713e-01	1.552234e+00
5.076881e+00	3.503667e+00	4.748775e-01	1.644254e+00
5.838413e+00	3.838013e+00	4.244703e-01	1.595341e+00
6.714175e+00	4.192933e+00	3.755624e-01	1.551821e+00
7.721302e+00	4.586579e+00	3.377352e-01	1.514879e+00
8.879497e+00	5.001605e+00	3.043641e-01	1.485700e+00
1.021142e+01	5.471725e+00	2.738447e-01	1.465501e+00
1.174313e+01	6.006237e+00	2.467834e-01	1.455548e+00
1.350460e+01	6.575598e+00	2.227738e-01	1.457129e+00
1.553030e+01	7.207634e+00	2.009194e-01	1.471691e+00
1.785984e+01	7.880356e+00	1.799990e-01	1.500673e+00
2.053882e+01	8.582777e+00	1.609668e-01	1.545578e+00
2.361964e+01	9.342629e+00	1.455833e-01	1.607972e+00
2.716258e+01	1.010017e+01	1.317732e-01	1.689518e+00
3.123697e+01	1.089822e+01	1.164964e-01	1.792045e+00
3.592252e+01	1.165888e+01	1.040084e-01	1.917658e+00
4.131089e+01	1.235526e+01	9.260104e-02	2.068877e+00
4.750753e+01	1.305713e+01	8.321120e-02	2.248797e+00
5.463366e+01	1.362104e+01	7.501766e-02	2.461300e+00
6.282871e+01	1.417206e+01	6.592266e-02	2.711235e+00
7.225301e+01	1.463375e+01	5.872379e-02	3.004670e+00
8.309096e+01	1.493890e+01	5.206855e-02	3.349158e+00
9.555461e+01	1.519578e+01	4.627914e-02	3.754073e+00
1.098878e+02	1.543408e+01	4.110683e-02	4.230997e+00
1.263710e+02	1.561314e+01	3.636037e-02	4.794550e+00
1.453266e+02	1.568726e+01	3.260890e-02	5.461108e+00
1.671256e+02	1.709449e+01	2.883380e-02	6.261293e+00
1.921945e+02	1.667366e+01	2.559651e-02	7.229469e+00
2.210236e+02	1.617410e+01	2.277756e-02	8.389530e+00
2.541772e+02	1.559519e+01	2.045275e-02	9.796007e+00
2.923037e+02	1.506300e+01	1.816902e-02	1.149509e+01
3.361493e+02	1.448652e+01	1.592261e-02	1.353459e+01
3.865717e+02	1.385972e+01	1.408580e-02	1.599926e+01
4.445574e+02	1.322664e+01	1.247377e-02	1.899528e+01
5.112411e+02	1.259675e+01	1.116344e-02	2.265463e+01
5.879272e+02	1.198697e+01	9.884439e-03	2.714298e+01
6.761163e+02	1.136032e+01	8.647458e-03	3.267804e+01
7.775337e+02	1.072658e+01	7.636276e-03	3.953875e+01
8.941638e+02	1.010224e+01	6.725435e-03	4.806951e+01
1.028288e+03	9.487251e+00	5.914695e-03	5.870023e+01
1.182532e+03	8.877523e+00	5.221843e-03	7.199716e+01
1.359911e+03	8.280256e+00	4.629351e-03	8.869050e+01
1.563898e+03	7.702192e+00	4.100024e-03	1.097072e+02
1.798483e+03	7.140121e+00	3.606386e-03	1.362389e+02
2.068255e+03	6.594105e+00	3.166431e-03	1.698298e+02
2.378493e+03	6.072602e+00	2.826718e-03	2.124642e+02
2.735268e+03	5.578226e+00	2.522630e-03	2.666896e+02
3.145558e+03	5.112556e+00	2.186136e-03	3.357791e+02
3.617391e+03	4.675503e+00	1.925896e-03	4.239286e+02
4.160000e+03	4.266034e+00	1.687643e-03	5.365040e+02
4.784000e+03	3.886517e+00	1.499841e-03	6.803532e+02
5.501600e+03	3.538461e+00	1.335430e-03	8.641869e+02
6.326840e+03	3.219406e+00	1.153314e-03	1.099045e+03
7.275866e+03	2.927869e+00	1.015029e-03	1.398859e+03
8.367246e+03	2.664724e+00	8.865904e-04	1.781118e+03
9.622333e+03	2.428051e+00	7.781365e-04	2.267666e+03
