# Energy_MeV	dEdx_Elec_MeV_um	dEdx_Nucl_MeV_um	Range_um
1.000000e-05	9.977494e-03	4.827822e-02	2.004511e-03
1.150000e-05	1.069967e-02	5.351819e-02	2.149599e-03
1.322500e-05	1.147412e-02	5.935880e-02	2.305188e-03
1.520875e-05	1.230462e-02	6.577236e-02	2.472039e-03
1.749006e-05	1.319524e-02	7.312145e-02	2.650966e-03
2.011357e-05	1.415031e-02	8.109238e-02	2.842845e-03
2.313061e-05	1.517452e-02	8.988553e-02	3.048611e-03
2.660020e-05	1.627286e-02	9.955200e-02	3.269271e-03
3.059023e-05	1.745070e-02	1.102014e-01	3.505903e-03
3.517876e-05	1.871379e-02	1.219261e-01	3.759662e-03
4.045558e-05	2.006830e-02	1.346216e-01	4.031788e-03
4.652391e-05	2.152086e-02	1.487747e-01	4.323611e-03
5.350250e-05	2.307855e-02	1.642522e-01	4.636556e-03
6.152788e-05	2.474899e-02	1.811565e-01	4.972153e-03
7.075706e-05	2.654033e-02	1.990621e-01	5.332040e-03
8.137062e-05	2.846134e-02	2.192219e-01	5.717976e-03
9.357621e-05	3.052138e-02	2.418213e-01	6.131846e-03
1.076126e-04	3.273054e-02	2.657073e-01	6.575672e-03
1.237545e-04	3.509959e-02	2.921083e-01	7.051623e-03
1.423177e-04	3.764012e-02	3.196740e-01	7.562023e-03
1.636654e-04	4.036453e-02	3.506402e-01	8.109366e-03
1.882152e-04	4.328614e-02	3.851244e-01	8.696326e-03
2.164475e-04	4.641921e-02	4.212474e-01	9.325771e-03
2.489146e-04	4.977906e-02	4.612018e-01	1.000078e-02
2.862518e-04	5.338209e-02	5.037489e-01	1.072464e-02
3.291895e-04	5.724591e-02	5.498300e-01	1.150089e-02
3.785680e-04	6.138940e-02	5.989422e-01	1.233333e-02
4.353531e-04	6.583280e-02	6.512018e-01	1.322603e-02
5.006561e-04	7.059781e-02	7.089386e-01	1.418333e-02
5.757545e-04	7.570772e-02	7.698510e-01	1.520993e-02
6.621177e-04	8.118749e-02	8.331166e-01	1.631083e-02
7.614354e-04	8.706388e-02	8.999171e-01	1.749142e-02
8.756507e-04	9.336561e-02	9.762594e-01	1.875746e-02
1.006998e-03	1.001235e-01	1.054597e+00	2.011513e-02
1.158048e-03	1.073704e-01	1.137556e+00	2.157108e-02
1.331755e-03	1.151420e-01	1.222256e+00	2.313240e-02
1.531519e-03	1.234760e-01	1.310181e+00	2.480674e-02
1.761246e-03	1.324133e-01	1.410572e+00	2.660226e-02
2.025433e-03	1.419974e-01	1.510812e+00	2.852775e-02
2.329248e-03	1.522753e-01	1.616068e+00	3.059260e-02
2.678635e-03	1.632970e-01	1.724582e+00	3.280691e-02
3.080431e-03	1.751166e-01	1.837314e+00	3.518149e-02
3.542495e-03	1.877916e-01	1.952833e+00	3.772795e-02
4.073870e-03	2.013840e-01	2.066378e+00	4.045871e-02
4.684950e-03	2.159603e-01	2.187717e+00	4.338714e-02
5.387693e-03	2.315916e-01	2.309005e+00	4.652752e-02
6.195847e-03	2.483544e-01	2.430154e+00	4.989521e-02
7.125224e-03	2.663304e-01	2.541797e+00	5.350665e-02
8.194007e-03	2.856075e-01	2.663009e+00	5.737949e-02
9.423108e-03	3.062800e-01	2.791620e+00	6.153265e-02
1.083657e-02	3.284487e-01	2.906760e+00	6.598641e-02
1.246206e-02	3.522219e-01	3.023639e+00	7.076254e-02
1.433137e-02	3.777160e-01	3.123783e+00	7.586636e-02
1.648108e-02	4.050552e-01	3.230759e+00	8.137931e-02
1.895324e-02	4.343734e-01	3.341120e+00	8.726843e-02
2.179622e-02	4.658135e-01	3.434170e+00	9.358578e-02
2.506566e-02	4.995294e-01	3.527551e+00	1.003591e-01
2.882550e-02	5.356856e-01	3.610220e+00	1.076231e-01
3.314933e-02	5.744588e-01	3.686713e+00	1.154127e-01
3.812173e-02	6.160384e-01	3.753821e+00	1.237662e-01
4.383999e-02	6.606276e-01	3.812446e+00	1.327244e-01
5.041599e-02	7.084441e-01	3.870257e+00	1.423308e-01
5.797838e-02	7.597217e-01	3.917176e+00	1.526326e-01
6.667514e-02	8.147108e-01	3.952569e+00	1.636801e-01
7.667641e-02	8.736800e-01	3.979804e+00	1.755273e-01
8.817787e-02	9.369174e-01	4.010138e+00	1.882319e-01
1.014046e-01	1.004732e+00	4.027294e+00	2.018560e-01
1.166152e-01	1.077455e+00	4.035721e+00	2.164663e-01
1.341075e-01	1.155442e+00	4.033164e+00	2.321341e-01
1.542237e-01	1.239073e+00	4.021084e+00	2.489360e-01
1.773572e-01	1.328758e+00	4.006564e+00	2.669540e-01
2.039608e-01	1.424934e+00	3.978952e+00	2.862760e-01
2.345549e-01	1.528072e+00	3.941159e+00	3.069967e-01
2.697381e-01	1.638674e+00	3.893338e+00	3.292172e-01
3.101989e-01	1.757282e+00	3.835306e+00	3.530460e-01
3.567287e-01	1.884476e+00	3.767339e+00	3.785994e-01
4.102380e-01	2.020875e+00	3.689839e+00	4.060024e-01
4.717737e-01	2.167147e+00	3.601135e+00	4.353890e-01
5.425397e-01	2.324006e+00	3.504622e+00	4.669026e-01
6.239207e-01	2.492219e+00	3.400143e+00	5.006971e-01
7.175088e-01	2.672607e+00	3.292618e+00	5.369376e-01
8.251351e-01	2.866052e+00	3.171968e+00	5.758011e-01
9.489054e-01	3.073498e+00	3.041192e+00	6.174775e-01
1.091241e+00	3.295959e+00	2.912092e+00	6.621740e-01
1.254927e+00	3.534523e+00	2.776272e+00	7.100879e-01
1.443166e+00	3.765629e+00	2.649014e+00	7.615969e-01
1.659641e+00	3.998309e+00	2.508933e+00	8.173558e-01
1.908588e+00	4.242061e+00	2.361931e+00	8.777634e-01
2.194876e+00	4.496244e+00	2.226196e+00	9.432762e-01
2.524107e+00	4.759738e+00	2.085100e+00	1.014398e+00
2.902723e+00	5.030791e+00	1.950798e+00	1.091719e+00
3.338132e+00	5.306846e+00	1.819466e+00	1.175929e+00
3.838852e+00	5.584342e+00	1.694930e+00	1.267843e+00
4.414679e+00	5.858513e+00	1.576538e+00	1.368442e+00
5.076881e+00	3.116354e+00	1.454433e+00	1.478918e+00
5.838413e+00	3.422021e+00	1.341406e+00	1.600745e+00
6.714175e+00	3.764442e+00	1.242580e+00	1.735762e+00
7.721302e+00	4.136573e+00	1.149401e+00	1.886290e+00
8.879497e+00	4.545379e+00	1.043598e+00	2.055279e+00
1.021142e+01	5.001802e+00	9.678950e-01	2.246516e+00
1.174313e+01	5.479137e+00	9.053248e-01	2.464881e+00
1.350460e+01	5.998016e+00	8.346685e-01	2.716691e+00
1.553030e+01	6.527645e+00	7.535518e-01	2.995773e+00
1.785984e+01	7.118173e+00	6.602676e-01	2.797902e+00
2.053882e+01	7.785965e+00	5.934428e-01	2.641889e+00
2.361964e+01	8.447312e+00	5.345105e-01	2.523859e+00
2.716258e+01	9.178942e+00	4.826394e-01	2.440851e+00
3.123697e+01	9.966007e+00	4.344934e-01	2.390629e+00
3.592252e+01	1.081636e+01	3.904513e-01	2.371543e+00
4.131089e+01	1.176675e+01	3.540341e-01	2.382436e+00
4.750753e+01	1.279811e+01	3.166573e-01	2.422531e+00
5.463366e+01	1.393403e+01	2.844056e-01	2.491671e+00
6.282871e+01	1.516648e+01	2.554023e-01	2.590130e+00
7.225301e+01	1.641099e+01	2.321979e-01	2.718834e+00
8.309096e+01	1.775042e+01	2.076559e-01	2.879459e+00
9.555461e+01	1.901195e+01	1.833401e-01	3.074559e+00
1.098878e+02	2.026617e+01	1.642940e-01	3.307704e+00
1.263710e+02	2.147956e+01	1.462366e-01	3.583631e+00
1.453266e+02	2.239457e+01	1.323978e-01	3.908410e+00
1.671256e+02	2.331893e+01	1.177992e-01	4.289695e+00
1.921945e+02	2.426868e+01	1.035851e-01	4.736926e+00
2.210236e+02	2.509648e+01	9.254068e-02	5.262199e+00
2.541772e+02	2.580409e+01	8.181849e-02	5.878243e+00
2.923037e+02	2.831032e+01	7.268358e-02	6.613601e+00
3.361493e+02	2.813295e+01	6.452861e-02	7.493794e+00
3.865717e+02	2.783695e+01	5.748518e-02	8.536354e+00
4.445574e+02	2.731912e+01	5.133946e-02	9.785267e+00
5.112411e+02	2.684981e+01	4.528309e-02	1.127188e+01
5.879272e+02	2.620076e+01	4.011509e-02	1.302833e+01
6.761163e+02	2.543636e+01	3.600254e-02	1.512015e+01
7.775337e+02	2.463847e+01	3.230647e-02	1.762489e+01
8.941638e+02	2.383005e+01	2.811470e-02	2.063781e+01
1.028288e+03	2.305161e+01	2.493468e-02	2.427691e+01
1.182532e+03	2.221600e+01	2.196842e-02	2.869688e+01
1.359911e+03	2.133258e+01	1.966067e-02	3.409183e+01
1.563898e+03	2.043840e+01	1.759665e-02	4.069585e+01
1.798483e+03	1.952375e+01	1.526307e-02	4.879761e+01
2.068255e+03	1.858583e+01	1.353128e-02	5.877775e+01
2.378493e+03	1.764093e+01	1.188379e-02	7.111930e+01
2.735268e+03	1.669465e+01	1.051079e-02	8.642871e+01
3.145558e+03	1.574720e+01	9.259678e-03	1.054810e+02
3.617391e+03	1.480387e+01	8.158933e-03	1.292726e+02
4.160000e+03	1.386872e+01	7.273734e-03	1.590759e+02
4.784000e+03	1.295069e+01	6.371270e-03	1.965142e+02
5.501600e+03	1.206102e+01	5.632725e-03	2.436650e+02
6.326840e+03	1.120534e+01	4.978464e-03	3.031822e+02
7.275866e+03	1.038492e+01	4.469760e-03	3.784527e+02
8.367246e+03	9.602755e+00	3.929635e-03	4.737946e+02
9.622333e+03	8.862854e+00	3.408862e-03	5.947008e+02
