# Energy_MeV	dEdx_Elec_MeV_um	dEdx_Nucl_MeV_um	Range_um
1.000000e-05	9.458771e-03	4.643743e-02	2.114440e-03
1.150000e-05	1.014340e-02	5.001805e-02	2.267484e-03
1.322500e-05	1.087759e-02	5.550563e-02	2.431606e-03
1.520875e-05	1.166491e-02	6.156107e-02	2.607606e-03
1.749006e-05	1.250922e-02	6.822021e-02	2.796346e-03
2.011357e-05	1.341465e-02	7.585740e-02	2.998747e-03
2.313061e-05	1.438561e-02	8.410284e-02	3.215798e-03
2.660020e-05	1.542685e-02	9.323334e-02	3.448559e-03
3.059023e-05	1.654345e-02	1.032401e-01	3.698168e-03
3.517876e-05	1.774087e-02	1.142812e-01	3.965843e-03
4.045558e-05	1.902497e-02	1.264430e-01	4.252893e-03
4.652391e-05	2.040200e-02	1.395815e-01	4.560720e-03
5.350250e-05	2.187871e-02	1.542862e-01	4.890827e-03
6.152788e-05	2.346231e-02	1.703062e-01	5.244828e-03
7.075706e-05	2.516052e-02	1.878033e-01	5.624451e-03
8.137062e-05	2.698165e-02	2.063397e-01	6.031552e-03
9.357621e-05	2.893460e-02	2.272890e-01	6.468119e-03
1.076126e-04	3.102890e-02	2.507001e-01	6.936285e-03
1.237545e-04	3.327479e-02	2.754263e-01	7.438337e-03
1.423177e-04	3.568323e-02	3.027531e-01	7.976728e-03
1.636654e-04	3.826600e-02	3.312755e-01	8.554087e-03
1.882152e-04	4.103572e-02	3.634515e-01	9.173237e-03
2.164475e-04	4.400591e-02	3.991606e-01	9.837201e-03
2.489146e-04	4.719108e-02	4.365338e-01	1.054922e-02
2.862518e-04	5.060679e-02	4.779184e-01	1.131278e-02
3.291895e-04	5.426974e-02	5.219842e-01	1.213161e-02
3.785680e-04	5.819781e-02	5.696555e-01	1.300970e-02
4.353531e-04	6.241020e-02	6.204920e-01	1.395135e-02
5.006561e-04	6.692748e-02	6.745938e-01	1.496115e-02
5.757545e-04	7.177173e-02	7.343784e-01	1.604405e-02
6.621177e-04	7.696660e-02	7.974290e-01	1.720533e-02
7.614354e-04	8.253749e-02	8.626240e-01	1.845066e-02
8.756507e-04	8.851159e-02	9.319160e-01	1.978612e-02
1.006998e-03	9.491811e-02	1.011230e+00	2.121825e-02
1.158048e-03	1.017883e-01	1.091854e+00	2.275404e-02
1.331755e-03	1.091558e-01	1.177909e+00	2.440099e-02
1.531519e-03	1.170566e-01	1.264969e+00	2.616715e-02
1.761246e-03	1.255292e-01	1.356112e+00	2.806114e-02
2.025433e-03	1.346151e-01	1.460391e+00	3.009222e-02
2.329248e-03	1.443586e-01	1.563237e+00	3.227031e-02
2.678635e-03	1.548073e-01	1.672485e+00	3.460605e-02
3.080431e-03	1.660124e-01	1.784207e+00	3.711086e-02
3.542495e-03	1.780284e-01	1.900594e+00	3.979696e-02
4.073870e-03	1.909142e-01	2.019948e+00	4.267749e-02
4.684950e-03	2.047327e-01	2.136473e+00	4.576651e-02
5.387693e-03	2.195514e-01	2.262557e+00	4.907911e-02
6.195847e-03	2.354426e-01	2.387016e+00	5.263148e-02
7.125224e-03	2.524841e-01	2.511648e+00	5.644098e-02
8.194007e-03	2.707590e-01	2.626294e+00	6.052621e-02
9.423108e-03	2.903567e-01	2.752151e+00	6.490712e-02
1.083657e-02	3.113728e-01	2.884556e+00	6.960514e-02
1.246206e-02	3.339102e-01	3.002587e+00	7.464319e-02
1.433137e-02	3.580788e-01	3.122586e+00	8.004591e-02
1.648108e-02	3.839967e-01	3.225025e+00	8.583272e-02
1.895324e-02	4.117906e-01	3.336042e+00	9.205586e-02
2.179622e-02	4.415962e-01	3.449421e+00	9.871714e-02
2.506566e-02	4.735592e-01	3.544404e+00	1.058633e-01
2.882550e-02	5.078356e-01	3.640330e+00	1.135253e-01
3.314933e-02	5.445930e-01	3.725057e+00	1.217421e-01
3.812173e-02	5.840110e-01	3.803171e+00	1.305538e-01
4.383999e-02	6.262820e-01	3.871880e+00	1.400032e-01
5.041599e-02	6.716126e-01	3.931794e+00	1.501365e-01
5.797838e-02	7.202243e-01	3.991022e+00	1.610032e-01
6.667514e-02	7.723545e-01	4.038812e+00	1.726566e-01
7.667641e-02	8.282579e-01	4.074184e+00	1.851534e-01
8.817787e-02	8.882077e-01	4.102129e+00	1.985548e-01
1.014046e-01	9.524966e-01	4.133545e+00	2.129261e-01
1.166152e-01	1.021439e+00	4.149782e+00	2.283375e-01
1.341075e-01	1.095371e+00	4.158377e+00	2.448646e-01
1.542237e-01	1.174655e+00	4.154646e+00	2.625879e-01
1.773572e-01	1.259677e+00	4.141835e+00	2.815940e-01
2.039608e-01	1.350853e+00	4.126660e+00	3.019757e-01
2.345549e-01	1.448628e+00	4.096945e+00	3.238326e-01
2.697381e-01	1.553481e+00	4.057630e+00	3.472717e-01
3.101989e-01	1.665923e+00	4.007522e+00	3.724073e-01
3.567287e-01	1.786503e+00	3.947102e+00	3.993621e-01
4.102380e-01	1.915811e+00	3.876372e+00	4.282679e-01
4.717737e-01	2.054478e+00	3.795885e+00	4.592660e-01
5.425397e-01	2.203183e+00	3.703675e+00	4.925078e-01
6.239207e-01	2.362650e+00	3.603852e+00	5.281557e-01
7.175088e-01	2.533660e+00	3.495756e+00	5.663837e-01
8.251351e-01	2.717048e+00	3.384617e+00	6.073785e-01
9.489054e-01	2.913709e+00	3.259265e+00	6.513408e-01
1.091241e+00	3.124605e+00	3.124165e+00	6.984844e-01
1.254927e+00	3.350765e+00	2.991061e+00	7.490454e-01
1.443166e+00	3.593295e+00	2.851120e+00	8.032436e-01
1.659641e+00	3.825294e+00	2.720272e+00	8.615415e-01
1.908588e+00	4.061433e+00	2.574815e+00	9.246686e-01
2.194876e+00	4.308729e+00	2.423336e+00	9.930597e-01
2.524107e+00	4.566500e+00	2.283987e+00	1.067237e+00
2.902723e+00	4.833565e+00	2.138600e+00	1.147773e+00
3.338132e+00	5.108099e+00	2.000391e+00	1.235340e+00
3.838852e+00	5.387441e+00	1.865577e+00	1.330725e+00
4.414679e+00	2.844589e+00	1.737523e+00	1.434856e+00
5.076881e+00	3.092799e+00	1.615846e+00	1.548853e+00
5.838413e+00	3.385843e+00	1.490139e+00	1.674082e+00
6.714175e+00	3.700094e+00	1.374052e+00	1.812229e+00
7.721302e+00	4.051668e+00	1.273761e+00	1.965401e+00
8.879497e+00	4.435743e+00	1.177415e+00	2.136256e+00
1.021142e+01	4.855181e+00	1.067600e+00	2.328183e+00
1.174313e+01	5.324763e+00	9.931105e-01	2.545525e+00
1.350460e+01	5.815965e+00	9.281891e-01	2.793887e+00
1.553030e+01	6.345423e+00	8.548625e-01	3.080523e+00
1.785984e+01	6.893875e+00	7.705368e-01	3.414848e+00
2.053882e+01	7.503086e+00	6.738889e-01	3.201044e+00
2.361964e+01	8.186077e+00	6.075881e-01	3.017915e+00
2.716258e+01	8.870010e+00	5.464757e-01	2.879478e+00
3.123697e+01	9.618971e+00	4.939875e-01	2.781961e+00
3.592252e+01	1.042982e+01	4.444130e-01	2.722510e+00
4.131089e+01	1.129866e+01	3.996545e-01	2.699002e+00
4.750753e+01	1.227106e+01	3.623779e-01	2.709922e+00
5.463366e+01	1.333206e+01	3.235769e-01	2.754239e+00
6.282871e+01	1.449209e+01	2.909760e-01	2.831649e+00
7.225301e+01	1.576209e+01	2.612491e-01	2.942379e+00
8.309096e+01	1.703159e+01	2.376481e-01	3.087416e+00
9.555461e+01	1.839406e+01	2.121929e-01	3.268617e+00
1.098878e+02	1.970374e+01	1.872742e-01	3.488848e+00
1.263710e+02	2.097438e+01	1.679462e-01	3.752131e+00
1.453266e+02	2.223689e+01	1.494986e-01	4.063814e+00
1.671256e+02	2.314443e+01	1.354615e-01	4.430755e+00
1.921945e+02	2.409643e+01	1.203257e-01	4.861604e+00
2.210236e+02	2.508541e+01	1.057861e-01	5.366999e+00
2.541772e+02	2.590770e+01	9.456828e-02	5.960659e+00
2.923037e+02	2.664397e+01	8.357977e-02	6.656979e+00
3.361493e+02	2.871229e+01	7.424636e-02	7.489553e+00
3.865717e+02	2.853554e+01	6.594623e-02	8.484355e+00
4.445574e+02	2.824432e+01	5.876948e-02	9.663435e+00
5.112411e+02	2.771764e+01	5.245684e-02	1.107527e+01
5.879272e+02	2.726340e+01	4.624431e-02	1.275393e+01
6.761163e+02	2.659836e+01	4.096615e-02	1.473651e+01
7.775337e+02	2.582871e+01	3.684398e-02	1.709813e+01
8.941638e+02	2.502585e+01	3.301613e-02	1.992570e+01
1.028288e+03	2.421516e+01	2.869145e-02	2.332642e+01
1.182532e+03	2.343270e+01	2.549884e-02	2.743354e+01
1.359911e+03	2.258778e+01	2.242169e-02	3.242184e+01
1.563898e+03	2.169420e+01	2.012309e-02	3.850937e+01
1.798483e+03	2.079369e+01	1.798003e-02	4.595871e+01
2.068255e+03	1.986736e+01	1.559277e-02	5.509508e+01
2.378493e+03	1.891764e+01	1.383494e-02	6.634812e+01
2.735268e+03	1.796229e+01	1.212742e-02	8.026047e+01
3.145558e+03	1.700284e+01	1.074296e-02	9.751389e+01
3.617391e+03	1.604319e+01	9.456406e-03	1.189810e+02
4.160000e+03	1.508754e+01	8.340608e-03	1.457823e+02
4.784000e+03	1.413868e+01	7.436503e-03	1.793480e+02
5.501600e+03	1.320650e+01	6.509750e-03	2.215027e+02
6.326840e+03	1.230362e+01	5.756123e-03	2.745809e+02
7.275866e+03	1.143501e+01	5.086677e-03	3.415637e+02
8.367246e+03	1.060149e+01	4.570205e-03	4.262552e+02
9.622333e+03	9.806382e+00	4.010127e-03	5.335039e+02
