# Energy_MeV	dEdx_Elec_MeV_um	dEdx_Nucl_MeV_um	Range_um
1.000000e-05	7.689595e-03	6.585860e-02	2.600917e-03
1.150000e-05	8.246172e-03	7.243772e-02	2.789173e-03
1.322500e-05	8.843035e-03	7.979229e-02	2.991055e-03
1.520875e-05	9.483098e-03	8.790834e-02	3.207549e-03
1.749006e-05	1.016949e-02	9.670539e-02	3.439713e-03
2.011357e-05	1.090556e-02	1.061737e-01	3.688681e-03
2.313061e-05	1.169491e-02	1.163395e-01	3.955670e-03
2.660020e-05	1.254140e-02	1.276305e-01	4.241983e-03
3.059023e-05	1.344915e-02	1.399955e-01	4.549020e-03
3.517876e-05	1.442261e-02	1.533307e-01	4.878281e-03
4.045558e-05	1.546652e-02	1.676940e-01	5.231373e-03
4.652391e-05	1.658600e-02	1.833595e-01	5.610023e-03
5.350250e-05	1.778650e-02	2.000007e-01	6.016079e-03
6.152788e-05	1.907390e-02	2.178000e-01	6.451526e-03
7.075706e-05	2.045448e-02	2.370590e-01	6.918491e-03
8.137062e-05	2.193498e-02	2.577820e-01	7.419255e-03
9.357621e-05	1.180053e-02	2.802531e-01	7.956265e-03
1.076126e-04	1.271590e-02	3.029541e-01	8.532143e-03
1.237545e-04	1.369725e-02	3.276210e-01	9.149705e-03
1.423177e-04	1.474936e-02	3.554356e-01	9.811965e-03
1.636654e-04	1.587739e-02	3.836199e-01	1.052216e-02
1.882152e-04	1.708684e-02	4.141352e-01	1.128376e-02
2.164475e-04	1.838363e-02	4.444870e-01	1.210048e-02
2.489146e-04	1.977409e-02	4.770244e-01	1.297632e-02
2.862518e-04	2.126502e-02	5.135104e-01	1.391556e-02
3.291895e-04	2.286370e-02	5.496703e-01	1.492277e-02
3.785680e-04	2.457794e-02	5.884029e-01	1.600289e-02
4.353531e-04	2.641613e-02	6.274755e-01	1.716119e-02
5.006561e-04	2.838723e-02	6.683331e-01	1.840332e-02
5.757545e-04	3.050089e-02	7.106783e-01	1.973537e-02
6.621177e-04	3.276743e-02	7.520302e-01	2.116382e-02
7.614354e-04	3.519791e-02	7.966996e-01	2.269567e-02
8.756507e-04	3.780422e-02	8.403470e-01	2.433840e-02
1.006998e-03	4.059909e-02	8.836070e-01	2.610002e-02
1.158048e-03	4.359618e-02	9.255421e-01	2.798916e-02
1.331755e-03	4.681011e-02	9.699484e-01	3.001503e-02
1.531519e-03	5.025661e-02	1.015062e+00	3.218753e-02
1.761246e-03	5.395249e-02	1.058774e+00	3.451728e-02
2.025433e-03	5.791583e-02	1.099517e+00	3.701566e-02
2.329248e-03	6.216598e-02	1.137840e+00	3.969487e-02
2.678635e-03	6.672370e-02	1.176978e+00	4.256801e-02
3.080431e-03	7.161126e-02	1.215394e+00	4.564910e-02
3.542495e-03	7.685255e-02	1.251250e+00	4.895321e-02
4.073870e-03	8.247315e-02	1.283881e+00	5.249647e-02
4.684950e-03	8.850055e-02	1.315490e+00	5.629619e-02
5.387693e-03	9.496417e-02	1.342650e+00	6.036394e-02
6.195847e-03	1.018956e-01	1.366930e+00	6.473054e-02
7.125224e-03	1.093287e-01	1.389399e+00	6.942898e-02
8.194007e-03	1.172998e-01	1.409440e+00	7.445305e-02
9.423108e-03	1.258478e-01	1.427737e+00	7.984232e-02
1.083657e-02	1.350144e-01	1.439926e+00	8.562121e-02
1.246206e-02	1.448446e-01	1.450659e+00	9.181839e-02
1.433137e-02	1.553862e-01	1.461628e+00	9.846415e-02
1.648108e-02	1.666909e-01	1.467591e+00	1.055909e-01
1.895324e-02	1.788137e-01	1.471163e+00	1.132335e-01
2.179622e-02	1.918140e-01	1.469879e+00	1.214292e-01
2.506566e-02	2.057552e-01	1.466011e+00	1.302183e-01
2.882550e-02	2.207055e-01	1.460553e+00	1.396434e-01
3.314933e-02	2.367379e-01	1.450503e+00	1.497507e-01
3.812173e-02	2.539307e-01	1.437034e+00	1.605896e-01
4.383999e-02	2.723679e-01	1.419590e+00	1.722131e-01
5.041599e-02	2.921396e-01	1.398592e+00	1.846779e-01
5.797838e-02	3.133424e-01	1.373972e+00	1.980448e-01
6.667514e-02	3.360798e-01	1.345799e+00	2.123792e-01
7.667641e-02	3.604630e-01	1.313609e+00	2.277512e-01
8.817787e-02	3.866110e-01	1.278567e+00	2.442359e-01
1.014046e-01	4.146517e-01	1.241092e+00	2.619137e-01
1.166152e-01	4.447219e-01	1.201322e+00	2.808710e-01
1.341075e-01	4.769686e-01	1.157338e+00	3.012004e-01
1.542237e-01	5.115493e-01	1.110925e+00	3.230013e-01
1.773572e-01	5.486330e-01	1.062705e+00	3.463803e-01
2.039608e-01	5.884009e-01	1.014903e+00	3.714513e-01
2.345549e-01	6.310471e-01	9.669135e-01	3.983370e-01
2.697381e-01	6.767801e-01	9.158548e-01	4.271686e-01
3.101989e-01	7.258233e-01	8.641751e-01	4.580873e-01
3.567287e-01	7.784162e-01	8.127823e-01	4.912441e-01
4.102380e-01	8.348159e-01	7.630102e-01	5.267993e-01
4.717737e-01	8.952977e-01	7.123084e-01	5.649328e-01
5.425397e-01	9.601576e-01	6.653285e-01	6.058135e-01
6.239207e-01	1.029719e+00	6.205084e-01	6.498779e-01
7.175088e-01	1.104316e+00	5.758624e-01	6.976180e-01
8.251351e-01	1.184312e+00	5.328947e-01	7.493494e-01
9.489054e-01	1.270098e+00	4.899912e-01	8.054713e-01
1.091241e+00	1.362093e+00	4.550246e-01	8.664271e-01
1.254927e+00	1.460748e+00	4.199713e-01	9.327339e-01
1.443166e+00	1.570195e+00	3.824816e-01	1.004998e+00
1.659641e+00	1.697585e+00	3.549333e-01	1.083944e+00
1.908588e+00	1.854548e+00	3.309668e-01	1.170443e+00
2.194876e+00	2.033507e+00	3.049578e-01	1.227995e+00
2.524107e+00	2.229111e+00	2.752335e-01	1.226432e+00
2.902723e+00	2.445351e+00	2.427951e-01	1.223652e+00
3.338132e+00	2.687588e+00	2.180079e-01	1.220471e+00
3.838852e+00	2.952419e+00	1.959672e-01	1.217794e+00
4.414679e+00	3.250576e+00	1.769793e-01	1.216628e+00
5.076881e+00	3.579402e+00	1.594966e-01	1.218039e+00
5.838413e+00	3.928550e+00	1.433687e-01	1.223321e+00
6.714175e+00	4.313286e+00	1.297142e-01	1.233829e+00
7.721302e+00	4.736464e+00	1.161479e-01	1.251085e+00
8.879497e+00	5.197954e+00	1.042659e-01	1.276773e+00
1.021142e+01	5.679785e+00	9.398911e-02	1.312744e+00
1.174313e+01	6.160826e+00	8.494374e-02	1.361013e+00
1.350460e+01	6.672993e+00	7.594699e-02	1.423754e+00
1.553030e+01	7.117587e+00	6.756813e-02	1.503290e+00
1.785984e+01	7.576098e+00	6.009595e-02	1.602115e+00
2.053882e+01	8.023492e+00	5.391312e-02	1.722969e+00
2.361964e+01	8.401023e+00	4.841438e-02	1.868914e+00
2.716258e+01	8.771621e+00	4.309652e-02	2.043493e+00
3.123697e+01	9.048014e+00	3.820375e-02	2.250931e+00
3.592252e+01	9.304011e+00	3.385628e-02	2.496372e+00
4.131089e+01	9.524523e+00	3.013356e-02	2.786174e+00
4.750753e+01	9.668940e+00	2.658264e-02	3.128234e+00
5.463366e+01	9.787022e+00	2.367886e-02	3.532388e+00
6.282871e+01	9.807673e+00	2.115031e-02	4.010905e+00
7.225301e+01	9.819244e+00	1.878460e-02	4.579120e+00
8.309096e+01	9.821022e+00	1.667552e-02	5.255998e+00
9.555461e+01	9.747931e+00	1.468923e-02	6.065739e+00
1.098878e+02	1.030007e+01	1.322402e-02	7.037965e+00
1.263710e+02	9.908417e+00	1.181957e-02	8.227396e+00
1.453266e+02	9.479570e+00	1.034879e-02	9.674990e+00
1.671256e+02	9.023725e+00	9.158817e-03	1.144269e+01
1.921945e+02	8.554043e+00	8.069316e-03	1.361348e+01
2.210236e+02	8.137929e+00	7.226143e-03	1.626561e+01
2.541772e+02	7.691738e+00	6.440056e-03	1.950221e+01
2.923037e+02	7.243242e+00	5.628209e-03	2.348397e+01
3.361493e+02	6.802485e+00	4.969273e-03	2.840556e+01
3.865717e+02	6.374843e+00	4.369690e-03	3.451479e+01
4.445574e+02	5.959038e+00	3.859347e-03	4.213167e+01
5.112411e+02	5.545723e+00	3.407378e-03	5.167846e+01
5.879272e+02	5.142445e+00	3.001501e-03	6.369115e+01
6.761163e+02	4.761864e+00	2.667925e-03	7.883984e+01
7.775337e+02	4.393051e+00	2.344984e-03	9.798531e+01
8.941638e+02	4.039477e+00	2.067207e-03	1.222669e+02
1.028288e+03	3.705246e+00	1.836479e-03	1.531400e+02
1.182532e+03	3.389529e+00	1.635794e-03	1.924696e+02
1.359911e+03	3.092411e+00	1.438046e-03	2.426752e+02
1.563898e+03	2.813726e+00	1.259523e-03	3.068793e+02
1.798483e+03	2.554231e+00	1.102947e-03	3.890984e+02
2.068255e+03	2.314143e+00	9.772336e-04	4.944870e+02
2.378493e+03	2.093632e+00	8.665152e-04	6.296581e+02
2.735268e+03	1.892522e+00	7.596474e-04	8.030633e+02
3.145558e+03	1.709807e+00	6.642311e-04	1.025481e+03
3.617391e+03	1.543879e+00	5.803677e-04	1.310612e+03
4.160000e+03	1.393993e+00	5.098283e-04	1.675817e+03
4.784000e+03	1.259708e+00	4.433390e-04	2.143001e+03
5.501600e+03	1.139598e+00	3.895234e-04	2.739688e+03
6.326840e+03	1.032266e+00	3.439065e-04	3.500292e+03
7.275866e+03	9.368326e-01	3.012230e-04	4.467641e+03
8.367246e+03	8.522562e-01	2.639064e-04	5.694738e+03
9.622333e+03	7.772759e-01	2.295152e-04	7.246751e+03
