# Energy_MeV	dEdx_Elec_MeV_um	dEdx_Nucl_MeV_um	Range_um
1.000000e-05	8.344456e-03	5.748136e-02	2.396801e-03
1.150000e-05	8.948432e-03	6.365315e-02	2.570283e-03
1.322500e-05	9.596124e-03	7.041340e-02	2.756321e-03
1.520875e-05	1.029070e-02	7.778756e-02	2.955825e-03
1.749006e-05	1.103554e-02	8.592932e-02	3.169769e-03
2.011357e-05	1.183430e-02	9.491619e-02	3.399199e-03
2.313061e-05	1.269087e-02	1.047839e-01	3.645235e-03
2.660020e-05	1.360945e-02	1.151718e-01	3.909079e-03
3.059023e-05	1.459451e-02	1.267269e-01	4.192020e-03
3.517876e-05	1.565086e-02	1.398571e-01	4.495441e-03
4.045558e-05	1.678368e-02	1.537416e-01	4.820823e-03
4.652391e-05	1.799849e-02	1.691032e-01	5.169757e-03
5.350250e-05	1.930123e-02	1.851549e-01	5.543946e-03
6.152788e-05	2.069827e-02	2.029004e-01	5.945220e-03
7.075706e-05	2.219642e-02	2.229706e-01	6.375538e-03
8.137062e-05	2.380301e-02	2.440275e-01	6.837003e-03
9.357621e-05	2.552588e-02	2.671923e-01	7.331869e-03
1.076126e-04	2.737346e-02	2.918988e-01	7.862554e-03
1.237545e-04	2.935476e-02	3.186224e-01	8.431649e-03
1.423177e-04	3.147948e-02	3.473905e-01	9.041937e-03
1.636654e-04	3.375798e-02	3.777678e-01	9.696397e-03
1.882152e-04	3.620140e-02	4.113046e-01	1.039823e-02
2.164475e-04	3.882167e-02	4.467645e-01	1.115086e-02
2.489146e-04	4.163161e-02	4.838958e-01	1.195796e-02
2.862518e-04	4.464493e-02	5.228005e-01	1.282348e-02
3.291895e-04	4.787635e-02	5.665401e-01	1.375166e-02
3.785680e-04	5.134166e-02	6.128864e-01	1.474701e-02
4.353531e-04	5.505780e-02	6.610548e-01	1.581440e-02
5.006561e-04	5.904291e-02	7.113033e-01	1.695906e-02
5.757545e-04	6.331647e-02	7.626146e-01	1.818656e-02
6.621177e-04	6.789935e-02	8.201727e-01	1.950292e-02
7.614354e-04	7.281394e-02	8.799643e-01	2.091455e-02
8.756507e-04	7.808425e-02	9.411191e-01	2.242835e-02
1.006998e-03	8.373603e-02	1.005331e+00	2.405173e-02
1.158048e-03	8.979689e-02	1.071996e+00	2.579261e-02
1.331755e-03	9.629644e-02	1.139480e+00	2.765949e-02
1.531519e-03	1.032664e-01	1.207116e+00	2.966150e-02
1.761246e-03	1.107409e-01	1.277431e+00	3.180841e-02
2.025433e-03	1.187564e-01	1.349881e+00	3.411072e-02
2.329248e-03	1.273520e-01	1.422806e+00	3.657968e-02
2.678635e-03	1.365698e-01	1.489556e+00	3.922733e-02
3.080431e-03	1.464548e-01	1.559204e+00	4.206663e-02
3.542495e-03	1.570553e-01	1.635994e+00	4.511143e-02
4.073870e-03	1.684231e-01	1.705560e+00	4.837662e-02
4.684950e-03	1.806136e-01	1.775545e+00	5.187815e-02
5.387693e-03	1.936865e-01	1.836595e+00	5.563312e-02
6.195847e-03	2.077057e-01	1.898054e+00	5.965987e-02
7.125224e-03	2.227395e-01	1.964575e+00	6.397808e-02
8.194007e-03	2.388615e-01	2.021695e+00	6.860885e-02
9.423108e-03	2.561504e-01	2.077424e+00	7.354246e-02
1.083657e-02	2.746907e-01	2.127620e+00	7.889756e-02
1.246206e-02	2.945730e-01	2.173655e+00	8.461271e-02
1.433137e-02	3.158944e-01	2.215345e+00	9.073746e-02
1.648108e-02	3.387590e-01	2.251099e+00	9.730467e-02
1.895324e-02	3.632785e-01	2.286045e+00	1.043476e-01
2.179622e-02	3.895728e-01	2.315198e+00	1.119001e-01
2.506566e-02	4.177703e-01	2.337908e+00	1.199993e-01
2.882550e-02	4.480087e-01	2.355028e+00	1.286848e-01
3.314933e-02	4.804358e-01	2.372577e+00	1.379990e-01
3.812173e-02	5.152100e-01	2.385251e+00	1.479872e-01
4.383999e-02	5.525012e-01	2.391130e+00	1.586985e-01
5.041599e-02	5.924915e-01	2.391788e+00	1.701850e-01
5.797838e-02	6.353764e-01	2.385802e+00	1.825030e-01
6.667514e-02	6.813653e-01	2.377655e+00	1.957125e-01
7.667641e-02	7.306828e-01	2.363612e+00	2.098781e-01
8.817787e-02	7.835701e-01	2.342518e+00	2.250690e-01
1.014046e-01	8.402853e-01	2.315959e+00	2.413595e-01
1.166152e-01	9.011056e-01	2.283130e+00	2.588291e-01
1.341075e-01	9.663281e-01	2.244417e+00	2.775631e-01
1.542237e-01	1.036271e+00	2.199952e+00	2.976531e-01
1.773572e-01	1.111277e+00	2.149190e+00	3.191972e-01
2.039608e-01	1.191712e+00	2.093098e+00	3.423008e-01
2.345549e-01	1.277969e+00	2.031923e+00	3.670766e-01
2.697381e-01	1.370469e+00	1.969032e+00	3.936456e-01
3.101989e-01	1.469664e+00	1.899934e+00	4.221376e-01
3.567287e-01	1.576039e+00	1.823071e+00	4.526921e-01
4.102380e-01	1.690114e+00	1.746771e+00	4.854582e-01
4.717737e-01	1.812445e+00	1.666403e+00	5.205957e-01
5.425397e-01	1.943631e+00	1.590262e+00	5.582763e-01
6.239207e-01	2.084312e+00	1.510038e+00	5.986845e-01
7.175088e-01	2.235176e+00	1.422641e+00	6.420190e-01
8.251351e-01	2.396959e+00	1.341091e+00	6.884792e-01
9.489054e-01	2.557311e+00	1.257719e+00	7.383780e-01
1.091241e+00	2.715602e+00	1.177545e+00	7.923544e-01
1.254927e+00	2.881523e+00	1.099437e+00	8.508323e-01
1.443166e+00	3.054676e+00	1.024169e+00	9.142416e-01
1.659641e+00	3.234347e+00	9.533823e-01	9.830673e-01
1.908588e+00	1.727580e+00	8.808860e-01	1.057876e+00
2.194876e+00	1.852947e+00	8.129482e-01	1.139324e+00
2.524107e+00	1.999367e+00	7.520220e-01	1.228193e+00
2.902723e+00	2.172708e+00	6.965297e-01	1.325416e+00
3.338132e+00	2.380317e+00	6.356574e-01	1.432126e+00
3.838852e+00	2.605205e+00	5.849599e-01	1.549721e+00
4.414679e+00	2.856566e+00	5.471349e-01	1.679944e+00
5.076881e+00	3.124150e+00	5.061468e-01	1.824990e+00
5.838413e+00	3.420718e+00	4.597521e-01	1.895669e+00
6.714175e+00	3.747196e+00	4.063981e-01	1.843203e+00
7.721302e+00	4.096711e+00	3.618493e-01	1.796507e+00
8.879497e+00	4.485457e+00	3.266515e-01	1.757001e+00
1.021142e+01	4.895350e+00	2.941290e-01	1.726117e+00
1.174313e+01	5.360292e+00	2.648583e-01	1.705328e+00
1.350460e+01	5.888315e+00	2.382912e-01	1.696176e+00
1.553030e+01	6.453209e+00	2.156415e-01	1.700218e+00
1.785984e+01	7.080632e+00	1.938115e-01	1.719234e+00
2.053882e+01	7.743462e+00	1.735784e-01	1.754973e+00
2.361964e+01	8.438554e+00	1.556772e-01	1.809273e+00
2.716258e+01	9.182934e+00	1.411615e-01	1.884045e+00
3.123697e+01	9.925542e+00	1.270927e-01	1.981320e+00
3.592252e+01	1.070973e+01	1.122787e-01	2.103323e+00
4.131089e+01	1.144200e+01	1.003332e-01	2.252601e+00
4.750753e+01	1.212043e+01	8.933802e-02	2.432184e+00
5.463366e+01	1.279548e+01	8.058557e-02	2.645796e+00
6.282871e+01	1.333396e+01	7.220886e-02	2.898075e+00
7.225301e+01	1.386523e+01	6.353250e-02	3.194817e+00
8.309096e+01	1.429760e+01	5.657931e-02	3.543267e+00
9.555461e+01	1.459240e+01	5.012792e-02	3.952444e+00
1.098878e+02	1.482886e+01	4.450792e-02	4.433541e+00
1.263710e+02	1.504389e+01	3.953502e-02	5.000408e+00
1.453266e+02	1.521108e+01	3.517648e-02	5.670458e+00
1.671256e+02	1.526816e+01	3.140890e-02	6.463433e+00
1.921945e+02	1.661242e+01	2.776644e-02	7.414882e+00
2.210236e+02	1.619601e+01	2.459005e-02	8.567341e+00
2.541772e+02	1.569593e+01	2.197604e-02	9.948852e+00
2.923037e+02	1.512528e+01	1.975728e-02	1.162471e+01
3.361493e+02	1.459350e+01	1.733886e-02	1.365141e+01
3.865717e+02	1.402866e+01	1.526666e-02	1.608649e+01
4.445574e+02	1.341354e+01	1.351225e-02	1.903041e+01
5.112411e+02	1.279208e+01	1.200306e-02	2.261124e+01
5.879272e+02	1.217355e+01	1.077195e-02	2.698767e+01
6.761163e+02	1.157489e+01	9.418113e-03	3.235891e+01
7.775337e+02	1.096245e+01	8.287681e-03	3.898645e+01
8.941638e+02	1.034322e+01	7.316641e-03	4.720642e+01
1.028288e+03	9.732985e+00	6.442480e-03	5.743450e+01
1.182532e+03	9.133830e+00	5.679607e-03	7.018911e+01
1.359911e+03	8.540444e+00	5.001003e-03	8.615184e+01
1.563898e+03	7.959466e+00	4.451359e-03	1.062041e+02
1.798483e+03	7.398289e+00	3.924201e-03	1.314649e+02
2.068255e+03	6.853406e+00	3.454034e-03	1.633720e+02
2.378493e+03	6.324990e+00	3.048781e-03	2.037896e+02
2.735268e+03	5.820652e+00	2.727248e-03	2.551137e+02
3.145558e+03	5.343075e+00	2.417340e-03	3.204213e+02
3.617391e+03	4.893813e+00	2.098683e-03	4.036658e+02
4.160000e+03	4.472747e+00	1.847942e-03	5.099160e+02
4.784000e+03	4.078618e+00	1.622485e-03	6.456544e+02
5.501600e+03	3.713541e+00	1.446390e-03	8.191545e+02
6.326840e+03	3.379114e+00	1.277951e-03	1.040940e+03
7.275866e+03	3.072940e+00	1.107500e-03	1.324351e+03
8.367246e+03	2.793331e+00	9.731828e-04	1.686220e+03
9.622333e+03	2.541130e+00	8.502841e-04	2.147682e+03
