# Energy_MeV	dEdx_Elec_MeV_um	dEdx_Nucl_MeV_um	Range_um
1.000000e-05	9.483638e-03	5.351106e-02	2.108895e-03
1.150000e-05	1.017007e-02	5.950445e-02	2.261538e-03
1.322500e-05	1.090618e-02	6.593108e-02	2.425230e-03
1.520875e-05	1.169558e-02	7.312317e-02	2.600769e-03
1.749006e-05	1.254211e-02	8.092727e-02	2.789014e-03
2.011357e-05	1.344992e-02	8.955928e-02	2.990885e-03
2.313061e-05	1.442343e-02	9.907544e-02	3.207366e-03
2.660020e-05	1.546740e-02	1.093662e-01	3.439517e-03
3.059023e-05	1.658694e-02	1.209219e-01	3.688471e-03
3.517876e-05	1.778751e-02	1.334237e-01	3.955445e-03
4.045558e-05	1.907498e-02	1.469917e-01	4.241742e-03
4.652391e-05	2.045564e-02	1.615688e-01	4.548762e-03
5.350250e-05	2.193623e-02	1.781117e-01	4.878003e-03
6.152788e-05	2.352399e-02	1.962398e-01	5.231076e-03
7.075706e-05	2.522666e-02	2.156715e-01	5.609704e-03
8.137062e-05	2.705258e-02	2.368024e-01	6.015737e-03
9.357621e-05	2.901066e-02	2.592047e-01	6.451159e-03
1.076126e-04	3.111047e-02	2.846154e-01	6.918098e-03
1.237545e-04	3.336226e-02	3.122022e-01	7.418833e-03
1.423177e-04	3.577704e-02	3.415581e-01	7.955812e-03
1.636654e-04	3.836660e-02	3.736901e-01	8.531658e-03
1.882152e-04	4.114360e-02	4.083380e-01	9.149184e-03
2.164475e-04	4.412159e-02	4.453681e-01	9.811407e-03
2.489146e-04	4.731514e-02	4.847692e-01	1.052156e-02
2.862518e-04	5.073983e-02	5.273315e-01	1.128312e-02
3.291895e-04	5.441241e-02	5.736312e-01	1.209980e-02
3.785680e-04	5.835081e-02	6.231521e-01	1.297559e-02
4.353531e-04	6.257427e-02	6.731034e-01	1.391477e-02
5.006561e-04	6.710343e-02	7.277225e-01	1.492192e-02
5.757545e-04	7.196041e-02	7.895733e-01	1.600198e-02
6.621177e-04	7.716894e-02	8.516963e-01	1.716021e-02
7.614354e-04	8.275447e-02	9.191821e-01	1.840228e-02
8.756507e-04	8.874428e-02	9.856867e-01	1.973424e-02
1.006998e-03	9.516764e-02	1.057515e+00	2.116262e-02
1.158048e-03	1.020559e-01	1.138218e+00	2.269438e-02
1.331755e-03	1.094428e-01	1.217578e+00	2.433701e-02
1.531519e-03	1.173643e-01	1.302930e+00	2.609854e-02
1.761246e-03	1.258592e-01	1.389030e+00	2.798756e-02
2.025433e-03	1.349690e-01	1.478692e+00	3.001332e-02
2.329248e-03	1.447381e-01	1.570353e+00	3.218570e-02
2.678635e-03	1.552143e-01	1.661098e+00	3.451532e-02
3.080431e-03	1.664488e-01	1.758832e+00	3.701355e-02
3.542495e-03	1.784965e-01	1.854678e+00	3.969261e-02
4.073870e-03	1.914161e-01	1.948614e+00	4.256559e-02
4.684950e-03	2.052709e-01	2.038115e+00	4.564651e-02
5.387693e-03	2.201285e-01	2.137581e+00	4.895042e-02
6.195847e-03	2.360616e-01	2.236507e+00	5.249348e-02
7.125224e-03	2.531478e-01	2.328330e+00	5.629299e-02
8.194007e-03	2.714708e-01	2.417611e+00	6.036750e-02
9.423108e-03	2.911200e-01	2.497098e+00	6.473694e-02
1.083657e-02	3.121914e-01	2.584885e+00	6.938930e-02
1.246206e-02	3.347880e-01	2.668389e+00	7.443555e-02
1.433137e-02	3.590201e-01	2.742091e+00	7.983822e-02
1.648108e-02	3.850062e-01	2.813909e+00	8.561654e-02
1.895324e-02	4.128731e-01	2.879621e+00	9.181334e-02
2.179622e-02	4.427571e-01	2.937921e+00	9.845880e-02
2.506566e-02	4.748041e-01	2.988633e+00	1.055851e-01
2.882550e-02	5.091707e-01	3.035578e+00	1.132273e-01
3.314933e-02	5.460247e-01	3.079111e+00	1.214226e-01
3.812173e-02	5.855463e-01	3.115328e+00	1.302111e-01
4.383999e-02	6.279284e-01	3.140226e+00	1.396357e-01
5.041599e-02	6.733782e-01	3.162147e+00	1.497424e-01
5.797838e-02	7.221177e-01	3.184989e+00	1.605807e-01
6.667514e-02	7.743850e-01	3.195841e+00	1.722035e-01
7.667641e-02	8.304354e-01	3.201688e+00	1.846676e-01
8.817787e-02	8.905427e-01	3.196845e+00	1.980338e-01
1.014046e-01	9.550007e-01	3.186702e+00	2.123674e-01
1.166152e-01	1.024124e+00	3.173280e+00	2.277384e-01
1.341075e-01	1.098251e+00	3.149002e+00	2.442222e-01
1.542237e-01	1.177743e+00	3.117538e+00	2.618990e-01
1.773572e-01	1.262988e+00	3.077502e+00	2.808553e-01
2.039608e-01	1.354404e+00	3.029628e+00	3.011835e-01
2.345549e-01	1.452437e+00	2.973929e+00	3.229831e-01
2.697381e-01	1.557565e+00	2.910441e+00	3.463608e-01
3.101989e-01	1.670302e+00	2.838368e+00	3.714305e-01
3.567287e-01	1.791199e+00	2.760068e+00	3.983146e-01
4.102380e-01	1.920847e+00	2.676826e+00	4.271446e-01
4.717737e-01	2.059879e+00	2.589585e+00	4.580614e-01
5.425397e-01	2.208975e+00	2.490579e+00	4.912161e-01
6.239207e-01	2.368861e+00	2.387774e+00	5.267704e-01
7.175088e-01	2.540321e+00	2.283451e+00	5.648985e-01
8.251351e-01	2.724191e+00	2.177727e+00	6.057849e-01
9.489054e-01	2.921369e+00	2.075612e+00	6.496318e-01
1.091241e+00	3.124611e+00	1.960657e+00	6.966648e-01
1.254927e+00	3.318585e+00	1.847579e+00	7.474535e-01
1.443166e+00	3.522112e+00	1.738359e+00	8.024828e-01
1.659641e+00	3.734783e+00	1.628177e+00	8.621314e-01
1.908588e+00	3.955827e+00	1.521166e+00	9.268571e-01
2.194876e+00	4.183994e+00	1.418205e+00	9.971816e-01
2.524107e+00	4.417410e+00	1.322220e+00	1.073711e+00
2.902723e+00	4.653422e+00	1.226317e+00	1.157160e+00
3.338132e+00	2.455191e+00	1.132042e+00	1.248384e+00
3.838852e+00	2.692222e+00	1.043444e+00	1.348418e+00
4.414679e+00	2.955634e+00	9.683782e-01	1.458529e+00
5.076881e+00	3.247861e+00	8.923886e-01	1.580296e+00
5.838413e+00	3.561470e+00	8.121841e-01	1.715701e+00
6.714175e+00	3.911702e+00	7.564994e-01	1.867259e+00
7.721302e+00	4.288178e+00	7.052375e-01	2.038182e+00
8.879497e+00	4.696378e+00	6.471990e-01	2.232605e+00
1.021142e+01	5.142974e+00	5.806352e-01	2.244083e+00
1.174313e+01	5.586902e+00	5.107276e-01	2.140823e+00
1.350460e+01	6.084014e+00	4.601240e-01	2.056470e+00
1.553030e+01	6.641318e+00	4.138427e-01	1.991222e+00
1.785984e+01	7.242016e+00	3.735414e-01	1.945401e+00
2.053882e+01	7.903669e+00	3.362329e-01	1.919457e+00
2.361964e+01	8.607412e+00	3.030361e-01	1.913956e+00
2.716258e+01	9.387919e+00	2.740292e-01	1.929512e+00
3.123697e+01	1.022216e+01	2.450019e-01	1.966954e+00
3.592252e+01	1.112487e+01	2.197702e-01	2.027157e+00
4.131089e+01	1.212971e+01	1.979781e-01	2.111190e+00
4.750753e+01	1.310680e+01	1.797241e-01	2.220404e+00
5.463366e+01	1.413444e+01	1.595831e-01	2.356557e+00
6.282871e+01	1.513309e+01	1.416819e-01	2.521974e+00
7.225301e+01	1.606849e+01	1.266088e-01	2.719713e+00
8.309096e+01	1.703019e+01	1.131987e-01	2.953730e+00
9.555461e+01	1.779964e+01	1.023709e-01	3.229084e+00
1.098878e+02	1.850213e+01	9.038947e-02	3.552170e+00
1.263710e+02	1.903752e+01	8.002762e-02	3.930944e+00
1.453266e+02	1.957838e+01	7.123485e-02	4.375303e+00
1.671256e+02	2.013436e+01	6.312708e-02	4.897383e+00
1.921945e+02	2.045174e+01	5.600728e-02	5.511817e+00
2.210236e+02	2.283088e+01	4.971290e-02	6.240140e+00
2.541772e+02	2.254612e+01	4.445022e-02	7.118295e+00
2.923037e+02	2.212551e+01	3.947797e-02	8.163476e+00
3.361493e+02	2.159771e+01	3.492869e-02	9.418811e+00
3.865717e+02	2.102651e+01	3.097152e-02	1.092667e+01
4.445574e+02	2.044192e+01	2.788150e-02	1.272378e+01
5.112411e+02	1.973911e+01	2.486136e-02	1.487006e+01
5.879272e+02	1.900655e+01	2.169432e-02	1.745306e+01
6.761163e+02	1.826280e+01	1.924299e-02	2.057650e+01
7.775337e+02	1.753970e+01	1.696084e-02	2.436925e+01
8.941638e+02	1.680613e+01	1.522236e-02	2.899783e+01
1.028288e+03	1.603726e+01	1.353056e-02	3.467801e+01
1.182532e+03	1.525496e+01	1.178521e-02	4.167507e+01
1.359911e+03	1.448201e+01	1.043587e-02	5.031385e+01
1.563898e+03	1.369687e+01	9.164886e-03	6.101379e+01
1.798483e+03	1.290958e+01	8.092321e-03	7.432317e+01
2.068255e+03	1.213751e+01	7.129441e-03	9.093189e+01
2.378493e+03	1.137106e+01	6.308232e-03	1.117183e+02
2.735268e+03	1.061192e+01	5.605751e-03	1.378193e+02
3.145558e+03	9.871095e+00	4.917081e-03	1.706920e+02
3.617391e+03	9.156653e+00	4.333835e-03	2.122042e+02
4.160000e+03	8.470873e+00	3.847412e-03	2.647492e+02
4.784000e+03	7.815963e+00	3.447430e-03	3.313959e+02
5.501600e+03	7.194435e+00	3.004136e-03	4.160679e+02
6.326840e+03	6.608753e+00	2.627474e-03	5.237778e+02
7.275866e+03	6.061220e+00	2.312697e-03	6.609115e+02
8.367246e+03	5.552259e+00	2.042856e-03	8.355815e+02
9.622333e+03	5.080845e+00	1.825590e-03	1.058052e+03
