# Energy_MeV	dEdx_Elec_MeV_um	dEdx_Nucl_MeV_um	Range_um
1.000000e-05	8.229602e-03	5.337442e-02	2.430251e-03
1.150000e-05	8.825265e-03	5.914736e-02	2.606154e-03
1.322500e-05	9.464042e-03	6.553533e-02	2.794789e-03
1.520875e-05	1.014905e-02	7.255218e-02	2.997077e-03
1.749006e-05	1.088365e-02	8.026599e-02	3.214007e-03
2.011357e-05	1.167141e-02	8.865059e-02	3.446639e-03
2.313061e-05	1.251620e-02	9.793955e-02	3.696108e-03
2.660020e-05	1.342212e-02	1.081750e-01	3.963635e-03
3.059023e-05	1.439362e-02	1.193530e-01	4.250525e-03
3.517876e-05	1.543544e-02	1.311855e-01	4.558180e-03
4.045558e-05	1.655267e-02	1.443871e-01	4.888103e-03
4.652391e-05	1.775076e-02	1.593112e-01	5.241907e-03
5.350250e-05	1.903557e-02	1.750994e-01	5.621319e-03
6.152788e-05	2.041337e-02	1.925484e-01	6.028193e-03
7.075706e-05	2.189090e-02	2.107944e-01	6.464517e-03
8.137062e-05	2.347538e-02	2.310755e-01	6.932422e-03
9.357621e-05	2.517454e-02	2.538687e-01	7.434194e-03
1.076126e-04	2.699669e-02	2.777746e-01	7.972285e-03
1.237545e-04	2.895072e-02	3.041397e-01	8.549323e-03
1.423177e-04	3.104619e-02	3.322403e-01	9.168128e-03
1.636654e-04	3.329333e-02	3.626727e-01	9.831722e-03
1.882152e-04	3.570312e-02	3.952165e-01	1.054335e-02
2.164475e-04	3.828733e-02	4.297502e-01	1.130648e-02
2.489146e-04	4.105858e-02	4.678845e-01	1.212485e-02
2.862518e-04	4.403043e-02	5.081606e-01	1.300245e-02
3.291895e-04	4.721737e-02	5.503132e-01	1.394358e-02
3.785680e-04	5.063499e-02	5.943583e-01	1.495282e-02
4.353531e-04	5.429998e-02	6.444016e-01	1.603511e-02
5.006561e-04	5.823024e-02	6.968115e-01	1.719574e-02
5.757545e-04	6.244498e-02	7.514364e-01	1.844038e-02
6.621177e-04	6.696478e-02	8.083175e-01	1.977510e-02
7.614354e-04	7.181172e-02	8.662636e-01	2.120644e-02
8.756507e-04	7.700949e-02	9.320968e-01	2.274137e-02
1.006998e-03	8.258348e-02	9.994185e-01	2.438740e-02
1.158048e-03	8.856092e-02	1.068802e+00	2.615258e-02
1.331755e-03	9.497100e-02	1.141451e+00	2.804551e-02
1.531519e-03	1.018451e-01	1.216423e+00	3.007546e-02
1.761246e-03	1.092167e-01	1.293096e+00	3.225234e-02
2.025433e-03	1.171218e-01	1.369090e+00	3.458678e-02
2.329248e-03	1.255991e-01	1.449053e+00	3.709019e-02
2.678635e-03	1.346901e-01	1.530645e+00	3.977480e-02
3.080431e-03	1.444390e-01	1.612061e+00	4.265372e-02
3.542495e-03	1.548936e-01	1.687198e+00	4.574102e-02
4.073870e-03	1.661049e-01	1.766634e+00	4.905178e-02
4.684950e-03	1.781276e-01	1.852845e+00	5.260217e-02
5.387693e-03	1.910206e-01	1.930609e+00	5.640954e-02
6.195847e-03	2.048468e-01	2.009214e+00	6.049250e-02
7.125224e-03	2.196737e-01	2.077246e+00	6.487098e-02
8.194007e-03	2.355738e-01	2.147407e+00	6.956637e-02
9.423108e-03	2.526248e-01	2.221755e+00	7.460162e-02
1.083657e-02	2.709099e-01	2.285177e+00	7.996295e-02
1.246206e-02	2.905185e-01	2.347896e+00	8.577811e-02
1.433137e-02	3.115463e-01	2.403816e+00	9.200406e-02
1.648108e-02	3.340962e-01	2.455700e+00	9.866288e-02
1.895324e-02	3.582783e-01	2.501380e+00	1.058040e-01
2.179622e-02	3.842107e-01	2.541217e+00	1.134621e-01
2.506566e-02	4.120200e-01	2.580301e+00	1.216743e-01
2.882550e-02	4.418423e-01	2.612448e+00	1.304810e-01
3.314933e-02	4.738230e-01	2.637624e+00	1.399251e-01
3.812173e-02	5.081186e-01	2.656018e+00	1.500528e-01
4.383999e-02	5.448965e-01	2.676028e+00	1.609135e-01
5.041599e-02	5.843364e-01	2.689204e+00	1.725604e-01
5.797838e-02	6.266310e-01	2.695264e+00	1.850502e-01
6.667514e-02	6.719869e-01	2.695151e+00	1.984440e-01
7.667641e-02	7.206256e-01	2.687631e+00	2.128074e-01
8.817787e-02	7.727849e-01	2.678237e+00	2.282104e-01
1.014046e-01	8.287195e-01	2.661289e+00	2.447282e-01
1.166152e-01	8.887026e-01	2.636859e+00	2.624415e-01
1.341075e-01	9.530274e-01	2.606103e+00	2.814370e-01
1.542237e-01	1.022008e+00	2.568298e+00	3.018075e-01
1.773572e-01	1.095982e+00	2.523910e+00	3.236523e-01
2.039608e-01	1.175309e+00	2.473075e+00	3.470782e-01
2.345549e-01	1.260379e+00	2.414983e+00	3.721997e-01
2.697381e-01	1.351606e+00	2.351203e+00	3.991396e-01
3.101989e-01	1.449436e+00	2.281922e+00	4.280295e-01
3.567287e-01	1.554346e+00	2.210589e+00	4.590102e-01
4.102380e-01	1.666851e+00	2.131551e+00	4.922333e-01
4.717737e-01	1.787498e+00	2.044644e+00	5.278613e-01
5.425397e-01	1.916879e+00	1.958543e+00	5.660682e-01
6.239207e-01	2.055623e+00	1.867845e+00	6.070403e-01
7.175088e-01	2.204410e+00	1.782429e+00	6.509783e-01
8.251351e-01	2.363967e+00	1.690583e+00	6.980951e-01
9.489054e-01	2.535072e+00	1.592301e+00	7.486234e-01
1.091241e+00	2.711453e+00	1.500922e+00	8.028233e-01
1.254927e+00	2.879780e+00	1.406724e+00	8.613509e-01
1.443166e+00	3.056397e+00	1.316754e+00	9.247652e-01
1.659641e+00	3.240950e+00	1.228362e+00	9.935027e-01
1.908588e+00	3.432768e+00	1.144746e+00	1.068091e+00
2.194876e+00	3.630769e+00	1.065238e+00	1.149131e+00
2.524107e+00	3.833327e+00	9.835262e-01	1.237321e+00
2.902723e+00	2.060900e+00	9.075057e-01	1.333485e+00
3.338132e+00	2.235765e+00	8.394843e-01	1.438609e+00
3.838852e+00	2.449403e+00	7.775752e-01	1.553884e+00
4.414679e+00	2.685634e+00	7.080540e-01	1.680772e+00
5.076881e+00	2.946276e+00	6.537288e-01	1.821092e+00
5.838413e+00	3.224151e+00	6.115127e-01	1.977126e+00
6.714175e+00	3.533841e+00	5.648693e-01	2.151774e+00
7.721302e+00	3.865664e+00	5.117617e-01	2.264881e+00
8.879497e+00	4.226647e+00	4.506879e-01	2.186395e+00
1.021142e+01	4.622882e+00	4.027936e-01	2.118109e+00
1.174313e+01	5.030737e+00	3.633619e-01	2.061422e+00
1.350460e+01	5.490402e+00	3.275227e-01	2.017732e+00
1.553030e+01	6.008722e+00	2.949406e-01	1.988481e+00
1.785984e+01	6.575873e+00	2.651796e-01	1.975175e+00
2.053882e+01	7.207080e+00	2.401338e-01	1.979341e+00
2.361964e+01	7.871554e+00	2.154493e-01	2.002695e+00
2.716258e+01	8.601039e+00	1.931721e-01	2.046941e+00
3.123697e+01	9.362596e+00	1.733660e-01	2.113856e+00
3.592252e+01	1.016800e+01	1.573727e-01	2.205320e+00
4.131089e+01	1.105296e+01	1.412565e-01	2.323393e+00
4.750753e+01	1.185655e+01	1.247858e-01	2.470433e+00
5.463366e+01	1.268568e+01	1.116413e-01	2.649269e+00
6.282871e+01	1.345762e+01	9.936119e-02	2.863392e+00
7.225301e+01	1.416108e+01	8.979488e-02	3.117180e+00
8.309096e+01	1.487253e+01	8.019796e-02	3.416173e+00
9.555461e+01	1.541694e+01	7.056439e-02	3.767307e+00
1.098878e+02	1.590189e+01	6.292533e-02	4.179256e+00
1.263710e+02	1.624833e+01	5.568071e-02	4.662784e+00
1.453266e+02	1.659199e+01	4.946694e-02	5.231268e+00
1.671256e+02	1.693910e+01	4.389404e-02	5.901158e+00
1.921945e+02	1.710344e+01	3.910827e-02	6.692385e+00
2.210236e+02	1.867990e+01	3.492138e-02	7.633867e+00
2.541772e+02	1.830572e+01	3.083632e-02	8.773128e+00
2.923037e+02	1.782802e+01	2.731785e-02	1.013577e+01
3.361493e+02	1.727538e+01	2.443935e-02	1.178049e+01
3.865717e+02	1.670399e+01	2.197082e-02	1.376678e+01
4.445574e+02	1.613871e+01	1.921248e-02	1.614859e+01
5.112411e+02	1.549261e+01	1.696381e-02	1.901104e+01
5.879272e+02	1.482908e+01	1.498977e-02	2.247726e+01
6.761163e+02	1.416241e+01	1.335562e-02	2.669481e+01
7.775337e+02	1.351431e+01	1.197386e-02	3.184826e+01
8.941638e+02	1.286099e+01	1.043058e-02	3.817685e+01
1.028288e+03	1.218894e+01	9.205597e-03	4.599166e+01
1.182532e+03	1.151495e+01	8.113321e-03	5.567823e+01
1.359911e+03	1.085611e+01	7.156303e-03	6.771228e+01
1.563898e+03	1.019638e+01	6.308162e-03	8.270972e+01
1.798483e+03	9.543276e+00	5.551998e-03	1.014773e+02
2.068255e+03	8.909587e+00	4.945550e-03	1.250351e+02
2.378493e+03	8.289350e+00	4.350623e-03	1.546869e+02
2.735268e+03	7.683558e+00	3.835417e-03	1.921231e+02
3.145558e+03	7.099312e+00	3.388509e-03	2.395163e+02
3.617391e+03	6.541890e+00	3.035755e-03	2.996565e+02
4.160000e+03	6.013501e+00	2.680721e-03	3.761251e+02
4.784000e+03	5.515114e+00	2.327263e-03	4.735176e+02
5.501600e+03	5.046043e+00	2.052571e-03	5.977143e+02
6.326840e+03	4.607922e+00	1.801113e-03	7.562272e+02
7.275866e+03	4.203524e+00	1.609444e-03	9.586242e+02
8.367246e+03	3.831606e+00	1.416455e-03	1.217051e+03
9.622333e+03	3.489933e+00	1.227564e-03	1.546863e+03
