# Energy_MeV	dEdx_Elec_MeV_um	dEdx_Nucl_MeV_um	Range_um
1.000000e-05	8.893945e-03	4.539902e-02	2.248721e-03
1.150000e-05	9.537693e-03	5.031027e-02	2.411485e-03
1.322500e-05	1.022804e-02	5.582305e-02	2.586029e-03
1.520875e-05	1.096835e-02	6.184472e-02	2.773207e-03
1.749006e-05	1.176224e-02	6.874222e-02	2.973933e-03
2.011357e-05	1.261360e-02	7.626037e-02	3.189188e-03
2.313061e-05	1.352658e-02	8.451613e-02	3.420023e-03
2.660020e-05	1.450564e-02	9.362354e-02	3.667566e-03
3.059023e-05	1.555557e-02	1.036458e-01	3.933027e-03
3.517876e-05	1.668149e-02	1.146569e-01	4.217701e-03
4.045558e-05	1.788890e-02	1.266183e-01	4.522981e-03
4.652391e-05	1.918371e-02	1.399057e-01	4.850357e-03
5.350250e-05	2.057224e-02	1.544926e-01	5.201428e-03
6.152788e-05	2.206126e-02	1.704374e-01	5.577910e-03
7.075706e-05	2.365807e-02	1.872632e-01	5.981642e-03
8.137062e-05	2.537045e-02	2.061843e-01	6.414597e-03
9.357621e-05	2.720678e-02	2.275062e-01	6.878889e-03
1.076126e-04	2.917602e-02	2.499563e-01	7.376786e-03
1.237545e-04	3.128780e-02	2.748735e-01	7.910722e-03
1.423177e-04	3.355243e-02	3.007864e-01	8.483304e-03
1.636654e-04	3.598097e-02	3.298491e-01	9.097330e-03
1.882152e-04	3.858529e-02	3.624035e-01	9.755800e-03
2.164475e-04	4.137811e-02	3.963601e-01	1.046193e-02
2.489146e-04	4.437308e-02	4.340287e-01	1.121917e-02
2.862518e-04	4.758483e-02	4.740122e-01	1.203122e-02
3.291895e-04	5.102905e-02	5.174539e-01	1.290205e-02
3.785680e-04	5.472255e-02	5.637785e-01	1.383590e-02
4.353531e-04	5.868340e-02	6.128830e-01	1.483735e-02
5.006561e-04	6.293094e-02	6.673533e-01	1.591129e-02
5.757545e-04	6.748591e-02	7.246046e-01	1.706295e-02
6.621177e-04	7.237058e-02	7.844700e-01	1.829798e-02
7.614354e-04	7.760880e-02	8.472010e-01	1.962240e-02
8.756507e-04	8.322617e-02	9.188455e-01	2.104268e-02
1.006998e-03	8.925012e-02	9.930796e-01	2.256576e-02
1.158048e-03	9.571009e-02	1.070989e+00	2.419908e-02
1.331755e-03	1.026376e-01	1.151310e+00	2.595062e-02
1.531519e-03	1.100666e-01	1.233889e+00	2.782894e-02
1.761246e-03	1.180333e-01	1.328096e+00	2.984321e-02
2.025433e-03	1.265766e-01	1.423251e+00	3.200328e-02
2.329248e-03	1.357383e-01	1.522107e+00	3.431970e-02
2.678635e-03	1.455631e-01	1.624847e+00	3.680377e-02
3.080431e-03	1.560990e-01	1.731386e+00	3.946765e-02
3.542495e-03	1.673975e-01	1.839976e+00	4.232434e-02
4.073870e-03	1.795139e-01	1.947562e+00	4.538780e-02
4.684950e-03	1.925072e-01	2.061512e+00	4.867299e-02
5.387693e-03	2.064409e-01	2.176612e+00	5.219597e-02
6.195847e-03	2.213833e-01	2.291762e+00	5.597394e-02
7.125224e-03	2.374071e-01	2.396888e+00	6.002536e-02
8.194007e-03	2.545907e-01	2.510625e+00	6.437003e-02
9.423108e-03	2.730182e-01	2.633073e+00	6.902917e-02
1.083657e-02	2.927794e-01	2.741609e+00	7.402554e-02
1.246206e-02	3.139709e-01	2.852995e+00	7.938354e-02
1.433137e-02	3.366963e-01	2.947463e+00	8.512937e-02
1.648108e-02	3.610665e-01	3.047826e+00	9.128750e-02
1.895324e-02	3.872007e-01	3.153230e+00	9.790227e-02
2.179622e-02	4.152265e-01	3.241048e+00	1.049864e-01
2.506566e-02	4.452808e-01	3.329902e+00	1.125862e-01
2.882550e-02	4.775105e-01	3.407835e+00	1.207349e-01
3.314933e-02	5.120729e-01	3.480741e+00	1.294736e-01
3.812173e-02	5.491370e-01	3.544748e+00	1.388448e-01
4.383999e-02	5.888839e-01	3.599988e+00	1.488943e-01
5.041599e-02	6.315076e-01	3.655245e+00	1.596711e-01
5.797838e-02	6.772164e-01	3.699556e+00	1.712280e-01
6.667514e-02	7.262337e-01	3.733930e+00	1.836214e-01
7.667641e-02	7.787989e-01	3.759561e+00	1.969119e-01
8.817787e-02	8.351688e-01	3.787997e+00	2.111643e-01
1.014046e-01	8.956187e-01	3.805322e+00	2.264483e-01
1.166152e-01	9.604441e-01	3.813297e+00	2.428385e-01
1.341075e-01	1.029962e+00	3.811735e+00	2.604152e-01
1.542237e-01	1.104511e+00	3.800444e+00	2.792640e-01
1.773572e-01	1.184456e+00	3.786787e+00	2.994771e-01
2.039608e-01	1.270187e+00	3.761584e+00	3.211531e-01
2.345549e-01	1.362124e+00	3.726141e+00	3.443982e-01
2.697381e-01	1.460715e+00	3.681519e+00	3.693258e-01
3.101989e-01	1.566443e+00	3.627117e+00	3.960577e-01
3.567287e-01	1.679823e+00	3.563323e+00	4.247243e-01
4.102380e-01	1.801409e+00	3.490514e+00	4.554658e-01
4.717737e-01	1.931796e+00	3.407251e+00	4.884325e-01
5.425397e-01	2.071621e+00	3.316292e+00	5.237855e-01
6.239207e-01	2.221566e+00	3.217559e+00	5.616972e-01
7.175088e-01	2.382364e+00	3.116468e+00	6.023528e-01
8.251351e-01	2.554800e+00	3.003238e+00	6.459511e-01
9.489054e-01	2.739718e+00	2.879340e+00	6.927055e-01
1.091241e+00	2.938020e+00	2.757859e+00	7.428427e-01
1.254927e+00	3.150676e+00	2.628910e+00	7.966153e-01
1.443166e+00	3.378724e+00	2.509059e+00	8.542551e-01
1.659641e+00	3.593515e+00	2.377616e+00	9.163005e-01
1.908588e+00	3.815084e+00	2.237812e+00	9.835035e-01
2.194876e+00	4.047029e+00	2.109933e+00	1.056314e+00
2.524107e+00	4.288672e+00	1.976091e+00	1.135291e+00
2.902723e+00	4.538861e+00	1.849644e+00	1.221050e+00
3.338132e+00	4.795823e+00	1.725006e+00	1.314312e+00
3.838852e+00	5.056988e+00	1.606715e+00	1.415918e+00
4.414679e+00	5.318805e+00	1.495294e+00	1.526868e+00
5.076881e+00	5.576559e+00	1.379258e+00	1.648367e+00
5.838413e+00	3.040638e+00	1.272785e+00	1.781887e+00
6.714175e+00	3.332524e+00	1.178099e+00	1.929246e+00
7.721302e+00	3.657066e+00	1.090528e+00	2.092720e+00
8.879497e+00	4.014054e+00	9.912786e-01	2.275182e+00
1.021142e+01	4.399922e+00	9.171595e-01	2.480296e+00
1.174313e+01	4.830143e+00	8.583720e-01	2.712767e+00
1.350460e+01	5.282183e+00	7.921485e-01	2.978662e+00
1.553030e+01	5.760475e+00	7.160074e-01	3.285837e+00
1.785984e+01	6.262621e+00	6.284453e-01	3.126414e+00
2.053882e+01	6.819833e+00	5.631653e-01	2.962715e+00
2.361964e+01	7.440081e+00	5.078451e-01	2.835664e+00
2.716258e+01	8.077833e+00	4.582266e-01	2.743461e+00
3.123697e+01	8.775679e+00	4.124195e-01	2.684813e+00
3.592252e+01	9.545758e+00	3.709269e-01	2.658855e+00
4.131089e+01	1.036323e+01	3.360963e-01	2.665076e+00
4.750753e+01	1.127786e+01	3.010233e-01	2.703213e+00
5.463366e+01	1.227459e+01	2.700775e-01	2.773519e+00
6.282871e+01	1.333917e+01	2.423281e-01	2.876551e+00
7.225301e+01	1.450464e+01	2.204278e-01	3.013426e+00
8.309096e+01	1.560924e+01	1.974070e-01	3.185954e+00
9.555461e+01	1.677520e+01	1.740940e-01	3.396809e+00
1.098878e+02	1.789133e+01	1.560901e-01	3.649714e+00
1.263710e+02	1.891830e+01	1.387940e-01	3.949628e+00
1.453266e+02	1.995082e+01	1.257091e-01	4.302947e+00
1.671256e+02	2.061042e+01	1.120171e-01	4.717781e+00
1.921945e+02	2.132729e+01	9.837950e-02	5.204283e+00
2.210236e+02	2.207265e+01	8.793726e-02	5.774837e+00
2.541772e+02	2.261736e+01	7.771353e-02	6.445411e+00
2.923037e+02	2.627330e+01	6.909520e-02	7.233247e+00
3.361493e+02	2.617633e+01	6.131238e-02	8.177855e+00
3.865717e+02	2.590099e+01	5.458793e-02	9.306020e+00
4.445574e+02	2.551349e+01	4.879687e-02	1.064783e+01
5.112411e+02	2.492740e+01	4.301780e-02	1.225743e+01
5.879272e+02	2.444584e+01	3.814179e-02	1.417450e+01
6.761163e+02	2.375995e+01	3.417624e-02	1.644607e+01
7.775337e+02	2.300063e+01	3.070108e-02	1.916163e+01
8.941638e+02	2.221769e+01	2.676998e-02	2.242401e+01
1.028288e+03	2.143401e+01	2.368333e-02	2.636088e+01
1.182532e+03	2.067235e+01	2.089931e-02	3.113224e+01
1.359911e+03	1.985571e+01	1.866480e-02	3.694812e+01
1.563898e+03	1.900166e+01	1.672442e-02	4.406987e+01
1.798483e+03	1.815251e+01	1.452698e-02	5.281378e+01
2.068255e+03	1.728065e+01	1.285370e-02	6.357527e+01
2.378493e+03	1.639442e+01	1.130840e-02	7.687736e+01
2.735268e+03	1.551049e+01	9.987962e-03	9.337961e+01
3.145558e+03	1.462883e+01	8.797023e-03	1.139142e+02
3.617391e+03	1.374810e+01	7.747508e-03	1.395504e+02
4.160000e+03	1.287396e+01	6.910670e-03	1.716614e+02
4.784000e+03	1.201808e+01	6.063950e-03	2.120038e+02
5.501600e+03	1.118629e+01	5.353180e-03	2.628219e+02
6.326840e+03	1.038360e+01	4.726603e-03	3.269915e+02
7.275866e+03	9.614583e+00	4.245916e-03	4.081877e+02
8.367246e+03	8.882256e+00	3.739316e-03	5.111041e+02
9.622333e+03	8.188898e+00	3.239111e-03	6.417254e+02
