# Energy_MeV	dEdx_Elec_MeV_um	dEdx_Nucl_MeV_um	Range_um
1.000000e-05	7.199716e-03	5.937247e-02	2.777888e-03
1.150000e-05	7.720835e-03	6.559300e-02	2.978952e-03
1.322500e-05	8.279673e-03	7.244619e-02	3.194571e-03
1.520875e-05	8.878960e-03	7.999585e-02	3.425795e-03
1.749006e-05	9.521624e-03	8.792902e-02	3.673756e-03
2.011357e-05	1.021080e-02	9.674908e-02	3.939665e-03
2.313061e-05	1.094987e-02	1.067737e-01	4.224820e-03
2.660020e-05	1.174242e-02	1.173757e-01	4.530614e-03
3.059023e-05	1.259235e-02	1.291201e-01	4.858543e-03
3.517876e-05	1.350379e-02	1.413850e-01	5.210207e-03
4.045558e-05	1.448120e-02	1.549302e-01	5.587324e-03
4.652391e-05	1.552936e-02	1.702569e-01	5.991737e-03
5.350250e-05	1.665338e-02	1.863400e-01	6.425423e-03
6.152788e-05	1.785876e-02	2.040476e-01	6.890498e-03
7.075706e-05	1.915139e-02	2.229178e-01	7.389236e-03
8.137062e-05	2.053757e-02	2.433289e-01	7.924073e-03
9.357621e-05	2.202409e-02	2.653523e-01	8.497621e-03
1.076126e-04	2.361821e-02	2.885531e-01	9.112684e-03
1.237545e-04	2.532771e-02	3.141815e-01	9.772265e-03
1.423177e-04	2.716094e-02	3.412699e-01	1.047959e-02
1.636654e-04	2.912687e-02	3.696587e-01	1.123810e-02
1.882152e-04	3.123508e-02	3.994814e-01	1.205152e-02
2.164475e-04	3.349589e-02	4.328064e-01	1.292382e-02
2.489146e-04	3.592035e-02	4.682089e-01	1.385925e-02
2.862518e-04	3.852028e-02	5.051499e-01	1.486239e-02
3.291895e-04	4.130840e-02	5.435120e-01	1.593814e-02
3.785680e-04	4.429832e-02	5.829252e-01	1.709175e-02
4.353531e-04	4.750466e-02	6.267765e-01	1.832886e-02
5.006561e-04	5.094307e-02	6.724711e-01	1.965551e-02
5.757545e-04	5.463036e-02	7.194309e-01	2.107819e-02
6.621177e-04	5.858453e-02	7.684352e-01	2.260384e-02
7.614354e-04	6.282491e-02	8.196933e-01	2.423992e-02
8.756507e-04	6.737221e-02	8.712422e-01	2.599442e-02
1.006998e-03	7.224864e-02	9.230231e-01	2.787591e-02
1.158048e-03	7.747804e-02	9.769846e-01	2.989358e-02
1.331755e-03	8.308594e-02	1.032305e+00	3.205729e-02
1.531519e-03	8.909975e-02	1.088551e+00	3.437762e-02
1.761246e-03	9.554883e-02	1.139677e+00	3.686589e-02
2.025433e-03	1.024647e-01	1.193035e+00	3.953426e-02
2.329248e-03	1.098812e-01	1.251859e+00	4.239577e-02
2.678635e-03	1.178344e-01	1.305227e+00	4.546440e-02
3.080431e-03	1.263633e-01	1.359087e+00	4.875514e-02
3.542495e-03	1.355096e-01	1.406043e+00	5.228406e-02
4.073870e-03	1.453178e-01	1.453164e+00	5.606841e-02
4.684950e-03	1.558360e-01	1.504189e+00	6.012667e-02
5.387693e-03	1.671155e-01	1.548208e+00	6.447867e-02
6.195847e-03	1.792114e-01	1.591031e+00	6.914567e-02
7.125224e-03	1.921828e-01	1.629626e+00	7.415047e-02
8.194007e-03	2.060931e-01	1.665026e+00	7.947653e-02
9.423108e-03	2.210103e-01	1.697366e+00	8.526354e-02
1.083657e-02	2.370071e-01	1.724920e+00	9.144739e-02
1.246206e-02	2.541618e-01	1.751776e+00	9.806636e-02
1.433137e-02	2.725582e-01	1.774288e+00	1.051641e-01
1.648108e-02	2.922861e-01	1.791834e+00	1.127759e-01
1.895324e-02	3.134419e-01	1.805328e+00	1.209384e-01
2.179622e-02	3.361290e-01	1.818688e+00	1.296918e-01
2.506566e-02	3.604582e-01	1.828508e+00	1.390789e-01
2.882550e-02	3.865483e-01	1.833401e+00	1.491453e-01
3.314933e-02	4.145269e-01	1.833973e+00	1.599404e-01
3.812173e-02	4.445306e-01	1.829762e+00	1.715168e-01
4.383999e-02	4.767059e-01	1.823546e+00	1.839311e-01
5.041599e-02	5.112102e-01	1.812946e+00	1.972440e-01
5.797838e-02	5.482118e-01	1.797113e+00	2.115205e-01
6.667514e-02	5.878917e-01	1.776901e+00	2.268302e-01
7.667641e-02	6.304436e-01	1.752017e+00	2.432481e-01
8.817787e-02	6.760754e-01	1.722526e+00	2.608544e-01
1.014046e-01	7.250101e-01	1.688656e+00	2.797351e-01
1.166152e-01	7.774867e-01	1.649962e+00	2.999823e-01
1.341075e-01	8.337616e-01	1.607187e+00	3.216949e-01
1.542237e-01	8.941098e-01	1.560352e+00	3.449792e-01
1.773572e-01	9.588259e-01	1.512299e+00	3.699488e-01
2.039608e-01	1.028226e+00	1.459524e+00	3.967258e-01
2.345549e-01	1.102650e+00	1.400765e+00	4.254409e-01
2.697381e-01	1.182460e+00	1.342295e+00	4.562343e-01
3.101989e-01	1.268047e+00	1.280747e+00	4.892565e-01
3.567287e-01	1.359829e+00	1.222367e+00	5.246691e-01
4.102380e-01	1.458254e+00	1.160985e+00	5.626449e-01
4.717737e-01	1.563804e+00	1.094069e+00	6.033691e-01
5.425397e-01	1.676992e+00	1.031286e+00	6.470413e-01
6.239207e-01	1.798374e+00	9.675185e-01	6.938743e-01
7.175088e-01	1.928541e+00	9.059562e-01	7.440926e-01
8.251351e-01	1.030819e+00	8.461426e-01	7.979876e-01
9.489054e-01	1.105483e+00	7.880702e-01	8.562366e-01
1.091241e+00	1.185551e+00	7.336389e-01	9.193467e-01
1.254927e+00	1.271415e+00	6.781482e-01	9.877664e-01
1.443166e+00	1.363494e+00	6.258381e-01	1.062019e+00
1.659641e+00	1.462237e+00	5.791632e-01	1.142709e+00
1.908588e+00	1.568128e+00	5.361411e-01	1.230538e+00
2.194876e+00	1.692102e+00	4.897755e-01	1.326336e+00
2.524107e+00	1.838423e+00	4.507998e-01	1.431097e+00
2.902723e+00	2.016065e+00	4.209705e-01	1.546023e+00
3.338132e+00	2.211812e+00	3.897330e-01	1.672595e+00
3.838852e+00	2.430883e+00	3.542740e-01	1.726652e+00
4.414679e+00	2.665982e+00	3.136178e-01	1.708747e+00
5.076881e+00	2.930429e+00	2.792503e-01	1.691048e+00
5.838413e+00	3.222318e+00	2.518056e-01	1.674904e+00
6.714175e+00	3.544487e+00	2.269160e-01	1.661750e+00
7.721302e+00	3.907069e+00	2.041277e-01	1.653125e+00
8.879497e+00	4.286013e+00	1.837716e-01	1.650634e+00
1.021142e+01	4.715870e+00	1.661994e-01	1.656129e+00
1.174313e+01	5.199255e+00	1.494328e-01	1.671547e+00
1.350460e+01	5.709276e+00	1.339204e-01	1.699004e+00
1.553030e+01	6.270118e+00	1.199993e-01	1.740780e+00
1.785984e+01	6.825366e+00	1.088260e-01	1.799311e+00
2.053882e+01	7.403119e+00	9.800128e-02	1.877183e+00
2.361964e+01	7.979752e+00	8.662165e-02	1.977132e+00
2.716258e+01	8.536358e+00	7.733936e-02	2.102088e+00
3.123697e+01	9.118028e+00	6.890894e-02	2.255227e+00
3.592252e+01	9.602842e+00	6.211547e-02	2.440190e+00
4.131089e+01	1.006328e+01	5.569732e-02	2.661202e+00
4.750753e+01	1.048195e+01	4.902901e-02	2.923360e+00
5.463366e+01	1.082011e+01	4.361708e-02	3.232922e+00
6.282871e+01	1.114744e+01	3.868166e-02	3.597639e+00
7.225301e+01	1.137883e+01	3.432681e-02	4.027171e+00
8.309096e+01	1.154434e+01	3.051982e-02	4.533538e+00
9.555461e+01	1.164366e+01	2.713155e-02	5.131677e+00
1.098878e+02	1.172667e+01	2.422120e-02	5.840212e+00
1.263710e+02	1.178820e+01	2.142774e-02	6.682385e+00
1.453266e+02	1.176109e+01	1.896434e-02	7.685884e+00
1.671256e+02	1.226181e+01	1.696400e-02	8.894105e+00
1.921945e+02	1.184237e+01	1.523161e-02	1.036863e+01
2.210236e+02	1.136083e+01	1.338960e-02	1.215000e+01
2.541772e+02	1.084678e+01	1.178675e-02	1.432566e+01
2.923037e+02	1.035669e+01	1.042727e-02	1.698092e+01
3.361493e+02	9.874881e+00	9.270244e-03	2.020189e+01
3.865717e+02	9.362762e+00	8.305962e-03	2.412575e+01
4.445574e+02	8.850700e+00	7.274337e-03	2.893788e+01
5.112411e+02	8.345609e+00	6.394315e-03	3.486744e+01
5.879272e+02	7.858855e+00	5.647130e-03	4.220413e+01
6.761163e+02	7.372218e+00	4.975395e-03	5.132745e+01
7.775337e+02	6.888687e+00	4.382357e-03	6.273118e+01
8.941638e+02	6.418099e+00	3.861348e-03	7.703324e+01
1.028288e+03	5.965806e+00	3.433822e-03	9.500690e+01
1.182532e+03	5.525441e+00	3.028879e-03	1.176637e+02
1.359911e+03	5.100573e+00	2.665924e-03	1.463245e+02
1.563898e+03	4.697091e+00	2.352196e-03	1.826715e+02
1.798483e+03	4.312617e+00	2.103269e-03	2.288668e+02
2.068255e+03	3.947220e+00	1.865697e-03	2.877187e+02
2.378493e+03	3.602917e+00	1.620760e-03	3.628424e+02
2.735268e+03	3.280719e+00	1.425319e-03	4.588850e+02
3.145558e+03	2.981372e+00	1.252591e-03	5.818151e+02
3.617391e+03	2.705159e+00	1.115033e-03	7.392853e+02
4.160000e+03	2.451561e+00	9.865407e-04	9.410752e+02
4.784000e+03	2.219664e+00	8.554709e-04	1.199655e+03
5.501600e+03	2.008505e+00	7.507391e-04	1.530870e+03
6.326840e+03	1.817466e+00	6.567169e-04	1.954783e+03
7.275866e+03	1.645468e+00	5.743307e-04	2.496690e+03
8.367246e+03	1.491173e+00	5.039115e-04	3.188330e+03
9.622333e+03	1.353234e+00	4.426317e-04	4.069333e+03
