# Energy_MeV	dEdx_Elec_MeV_um	dEdx_Nucl_MeV_um	Range_um
1.000000e-05	8.816652e-03	4.548452e-02	2.268435e-03
1.150000e-05	9.454806e-03	5.050206e-02	2.432625e-03
1.322500e-05	1.013915e-02	5.599068e-02	2.608700e-03
1.520875e-05	1.087303e-02	6.205913e-02	2.797519e-03
1.749006e-05	1.166002e-02	6.902386e-02	3.000005e-03
2.011357e-05	1.250398e-02	7.648915e-02	3.217147e-03
2.313061e-05	1.340903e-02	8.481549e-02	3.450006e-03
2.660020e-05	1.437958e-02	9.389359e-02	3.699719e-03
3.059023e-05	1.542038e-02	1.039291e-01	3.967507e-03
3.517876e-05	1.653651e-02	1.150046e-01	4.254677e-03
4.045558e-05	1.773344e-02	1.269182e-01	4.562633e-03
4.652391e-05	1.901699e-02	1.403281e-01	4.892879e-03
5.350250e-05	2.039345e-02	1.548489e-01	5.247028e-03
6.152788e-05	2.186954e-02	1.707147e-01	5.626810e-03
7.075706e-05	2.345247e-02	1.875724e-01	6.034082e-03
8.137062e-05	2.514997e-02	2.066765e-01	6.470832e-03
9.357621e-05	2.697034e-02	2.278979e-01	6.939194e-03
1.076126e-04	2.892247e-02	2.503790e-01	7.441457e-03
1.237545e-04	3.101589e-02	2.751324e-01	7.980073e-03
1.423177e-04	3.326084e-02	3.010559e-01	8.557675e-03
1.636654e-04	3.566827e-02	3.303975e-01	9.177084e-03
1.882152e-04	3.824996e-02	3.627434e-01	9.841326e-03
2.164475e-04	4.101851e-02	3.967102e-01	1.055365e-02
2.489146e-04	4.398746e-02	4.342452e-01	1.131753e-02
2.862518e-04	4.717129e-02	4.743245e-01	1.213669e-02
3.291895e-04	5.058557e-02	5.175392e-01	1.301515e-02
3.785680e-04	5.424699e-02	5.636138e-01	1.395720e-02
4.353531e-04	5.817341e-02	6.128165e-01	1.496743e-02
5.006561e-04	6.238403e-02	6.670000e-01	1.605078e-02
5.757545e-04	6.689942e-02	7.243233e-01	1.721254e-02
6.621177e-04	7.174164e-02	7.831202e-01	1.845839e-02
7.614354e-04	7.693434e-02	8.462275e-01	1.979442e-02
8.756507e-04	8.250288e-02	9.185539e-01	2.122715e-02
1.006998e-03	8.847449e-02	9.910243e-01	2.276359e-02
1.158048e-03	9.487832e-02	1.069492e+00	2.441123e-02
1.331755e-03	1.017457e-01	1.147717e+00	2.617812e-02
1.531519e-03	1.091101e-01	1.230740e+00	2.807291e-02
1.761246e-03	1.170075e-01	1.325831e+00	3.010484e-02
2.025433e-03	1.254766e-01	1.418024e+00	3.228385e-02
2.329248e-03	1.345586e-01	1.517638e+00	3.462057e-02
2.678635e-03	1.442981e-01	1.618144e+00	3.712642e-02
3.080431e-03	1.547424e-01	1.723465e+00	3.981365e-02
3.542495e-03	1.659428e-01	1.831534e+00	4.269539e-02
4.073870e-03	1.779538e-01	1.936597e+00	4.578570e-02
4.684950e-03	1.908342e-01	2.051566e+00	4.909970e-02
5.387693e-03	2.046469e-01	2.163135e+00	5.265356e-02
6.195847e-03	2.194593e-01	2.275142e+00	5.646465e-02
7.125224e-03	2.353439e-01	2.378826e+00	6.055159e-02
8.194007e-03	2.523782e-01	2.493578e+00	6.493435e-02
9.423108e-03	2.706455e-01	2.612277e+00	6.963433e-02
1.083657e-02	2.902349e-01	2.718828e+00	7.467450e-02
1.246206e-02	3.112423e-01	2.826163e+00	8.007948e-02
1.433137e-02	3.337702e-01	2.918484e+00	8.587567e-02
1.648108e-02	3.579286e-01	3.019694e+00	9.208366e-02
1.895324e-02	3.838357e-01	3.120943e+00	9.876058e-02
2.179622e-02	4.116179e-01	3.206423e+00	1.059068e-01
2.506566e-02	4.414111e-01	3.292369e+00	1.135732e-01
2.882550e-02	4.733606e-01	3.368841e+00	1.217933e-01
3.314933e-02	5.076227e-01	3.438523e+00	1.306086e-01
3.812173e-02	5.443647e-01	3.499752e+00	1.400620e-01
4.383999e-02	5.837661e-01	3.553880e+00	1.501996e-01
5.041599e-02	6.260194e-01	3.606661e+00	1.610709e-01
5.797838e-02	6.713311e-01	3.649599e+00	1.727291e-01
6.667514e-02	7.199224e-01	3.680147e+00	1.852312e-01
7.667641e-02	7.720307e-01	3.705519e+00	1.986382e-01
8.817787e-02	8.279107e-01	3.734158e+00	2.130155e-01
1.014046e-01	8.878353e-01	3.747127e+00	2.284335e-01
1.166152e-01	9.520973e-01	3.754941e+00	2.449674e-01
1.341075e-01	1.021011e+00	3.750212e+00	2.626982e-01
1.542237e-01	1.094912e+00	3.738511e+00	2.817122e-01
1.773572e-01	1.174162e+00	3.724343e+00	3.021025e-01
2.039608e-01	1.259149e+00	3.696502e+00	3.239686e-01
2.345549e-01	1.350287e+00	3.660632e+00	3.474175e-01
2.697381e-01	1.448021e+00	3.614499e+00	3.725636e-01
3.101989e-01	1.552830e+00	3.559324e+00	3.995298e-01
3.567287e-01	1.665224e+00	3.494842e+00	4.284477e-01
4.102380e-01	1.785754e+00	3.421467e+00	4.594587e-01
4.717737e-01	1.915008e+00	3.337458e+00	4.927145e-01
5.425397e-01	2.053617e+00	3.246887e+00	5.283774e-01
6.239207e-01	2.202259e+00	3.149078e+00	5.666214e-01
7.175088e-01	2.361660e+00	3.048129e+00	6.076334e-01
8.251351e-01	2.532598e+00	2.933822e+00	6.516140e-01
9.489054e-01	2.715909e+00	2.811968e+00	6.987784e-01
1.091241e+00	2.912487e+00	2.691298e+00	7.493549e-01
1.254927e+00	3.123295e+00	2.565480e+00	8.035990e-01
1.443166e+00	3.349361e+00	2.447095e+00	8.617449e-01
1.659641e+00	3.560600e+00	2.314471e+00	9.243591e-01
1.908588e+00	3.780006e+00	2.178782e+00	9.921848e-01
2.194876e+00	4.009639e+00	2.052534e+00	1.065673e+00
2.524107e+00	4.248811e+00	1.921711e+00	1.145388e+00
2.902723e+00	4.496355e+00	1.796586e+00	1.231955e+00
3.338132e+00	4.750486e+00	1.675710e+00	1.326103e+00
3.838852e+00	5.008623e+00	1.561123e+00	1.428684e+00
4.414679e+00	5.267207e+00	1.450444e+00	1.540713e+00
5.076881e+00	2.795658e+00	1.337644e+00	1.663413e+00
5.838413e+00	3.065508e+00	1.232610e+00	1.798277e+00
6.714175e+00	3.357160e+00	1.144146e+00	1.947155e+00
7.721302e+00	3.680074e+00	1.056317e+00	2.112359e+00
8.879497e+00	4.036471e+00	9.578820e-01	2.296811e+00
1.021142e+01	4.419771e+00	8.926831e-01	2.504241e+00
1.174313e+01	4.846440e+00	8.335331e-01	2.739436e+00
1.350460e+01	5.297020e+00	7.666587e-01	3.008571e+00
1.553030e+01	5.770482e+00	6.897531e-01	3.253937e+00
1.785984e+01	6.272582e+00	6.040082e-01	3.065054e+00
2.053882e+01	6.829207e+00	5.448421e-01	2.912871e+00
2.361964e+01	7.446530e+00	4.895022e-01	2.795490e+00
2.716258e+01	8.087584e+00	4.427624e-01	2.711513e+00
3.123697e+01	8.787428e+00	3.982412e-01	2.659984e+00
3.592252e+01	9.564296e+00	3.584346e-01	2.640311e+00
4.131089e+01	1.038534e+01	3.248053e-01	2.652184e+00
4.750753e+01	1.130411e+01	2.899961e-01	2.695622e+00
5.463366e+01	1.230759e+01	2.606770e-01	2.770984e+00
6.282871e+01	1.336931e+01	2.341973e-01	2.879006e+00
7.225301e+01	1.453627e+01	2.130025e-01	3.020958e+00
8.309096e+01	1.562392e+01	1.897987e-01	3.198805e+00
9.555461e+01	1.676807e+01	1.677619e-01	3.415383e+00
1.098878e+02	1.787365e+01	1.503312e-01	3.674583e+00
1.263710e+02	1.887095e+01	1.339475e-01	3.981561e+00
1.453266e+02	1.986659e+01	1.213742e-01	4.342924e+00
1.671256e+02	2.051514e+01	1.075782e-01	4.767053e+00
1.921945e+02	2.121448e+01	9.478848e-02	5.264407e+00
2.210236e+02	2.194695e+01	8.462121e-02	5.847732e+00
2.541772e+02	2.246133e+01	7.482548e-02	6.533445e+00
2.923037e+02	2.585718e+01	6.640013e-02	7.339612e+00
3.361493e+02	2.573083e+01	5.903534e-02	8.307173e+00
3.865717e+02	2.543803e+01	5.266074e-02	9.462002e+00
4.445574e+02	2.503081e+01	4.692620e-02	1.083711e+01
5.112411e+02	2.444086e+01	4.141393e-02	1.248699e+01
5.879272e+02	2.395029e+01	3.662561e-02	1.445207e+01
6.761163e+02	2.325701e+01	3.303162e-02	1.678235e+01
7.775337e+02	2.249981e+01	2.954276e-02	1.957043e+01
8.941638e+02	2.172077e+01	2.569412e-02	2.292249e+01
1.028288e+03	2.094305e+01	2.283420e-02	2.697049e+01
1.182532e+03	2.018531e+01	2.006250e-02	3.188045e+01
1.359911e+03	1.937330e+01	1.803770e-02	3.787012e+01
1.563898e+03	1.852577e+01	1.608460e-02	4.520992e+01
1.798483e+03	1.768661e+01	1.396097e-02	5.422744e+01
2.068255e+03	1.682442e+01	1.238680e-02	6.533374e+01
2.378493e+03	1.594939e+01	1.086031e-02	7.907249e+01
2.735268e+03	1.507874e+01	9.613799e-03	9.612848e+01
3.145558e+03	1.421075e+01	8.460605e-03	1.173666e+02
3.617391e+03	1.334408e+01	7.471372e-03	1.438997e+02
4.160000e+03	1.248520e+01	6.656891e-03	1.771562e+02
4.784000e+03	1.164635e+01	5.828505e-03	2.189641e+02
5.501600e+03	1.083262e+01	5.150105e-03	2.716597e+02
6.326840e+03	1.004806e+01	4.554937e-03	3.382370e+02
7.275866e+03	9.297236e+00	4.091904e-03	4.225227e+02
8.367246e+03	8.583308e+00	3.581386e-03	5.294045e+02
9.622333e+03	7.908351e+00	3.114714e-03	6.651139e+02
