# Energy_MeV	dEdx_Elec_MeV_um	dEdx_Nucl_MeV_um	Range_um
1.000000e-05	9.023113e-03	5.101851e-02	2.216530e-03
1.150000e-05	9.676210e-03	5.664958e-02	2.376964e-03
1.322500e-05	1.037658e-02	6.292150e-02	2.549009e-03
1.520875e-05	1.112764e-02	6.971079e-02	2.733508e-03
1.749006e-05	1.193307e-02	7.727364e-02	2.931361e-03
2.011357e-05	1.279679e-02	8.554073e-02	3.143534e-03
2.313061e-05	1.372303e-02	9.464743e-02	3.371065e-03
2.660020e-05	1.471631e-02	1.045994e-01	3.615065e-03
3.059023e-05	1.578148e-02	1.155026e-01	3.876725e-03
3.517876e-05	1.692375e-02	1.276380e-01	4.157324e-03
4.045558e-05	1.814870e-02	1.408711e-01	4.458234e-03
4.652391e-05	1.946232e-02	1.549403e-01	4.780923e-03
5.350250e-05	2.087101e-02	1.704058e-01	5.126969e-03
6.152788e-05	2.238166e-02	1.881380e-01	5.498061e-03
7.075706e-05	2.400166e-02	2.068242e-01	5.896014e-03
8.137062e-05	2.573891e-02	2.274872e-01	6.322770e-03
9.357621e-05	2.760191e-02	2.491994e-01	6.780416e-03
1.076126e-04	2.959975e-02	2.729518e-01	7.271186e-03
1.237545e-04	3.174219e-02	3.001837e-01	7.797478e-03
1.423177e-04	3.403971e-02	3.284337e-01	8.361864e-03
1.636654e-04	3.650352e-02	3.596635e-01	8.967100e-03
1.882152e-04	3.914567e-02	3.929130e-01	9.616143e-03
2.164475e-04	4.197905e-02	4.290291e-01	1.031217e-02
2.489146e-04	4.501752e-02	4.680034e-01	1.105857e-02
2.862518e-04	4.827591e-02	5.087244e-01	1.185899e-02
3.291895e-04	5.177015e-02	5.541255e-01	1.271735e-02
3.785680e-04	5.551730e-02	6.017419e-01	1.363784e-02
4.353531e-04	5.953567e-02	6.523248e-01	1.462495e-02
5.006561e-04	6.384489e-02	7.044620e-01	1.568351e-02
5.757545e-04	6.846602e-02	7.629965e-01	1.681870e-02
6.621177e-04	7.342162e-02	8.262882e-01	1.803604e-02
7.614354e-04	7.873592e-02	8.908863e-01	1.934150e-02
8.756507e-04	8.443487e-02	9.596254e-01	2.074145e-02
1.006998e-03	9.054631e-02	1.028453e+00	2.224272e-02
1.158048e-03	9.710010e-02	1.105463e+00	2.385266e-02
1.331755e-03	1.041283e-01	1.187410e+00	2.557913e-02
1.531519e-03	1.116651e-01	1.269447e+00	2.743056e-02
1.761246e-03	1.197475e-01	1.356984e+00	2.941600e-02
2.025433e-03	1.284149e-01	1.446594e+00	3.154515e-02
2.329248e-03	1.377096e-01	1.538307e+00	3.382840e-02
2.678635e-03	1.476771e-01	1.630698e+00	3.627692e-02
3.080431e-03	1.583661e-01	1.724912e+00	3.890266e-02
3.542495e-03	1.698287e-01	1.824154e+00	4.171846e-02
4.073870e-03	1.821210e-01	1.923162e+00	4.473806e-02
4.684950e-03	1.953030e-01	2.014587e+00	4.797623e-02
5.387693e-03	2.094391e-01	2.107799e+00	5.144877e-02
6.195847e-03	2.245984e-01	2.214052e+00	5.517266e-02
7.125224e-03	2.408550e-01	2.307678e+00	5.916609e-02
8.194007e-03	2.582882e-01	2.403858e+00	6.344856e-02
9.423108e-03	2.769832e-01	2.487188e+00	6.804100e-02
1.083657e-02	2.970314e-01	2.569438e+00	7.296585e-02
1.246206e-02	3.185307e-01	2.662090e+00	7.821453e-02
1.433137e-02	3.415861e-01	2.739068e+00	8.390906e-02
1.648108e-02	3.663103e-01	2.816189e+00	8.998595e-02
1.895324e-02	3.928241e-01	2.883783e+00	9.649973e-02
2.179622e-02	4.212569e-01	2.947473e+00	1.034840e-01
2.506566e-02	4.517477e-01	3.005346e+00	1.109741e-01
2.882550e-02	4.844454e-01	3.053437e+00	1.190063e-01
3.314933e-02	5.195098e-01	3.102348e+00	1.276199e-01
3.812173e-02	5.571122e-01	3.141558e+00	1.368570e-01
4.383999e-02	5.974363e-01	3.174149e+00	1.467626e-01
5.041599e-02	6.406790e-01	3.197165e+00	1.573851e-01
5.797838e-02	6.870517e-01	3.220603e+00	1.687766e-01
6.667514e-02	7.367809e-01	3.239763e+00	1.809926e-01
7.667641e-02	7.901095e-01	3.247837e+00	1.940928e-01
8.817787e-02	8.472980e-01	3.250222e+00	2.081412e-01
1.014046e-01	9.086259e-01	3.242365e+00	2.232063e-01
1.166152e-01	9.743927e-01	3.231409e+00	2.393620e-01
1.341075e-01	1.044920e+00	3.213898e+00	2.566870e-01
1.542237e-01	1.120552e+00	3.185777e+00	2.752660e-01
1.773572e-01	1.201658e+00	3.150700e+00	2.951897e-01
2.039608e-01	1.288634e+00	3.106859e+00	3.165555e-01
2.345549e-01	1.381906e+00	3.055098e+00	3.394678e-01
2.697381e-01	1.481930e+00	2.995463e+00	3.640386e-01
3.101989e-01	1.589192e+00	2.927508e+00	3.903878e-01
3.567287e-01	1.704219e+00	2.851759e+00	4.186440e-01
4.102380e-01	1.827571e+00	2.768829e+00	4.489454e-01
4.717737e-01	1.959852e+00	2.684083e+00	4.814403e-01
5.425397e-01	2.101707e+00	2.591600e+00	5.162871e-01
6.239207e-01	2.253830e+00	2.486388e+00	5.536561e-01
7.175088e-01	2.416963e+00	2.383930e+00	5.937296e-01
8.251351e-01	2.591904e+00	2.273203e+00	6.367039e-01
9.489054e-01	2.779507e+00	2.170918e+00	6.827906e-01
1.091241e+00	2.980690e+00	2.063494e+00	7.322003e-01
1.254927e+00	3.179419e+00	1.942857e+00	7.852741e-01
1.443166e+00	3.376166e+00	1.833194e+00	8.426919e-01
1.659641e+00	3.582380e+00	1.718463e+00	9.048978e-01
1.908588e+00	3.797557e+00	1.610937e+00	9.723513e-01
2.194876e+00	4.020803e+00	1.503769e+00	1.045569e+00
2.524107e+00	4.250702e+00	1.400167e+00	1.125153e+00
2.902723e+00	4.485176e+00	1.305127e+00	1.211805e+00
3.338132e+00	4.721312e+00	1.204999e+00	1.306357e+00
3.838852e+00	2.520127e+00	1.113804e+00	1.409803e+00
4.414679e+00	2.766890e+00	1.028608e+00	1.523353e+00
5.076881e+00	3.035667e+00	9.541542e-01	1.648499e+00
5.838413e+00	3.336801e+00	8.727957e-01	1.787100e+00
6.714175e+00	3.658892e+00	7.995360e-01	1.941498e+00
7.721302e+00	4.014768e+00	7.484343e-01	2.114672e+00
8.879497e+00	4.406694e+00	6.937997e-01	2.310435e+00
1.021142e+01	4.818638e+00	6.316986e-01	2.533702e+00
1.174313e+01	5.270219e+00	5.602824e-01	2.444052e+00
1.350460e+01	5.724145e+00	4.957910e-01	2.335976e+00
1.553030e+01	6.236544e+00	4.486379e-01	2.248835e+00
1.785984e+01	6.816729e+00	4.035043e-01	2.182887e+00
2.053882e+01	7.423096e+00	3.632334e-01	2.138529e+00
2.361964e+01	8.098333e+00	3.273018e-01	2.116297e+00
2.716258e+01	8.827991e+00	2.956608e-01	2.116848e+00
3.123697e+01	9.616206e+00	2.664942e-01	2.140879e+00
3.592252e+01	1.048469e+01	2.382214e-01	2.189365e+00
4.131089e+01	1.140015e+01	2.131210e-01	2.263311e+00
4.750753e+01	1.239705e+01	1.935886e-01	2.363973e+00
5.463366e+01	1.341423e+01	1.747349e-01	2.492957e+00
6.282871e+01	1.440766e+01	1.539378e-01	2.652367e+00
7.225301e+01	1.544719e+01	1.378132e-01	2.844986e+00
8.309096e+01	1.633757e+01	1.223157e-01	3.074457e+00
9.555461e+01	1.724069e+01	1.105530e-01	3.345472e+00
1.098878e+02	1.804171e+01	9.932510e-02	3.664026e+00
1.263710e+02	1.864858e+01	8.713154e-02	4.037646e+00
1.453266e+02	1.920056e+01	7.774510e-02	4.475691e+00
1.671256e+02	1.974199e+01	6.874259e-02	4.989719e+00
1.921945e+02	2.022118e+01	6.120761e-02	5.594280e+00
2.210236e+02	2.055157e+01	5.430096e-02	6.305420e+00
2.541772e+02	2.276121e+01	4.824063e-02	7.154166e+00
2.923037e+02	2.243579e+01	4.317870e-02	8.175681e+00
3.361493e+02	2.199183e+01	3.809453e-02	9.390735e+00
3.865717e+02	2.141725e+01	3.382887e-02	1.085352e+01
4.445574e+02	2.087370e+01	3.012774e-02	1.260713e+01
5.112411e+02	2.024658e+01	2.715119e-02	1.469395e+01
5.879272e+02	1.952994e+01	2.392228e-02	1.719359e+01
6.761163e+02	1.879352e+01	2.095495e-02	2.020578e+01
7.775337e+02	1.805185e+01	1.860509e-02	2.385288e+01
8.941638e+02	1.733571e+01	1.646581e-02	2.828705e+01
1.028288e+03	1.658743e+01	1.480679e-02	3.370755e+01
1.182532e+03	1.581232e+01	1.299998e-02	4.036828e+01
1.359911e+03	1.503477e+01	1.137811e-02	4.857923e+01
1.563898e+03	1.425657e+01	1.007764e-02	5.872362e+01
1.798483e+03	1.347027e+01	8.852356e-03	7.130480e+01
2.068255e+03	1.268653e+01	7.795692e-03	8.696969e+01
2.378493e+03	1.191634e+01	6.884926e-03	1.065342e+02
2.735268e+03	1.115242e+01	6.111972e-03	1.310427e+02
3.145558e+03	1.039633e+01	5.408031e-03	1.618450e+02
3.617391e+03	9.662677e+00	4.746804e-03	2.006703e+02
4.160000e+03	8.956404e+00	4.177556e-03	2.497335e+02
4.784000e+03	8.279195e+00	3.744903e-03	3.118756e+02
5.501600e+03	7.633654e+00	3.329542e-03	3.907354e+02
6.326840e+03	7.022158e+00	2.880532e-03	4.909645e+02
7.275866e+03	6.447266e+00	2.541871e-03	6.185013e+02
8.367246e+03	5.910840e+00	2.223056e-03	7.809055e+02
9.622333e+03	5.412803e+00	1.986502e-03	9.877705e+02
