# Energy_MeV	dEdx_Elec_MeV_um	dEdx_Nucl_MeV_um	Range_um
1.000000e-05	8.935716e-03	4.926422e-02	2.238209e-03
1.150000e-05	9.582488e-03	5.456997e-02	2.400212e-03
1.322500e-05	1.027607e-02	6.063838e-02	2.573940e-03
1.520875e-05	1.101986e-02	6.729823e-02	2.760243e-03
1.749006e-05	1.181748e-02	7.457118e-02	2.960031e-03
2.011357e-05	1.267284e-02	8.263123e-02	3.174280e-03
2.313061e-05	1.359011e-02	9.148070e-02	3.404036e-03
2.660020e-05	1.457377e-02	1.011944e-01	3.650422e-03
3.059023e-05	1.562862e-02	1.117756e-01	3.914641e-03
3.517876e-05	1.675983e-02	1.234775e-01	4.197985e-03
4.045558e-05	1.797292e-02	1.363907e-01	4.501838e-03
4.652391e-05	1.927381e-02	1.505058e-01	4.827683e-03
5.350250e-05	2.066885e-02	1.653914e-01	5.177113e-03
6.152788e-05	2.216488e-02	1.820380e-01	5.551836e-03
7.075706e-05	2.376918e-02	2.008930e-01	5.953680e-03
8.137062e-05	2.548961e-02	2.207566e-01	6.384611e-03
9.357621e-05	2.733456e-02	2.428152e-01	6.846732e-03
1.076126e-04	2.931305e-02	2.657577e-01	7.342303e-03
1.237545e-04	3.143474e-02	2.913316e-01	7.873742e-03
1.423177e-04	3.371001e-02	3.201350e-01	8.443648e-03
1.636654e-04	3.614996e-02	3.502031e-01	9.054804e-03
1.882152e-04	3.876651e-02	3.835137e-01	9.710195e-03
2.164475e-04	4.157245e-02	4.188651e-01	1.041302e-02
2.489146e-04	4.458148e-02	4.573127e-01	1.116672e-02
2.862518e-04	4.780832e-02	4.983540e-01	1.197498e-02
3.291895e-04	5.126871e-02	5.417949e-01	1.284173e-02
3.785680e-04	5.497956e-02	5.899884e-01	1.377122e-02
4.353531e-04	5.895901e-02	6.406489e-01	1.476799e-02
5.006561e-04	6.322650e-02	6.939874e-01	1.583691e-02
5.757545e-04	6.780287e-02	7.493260e-01	1.698319e-02
6.621177e-04	7.271047e-02	8.123818e-01	1.821244e-02
7.614354e-04	7.797330e-02	8.786023e-01	1.953067e-02
8.756507e-04	8.361704e-02	9.473653e-01	2.094431e-02
1.006998e-03	8.966929e-02	1.019205e+00	2.246027e-02
1.158048e-03	9.615960e-02	1.092122e+00	2.408596e-02
1.331755e-03	1.031197e-01	1.175058e+00	2.582931e-02
1.531519e-03	1.105835e-01	1.260155e+00	2.769885e-02
1.761246e-03	1.185876e-01	1.347468e+00	2.970371e-02
2.025433e-03	1.271711e-01	1.439162e+00	3.185368e-02
2.329248e-03	1.363758e-01	1.533829e+00	3.415927e-02
2.678635e-03	1.462467e-01	1.630170e+00	3.663173e-02
3.080431e-03	1.568321e-01	1.726215e+00	3.928316e-02
3.542495e-03	1.681837e-01	1.826797e+00	4.212649e-02
4.073870e-03	1.803570e-01	1.929846e+00	4.517563e-02
4.684950e-03	1.934113e-01	2.032877e+00	4.844546e-02
5.387693e-03	2.074105e-01	2.126984e+00	5.195197e-02
6.195847e-03	2.224230e-01	2.227164e+00	5.571228e-02
7.125224e-03	2.385221e-01	2.336472e+00	5.974477e-02
8.194007e-03	2.557864e-01	2.433843e+00	6.406913e-02
9.423108e-03	2.743004e-01	2.533650e+00	6.870648e-02
1.083657e-02	2.941544e-01	2.618653e+00	7.367950e-02
1.246206e-02	3.154455e-01	2.707116e+00	7.900486e-02
1.433137e-02	3.382776e-01	2.801505e+00	8.471850e-02
1.648108e-02	3.627623e-01	2.880754e+00	9.086749e-02
1.895324e-02	3.890192e-01	2.960299e+00	9.744288e-02
2.179622e-02	4.171766e-01	3.030235e+00	1.044963e-01
2.506566e-02	4.473721e-01	3.096039e+00	1.120596e-01
2.882550e-02	4.797531e-01	3.153615e+00	1.201704e-01
3.314933e-02	5.144779e-01	3.203375e+00	1.288682e-01
3.812173e-02	5.517161e-01	3.253042e+00	1.381956e-01
4.383999e-02	5.916496e-01	3.293148e+00	1.481980e-01
5.041599e-02	6.344735e-01	3.325090e+00	1.589245e-01
5.797838e-02	6.803970e-01	3.348051e+00	1.704275e-01
6.667514e-02	7.296445e-01	3.373185e+00	1.827629e-01
7.667641e-02	7.824566e-01	3.390049e+00	1.959912e-01
8.817787e-02	8.390912e-01	3.397499e+00	2.101769e-01
1.014046e-01	8.998251e-01	3.397435e+00	2.253895e-01
1.166152e-01	9.649549e-01	3.387819e+00	2.417032e-01
1.341075e-01	1.034799e+00	3.375904e+00	2.591977e-01
1.542237e-01	1.109698e+00	3.354684e+00	2.779583e-01
1.773572e-01	1.190019e+00	3.323771e+00	2.980769e-01
2.039608e-01	1.276153e+00	3.284994e+00	3.196518e-01
2.345549e-01	1.368521e+00	3.237308e+00	3.427882e-01
2.697381e-01	1.467576e+00	3.181300e+00	3.675992e-01
3.101989e-01	1.573800e+00	3.117196e+00	3.942059e-01
3.567287e-01	1.687712e+00	3.043958e+00	4.227386e-01
4.102380e-01	1.809870e+00	2.963473e+00	4.533366e-01
4.717737e-01	1.940869e+00	2.875904e+00	4.861492e-01
5.425397e-01	2.081350e+00	2.786247e+00	5.213367e-01
6.239207e-01	2.231999e+00	2.686597e+00	5.590710e-01
7.175088e-01	2.393553e+00	2.576573e+00	5.995368e-01
8.251351e-01	2.566799e+00	2.468468e+00	6.429319e-01
9.489054e-01	2.752585e+00	2.353518e+00	6.894659e-01
1.091241e+00	2.951819e+00	2.246453e+00	7.393745e-01
1.254927e+00	3.164446e+00	2.130685e+00	7.928780e-01
1.443166e+00	3.361399e+00	2.006055e+00	8.505445e-01
1.659641e+00	3.568233e+00	1.891569e+00	9.130208e-01
1.908588e+00	3.784602e+00	1.772283e+00	9.807198e-01
2.194876e+00	4.009815e+00	1.659460e+00	1.054164e+00
2.524107e+00	4.242722e+00	1.547790e+00	1.133933e+00
2.902723e+00	4.481573e+00	1.442055e+00	1.220704e+00
3.338132e+00	4.723851e+00	1.342453e+00	1.315269e+00
3.838852e+00	4.966104e+00	1.238892e+00	1.418574e+00
4.414679e+00	5.203775e+00	1.143629e+00	1.531762e+00
5.076881e+00	2.816837e+00	1.057553e+00	1.656226e+00
5.838413e+00	3.099728e+00	9.798422e-01	1.793698e+00
6.714175e+00	3.410911e+00	8.923493e-01	1.946343e+00
7.721302e+00	3.758029e+00	8.232380e-01	2.116903e+00
8.879497e+00	4.129058e+00	7.704783e-01	2.308879e+00
1.021142e+01	4.540972e+00	7.119160e-01	2.526767e+00
1.174313e+01	4.981284e+00	6.449582e-01	2.765672e+00
1.350460e+01	5.438077e+00	5.679567e-01	2.621315e+00
1.553030e+01	5.934121e+00	5.070512e-01	2.501935e+00
1.785984e+01	6.485390e+00	4.577276e-01	2.407235e+00
2.053882e+01	7.095446e+00	4.125443e-01	2.337111e+00
2.361964e+01	7.749351e+00	3.713753e-01	2.291663e+00
2.716258e+01	8.461616e+00	3.341517e-01	2.271178e+00
3.123697e+01	9.258416e+00	3.024336e-01	2.276074e+00
3.592252e+01	1.009614e+01	2.714632e-01	2.306952e+00
4.131089e+01	1.102689e+01	2.432964e-01	2.364581e+00
4.750753e+01	1.204628e+01	2.182012e-01	2.449921e+00
5.463366e+01	1.309110e+01	1.982939e-01	2.564242e+00
6.282871e+01	1.422028e+01	1.779876e-01	2.709263e+00
7.225301e+01	1.527176e+01	1.570339e-01	2.887317e+00
8.309096e+01	1.634033e+01	1.406561e-01	3.101539e+00
9.555461e+01	1.739576e+01	1.250481e-01	3.356052e+00
1.098878e+02	1.830541e+01	1.131374e-01	3.656163e+00
1.263710e+02	1.920063e+01	1.010534e-01	4.008636e+00
1.453266e+02	1.982130e+01	8.878924e-02	4.421931e+00
1.671256e+02	2.048044e+01	7.927668e-02	4.906586e+00
1.921945e+02	2.118499e+01	7.009333e-02	5.475432e+00
2.210236e+02	2.164861e+01	6.232607e-02	6.144793e+00
2.541772e+02	2.373504e+01	5.528309e-02	6.933972e+00
2.923037e+02	2.350359e+01	4.922567e-02	7.883685e+00
3.361493e+02	2.314058e+01	4.400052e-02	9.016891e+00
3.865717e+02	2.266837e+01	3.881550e-02	1.037161e+01
4.445574e+02	2.207248e+01	3.441855e-02	1.199970e+01
5.112411e+02	2.153877e+01	3.077489e-02	1.394184e+01
5.879272e+02	2.084529e+01	2.768008e-02	1.625322e+01
6.761163e+02	2.010704e+01	2.421125e-02	1.902819e+01
7.775337e+02	1.935333e+01	2.135535e-02	2.237569e+01
8.941638e+02	1.860596e+01	1.888213e-02	2.643147e+01
1.028288e+03	1.787304e+01	1.681559e-02	3.136801e+01
1.182532e+03	1.709397e+01	1.508437e-02	3.741108e+01
1.359911e+03	1.628832e+01	1.314434e-02	4.484047e+01
1.563898e+03	1.549941e+01	1.158809e-02	5.399687e+01
1.798483e+03	1.469177e+01	1.021982e-02	6.531212e+01
2.068255e+03	1.387786e+01	9.011450e-03	7.935650e+01
2.378493e+03	1.307470e+01	7.939769e-03	9.684812e+01
2.735268e+03	1.227746e+01	6.995380e-03	1.186974e+02
3.145558e+03	1.148491e+01	6.227241e-03	1.460795e+02
3.617391e+03	1.070546e+01	5.481077e-03	1.805030e+02
4.160000e+03	9.950996e+00	4.829485e-03	2.239010e+02
4.784000e+03	9.224345e+00	4.263140e-03	2.787483e+02
5.501600e+03	8.527418e+00	3.824815e-03	3.482181e+02
6.326840e+03	7.863853e+00	3.377793e-03	4.363690e+02
7.275866e+03	7.236455e+00	2.927489e-03	5.483863e+02
8.367246e+03	6.647299e+00	2.585738e-03	6.908811e+02
9.622333e+03	6.097580e+00	2.266180e-03	8.722585e+02
