# Energy_MeV	dEdx_Elec_MeV_um	dEdx_Nucl_MeV_um	Range_um
1.000000e-05	9.817982e-03	5.202166e-02	2.037078e-03
1.150000e-05	1.052861e-02	5.765719e-02	2.184523e-03
1.322500e-05	1.129068e-02	6.411780e-02	2.342640e-03
1.520875e-05	1.210791e-02	7.107122e-02	2.512202e-03
1.749006e-05	1.298428e-02	7.879780e-02	2.694036e-03
2.011357e-05	1.392409e-02	8.724489e-02	2.889032e-03
2.313061e-05	1.493192e-02	9.656721e-02	3.098142e-03
2.660020e-05	1.601270e-02	1.068658e-01	3.322387e-03
3.059023e-05	1.717171e-02	1.179596e-01	3.562863e-03
3.517876e-05	1.841461e-02	1.303969e-01	3.820745e-03
4.045558e-05	1.974747e-02	1.439153e-01	4.097292e-03
4.652391e-05	2.117680e-02	1.586596e-01	4.393857e-03
5.350250e-05	2.270959e-02	1.743752e-01	4.711886e-03
6.152788e-05	2.435332e-02	1.920976e-01	5.052935e-03
7.075706e-05	2.611603e-02	2.117995e-01	5.418669e-03
8.137062e-05	2.800632e-02	2.327581e-01	5.810875e-03
9.357621e-05	3.003343e-02	2.557613e-01	6.231469e-03
1.076126e-04	3.220727e-02	2.799433e-01	6.682507e-03
1.237545e-04	3.453845e-02	3.071667e-01	7.166190e-03
1.423177e-04	3.703836e-02	3.372003e-01	7.684883e-03
1.636654e-04	3.971921e-02	3.688902e-01	8.241118e-03
1.882152e-04	4.259411e-02	4.037625e-01	8.837615e-03
2.164475e-04	4.567710e-02	4.411023e-01	9.477286e-03
2.489146e-04	4.898323e-02	4.813331e-01	1.016326e-02
2.862518e-04	5.252866e-02	5.241696e-01	1.089888e-02
3.291895e-04	5.633071e-02	5.700433e-01	1.168775e-02
3.785680e-04	6.040796e-02	6.203814e-01	1.253371e-02
4.353531e-04	6.478032e-02	6.738280e-01	1.344091e-02
5.006561e-04	6.946915e-02	7.287372e-01	1.441377e-02
5.757545e-04	7.449737e-02	7.874211e-01	1.545704e-02
6.621177e-04	7.988953e-02	8.545440e-01	1.657583e-02
7.614354e-04	8.567197e-02	9.223782e-01	1.777560e-02
8.756507e-04	9.187296e-02	9.952546e-01	1.906221e-02
1.006998e-03	9.852277e-02	1.068515e+00	2.044194e-02
1.158048e-03	1.056539e-01	1.145746e+00	2.192154e-02
1.331755e-03	1.133012e-01	1.234024e+00	2.350823e-02
1.531519e-03	1.215020e-01	1.320584e+00	2.520977e-02
1.761246e-03	1.302964e-01	1.413038e+00	2.703447e-02
2.025433e-03	1.397273e-01	1.507136e+00	2.899124e-02
2.329248e-03	1.498408e-01	1.605170e+00	3.108964e-02
2.678635e-03	1.606864e-01	1.706475e+00	3.333992e-02
3.080431e-03	1.723169e-01	1.804843e+00	3.575308e-02
3.542495e-03	1.847893e-01	1.911453e+00	3.834091e-02
4.073870e-03	1.981645e-01	2.016241e+00	4.111604e-02
4.684950e-03	2.125077e-01	2.120626e+00	4.409204e-02
5.387693e-03	2.278892e-01	2.218360e+00	4.728345e-02
6.195847e-03	2.443839e-01	2.324958e+00	5.070585e-02
7.125224e-03	2.620725e-01	2.435431e+00	5.437597e-02
8.194007e-03	2.810415e-01	2.536077e+00	5.831173e-02
9.423108e-03	3.013834e-01	2.636314e+00	6.253236e-02
1.083657e-02	3.231977e-01	2.723765e+00	6.705849e-02
1.246206e-02	3.465909e-01	2.817867e+00	7.191315e-02
1.433137e-02	3.716773e-01	2.912170e+00	7.711994e-02
1.648108e-02	3.985796e-01	2.993380e+00	8.270032e-02
1.895324e-02	4.274290e-01	3.073670e+00	8.868698e-02
2.179622e-02	4.583665e-01	3.145923e+00	9.510584e-02
2.506566e-02	4.915433e-01	3.211554e+00	1.019895e-01
2.882550e-02	5.271215e-01	3.269055e+00	1.093715e-01
3.314933e-02	5.652748e-01	3.320339e+00	1.172877e-01
3.812173e-02	6.061897e-01	3.369676e+00	1.257769e-01
4.383999e-02	6.500660e-01	3.410588e+00	1.348805e-01
5.041599e-02	6.971181e-01	3.440024e+00	1.446431e-01
5.797838e-02	7.475759e-01	3.463893e+00	1.551123e-01
6.667514e-02	8.016858e-01	3.490610e+00	1.663393e-01
7.667641e-02	8.597123e-01	3.503915e+00	1.783789e-01
8.817787e-02	9.219387e-01	3.511255e+00	1.912898e-01
1.014046e-01	9.886691e-01	3.507792e+00	2.051354e-01
1.166152e-01	1.060230e+00	3.497125e+00	2.199831e-01
1.341075e-01	1.136970e+00	3.484295e+00	2.359055e-01
1.542237e-01	1.219264e+00	3.459081e+00	2.529802e-01
1.773572e-01	1.307515e+00	3.425848e+00	2.712909e-01
2.039608e-01	1.402154e+00	3.383433e+00	2.909270e-01
2.345549e-01	1.503642e+00	3.332331e+00	3.119844e-01
2.697381e-01	1.612477e+00	3.272626e+00	3.345658e-01
3.101989e-01	1.729189e+00	3.204561e+00	3.587816e-01
3.567287e-01	1.854348e+00	3.126596e+00	3.847502e-01
4.102380e-01	1.988567e+00	3.042300e+00	4.125986e-01
4.717737e-01	2.132500e+00	2.951446e+00	4.424626e-01
5.425397e-01	2.286852e+00	2.857131e+00	4.744881e-01
6.239207e-01	2.452375e+00	2.751057e+00	5.088315e-01
7.175088e-01	2.629880e+00	2.637816e+00	5.456610e-01
8.251351e-01	2.820232e+00	2.524707e+00	5.851555e-01
9.489054e-01	3.024361e+00	2.407503e+00	6.275133e-01
1.091241e+00	3.243266e+00	2.296135e+00	6.729174e-01
1.254927e+00	3.451268e+00	2.172944e+00	7.217716e-01
1.443166e+00	3.664210e+00	2.046447e+00	7.746793e-01
1.659641e+00	3.887174e+00	1.927711e+00	8.319999e-01
1.908588e+00	4.119529e+00	1.805778e+00	8.941722e-01
2.194876e+00	4.360194e+00	1.688199e+00	9.616784e-01
2.524107e+00	4.607495e+00	1.574742e+00	1.035084e+00
2.902723e+00	4.859004e+00	1.467323e+00	1.115048e+00
3.338132e+00	5.111357e+00	1.363600e+00	1.202354e+00
3.838852e+00	5.360073e+00	1.258389e+00	1.297945e+00
4.414679e+00	2.944418e+00	1.159505e+00	1.402970e+00
5.076881e+00	3.229162e+00	1.075431e+00	1.518853e+00
5.838413e+00	3.547519e+00	9.936435e-01	1.647368e+00
6.714175e+00	3.896883e+00	9.013471e-01	1.790759e+00
7.721302e+00	4.276959e+00	8.384114e-01	1.951886e+00
8.879497e+00	4.701770e+00	7.834777e-01	2.134416e+00
1.021142e+01	5.146300e+00	7.212261e-01	2.343080e+00
1.174313e+01	5.621903e+00	6.499294e-01	2.452405e+00
1.350460e+01	6.117698e+00	5.697891e-01	2.319905e+00
1.553030e+01	6.670422e+00	5.128567e-01	2.212990e+00
1.785984e+01	7.290218e+00	4.611644e-01	2.130775e+00
2.053882e+01	7.928813e+00	4.168348e-01	2.072667e+00
2.361964e+01	8.632757e+00	3.753900e-01	2.038329e+00
2.716258e+01	9.407679e+00	3.376157e-01	2.027645e+00
3.123697e+01	1.023005e+01	3.057782e-01	2.040654e+00
3.592252e+01	1.114701e+01	2.732905e-01	2.077642e+00
4.131089e+01	1.213541e+01	2.455235e-01	2.139083e+00
4.750753e+01	1.318814e+01	2.208178e-01	2.225723e+00
5.463366e+01	1.432316e+01	2.005569e-01	2.338693e+00
6.282871e+01	1.539119e+01	1.789620e-01	2.479640e+00
7.225301e+01	1.651493e+01	1.583178e-01	2.650870e+00
8.309096e+01	1.756411e+01	1.417290e-01	2.855505e+00
9.555461e+01	1.854272e+01	1.263729e-01	3.097648e+00
1.098878e+02	1.950609e+01	1.143244e-01	3.382537e+00
1.263710e+02	2.013222e+01	1.014760e-01	3.716821e+00
1.453266e+02	2.079447e+01	8.942290e-02	4.108770e+00
1.671256e+02	2.147623e+01	7.980571e-02	4.568501e+00
1.921945e+02	2.199224e+01	7.061842e-02	5.109029e+00
2.210236e+02	2.243384e+01	6.264213e-02	5.744295e+00
2.541772e+02	2.487646e+01	5.566017e-02	6.505679e+00
2.923037e+02	2.456667e+01	4.963492e-02	7.416821e+00
3.361493e+02	2.415811e+01	4.425810e-02	8.500916e+00
3.865717e+02	2.356709e+01	3.907516e-02	9.803191e+00
4.445574e+02	2.306653e+01	3.456285e-02	1.135724e+01
5.112411e+02	2.239412e+01	3.110094e-02	1.320125e+01
5.879272e+02	2.164825e+01	2.785820e-02	1.540832e+01
6.761163e+02	2.088137e+01	2.425324e-02	1.806338e+01
7.775337e+02	2.011351e+01	2.151894e-02	2.127188e+01
8.941638e+02	1.936778e+01	1.892540e-02	2.516584e+01
1.028288e+03	1.857407e+01	1.698338e-02	2.991862e+01
1.182532e+03	1.774793e+01	1.517067e-02	3.574712e+01
1.359911e+03	1.692566e+01	1.318166e-02	4.291448e+01
1.563898e+03	1.608736e+01	1.167554e-02	5.174907e+01
1.798483e+03	1.523770e+01	1.024849e-02	6.268517e+01
2.068255e+03	1.439152e+01	9.064262e-03	7.627249e+01
2.378493e+03	1.355180e+01	7.989701e-03	9.320502e+01
2.735268e+03	1.271361e+01	7.047975e-03	1.143742e+02
3.145558e+03	1.188269e+01	6.274493e-03	1.409271e+02
3.617391e+03	1.107373e+01	5.500569e-03	1.743314e+02
4.160000e+03	1.029104e+01	4.856627e-03	2.164646e+02
4.784000e+03	9.536793e+00	4.300779e-03	2.697330e+02
5.501600e+03	8.815547e+00	3.856787e-03	3.372145e+02
6.326840e+03	8.131010e+00	3.381452e-03	4.228408e+02
7.275866e+03	7.484931e+00	2.940672e-03	5.316272e+02
8.367246e+03	6.879065e+00	2.596460e-03	6.699533e+02
9.622333e+03	6.314479e+00	2.283647e-03	8.459091e+02
