# Energy_MeV	dEdx_Elec_MeV_um	dEdx_Nucl_MeV_um	Range_um
1.000000e-05	7.301157e-03	6.312338e-02	2.739292e-03
1.150000e-05	7.829619e-03	6.898164e-02	2.937563e-03
1.322500e-05	8.396331e-03	7.526998e-02	3.150185e-03
1.520875e-05	9.004062e-03	8.185627e-02	3.378198e-03
1.749006e-05	9.655781e-03	8.925350e-02	3.622713e-03
2.011357e-05	1.035467e-02	9.684475e-02	3.884927e-03
2.313061e-05	1.110415e-02	1.050588e-01	4.166120e-03
2.660020e-05	1.190787e-02	1.136200e-01	4.467666e-03
3.059023e-05	1.276977e-02	1.231632e-01	4.791038e-03
3.517876e-05	1.369405e-02	1.331234e-01	5.137816e-03
4.045558e-05	1.468524e-02	1.437833e-01	5.509694e-03
4.652391e-05	1.574816e-02	1.548952e-01	5.908489e-03
5.350250e-05	1.688802e-02	1.662624e-01	6.336148e-03
6.152788e-05	1.811038e-02	1.788997e-01	6.794762e-03
7.075706e-05	1.942122e-02	1.917752e-01	7.286570e-03
8.137062e-05	1.043714e-02	2.054647e-01	7.813976e-03
9.357621e-05	1.124788e-02	2.196905e-01	8.379556e-03
1.076126e-04	1.211705e-02	2.344363e-01	8.986073e-03
1.237545e-04	1.304888e-02	2.493696e-01	9.636489e-03
1.423177e-04	1.404794e-02	2.645322e-01	1.033398e-02
1.636654e-04	1.511910e-02	2.803620e-01	1.108196e-02
1.882152e-04	1.626761e-02	2.963458e-01	1.188408e-02
2.164475e-04	1.749908e-02	3.128660e-01	1.274426e-02
2.489146e-04	1.881952e-02	3.278991e-01	1.366669e-02
2.862518e-04	2.023538e-02	3.440058e-01	1.465590e-02
3.291895e-04	2.175359e-02	3.611418e-01	1.571670e-02
3.785680e-04	2.338156e-02	3.761454e-01	1.685428e-02
4.353531e-04	2.512725e-02	3.929801e-01	1.807420e-02
5.006561e-04	2.699918e-02	4.065463e-01	1.938242e-02
5.757545e-04	2.900650e-02	4.212136e-01	2.078533e-02
6.621177e-04	3.115902e-02	4.362579e-01	2.228979e-02
7.614354e-04	3.346725e-02	4.487613e-01	2.390313e-02
8.756507e-04	3.594247e-02	4.625657e-01	2.563325e-02
1.006998e-03	3.859677e-02	4.737301e-01	2.748860e-02
1.158048e-03	4.144313e-02	4.848575e-01	2.947824e-02
1.331755e-03	4.449544e-02	4.948550e-01	3.161189e-02
1.531519e-03	4.776861e-02	5.033250e-01	3.389998e-02
1.761246e-03	5.127865e-02	5.119280e-01	3.635368e-02
2.025433e-03	5.504269e-02	5.184910e-01	3.896623e-02
2.329248e-03	5.907913e-02	5.244427e-01	4.180408e-02
2.678635e-03	6.340768e-02	5.289857e-01	4.483372e-02
3.080431e-03	6.804950e-02	5.333541e-01	4.807892e-02
3.542495e-03	7.302725e-02	5.362922e-01	5.155869e-02
4.073870e-03	7.836526e-02	5.384197e-01	5.529050e-02
4.684950e-03	8.408960e-02	5.392422e-01	5.929235e-02
5.387693e-03	9.022824e-02	5.385491e-01	6.358388e-02
6.195847e-03	9.681117e-02	5.372677e-01	6.818606e-02
7.125224e-03	1.038706e-01	5.344502e-01	7.312133e-02
8.194007e-03	1.114409e-01	5.305241e-01	7.841380e-02
9.423108e-03	1.195591e-01	5.252400e-01	8.408933e-02
1.083657e-02	1.282649e-01	5.185078e-01	9.017569e-02
1.246206e-02	1.376009e-01	5.104603e-01	9.670260e-02
1.433137e-02	1.476125e-01	5.011119e-01	1.037019e-01
1.648108e-02	1.583488e-01	4.903394e-01	1.112078e-01
1.895324e-02	1.698621e-01	4.783987e-01	1.192570e-01
2.179622e-02	1.822088e-01	4.650287e-01	1.278888e-01
2.506566e-02	1.954492e-01	4.514798e-01	1.371454e-01
2.882550e-02	2.096478e-01	4.362360e-01	1.470720e-01
3.314933e-02	2.248742e-01	4.194849e-01	1.577170e-01
3.812173e-02	2.412026e-01	4.030931e-01	1.691326e-01
4.383999e-02	2.587129e-01	3.846260e-01	1.813745e-01
5.041599e-02	2.774906e-01	3.681085e-01	1.945024e-01
5.797838e-02	2.976274e-01	3.497195e-01	2.085805e-01
6.667514e-02	3.192217e-01	3.303727e-01	2.236775e-01
7.667641e-02	3.423790e-01	3.126064e-01	2.398673e-01
8.817787e-02	3.672125e-01	2.929770e-01	2.572290e-01
1.014046e-01	3.938434e-01	2.754008e-01	2.758473e-01
1.166152e-01	4.224018e-01	2.573150e-01	2.958131e-01
1.341075e-01	4.530273e-01	2.398931e-01	3.172242e-01
1.542237e-01	4.858695e-01	2.237445e-01	3.401855e-01
1.773572e-01	5.210888e-01	2.068212e-01	3.648042e-01
2.039608e-01	5.588607e-01	1.918319e-01	3.912374e-01
2.345549e-01	5.993698e-01	1.773367e-01	4.198222e-01
2.697381e-01	6.428110e-01	1.640394e-01	4.507914e-01
3.101989e-01	6.893965e-01	1.501408e-01	4.843701e-01
3.567287e-01	7.393541e-01	1.389333e-01	5.208149e-01
4.102380e-01	7.929084e-01	1.286809e-01	5.447177e-01
4.717737e-01	8.503300e-01	1.187910e-01	5.613902e-01
5.425397e-01	9.157479e-01	1.088525e-01	5.771967e-01
6.239207e-01	9.948822e-01	9.745751e-02	5.921752e-01
7.175088e-01	1.094158e+00	8.760457e-02	6.064058e-01
8.251351e-01	1.205630e+00	7.828885e-02	6.200252e-01
9.489054e-01	1.332294e+00	7.042989e-02	6.332382e-01
1.091241e+00	1.472403e+00	6.333033e-02	6.463265e-01
1.254927e+00	1.629782e+00	5.718145e-02	6.596595e-01
1.443166e+00	1.804574e+00	5.166223e-02	6.737061e-01
1.659641e+00	1.992132e+00	4.634800e-02	6.890488e-01
1.908588e+00	2.199570e+00	4.172347e-02	7.063995e-01
2.194876e+00	2.405611e+00	3.725756e-02	7.266109e-01
2.524107e+00	2.629949e+00	3.385004e-02	7.507087e-01
2.902723e+00	2.871659e+00	3.036321e-02	7.799033e-01
3.338132e+00	3.099574e+00	2.696720e-02	8.156051e-01
3.838852e+00	3.336894e+00	2.428511e-02	8.594424e-01
4.414679e+00	3.542664e+00	2.142940e-02	9.132669e-01
5.076881e+00	3.728481e+00	1.941450e-02	9.791710e-01
5.838413e+00	3.890661e+00	1.730967e-02	1.059507e+00
6.714175e+00	4.001373e+00	1.531049e-02	1.156930e+00
7.721302e+00	4.101913e+00	1.372575e-02	1.274481e+00
8.879497e+00	4.163069e+00	1.206753e-02	1.415711e+00
1.021142e+01	4.200589e+00	1.078148e-02	1.584855e+00
1.174313e+01	4.217561e+00	9.559370e-03	1.787073e+00
1.350460e+01	4.201102e+00	8.486999e-03	2.028741e+00
1.553030e+01	4.172186e+00	7.577717e-03	2.317821e+00
1.785984e+01	4.119760e+00	6.689759e-03	2.664325e+00
2.053882e+01	4.048135e+00	5.966292e-03	3.080887e+00
2.361964e+01	3.958683e+00	5.312546e-03	3.583483e+00
2.716258e+01	3.855176e+00	4.748146e-03	4.192365e+00
3.123697e+01	3.737031e+00	4.182579e-03	4.933417e+00
3.592252e+01	3.603061e+00	3.724094e-03	5.838167e+00
4.131089e+01	3.900784e+00	3.272921e-03	6.955783e+00
4.750753e+01	3.663921e+00	2.908468e-03	8.351226e+00
5.463366e+01	3.413945e+00	2.594432e-03	1.008123e+01
6.282871e+01	3.166930e+00	2.277433e-03	1.224871e+01
7.225301e+01	2.943485e+00	2.024512e-03	1.496152e+01
8.309096e+01	2.732413e+00	1.773783e-03	1.834013e+01
9.555461e+01	2.523735e+00	1.565909e-03	2.256696e+01
1.098878e+02	2.323286e+00	1.374974e-03	2.788195e+01
1.263710e+02	2.132866e+00	1.216848e-03	3.459024e+01
1.453266e+02	1.953828e+00	1.079976e-03	4.308306e+01
1.671256e+02	1.782340e+00	9.491388e-04	5.387638e+01
1.921945e+02	1.620974e+00	8.406750e-04	6.764360e+01
2.210236e+02	1.471424e+00	7.372411e-04	8.523734e+01
2.541772e+02	1.333563e+00	6.604775e-04	1.077363e+02
2.923037e+02	1.205661e+00	5.828559e-04	1.365541e+02
3.361493e+02	1.087830e+00	5.095523e-04	1.735281e+02
3.865717e+02	9.804709e-01	4.521012e-04	2.210029e+02
4.445574e+02	8.824144e-01	3.927592e-04	2.819910e+02
5.112411e+02	7.931628e-01	3.514928e-04	3.603891e+02
5.879272e+02	7.123331e-01	3.088956e-04	4.611975e+02
6.761163e+02	6.393903e-01	2.695274e-04	5.908197e+02
7.775337e+02	5.736579e-01	2.383182e-04	7.574508e+02
8.941638e+02	5.146576e-01	2.064950e-04	9.715580e+02
1.028288e+03	4.619592e-01	1.819707e-04	1.246474e+03
1.182532e+03	4.149266e-01	1.592249e-04	1.599151e+03
1.359911e+03	3.729431e-01	1.395320e-04	2.051082e+03
1.563898e+03	3.356285e-01	1.229110e-04	2.629437e+03
1.798483e+03	3.025489e-01	1.070926e-04	3.368432e+03
2.068255e+03	2.731996e-01	9.422277e-05	4.310973e+03
2.378493e+03	2.471957e-01	8.292314e-05	5.510618e+03
2.735268e+03	2.242440e-01	0.000000e+00	7.033900e+03
3.145558e+03	2.040019e-01	0.000000e+00	8.962961e+03
3.617391e+03	1.861569e-01	0.000000e+00	1.139855e+04
4.160000e+03	1.704836e-01	0.000000e+00	1.446332e+04
4.784000e+03	1.567550e-01	0.000000e+00	1.830542e+04
5.501600e+03	1.447304e-01	0.000000e+00	2.310228e+04
6.326840e+03	1.342368e-01	0.000000e+00	2.906435e+04
7.275866e+03	1.251387e-01	0.000000e+00	3.643895e+04
8.367246e+03	1.172788e-01	0.000000e+00	4.551368e+04
9.622333e+03	1.105175e-01	0.000000e+00	5.661956e+04
