# Energy_MeV	dEdx_Elec_MeV_um	dEdx_Nucl_MeV_um	Range_um
1.000000e-05	9.408050e-03	4.992658e-02	2.125839e-03
1.150000e-05	1.008901e-02	5.530404e-02	2.279708e-03
1.322500e-05	1.081926e-02	6.138873e-02	2.444715e-03
1.520875e-05	1.160236e-02	6.820780e-02	2.621665e-03
1.749006e-05	1.244215e-02	7.556336e-02	2.811422e-03
2.011357e-05	1.334271e-02	8.377637e-02	3.014914e-03
2.313061e-05	1.430847e-02	9.272820e-02	3.233136e-03
2.660020e-05	1.534412e-02	1.026137e-01	3.467152e-03
3.059023e-05	1.645474e-02	1.134250e-01	3.718106e-03
3.517876e-05	1.764574e-02	1.252308e-01	3.987224e-03
4.045558e-05	1.892295e-02	1.384139e-01	4.275822e-03
4.652391e-05	2.029260e-02	1.527453e-01	4.585308e-03
5.350250e-05	2.176139e-02	1.680866e-01	4.917195e-03
6.152788e-05	2.333649e-02	1.848134e-01	5.273104e-03
7.075706e-05	2.502560e-02	2.039738e-01	5.654774e-03
8.137062e-05	2.683697e-02	2.243669e-01	6.064070e-03
9.357621e-05	2.877944e-02	2.467168e-01	6.502990e-03
1.076126e-04	3.086251e-02	2.704377e-01	6.973680e-03
1.237545e-04	3.309635e-02	2.961324e-01	7.478439e-03
1.423177e-04	3.549189e-02	3.255578e-01	8.019732e-03
1.636654e-04	3.806081e-02	3.564347e-01	8.600205e-03
1.882152e-04	4.081567e-02	3.902106e-01	9.222692e-03
2.164475e-04	4.376993e-02	4.264569e-01	9.890236e-03
2.489146e-04	4.693802e-02	4.657420e-01	1.060610e-02
2.862518e-04	5.033542e-02	5.080788e-01	1.137377e-02
3.291895e-04	5.397872e-02	5.523955e-01	1.219701e-02
3.785680e-04	5.788573e-02	6.014611e-01	1.307984e-02
4.353531e-04	6.207553e-02	6.534369e-01	1.402656e-02
5.006561e-04	6.656859e-02	7.087237e-01	1.504181e-02
5.757545e-04	7.138686e-02	7.653293e-01	1.613055e-02
6.621177e-04	7.655388e-02	8.285816e-01	1.729808e-02
7.614354e-04	8.209489e-02	8.977881e-01	1.855013e-02
8.756507e-04	8.803696e-02	9.679688e-01	1.989280e-02
1.006998e-03	9.440912e-02	1.043230e+00	2.133265e-02
1.158048e-03	1.012425e-01	1.118058e+00	2.287672e-02
1.331755e-03	1.085705e-01	1.201277e+00	2.453254e-02
1.531519e-03	1.164289e-01	1.291062e+00	2.630822e-02
1.761246e-03	1.248561e-01	1.380281e+00	2.821243e-02
2.025433e-03	1.338932e-01	1.475947e+00	3.025446e-02
2.329248e-03	1.435845e-01	1.573271e+00	3.244429e-02
2.678635e-03	1.539772e-01	1.673635e+00	3.479263e-02
3.080431e-03	1.651221e-01	1.774808e+00	3.731093e-02
3.542495e-03	1.770738e-01	1.877167e+00	4.001152e-02
4.073870e-03	1.898905e-01	1.985909e+00	4.290757e-02
4.684950e-03	2.036348e-01	2.093586e+00	4.601325e-02
5.387693e-03	2.183740e-01	2.194934e+00	4.934371e-02
6.195847e-03	2.341801e-01	2.295945e+00	5.291523e-02
7.125224e-03	2.511301e-01	2.410935e+00	5.674527e-02
8.194007e-03	2.693071e-01	2.515257e+00	6.085252e-02
9.423108e-03	2.887997e-01	2.619427e+00	6.525706e-02
1.083657e-02	3.097031e-01	2.712705e+00	6.998040e-02
1.246206e-02	3.321196e-01	2.801949e+00	7.501483e-02
1.433137e-02	3.561586e-01	2.903314e+00	8.046337e-02
1.648108e-02	3.819376e-01	2.988969e+00	8.630504e-02
1.895324e-02	4.095824e-01	3.072326e+00	9.255104e-02
2.179622e-02	4.392282e-01	3.147733e+00	9.924991e-02
2.506566e-02	4.710198e-01	3.218137e+00	1.064336e-01
2.882550e-02	5.051124e-01	3.282511e+00	1.141372e-01
3.314933e-02	5.416727e-01	3.335232e+00	1.223983e-01
3.812173e-02	5.808793e-01	3.388524e+00	1.312574e-01
4.383999e-02	6.229236e-01	3.432503e+00	1.407577e-01
5.041599e-02	6.680112e-01	3.469174e+00	1.509457e-01
5.797838e-02	7.163622e-01	3.494699e+00	1.618711e-01
6.667514e-02	7.682129e-01	3.520037e+00	1.735872e-01
7.667641e-02	8.238165e-01	3.542165e+00	1.861513e-01
8.817787e-02	8.834448e-01	3.551551e+00	1.996250e-01
1.014046e-01	9.473890e-01	3.555165e+00	2.140738e-01
1.166152e-01	1.015962e+00	3.547155e+00	2.295684e-01
1.341075e-01	1.089497e+00	3.535326e+00	2.461845e-01
1.542237e-01	1.168356e+00	3.517234e+00	2.640033e-01
1.773572e-01	1.252922e+00	3.487233e+00	2.831119e-01
2.039608e-01	1.343609e+00	3.449676e+00	3.036036e-01
2.345549e-01	1.440860e+00	3.402462e+00	3.255783e-01
2.697381e-01	1.545150e+00	3.346638e+00	3.491436e-01
3.101989e-01	1.656989e+00	3.282145e+00	3.744147e-01
3.567287e-01	1.776923e+00	3.208688e+00	4.015150e-01
4.102380e-01	1.905538e+00	3.126410e+00	4.305767e-01
4.717737e-01	2.043461e+00	3.036605e+00	4.617418e-01
5.425397e-01	2.191368e+00	2.943834e+00	4.951627e-01
6.239207e-01	2.349981e+00	2.843767e+00	5.310028e-01
7.175088e-01	2.520074e+00	2.729142e+00	5.694370e-01
8.251351e-01	2.702478e+00	2.617020e+00	6.106533e-01
9.489054e-01	2.898085e+00	2.497369e+00	6.548511e-01
1.091241e+00	3.107849e+00	2.383992e+00	7.022514e-01
1.254927e+00	3.326368e+00	2.267665e+00	7.530839e-01
1.443166e+00	3.533030e+00	2.134786e+00	8.079454e-01
1.659641e+00	3.749928e+00	2.015082e+00	8.673879e-01
1.908588e+00	3.976649e+00	1.890280e+00	9.318134e-01
2.194876e+00	4.212400e+00	1.771950e+00	1.001718e+00
2.524107e+00	4.455887e+00	1.654450e+00	1.077661e+00
2.902723e+00	4.705165e+00	1.539910e+00	1.160293e+00
3.338132e+00	4.957460e+00	1.436331e+00	1.250383e+00
3.838852e+00	5.208995e+00	1.326456e+00	1.348846e+00
4.414679e+00	2.778773e+00	1.226584e+00	1.456789e+00
5.076881e+00	3.050769e+00	1.132219e+00	1.575571e+00
5.838413e+00	3.351460e+00	1.050689e+00	1.706878e+00
6.714175e+00	3.677982e+00	9.627598e-01	1.852826e+00
7.721302e+00	4.043696e+00	8.801483e-01	2.016098e+00
8.879497e+00	4.436806e+00	8.233350e-01	2.200124e+00
1.021142e+01	4.867732e+00	7.642729e-01	2.409311e+00
1.174313e+01	5.337148e+00	6.971725e-01	2.649354e+00
1.350460e+01	5.806988e+00	6.200069e-01	2.611158e+00
1.553030e+01	6.326907e+00	5.474031e-01	2.477853e+00
1.785984e+01	6.905747e+00	4.951775e-01	2.371997e+00
2.053882e+01	7.528606e+00	4.452424e-01	2.292752e+00
2.361964e+01	8.202961e+00	4.011993e-01	2.239586e+00
2.716258e+01	8.922025e+00	3.613166e-01	2.212231e+00
3.123697e+01	9.722418e+00	3.260791e-01	2.210646e+00
3.592252e+01	1.057774e+01	2.943427e-01	2.234930e+00
4.131089e+01	1.151594e+01	2.630287e-01	2.285513e+00
4.750753e+01	1.255967e+01	2.354988e-01	2.363002e+00
5.463366e+01	1.361178e+01	2.134427e-01	2.468357e+00
6.282871e+01	1.473786e+01	1.929983e-01	2.603009e+00
7.225301e+01	1.583860e+01	1.698465e-01	2.769014e+00
8.309096e+01	1.690650e+01	1.520984e-01	2.969209e+00
9.555461e+01	1.801442e+01	1.350968e-01	3.207386e+00
1.098878e+02	1.890225e+01	1.218922e-01	3.488473e+00
1.263710e+02	1.975333e+01	1.097560e-01	3.818744e+00
1.453266e+02	2.039165e+01	9.616994e-02	4.206077e+00
1.671256e+02	2.104890e+01	8.583218e-02	4.660283e+00
1.921945e+02	2.174977e+01	7.588613e-02	5.193345e+00
2.210236e+02	2.215825e+01	6.761238e-02	5.819999e+00
2.541772e+02	2.498726e+01	5.999246e-02	6.560486e+00
2.923037e+02	2.478211e+01	5.322460e-02	7.451970e+00
3.361493e+02	2.442532e+01	4.768406e-02	8.511623e+00
3.865717e+02	2.394700e+01	4.205460e-02	9.780255e+00
4.445574e+02	2.338574e+01	3.738003e-02	1.130113e+01
5.112411e+02	2.282121e+01	3.325356e-02	1.310968e+01
5.879272e+02	2.210686e+01	2.997794e-02	1.526169e+01
6.761163e+02	2.135129e+01	2.648797e-02	1.784321e+01
7.775337e+02	2.057873e+01	2.316107e-02	2.095463e+01
8.941638e+02	1.982232e+01	2.057565e-02	2.472043e+01
1.028288e+03	1.906315e+01	1.818234e-02	2.930046e+01
1.182532e+03	1.825551e+01	1.635232e-02	3.490228e+01
1.359911e+03	1.742405e+01	1.439937e-02	4.178069e+01
1.563898e+03	1.660094e+01	1.256851e-02	5.024592e+01
1.798483e+03	1.575742e+01	1.114811e-02	6.069581e+01
2.068255e+03	1.490553e+01	9.788092e-03	7.365195e+01
2.378493e+03	1.406459e+01	8.625873e-03	8.976884e+01
2.735268e+03	1.322478e+01	7.613360e-03	1.098772e+02
3.145558e+03	1.238769e+01	6.748270e-03	1.350504e+02
3.617391e+03	1.156455e+01	5.984214e-03	1.666629e+02
4.160000e+03	1.076555e+01	5.246946e-03	2.064743e+02
4.784000e+03	9.993514e+00	4.615187e-03	2.567366e+02
5.501600e+03	9.251559e+00	4.132039e-03	3.203351e+02
6.326840e+03	8.544317e+00	3.683129e-03	4.009574e+02
7.275866e+03	7.874600e+00	3.182170e-03	5.033129e+02
8.367246e+03	7.243963e+00	2.808721e-03	6.334023e+02
9.622333e+03	6.654199e+00	2.453233e-03	7.988505e+02
