# Energy_MeV	dEdx_Elec_MeV_um	dEdx_Nucl_MeV_um	Range_um
1.000000e-05	6.596113e-03	6.430100e-02	3.032089e-03
1.150000e-05	7.073543e-03	7.091779e-02	3.251553e-03
1.322500e-05	7.585530e-03	7.802095e-02	3.486902e-03
1.520875e-05	4.070610e-03	8.583596e-02	3.739286e-03
1.749006e-05	4.418695e-03	9.408840e-02	4.009937e-03
2.011357e-05	4.791357e-03	1.031137e-01	4.300179e-03
2.313061e-05	5.190434e-03	1.132746e-01	4.611428e-03
2.660020e-05	5.617893e-03	1.240565e-01	4.945205e-03
3.059023e-05	6.075835e-03	1.358726e-01	5.303142e-03
3.517876e-05	6.566507e-03	1.484795e-01	5.686986e-03
4.045558e-05	7.092316e-03	1.622469e-01	6.098613e-03
4.652391e-05	7.655838e-03	1.770290e-01	6.540034e-03
5.350250e-05	8.259832e-03	1.925332e-01	7.013405e-03
6.152788e-05	8.907254e-03	2.096523e-01	7.521039e-03
7.075706e-05	9.601272e-03	2.277754e-01	8.065416e-03
8.137062e-05	1.034528e-02	2.471883e-01	8.649195e-03
9.357621e-05	1.114292e-02	2.671751e-01	9.275228e-03
1.076126e-04	1.199808e-02	2.891392e-01	9.946574e-03
1.237545e-04	1.291495e-02	3.131381e-01	1.066651e-02
1.423177e-04	1.389801e-02	3.380660e-01	1.143856e-02
1.636654e-04	1.495206e-02	3.642391e-01	1.226649e-02
1.882152e-04	1.608225e-02	3.909107e-01	1.315434e-02
2.164475e-04	1.729411e-02	4.198117e-01	1.410646e-02
2.489146e-04	1.859356e-02	4.509742e-01	1.512750e-02
2.862518e-04	1.998695e-02	4.828825e-01	1.622243e-02
3.291895e-04	2.148108e-02	5.161214e-01	1.739662e-02
3.785680e-04	2.308326e-02	5.507020e-01	1.865580e-02
4.353531e-04	2.480131e-02	5.857679e-01	2.000611e-02
5.006561e-04	2.664362e-02	6.216149e-01	2.145417e-02
5.757545e-04	2.861920e-02	6.580989e-01	2.300703e-02
6.621177e-04	3.073770e-02	6.959204e-01	2.467229e-02
7.614354e-04	3.300947e-02	7.344804e-01	2.645809e-02
8.756507e-04	3.544561e-02	7.702662e-01	2.837314e-02
1.006998e-03	3.805802e-02	8.066873e-01	3.042680e-02
1.158048e-03	4.085945e-02	8.464869e-01	3.262911e-02
1.331755e-03	4.386361e-02	8.837166e-01	3.499082e-02
1.531519e-03	4.708516e-02	9.211429e-01	3.752347e-02
1.761246e-03	5.053984e-02	9.543754e-01	4.023944e-02
2.025433e-03	5.424454e-02	9.870232e-01	4.315199e-02
2.329248e-03	5.821734e-02	1.022122e+00	4.627536e-02
2.678635e-03	6.247766e-02	1.053129e+00	4.962479e-02
3.080431e-03	6.704631e-02	1.083307e+00	5.321666e-02
3.542495e-03	7.194561e-02	1.110237e+00	5.706851e-02
4.073870e-03	7.719950e-02	1.135965e+00	6.119916e-02
4.684950e-03	8.283363e-02	1.159304e+00	6.562879e-02
5.387693e-03	8.887555e-02	1.178651e+00	7.037903e-02
6.195847e-03	9.535476e-02	1.197785e+00	7.546779e-02
7.125224e-03	1.023029e-01	1.213781e+00	8.093880e-02
8.194007e-03	1.097540e-01	1.227486e+00	8.679546e-02
9.423108e-03	1.177443e-01	1.237496e+00	9.307844e-02
1.083657e-02	1.263130e-01	1.246566e+00	9.981521e-02
1.246206e-02	1.355018e-01	1.254435e+00	1.070397e-01
1.433137e-02	1.453557e-01	1.258986e+00	1.147872e-01
1.648108e-02	1.559229e-01	1.260473e+00	1.230954e-01
1.895324e-02	1.672549e-01	1.258700e+00	1.320050e-01
2.179622e-02	1.794071e-01	1.254794e+00	1.415594e-01
2.506566e-02	1.924389e-01	1.248702e+00	1.518054e-01
2.882550e-02	2.064139e-01	1.239148e+00	1.627931e-01
3.314933e-02	2.214004e-01	1.226283e+00	1.745759e-01
3.812173e-02	2.374716e-01	1.210365e+00	1.872116e-01
4.383999e-02	2.547061e-01	1.191184e+00	2.007620e-01
5.041599e-02	2.731880e-01	1.169015e+00	2.152931e-01
5.797838e-02	2.930076e-01	1.143617e+00	2.308760e-01
6.667514e-02	3.142618e-01	1.115202e+00	2.475868e-01
7.667641e-02	3.370543e-01	1.083821e+00	2.655070e-01
8.817787e-02	3.614966e-01	1.051427e+00	2.847245e-01
1.014046e-01	3.877080e-01	1.016249e+00	3.053329e-01
1.166152e-01	4.158166e-01	9.766463e-01	3.274329e-01
1.341075e-01	4.459598e-01	9.370658e-01	3.511325e-01
1.542237e-01	4.782847e-01	8.949199e-01	3.765474e-01
1.773572e-01	5.129492e-01	8.547807e-01	4.038020e-01
2.039608e-01	5.501229e-01	8.132267e-01	4.330294e-01
2.345549e-01	5.899871e-01	7.672479e-01	4.643721e-01
2.697381e-01	6.327368e-01	7.242790e-01	4.979833e-01
3.101989e-01	6.785807e-01	6.800681e-01	5.340274e-01
3.567287e-01	7.277428e-01	6.380640e-01	5.726807e-01
4.102380e-01	7.804633e-01	5.960456e-01	6.141306e-01
4.717737e-01	8.369997e-01	5.547877e-01	6.585861e-01
5.425397e-01	8.976282e-01	5.176644e-01	7.062390e-01
6.239207e-01	9.626505e-01	4.789374e-01	7.575474e-01
7.175088e-01	1.032380e+00	4.431362e-01	8.131248e-01
8.251351e-01	1.107156e+00	4.092660e-01	8.733408e-01
9.489054e-01	1.187344e+00	3.790477e-01	9.386592e-01
1.091241e+00	1.273337e+00	3.482703e-01	1.009590e+00
1.254927e+00	1.365555e+00	3.193283e-01	1.086730e+00
1.443166e+00	1.465921e+00	2.964373e-01	1.170777e+00
1.659641e+00	1.581437e+00	2.758088e-01	1.262561e+00
1.908588e+00	1.722672e+00	2.523445e-01	1.306842e+00
2.194876e+00	1.886973e+00	2.256650e-01	1.317567e+00
2.524107e+00	2.065373e+00	2.004448e-01	1.326273e+00
2.902723e+00	2.264736e+00	1.796379e-01	1.333622e+00
3.338132e+00	2.486554e+00	1.621927e-01	1.340407e+00
3.838852e+00	2.730570e+00	1.456826e-01	1.347509e+00
4.414679e+00	3.004911e+00	1.314767e-01	1.356054e+00
5.076881e+00	3.300993e+00	1.186467e-01	1.367261e+00
5.838413e+00	3.614764e+00	1.068432e-01	1.382535e+00
6.714175e+00	3.948430e+00	9.591570e-02	1.403480e+00
7.721302e+00	4.313962e+00	8.562090e-02	1.431921e+00
8.879497e+00	4.714531e+00	7.763306e-02	1.469919e+00
1.021142e+01	5.110988e+00	7.006367e-02	1.519781e+00
1.174313e+01	5.506293e+00	6.199573e-02	1.584065e+00
1.350460e+01	5.912276e+00	5.542231e-02	1.665553e+00
1.553030e+01	6.246018e+00	4.926069e-02	1.767298e+00
1.785984e+01	6.588103e+00	4.440160e-02	1.892608e+00
2.053882e+01	6.897433e+00	3.988957e-02	2.045124e+00
2.361964e+01	7.164988e+00	3.510762e-02	2.228951e+00
2.716258e+01	7.417313e+00	3.127850e-02	2.448828e+00
3.123697e+01	7.582465e+00	2.770369e-02	2.710409e+00
3.592252e+01	7.738411e+00	2.467940e-02	3.020557e+00
4.131089e+01	7.850547e+00	2.190201e-02	3.387739e+00
4.750753e+01	7.916107e+00	1.939614e-02	3.822482e+00
5.463366e+01	7.957332e+00	1.736288e-02	4.337924e+00
6.282871e+01	7.918825e+00	1.534346e-02	4.950490e+00
7.225301e+01	7.869439e+00	1.363968e-02	5.680773e+00
8.309096e+01	7.804227e+00	1.214584e-02	6.554380e+00
9.555461e+01	7.693797e+00	1.089262e-02	7.604258e+00
1.098878e+02	8.186729e+00	9.667325e-03	8.869248e+00
1.263710e+02	7.836368e+00	8.501447e-03	1.042149e+01
1.453266e+02	7.459231e+00	7.494776e-03	1.232395e+01
1.671256e+02	7.063036e+00	6.658735e-03	1.465511e+01
1.921945e+02	6.650869e+00	5.941866e-03	1.753449e+01
2.210236e+02	6.298324e+00	5.260433e-03	2.107588e+01
2.541772e+02	5.925459e+00	4.618219e-03	2.541967e+01
2.923037e+02	5.551605e+00	4.061804e-03	3.078982e+01
3.361493e+02	5.186520e+00	3.589220e-03	3.746004e+01
3.865717e+02	4.833784e+00	3.148064e-03	4.578021e+01
4.445574e+02	4.493728e+00	2.785754e-03	5.620063e+01
5.112411e+02	4.159019e+00	2.468678e-03	6.931741e+01
5.879272e+02	3.835810e+00	2.181903e-03	8.589350e+01
6.761163e+02	3.532170e+00	1.924373e-03	1.068861e+02
7.775337e+02	3.241712e+00	1.684718e-03	1.335188e+02
8.941638e+02	2.965924e+00	1.508199e-03	1.674128e+02
1.028288e+03	2.707155e+00	1.341962e-03	2.106468e+02
1.182532e+03	2.465056e+00	1.165422e-03	2.658834e+02
1.359911e+03	2.239556e+00	1.026486e-03	3.365699e+02
1.563898e+03	2.029814e+00	8.983446e-04	4.271595e+02
1.798483e+03	1.835962e+00	8.005159e-04	5.433782e+02
2.068255e+03	1.657780e+00	7.104419e-04	6.925680e+02
2.378493e+03	1.495137e+00	6.159375e-04	8.841427e+02
2.735268e+03	1.347834e+00	5.411030e-04	1.130127e+03
3.145558e+03	1.215002e+00	4.720115e-04	1.445846e+03
3.617391e+03	1.094952e+00	4.150256e-04	1.850776e+03
4.160000e+03	9.868046e-01	3.636858e-04	2.369584e+03
4.784000e+03	8.903565e-01	3.178620e-04	3.033406e+03
5.501600e+03	8.044497e-01	2.810213e-04	3.881372e+03
6.326840e+03	7.277840e-01	2.448514e-04	4.962437e+03
7.275866e+03	6.597285e-01	2.146736e-04	6.337570e+03
8.367246e+03	5.996054e-01	1.889986e-04	8.082298e+03
9.622333e+03	5.464284e-01	1.674412e-04	1.028959e+04
