# Energy_MeV	dEdx_Elec_MeV_um	dEdx_Nucl_MeV_um	Range_um
1.000000e-05	8.534373e-03	4.703040e-02	2.343464e-03
1.150000e-05	9.152096e-03	5.209242e-02	2.513086e-03
1.322500e-05	9.814529e-03	5.776808e-02	2.694984e-03
1.520875e-05	1.052491e-02	6.424416e-02	2.890048e-03
1.749006e-05	1.128671e-02	7.116620e-02	3.099232e-03
2.011357e-05	1.210365e-02	7.894080e-02	3.323556e-03
2.313061e-05	1.297971e-02	8.734963e-02	3.564116e-03
2.660020e-05	1.391919e-02	9.668321e-02	3.822089e-03
3.059023e-05	1.492667e-02	1.069454e-01	4.098734e-03
3.517876e-05	1.600707e-02	1.180345e-01	4.395402e-03
4.045558e-05	1.716567e-02	1.305260e-01	4.713544e-03
4.652391e-05	1.840813e-02	1.439950e-01	5.054713e-03
5.350250e-05	1.974052e-02	1.586687e-01	5.420576e-03
6.152788e-05	2.116935e-02	1.743532e-01	5.812920e-03
7.075706e-05	2.270160e-02	1.922255e-01	6.233662e-03
8.137062e-05	2.434476e-02	2.118215e-01	6.684858e-03
9.357621e-05	2.610684e-02	2.327405e-01	7.168711e-03
1.076126e-04	2.799647e-02	2.555807e-01	7.687586e-03
1.237545e-04	3.002287e-02	2.796710e-01	8.244018e-03
1.423177e-04	3.219594e-02	3.071197e-01	8.840724e-03
1.636654e-04	3.452630e-02	3.368986e-01	9.480621e-03
1.882152e-04	3.702533e-02	3.685267e-01	1.016683e-02
2.164475e-04	3.970524e-02	4.032490e-01	1.090271e-02
2.489146e-04	4.257913e-02	4.405503e-01	1.169186e-02
2.862518e-04	4.566103e-02	4.804578e-01	1.253812e-02
3.291895e-04	4.896600e-02	5.229280e-01	1.344564e-02
3.785680e-04	5.251019e-02	5.688340e-01	1.441884e-02
4.353531e-04	5.631090e-02	6.188143e-01	1.546248e-02
5.006561e-04	6.038671e-02	6.721584e-01	1.658166e-02
5.757545e-04	6.475754e-02	7.258172e-01	1.778185e-02
6.621177e-04	6.944472e-02	7.848305e-01	1.906891e-02
7.614354e-04	7.447117e-02	8.516414e-01	2.044913e-02
8.756507e-04	7.986143e-02	9.183056e-01	2.192925e-02
1.006998e-03	8.564184e-02	9.912539e-01	2.351650e-02
1.158048e-03	9.184064e-02	1.062497e+00	2.521864e-02
1.331755e-03	9.848812e-02	1.140150e+00	2.704398e-02
1.531519e-03	1.056167e-01	1.227320e+00	2.900144e-02
1.761246e-03	1.132613e-01	1.312360e+00	3.110057e-02
2.025433e-03	1.214593e-01	1.404605e+00	3.335165e-02
2.329248e-03	1.302505e-01	1.496957e+00	3.576566e-02
2.678635e-03	1.396781e-01	1.593937e+00	3.835440e-02
3.080431e-03	1.497881e-01	1.692349e+00	4.113051e-02
3.542495e-03	1.606299e-01	1.789618e+00	4.410756e-02
4.073870e-03	1.722563e-01	1.895246e+00	4.730009e-02
4.684950e-03	1.847243e-01	1.997888e+00	5.072369e-02
5.387693e-03	1.980948e-01	2.099539e+00	5.439510e-02
6.195847e-03	2.124330e-01	2.194931e+00	5.833224e-02
7.125224e-03	2.278090e-01	2.302251e+00	6.255436e-02
8.194007e-03	2.442979e-01	2.408700e+00	6.708208e-02
9.423108e-03	2.619804e-01	2.507063e+00	7.193752e-02
1.083657e-02	2.809426e-01	2.603377e+00	7.714439e-02
1.246206e-02	3.012774e-01	2.687833e+00	8.272815e-02
1.433137e-02	3.230840e-01	2.782468e+00	8.867027e-02
1.648108e-02	3.464690e-01	2.871946e+00	9.512545e-02
1.895324e-02	3.715466e-01	2.950958e+00	1.020260e-01
2.179622e-02	3.984394e-01	3.028077e+00	1.094106e-01
2.506566e-02	4.272786e-01	3.098334e+00	1.173294e-01
2.882550e-02	4.582053e-01	3.160442e+00	1.258217e-01
3.314933e-02	4.913704e-01	3.214803e+00	1.349285e-01
3.812173e-02	5.269361e-01	3.265058e+00	1.446945e-01
4.383999e-02	5.650760e-01	3.311549e+00	1.551674e-01
5.041599e-02	6.059765e-01	3.350309e+00	1.663984e-01
5.797838e-02	6.498374e-01	3.376240e+00	1.784422e-01
6.667514e-02	6.968729e-01	3.399940e+00	1.913577e-01
7.667641e-02	7.473130e-01	3.424529e+00	2.052081e-01
8.817787e-02	8.014039e-01	3.435398e+00	2.200610e-01
1.014046e-01	8.594099e-01	3.441686e+00	2.359890e-01
1.166152e-01	9.216145e-01	3.435743e+00	2.530698e-01
1.341075e-01	9.883214e-01	3.424765e+00	2.713869e-01
1.542237e-01	1.059857e+00	3.410192e+00	2.910298e-01
1.773572e-01	1.136570e+00	3.383443e+00	3.120946e-01
2.039608e-01	1.218835e+00	3.349397e+00	3.346841e-01
2.345549e-01	1.307055e+00	3.305871e+00	3.589084e-01
2.697381e-01	1.401660e+00	3.254114e+00	3.848861e-01
3.101989e-01	1.503113e+00	3.193826e+00	4.127442e-01
3.567287e-01	1.611909e+00	3.125228e+00	4.426188e-01
4.102380e-01	1.728580e+00	3.047309e+00	4.746556e-01
4.717737e-01	1.853696e+00	2.962928e+00	5.090112e-01
5.425397e-01	1.987867e+00	2.872967e+00	5.458534e-01
6.239207e-01	2.131750e+00	2.779194e+00	5.853625e-01
7.175088e-01	2.286047e+00	2.672264e+00	6.277313e-01
8.251351e-01	2.451513e+00	2.561627e+00	6.731665e-01
9.489054e-01	2.628955e+00	2.449270e+00	7.218907e-01
1.091241e+00	2.819240e+00	2.335516e+00	7.741409e-01
1.254927e+00	3.023298e+00	2.225978e+00	8.301697e-01
1.443166e+00	3.230758e+00	2.101939e+00	8.902925e-01
1.659641e+00	3.431116e+00	1.980481e+00	9.552596e-01
1.908588e+00	3.641269e+00	1.863081e+00	1.025649e+00
2.194876e+00	3.860764e+00	1.744896e+00	1.101958e+00
2.524107e+00	4.088768e+00	1.629733e+00	1.184769e+00
2.902723e+00	4.323943e+00	1.519637e+00	1.274756e+00
3.338132e+00	4.564293e+00	1.416436e+00	1.372699e+00
3.838852e+00	4.807004e+00	1.313400e+00	1.479522e+00
4.414679e+00	5.048262e+00	1.212328e+00	1.596328e+00
5.076881e+00	2.644272e+00	1.117055e+00	1.724456e+00
5.838413e+00	2.909368e+00	1.037517e+00	1.865549e+00
6.714175e+00	3.206132e+00	9.554052e-01	2.021653e+00
7.721302e+00	3.524429e+00	8.687924e-01	2.195341e+00
8.879497e+00	3.880518e+00	8.107011e-01	2.389879e+00
1.021142e+01	4.267928e+00	7.554529e-01	2.609443e+00
1.174313e+01	4.684934e+00	6.928811e-01	2.859410e+00
1.350460e+01	5.146788e+00	6.209234e-01	2.974612e+00
1.553030e+01	5.600251e+00	5.452586e-01	2.825784e+00
1.785984e+01	6.114389e+00	4.923157e-01	2.704203e+00
2.053882e+01	6.692633e+00	4.424349e-01	2.609612e+00
2.361964e+01	7.309223e+00	3.996684e-01	2.541975e+00
2.716258e+01	7.992795e+00	3.594227e-01	2.501477e+00
3.123697e+01	8.723477e+00	3.239884e-01	2.488496e+00
3.592252e+01	9.532267e+00	2.932014e-01	2.503524e+00
4.131089e+01	1.041106e+01	2.618590e-01	2.547313e+00
4.750753e+01	1.136011e+01	2.350653e-01	2.620758e+00
5.463366e+01	1.241309e+01	2.117011e-01	2.725013e+00
6.282871e+01	1.346973e+01	1.922681e-01	2.861620e+00
7.225301e+01	1.456397e+01	1.705754e-01	3.032672e+00
8.309096e+01	1.566699e+01	1.514333e-01	3.241006e+00
9.555461e+01	1.668529e+01	1.353189e-01	3.490403e+00
1.098878e+02	1.773559e+01	1.210576e-01	3.785808e+00
1.263710e+02	1.862356e+01	1.094849e-01	4.133535e+00
1.453266e+02	1.940348e+01	9.658902e-02	4.541623e+00
1.671256e+02	2.005458e+01	8.551254e-02	5.020055e+00
1.921945e+02	2.071070e+01	7.611669e-02	5.581238e+00
2.210236e+02	2.136742e+01	6.747174e-02	6.240504e+00
2.541772e+02	2.180559e+01	5.983471e-02	7.015740e+00
2.923037e+02	2.367901e+01	5.315060e-02	7.936092e+00
3.361493e+02	2.341154e+01	4.750849e-02	9.044866e+00
3.865717e+02	2.299812e+01	4.218467e-02	1.036242e+01
4.445574e+02	2.246533e+01	3.732529e-02	1.194512e+01
5.112411e+02	2.190950e+01	3.308096e-02	1.384306e+01
5.879272e+02	2.131133e+01	2.983264e-02	1.610091e+01
6.761163e+02	2.059500e+01	2.657183e-02	1.879685e+01
7.775337e+02	1.985025e+01	2.315249e-02	2.203886e+01
8.941638e+02	1.909292e+01	2.057274e-02	2.595614e+01
1.028288e+03	1.836196e+01	1.811106e-02	3.070890e+01
1.182532e+03	1.760974e+01	1.628478e-02	3.650513e+01
1.359911e+03	1.682119e+01	1.445959e-02	4.361271e+01
1.563898e+03	1.602029e+01	1.257451e-02	5.235952e+01
1.798483e+03	1.522372e+01	1.115545e-02	6.314739e+01
2.068255e+03	1.441383e+01	9.785461e-03	7.649827e+01
2.378493e+03	1.360030e+01	8.649103e-03	9.309043e+01
2.735268e+03	1.280152e+01	7.615947e-03	1.137767e+02
3.145558e+03	1.200577e+01	6.736247e-03	1.396439e+02
3.617391e+03	1.121556e+01	5.992770e-03	1.720977e+02
4.160000e+03	1.044415e+01	5.249582e-03	2.129383e+02
4.784000e+03	9.699052e+00	4.631390e-03	2.644713e+02
5.501600e+03	8.982195e+00	4.112516e-03	3.296512e+02
6.326840e+03	8.296291e+00	3.685280e-03	4.122636e+02
7.275866e+03	7.644844e+00	3.208045e-03	5.171473e+02
8.367246e+03	7.030337e+00	2.805658e-03	6.504820e+02
9.622333e+03	6.454573e+00	2.469592e-03	8.201387e+02
