# Energy_MeV	dEdx_Elec_MeV_um	dEdx_Nucl_MeV_um	Range_um
1.000000e-05	9.653353e-03	5.240486e-02	2.071819e-03
1.150000e-05	1.035207e-02	5.815803e-02	2.221778e-03
1.322500e-05	1.110136e-02	6.462375e-02	2.382592e-03
1.520875e-05	1.190488e-02	7.159990e-02	2.555045e-03
1.749006e-05	1.276656e-02	7.938473e-02	2.739981e-03
2.011357e-05	1.369061e-02	8.786910e-02	2.938302e-03
2.313061e-05	1.468154e-02	9.724298e-02	3.150978e-03
2.660020e-05	1.574420e-02	1.074940e-01	3.379047e-03
3.059023e-05	1.688377e-02	1.186848e-01	3.623625e-03
3.517876e-05	1.810583e-02	1.311818e-01	3.885904e-03
4.045558e-05	1.941634e-02	1.447675e-01	4.167168e-03
4.652391e-05	2.082171e-02	1.593560e-01	4.468790e-03
5.350250e-05	2.232879e-02	1.751899e-01	4.792243e-03
6.152788e-05	2.394496e-02	1.933090e-01	5.139109e-03
7.075706e-05	2.567811e-02	2.127062e-01	5.511080e-03
8.137062e-05	2.753670e-02	2.338661e-01	5.909975e-03
9.357621e-05	2.952983e-02	2.564525e-01	6.337742e-03
1.076126e-04	3.166721e-02	2.807832e-01	6.796471e-03
1.237545e-04	3.395930e-02	3.086116e-01	7.288403e-03
1.423177e-04	3.641729e-02	3.380025e-01	7.815942e-03
1.636654e-04	3.905320e-02	3.699865e-01	8.381664e-03
1.882152e-04	4.187989e-02	4.044541e-01	8.988333e-03
2.164475e-04	4.491117e-02	4.417445e-01	9.638913e-03
2.489146e-04	4.816187e-02	4.819013e-01	1.033658e-02
2.862518e-04	5.164785e-02	5.240331e-01	1.108475e-02
3.291895e-04	5.538615e-02	5.704851e-01	1.188707e-02
3.785680e-04	5.939503e-02	6.199453e-01	1.274746e-02
4.353531e-04	6.369407e-02	6.725524e-01	1.367013e-02
5.006561e-04	6.830428e-02	7.263934e-01	1.465958e-02
5.757545e-04	7.324818e-02	7.862106e-01	1.572065e-02
6.621177e-04	7.854992e-02	8.520086e-01	1.685852e-02
7.614354e-04	8.423541e-02	9.187938e-01	1.807875e-02
8.756507e-04	9.033241e-02	9.904287e-01	1.938730e-02
1.006998e-03	9.687072e-02	1.061693e+00	2.079056e-02
1.158048e-03	1.038823e-01	1.140414e+00	2.229539e-02
1.331755e-03	1.114013e-01	1.225845e+00	2.390914e-02
1.531519e-03	1.194646e-01	1.310855e+00	2.563970e-02
1.761246e-03	1.281115e-01	1.401841e+00	2.749552e-02
2.025433e-03	1.373843e-01	1.494420e+00	2.948566e-02
2.329248e-03	1.473283e-01	1.590098e+00	3.161984e-02
2.678635e-03	1.579920e-01	1.686467e+00	3.390850e-02
3.080431e-03	1.694275e-01	1.783933e+00	3.636282e-02
3.542495e-03	1.816907e-01	1.887467e+00	3.899478e-02
4.073870e-03	1.948416e-01	1.990067e+00	4.181724e-02
4.684950e-03	2.089444e-01	2.087458e+00	4.484400e-02
5.387693e-03	2.240679e-01	2.183346e+00	4.808983e-02
6.195847e-03	2.402860e-01	2.292165e+00	5.157060e-02
7.125224e-03	2.576780e-01	2.392663e+00	5.530330e-02
8.194007e-03	2.763289e-01	2.491645e+00	5.930619e-02
9.423108e-03	2.963298e-01	2.581867e+00	6.359880e-02
1.083657e-02	3.177783e-01	2.666741e+00	6.820211e-02
1.246206e-02	3.407792e-01	2.762710e+00	7.313097e-02
1.433137e-02	3.654450e-01	2.845646e+00	7.843525e-02
1.648108e-02	3.918961e-01	2.924981e+00	8.411080e-02
1.895324e-02	4.202617e-01	2.997793e+00	9.019936e-02
2.179622e-02	4.506805e-01	3.065325e+00	9.672778e-02
2.506566e-02	4.833010e-01	3.127003e+00	1.037289e-01
2.882550e-02	5.182826e-01	3.178034e+00	1.112367e-01
3.314933e-02	5.557962e-01	3.228598e+00	1.192879e-01
3.812173e-02	5.960250e-01	3.271364e+00	1.279219e-01
4.383999e-02	6.391656e-01	3.306956e+00	1.371808e-01
5.041599e-02	6.854287e-01	3.331916e+00	1.471099e-01
5.797838e-02	7.350404e-01	3.355944e+00	1.577576e-01
6.667514e-02	7.882430e-01	3.377497e+00	1.691761e-01
7.667641e-02	8.452965e-01	3.387139e+00	1.814209e-01
8.817787e-02	9.064795e-01	3.391095e+00	1.945521e-01
1.014046e-01	9.720910e-01	3.384075e+00	2.086338e-01
1.166152e-01	1.042451e+00	3.372949e+00	2.237347e-01
1.341075e-01	1.117905e+00	3.356213e+00	2.399286e-01
1.542237e-01	1.198819e+00	3.328300e+00	2.572945e-01
1.773572e-01	1.285590e+00	3.292992e+00	2.759176e-01
2.039608e-01	1.378642e+00	3.248542e+00	2.958885e-01
2.345549e-01	1.478429e+00	3.195848e+00	3.173049e-01
2.697381e-01	1.585438e+00	3.134866e+00	3.402714e-01
3.101989e-01	1.700193e+00	3.065392e+00	3.649003e-01
3.567287e-01	1.823254e+00	2.987419e+00	3.913119e-01
4.102380e-01	1.955222e+00	2.902291e+00	4.196352e-01
4.717737e-01	2.096742e+00	2.813864e+00	4.500084e-01
5.425397e-01	2.248505e+00	2.719078e+00	4.825800e-01
6.239207e-01	2.411253e+00	2.610666e+00	5.175092e-01
7.175088e-01	2.585781e+00	2.503411e+00	5.549670e-01
8.251351e-01	2.772941e+00	2.389989e+00	5.951346e-01
9.489054e-01	2.973648e+00	2.281080e+00	6.382150e-01
1.091241e+00	3.188883e+00	2.170673e+00	6.843949e-01
1.254927e+00	3.389118e+00	2.044899e+00	7.341340e-01
1.443166e+00	3.597888e+00	1.929550e+00	7.880155e-01
1.659641e+00	3.816363e+00	1.811294e+00	8.463963e-01
1.908588e+00	4.043879e+00	1.697695e+00	9.097264e-01
2.194876e+00	4.279316e+00	1.585449e+00	9.785020e-01
2.524107e+00	4.520957e+00	1.475410e+00	1.053303e+00
2.902723e+00	4.766327e+00	1.376398e+00	1.134810e+00
3.338132e+00	2.513668e+00	1.272490e+00	1.223829e+00
3.838852e+00	2.744514e+00	1.176253e+00	1.321337e+00
4.414679e+00	3.011031e+00	1.085717e+00	1.428522e+00
5.076881e+00	3.299390e+00	1.007281e+00	1.546860e+00
5.838413e+00	3.617464e+00	9.240335e-01	1.678194e+00
6.714175e+00	3.968635e+00	8.444125e-01	1.824857e+00
7.721302e+00	4.344508e+00	7.888360e-01	1.989824e+00
8.879497e+00	4.762026e+00	7.328108e-01	2.176916e+00
1.021142e+01	5.202481e+00	6.693789e-01	2.391063e+00
1.174313e+01	5.662520e+00	5.964323e-01	2.339722e+00
1.350460e+01	6.152086e+00	5.265365e-01	2.226432e+00
1.553030e+01	6.695611e+00	4.756085e-01	2.135884e+00
1.785984e+01	7.298633e+00	4.277354e-01	2.067751e+00
2.053882e+01	7.931933e+00	3.854814e-01	2.021914e+00
2.361964e+01	8.622468e+00	3.471000e-01	1.998438e+00
2.716258e+01	9.391273e+00	3.132809e-01	1.997558e+00
3.123697e+01	1.019380e+01	2.828053e-01	2.019593e+00
3.592252e+01	1.108842e+01	2.528249e-01	2.065139e+00
4.131089e+01	1.205952e+01	2.263890e-01	2.134896e+00
4.750753e+01	1.306721e+01	2.049308e-01	2.229850e+00
5.463366e+01	1.416275e+01	1.854512e-01	2.351371e+00
6.282871e+01	1.515886e+01	1.634494e-01	2.501356e+00
7.225301e+01	1.619164e+01	1.461331e-01	2.682381e+00
8.309096e+01	1.718091e+01	1.300004e-01	2.897868e+00
9.555461e+01	1.804959e+01	1.170832e-01	3.152250e+00
1.098878e+02	1.890469e+01	1.055037e-01	3.451176e+00
1.263710e+02	1.944374e+01	9.243724e-02	3.801749e+00
1.453266e+02	2.001932e+01	8.245389e-02	4.212810e+00
1.671256e+02	2.061985e+01	7.305063e-02	4.695136e+00
1.921945e+02	2.100709e+01	6.500155e-02	5.262551e+00
2.210236e+02	2.416459e+01	5.769854e-02	5.930566e+00
2.541772e+02	2.396629e+01	5.113392e-02	6.733375e+00
2.923037e+02	2.362198e+01	4.581030e-02	7.692401e+00
3.361493e+02	2.317231e+01	4.044573e-02	8.836757e+00
3.865717e+02	2.256931e+01	3.593379e-02	1.021197e+01
4.445574e+02	2.205846e+01	3.197107e-02	1.185286e+01
5.112411e+02	2.136922e+01	2.879775e-02	1.380336e+01
5.879272e+02	2.062822e+01	2.549161e-02	1.614253e+01
6.761163e+02	1.987013e+01	2.229644e-02	1.896148e+01
7.775337e+02	1.911574e+01	1.979032e-02	2.237370e+01
8.941638e+02	1.837880e+01	1.748566e-02	2.652249e+01
1.028288e+03	1.759492e+01	1.571193e-02	3.159585e+01
1.182532e+03	1.678245e+01	1.386126e-02	3.782756e+01
1.359911e+03	1.598231e+01	1.210253e-02	4.550187e+01
1.563898e+03	1.516414e+01	1.072489e-02	5.497675e+01
1.798483e+03	1.433804e+01	9.419954e-03	6.672572e+01
2.068255e+03	1.352020e+01	8.301986e-03	8.134591e+01
2.378493e+03	1.270866e+01	7.324970e-03	9.959321e+01
2.735268e+03	1.190045e+01	6.491276e-03	1.224416e+02
3.145558e+03	1.110308e+01	5.757580e-03	1.511427e+02
3.617391e+03	1.032999e+01	5.050776e-03	1.872994e+02
4.160000e+03	9.584324e+00	4.442846e-03	2.329632e+02
4.784000e+03	8.867784e+00	3.970977e-03	2.907644e+02
5.501600e+03	8.184515e+00	3.543188e-03	3.640672e+02
6.326840e+03	7.537710e+00	3.061145e-03	4.571698e+02
7.275866e+03	6.929198e+00	2.699784e-03	5.755534e+02
8.367246e+03	6.360373e+00	2.363672e-03	7.261883e+02
9.622333e+03	5.831510e+00	2.106622e-03	9.179080e+02
