# Energy_MeV	dEdx_Elec_MeV_um	dEdx_Nucl_MeV_um	Range_um
1.000000e-05	8.489799e-03	4.806258e-02	2.355768e-03
1.150000e-05	9.104295e-03	5.324058e-02	2.526280e-03
1.322500e-05	9.763269e-03	5.916612e-02	2.709134e-03
1.520875e-05	1.046994e-02	6.565632e-02	2.905222e-03
1.749006e-05	1.122776e-02	7.275547e-02	3.115504e-03
2.011357e-05	1.204043e-02	8.061243e-02	3.341005e-03
2.313061e-05	1.291192e-02	8.924449e-02	3.582829e-03
2.660020e-05	1.384650e-02	9.872246e-02	3.842156e-03
3.059023e-05	1.484871e-02	1.090389e-01	4.120254e-03
3.517876e-05	1.592347e-02	1.204615e-01	4.418480e-03
4.045558e-05	1.707602e-02	1.330482e-01	4.738292e-03
4.652391e-05	1.831199e-02	1.468062e-01	5.081252e-03
5.350250e-05	1.963742e-02	1.613192e-01	5.449035e-03
6.152788e-05	2.105879e-02	1.775747e-01	5.843439e-03
7.075706e-05	2.258303e-02	1.959570e-01	6.266391e-03
8.137062e-05	2.421761e-02	2.153227e-01	6.719955e-03
9.357621e-05	2.597049e-02	2.368226e-01	7.206349e-03
1.076126e-04	2.785025e-02	2.591860e-01	7.727949e-03
1.237545e-04	2.986606e-02	2.841566e-01	8.287302e-03
1.423177e-04	3.202778e-02	3.122346e-01	8.887141e-03
1.636654e-04	3.434597e-02	3.415426e-01	9.530397e-03
1.882152e-04	3.683195e-02	3.740201e-01	1.022021e-02
2.164475e-04	3.949787e-02	4.084922e-01	1.095996e-02
2.489146e-04	4.235675e-02	4.459918e-01	1.175324e-02
2.862518e-04	4.542255e-02	4.859644e-01	1.260395e-02
3.291895e-04	4.871026e-02	5.283183e-01	1.351623e-02
3.785680e-04	5.223593e-02	5.752990e-01	1.449454e-02
4.353531e-04	5.601680e-02	6.246882e-01	1.554366e-02
5.006561e-04	6.007132e-02	6.765828e-01	1.666872e-02
5.757545e-04	6.441931e-02	7.305788e-01	1.787521e-02
6.621177e-04	6.908202e-02	7.921441e-01	1.916903e-02
7.614354e-04	7.408221e-02	8.565487e-01	2.055650e-02
8.756507e-04	7.944432e-02	9.236341e-01	2.204439e-02
1.006998e-03	8.519454e-02	9.934529e-01	2.363997e-02
1.158048e-03	9.136097e-02	1.064583e+00	2.535105e-02
1.331755e-03	9.797373e-02	1.145552e+00	2.718597e-02
1.531519e-03	1.050651e-01	1.228256e+00	2.915370e-02
1.761246e-03	1.126698e-01	1.313423e+00	3.126386e-02
2.025433e-03	1.208249e-01	1.402593e+00	3.352676e-02
2.329248e-03	1.295703e-01	1.494767e+00	3.595344e-02
2.678635e-03	1.389486e-01	1.588624e+00	3.855577e-02
3.080431e-03	1.490058e-01	1.682022e+00	4.134646e-02
3.542495e-03	1.597909e-01	1.780142e+00	4.433914e-02
4.073870e-03	1.713567e-01	1.880264e+00	4.754843e-02
4.684950e-03	1.837595e-01	1.980381e+00	5.099001e-02
5.387693e-03	1.970602e-01	2.071837e+00	5.468069e-02
6.195847e-03	2.113235e-01	2.169629e+00	5.863851e-02
7.125224e-03	2.266192e-01	2.275905e+00	6.288279e-02
8.194007e-03	2.430220e-01	2.370477e+00	6.743428e-02
9.423108e-03	2.606121e-01	2.467416e+00	7.231521e-02
1.083657e-02	2.794753e-01	2.549908e+00	7.754943e-02
1.246206e-02	2.997039e-01	2.636246e+00	8.316249e-02
1.433137e-02	3.213966e-01	2.727932e+00	8.916096e-02
1.648108e-02	3.446594e-01	2.804780e+00	9.563969e-02
1.895324e-02	3.696061e-01	2.882061e+00	1.025608e-01
2.179622e-02	3.963584e-01	2.949982e+00	1.099851e-01
2.506566e-02	4.250470e-01	3.013772e+00	1.179454e-01
2.882550e-02	4.558121e-01	3.069634e+00	1.264822e-01
3.314933e-02	4.888040e-01	3.117912e+00	1.356369e-01
3.812173e-02	5.241839e-01	3.166107e+00	1.454542e-01
4.383999e-02	5.621246e-01	3.204968e+00	1.559821e-01
5.041599e-02	6.028115e-01	3.235681e+00	1.672719e-01
5.797838e-02	6.464433e-01	3.257992e+00	1.793790e-01
6.667514e-02	6.932333e-01	3.282504e+00	1.923623e-01
7.667641e-02	7.434098e-01	3.298514e+00	2.062855e-01
8.817787e-02	7.972182e-01	3.305673e+00	2.212164e-01
1.014046e-01	8.549213e-01	3.305244e+00	2.372279e-01
1.166152e-01	9.168010e-01	3.295770e+00	2.543984e-01
1.341075e-01	9.831595e-01	3.284109e+00	2.728117e-01
1.542237e-01	1.054321e+00	3.263121e+00	2.925579e-01
1.773572e-01	1.130633e+00	3.232863e+00	3.137332e-01
2.039608e-01	1.212469e+00	3.194866e+00	3.364411e-01
2.345549e-01	1.300228e+00	3.148254e+00	3.607927e-01
2.697381e-01	1.394340e+00	3.093534e+00	3.869070e-01
3.101989e-01	1.495263e+00	3.030952e+00	4.149114e-01
3.567287e-01	1.603491e+00	2.959435e+00	4.449426e-01
4.102380e-01	1.719552e+00	2.880975e+00	4.771475e-01
4.717737e-01	1.844014e+00	2.795669e+00	5.116836e-01
5.425397e-01	1.977485e+00	2.708317e+00	5.487195e-01
6.239207e-01	2.120616e+00	2.611020e+00	5.884359e-01
7.175088e-01	2.274108e+00	2.503883e+00	6.310269e-01
8.251351e-01	2.438709e+00	2.398654e+00	6.767006e-01
9.489054e-01	2.615224e+00	2.286842e+00	7.256801e-01
1.091241e+00	2.804515e+00	2.182735e+00	7.782089e-01
1.254927e+00	3.007507e+00	2.069724e+00	8.345189e-01
1.443166e+00	3.204098e+00	1.948503e+00	8.950547e-01
1.659641e+00	3.402076e+00	1.837245e+00	9.605856e-01
1.908588e+00	3.609474e+00	1.721206e+00	1.031580e+00
2.194876e+00	3.825745e+00	1.611463e+00	1.108575e+00
2.524107e+00	4.049935e+00	1.502987e+00	1.192161e+00
2.902723e+00	4.280553e+00	1.400214e+00	1.283034e+00
3.338132e+00	4.515422e+00	1.303378e+00	1.382004e+00
3.838852e+00	4.751510e+00	1.202679e+00	1.490028e+00
4.414679e+00	2.549985e+00	1.110087e+00	1.608259e+00
5.076881e+00	2.801215e+00	1.026815e+00	1.738100e+00
5.838413e+00	3.072450e+00	9.511115e-01	1.881284e+00
6.714175e+00	3.375732e+00	8.657233e-01	2.039971e+00
7.721302e+00	3.703649e+00	7.993392e-01	2.216890e+00
8.879497e+00	4.062110e+00	7.480988e-01	2.415510e+00
1.021142e+01	4.461123e+00	6.909927e-01	2.640282e+00
1.174313e+01	4.874775e+00	6.256032e-01	2.886361e+00
1.350460e+01	5.325020e+00	5.504054e-01	2.743796e+00
1.553030e+01	5.787165e+00	4.918458e-01	2.624735e+00
1.785984e+01	6.306582e+00	4.439139e-01	2.529350e+00
2.053882e+01	6.896444e+00	4.002273e-01	2.457954e+00
2.361964e+01	7.506235e+00	3.602712e-01	2.411016e+00
2.716258e+01	8.186395e+00	3.241165e-01	2.389157e+00
3.123697e+01	8.929255e+00	2.934092e-01	2.393104e+00
3.592252e+01	9.721001e+00	2.632289e-01	2.423754e+00
4.131089e+01	1.059931e+01	2.359845e-01	2.482141e+00
4.750753e+01	1.152650e+01	2.116813e-01	2.569451e+00
5.463366e+01	1.251975e+01	1.924150e-01	2.687146e+00
6.282871e+01	1.355533e+01	1.726004e-01	2.837102e+00
7.225301e+01	1.453305e+01	1.522687e-01	3.021784e+00
8.309096e+01	1.555456e+01	1.364213e-01	3.244445e+00
9.555461e+01	1.646105e+01	1.212923e-01	3.509343e+00
1.098878e+02	1.733727e+01	1.097695e-01	3.821947e+00
1.263710e+02	1.815277e+01	9.797970e-02	4.189238e+00
1.453266e+02	1.871578e+01	8.608154e-02	4.619961e+00
1.671256e+02	1.926583e+01	7.688055e-02	5.124991e+00
1.921945e+02	1.981705e+01	6.796705e-02	5.717696e+00
2.210236e+02	2.026100e+01	6.043244e-02	6.415101e+00
2.541772e+02	2.059737e+01	5.361000e-02	7.235576e+00
2.923037e+02	2.272506e+01	4.773516e-02	8.217761e+00
3.361493e+02	2.237026e+01	4.266792e-02	9.397706e+00
3.865717e+02	2.192724e+01	3.763381e-02	1.080267e+01
4.445574e+02	2.133401e+01	3.336920e-02	1.249448e+01
5.112411e+02	2.080303e+01	2.985470e-02	1.452071e+01
5.879272e+02	2.015718e+01	2.684273e-02	1.693158e+01
6.761163e+02	1.943628e+01	2.345822e-02	1.982274e+01
7.775337e+02	1.869833e+01	2.070580e-02	2.330884e+01
8.941638e+02	1.795876e+01	1.829993e-02	2.753202e+01
1.028288e+03	1.724221e+01	1.631058e-02	3.266968e+01
1.182532e+03	1.648928e+01	1.462655e-02	3.895485e+01
1.359911e+03	1.571163e+01	1.273393e-02	4.668213e+01
1.563898e+03	1.493629e+01	1.123461e-02	5.621067e+01
1.798483e+03	1.415604e+01	9.903682e-03	6.798708e+01
2.068255e+03	1.336916e+01	8.736605e-03	8.260081e+01
2.378493e+03	1.258751e+01	7.697433e-03	1.008041e+02
2.735268e+03	1.181792e+01	6.780975e-03	1.235471e+02
3.145558e+03	1.105478e+01	6.039013e-03	1.520497e+02
3.617391e+03	1.030088e+01	5.311287e-03	1.878855e+02
4.160000e+03	9.570554e+00	4.681792e-03	2.330713e+02
4.784000e+03	8.867921e+00	4.133767e-03	2.901897e+02
5.501600e+03	8.194630e+00	3.710002e-03	3.625538e+02
6.326840e+03	7.553328e+00	3.273845e-03	4.544055e+02
7.275866e+03	6.946372e+00	2.837114e-03	5.711670e+02
8.367246e+03	6.376340e+00	2.506785e-03	7.197581e+02
9.622333e+03	5.844916e+00	2.197188e-03	9.089846e+02
