# Energy_MeV	dEdx_Elec_MeV_um	dEdx_Nucl_MeV_um	Range_um
1.000000e-05	8.457528e-03	4.787866e-02	2.364757e-03
1.150000e-05	9.069688e-03	5.303280e-02	2.535920e-03
1.322500e-05	9.726157e-03	5.892550e-02	2.719471e-03
1.520875e-05	1.043014e-02	6.540657e-02	2.916308e-03
1.749006e-05	1.118508e-02	7.246993e-02	3.127392e-03
2.011357e-05	1.199466e-02	8.030983e-02	3.353754e-03
2.313061e-05	1.286284e-02	8.891256e-02	3.596500e-03
2.660020e-05	1.379386e-02	9.834820e-02	3.856817e-03
3.059023e-05	1.479227e-02	1.086409e-01	4.135975e-03
3.517876e-05	1.586294e-02	1.200049e-01	4.435339e-03
4.045558e-05	1.701111e-02	1.325671e-01	4.756372e-03
4.652391e-05	1.824238e-02	1.463038e-01	5.100640e-03
5.350250e-05	1.956278e-02	1.607653e-01	5.469827e-03
6.152788e-05	2.097874e-02	1.769310e-01	5.865736e-03
7.075706e-05	2.249719e-02	1.952818e-01	6.290301e-03
8.137062e-05	2.412555e-02	2.145812e-01	6.745597e-03
9.357621e-05	2.587177e-02	2.360544e-01	7.233847e-03
1.076126e-04	2.774438e-02	2.583466e-01	7.757436e-03
1.237545e-04	2.975254e-02	2.831797e-01	8.318924e-03
1.423177e-04	3.190604e-02	3.112221e-01	8.921052e-03
1.636654e-04	3.421542e-02	3.404376e-01	9.566762e-03
1.882152e-04	3.669195e-02	3.728489e-01	1.025921e-02
2.164475e-04	3.934773e-02	4.071942e-01	1.100178e-02
2.489146e-04	4.219574e-02	4.445919e-01	1.179809e-02
2.862518e-04	4.524989e-02	4.845422e-01	1.265204e-02
3.291895e-04	4.852510e-02	5.267440e-01	1.356780e-02
3.785680e-04	5.203737e-02	5.736503e-01	1.454985e-02
4.353531e-04	5.580386e-02	6.228719e-01	1.560298e-02
5.006561e-04	5.984298e-02	6.748298e-01	1.673233e-02
5.757545e-04	6.417444e-02	7.285982e-01	1.794342e-02
6.621177e-04	6.881942e-02	7.898254e-01	1.924218e-02
7.614354e-04	7.380061e-02	8.543979e-01	2.063493e-02
8.756507e-04	7.914234e-02	9.211851e-01	2.212850e-02
1.006998e-03	8.487070e-02	9.912566e-01	2.373017e-02
1.158048e-03	9.101369e-02	1.062081e+00	2.544778e-02
1.331755e-03	9.760131e-02	1.142609e+00	2.728970e-02
1.531519e-03	1.046657e-01	1.225649e+00	2.926494e-02
1.761246e-03	1.122415e-01	1.310456e+00	3.138316e-02
2.025433e-03	1.203656e-01	1.399833e+00	3.365469e-02
2.329248e-03	1.290777e-01	1.492037e+00	3.609063e-02
2.678635e-03	1.384204e-01	1.585644e+00	3.870289e-02
3.080431e-03	1.484394e-01	1.679301e+00	4.150422e-02
3.542495e-03	1.591835e-01	1.776985e+00	4.450832e-02
4.073870e-03	1.707053e-01	1.877528e+00	4.772986e-02
4.684950e-03	1.830610e-01	1.978127e+00	5.118457e-02
5.387693e-03	1.963111e-01	2.069621e+00	5.488934e-02
6.195847e-03	2.105202e-01	2.166890e+00	5.886226e-02
7.125224e-03	2.257578e-01	2.273703e+00	6.312274e-02
8.194007e-03	2.420982e-01	2.368412e+00	6.769159e-02
9.423108e-03	2.596214e-01	2.465979e+00	7.259115e-02
1.083657e-02	2.784130e-01	2.548681e+00	7.784533e-02
1.246206e-02	2.985646e-01	2.634566e+00	8.347982e-02
1.433137e-02	3.201749e-01	2.726925e+00	8.949326e-02
1.648108e-02	3.433493e-01	2.804041e+00	9.600418e-02
1.895324e-02	3.682011e-01	2.881748e+00	1.029522e-01
2.179622e-02	3.948517e-01	2.949775e+00	1.104048e-01
2.506566e-02	4.234313e-01	3.014094e+00	1.183955e-01
2.882550e-02	4.540795e-01	3.070392e+00	1.269648e-01
3.314933e-02	4.869460e-01	3.118780e+00	1.361544e-01
3.812173e-02	5.221914e-01	3.167393e+00	1.460092e-01
4.383999e-02	5.599879e-01	3.206430e+00	1.565773e-01
5.041599e-02	6.005201e-01	3.237883e+00	1.679102e-01
5.797838e-02	6.439861e-01	3.260200e+00	1.800634e-01
6.667514e-02	6.905981e-01	3.284592e+00	1.930963e-01
7.667641e-02	7.405840e-01	3.301431e+00	2.070726e-01
8.817787e-02	7.941878e-01	3.308686e+00	2.220605e-01
1.014046e-01	8.516716e-01	3.308939e+00	2.381331e-01
1.166152e-01	9.133160e-01	3.299615e+00	2.553691e-01
1.341075e-01	9.794223e-01	3.288033e+00	2.738527e-01
1.542237e-01	1.050313e+00	3.267695e+00	2.936742e-01
1.773572e-01	1.126336e+00	3.237686e+00	3.149303e-01
2.039608e-01	1.207860e+00	3.200129e+00	3.377249e-01
2.345549e-01	1.295286e+00	3.153847e+00	3.621693e-01
2.697381e-01	1.389040e+00	3.099459e+00	3.883833e-01
3.101989e-01	1.489579e+00	3.037184e+00	4.164945e-01
3.567287e-01	1.597395e+00	2.966061e+00	4.466404e-01
4.102380e-01	1.713016e+00	2.887764e+00	4.789682e-01
4.717737e-01	1.837005e+00	2.802472e+00	5.136360e-01
5.425397e-01	1.969968e+00	2.715354e+00	5.508132e-01
6.239207e-01	2.112555e+00	2.618591e+00	5.906812e-01
7.175088e-01	2.265463e+00	2.511306e+00	6.334347e-01
8.251351e-01	2.429439e+00	2.406226e+00	6.792827e-01
9.489054e-01	2.605283e+00	2.294037e+00	7.284492e-01
1.091241e+00	2.793855e+00	2.189934e+00	7.811778e-01
1.254927e+00	2.996075e+00	2.077530e+00	8.377043e-01
1.443166e+00	3.193585e+00	1.955801e+00	8.984507e-01
1.659641e+00	3.391040e+00	1.844468e+00	9.641937e-01
1.908588e+00	3.597936e+00	1.728092e+00	1.035418e+00
2.194876e+00	3.813743e+00	1.618402e+00	1.112657e+00
2.524107e+00	4.037535e+00	1.509446e+00	1.196504e+00
2.902723e+00	4.267851e+00	1.406236e+00	1.287652e+00
3.338132e+00	4.502559e+00	1.309420e+00	1.386910e+00
3.838852e+00	4.738675e+00	1.208307e+00	1.495235e+00
4.414679e+00	2.537283e+00	1.115671e+00	1.613776e+00
5.076881e+00	2.786607e+00	1.031357e+00	1.743931e+00
5.838413e+00	3.056790e+00	9.558600e-01	1.887424e+00
6.714175e+00	3.359151e+00	8.709221e-01	2.046409e+00
7.721302e+00	3.684580e+00	8.026869e-01	2.223597e+00
8.879497e+00	4.041932e+00	7.514068e-01	2.422439e+00
1.021142e+01	4.437917e+00	6.945784e-01	2.647358e+00
1.174313e+01	4.850835e+00	6.295557e-01	2.904055e+00
1.350460e+01	5.301648e+00	5.547795e-01	2.771995e+00
1.553030e+01	5.760286e+00	4.947012e-01	2.650729e+00
1.785984e+01	6.276709e+00	4.467665e-01	2.553309e+00
2.053882e+01	6.862915e+00	4.025526e-01	2.480039e+00
2.361964e+01	7.470769e+00	3.623416e-01	2.431383e+00
2.716258e+01	8.148825e+00	3.261570e-01	2.407961e+00
3.123697e+01	8.886047e+00	2.951076e-01	2.410501e+00
3.592252e+01	9.676282e+00	2.650225e-01	2.439893e+00
4.131089e+01	1.055242e+01	2.374331e-01	2.497174e+00
4.750753e+01	1.147257e+01	2.128534e-01	2.583528e+00
5.463366e+01	1.246737e+01	1.934848e-01	2.700411e+00
6.282871e+01	1.349509e+01	1.737719e-01	2.849684e+00
7.225301e+01	1.447951e+01	1.532354e-01	3.033794e+00
8.309096e+01	1.550871e+01	1.372893e-01	3.255972e+00
9.555461e+01	1.640832e+01	1.219994e-01	3.520446e+00
1.098878e+02	1.729602e+01	1.104015e-01	3.832654e+00
1.263710e+02	1.810534e+01	9.867139e-02	4.199540e+00
1.453266e+02	1.868708e+01	8.664775e-02	4.629813e+00
1.671256e+02	1.923795e+01	7.738533e-02	5.134297e+00
1.921945e+02	1.978499e+01	6.840633e-02	5.726331e+00
2.210236e+02	2.024399e+01	6.084908e-02	6.422819e+00
2.541772e+02	2.057781e+01	5.396137e-02	7.242125e+00
2.923037e+02	2.274072e+01	4.803605e-02	8.221683e+00
3.361493e+02	2.239844e+01	4.295497e-02	9.399466e+00
3.865717e+02	2.195506e+01	3.788360e-02	1.080112e+01
4.445574e+02	2.136966e+01	3.360547e-02	1.248885e+01
5.112411e+02	2.083326e+01	3.002739e-02	1.451105e+01
5.879272e+02	2.019554e+01	2.702030e-02	1.691716e+01
6.761163e+02	1.947613e+01	2.365321e-02	1.980125e+01
7.775337e+02	1.873882e+01	2.084269e-02	2.327791e+01
8.941638e+02	1.799838e+01	1.843950e-02	2.748869e+01
1.028288e+03	1.728223e+01	1.640784e-02	3.260994e+01
1.182532e+03	1.653106e+01	1.472559e-02	3.887306e+01
1.359911e+03	1.575449e+01	1.284259e-02	4.657154e+01
1.563898e+03	1.497819e+01	1.131045e-02	5.606341e+01
1.798483e+03	1.419879e+01	9.980934e-03	6.779266e+01
2.068255e+03	1.341215e+01	8.796732e-03	8.234430e+01
2.378493e+03	1.262961e+01	7.749241e-03	1.004670e+02
2.735268e+03	1.185976e+01	6.831132e-03	1.231059e+02
3.145558e+03	1.109636e+01	6.078396e-03	1.514727e+02
3.617391e+03	1.034142e+01	5.353542e-03	1.871320e+02
4.160000e+03	9.609667e+00	4.714644e-03	2.320887e+02
4.784000e+03	8.905485e+00	4.159542e-03	2.889099e+02
5.501600e+03	8.230523e+00	3.733030e-03	3.608894e+02
6.326840e+03	7.587414e+00	3.299093e-03	4.522445e+02
7.275866e+03	6.978522e+00	2.857415e-03	5.683665e+02
8.367246e+03	6.406420e+00	2.524591e-03	7.161363e+02
9.622333e+03	5.872872e+00	2.211387e-03	9.043120e+02
