# Energy_MeV	dEdx_Elec_MeV_um	dEdx_Nucl_MeV_um	Range_um
1.000000e-05	8.813565e-03	4.666267e-02	2.269229e-03
1.150000e-05	9.451495e-03	5.180384e-02	2.433477e-03
1.322500e-05	1.013560e-02	5.737743e-02	2.609614e-03
1.520875e-05	1.086922e-02	6.373037e-02	2.798499e-03
1.749006e-05	1.165594e-02	7.077960e-02	3.001056e-03
2.011357e-05	1.249960e-02	7.840331e-02	3.218274e-03
2.313061e-05	1.340433e-02	8.690593e-02	3.451214e-03
2.660020e-05	1.437454e-02	9.619905e-02	3.701015e-03
3.059023e-05	1.541498e-02	1.064297e-01	3.968896e-03
3.517876e-05	1.653072e-02	1.176054e-01	4.256167e-03
4.045558e-05	1.772723e-02	1.298664e-01	4.564231e-03
4.652391e-05	1.901033e-02	1.435083e-01	4.894592e-03
5.350250e-05	2.038631e-02	1.583791e-01	5.248865e-03
6.152788e-05	2.186188e-02	1.741069e-01	5.628781e-03
7.075706e-05	2.344426e-02	1.915352e-01	6.036195e-03
8.137062e-05	2.514117e-02	2.114914e-01	6.473098e-03
9.357621e-05	2.696090e-02	2.323841e-01	6.941624e-03
1.076126e-04	2.891234e-02	2.556967e-01	7.444063e-03
1.237545e-04	3.100503e-02	2.799010e-01	7.982868e-03
1.423177e-04	3.324919e-02	3.066751e-01	8.560672e-03
1.636654e-04	3.565579e-02	3.372002e-01	9.180298e-03
1.882152e-04	3.823657e-02	3.688438e-01	9.844773e-03
2.164475e-04	4.100415e-02	4.040599e-01	1.055734e-02
2.489146e-04	4.397206e-02	4.412226e-01	1.132149e-02
2.862518e-04	4.715478e-02	4.817987e-01	1.214094e-02
3.291895e-04	5.056786e-02	5.253312e-01	1.301971e-02
3.785680e-04	5.422799e-02	5.709993e-01	1.396209e-02
4.353531e-04	5.815304e-02	6.220179e-01	1.497267e-02
5.006561e-04	6.236219e-02	6.753061e-01	1.605640e-02
5.757545e-04	6.687600e-02	7.319759e-01	1.721857e-02
6.621177e-04	7.171652e-02	7.902596e-01	1.846486e-02
7.614354e-04	7.690740e-02	8.562722e-01	1.980136e-02
8.756507e-04	8.247400e-02	9.271177e-01	2.123459e-02
1.006998e-03	8.844351e-02	9.992711e-01	2.277156e-02
1.158048e-03	9.484510e-02	1.076068e+00	2.441978e-02
1.331755e-03	1.017100e-01	1.152837e+00	2.618729e-02
1.531519e-03	1.090719e-01	1.239661e+00	2.808274e-02
1.761246e-03	1.169665e-01	1.331049e+00	3.011539e-02
2.025433e-03	1.254326e-01	1.422707e+00	3.229515e-02
2.329248e-03	1.345115e-01	1.520617e+00	3.463269e-02
2.678635e-03	1.442475e-01	1.620758e+00	3.713943e-02
3.080431e-03	1.546883e-01	1.722829e+00	3.982760e-02
3.542495e-03	1.658847e-01	1.825607e+00	4.271034e-02
4.073870e-03	1.778915e-01	1.931140e+00	4.580174e-02
4.684950e-03	1.907674e-01	2.041802e+00	4.911689e-02
5.387693e-03	2.045752e-01	2.152306e+00	5.267200e-02
6.195847e-03	2.193825e-01	2.252459e+00	5.648443e-02
7.125224e-03	2.352615e-01	2.357349e+00	6.057280e-02
8.194007e-03	2.522898e-01	2.475235e+00	6.495709e-02
9.423108e-03	2.705507e-01	2.578713e+00	6.965872e-02
1.083657e-02	2.901333e-01	2.686681e+00	7.470065e-02
1.246206e-02	3.111333e-01	2.777228e+00	8.010753e-02
1.433137e-02	3.336533e-01	2.869853e+00	8.586502e-02
1.648108e-02	3.578033e-01	2.972289e+00	9.210869e-02
1.895324e-02	3.837013e-01	3.056864e+00	9.879436e-02
2.179622e-02	4.114738e-01	3.142669e+00	1.059446e-01
2.506566e-02	4.412565e-01	3.217011e+00	1.136127e-01
2.882550e-02	4.731949e-01	3.287899e+00	1.218360e-01
3.314933e-02	5.074450e-01	3.350836e+00	1.306544e-01
3.812173e-02	5.441741e-01	3.403770e+00	1.401110e-01
4.383999e-02	5.835617e-01	3.457815e+00	1.502521e-01
5.041599e-02	6.258003e-01	3.500712e+00	1.611273e-01
5.797838e-02	6.710960e-01	3.536455e+00	1.727896e-01
6.667514e-02	7.196703e-01	3.561047e+00	1.852960e-01
7.667641e-02	7.717604e-01	3.587360e+00	1.987076e-01
8.817787e-02	8.276208e-01	3.607657e+00	2.130900e-01
1.014046e-01	8.875245e-01	3.615746e+00	2.285135e-01
1.166152e-01	9.517640e-01	3.617554e+00	2.450532e-01
1.341075e-01	1.020653e+00	3.607721e+00	2.627901e-01
1.542237e-01	1.094529e+00	3.595248e+00	2.818107e-01
1.773572e-01	1.173751e+00	3.574569e+00	3.022082e-01
2.039608e-01	1.258708e+00	3.542374e+00	3.240821e-01
2.345549e-01	1.349814e+00	3.502403e+00	3.475392e-01
2.697381e-01	1.447514e+00	3.452649e+00	3.726940e-01
3.101989e-01	1.552286e+00	3.394073e+00	3.996695e-01
3.567287e-01	1.664641e+00	3.326836e+00	4.285977e-01
4.102380e-01	1.785129e+00	3.250150e+00	4.596198e-01
4.717737e-01	1.914337e+00	3.165097e+00	4.928871e-01
5.425397e-01	2.052898e+00	3.072045e+00	5.285622e-01
6.239207e-01	2.201488e+00	2.977607e+00	5.668196e-01
7.175088e-01	2.360833e+00	2.873279e+00	6.078463e-01
8.251351e-01	2.531711e+00	2.755812e+00	6.518423e-01
9.489054e-01	2.714958e+00	2.641624e+00	6.990232e-01
1.091241e+00	2.911468e+00	2.518281e+00	7.496173e-01
1.254927e+00	3.122201e+00	2.404857e+00	8.038751e-01
1.443166e+00	3.339674e+00	2.283649e+00	8.620738e-01
1.659641e+00	3.547018e+00	2.149547e+00	9.249161e-01
1.908588e+00	3.764580e+00	2.028089e+00	9.930054e-01
2.194876e+00	3.991925e+00	1.900285e+00	1.066809e+00
2.524107e+00	4.228232e+00	1.780875e+00	1.146895e+00
2.902723e+00	4.472169e+00	1.661167e+00	1.233907e+00
3.338132e+00	4.721741e+00	1.547262e+00	1.328594e+00
3.838852e+00	4.974115e+00	1.441835e+00	1.431842e+00
4.414679e+00	5.225439e+00	1.330493e+00	1.544706e+00
5.076881e+00	2.796175e+00	1.229471e+00	1.668466e+00
5.838413e+00	3.069463e+00	1.135088e+00	1.804689e+00
6.714175e+00	3.372943e+00	1.053266e+00	1.955326e+00
7.721302e+00	3.700886e+00	9.616715e-01	2.122826e+00
8.879497e+00	4.068086e+00	8.829203e-01	2.310295e+00
1.021142e+01	4.464837e+00	8.269932e-01	2.521706e+00
1.174313e+01	4.896821e+00	7.656899e-01	2.762164e+00
1.350460e+01	5.370583e+00	6.955930e-01	3.038271e+00
1.553030e+01	5.839411e+00	6.149817e-01	2.964287e+00
1.785984e+01	6.362753e+00	5.459009e-01	2.814491e+00
2.053882e+01	6.946968e+00	4.936909e-01	2.695898e+00
2.361964e+01	7.570359e+00	4.442732e-01	2.607576e+00
2.716258e+01	8.250972e+00	3.998157e-01	2.548941e+00
3.123697e+01	8.972676e+00	3.603425e-01	2.519707e+00
3.592252e+01	9.775351e+00	3.256800e-01	2.519841e+00
4.131089e+01	1.063860e+01	2.931016e-01	2.549467e+00
4.750753e+01	1.158051e+01	2.622104e-01	2.609100e+00
5.463366e+01	1.263391e+01	2.347473e-01	2.699450e+00
6.282871e+01	1.368590e+01	2.134437e-01	2.821640e+00
7.225301e+01	1.480592e+01	1.921813e-01	2.977344e+00
8.309096e+01	1.591686e+01	1.692707e-01	3.168957e+00
9.555461e+01	1.697498e+01	1.516943e-01	3.399777e+00
1.098878e+02	1.807232e+01	1.346281e-01	3.674204e+00
1.263710e+02	1.896512e+01	1.218375e-01	3.997944e+00
1.453266e+02	1.979277e+01	1.091843e-01	4.378262e+00
1.671256e+02	2.043700e+01	9.575691e-02	4.824262e+00
1.921945e+02	2.109337e+01	8.553949e-02	5.347277e+00
2.210236e+02	2.177500e+01	7.558712e-02	5.961201e+00
2.541772e+02	2.218726e+01	6.730656e-02	6.682780e+00
2.923037e+02	2.497948e+01	5.964336e-02	7.536656e+00
3.361493e+02	2.476689e+01	5.306000e-02	8.564743e+00
3.865717e+02	2.440041e+01	4.749776e-02	9.785836e+00
4.445574e+02	2.390840e+01	4.187450e-02	1.124908e+01
5.112411e+02	2.335485e+01	3.718559e-02	1.300247e+01
5.879272e+02	2.277706e+01	3.313595e-02	1.508640e+01
6.761163e+02	2.205785e+01	2.987045e-02	1.756774e+01
7.775337e+02	2.130077e+01	2.623909e-02	2.054523e+01
8.941638e+02	2.052735e+01	2.303750e-02	2.413501e+01
1.028288e+03	1.977515e+01	2.042550e-02	2.848095e+01
1.182532e+03	1.901098e+01	1.811242e-02	3.376856e+01
1.359911e+03	1.820120e+01	1.628377e-02	4.023792e+01
1.563898e+03	1.737051e+01	1.425288e-02	4.818306e+01
1.798483e+03	1.654566e+01	1.250487e-02	5.796244e+01
2.068255e+03	1.570146e+01	1.105971e-02	7.003810e+01
2.378493e+03	1.484942e+01	9.728932e-03	8.501355e+01
2.735268e+03	1.400923e+01	8.567022e-03	1.036461e+02
3.145558e+03	1.316954e+01	7.563755e-03	1.268981e+02
3.617391e+03	1.233279e+01	6.719622e-03	1.560130e+02
4.160000e+03	1.151109e+01	5.934225e-03	1.925827e+02
4.784000e+03	1.071381e+01	5.215634e-03	2.386450e+02
5.501600e+03	9.943618e+00	4.593513e-03	2.968082e+02
6.326840e+03	9.203816e+00	4.123442e-03	3.704139e+02
7.275866e+03	8.498988e+00	3.655375e-03	4.637323e+02
8.367246e+03	7.831800e+00	3.161317e-03	5.822164e+02
9.622333e+03	7.203792e+00	2.793590e-03	7.328132e+02
