# Energy_MeV	dEdx_Elec_MeV_um	dEdx_Nucl_MeV_um	Range_um
1.000000e-05	8.195144e-03	6.558106e-02	2.440470e-03
1.150000e-05	8.788312e-03	7.239374e-02	2.617112e-03
1.322500e-05	9.424415e-03	7.958972e-02	2.806540e-03
1.520875e-05	1.010656e-02	8.760684e-02	3.009679e-03
1.749006e-05	1.083808e-02	9.661858e-02	3.227521e-03
2.011357e-05	1.162254e-02	1.062473e-01	3.461131e-03
2.313061e-05	1.246379e-02	1.168132e-01	3.711649e-03
2.660020e-05	1.336592e-02	1.279467e-01	3.980301e-03
3.059023e-05	1.433336e-02	1.402627e-01	4.268397e-03
3.517876e-05	1.537081e-02	1.540263e-01	4.577346e-03
4.045558e-05	1.648336e-02	1.686347e-01	4.908656e-03
4.652391e-05	1.767644e-02	1.845981e-01	5.263948e-03
5.350250e-05	1.895587e-02	2.017285e-01	5.644955e-03
6.152788e-05	2.032790e-02	2.201508e-01	6.053540e-03
7.075706e-05	2.179924e-02	2.400083e-01	6.491698e-03
8.137062e-05	2.337709e-02	2.610734e-01	6.961571e-03
9.357621e-05	2.506913e-02	2.841545e-01	7.465453e-03
1.076126e-04	2.688365e-02	3.087480e-01	8.005806e-03
1.237545e-04	2.882950e-02	3.342206e-01	8.585271e-03
1.423177e-04	3.091620e-02	3.613852e-01	9.206677e-03
1.636654e-04	3.315393e-02	3.916277e-01	9.873061e-03
1.882152e-04	3.555363e-02	4.232935e-01	1.058768e-02
2.164475e-04	3.812702e-02	4.569631e-01	1.135402e-02
2.489146e-04	4.088667e-02	4.911774e-01	1.217583e-02
2.862518e-04	4.384607e-02	5.271617e-01	1.305712e-02
3.291895e-04	4.701967e-02	5.669333e-01	1.400221e-02
3.785680e-04	5.042298e-02	6.077053e-01	1.501569e-02
4.353531e-04	5.407262e-02	6.505475e-01	1.610254e-02
5.006561e-04	5.798642e-02	6.943536e-01	1.726805e-02
5.757545e-04	6.218351e-02	7.406199e-01	1.851792e-02
6.621177e-04	6.668439e-02	7.873916e-01	1.985825e-02
7.614354e-04	7.151104e-02	8.338073e-01	2.129560e-02
8.756507e-04	7.668705e-02	8.829929e-01	2.283699e-02
1.006998e-03	8.223770e-02	9.323192e-01	2.448994e-02
1.158048e-03	8.819010e-02	9.826628e-01	2.626254e-02
1.331755e-03	9.457335e-02	1.029064e+00	2.816344e-02
1.531519e-03	1.014186e-01	1.077756e+00	3.020192e-02
1.761246e-03	5.438365e-02	1.129800e+00	3.238795e-02
2.025433e-03	5.838264e-02	1.178370e+00	3.473221e-02
2.329248e-03	6.267101e-02	1.226166e+00	3.724614e-02
2.678635e-03	6.726972e-02	1.268859e+00	3.994204e-02
3.080431e-03	7.220122e-02	1.311942e+00	4.283307e-02
3.542495e-03	7.748962e-02	1.356851e+00	4.593335e-02
4.073870e-03	8.316075e-02	1.396957e+00	4.925803e-02
4.684950e-03	8.924231e-02	1.435112e+00	5.282335e-02
5.387693e-03	9.576402e-02	1.470224e+00	5.664673e-02
6.195847e-03	1.027577e-01	1.501813e+00	6.072839e-02
7.125224e-03	1.102576e-01	1.530675e+00	6.514547e-02
8.194007e-03	1.183003e-01	1.555753e+00	6.986004e-02
9.423108e-03	1.269251e-01	1.579546e+00	7.491716e-02
1.083657e-02	1.361742e-01	1.600043e+00	8.033936e-02
1.246206e-02	1.460926e-01	1.615326e+00	8.615427e-02
1.433137e-02	1.567289e-01	1.627845e+00	9.239003e-02
1.648108e-02	1.681351e-01	1.639987e+00	9.907717e-02
1.895324e-02	1.803669e-01	1.648119e+00	1.062483e-01
2.179622e-02	1.934839e-01	1.652828e+00	1.139385e-01
2.506566e-02	2.075504e-01	1.652712e+00	1.221853e-01
2.882550e-02	2.226350e-01	1.649162e+00	1.310290e-01
3.314933e-02	2.388114e-01	1.643503e+00	1.405128e-01
3.812173e-02	2.561586e-01	1.633443e+00	1.506831e-01
4.383999e-02	2.747614e-01	1.619236e+00	1.615895e-01
5.041599e-02	2.947107e-01	1.600680e+00	1.732853e-01
5.797838e-02	3.161039e-01	1.578172e+00	1.858277e-01
6.667514e-02	3.390456e-01	1.551408e+00	1.992779e-01
7.667641e-02	3.636478e-01	1.520746e+00	2.137016e-01
8.817787e-02	3.900307e-01	1.485623e+00	2.291693e-01
1.014046e-01	4.183231e-01	1.447074e+00	2.457565e-01
1.166152e-01	4.486634e-01	1.404986e+00	2.635444e-01
1.341075e-01	4.811998e-01	1.361373e+00	2.826198e-01
1.542237e-01	5.160911e-01	1.313371e+00	3.030759e-01
1.773572e-01	5.535079e-01	1.260935e+00	3.250124e-01
2.039608e-01	5.936329e-01	1.207805e+00	3.485369e-01
2.345549e-01	6.366622e-01	1.152944e+00	3.737642e-01
2.697381e-01	6.828059e-01	1.099888e+00	4.008173e-01
3.101989e-01	7.322896e-01	1.043932e+00	4.298285e-01
3.567287e-01	7.853549e-01	9.846042e-01	4.609395e-01
4.102380e-01	8.422611e-01	9.274958e-01	4.943023e-01
4.717737e-01	9.032862e-01	8.704916e-01	5.300823e-01
5.425397e-01	9.687283e-01	8.145111e-01	5.684391e-01
6.239207e-01	1.038912e+00	7.609418e-01	6.096627e-01
7.175088e-01	1.114179e+00	7.089415e-01	6.542796e-01
8.251351e-01	1.194894e+00	6.594286e-01	7.026165e-01
9.489054e-01	1.281451e+00	6.099633e-01	7.550360e-01
1.091241e+00	1.374273e+00	5.623835e-01	8.119407e-01
1.254927e+00	1.473813e+00	5.211529e-01	8.738019e-01
1.443166e+00	1.581608e+00	4.816413e-01	9.411688e-01
1.659641e+00	1.708661e+00	4.395618e-01	1.014692e+00
1.908588e+00	1.860602e+00	4.061548e-01	1.095152e+00
2.194876e+00	2.041623e+00	3.784231e-01	1.183498e+00
2.524107e+00	2.237669e+00	3.501408e-01	1.272745e+00
2.902723e+00	2.457494e+00	3.177647e-01	1.262711e+00
3.338132e+00	2.696615e+00	2.808752e-01	1.252054e+00
3.838852e+00	2.962618e+00	2.514389e-01	1.241706e+00
4.414679e+00	3.260884e+00	2.259732e-01	1.232670e+00
5.076881e+00	3.585600e+00	2.041309e-01	1.226028e+00
5.838413e+00	3.947140e+00	1.834970e-01	1.222921e+00
6.714175e+00	4.332981e+00	1.650295e-01	1.224638e+00
7.721302e+00	4.766250e+00	1.494181e-01	1.232566e+00
8.879497e+00	5.257538e+00	1.340411e-01	1.248215e+00
1.021142e+01	5.757708e+00	1.204094e-01	1.273232e+00
1.174313e+01	6.300492e+00	1.079839e-01	1.309392e+00
1.350460e+01	6.856455e+00	9.784206e-02	1.358595e+00
1.553030e+01	7.396961e+00	8.789983e-02	1.422861e+00
1.785984e+01	7.963890e+00	7.794480e-02	1.504339e+00
2.053882e+01	8.480679e+00	6.947917e-02	1.605330e+00
2.361964e+01	9.000699e+00	6.203672e-02	1.728389e+00
2.716258e+01	9.469057e+00	5.583988e-02	1.876423e+00
3.123697e+01	9.864921e+00	4.994870e-02	2.052860e+00
3.592252e+01	1.025133e+01	4.411905e-02	2.261851e+00
4.131089e+01	1.054525e+01	3.916919e-02	2.508498e+00
4.750753e+01	1.081323e+01	3.479028e-02	2.799144e+00
5.463366e+01	1.102538e+01	3.081806e-02	3.141680e+00
6.282871e+01	1.113062e+01	2.742508e-02	3.545929e+00
7.225301e+01	1.120809e+01	2.439875e-02	4.024121e+00
8.309096e+01	1.126928e+01	2.174002e-02	4.591430e+00
9.555461e+01	1.128332e+01	1.926728e-02	5.267160e+00
1.098878e+02	1.123831e+01	1.702039e-02	6.073312e+00
1.263710e+02	1.164241e+01	1.526679e-02	7.050208e+00
1.453266e+02	1.120804e+01	1.366659e-02	8.241333e+00
1.671256e+02	1.073227e+01	1.199503e-02	9.683298e+00
1.921945e+02	1.021782e+01	1.060304e-02	1.144863e+01
2.210236e+02	9.756739e+00	9.346981e-03	1.360270e+01
2.541772e+02	9.276873e+00	8.348026e-03	1.621727e+01
2.923037e+02	8.777765e+00	7.450750e-03	1.941347e+01
3.361493e+02	8.282784e+00	6.516133e-03	2.334222e+01
3.865717e+02	7.797585e+00	5.752246e-03	2.819399e+01
4.445574e+02	7.329084e+00	5.061416e-03	3.421041e+01
5.112411e+02	6.858438e+00	4.474682e-03	4.171048e+01
5.879272e+02	6.394791e+00	3.938457e-03	5.110465e+01
6.761163e+02	5.948182e+00	3.465797e-03	6.290512e+01
7.775337e+02	5.516683e+00	3.085006e-03	7.775793e+01
8.941638e+02	5.098767e+00	2.714464e-03	9.651660e+01
1.028288e+03	4.698416e+00	2.396827e-03	1.202831e+02
1.182532e+03	4.318238e+00	2.116753e-03	1.504641e+02
1.359911e+03	3.957538e+00	1.890787e-03	1.888742e+02
1.563898e+03	3.615702e+00	1.672171e-03	2.378662e+02
1.798483e+03	3.294965e+00	1.458451e-03	3.004679e+02
2.068255e+03	2.995849e+00	1.279517e-03	3.805676e+02
2.378493e+03	2.718893e+00	1.127840e-03	4.831602e+02
2.735268e+03	2.464193e+00	1.002146e-03	6.146419e+02
3.145558e+03	2.231108e+00	8.841499e-04	7.831811e+02
3.617391e+03	2.018476e+00	7.697759e-04	9.991828e+02
4.160000e+03	1.825297e+00	6.735272e-04	1.275855e+03
4.784000e+03	1.651045e+00	5.906121e-04	1.629901e+03
5.501600e+03	1.494529e+00	5.152504e-04	2.082354e+03
6.326840e+03	1.354329e+00	4.527385e-04	2.659566e+03
7.275866e+03	1.229172e+00	3.979668e-04	3.394400e+03
8.367246e+03	1.117853e+00	3.497937e-04	4.327621e+03
9.622333e+03	1.018925e+00	3.059615e-04	5.509476e+03
