# Energy_MeV	dEdx_Elec_MeV_um	dEdx_Nucl_MeV_um	Range_um
1.000000e-05	3.580628e-03	5.660772e-02	3.160726e-03
1.150000e-05	3.899307e-03	6.167978e-02	3.389501e-03
1.322500e-05	4.240187e-03	6.696302e-02	3.634835e-03
1.520875e-05	4.604965e-03	7.255911e-02	3.897926e-03
1.749006e-05	4.995453e-03	7.851583e-02	4.180060e-03
2.011357e-05	5.413578e-03	8.515928e-02	4.482615e-03
2.313061e-05	5.861402e-03	9.193079e-02	4.807069e-03
2.660020e-05	6.341127e-03	9.933927e-02	5.155007e-03
3.059023e-05	6.855110e-03	1.068654e-01	5.528130e-03
3.517876e-05	7.405872e-03	1.147781e-01	5.928259e-03
4.045558e-05	7.996113e-03	1.235725e-01	6.357349e-03
4.652391e-05	8.628722e-03	1.322871e-01	6.817497e-03
5.350250e-05	9.306798e-03	1.418012e-01	7.310951e-03
6.152788e-05	1.003366e-02	1.514709e-01	7.840122e-03
7.075706e-05	1.081285e-02	1.616749e-01	8.407594e-03
8.137062e-05	1.164820e-02	1.719235e-01	9.016140e-03
9.357621e-05	1.254378e-02	1.822251e-01	9.668733e-03
1.076126e-04	1.350397e-02	1.932402e-01	1.036856e-02
1.237545e-04	1.453347e-02	2.040483e-01	1.111904e-02
1.423177e-04	1.563730e-02	2.153064e-01	1.192385e-02
1.636654e-04	1.682087e-02	2.255616e-01	1.278690e-02
1.882152e-04	1.808994e-02	2.367767e-01	1.371242e-02
2.164475e-04	1.945073e-02	2.482358e-01	1.470493e-02
2.489146e-04	2.090989e-02	2.586325e-01	1.576929e-02
2.862518e-04	2.247453e-02	2.699193e-01	1.691068e-02
3.291895e-04	2.415232e-02	2.792483e-01	1.813468e-02
3.785680e-04	2.595144e-02	2.894384e-01	1.944728e-02
4.353531e-04	2.788068e-02	2.994092e-01	2.085488e-02
5.006561e-04	2.994948e-02	3.080636e-01	2.236437e-02
5.757545e-04	3.216793e-02	3.172874e-01	2.398311e-02
6.621177e-04	3.454688e-02	3.250476e-01	2.571902e-02
7.614354e-04	3.709794e-02	3.324982e-01	2.758058e-02
8.756507e-04	3.983359e-02	3.391675e-01	2.957688e-02
1.006998e-03	4.276718e-02	3.450260e-01	3.171767e-02
1.158048e-03	4.591305e-02	3.507271e-01	3.401341e-02
1.331755e-03	4.928657e-02	3.552781e-01	3.647532e-02
1.531519e-03	5.290421e-02	3.591107e-01	3.910016e-02
1.761246e-03	5.678366e-02	3.622615e-01	4.193921e-02
2.025433e-03	6.094385e-02	3.652911e-01	4.498410e-02
2.329248e-03	6.540513e-02	3.670484e-01	4.823962e-02
2.678635e-03	7.018928e-02	3.684966e-01	5.173123e-02
3.080431e-03	7.531967e-02	3.688391e-01	5.547553e-02
3.542495e-03	8.082137e-02	3.683594e-01	5.949079e-02
4.073870e-03	8.672126e-02	3.674534e-01	6.379668e-02
4.684950e-03	9.304815e-02	3.653201e-01	6.841421e-02
5.387693e-03	9.983297e-02	3.625716e-01	7.336600e-02
6.195847e-03	1.071088e-01	3.588140e-01	7.867621e-02
7.125224e-03	1.149113e-01	3.541151e-01	8.437075e-02
8.194007e-03	1.232786e-01	3.484952e-01	9.047745e-02
9.423108e-03	1.322514e-01	3.419968e-01	9.702616e-02
1.083657e-02	1.418736e-01	3.344964e-01	1.040489e-01
1.246206e-02	1.521923e-01	3.262668e-01	1.115800e-01
1.433137e-02	1.632579e-01	3.171249e-01	1.196561e-01
1.648108e-02	1.751244e-01	3.077269e-01	1.283167e-01
1.895324e-02	1.878498e-01	2.971155e-01	1.376043e-01
2.179622e-02	2.014962e-01	2.857678e-01	1.475641e-01
2.506566e-02	2.161303e-01	2.743821e-01	1.582448e-01
2.882550e-02	2.318237e-01	2.619695e-01	1.696986e-01
3.314933e-02	2.486529e-01	2.504915e-01	1.819813e-01
3.812173e-02	2.667003e-01	2.377075e-01	1.951532e-01
4.383999e-02	2.860539e-01	2.247406e-01	2.092784e-01
5.041599e-02	3.068083e-01	2.124168e-01	2.244260e-01
5.797838e-02	3.290650e-01	1.991954e-01	2.406700e-01
6.667514e-02	3.529326e-01	1.869692e-01	2.580897e-01
7.667641e-02	3.785277e-01	1.747438e-01	2.767703e-01
8.817787e-02	4.059754e-01	1.630112e-01	2.968030e-01
1.014046e-01	4.354098e-01	1.518129e-01	3.182859e-01
1.166152e-01	4.669746e-01	1.404467e-01	3.413227e-01
1.341075e-01	5.008242e-01	1.300303e-01	3.660290e-01
1.542237e-01	5.371249e-01	1.204521e-01	3.925230e-01
1.773572e-01	5.760584e-01	1.112151e-01	4.211135e-01
2.039608e-01	6.178099e-01	1.015505e-01	4.520912e-01
2.345549e-01	6.625833e-01	9.446043e-02	4.856650e-01
2.697381e-01	7.105844e-01	8.739614e-02	5.118065e-01
3.101989e-01	7.620448e-01	8.049735e-02	5.269889e-01
3.567287e-01	8.172362e-01	7.354707e-02	5.463383e-01
4.102380e-01	8.741553e-01	6.561360e-02	5.651550e-01
4.717737e-01	9.379276e-01	5.937920e-02	5.834323e-01
5.425397e-01	1.019076e+00	5.293258e-02	6.012094e-01
6.239207e-01	1.109761e+00	4.768129e-02	6.185813e-01
7.175088e-01	1.209487e+00	4.291692e-02	6.357109e-01
8.251351e-01	1.316015e+00	3.866831e-02	6.528421e-01
9.489054e-01	1.434139e+00	3.500468e-02	6.703134e-01
1.091241e+00	1.556288e+00	3.129839e-02	6.885695e-01
1.254927e+00	1.688147e+00	2.823772e-02	7.081805e-01
1.443166e+00	1.828159e+00	2.528969e-02	7.298700e-01
1.659641e+00	1.963447e+00	2.292788e-02	7.545244e-01
1.908588e+00	2.108592e+00	2.050774e-02	7.832262e-01
2.194876e+00	2.254865e+00	1.827399e-02	8.172796e-01
2.524107e+00	2.400376e+00	1.642285e-02	8.582343e-01
2.902723e+00	2.543672e+00	1.454440e-02	9.079176e-01
3.338132e+00	2.662046e+00	1.314509e-02	9.684481e-01
3.838852e+00	2.776362e+00	1.168385e-02	1.042261e+00
4.414679e+00	2.853349e+00	1.037387e-02	1.132144e+00
5.076881e+00	2.912254e+00	9.277819e-03	1.241286e+00
5.838413e+00	2.955339e+00	8.176269e-03	1.373376e+00
6.714175e+00	2.969230e+00	7.280861e-03	1.532747e+00
7.721302e+00	2.974022e+00	6.465034e-03	1.724586e+00
8.879497e+00	2.957142e+00	5.750910e-03	1.955220e+00
1.021142e+01	2.927487e+00	5.121076e-03	2.232486e+00
1.174313e+01	2.886710e+00	4.530460e-03	2.566199e+00
1.350460e+01	2.830828e+00	4.027707e-03	2.968751e+00
1.553030e+01	2.765342e+00	3.601299e-03	3.455863e+00
1.785984e+01	2.687892e+00	3.209071e-03	4.047536e+00
2.053882e+01	2.601699e+00	2.815731e-03	4.769327e+00
2.361964e+01	2.504299e+00	2.519631e-03	5.653746e+00
2.716258e+01	2.400893e+00	2.207728e-03	6.742435e+00
3.123697e+01	2.534043e+00	1.970362e-03	8.090935e+00
3.592252e+01	2.363438e+00	1.752830e-03	9.787681e+00
4.131089e+01	2.188447e+00	1.532175e-03	1.191064e+01
4.750753e+01	2.015869e+00	1.369781e-03	1.458420e+01
5.463366e+01	1.854399e+00	1.196004e-03	1.796036e+01
6.282871e+01	1.710544e+00	1.058490e-03	2.220328e+01
7.225301e+01	1.569880e+00	9.306395e-04	2.753721e+01
8.309096e+01	1.435509e+00	8.208062e-04	3.428063e+01
9.555461e+01	1.309109e+00	7.307011e-04	4.283278e+01
1.098878e+02	1.191326e+00	6.395163e-04	5.370660e+01
1.263710e+02	1.080580e+00	5.681418e-04	6.757175e+01
1.453266e+02	9.771351e-01	5.000611e-04	8.530964e+01
1.671256e+02	8.818232e-01	4.468193e-04	1.080440e+02
1.921945e+02	7.955270e-01	3.929766e-04	1.371912e+02
2.210236e+02	7.161760e-01	3.449557e-04	1.745815e+02
2.541772e+02	6.436659e-01	3.053450e-04	2.226150e+02
2.923037e+02	5.781580e-01	2.664099e-04	2.843520e+02
3.361493e+02	5.188353e-01	2.377216e-04	3.637076e+02
3.865717e+02	4.652226e-01	2.081625e-04	4.657432e+02
4.445574e+02	4.169407e-01	1.824639e-04	5.969567e+02
5.112411e+02	3.736235e-01	1.608684e-04	7.656739e+02
5.879272e+02	3.347845e-01	1.397855e-04	9.825440e+02
6.761163e+02	3.000133e-01	1.226908e-04	1.261183e+03
7.775337e+02	2.689988e-01	1.075623e-04	1.618946e+03
8.941638e+02	2.413866e-01	9.446775e-05	2.077922e+03
1.028288e+03	2.168070e-01	8.293846e-05	2.666147e+03
1.182532e+03	1.949679e-01	7.245894e-05	3.419107e+03
1.359911e+03	1.756094e-01	0.000000e+00	4.381551e+03
1.563898e+03	1.584512e-01	0.000000e+00	5.609683e+03
1.798483e+03	1.432521e-01	0.000000e+00	7.173761e+03
2.068255e+03	1.298262e-01	0.000000e+00	9.161206e+03
2.378493e+03	1.179855e-01	0.000000e+00	1.168016e+04
2.735268e+03	1.075465e-01	0.000000e+00	1.486352e+04
3.145558e+03	9.836563e-02	0.000000e+00	1.887349e+04
3.617391e+03	9.031694e-02	0.000000e+00	2.390644e+04
4.160000e+03	8.327010e-02	0.000000e+00	3.019817e+04
4.784000e+03	7.711595e-02	0.000000e+00	3.802923e+04
5.501600e+03	7.176989e-02	0.000000e+00	4.773022e+04
6.326840e+03	6.714665e-02	0.000000e+00	5.968685e+04
7.275866e+03	6.316461e-02	0.000000e+00	7.434452e+04
8.367246e+03	5.976064e-02	0.000000e+00	9.221229e+04
9.622333e+03	5.687873e-02	0.000000e+00	1.138661e+05
