# Energy_MeV	dEdx_Elec_MeV_um	dEdx_Nucl_MeV_um	Range_um
1.000000e-05	7.501248e-03	6.726856e-02	2.666223e-03
1.150000e-05	8.044193e-03	7.411409e-02	2.859205e-03
1.322500e-05	8.626436e-03	8.153508e-02	3.066156e-03
1.520875e-05	9.250822e-03	8.954615e-02	3.288086e-03
1.749006e-05	9.920401e-03	9.811986e-02	3.526080e-03
2.011357e-05	1.063844e-02	1.076360e-01	3.781299e-03
2.313061e-05	1.140846e-02	1.180688e-01	4.054992e-03
2.660020e-05	1.223421e-02	1.293249e-01	4.348494e-03
3.059023e-05	6.598120e-03	1.414704e-01	4.663240e-03
3.517876e-05	7.140582e-03	1.546711e-01	5.000768e-03
4.045558e-05	7.721744e-03	1.687292e-01	5.362726e-03
4.652391e-05	8.344456e-03	1.838097e-01	5.750883e-03
5.350250e-05	9.011773e-03	2.000490e-01	6.167135e-03
6.152788e-05	9.726963e-03	2.175734e-01	6.613516e-03
7.075706e-05	1.049353e-02	2.365230e-01	7.092206e-03
8.137062e-05	1.131522e-02	2.557510e-01	7.605543e-03
9.357621e-05	1.219606e-02	2.766633e-01	8.156037e-03
1.076126e-04	1.314035e-02	3.000372e-01	8.746375e-03
1.237545e-04	1.415271e-02	3.238530e-01	9.379442e-03
1.423177e-04	1.523809e-02	3.497761e-01	1.005833e-02
1.636654e-04	1.640180e-02	3.754260e-01	1.078636e-02
1.882152e-04	1.764952e-02	4.031159e-01	1.156708e-02
2.164475e-04	1.898735e-02	4.338449e-01	1.240431e-02
2.489146e-04	2.042183e-02	4.643631e-01	1.330214e-02
2.862518e-04	2.195997e-02	4.973261e-01	1.426496e-02
3.291895e-04	2.360928e-02	5.303109e-01	1.529746e-02
3.785680e-04	2.537783e-02	5.652193e-01	1.640470e-02
4.353531e-04	2.727424e-02	6.011962e-01	1.759208e-02
5.006561e-04	2.930780e-02	6.361110e-01	1.886541e-02
5.757545e-04	3.148842e-02	6.739720e-01	2.023090e-02
6.621177e-04	3.382678e-02	7.108961e-01	2.169522e-02
7.614354e-04	3.633428e-02	7.481543e-01	2.326553e-02
8.756507e-04	3.902319e-02	7.837194e-01	2.494950e-02
1.006998e-03	4.190664e-02	8.213247e-01	2.675536e-02
1.158048e-03	4.499871e-02	8.596539e-01	2.869193e-02
1.331755e-03	4.831451e-02	8.968840e-01	3.076866e-02
1.531519e-03	5.187024e-02	9.318941e-01	3.299572e-02
1.761246e-03	5.568328e-02	9.645123e-01	3.538396e-02
2.025433e-03	5.977224e-02	9.978062e-01	3.794507e-02
2.329248e-03	6.415711e-02	1.030518e+00	4.069156e-02
2.678635e-03	6.885931e-02	1.061205e+00	4.363684e-02
3.080431e-03	7.390181e-02	1.089277e+00	4.679529e-02
3.542495e-03	7.930924e-02	1.116133e+00	5.018236e-02
4.073870e-03	8.510803e-02	1.139502e+00	5.381459e-02
4.684950e-03	9.132649e-02	1.160580e+00	5.768742e-02
5.387693e-03	9.799501e-02	1.179800e+00	6.187584e-02
6.195847e-03	1.051462e-01	1.197057e+00	6.636820e-02
7.125224e-03	1.128149e-01	1.212698e+00	7.117128e-02
8.194007e-03	1.210387e-01	1.223407e+00	7.632271e-02
9.423108e-03	1.298577e-01	1.232888e+00	8.184693e-02
1.083657e-02	1.393150e-01	1.242290e+00	8.777092e-02
1.246206e-02	1.494567e-01	1.247441e+00	9.412370e-02
1.433137e-02	1.603326e-01	1.250916e+00	1.009363e-01
1.648108e-02	1.719956e-01	1.249993e+00	1.082420e-01
1.895324e-02	1.845028e-01	1.247144e+00	1.160765e-01
2.179622e-02	1.979152e-01	1.242719e+00	1.244781e-01
2.506566e-02	2.122984e-01	1.234333e+00	1.334877e-01
2.882550e-02	2.277226e-01	1.223259e+00	1.431495e-01
3.314933e-02	2.442633e-01	1.208642e+00	1.535106e-01
3.812173e-02	2.620012e-01	1.191162e+00	1.646217e-01
4.383999e-02	2.810229e-01	1.170480e+00	1.765370e-01
5.041599e-02	3.014214e-01	1.146830e+00	1.893147e-01
5.797838e-02	3.232964e-01	1.119696e+00	2.030172e-01
6.667514e-02	3.467546e-01	1.090254e+00	2.177117e-01
7.667641e-02	3.719108e-01	1.058479e+00	2.334697e-01
8.817787e-02	3.988878e-01	1.024910e+00	2.503682e-01
1.014046e-01	4.278174e-01	9.878270e-01	2.684898e-01
1.166152e-01	4.588409e-01	9.485578e-01	2.879231e-01
1.341075e-01	4.921100e-01	9.077057e-01	3.087631e-01
1.542237e-01	5.277870e-01	8.669655e-01	3.311114e-01
1.773572e-01	5.660464e-01	8.262806e-01	3.550772e-01
2.039608e-01	6.070750e-01	7.830465e-01	3.807777e-01
2.345549e-01	6.510732e-01	7.391964e-01	4.083386e-01
2.697381e-01	6.982561e-01	6.953726e-01	4.378943e-01
3.101989e-01	7.488541e-01	6.529494e-01	4.695894e-01
3.567287e-01	8.031144e-01	6.100031e-01	5.035773e-01
4.102380e-01	8.613020e-01	5.698994e-01	5.400282e-01
4.717737e-01	9.237027e-01	5.313762e-01	5.791165e-01
5.425397e-01	9.906262e-01	4.933368e-01	6.212968e-01
6.239207e-01	1.062393e+00	4.567170e-01	6.669991e-01
7.175088e-01	1.139355e+00	4.202396e-01	7.165313e-01
8.251351e-01	1.221888e+00	3.902102e-01	7.702747e-01
9.489054e-01	1.310394e+00	3.599880e-01	8.286593e-01
1.091241e+00	1.405307e+00	3.277442e-01	8.921848e-01
1.254927e+00	1.511005e+00	3.043785e-01	9.614400e-01
1.443166e+00	1.633626e+00	2.833542e-01	1.037128e+00
1.659641e+00	1.785857e+00	2.615308e-01	1.077991e+00
1.908588e+00	1.956626e+00	2.364511e-01	1.084250e+00
2.194876e+00	2.145687e+00	2.086317e-01	1.088951e+00
2.524107e+00	2.353477e+00	1.875114e-01	1.092688e+00
2.902723e+00	2.587613e+00	1.681934e-01	1.096154e+00
3.338132e+00	2.844395e+00	1.522385e-01	1.100118e+00
3.838852e+00	3.130509e+00	1.369918e-01	1.105522e+00
4.414679e+00	3.447143e+00	1.231527e-01	1.113400e+00
5.076881e+00	3.770424e+00	1.114114e-01	1.124929e+00
5.838413e+00	4.128054e+00	9.975752e-02	1.141439e+00
6.714175e+00	4.521395e+00	8.969409e-02	1.164434e+00
7.721302e+00	4.935118e+00	8.073187e-02	1.195600e+00
8.879497e+00	5.369775e+00	7.300509e-02	1.236812e+00
1.021142e+01	5.777207e+00	6.532331e-02	1.290133e+00
1.174313e+01	6.199763e+00	5.816854e-02	1.357796e+00
1.350460e+01	6.566381e+00	5.170536e-02	1.442232e+00
1.553030e+01	6.922760e+00	4.635905e-02	1.546079e+00
1.785984e+01	7.277809e+00	4.164856e-02	1.672248e+00
2.053882e+01	7.546492e+00	3.708997e-02	1.824034e+00
2.361964e+01	7.806495e+00	3.291109e-02	2.005275e+00
2.716258e+01	8.002603e+00	2.913134e-02	2.220572e+00
3.123697e+01	8.163017e+00	2.593755e-02	2.475539e+00
3.592252e+01	8.304568e+00	2.290504e-02	2.777119e+00
4.131089e+01	8.366892e+00	2.040230e-02	3.133951e+00
4.750753e+01	8.404217e+00	1.820058e-02	3.556822e+00
5.463366e+01	8.377416e+00	1.616214e-02	4.059201e+00
6.282871e+01	8.336060e+00	1.435761e-02	4.657981e+00
7.225301e+01	8.281524e+00	1.264109e-02	5.374168e+00
8.309096e+01	8.163277e+00	1.138624e-02	6.234171e+00
9.555461e+01	8.631581e+00	1.016665e-02	7.273092e+00
1.098878e+02	8.264384e+00	8.904360e-03	8.550066e+00
1.263710e+02	7.863511e+00	7.887303e-03	1.010788e+01
1.453266e+02	7.445976e+00	6.934515e-03	1.202181e+01
1.671256e+02	7.035004e+00	6.224206e-03	1.438042e+01
1.921945e+02	6.658093e+00	5.538547e-03	1.727167e+01
2.210236e+02	6.264198e+00	4.844543e-03	2.081959e+01
2.541772e+02	5.872643e+00	4.277205e-03	2.520572e+01
2.923037e+02	5.490323e+00	3.758108e-03	3.065292e+01
3.361493e+02	5.122288e+00	3.326588e-03	3.744522e+01
3.865717e+02	4.763306e+00	2.933083e-03	4.595252e+01
4.445574e+02	4.411053e+00	2.583963e-03	5.666152e+01
5.112411e+02	4.071638e+00	2.295641e-03	7.018889e+01
5.879272e+02	3.752163e+00	2.017851e-03	8.730831e+01
6.761163e+02	3.445599e+00	1.780894e-03	1.090219e+02
7.775337e+02	3.154155e+00	1.580098e-03	1.366507e+02
8.941638e+02	2.881028e+00	1.408155e-03	1.718810e+02
1.028288e+03	2.624994e+00	1.239190e-03	2.168773e+02
1.182532e+03	2.385868e+00	1.086571e-03	2.744493e+02
1.359911e+03	2.163384e+00	9.500757e-04	3.482172e+02
1.563898e+03	1.957584e+00	8.416772e-04	4.428341e+02
1.798483e+03	1.768415e+00	7.462389e-04	5.642678e+02
2.068255e+03	1.595814e+00	6.548763e-04	7.201655e+02
2.378493e+03	1.439484e+00	5.733142e-04	9.202899e+02
2.735268e+03	1.298232e+00	4.998537e-04	1.177077e+03
3.145558e+03	1.170398e+00	4.395756e-04	1.506321e+03
3.617391e+03	1.055456e+00	3.820759e-04	1.928008e+03
4.160000e+03	9.529750e-01	3.361323e-04	2.467338e+03
4.784000e+03	8.615385e-01	2.964069e-04	3.155942e+03
5.501600e+03	7.799708e-01	2.594764e-04	4.033345e+03
6.326840e+03	7.076619e-01	2.275983e-04	5.148696e+03
7.275866e+03	6.437357e-01	1.974942e-04	6.562773e+03
8.367246e+03	5.871644e-01	1.759929e-04	8.350246e+03
9.622333e+03	5.373411e-01	1.552015e-04	1.060222e+04
