# Energy_MeV	dEdx_Elec_MeV_um	dEdx_Nucl_MeV_um	Range_um
1.000000e-05	5.915877e-03	6.544969e-02	3.380733e-03
1.150000e-05	6.344072e-03	7.170968e-02	3.625432e-03
1.322500e-05	6.803259e-03	7.832259e-02	3.887843e-03
1.520875e-05	7.295682e-03	8.552201e-02	4.169247e-03
1.749006e-05	7.823748e-03	9.325062e-02	4.471019e-03
2.011357e-05	8.390035e-03	1.014561e-01	4.794634e-03
2.313061e-05	8.997310e-03	1.104653e-01	5.141672e-03
2.660020e-05	9.648540e-03	1.199830e-01	5.513829e-03
3.059023e-05	1.034691e-02	1.299448e-01	5.912923e-03
3.517876e-05	1.109582e-02	1.406040e-01	6.340903e-03
4.045558e-05	1.189894e-02	1.523737e-01	6.799861e-03
4.652391e-05	1.276019e-02	1.645519e-01	7.292039e-03
5.350250e-05	6.857820e-03	1.778513e-01	7.819840e-03
6.152788e-05	7.390495e-03	1.911252e-01	8.385844e-03
7.075706e-05	7.961553e-03	2.053248e-01	8.992816e-03
8.137062e-05	8.573787e-03	2.208492e-01	9.643721e-03
9.357621e-05	9.230190e-03	2.365082e-01	1.034174e-02
1.076126e-04	9.933970e-03	2.535338e-01	1.109028e-02
1.237545e-04	1.068857e-02	2.705436e-01	1.189300e-02
1.423177e-04	1.149767e-02	2.887711e-01	1.275382e-02
1.636654e-04	1.236522e-02	3.070033e-01	1.367695e-02
1.882152e-04	1.329548e-02	3.252572e-01	1.466689e-02
2.164475e-04	1.429298e-02	3.447362e-01	1.572849e-02
2.489146e-04	1.536259e-02	3.638397e-01	1.686693e-02
2.862518e-04	1.650955e-02	3.838613e-01	1.808777e-02
3.291895e-04	1.773945e-02	4.020395e-01	1.939697e-02
3.785680e-04	1.905830e-02	4.216412e-01	2.080093e-02
4.353531e-04	2.047256e-02	4.417417e-01	2.230651e-02
5.006561e-04	2.198912e-02	4.607556e-01	2.392107e-02
5.757545e-04	2.361539e-02	4.801430e-01	2.565249e-02
6.621177e-04	2.535933e-02	4.966982e-01	2.750923e-02
7.614354e-04	2.722945e-02	5.143399e-01	2.950036e-02
8.756507e-04	2.923489e-02	5.316907e-01	3.163562e-02
1.006998e-03	3.138544e-02	5.475249e-01	3.392542e-02
1.158048e-03	3.369162e-02	5.631714e-01	3.638096e-02
1.331755e-03	3.616468e-02	5.768195e-01	3.901423e-02
1.531519e-03	3.881671e-02	5.896697e-01	4.183810e-02
1.761246e-03	4.166067e-02	6.012683e-01	4.486637e-02
2.025433e-03	4.471045e-02	6.114125e-01	4.811382e-02
2.329248e-03	4.798095e-02	6.210378e-01	5.159632e-02
2.678635e-03	5.148815e-02	6.291348e-01	5.533089e-02
3.080431e-03	5.524917e-02	6.355207e-01	5.930684e-02
3.542495e-03	5.928240e-02	6.408324e-01	6.362610e-02
4.073870e-03	6.360754e-02	6.457657e-01	6.823770e-02
4.684950e-03	6.824571e-02	6.488591e-01	7.317690e-02
5.387693e-03	7.321959e-02	6.512704e-01	7.847317e-02
6.195847e-03	7.855346e-02	6.513679e-01	8.415305e-02
7.125224e-03	8.427338e-02	6.503604e-01	9.024393e-02
8.194007e-03	9.040730e-02	6.483791e-01	9.677571e-02
9.423108e-03	9.698518e-02	6.444615e-01	1.037803e-01
1.083657e-02	1.040392e-01	6.393529e-01	1.112919e-01
1.246206e-02	1.116037e-01	6.322809e-01	1.193471e-01
1.433137e-02	1.197158e-01	6.237280e-01	1.279853e-01
1.648108e-02	1.284150e-01	6.134851e-01	1.372489e-01
1.895324e-02	1.377438e-01	6.017042e-01	1.471829e-01
2.179622e-02	1.477479e-01	5.881436e-01	1.578360e-01
2.506566e-02	1.584761e-01	5.733024e-01	1.692601e-01
2.882550e-02	1.699807e-01	5.569030e-01	1.815111e-01
3.314933e-02	1.823181e-01	5.399809e-01	1.946489e-01
3.812173e-02	1.955484e-01	5.211144e-01	2.087376e-01
4.383999e-02	2.097364e-01	5.008988e-01	2.238460e-01
5.041599e-02	2.249513e-01	4.801753e-01	2.400479e-01
5.797838e-02	2.412674e-01	4.584636e-01	2.574226e-01
6.667514e-02	2.587646e-01	4.378405e-01	2.760549e-01
7.667641e-02	2.775281e-01	4.154520e-01	2.960358e-01
8.817787e-02	2.976498e-01	3.925791e-01	3.174629e-01
1.014046e-01	3.192279e-01	3.700944e-01	3.404408e-01
1.166152e-01	3.423678e-01	3.472887e-01	3.650820e-01
1.341075e-01	3.671826e-01	3.254953e-01	3.915068e-01
1.542237e-01	3.937935e-01	3.041482e-01	4.198442e-01
1.773572e-01	4.223305e-01	2.835162e-01	4.502324e-01
2.039608e-01	4.529330e-01	2.637669e-01	4.828204e-01
2.345549e-01	4.857506e-01	2.441540e-01	5.177678e-01
2.697381e-01	5.209435e-01	2.254637e-01	5.552382e-01
3.101989e-01	5.586858e-01	2.089612e-01	5.954680e-01
3.567287e-01	5.991622e-01	1.928804e-01	6.389695e-01
4.102380e-01	6.425682e-01	1.762807e-01	6.861000e-01
4.717737e-01	6.891160e-01	1.635562e-01	7.372010e-01
5.425397e-01	7.390331e-01	1.513844e-01	7.926631e-01
6.239207e-01	7.925509e-01	1.400941e-01	8.294119e-01
7.175088e-01	8.499361e-01	1.276056e-01	8.548206e-01
8.251351e-01	9.152717e-01	1.132437e-01	8.789106e-01
9.489054e-01	9.942397e-01	1.020486e-01	9.017382e-01
1.091241e+00	1.093403e+00	9.102311e-02	9.234249e-01
1.254927e+00	1.204773e+00	8.241458e-02	9.441780e-01
1.443166e+00	1.331328e+00	7.399448e-02	9.643080e-01
1.659641e+00	1.471268e+00	6.658207e-02	9.842430e-01
1.908588e+00	1.628524e+00	6.029014e-02	1.004544e+00
2.194876e+00	1.803095e+00	5.398334e-02	1.025923e+00
2.524107e+00	1.990546e+00	4.868884e-02	1.049266e+00
2.902723e+00	2.197983e+00	4.355386e-02	1.075654e+00
3.338132e+00	2.403743e+00	3.947001e-02	1.106385e+00
3.838852e+00	2.627998e+00	3.536820e-02	1.143017e+00
4.414679e+00	2.869364e+00	3.151679e-02	1.187391e+00
5.076881e+00	3.097470e+00	2.811309e-02	1.241651e+00
5.838413e+00	3.335122e+00	2.502144e-02	1.308275e+00
6.714175e+00	3.540587e+00	2.257781e-02	1.390079e+00
7.721302e+00	3.727033e+00	2.011760e-02	1.490245e+00
8.879497e+00	3.888971e+00	1.786345e-02	1.612352e+00
1.021142e+01	4.000318e+00	1.585907e-02	1.760441e+00
1.174313e+01	4.101345e+00	1.404728e-02	1.939133e+00
1.350460e+01	4.162409e+00	1.248463e-02	2.153829e+00
1.553030e+01	4.200428e+00	1.109920e-02	2.410968e+00
1.785984e+01	4.217375e+00	9.870803e-03	2.718390e+00
2.053882e+01	4.201313e+00	8.784006e-03	3.085783e+00
2.361964e+01	4.172693e+00	7.790721e-03	3.525248e+00
2.716258e+01	4.120346e+00	6.894886e-03	4.051995e+00
3.123697e+01	4.049007e+00	6.180847e-03	4.685221e+00
3.592252e+01	3.959690e+00	5.513927e-03	5.449197e+00
4.131089e+01	3.856345e+00	4.850010e-03	6.374695e+00
4.750753e+01	3.738351e+00	4.317205e-03	7.501021e+00
5.463366e+01	3.604582e+00	3.779396e-03	8.876128e+00
6.282871e+01	3.903325e+00	3.387942e-03	1.057440e+01
7.225301e+01	3.666679e+00	3.009314e-03	1.269492e+01
8.309096e+01	3.416593e+00	2.635822e-03	1.532378e+01
9.555461e+01	3.169566e+00	2.344951e-03	1.861718e+01
1.098878e+02	2.945746e+00	2.047013e-03	2.273938e+01
1.263710e+02	2.734671e+00	1.817795e-03	2.787342e+01
1.453266e+02	2.525937e+00	1.595872e-03	3.429587e+01
1.671256e+02	2.325385e+00	1.405428e-03	4.237139e+01
1.921945e+02	2.134845e+00	1.251644e-03	5.256350e+01
2.210236e+02	1.955702e+00	1.097776e-03	6.546646e+01
2.541772e+02	1.784129e+00	9.746181e-04	8.186379e+01
2.923037e+02	1.622649e+00	8.572474e-04	1.027785e+02
3.361493e+02	1.472955e+00	7.653762e-04	1.295059e+02
3.865717e+02	1.334991e+00	6.751267e-04	1.636849e+02
4.445574e+02	1.206982e+00	5.924273e-04	2.074621e+02
5.112411e+02	1.089034e+00	5.195597e-04	2.636285e+02
5.879272e+02	9.815735e-01	4.565177e-04	3.357463e+02
6.761163e+02	8.834189e-01	4.064811e-04	4.283908e+02
7.775337e+02	7.940755e-01	3.571821e-04	5.474819e+02
8.941638e+02	7.131578e-01	3.129874e-04	7.006152e+02
1.028288e+03	6.401338e-01	2.735141e-04	8.975185e+02
1.182532e+03	5.743271e-01	2.392921e-04	1.150641e+03
1.359911e+03	5.152566e-01	2.094453e-04	1.475885e+03
1.563898e+03	4.624936e-01	1.839418e-04	1.893505e+03
1.798483e+03	4.154038e-01	1.615490e-04	2.429256e+03
2.068255e+03	3.733684e-01	1.417628e-04	3.115794e+03
2.378493e+03	3.360056e-01	1.241710e-04	3.994398e+03
2.735268e+03	3.028834e-01	1.081967e-04	5.117057e+03
3.145558e+03	2.734964e-01	9.604260e-05	6.548967e+03
3.617391e+03	2.474581e-01	8.457208e-05	8.371513e+03
4.160000e+03	2.244754e-01	0.000000e+00	1.068580e+04
4.784000e+03	2.042060e-01	0.000000e+00	1.361667e+04
5.501600e+03	1.863365e-01	0.000000e+00	1.731725e+04
6.326840e+03	1.706411e-01	0.000000e+00	2.197397e+04
7.275866e+03	1.568930e-01	0.000000e+00	2.781204e+04
8.367246e+03	1.448511e-01	0.000000e+00	3.510119e+04
9.622333e+03	1.343418e-01	0.000000e+00	4.416144e+04
