# Energy_MeV	dEdx_Elec_MeV_um	dEdx_Nucl_MeV_um	Range_um
1.000000e-05	9.721093e-03	4.754859e-02	2.057382e-03
1.150000e-05	1.042471e-02	5.267798e-02	2.206296e-03
1.322500e-05	1.117926e-02	5.844392e-02	2.365989e-03
1.520875e-05	1.198842e-02	6.474881e-02	2.537241e-03
1.749006e-05	1.285615e-02	7.196930e-02	2.720888e-03
2.011357e-05	1.378668e-02	7.984033e-02	2.917827e-03
2.313061e-05	1.478457e-02	8.848443e-02	3.129021e-03
2.660020e-05	1.585468e-02	9.802047e-02	3.355501e-03
3.059023e-05	1.700225e-02	1.085122e-01	3.598374e-03
3.517876e-05	1.823288e-02	1.200442e-01	3.858826e-03
4.045558e-05	1.955259e-02	1.325674e-01	4.138130e-03
4.652391e-05	2.096782e-02	1.464788e-01	4.437650e-03
5.350250e-05	2.248548e-02	1.617517e-01	4.758849e-03
6.152788e-05	2.411299e-02	1.784420e-01	5.103297e-03
7.075706e-05	2.585830e-02	1.960728e-01	5.472677e-03
8.137062e-05	2.772994e-02	2.158802e-01	5.868792e-03
9.357621e-05	2.973705e-02	2.381910e-01	6.293578e-03
1.076126e-04	3.188943e-02	2.617142e-01	6.749111e-03
1.237545e-04	3.419760e-02	2.877918e-01	7.237615e-03
1.423177e-04	3.667284e-02	3.149464e-01	7.761477e-03
1.636654e-04	3.932724e-02	3.453716e-01	8.323257e-03
1.882152e-04	4.217377e-02	3.794344e-01	8.925699e-03
2.164475e-04	4.522633e-02	4.150193e-01	9.571746e-03
2.489146e-04	4.849983e-02	4.544450e-01	1.026455e-02
2.862518e-04	5.201028e-02	4.963343e-01	1.100751e-02
3.291895e-04	5.577481e-02	5.418227e-01	1.180424e-02
3.785680e-04	5.981182e-02	5.903123e-01	1.265863e-02
4.353531e-04	6.414103e-02	6.417670e-01	1.357487e-02
5.006561e-04	6.878359e-02	6.987731e-01	1.455743e-02
5.757545e-04	7.376219e-02	7.587624e-01	1.561110e-02
6.621177e-04	7.910113e-02	8.214635e-01	1.674104e-02
7.614354e-04	8.482651e-02	8.871629e-01	1.795277e-02
8.756507e-04	9.096630e-02	9.621718e-01	1.925220e-02
1.006998e-03	9.755049e-02	1.039909e+00	2.064568e-02
1.158048e-03	1.046112e-01	1.121514e+00	2.214003e-02
1.331755e-03	1.121831e-01	1.205663e+00	2.374254e-02
1.531519e-03	1.203029e-01	1.292167e+00	2.546103e-02
1.761246e-03	1.290105e-01	1.390807e+00	2.730392e-02
2.025433e-03	1.383484e-01	1.490460e+00	2.928019e-02
2.329248e-03	1.483621e-01	1.594021e+00	3.139950e-02
2.678635e-03	1.591006e-01	1.701655e+00	3.367222e-02
3.080431e-03	1.706164e-01	1.813209e+00	3.610943e-02
3.542495e-03	1.829657e-01	1.927062e+00	3.872305e-02
4.073870e-03	1.962089e-01	2.039755e+00	4.152584e-02
4.684950e-03	2.104106e-01	2.159111e+00	4.453151e-02
5.387693e-03	2.256402e-01	2.279700e+00	4.775472e-02
6.195847e-03	2.419722e-01	2.400261e+00	5.121123e-02
7.125224e-03	2.594862e-01	2.510667e+00	5.491793e-02
8.194007e-03	2.782680e-01	2.629775e+00	5.889292e-02
9.423108e-03	2.984092e-01	2.757835e+00	6.315562e-02
1.083657e-02	3.200082e-01	2.871843e+00	6.772686e-02
1.246206e-02	3.431706e-01	2.988412e+00	7.262896e-02
1.433137e-02	3.680094e-01	3.087694e+00	7.784776e-02
1.648108e-02	3.946461e-01	3.192820e+00	8.351734e-02
1.895324e-02	4.232108e-01	3.303033e+00	8.957084e-02
2.179622e-02	4.538431e-01	3.395379e+00	9.605417e-02
2.506566e-02	4.866925e-01	3.488392e+00	1.030062e-01
2.882550e-02	5.219195e-01	3.570259e+00	1.104618e-01
3.314933e-02	5.596963e-01	3.646693e+00	1.184569e-01
3.812173e-02	6.002074e-01	3.713724e+00	1.270307e-01
4.383999e-02	6.436508e-01	3.771818e+00	1.362251e-01
5.041599e-02	6.902386e-01	3.829637e+00	1.460850e-01
5.797838e-02	7.401984e-01	3.876258e+00	1.566585e-01
6.667514e-02	7.937744e-01	3.912352e+00	1.679973e-01
7.667641e-02	8.512282e-01	3.939280e+00	1.801569e-01
8.817787e-02	9.128405e-01	3.969094e+00	1.931967e-01
1.014046e-01	9.789124e-01	3.987294e+00	2.071802e-01
1.166152e-01	1.049767e+00	3.995747e+00	2.221758e-01
1.341075e-01	1.125749e+00	3.994216e+00	2.382568e-01
1.542237e-01	1.207232e+00	3.982473e+00	2.555019e-01
1.773572e-01	1.294612e+00	3.968218e+00	2.739951e-01
2.039608e-01	1.388316e+00	3.941876e+00	2.938269e-01
2.345549e-01	1.488803e+00	3.904841e+00	3.150940e-01
2.697381e-01	1.596564e+00	3.858184e+00	3.379005e-01
3.101989e-01	1.712124e+00	3.801266e+00	3.623578e-01
3.567287e-01	1.836048e+00	3.734521e+00	3.885854e-01
4.102380e-01	1.968942e+00	3.658309e+00	4.167112e-01
4.717737e-01	2.111456e+00	3.571159e+00	4.468727e-01
5.425397e-01	2.264284e+00	3.475934e+00	4.792174e-01
6.239207e-01	2.428174e+00	3.372598e+00	5.139034e-01
7.175088e-01	2.603926e+00	3.266622e+00	5.510999e-01
8.251351e-01	2.792400e+00	3.148078e+00	5.909884e-01
9.489054e-01	2.994515e+00	3.018468e+00	6.337644e-01
1.091241e+00	3.211260e+00	2.891047e+00	6.796372e-01
1.254927e+00	3.443693e+00	2.756113e+00	7.288222e-01
1.443166e+00	3.676350e+00	2.630317e+00	7.816282e-01
1.659641e+00	3.904075e+00	2.492670e+00	8.387276e-01
1.908588e+00	4.142838e+00	2.346457e+00	9.005903e-01
2.194876e+00	4.392088e+00	2.212176e+00	9.676644e-01
2.524107e+00	4.650830e+00	2.072090e+00	1.040463e+00
2.902723e+00	4.917479e+00	1.939397e+00	1.119581e+00
3.338132e+00	5.189694e+00	1.808793e+00	1.205711e+00
3.838852e+00	5.464181e+00	1.684949e+00	1.299674e+00
4.414679e+00	5.736497e+00	1.567951e+00	1.402449e+00
5.076881e+00	6.000880e+00	1.446529e+00	1.515228e+00
5.838413e+00	3.237627e+00	1.334740e+00	1.639474e+00
6.714175e+00	3.565899e+00	1.235455e+00	1.777016e+00
7.721302e+00	3.917072e+00	1.143629e+00	1.930150e+00
8.879497e+00	4.309127e+00	1.039661e+00	2.101795e+00
1.021142e+01	4.739838e+00	9.619264e-01	2.295690e+00
1.174313e+01	5.199698e+00	9.001379e-01	2.516646e+00
1.350460e+01	5.707142e+00	8.306907e-01	2.770890e+00
1.553030e+01	6.206141e+00	7.509966e-01	3.066499e+00
1.785984e+01	6.768054e+00	6.593484e-01	2.889750e+00
2.053882e+01	7.398456e+00	5.906522e-01	2.728799e+00
2.361964e+01	8.041856e+00	5.327437e-01	2.606085e+00
2.716258e+01	8.748419e+00	4.806787e-01	2.518804e+00
3.123697e+01	9.493286e+00	4.326807e-01	2.464848e+00
3.592252e+01	1.031304e+01	3.890756e-01	2.442668e+00
4.131089e+01	1.121661e+01	3.524928e-01	2.451186e+00
4.750753e+01	1.220003e+01	3.157688e-01	2.489687e+00
5.463366e+01	1.329617e+01	2.832951e-01	2.558049e+00
6.282871e+01	1.445555e+01	2.542614e-01	2.656561e+00
7.225301e+01	1.566404e+01	2.311905e-01	2.786147e+00
8.309096e+01	1.694872e+01	2.070711e-01	2.948471e+00
9.555461e+01	1.813977e+01	1.827014e-01	3.146074e+00
1.098878e+02	1.937460e+01	1.637407e-01	3.382519e+00
1.263710e+02	2.048120e+01	1.456361e-01	3.662555e+00
1.453266e+02	2.141049e+01	1.318547e-01	3.992284e+00
1.671256e+02	2.225160e+01	1.175067e-01	4.379400e+00
1.921945e+02	2.309028e+01	1.032522e-01	4.833490e+00
2.210236e+02	2.389895e+01	9.225178e-02	5.366537e+00
2.541772e+02	2.448822e+01	8.154734e-02	5.991889e+00
2.923037e+02	2.791565e+01	7.248661e-02	6.734550e+00
3.361493e+02	2.778726e+01	6.432510e-02	7.626460e+00
3.865717e+02	2.747717e+01	5.728263e-02	8.681951e+00
4.445574e+02	2.699724e+01	5.118996e-02	9.946069e+00
5.112411e+02	2.650112e+01	4.514242e-02	1.145404e+01
5.879272e+02	2.589615e+01	4.001548e-02	1.323758e+01
6.761163e+02	2.514596e+01	3.585427e-02	1.535829e+01
7.775337e+02	2.435662e+01	3.220759e-02	1.789632e+01
8.941638e+02	2.354825e+01	2.808821e-02	2.094805e+01
1.028288e+03	2.277190e+01	2.484281e-02	2.463225e+01
1.182532e+03	2.195629e+01	2.192818e-02	2.910357e+01
1.359911e+03	2.108808e+01	1.958299e-02	3.455911e+01
1.563898e+03	2.019944e+01	1.754604e-02	4.123745e+01
1.798483e+03	1.930126e+01	1.524293e-02	4.942999e+01
2.068255e+03	1.837783e+01	1.348335e-02	5.951707e+01
2.378493e+03	1.744232e+01	1.186453e-02	7.198824e+01
2.735268e+03	1.651059e+01	1.047761e-02	8.745642e+01
3.145558e+03	1.557550e+01	9.231855e-03	1.067014e+02
3.617391e+03	1.464377e+01	8.128391e-03	1.307288e+02
4.160000e+03	1.372061e+01	7.248980e-03	1.608222e+02
4.784000e+03	1.281388e+01	6.362094e-03	1.986206e+02
5.501600e+03	1.193344e+01	5.615624e-03	2.462205e+02
6.326840e+03	1.108622e+01	4.960291e-03	3.063026e+02
7.275866e+03	1.027410e+01	4.453868e-03	3.822883e+02
8.367246e+03	9.499696e+00	3.923027e-03	4.785423e+02
9.622333e+03	8.766417e+00	3.400236e-03	6.006196e+02
