# Energy_MeV	dEdx_Elec_MeV_um	dEdx_Nucl_MeV_um	Range_um
1.000000e-05	7.980150e-03	5.442613e-02	2.506218e-03
1.150000e-05	8.557758e-03	6.031042e-02	2.687620e-03
1.322500e-05	9.177173e-03	6.677927e-02	2.882151e-03
1.520875e-05	9.841422e-03	7.387265e-02	3.090763e-03
1.749006e-05	1.055375e-02	8.161232e-02	3.314474e-03
2.011357e-05	1.131763e-02	9.014525e-02	3.554377e-03
2.313061e-05	1.213681e-02	9.958144e-02	3.811645e-03
2.660020e-05	1.301528e-02	1.099236e-01	4.087534e-03
3.059023e-05	1.395733e-02	1.208165e-01	4.383392e-03
3.517876e-05	1.496757e-02	1.329360e-01	4.700664e-03
4.045558e-05	1.605093e-02	1.467186e-01	5.040900e-03
4.652391e-05	1.721271e-02	1.612707e-01	5.405763e-03
5.350250e-05	1.845857e-02	1.773907e-01	5.797035e-03
6.152788e-05	1.979461e-02	1.942145e-01	6.216628e-03
7.075706e-05	2.122736e-02	2.128241e-01	6.666591e-03
8.137062e-05	2.276381e-02	2.338909e-01	7.149122e-03
9.357621e-05	2.441146e-02	2.559385e-01	7.666579e-03
1.076126e-04	2.617838e-02	2.802620e-01	8.221491e-03
1.237545e-04	2.807318e-02	3.061573e-01	8.816566e-03
1.423177e-04	3.010513e-02	3.342000e-01	9.454714e-03
1.636654e-04	3.228416e-02	3.643398e-01	1.013905e-02
1.882152e-04	3.462090e-02	3.961615e-01	1.087292e-02
2.164475e-04	3.712678e-02	4.313709e-01	1.165991e-02
2.489146e-04	3.981404e-02	4.685074e-01	1.250386e-02
2.862518e-04	4.269580e-02	5.074996e-01	1.340890e-02
3.291895e-04	4.578615e-02	5.481814e-01	1.437944e-02
3.785680e-04	4.910017e-02	5.941020e-01	1.542023e-02
4.353531e-04	5.265407e-02	6.427748e-01	1.653635e-02
5.006561e-04	5.646520e-02	6.931324e-01	1.773326e-02
5.757545e-04	6.055218e-02	7.458988e-01	1.901681e-02
6.621177e-04	6.493498e-02	7.995086e-01	2.039325e-02
7.614354e-04	6.963500e-02	8.599261e-01	2.186933e-02
8.756507e-04	7.467522e-02	9.227300e-01	2.345224e-02
1.006998e-03	8.008025e-02	9.866092e-01	2.514973e-02
1.158048e-03	8.587651e-02	1.054019e+00	2.697008e-02
1.331755e-03	9.209229e-02	1.123733e+00	2.892219e-02
1.531519e-03	9.875798e-02	1.194450e+00	3.101559e-02
1.761246e-03	1.059061e-01	1.265279e+00	3.326051e-02
2.025433e-03	1.135717e-01	1.338859e+00	3.566793e-02
2.329248e-03	1.217921e-01	1.414937e+00	3.824959e-02
2.678635e-03	1.306074e-01	1.491117e+00	4.101812e-02
3.080431e-03	1.400609e-01	1.560924e+00	4.398703e-02
3.542495e-03	1.501985e-01	1.633827e+00	4.717084e-02
4.073870e-03	1.610700e-01	1.714395e+00	5.058509e-02
4.684950e-03	1.727283e-01	1.786844e+00	5.424646e-02
5.387693e-03	1.852305e-01	1.860367e+00	5.817285e-02
6.195847e-03	1.986376e-01	1.923982e+00	6.238343e-02
7.125224e-03	2.130151e-01	1.988326e+00	6.689877e-02
8.194007e-03	2.284332e-01	2.058096e+00	7.174094e-02
9.423108e-03	2.449673e-01	2.117445e+00	7.693359e-02
1.083657e-02	2.626982e-01	2.176000e+00	8.247388e-02
1.246206e-02	2.817124e-01	2.228202e+00	8.847512e-02
1.433137e-02	3.021029e-01	2.276555e+00	9.487904e-02
1.648108e-02	3.239693e-01	2.319922e+00	1.017472e-01
1.895324e-02	3.474184e-01	2.357123e+00	1.091113e-01
2.179622e-02	3.725647e-01	2.393806e+00	1.170087e-01
2.506566e-02	3.995311e-01	2.424005e+00	1.254776e-01
2.882550e-02	4.284494e-01	2.447911e+00	1.345596e-01
3.314933e-02	4.594608e-01	2.465460e+00	1.442990e-01
3.812173e-02	4.927168e-01	2.483861e+00	1.547432e-01
4.383999e-02	5.283799e-01	2.497191e+00	1.659434e-01
5.041599e-02	5.666243e-01	2.502990e+00	1.779543e-01
5.797838e-02	6.076369e-01	2.503663e+00	1.908346e-01
6.667514e-02	6.516180e-01	2.497108e+00	2.046472e-01
7.667641e-02	6.987824e-01	2.488527e+00	2.194595e-01
8.817787e-02	7.493607e-01	2.473704e+00	2.353438e-01
1.014046e-01	8.035998e-01	2.451436e+00	2.523780e-01
1.166152e-01	8.617648e-01	2.423532e+00	2.706452e-01
1.341075e-01	9.241398e-01	2.388974e+00	2.902345e-01
1.542237e-01	9.910295e-01	2.348307e+00	3.112415e-01
1.773572e-01	1.062761e+00	2.301620e+00	3.337692e-01
2.039608e-01	1.139684e+00	2.248327e+00	3.579275e-01
2.345549e-01	1.222175e+00	2.189449e+00	3.838343e-01
2.697381e-01	1.310636e+00	2.125297e+00	4.116163e-01
3.101989e-01	1.405501e+00	2.059435e+00	4.414090e-01
3.567287e-01	1.507232e+00	1.986943e+00	4.733582e-01
4.102380e-01	1.616326e+00	1.906259e+00	5.076201e-01
4.717737e-01	1.733317e+00	1.826542e+00	5.443618e-01
5.425397e-01	1.858775e+00	1.742124e+00	5.837628e-01
6.239207e-01	1.993314e+00	1.662746e+00	6.260155e-01
7.175088e-01	2.137591e+00	1.578511e+00	6.713265e-01
8.251351e-01	2.292311e+00	1.486802e+00	7.199201e-01
9.489054e-01	2.458230e+00	1.401809e+00	7.720145e-01
1.091241e+00	2.620619e+00	1.314222e+00	8.279929e-01
1.254927e+00	2.782674e+00	1.230658e+00	8.885719e-01
1.443166e+00	2.952485e+00	1.148572e+00	9.542018e-01
1.659641e+00	3.129624e+00	1.070035e+00	1.025373e+00
1.908588e+00	3.313332e+00	9.962017e-01	1.102631e+00
2.194876e+00	1.768391e+00	9.200657e-01	1.186616e+00
2.524107e+00	1.897454e+00	8.493216e-01	1.278070e+00
2.902723e+00	2.049311e+00	7.852487e-01	1.377876e+00
3.338132e+00	2.230080e+00	7.276819e-01	1.487089e+00
3.838852e+00	2.445250e+00	6.638361e-01	1.606997e+00
4.414679e+00	2.676623e+00	6.109992e-01	1.739185e+00
5.076881e+00	2.934869e+00	5.716944e-01	1.885633e+00
5.838413e+00	3.211181e+00	5.287920e-01	2.048835e+00
6.714175e+00	3.514873e+00	4.800802e-01	2.161544e+00
7.721302e+00	3.850897e+00	4.240617e-01	2.097395e+00
8.879497e+00	4.206419e+00	3.776342e-01	2.040399e+00
1.021142e+01	4.600473e+00	3.409811e-01	1.992112e+00
1.174313e+01	5.017570e+00	3.070107e-01	1.954099e+00
1.350460e+01	5.489586e+00	2.764665e-01	1.927959e+00
1.553030e+01	6.026754e+00	2.487631e-01	1.915365e+00
1.785984e+01	6.597263e+00	2.251128e-01	1.918011e+00
2.053882e+01	7.230029e+00	2.023097e-01	1.937807e+00
2.361964e+01	7.906075e+00	1.811887e-01	1.976649e+00
2.716258e+01	8.608004e+00	1.624658e-01	2.036517e+00
3.123697e+01	9.371307e+00	1.474325e-01	2.119475e+00
3.592252e+01	1.012888e+01	1.326534e-01	2.227718e+00
4.131089e+01	1.092338e+01	1.171207e-01	2.363662e+00
4.750753e+01	1.168778e+01	1.047477e-01	2.530096e+00
5.463366e+01	1.237862e+01	9.319007e-02	2.730354e+00
6.282871e+01	1.307573e+01	8.415534e-02	2.968546e+00
7.225301e+01	1.364241e+01	7.535497e-02	3.249818e+00
8.309096e+01	1.418726e+01	6.626025e-02	3.580604e+00
9.555461e+01	1.465122e+01	5.906251e-02	3.968948e+00
1.098878e+02	1.494750e+01	5.228116e-02	4.424870e+00
1.263710e+02	1.520361e+01	4.645725e-02	4.960802e+00
1.453266e+02	1.544308e+01	4.122783e-02	5.592085e+00
1.671256e+02	1.561557e+01	3.670034e-02	6.338145e+00
1.921945e+02	1.569006e+01	3.278638e-02	7.220617e+00
2.210236e+02	1.708085e+01	2.895918e-02	8.280849e+00
2.541772e+02	1.665458e+01	2.566470e-02	9.563134e+00
2.923037e+02	1.615543e+01	2.291460e-02	1.109996e+01
3.361493e+02	1.557352e+01	2.062397e-02	1.296341e+01
3.865717e+02	1.504448e+01	1.808958e-02	1.521404e+01
4.445574e+02	1.446505e+01	1.592763e-02	1.791546e+01
5.112411e+02	1.383756e+01	1.409766e-02	2.118108e+01
5.879272e+02	1.320444e+01	1.252432e-02	2.515139e+01
6.761163e+02	1.257510e+01	1.124328e-02	3.000147e+01
7.775337e+02	1.196524e+01	9.824932e-03	3.595127e+01
8.941638e+02	1.133818e+01	8.645668e-03	4.329008e+01
1.028288e+03	1.070435e+01	7.632948e-03	5.238785e+01
1.182532e+03	1.008076e+01	6.721947e-03	6.370114e+01
1.359911e+03	9.465758e+00	5.924471e-03	7.780065e+01
1.563898e+03	8.856292e+00	5.218989e-03	9.543904e+01
1.798483e+03	8.259765e+00	4.644182e-03	1.175851e+02
2.068255e+03	7.682201e+00	4.094002e-03	1.454693e+02
2.378493e+03	7.120670e+00	3.603561e-03	1.806743e+02
2.735268e+03	6.575397e+00	3.179930e-03	2.252503e+02
3.145558e+03	6.054804e+00	2.847473e-03	2.818318e+02
3.617391e+03	5.561412e+00	2.521902e-03	3.538009e+02
4.160000e+03	5.096767e+00	2.187822e-03	4.455030e+02
4.784000e+03	4.660688e+00	1.928516e-03	5.625081e+02
5.501600e+03	4.252209e+00	1.691467e-03	7.119388e+02
6.326840e+03	3.873796e+00	1.510014e-03	9.028840e+02
7.275866e+03	3.526813e+00	1.333047e-03	1.146904e+03
8.367246e+03	3.208719e+00	1.154397e-03	1.458647e+03
9.622333e+03	2.918168e+00	1.015529e-03	1.856596e+03
