# Energy_MeV	dEdx_Elec_MeV_um	dEdx_Nucl_MeV_um	Range_um
1.000000e-05	3.264107e-03	5.982281e-02	3.555115e-03
1.150000e-05	3.546295e-03	6.511027e-02	3.812436e-03
1.322500e-05	3.848341e-03	7.087612e-02	4.088383e-03
1.520875e-05	4.171738e-03	7.699200e-02	4.384302e-03
1.749006e-05	4.518081e-03	8.334212e-02	4.701640e-03
2.011357e-05	4.889075e-03	9.023551e-02	5.041947e-03
2.313061e-05	5.286543e-03	9.785313e-02	5.406886e-03
2.660020e-05	5.712435e-03	1.055477e-01	5.798239e-03
3.059023e-05	6.168839e-03	1.141482e-01	6.217919e-03
3.517876e-05	6.657991e-03	1.225839e-01	6.667975e-03
4.045558e-05	7.182286e-03	1.317607e-01	7.150607e-03
4.652391e-05	7.744289e-03	1.418036e-01	7.668171e-03
5.350250e-05	8.346749e-03	1.516763e-01	8.223198e-03
6.152788e-05	8.992614e-03	1.626924e-01	8.818397e-03
7.075706e-05	9.685040e-03	1.735469e-01	9.456677e-03
8.137062e-05	1.042741e-02	1.851972e-01	1.014116e-02
9.357621e-05	1.122336e-02	1.969359e-01	1.087518e-02
1.076126e-04	1.207677e-02	2.085532e-01	1.166233e-02
1.237545e-04	1.299182e-02	2.212113e-01	1.250646e-02
1.423177e-04	1.397298e-02	2.333366e-01	1.341168e-02
1.636654e-04	1.502504e-02	2.460281e-01	1.438242e-02
1.882152e-04	1.615314e-02	2.577341e-01	1.542343e-02
2.164475e-04	1.736280e-02	2.704818e-01	1.653979e-02
2.489146e-04	1.865992e-02	2.831910e-01	1.773695e-02
2.862518e-04	2.005084e-02	2.953194e-01	1.902076e-02
3.291895e-04	2.154236e-02	3.076764e-01	2.039749e-02
3.785680e-04	2.314177e-02	3.183604e-01	2.187387e-02
4.353531e-04	2.485687e-02	3.298840e-01	2.345711e-02
5.006561e-04	2.669605e-02	3.408271e-01	2.515495e-02
5.757545e-04	2.866830e-02	3.509162e-01	2.697568e-02
6.621177e-04	3.078324e-02	3.609938e-01	2.892819e-02
7.614354e-04	3.305121e-02	3.698273e-01	3.102203e-02
8.756507e-04	3.548329e-02	3.780260e-01	3.326742e-02
1.006998e-03	3.809137e-02	3.854353e-01	3.567533e-02
1.158048e-03	4.088818e-02	3.920330e-01	3.825753e-02
1.331755e-03	4.388739e-02	3.981670e-01	4.102664e-02
1.531519e-03	4.710364e-02	4.033679e-01	4.399616e-02
1.761246e-03	5.055266e-02	4.074083e-01	4.718063e-02
2.025433e-03	5.425129e-02	4.109715e-01	5.057171e-02
2.329248e-03	5.821760e-02	4.142425e-01	5.425469e-02
2.678635e-03	6.247097e-02	4.159954e-01	5.818619e-02
3.080431e-03	6.703218e-02	4.176437e-01	6.239793e-02
3.542495e-03	7.192351e-02	4.176507e-01	6.691405e-02
4.073870e-03	7.716885e-02	4.170629e-01	7.175727e-02
4.684950e-03	8.279383e-02	4.158456e-01	7.695097e-02
5.387693e-03	8.882594e-02	4.132097e-01	8.252062e-02
6.195847e-03	9.529463e-02	4.099735e-01	8.849342e-02
7.125224e-03	1.022315e-01	4.054406e-01	9.489853e-02
8.194007e-03	1.096705e-01	3.999519e-01	1.017672e-01
9.423108e-03	1.176479e-01	3.933810e-01	1.091331e-01
1.083657e-02	1.262027e-01	3.858375e-01	1.170321e-01
1.246206e-02	1.353766e-01	3.771204e-01	1.255028e-01
1.433137e-02	1.452146e-01	3.676505e-01	1.345867e-01
1.648108e-02	1.557647e-01	3.572094e-01	1.443280e-01
1.895324e-02	1.670783e-01	3.463457e-01	1.547744e-01
2.179622e-02	1.792108e-01	3.341437e-01	1.659770e-01
2.506566e-02	1.922215e-01	3.213255e-01	1.779905e-01
2.882550e-02	2.061739e-01	3.080727e-01	1.908734e-01
3.314933e-02	2.211362e-01	2.942370e-01	2.046888e-01
3.812173e-02	2.371814e-01	2.809997e-01	2.195041e-01
4.383999e-02	2.543880e-01	2.664198e-01	2.353919e-01
5.041599e-02	2.728400e-01	2.519742e-01	2.524296e-01
5.797838e-02	2.926276e-01	2.376232e-01	2.707005e-01
6.667514e-02	3.138474e-01	2.229489e-01	2.902937e-01
7.667641e-02	3.366031e-01	2.089282e-01	3.113053e-01
8.817787e-02	3.610059e-01	1.952672e-01	3.338377e-01
1.014046e-01	3.871750e-01	1.820843e-01	3.580010e-01
1.166152e-01	4.152381e-01	1.693481e-01	3.839130e-01
1.341075e-01	4.453325e-01	1.567994e-01	4.117008e-01
1.542237e-01	4.776052e-01	1.448219e-01	4.415006e-01
1.773572e-01	5.122137e-01	1.343350e-01	4.734510e-01
2.039608e-01	5.493298e-01	1.237825e-01	5.077587e-01
2.345549e-01	5.891349e-01	1.129567e-01	5.448617e-01
2.697381e-01	6.318211e-01	1.053491e-01	5.850596e-01
3.101989e-01	6.775969e-01	9.730077e-02	6.286453e-01
3.567287e-01	7.266682e-01	8.978796e-02	6.531915e-01
4.102380e-01	7.792888e-01	8.176770e-02	6.745460e-01
4.717737e-01	8.357213e-01	7.255342e-02	6.988154e-01
5.425397e-01	8.935194e-01	6.577286e-02	7.224029e-01
6.239207e-01	9.626449e-01	5.850589e-02	7.453169e-01
7.175088e-01	1.047493e+00	5.297310e-02	7.676275e-01
8.251351e-01	1.140116e+00	4.761479e-02	7.894807e-01
9.489054e-01	1.243800e+00	4.282701e-02	8.111137e-01
1.091241e+00	1.352327e+00	3.879804e-02	8.328711e-01
1.254927e+00	1.471281e+00	3.465596e-02	8.552226e-01
1.443166e+00	1.598990e+00	3.131077e-02	8.787745e-01
1.659641e+00	1.730689e+00	2.806848e-02	9.043113e-01
1.908588e+00	1.873524e+00	2.541847e-02	9.328092e-01
2.194876e+00	2.008544e+00	2.270064e-02	9.654644e-01
2.524107e+00	2.152985e+00	2.029250e-02	1.003731e+00
2.902723e+00	2.305900e+00	1.812498e-02	1.049355e+00
3.338132e+00	2.443832e+00	1.612583e-02	1.104405e+00
3.838852e+00	2.584605e+00	1.454931e-02	1.171307e+00
4.414679e+00	2.700777e+00	1.291731e-02	1.252865e+00
5.076881e+00	2.799686e+00	1.150627e-02	1.352295e+00
5.838413e+00	2.880165e+00	1.023042e-02	1.473275e+00
6.714175e+00	2.925300e+00	9.044188e-03	1.620027e+00
7.721302e+00	2.961665e+00	8.036417e-03	1.797451e+00
8.879497e+00	2.973006e+00	7.145300e-03	2.011340e+00
1.021142e+01	2.968914e+00	6.359236e-03	2.268668e+00
1.174313e+01	2.951267e+00	5.653976e-03	2.577992e+00
1.350460e+01	2.915150e+00	5.014184e-03	2.949946e+00
1.553030e+01	2.869956e+00	4.441140e-03	3.397895e+00
1.785984e+01	2.811313e+00	3.983689e-03	3.938737e+00
2.053882e+01	2.741915e+00	3.543253e-03	4.593939e+00
2.361964e+01	2.660954e+00	3.107578e-03	5.390834e+00
2.716258e+01	2.572160e+00	2.784093e-03	6.364298e+00
3.123697e+01	2.473027e+00	2.430371e-03	7.559215e+00
3.592252e+01	2.364932e+00	2.182524e-03	9.030786e+00
4.131089e+01	2.479742e+00	1.934496e-03	1.086423e+01
4.750753e+01	2.309693e+00	1.690012e-03	1.317176e+01
5.463366e+01	2.133342e+00	1.511845e-03	1.605695e+01
6.282871e+01	1.961884e+00	1.316745e-03	1.970060e+01
7.225301e+01	1.808495e+00	1.169673e-03	2.429638e+01
8.309096e+01	1.665472e+00	1.028290e-03	3.006392e+01
9.555461e+01	1.526409e+00	9.061327e-04	3.733096e+01
1.098878e+02	1.394515e+00	8.064131e-04	4.652721e+01
1.263710e+02	1.270764e+00	7.052724e-04	5.820075e+01
1.453266e+02	1.155651e+00	6.274228e-04	7.305490e+01
1.671256e+02	1.046882e+00	5.533512e-04	9.201630e+01
1.921945e+02	9.459887e-01	4.935776e-04	1.162931e+02
2.210236e+02	8.536827e-01	4.333118e-04	1.474149e+02
2.541772e+02	7.695712e-01	3.819224e-04	1.873164e+02
2.923037e+02	6.924420e-01	3.355139e-04	2.385282e+02
3.361493e+02	6.221387e-01	2.943992e-04	3.043328e+02
3.865717e+02	5.586890e-01	2.622584e-04	3.889143e+02
4.445574e+02	5.012276e-01	2.293312e-04	4.976422e+02
5.112411e+02	4.493368e-01	2.018083e-04	6.374546e+02
5.879272e+02	4.026780e-01	1.767002e-04	8.172475e+02
6.761163e+02	3.608371e-01	1.540994e-04	1.048408e+03
7.775337e+02	3.233245e-01	1.349407e-04	1.345505e+03
8.941638e+02	2.897792e-01	1.184815e-04	1.727150e+03
1.028288e+03	2.598861e-01	1.041755e-04	2.217049e+03
1.182532e+03	2.332740e-01	9.129374e-05	2.845353e+03
1.359911e+03	2.095911e-01	7.995079e-05	3.650299e+03
1.563898e+03	1.885695e-01	0.000000e+00	4.680229e+03
1.798483e+03	1.699382e-01	0.000000e+00	5.996034e+03
2.068255e+03	1.534251e-01	0.000000e+00	7.674075e+03
2.378493e+03	1.388078e-01	0.000000e+00	9.809671e+03
2.735268e+03	1.259062e-01	0.000000e+00	1.252122e+04
3.145558e+03	1.145286e-01	0.000000e+00	1.595491e+04
3.617391e+03	1.045027e-01	0.000000e+00	2.028997e+04
4.160000e+03	9.569511e-02	0.000000e+00	2.574465e+04
4.784000e+03	8.797806e-02	0.000000e+00	3.258246e+04
5.501600e+03	8.122466e-02	0.000000e+00	4.111897e+04
6.326840e+03	7.533574e-02	0.000000e+00	5.172847e+04
7.275866e+03	7.022860e-02	0.000000e+00	6.485072e+04
8.367246e+03	6.581689e-02	0.000000e+00	8.099703e+04
9.622333e+03	6.202442e-02	0.000000e+00	1.007559e+05
