# Energy_MeV	dEdx_Elec_MeV_um	dEdx_Nucl_MeV_um	Range_um
1.000000e-05	7.122551e-03	6.562362e-02	2.807983e-03
1.150000e-05	7.638085e-03	7.175643e-02	3.011226e-03
1.322500e-05	8.190933e-03	7.848498e-02	3.229180e-03
1.520875e-05	8.783797e-03	8.558713e-02	3.462910e-03
1.749006e-05	9.419573e-03	9.318677e-02	3.713557e-03
2.011357e-05	1.010137e-02	1.015133e-01	3.982347e-03
2.313061e-05	1.083251e-02	1.103244e-01	4.270591e-03
2.660020e-05	1.161657e-02	1.200059e-01	4.579699e-03
3.059023e-05	1.245739e-02	1.296142e-01	4.911180e-03
3.517876e-05	1.335906e-02	1.403687e-01	5.266653e-03
4.045558e-05	1.432599e-02	1.521719e-01	5.647856e-03
4.652391e-05	1.536292e-02	1.640805e-01	6.056651e-03
5.350250e-05	1.647489e-02	1.774145e-01	6.495035e-03
6.152788e-05	1.766735e-02	1.901785e-01	6.965149e-03
7.075706e-05	9.515181e-03	2.044639e-01	7.469290e-03
8.137062e-05	1.025699e-02	2.198870e-01	8.009921e-03
9.357621e-05	1.105222e-02	2.351860e-01	8.589684e-03
1.076126e-04	1.190477e-02	2.521472e-01	9.211410e-03
1.237545e-04	1.281880e-02	2.687128e-01	9.878136e-03
1.423177e-04	1.379879e-02	2.863494e-01	1.059312e-02
1.636654e-04	1.484952e-02	3.044050e-01	1.135986e-02
1.882152e-04	1.597612e-02	3.222606e-01	1.218209e-02
2.164475e-04	1.718411e-02	3.415299e-01	1.306384e-02
2.489146e-04	1.847939e-02	3.600725e-01	1.400940e-02
2.862518e-04	1.986827e-02	3.787028e-01	1.502341e-02
3.291895e-04	2.135756e-02	3.970536e-01	1.611081e-02
3.785680e-04	2.295453e-02	4.165801e-01	1.727692e-02
4.353531e-04	2.466698e-02	4.351644e-01	1.852743e-02
5.006561e-04	2.650327e-02	4.544397e-01	1.986846e-02
5.757545e-04	2.847238e-02	4.717602e-01	2.130655e-02
6.621177e-04	3.058392e-02	4.885310e-01	2.284873e-02
7.614354e-04	3.284822e-02	5.059378e-01	2.450253e-02
8.756507e-04	3.527634e-02	5.216344e-01	2.627604e-02
1.006998e-03	3.788014e-02	5.375866e-01	2.817791e-02
1.158048e-03	4.067233e-02	5.516626e-01	3.021744e-02
1.331755e-03	4.366656e-02	5.654878e-01	3.240460e-02
1.531519e-03	4.687747e-02	5.771205e-01	3.475006e-02
1.761246e-03	5.032073e-02	5.876539e-01	3.726529e-02
2.025433e-03	5.401316e-02	5.977659e-01	3.996257e-02
2.329248e-03	5.797281e-02	6.062355e-01	4.284170e-02
2.678635e-03	6.221902e-02	6.142779e-01	4.594884e-02
3.080431e-03	6.677253e-02	6.195095e-01	4.928493e-02
3.542495e-03	7.165559e-02	6.246641e-01	5.285155e-02
4.073870e-03	7.689206e-02	6.291911e-01	5.667706e-02
4.684950e-03	8.250751e-02	6.316126e-01	6.077931e-02
5.387693e-03	8.852939e-02	6.336351e-01	6.517846e-02
6.195847e-03	9.498710e-02	6.330053e-01	6.989602e-02
7.125224e-03	1.019122e-01	6.317859e-01	7.495502e-02
8.194007e-03	1.093385e-01	6.293924e-01	8.038022e-02
9.423108e-03	1.173023e-01	6.250455e-01	8.619811e-02
1.083657e-02	1.258426e-01	6.196028e-01	9.243710e-02
1.246206e-02	1.350009e-01	6.121631e-01	9.912764e-02
1.433137e-02	1.448221e-01	6.033244e-01	1.063024e-01
1.648108e-02	1.553542e-01	5.928896e-01	1.139966e-01
1.895324e-02	1.666486e-01	5.808932e-01	1.222477e-01
2.179622e-02	1.787604e-01	5.672265e-01	1.310959e-01
2.506566e-02	1.917489e-01	5.523085e-01	1.405846e-01
2.882550e-02	2.056775e-01	5.363794e-01	1.507601e-01
3.314933e-02	2.206143e-01	5.191974e-01	1.616721e-01
3.812173e-02	2.366321e-01	5.001824e-01	1.733740e-01
4.383999e-02	2.538094e-01	4.808352e-01	1.859228e-01
5.041599e-02	2.722299e-01	4.598401e-01	1.993798e-01
5.797838e-02	2.919837e-01	4.396517e-01	2.138109e-01
6.667514e-02	3.131673e-01	4.187209e-01	2.292866e-01
7.667641e-02	3.358841e-01	3.963933e-01	2.458825e-01
8.817787e-02	3.602452e-01	3.750733e-01	2.636795e-01
1.014046e-01	3.863696e-01	3.524322e-01	2.827646e-01
1.166152e-01	4.143849e-01	3.311845e-01	3.032311e-01
1.341075e-01	4.444279e-01	3.092843e-01	3.251791e-01
1.542237e-01	4.766454e-01	2.890824e-01	3.487159e-01
1.773572e-01	5.111949e-01	2.697950e-01	3.739552e-01
2.039608e-01	5.482450e-01	2.500293e-01	4.010240e-01
2.345549e-01	5.879778e-01	2.318768e-01	4.300480e-01
2.697381e-01	6.305919e-01	2.134543e-01	4.613560e-01
3.101989e-01	6.762905e-01	1.983860e-01	4.952777e-01
3.567287e-01	7.252967e-01	1.824246e-01	5.320397e-01
4.102380e-01	7.778501e-01	1.669878e-01	5.719254e-01
4.717737e-01	8.342076e-01	1.554464e-01	6.152525e-01
5.425397e-01	8.946202e-01	1.436764e-01	6.378990e-01
6.239207e-01	9.616927e-01	1.323855e-01	6.552640e-01
7.175088e-01	1.039358e+00	1.196739e-01	6.715630e-01
8.251351e-01	1.141035e+00	1.063857e-01	6.868484e-01
9.489054e-01	1.256971e+00	9.591345e-02	7.012962e-01
1.091241e+00	1.387529e+00	8.558968e-02	7.151118e-01
1.254927e+00	1.534164e+00	7.750916e-02	7.285913e-01
1.443166e+00	1.700753e+00	6.976241e-02	7.421234e-01
1.659641e+00	1.883656e+00	6.275244e-02	7.562007e-01
1.908588e+00	2.087226e+00	5.671187e-02	7.714327e-01
2.194876e+00	2.310034e+00	5.075771e-02	7.885620e-01
2.524107e+00	2.538830e+00	4.568844e-02	8.084826e-01
2.902723e+00	2.788942e+00	4.116201e-02	8.322550e-01
3.338132e+00	3.047611e+00	3.708158e-02	8.611330e-01
3.838852e+00	3.315073e+00	3.306551e-02	8.965833e-01
4.414679e+00	3.583515e+00	2.967908e-02	9.402908e-01
5.076881e+00	3.821953e+00	2.628591e-02	9.941754e-01
5.838413e+00	4.060778e+00	2.363300e-02	1.060398e+00
6.714175e+00	4.237580e+00	2.118023e-02	1.141378e+00
7.721302e+00	4.391920e+00	1.877486e-02	1.239829e+00
8.879497e+00	4.519132e+00	1.680023e-02	1.358824e+00
1.021142e+01	4.599184e+00	1.481676e-02	1.501911e+00
1.174313e+01	4.666328e+00	1.320389e-02	1.673283e+00
1.350460e+01	4.690326e+00	1.166762e-02	1.877999e+00
1.553030e+01	4.693064e+00	1.038808e-02	2.122272e+00
1.785984e+01	4.676080e+00	9.279939e-03	2.413825e+00
2.053882e+01	4.628254e+00	8.208209e-03	2.762336e+00
2.361964e+01	4.564740e+00	7.316092e-03	3.179980e+00
2.716258e+01	4.474841e+00	6.457506e-03	3.682117e+00
3.123697e+01	4.370643e+00	5.812671e-03	4.288204e+00
3.592252e+01	4.250298e+00	5.156336e-03	5.022732e+00
4.131089e+01	4.113083e+00	4.543713e-03	5.917000e+00
4.750753e+01	4.487271e+00	4.036695e-03	7.011690e+00
5.463366e+01	4.230816e+00	3.539241e-03	8.374628e+00
6.282871e+01	3.963046e+00	3.181708e-03	1.006229e+01
7.225301e+01	3.693042e+00	2.810943e-03	1.216425e+01
8.309096e+01	3.433358e+00	2.472233e-03	1.479239e+01
9.555461e+01	3.201319e+00	2.190505e-03	1.806320e+01
1.098878e+02	2.968409e+00	1.914589e-03	2.213457e+01
1.263710e+02	2.741916e+00	1.697074e-03	2.723678e+01
1.453266e+02	2.525349e+00	1.495510e-03	3.365606e+01
1.671256e+02	2.320393e+00	1.318978e-03	4.175990e+01
1.921945e+02	2.125027e+00	1.170383e-03	5.202737e+01
2.210236e+02	1.938735e+00	1.028067e-03	6.509063e+01
2.541772e+02	1.763860e+00	9.091070e-04	8.175629e+01
2.923037e+02	1.603273e+00	8.069035e-04	1.030410e+02
3.361493e+02	1.453174e+00	7.159493e-04	1.302578e+02
3.865717e+02	1.313997e+00	6.273059e-04	1.651362e+02
4.445574e+02	1.186531e+00	5.555553e-04	2.098850e+02
5.112411e+02	1.069731e+00	4.835979e-04	2.673337e+02
5.879272e+02	9.630174e-01	4.297302e-04	3.411457e+02
6.761163e+02	8.659002e-01	3.799416e-04	4.360312e+02
7.775337e+02	7.779437e-01	3.315104e-04	5.580314e+02
8.941638e+02	6.984752e-01	2.931999e-04	7.148766e+02
1.028288e+03	6.269109e-01	2.545116e-04	9.164544e+02
1.182532e+03	5.628304e-01	2.240202e-04	1.175368e+03
1.359911e+03	5.055936e-01	1.951997e-04	1.507655e+03
1.563898e+03	4.544162e-01	1.713683e-04	1.933671e+03
1.798483e+03	4.088019e-01	1.512828e-04	2.479170e+03
2.068255e+03	3.683458e-01	1.318583e-04	3.176632e+03
2.378493e+03	3.324481e-01	1.161413e-04	4.066847e+03
2.735268e+03	3.005903e-01	1.011784e-04	5.200811e+03
3.145558e+03	2.724331e-01	8.997995e-05	6.641991e+03
3.617391e+03	2.476020e-01	7.870839e-05	8.468920e+03
4.160000e+03	2.256950e-01	0.000000e+00	1.077815e+04
4.784000e+03	2.064221e-01	0.000000e+00	1.368754e+04
5.501600e+03	1.895349e-01	0.000000e+00	1.733990e+04
6.326840e+03	1.747408e-01	0.000000e+00	2.190674e+04
7.275866e+03	1.618016e-01	0.000000e+00	2.759226e+04
8.367246e+03	1.505598e-01	0.000000e+00	3.463718e+04
9.622333e+03	1.408397e-01	0.000000e+00	4.332254e+04
