# Energy_MeV	dEdx_Elec_MeV_um	dEdx_Nucl_MeV_um	Range_um
1.000000e-05	5.209245e-03	6.447886e-02	3.839328e-03
1.150000e-05	2.814403e-03	7.053681e-02	4.117221e-03
1.322500e-05	3.050611e-03	7.712808e-02	4.415227e-03
1.520875e-05	3.303584e-03	8.413034e-02	4.734804e-03
1.749006e-05	3.574567e-03	9.165025e-02	5.077511e-03
2.011357e-05	3.864893e-03	9.978250e-02	5.445024e-03
2.313061e-05	4.175984e-03	1.085084e-01	5.839138e-03
2.660020e-05	4.509367e-03	1.179842e-01	6.261778e-03
3.059023e-05	4.866673e-03	1.275457e-01	6.715009e-03
3.517876e-05	5.249653e-03	1.380515e-01	7.201045e-03
4.045558e-05	5.660181e-03	1.497176e-01	7.722260e-03
4.652391e-05	6.100264e-03	1.614886e-01	8.281201e-03
5.350250e-05	6.572055e-03	1.745817e-01	8.880599e-03
6.152788e-05	7.077861e-03	1.872751e-01	9.523382e-03
7.075706e-05	7.620153e-03	2.012347e-01	1.021269e-02
8.137062e-05	8.201584e-03	2.165923e-01	1.095189e-02
9.357621e-05	8.824994e-03	2.316457e-01	1.174459e-02
1.076126e-04	9.493429e-03	2.483676e-01	1.259467e-02
1.237545e-04	1.021016e-02	2.646924e-01	1.350628e-02
1.423177e-04	1.097868e-02	2.822204e-01	1.448387e-02
1.636654e-04	1.180275e-02	3.002204e-01	1.553222e-02
1.882152e-04	1.268640e-02	3.176419e-01	1.665645e-02
2.164475e-04	1.363394e-02	3.368046e-01	1.786206e-02
2.489146e-04	1.465001e-02	3.550357e-01	1.915492e-02
2.862518e-04	1.573956e-02	3.738118e-01	2.054137e-02
3.291895e-04	1.690792e-02	3.917778e-01	2.202816e-02
3.785680e-04	1.816080e-02	4.106871e-01	2.362257e-02
4.353531e-04	1.950432e-02	4.296300e-01	2.533238e-02
5.006561e-04	2.094504e-02	4.484517e-01	2.716596e-02
5.757545e-04	2.249001e-02	4.660154e-01	2.913224e-02
6.621177e-04	2.414676e-02	4.825042e-01	3.124085e-02
7.614354e-04	2.592340e-02	4.993596e-01	3.350208e-02
8.756507e-04	2.782860e-02	5.154770e-01	3.592698e-02
1.006998e-03	2.987166e-02	5.310707e-01	3.852739e-02
1.158048e-03	3.206259e-02	5.452406e-01	4.131602e-02
1.331755e-03	3.441206e-02	5.587862e-01	4.430650e-02
1.531519e-03	3.693157e-02	5.705265e-01	4.751343e-02
1.761246e-03	3.963342e-02	5.811868e-01	5.095247e-02
2.025433e-03	4.253082e-02	5.910101e-01	5.464044e-02
2.329248e-03	4.563790e-02	5.996625e-01	5.859534e-02
2.678635e-03	4.896987e-02	6.076445e-01	6.283651e-02
3.080431e-03	5.254299e-02	6.130295e-01	6.738465e-02
3.542495e-03	5.637471e-02	6.180286e-01	7.225570e-02
4.073870e-03	6.048377e-02	6.227906e-01	7.749492e-02
4.684950e-03	6.489022e-02	6.252259e-01	8.310256e-02
5.387693e-03	6.961561e-02	6.273451e-01	8.911836e-02
6.195847e-03	7.468301e-02	6.268079e-01	9.556842e-02
7.125224e-03	8.011718e-02	6.256037e-01	1.024856e-01
8.194007e-03	8.594467e-02	6.234498e-01	1.099034e-01
9.423108e-03	9.219395e-02	6.192235e-01	1.178582e-01
1.083657e-02	9.889555e-02	6.139646e-01	1.263887e-01
1.246206e-02	1.060822e-01	6.066602e-01	1.355366e-01
1.433137e-02	1.137890e-01	5.980365e-01	1.453466e-01
1.648108e-02	1.220537e-01	5.877943e-01	1.558668e-01
1.895324e-02	1.309165e-01	5.760417e-01	1.671484e-01
2.179622e-02	1.404208e-01	5.625526e-01	1.792465e-01
2.506566e-02	1.506130e-01	5.479393e-01	1.922202e-01
2.882550e-02	1.615430e-01	5.320855e-01	2.061331e-01
3.314933e-02	1.732641e-01	5.152812e-01	2.210531e-01
3.812173e-02	1.858335e-01	4.967441e-01	2.370529e-01
4.383999e-02	1.993127e-01	4.773140e-01	2.542107e-01
5.041599e-02	2.137676e-01	4.567942e-01	2.726104e-01
5.797838e-02	2.292686e-01	4.364749e-01	2.923420e-01
6.667514e-02	2.458917e-01	4.160046e-01	3.135018e-01
7.667641e-02	2.637180e-01	3.942471e-01	3.361930e-01
8.817787e-02	2.828345e-01	3.726103e-01	3.605266e-01
1.014046e-01	3.033347e-01	3.504790e-01	3.866216e-01
1.166152e-01	3.253186e-01	3.292015e-01	4.146054e-01
1.341075e-01	3.488938e-01	3.076191e-01	4.446147e-01
1.542237e-01	3.741754e-01	2.875482e-01	4.767959e-01
1.773572e-01	4.012869e-01	2.681690e-01	5.113064e-01
2.039608e-01	4.303607e-01	2.489253e-01	5.483149e-01
2.345549e-01	4.615389e-01	2.306333e-01	5.880017e-01
2.697381e-01	4.949738e-01	2.122068e-01	6.305652e-01
3.101989e-01	5.308287e-01	1.972176e-01	6.761905e-01
3.567287e-01	5.692817e-01	1.816746e-01	7.252663e-01
4.102380e-01	6.105187e-01	1.656757e-01	7.784066e-01
4.717737e-01	6.547405e-01	1.542477e-01	8.359783e-01
5.425397e-01	7.021631e-01	1.428092e-01	8.984202e-01
6.239207e-01	7.530124e-01	1.319807e-01	9.514337e-01
7.175088e-01	8.075327e-01	1.195278e-01	9.816771e-01
8.251351e-01	8.678907e-01	1.057052e-01	1.012776e+00
9.489054e-01	9.413050e-01	9.536608e-02	1.042529e+00
1.091241e+00	1.032293e+00	8.504412e-02	1.070991e+00
1.254927e+00	1.141311e+00	7.719528e-02	1.098312e+00
1.443166e+00	1.261596e+00	6.938036e-02	1.124758e+00
1.659641e+00	1.397058e+00	6.235502e-02	1.150721e+00
1.908588e+00	1.546759e+00	5.648301e-02	1.176742e+00
2.194876e+00	1.709495e+00	5.047892e-02	1.203534e+00
2.524107e+00	1.891189e+00	4.551318e-02	1.232003e+00
2.902723e+00	2.077951e+00	4.089139e-02	1.263281e+00
3.338132e+00	2.277683e+00	3.694557e-02	1.298737e+00
3.838852e+00	2.481155e+00	3.304941e-02	1.340055e+00
4.414679e+00	2.689719e+00	2.952099e-02	1.389237e+00
5.076881e+00	2.914230e+00	2.621352e-02	1.448652e+00
5.838413e+00	3.110932e+00	2.350176e-02	1.521076e+00
6.714175e+00	3.303081e+00	2.110383e-02	1.609704e+00
7.721302e+00	3.477581e+00	1.876769e-02	1.718195e+00
8.879497e+00	3.601304e+00	1.671576e-02	1.850687e+00
1.021142e+01	3.711219e+00	1.477742e-02	2.011857e+00
1.174313e+01	3.769531e+00	1.315256e-02	2.207031e+00
1.350460e+01	3.809569e+00	1.161922e-02	2.442361e+00
1.553030e+01	3.826493e+00	1.035386e-02	2.725096e+00
1.785984e+01	3.810480e+00	9.232733e-03	3.063965e+00
2.053882e+01	3.781191e+00	8.192676e-03	3.469662e+00
2.361964e+01	3.729765e+00	7.286902e-03	3.955473e+00
2.716258e+01	3.664610e+00	6.412686e-03	4.538058e+00
3.123697e+01	3.584550e+00	5.781864e-03	5.238419e+00
3.592252e+01	3.490154e+00	5.144641e-03	6.083135e+00
4.131089e+01	3.383975e+00	4.517643e-03	7.105933e+00
4.750753e+01	3.269799e+00	4.018134e-03	8.349503e+00
5.463366e+01	3.146211e+00	3.512988e-03	9.869160e+00
6.282871e+01	3.009269e+00	3.165172e-03	1.173126e+01
7.225301e+01	3.353965e+00	2.803607e-03	1.404964e+01
8.309096e+01	3.134205e+00	2.458323e-03	1.694540e+01
9.555461e+01	2.910340e+00	2.180372e-03	2.055236e+01
1.098878e+02	2.688751e+00	1.904012e-03	2.508624e+01
1.263710e+02	2.496758e+00	1.691910e-03	3.076757e+01
1.453266e+02	2.308437e+00	1.488403e-03	3.785945e+01
1.671256e+02	2.124692e+00	1.311522e-03	4.676880e+01
1.921945e+02	1.949683e+00	1.166416e-03	5.800612e+01
2.210236e+02	1.784531e+00	1.023049e-03	7.222782e+01
2.541772e+02	1.629292e+00	9.061469e-04	9.027946e+01
2.923037e+02	1.481524e+00	8.018919e-04	1.132805e+02
3.361493e+02	1.343554e+00	7.138365e-04	1.426768e+02
3.865717e+02	1.217060e+00	6.279023e-04	1.802935e+02
4.445574e+02	1.100220e+00	5.527203e-04	2.284543e+02
5.112411e+02	9.924756e-01	4.826014e-04	2.902227e+02
5.879272e+02	8.939563e-01	4.274516e-04	3.695386e+02
6.761163e+02	8.043681e-01	3.787841e-04	4.714346e+02
7.775337e+02	7.228687e-01	3.317766e-04	6.023962e+02
8.941638e+02	6.489663e-01	2.918075e-04	7.707878e+02
1.028288e+03	5.823032e-01	2.540083e-04	9.873367e+02
1.182532e+03	5.223072e-01	2.232759e-04	1.265766e+03
1.359911e+03	4.683646e-01	1.941974e-04	1.623639e+03
1.563898e+03	4.200714e-01	1.708878e-04	2.083363e+03
1.798483e+03	3.770025e-01	1.505587e-04	2.673467e+03
2.068255e+03	3.385953e-01	1.317271e-04	3.430206e+03
2.378493e+03	3.043753e-01	1.157291e-04	4.399510e+03
2.735268e+03	2.740068e-01	1.004533e-04	5.639389e+03
3.145558e+03	2.470869e-01	8.952780e-05	7.222821e+03
3.617391e+03	2.232141e-01	7.859486e-05	9.241205e+03
4.160000e+03	2.020919e-01	0.000000e+00	1.180850e+04
4.784000e+03	1.834594e-01	0.000000e+00	1.506603e+04
5.501600e+03	1.670270e-01	0.000000e+00	1.918799e+04
6.326840e+03	1.525544e-01	0.000000e+00	2.438758e+04
7.275866e+03	1.398561e-01	0.000000e+00	3.092383e+04
8.367246e+03	1.287335e-01	0.000000e+00	3.910887e+04
9.622333e+03	1.189983e-01	0.000000e+00	4.931556e+04
