# Energy_MeV	dEdx_Elec_MeV_um	dEdx_Nucl_MeV_um	Range_um
1.000000e-05	6.884041e-03	6.295389e-02	2.905270e-03
1.150000e-05	7.382311e-03	6.924646e-02	3.115555e-03
1.322500e-05	7.916647e-03	7.618013e-02	3.341061e-03
1.520875e-05	8.489658e-03	8.406418e-02	3.582889e-03
1.749006e-05	9.104144e-03	9.245687e-02	3.842220e-03
2.011357e-05	9.763107e-03	1.016935e-01	4.120322e-03
2.313061e-05	1.046977e-02	1.114418e-01	4.418553e-03
2.660020e-05	1.122757e-02	1.220926e-01	4.738370e-03
3.059023e-05	1.204023e-02	1.342036e-01	5.081336e-03
3.517876e-05	1.291171e-02	1.469113e-01	5.449126e-03
4.045558e-05	1.384626e-02	1.608798e-01	5.843537e-03
4.652391e-05	7.424953e-03	1.757991e-01	6.266495e-03
5.350250e-05	8.013236e-03	1.919682e-01	6.720067e-03
6.152788e-05	8.643788e-03	2.095122e-01	7.206469e-03
7.075706e-05	9.319696e-03	2.277736e-01	7.728077e-03
8.137062e-05	1.004427e-02	2.480672e-01	8.287439e-03
9.357621e-05	1.082104e-02	2.694663e-01	8.887289e-03
1.076126e-04	1.165382e-02	2.921364e-01	9.530555e-03
1.237545e-04	1.254667e-02	3.157960e-01	1.022038e-02
1.423177e-04	1.350396e-02	3.418469e-01	1.096014e-02
1.636654e-04	1.453037e-02	3.700705e-01	1.175344e-02
1.882152e-04	1.563091e-02	3.994939e-01	1.260416e-02
2.164475e-04	1.681096e-02	4.300972e-01	1.351646e-02
2.489146e-04	1.807629e-02	4.615976e-01	1.449478e-02
2.862518e-04	1.943308e-02	4.958286e-01	1.554392e-02
3.291895e-04	2.088796e-02	5.323940e-01	1.666900e-02
3.785680e-04	2.244803e-02	5.699436e-01	1.787551e-02
4.353531e-04	2.412093e-02	6.089057e-01	1.916935e-02
5.006561e-04	2.591481e-02	6.497796e-01	2.055684e-02
5.757545e-04	2.783845e-02	6.909224e-01	2.204475e-02
6.621177e-04	2.990125e-02	7.326114e-01	2.364036e-02
7.614354e-04	3.211328e-02	7.755941e-01	2.535147e-02
8.756507e-04	3.448535e-02	8.198302e-01	2.718642e-02
1.006998e-03	3.702905e-02	8.652561e-01	2.915419e-02
1.158048e-03	3.975680e-02	9.068082e-01	3.126438e-02
1.331755e-03	4.268193e-02	9.492295e-01	3.352731e-02
1.531519e-03	4.581873e-02	9.966324e-01	3.595404e-02
1.761246e-03	4.918253e-02	1.039640e+00	3.855641e-02
2.025433e-03	5.278976e-02	1.083225e+00	4.134715e-02
2.329248e-03	5.665805e-02	1.121764e+00	4.433987e-02
2.678635e-03	6.080628e-02	1.159339e+00	4.754922e-02
3.080431e-03	6.525473e-02	1.200992e+00	5.099085e-02
3.542495e-03	7.002512e-02	1.236524e+00	5.468160e-02
4.073870e-03	7.514077e-02	1.271596e+00	5.863948e-02
4.684950e-03	8.062667e-02	1.302827e+00	6.288384e-02
5.387693e-03	8.650961e-02	1.331957e+00	6.743540e-02
6.195847e-03	9.281833e-02	1.359064e+00	7.231642e-02
7.125224e-03	9.958366e-02	1.381251e+00	7.754342e-02
8.194007e-03	1.068386e-01	1.403683e+00	8.316687e-02
9.423108e-03	1.146187e-01	1.421889e+00	8.918478e-02
1.083657e-02	1.229619e-01	1.436972e+00	9.564066e-02
1.246206e-02	1.319090e-01	1.448516e+00	1.025629e-01
1.433137e-02	1.415036e-01	1.459001e+00	1.099863e-01
1.648108e-02	1.517927e-01	1.467719e+00	1.179471e-01
1.895324e-02	1.628265e-01	1.472575e+00	1.264840e-01
2.179622e-02	1.746590e-01	1.473706e+00	1.356388e-01
2.506566e-02	1.873478e-01	1.471256e+00	1.454562e-01
2.882550e-02	2.009551e-01	1.466393e+00	1.559843e-01
3.314933e-02	2.155472e-01	1.458746e+00	1.672744e-01
3.812173e-02	2.311956e-01	1.446994e+00	1.793816e-01
4.383999e-02	2.479765e-01	1.431441e+00	1.923652e-01
5.041599e-02	2.659721e-01	1.412338e+00	2.062885e-01
5.797838e-02	2.852702e-01	1.389383e+00	2.212197e-01
6.667514e-02	3.059650e-01	1.362953e+00	2.372316e-01
7.667641e-02	3.281578e-01	1.332706e+00	2.544023e-01
8.817787e-02	3.519569e-01	1.299039e+00	2.728159e-01
1.014046e-01	3.774786e-01	1.261806e+00	2.925623e-01
1.166152e-01	4.048476e-01	1.223648e+00	3.137380e-01
1.341075e-01	4.341975e-01	1.182185e+00	3.364464e-01
1.542237e-01	4.656718e-01	1.135180e+00	3.607983e-01
1.773572e-01	4.994242e-01	1.088837e+00	3.869129e-01
2.039608e-01	5.356196e-01	1.039147e+00	4.149178e-01
2.345549e-01	5.744349e-01	9.923811e-01	4.449497e-01
2.697381e-01	6.160596e-01	9.438403e-01	4.771552e-01
3.101989e-01	6.606971e-01	8.897839e-01	5.116917e-01
3.567287e-01	7.085656e-01	8.396342e-01	5.487280e-01
4.102380e-01	7.598987e-01	7.877060e-01	5.884454e-01
4.717737e-01	8.149474e-01	7.387365e-01	6.310362e-01
5.425397e-01	8.739806e-01	6.902848e-01	6.767155e-01
6.239207e-01	9.372865e-01	6.424441e-01	7.256808e-01
7.175088e-01	1.005180e+00	5.990966e-01	7.784140e-01
8.251351e-01	1.077989e+00	5.537579e-01	8.355378e-01
9.489054e-01	1.156067e+00	5.120176e-01	8.974308e-01
1.091241e+00	1.239796e+00	4.734073e-01	9.645699e-01
1.254927e+00	1.329587e+00	4.381118e-01	1.037481e+00
1.443166e+00	1.425876e+00	4.018847e-01	1.116778e+00
1.659641e+00	1.531731e+00	3.689919e-01	1.203180e+00
1.908588e+00	1.654934e+00	3.431955e-01	1.297544e+00
2.194876e+00	1.805678e+00	3.188554e-01	1.400899e+00
2.524107e+00	1.980225e+00	2.909583e-01	1.446657e+00
2.902723e+00	2.169926e+00	2.592304e-01	1.447835e+00
3.338132e+00	2.381333e+00	2.304832e-01	1.447478e+00
3.838852e+00	2.616727e+00	2.069677e-01	1.446513e+00
4.414679e+00	2.875854e+00	1.868019e-01	1.445988e+00
5.076881e+00	3.167845e+00	1.676453e-01	1.447050e+00
5.838413e+00	3.487154e+00	1.512241e-01	1.451029e+00
6.714175e+00	3.829240e+00	1.366945e-01	1.459400e+00
7.721302e+00	4.199883e+00	1.230260e-01	1.473799e+00
8.879497e+00	4.608468e+00	1.103819e-01	1.496056e+00
1.021142e+01	5.058249e+00	9.846202e-02	1.528207e+00
1.174313e+01	5.517246e+00	8.937533e-02	1.572504e+00
1.350460e+01	5.982612e+00	8.067650e-02	1.631407e+00
1.553030e+01	6.473240e+00	7.130013e-02	1.707582e+00
1.785984e+01	6.892342e+00	6.373996e-02	1.803886e+00
2.053882e+01	7.328994e+00	5.660962e-02	1.923409e+00
2.361964e+01	7.739485e+00	5.107570e-02	2.069526e+00
2.716258e+01	8.100205e+00	4.590574e-02	2.246010e+00
3.123697e+01	8.451539e+00	4.040028e-02	2.457220e+00
3.592252e+01	8.698302e+00	3.597424e-02	2.708332e+00
4.131089e+01	8.937819e+00	3.185143e-02	3.005645e+00
4.750753e+01	9.130523e+00	2.833972e-02	3.356926e+00
5.463366e+01	9.264606e+00	2.518644e-02	3.771821e+00
6.282871e+01	9.373531e+00	2.231944e-02	4.262352e+00
7.225301e+01	9.380523e+00	1.997124e-02	4.843519e+00
8.309096e+01	9.379964e+00	1.765306e-02	5.534074e+00
9.555461e+01	9.366713e+00	1.566607e-02	6.357247e+00
1.098878e+02	9.293077e+00	1.397964e-02	7.342864e+00
1.263710e+02	9.802873e+00	1.253120e-02	8.526056e+00
1.453266e+02	9.423003e+00	1.109131e-02	9.973182e+00
1.671256e+02	9.007851e+00	9.755634e-03	1.173903e+01
1.921945e+02	8.567514e+00	8.611142e-03	1.389457e+01
2.210236e+02	8.104866e+00	7.654862e-03	1.654579e+01
2.541772e+02	7.706904e+00	6.835901e-03	1.979160e+01
2.923037e+02	7.278955e+00	6.031704e-03	2.375541e+01
3.361493e+02	6.847700e+00	5.296893e-03	2.863536e+01
3.865717e+02	6.424323e+00	4.666813e-03	3.467190e+01
4.445574e+02	6.013483e+00	4.119402e-03	4.217159e+01
5.112411e+02	5.615577e+00	3.611209e-03	5.152853e+01
5.879272e+02	5.220635e+00	3.194082e-03	6.326395e+01
6.761163e+02	4.836089e+00	2.836029e-03	7.804258e+01
7.775337e+02	4.472743e+00	2.505207e-03	9.669614e+01
8.941638e+02	4.122160e+00	2.208082e-03	1.202879e+02
1.028288e+03	3.786717e+00	1.934779e-03	1.502268e+02
1.182532e+03	3.469834e+00	1.733320e-03	1.883175e+02
1.359911e+03	3.171184e+00	1.541700e-03	2.368705e+02
1.563898e+03	2.890843e+00	1.338978e-03	2.988799e+02
1.798483e+03	2.628248e+00	1.178612e-03	3.782137e+02
2.068255e+03	2.384081e+00	1.032149e-03	4.798478e+02
2.378493e+03	2.158411e+00	9.196162e-04	6.101668e+02
2.735268e+03	1.951342e+00	8.158921e-04	7.773626e+02
3.145558e+03	1.762740e+00	7.072730e-04	9.919060e+02
3.617391e+03	1.591698e+00	6.209787e-04	1.267150e+03
4.160000e+03	1.436541e+00	5.424908e-04	1.620072e+03
4.784000e+03	1.296389e+00	4.757759e-04	2.072187e+03
5.501600e+03	1.170929e+00	4.173278e-04	2.650652e+03
6.326840e+03	1.058836e+00	3.651533e-04	3.389604e+03
7.275866e+03	9.586808e-01	3.225623e-04	4.331744e+03
8.367246e+03	8.696335e-01	2.812477e-04	5.530242e+03
9.622333e+03	7.907815e-01	2.460618e-04	7.050946e+03
