# Energy_MeV	dEdx_Elec_MeV_um	dEdx_Nucl_MeV_um	Range_um
1.000000e-05	9.316197e-03	4.759970e-02	2.146799e-03
1.150000e-05	9.990508e-03	5.285968e-02	2.302185e-03
1.322500e-05	1.071363e-02	5.854815e-02	2.468819e-03
1.520875e-05	1.148908e-02	6.498508e-02	2.647513e-03
1.749006e-05	1.232067e-02	7.221451e-02	2.839141e-03
2.011357e-05	1.321245e-02	7.999534e-02	3.044640e-03
2.313061e-05	1.416877e-02	8.869780e-02	3.265013e-03
2.660020e-05	1.519431e-02	9.816767e-02	3.501336e-03
3.059023e-05	1.629409e-02	1.086374e-01	3.754765e-03
3.517876e-05	1.747346e-02	1.200935e-01	4.026536e-03
4.045558e-05	1.873820e-02	1.325812e-01	4.317979e-03
4.652391e-05	2.009448e-02	1.465521e-01	4.630517e-03
5.350250e-05	2.154893e-02	1.617125e-01	4.965676e-03
6.152788e-05	2.310865e-02	1.779784e-01	5.325094e-03
7.075706e-05	2.478127e-02	1.956726e-01	5.710528e-03
8.137062e-05	2.657495e-02	2.159414e-01	6.123859e-03
9.357621e-05	2.849846e-02	2.375712e-01	6.567107e-03
1.076126e-04	3.056119e-02	2.612132e-01	7.042437e-03
1.237545e-04	3.277323e-02	2.863732e-01	7.552173e-03
1.423177e-04	3.514537e-02	3.135529e-01	8.098803e-03
1.636654e-04	3.768921e-02	3.446792e-01	8.684999e-03
1.882152e-04	4.041718e-02	3.774389e-01	9.313623e-03
2.164475e-04	4.334259e-02	4.131662e-01	9.987748e-03
2.489146e-04	4.647975e-02	4.515902e-01	1.071067e-02
2.862518e-04	4.984398e-02	4.932241e-01	1.148591e-02
3.291895e-04	5.345172e-02	5.380019e-01	1.231727e-02
3.785680e-04	5.732058e-02	5.849834e-01	1.320880e-02
4.353531e-04	6.146947e-02	6.368917e-01	1.416486e-02
5.006561e-04	6.591867e-02	6.920110e-01	1.519012e-02
5.757545e-04	7.068989e-02	7.506891e-01	1.628959e-02
6.621177e-04	7.580647e-02	8.105456e-01	1.746863e-02
7.614354e-04	8.129338e-02	8.774521e-01	1.873302e-02
8.756507e-04	8.717744e-02	9.509593e-01	2.008893e-02
1.006998e-03	9.348738e-02	1.025181e+00	2.154298e-02
1.158048e-03	1.002541e-01	1.105123e+00	2.310227e-02
1.331755e-03	1.075105e-01	1.184258e+00	2.477442e-02
1.531519e-03	1.152922e-01	1.272278e+00	2.656761e-02
1.761246e-03	1.236371e-01	1.367706e+00	2.849059e-02
2.025433e-03	1.325860e-01	1.462053e+00	3.055275e-02
2.329248e-03	1.421826e-01	1.563603e+00	3.276418e-02
2.678635e-03	1.524739e-01	1.666535e+00	3.513566e-02
3.080431e-03	1.635100e-01	1.773020e+00	3.767880e-02
3.542495e-03	1.753450e-01	1.880454e+00	4.040601e-02
4.073870e-03	1.880365e-01	1.988670e+00	4.333062e-02
4.684950e-03	2.016467e-01	2.104208e+00	4.646692e-02
5.387693e-03	2.162420e-01	2.218075e+00	4.983021e-02
6.195847e-03	2.318937e-01	2.325926e+00	5.343695e-02
7.125224e-03	2.486783e-01	2.432738e+00	5.730475e-02
8.194007e-03	2.666778e-01	2.554334e+00	6.145250e-02
9.423108e-03	2.859800e-01	2.665556e+00	6.590046e-02
1.083657e-02	3.066794e-01	2.775689e+00	7.067037e-02
1.246206e-02	3.288771e-01	2.875140e+00	7.578553e-02
1.433137e-02	3.526813e-01	2.969484e+00	8.123438e-02
1.648108e-02	3.782086e-01	3.076644e+00	8.714989e-02
1.895324e-02	4.055836e-01	3.168056e+00	9.346347e-02
2.179622e-02	4.349399e-01	3.256267e+00	1.002289e-01
2.506566e-02	4.664211e-01	3.336573e+00	1.074830e-01
2.882550e-02	5.001809e-01	3.411462e+00	1.152626e-01
3.314933e-02	5.363842e-01	3.479461e+00	1.236052e-01
3.812173e-02	5.752080e-01	3.535608e+00	1.325516e-01
4.383999e-02	6.168419e-01	3.592008e+00	1.421456e-01
5.041599e-02	6.614892e-01	3.638991e+00	1.524341e-01
5.797838e-02	7.093682e-01	3.678218e+00	1.634671e-01
6.667514e-02	7.607126e-01	3.705120e+00	1.752988e-01
7.667641e-02	8.157734e-01	3.731888e+00	1.879868e-01
8.817787e-02	8.748195e-01	3.755798e+00	2.015933e-01
1.014046e-01	9.381394e-01	3.765671e+00	2.161846e-01
1.166152e-01	1.006042e+00	3.769806e+00	2.318319e-01
1.341075e-01	1.078860e+00	3.761291e+00	2.486118e-01
1.542237e-01	1.156949e+00	3.748746e+00	2.666064e-01
1.773572e-01	1.240689e+00	3.729894e+00	2.859034e-01
2.039608e-01	1.330491e+00	3.698116e+00	3.065970e-01
2.345549e-01	1.426793e+00	3.658471e+00	3.287884e-01
2.697381e-01	1.530065e+00	3.608504e+00	3.525861e-01
3.101989e-01	1.640812e+00	3.549457e+00	3.781065e-01
3.567287e-01	1.759574e+00	3.481194e+00	4.054739e-01
4.102380e-01	1.886933e+00	3.403474e+00	4.348220e-01
4.717737e-01	2.023511e+00	3.316274e+00	4.662944e-01
5.425397e-01	2.169973e+00	3.221274e+00	5.000450e-01
6.239207e-01	2.327037e+00	3.122817e+00	5.362384e-01
7.175088e-01	2.495469e+00	3.016972e+00	5.750515e-01
8.251351e-01	2.676093e+00	2.895728e+00	6.166736e-01
9.489054e-01	2.869790e+00	2.776611e+00	6.613086e-01
1.091241e+00	3.077507e+00	2.649999e+00	7.091759e-01
1.254927e+00	3.300258e+00	2.529366e+00	7.604963e-01
1.443166e+00	3.521409e+00	2.406360e+00	8.156116e-01
1.659641e+00	3.739402e+00	2.265809e+00	8.752271e-01
1.908588e+00	3.967913e+00	2.138419e+00	9.398146e-01
2.194876e+00	4.206398e+00	2.006345e+00	1.009848e+00
2.524107e+00	4.453877e+00	1.880570e+00	1.085862e+00
2.902723e+00	4.708805e+00	1.755712e+00	1.168483e+00
3.338132e+00	4.968900e+00	1.634055e+00	1.258435e+00
3.838852e+00	5.230963e+00	1.524560e+00	1.356580e+00
4.414679e+00	5.490689e+00	1.408301e+00	1.463947e+00
5.076881e+00	2.946011e+00	1.302065e+00	1.581786e+00
5.838413e+00	3.229695e+00	1.201405e+00	1.711640e+00
6.714175e+00	3.547719e+00	1.115308e+00	1.855430e+00
7.721302e+00	3.888314e+00	1.022345e+00	2.015575e+00
8.879497e+00	4.266350e+00	9.337269e-01	2.195151e+00
1.021142e+01	4.682477e+00	8.737640e-01	2.398094e+00
1.174313e+01	5.123001e+00	8.113817e-01	2.629479e+00
1.350460e+01	5.606691e+00	7.403871e-01	2.895870e+00
1.553030e+01	6.085815e+00	6.587432e-01	2.907466e+00
1.785984e+01	6.624946e+00	5.809128e-01	2.746578e+00
2.053882e+01	7.232235e+00	5.257837e-01	2.619760e+00
2.361964e+01	7.853280e+00	4.726403e-01	2.525198e+00
2.716258e+01	8.539909e+00	4.260893e-01	2.461569e+00
3.123697e+01	9.274623e+00	3.836517e-01	2.427961e+00
3.592252e+01	1.007810e+01	3.461171e-01	2.423803e+00
4.131089e+01	1.096668e+01	3.126034e-01	2.448774e+00
4.750753e+01	1.192368e+01	2.792301e-01	2.502961e+00
5.463366e+01	1.298239e+01	2.501356e-01	2.586749e+00
6.282871e+01	1.409434e+01	2.265686e-01	2.700977e+00
7.225301e+01	1.522437e+01	2.049624e-01	2.847064e+00
8.309096e+01	1.642389e+01	1.804136e-01	3.027166e+00
9.555461e+01	1.749843e+01	1.615072e-01	3.244334e+00
1.098878e+02	1.860093e+01	1.435113e-01	3.502688e+00
1.263710e+02	1.959014e+01	1.294102e-01	3.807605e+00
1.453266e+02	2.037824e+01	1.165653e-01	4.165897e+00
1.671256e+02	2.109914e+01	1.020733e-01	4.586167e+00
1.921945e+02	2.181028e+01	9.114609e-02	5.079019e+00
2.210236e+02	2.246673e+01	8.062262e-02	5.657804e+00
2.541772e+02	2.293627e+01	7.180793e-02	6.337185e+00
2.923037e+02	2.623613e+01	6.368908e-02	7.145673e+00
3.361493e+02	2.602713e+01	5.649446e-02	8.116847e+00
3.865717e+02	2.566598e+01	5.064105e-02	9.267874e+00
4.445574e+02	2.514211e+01	4.464208e-02	1.064872e+01
5.112411e+02	2.462713e+01	3.970144e-02	1.229799e+01
5.879272e+02	2.400412e+01	3.529039e-02	1.425203e+01
6.761163e+02	2.325918e+01	3.183438e-02	1.658134e+01
7.775337e+02	2.248296e+01	2.814575e-02	1.937522e+01
8.941638e+02	2.169379e+01	2.458538e-02	2.274214e+01
1.028288e+03	2.093424e+01	2.185504e-02	2.681615e+01
1.182532e+03	2.013503e+01	1.929809e-02	3.177236e+01
1.359911e+03	1.929302e+01	1.736529e-02	3.783350e+01
1.563898e+03	1.843814e+01	1.530151e-02	4.526977e+01
1.798483e+03	1.757552e+01	1.334163e-02	5.441282e+01
2.068255e+03	1.669393e+01	1.184177e-02	6.569717e+01
2.378493e+03	1.580607e+01	1.039234e-02	7.968073e+01
2.735268e+03	1.492551e+01	9.164237e-03	9.706401e+01
3.145558e+03	1.404418e+01	8.086026e-03	1.187405e+02
3.617391e+03	1.316617e+01	7.164273e-03	1.458631e+02
4.160000e+03	1.230345e+01	6.357307e-03	1.799050e+02
4.784000e+03	1.146304e+01	5.570967e-03	2.227496e+02
5.501600e+03	1.064993e+01	4.903446e-03	2.768084e+02
6.326840e+03	9.869184e+00	4.387484e-03	3.451665e+02
7.275866e+03	9.124256e+00	3.912326e-03	4.317643e+02
8.367246e+03	8.417536e+00	3.377706e-03	5.416297e+02
9.622333e+03	7.751319e+00	2.982992e-03	6.811625e+02
