# Energy_MeV	dEdx_Elec_MeV_um	dEdx_Nucl_MeV_um	Range_um
1.000000e-05	8.864941e-03	6.521877e-02	2.256078e-03
1.150000e-05	9.506590e-03	7.206149e-02	2.419374e-03
1.322500e-05	1.019468e-02	7.955772e-02	2.594490e-03
1.520875e-05	1.093258e-02	8.755638e-02	2.782280e-03
1.749006e-05	1.172388e-02	9.632308e-02	2.983663e-03
2.011357e-05	1.257247e-02	1.062315e-01	3.199622e-03
2.313061e-05	1.348247e-02	1.168964e-01	3.431213e-03
2.660020e-05	1.445834e-02	1.285801e-01	3.679566e-03
3.059023e-05	1.550484e-02	1.409774e-01	3.945895e-03
3.517876e-05	1.662709e-02	1.544647e-01	4.231501e-03
4.045558e-05	1.783056e-02	1.696837e-01	4.537779e-03
4.652391e-05	1.912115e-02	1.858769e-01	4.866226e-03
5.350250e-05	2.050515e-02	2.035380e-01	5.218446e-03
6.152788e-05	2.198932e-02	2.224664e-01	5.596160e-03
7.075706e-05	2.358092e-02	2.430836e-01	6.001213e-03
8.137062e-05	2.528772e-02	2.652143e-01	6.435584e-03
9.357621e-05	2.711806e-02	2.884729e-01	6.901395e-03
1.076126e-04	2.908088e-02	3.140721e-01	7.400921e-03
1.237545e-04	3.118577e-02	3.412863e-01	7.936604e-03
1.423177e-04	3.344301e-02	3.703935e-01	8.511059e-03
1.636654e-04	3.586363e-02	4.003053e-01	9.127094e-03
1.882152e-04	3.845946e-02	4.331551e-01	9.787718e-03
2.164475e-04	4.124318e-02	4.692391e-01	1.049616e-02
2.489146e-04	4.422838e-02	5.065208e-01	1.125588e-02
2.862518e-04	4.742965e-02	5.458298e-01	1.207058e-02
3.291895e-04	5.086264e-02	5.857384e-01	1.294426e-02
3.785680e-04	5.454410e-02	6.289381e-01	1.388117e-02
4.353531e-04	5.849203e-02	6.758266e-01	1.488590e-02
5.006561e-04	6.272572e-02	7.235317e-01	1.596335e-02
5.757545e-04	6.726584e-02	7.734118e-01	1.711878e-02
6.621177e-04	7.213457e-02	8.251638e-01	1.835785e-02
7.614354e-04	7.735571e-02	8.777556e-01	1.968660e-02
8.756507e-04	8.295476e-02	9.315315e-01	2.111152e-02
1.006998e-03	8.895907e-02	9.860943e-01	2.263959e-02
1.158048e-03	9.539797e-02	1.042892e+00	2.427825e-02
1.331755e-03	1.023029e-01	1.100582e+00	2.603553e-02
1.531519e-03	1.097077e-01	1.154412e+00	2.791999e-02
1.761246e-03	1.176484e-01	1.208716e+00	2.994085e-02
2.025433e-03	1.261638e-01	1.268293e+00	3.210799e-02
2.329248e-03	1.352956e-01	1.324473e+00	3.443198e-02
2.678635e-03	1.450884e-01	1.380196e+00	3.692419e-02
3.080431e-03	1.555900e-01	1.430448e+00	3.959678e-02
3.542495e-03	1.668516e-01	1.478960e+00	4.246282e-02
4.073870e-03	1.789285e-01	1.531543e+00	4.553630e-02
4.684950e-03	1.918794e-01	1.578418e+00	4.883224e-02
5.387693e-03	2.057677e-01	1.623266e+00	5.236674e-02
6.195847e-03	2.206613e-01	1.663956e+00	5.612996e-02
7.125224e-03	2.366329e-01	1.702406e+00	6.021217e-02
8.194007e-03	2.537605e-01	1.737315e+00	6.458241e-02
9.423108e-03	2.721278e-01	1.766426e+00	6.925659e-02
1.083657e-02	2.918246e-01	1.794909e+00	7.426928e-02
1.246206e-02	3.129470e-01	1.819116e+00	7.964489e-02
1.433137e-02	3.355983e-01	1.839644e+00	8.540949e-02
1.648108e-02	3.598890e-01	1.854584e+00	9.159134e-02
1.895324e-02	3.859380e-01	1.868047e+00	9.822064e-02
2.179622e-02	4.138724e-01	1.880084e+00	1.053298e-01
2.506566e-02	4.438287e-01	1.886799e+00	1.129535e-01
2.882550e-02	4.759533e-01	1.889106e+00	1.211291e-01
3.314933e-02	5.104030e-01	1.886416e+00	1.298963e-01
3.812173e-02	5.473463e-01	1.880462e+00	1.392981e-01
4.383999e-02	5.869635e-01	1.871488e+00	1.493805e-01
5.041599e-02	6.294482e-01	1.857112e+00	1.601927e-01
5.797838e-02	6.750080e-01	1.837848e+00	1.717874e-01
6.667514e-02	7.238654e-01	1.813998e+00	1.842213e-01
7.667641e-02	7.762592e-01	1.785243e+00	1.975552e-01
8.817787e-02	8.324452e-01	1.752022e+00	2.118543e-01
1.014046e-01	8.926981e-01	1.713980e+00	2.271883e-01
1.166152e-01	9.573120e-01	1.671353e+00	2.436321e-01
1.341075e-01	1.026603e+00	1.624375e+00	2.612662e-01
1.542237e-01	1.100909e+00	1.575716e+00	2.801768e-01
1.773572e-01	1.180593e+00	1.523149e+00	3.004560e-01
2.039608e-01	1.266045e+00	1.463843e+00	3.222030e-01
2.345549e-01	1.357682e+00	1.404274e+00	3.455241e-01
2.697381e-01	1.455952e+00	1.341375e+00	3.705332e-01
3.101989e-01	1.561334e+00	1.280843e+00	3.973526e-01
3.567287e-01	1.674345e+00	1.218933e+00	4.261130e-01
4.102380e-01	1.795535e+00	1.150058e+00	4.569554e-01
4.717737e-01	1.925496e+00	1.085256e+00	4.900291e-01
5.425397e-01	2.064865e+00	1.019396e+00	5.254975e-01
6.239207e-01	2.208437e+00	9.560733e-01	5.635436e-01
7.175088e-01	2.345530e+00	8.932129e-01	6.046291e-01
8.251351e-01	2.489373e+00	8.314800e-01	6.491449e-01
9.489054e-01	2.639675e+00	7.757914e-01	6.973978e-01
1.091241e+00	2.795890e+00	7.179164e-01	7.497580e-01
1.254927e+00	1.494855e+00	6.639292e-01	8.066478e-01
1.443166e+00	1.603131e+00	6.131459e-01	8.685573e-01
1.659641e+00	1.728587e+00	5.679765e-01	9.360656e-01
1.908588e+00	1.876277e+00	5.220789e-01	1.009864e+00
2.194876e+00	2.057148e+00	4.781222e-01	1.090791e+00
2.524107e+00	2.257880e+00	4.440616e-01	1.179871e+00
2.902723e+00	2.480344e+00	4.133925e-01	1.278384e+00
3.338132e+00	2.720277e+00	3.782379e-01	1.307880e+00
3.838852e+00	2.989379e+00	3.383668e-01	1.286351e+00
4.414679e+00	3.282948e+00	3.000966e-01	1.266242e+00
5.076881e+00	3.608232e+00	2.691277e-01	1.248622e+00
5.838413e+00	3.971092e+00	2.429350e-01	1.234599e+00
6.714175e+00	4.356516e+00	2.182677e-01	1.225343e+00
7.721302e+00	4.792206e+00	1.969688e-01	1.222064e+00
8.879497e+00	5.281798e+00	1.777149e-01	1.226120e+00
1.021142e+01	5.811387e+00	1.601527e-01	1.238934e+00
1.174313e+01	6.396432e+00	1.436746e-01	1.262024e+00
1.350460e+01	6.985533e+00	1.282985e-01	1.297000e+00
1.553030e+01	7.617404e+00	1.162544e-01	1.345554e+00
1.785984e+01	8.243617e+00	1.050167e-01	1.409466e+00
2.053882e+01	8.875441e+00	9.294483e-02	1.490621e+00
2.361964e+01	9.550573e+00	8.298294e-02	1.591070e+00
2.716258e+01	1.010677e+01	7.385009e-02	1.713102e+00
3.123697e+01	1.066595e+01	6.646918e-02	1.859421e+00
3.592252e+01	1.115798e+01	5.979825e-02	2.033264e+00
4.131089e+01	1.158518e+01	5.261252e-02	2.238610e+00
4.750753e+01	1.200431e+01	4.686310e-02	2.480402e+00
5.463366e+01	1.229412e+01	4.153283e-02	2.764788e+00
6.282871e+01	1.253499e+01	3.695414e-02	3.099434e+00
7.225301e+01	1.267607e+01	3.281140e-02	3.493855e+00
8.309096e+01	1.280563e+01	2.904084e-02	3.959896e+00
9.555461e+01	1.292573e+01	2.601722e-02	4.512214e+00
1.098878e+02	1.292608e+01	2.300019e-02	5.168696e+00
1.263710e+02	1.382649e+01	2.043122e-02	5.955021e+00
1.453266e+02	1.340819e+01	1.818881e-02	6.912390e+00
1.671256e+02	1.292126e+01	1.631666e-02	8.066189e+00
1.921945e+02	1.239215e+01	1.449314e-02	9.469536e+00
2.210236e+02	1.186658e+01	1.272620e-02	1.117803e+01
2.541772e+02	1.136114e+01	1.123103e-02	1.324499e+01
2.923037e+02	1.081190e+01	9.969021e-03	1.575174e+01
3.361493e+02	1.025740e+01	8.899541e-03	1.881434e+01
3.865717e+02	9.707545e+00	7.886240e-03	2.257398e+01
4.445574e+02	9.174963e+00	6.912736e-03	2.720875e+01
5.112411e+02	8.643737e+00	6.089273e-03	3.295047e+01
5.879272e+02	8.109972e+00	5.374911e-03	4.010186e+01
6.761163e+02	7.584897e+00	4.716899e-03	4.904170e+01
7.775337e+02	7.079311e+00	4.172509e-03	6.024162e+01
8.941638e+02	6.582832e+00	3.696991e-03	7.431427e+01
1.028288e+03	6.100121e+00	3.270684e-03	9.206355e+01
1.182532e+03	5.638942e+00	2.881960e-03	1.145116e+02
1.359911e+03	5.196285e+00	2.525448e-03	1.429690e+02
1.563898e+03	4.772600e+00	2.257920e-03	1.791383e+02
1.798483e+03	4.370583e+00	2.011537e-03	2.252115e+02
2.068255e+03	3.992299e+00	1.745666e-03	2.840074e+02
2.378493e+03	3.638899e+00	1.537817e-03	3.591463e+02
2.735268e+03	3.310849e+00	1.346814e-03	4.552738e+02
3.145558e+03	3.007471e+00	1.198018e-03	5.783309e+02
3.617391e+03	2.728398e+00	1.065048e-03	7.358999e+02
4.160000e+03	2.473498e+00	9.220977e-04	9.376253e+02
4.784000e+03	2.241868e+00	8.106310e-04	1.195731e+03
5.501600e+03	2.032151e+00	7.076463e-04	1.525646e+03
6.326840e+03	1.843437e+00	6.216311e-04	1.946749e+03
7.275866e+03	1.674443e+00	5.447739e-04	2.483259e+03
8.367246e+03	1.523343e+00	4.758164e-04	3.165289e+03
9.622333e+03	1.388456e+00	4.210706e-04	4.030051e+03
