# Energy_MeV	dEdx_Elec_MeV_um	dEdx_Nucl_MeV_um	Range_um
1.000000e-05	7.116603e-03	6.496167e-02	2.810330e-03
1.150000e-05	7.631706e-03	7.148492e-02	3.013743e-03
1.322500e-05	8.184093e-03	7.888125e-02	3.231879e-03
1.520875e-05	8.776462e-03	8.672796e-02	3.465804e-03
1.749006e-05	9.411707e-03	9.542802e-02	3.716661e-03
2.011357e-05	1.009293e-02	1.045045e-01	3.985675e-03
2.313061e-05	1.082346e-02	1.145230e-01	4.274160e-03
2.660020e-05	1.160687e-02	1.258346e-01	4.583526e-03
3.059023e-05	1.244698e-02	1.377479e-01	4.915284e-03
3.517876e-05	6.686478e-03	1.508701e-01	5.271055e-03
4.045558e-05	7.226884e-03	1.648167e-01	5.652577e-03
4.652391e-05	7.805982e-03	1.799245e-01	6.061713e-03
5.350250e-05	8.426609e-03	1.962759e-01	6.500463e-03
6.152788e-05	9.091806e-03	2.134494e-01	6.970970e-03
7.075706e-05	9.804826e-03	2.324412e-01	7.475533e-03
8.137062e-05	1.056916e-02	2.524811e-01	8.016616e-03
9.357621e-05	1.138854e-02	2.735335e-01	8.596863e-03
1.076126e-04	1.226699e-02	2.957657e-01	9.219108e-03
1.237545e-04	1.320878e-02	3.203085e-01	9.886392e-03
1.423177e-04	1.421853e-02	3.464647e-01	1.060197e-02
1.636654e-04	1.530117e-02	3.741031e-01	1.136935e-02
1.882152e-04	1.646199e-02	4.024144e-01	1.219227e-02
2.164475e-04	1.770667e-02	4.320009e-01	1.307475e-02
2.489146e-04	1.904129e-02	4.642415e-01	1.402111e-02
2.862518e-04	2.047236e-02	4.980348e-01	1.503597e-02
3.291895e-04	2.200688e-02	5.332845e-01	1.612428e-02
3.785680e-04	2.365235e-02	5.694211e-01	1.729136e-02
4.353531e-04	2.541681e-02	6.078245e-01	1.854292e-02
5.006561e-04	2.730888e-02	6.460628e-01	1.988507e-02
5.757545e-04	2.933779e-02	6.846122e-01	2.132436e-02
6.621177e-04	3.151348e-02	7.249788e-01	2.286783e-02
7.614354e-04	3.384655e-02	7.658661e-01	2.452301e-02
8.756507e-04	3.634842e-02	8.084842e-01	2.629800e-02
1.006998e-03	3.903130e-02	8.465891e-01	2.820146e-02
1.158048e-03	4.190830e-02	8.863805e-01	3.024270e-02
1.331755e-03	4.499348e-02	9.300137e-01	3.243168e-02
1.531519e-03	4.830191e-02	9.700611e-01	3.477910e-02
1.761246e-03	5.184975e-02	1.010629e+00	3.729643e-02
2.025433e-03	5.565434e-02	1.045863e+00	3.999597e-02
2.329248e-03	5.973426e-02	1.081207e+00	4.289090e-02
2.678635e-03	6.410944e-02	1.119123e+00	4.599537e-02
3.080431e-03	6.880126e-02	1.152354e+00	4.932454e-02
3.542495e-03	7.383264e-02	1.184721e+00	5.289467e-02
4.073870e-03	7.922816e-02	1.213635e+00	5.672322e-02
4.684950e-03	8.501418e-02	1.240361e+00	6.082887e-02
5.387693e-03	9.121896e-02	1.265060e+00	6.523170e-02
6.195847e-03	9.787282e-02	1.285816e+00	6.994807e-02
7.125224e-03	1.050083e-01	1.306175e+00	7.501915e-02
8.194007e-03	1.126601e-01	1.323175e+00	8.044747e-02
9.423108e-03	1.208659e-01	1.336631e+00	8.627092e-02
1.083657e-02	1.296655e-01	1.347350e+00	9.251499e-02
1.246206e-02	1.391020e-01	1.357226e+00	9.921114e-02
1.433137e-02	1.492215e-01	1.364680e+00	1.063920e-01
1.648108e-02	1.600735e-01	1.369101e+00	1.140926e-01
1.895324e-02	1.717109e-01	1.369610e+00	1.223505e-01
2.179622e-02	1.841906e-01	1.367194e+00	1.312061e-01
2.506566e-02	1.975737e-01	1.362605e+00	1.407028e-01
2.882550e-02	2.119253e-01	1.354960e+00	1.508868e-01
3.314933e-02	2.273157e-01	1.343794e+00	1.618079e-01
3.812173e-02	2.438201e-01	1.328952e+00	1.735195e-01
4.383999e-02	2.615191e-01	1.310915e+00	1.860788e-01
5.041599e-02	2.804991e-01	1.289242e+00	1.995472e-01
5.797838e-02	3.008529e-01	1.264369e+00	2.139904e-01
6.667514e-02	3.226799e-01	1.235872e+00	2.294789e-01
7.667641e-02	3.460868e-01	1.204377e+00	2.460886e-01
8.817787e-02	3.711878e-01	1.169539e+00	2.639005e-01
1.014046e-01	3.981057e-01	1.133955e+00	2.830017e-01
1.166152e-01	4.269719e-01	1.094902e+00	3.034853e-01
1.341075e-01	4.579274e-01	1.051445e+00	3.254516e-01
1.542237e-01	4.911235e-01	1.007941e+00	3.490077e-01
1.773572e-01	5.267224e-01	9.619730e-01	3.742690e-01
2.039608e-01	5.648979e-01	9.184255e-01	4.013587e-01
2.345549e-01	6.058366e-01	8.727175e-01	4.304091e-01
2.697381e-01	6.497384e-01	8.231155e-01	4.615621e-01
3.101989e-01	6.968179e-01	7.761115e-01	4.949701e-01
3.567287e-01	7.473050e-01	7.283029e-01	5.307964e-01
4.102380e-01	8.014463e-01	6.824022e-01	5.692147e-01
4.717737e-01	8.595065e-01	6.376392e-01	6.104188e-01
5.425397e-01	9.217691e-01	5.937176e-01	6.545866e-01
6.239207e-01	9.885443e-01	5.530595e-01	7.021438e-01
7.175088e-01	1.060153e+00	5.114402e-01	7.536581e-01
8.251351e-01	1.136945e+00	4.723350e-01	8.094722e-01
9.489054e-01	1.219296e+00	4.372054e-01	8.700158e-01
1.091241e+00	1.307607e+00	4.042287e-01	9.357617e-01
1.254927e+00	1.402310e+00	3.700754e-01	1.007263e+00
1.443166e+00	1.505895e+00	3.409175e-01	1.085168e+00
1.659641e+00	1.625927e+00	3.169966e-01	1.170245e+00
1.908588e+00	1.772605e+00	2.940806e-01	1.263422e+00
2.194876e+00	1.943075e+00	2.677559e-01	1.276701e+00
2.524107e+00	2.128179e+00	2.378566e-01	1.280246e+00
2.902723e+00	2.334907e+00	2.123122e-01	1.282426e+00
3.338132e+00	2.564856e+00	1.904757e-01	1.284039e+00
3.838852e+00	2.818268e+00	1.721043e-01	1.286001e+00
4.414679e+00	3.103738e+00	1.543578e-01	1.289306e+00
5.076881e+00	3.414453e+00	1.391853e-01	1.295170e+00
5.838413e+00	3.746787e+00	1.259265e-01	1.304897e+00
6.714175e+00	4.103887e+00	1.131382e-01	1.319966e+00
7.721302e+00	4.497004e+00	1.016254e-01	1.342039e+00
8.879497e+00	4.929870e+00	9.078148e-02	1.372976e+00
1.021142e+01	5.366106e+00	8.237256e-02	1.414839e+00
1.174313e+01	5.807443e+00	7.418681e-02	1.469896e+00
1.350460e+01	6.267225e+00	6.571164e-02	1.540611e+00
1.553030e+01	6.656853e+00	5.865344e-02	1.629628e+00
1.785984e+01	7.060089e+00	5.221498e-02	1.739833e+00
2.053882e+01	7.432422e+00	4.706148e-02	1.874367e+00
2.361964e+01	7.759896e+00	4.219328e-02	2.036754e+00
2.716258e+01	8.074143e+00	3.722366e-02	2.231068e+00
3.123697e+01	8.289801e+00	3.309134e-02	2.462134e+00
3.592252e+01	8.497862e+00	2.933923e-02	2.735839e+00
4.131089e+01	8.658135e+00	2.605900e-02	3.059425e+00
4.750753e+01	8.765782e+00	2.317099e-02	3.441892e+00
5.463366e+01	8.848313e+00	2.056614e-02	3.894465e+00
6.282871e+01	8.835607e+00	1.836711e-02	4.431153e+00
7.225301e+01	8.814024e+00	1.625593e-02	5.069483e+00
8.309096e+01	8.777867e+00	1.439932e-02	5.831200e+00
9.555461e+01	8.687714e+00	1.287918e-02	6.744249e+00
1.098878e+02	9.271652e+00	1.152981e-02	7.841416e+00
1.263710e+02	8.901037e+00	1.017177e-02	9.184388e+00
1.453266e+02	8.497865e+00	8.973395e-03	1.082577e+01
1.671256e+02	8.071549e+00	7.907712e-03	1.283132e+01
1.921945e+02	7.623624e+00	7.050689e-03	1.530146e+01
2.210236e+02	7.240415e+00	6.286981e-03	1.833033e+01
2.541772e+02	6.830555e+00	5.529631e-03	2.203406e+01
2.923037e+02	6.417709e+00	4.870967e-03	2.659951e+01
3.361493e+02	6.013054e+00	4.284312e-03	3.225400e+01
3.865717e+02	5.620829e+00	3.787996e-03	3.928768e+01
4.445574e+02	5.241644e+00	3.323161e-03	4.807340e+01
5.112411e+02	4.866235e+00	2.934119e-03	5.910452e+01
5.879272e+02	4.501675e+00	2.608590e-03	7.301139e+01
6.761163e+02	4.157648e+00	2.299340e-03	9.058345e+01
7.775337e+02	3.826732e+00	2.029797e-03	1.128292e+02
8.941638e+02	3.510877e+00	1.783430e-03	1.410851e+02
1.028288e+03	3.213077e+00	1.595692e-03	1.770643e+02
1.182532e+03	2.933075e+00	1.415367e-03	2.229603e+02
1.359911e+03	2.670911e+00	1.232731e-03	2.816145e+02
1.563898e+03	2.425875e+00	1.083115e-03	3.566978e+02
1.798483e+03	2.198465e+00	9.512184e-04	4.529325e+02
2.068255e+03	1.988637e+00	8.465033e-04	5.763767e+02
2.378493e+03	1.796413e+00	7.488108e-04	7.348015e+02
2.735268e+03	1.621648e+00	6.510223e-04	9.381389e+02
3.145558e+03	1.463458e+00	5.704896e-04	1.199052e+03
3.617391e+03	1.320136e+00	4.991877e-04	1.533639e+03
4.160000e+03	1.190774e+00	4.368965e-04	1.962299e+03
4.784000e+03	1.075112e+00	3.834735e-04	2.510782e+03
5.501600e+03	9.718867e-01	3.361512e-04	3.211452e+03
6.326840e+03	8.796890e-01	2.962690e-04	4.104800e+03
7.275866e+03	7.977549e-01	2.587165e-04	5.241251e+03
8.367246e+03	7.252613e-01	2.258603e-04	6.683262e+03
9.622333e+03	6.610716e-01	1.998258e-04	8.507703e+03
