# Energy_MeV	dEdx_Elec_MeV_um	dEdx_Nucl_MeV_um	Range_um
1.000000e-05	3.533974e-03	2.993870e-02	4.583751e-03
1.150000e-05	3.825286e-03	3.225719e-02	4.915526e-03
1.322500e-05	4.137367e-03	3.456653e-02	5.271314e-03
1.520875e-05	4.471750e-03	3.699869e-02	5.652854e-03
1.749006e-05	4.830074e-03	3.958518e-02	6.062011e-03
2.011357e-05	5.214095e-03	4.226257e-02	6.500783e-03
2.313061e-05	5.625694e-03	4.496080e-02	6.971313e-03
2.660020e-05	6.066884e-03	4.767221e-02	7.475900e-03
3.059023e-05	6.539825e-03	5.054910e-02	8.017010e-03
3.517876e-05	7.046830e-03	5.346459e-02	8.597285e-03
4.045558e-05	7.590377e-03	5.644562e-02	9.219561e-03
4.652391e-05	8.173124e-03	5.914132e-02	9.886878e-03
5.350250e-05	8.797920e-03	6.208462e-02	1.060250e-02
6.152788e-05	9.467818e-03	6.522803e-02	1.136991e-02
7.075706e-05	1.018609e-02	6.792144e-02	1.219287e-02
8.137062e-05	1.095625e-02	7.091868e-02	1.307540e-02
9.357621e-05	1.178206e-02	7.342076e-02	1.402180e-02
1.076126e-04	1.266756e-02	7.611115e-02	1.503671e-02
1.237545e-04	1.361706e-02	7.890059e-02	1.612507e-02
1.423177e-04	1.463522e-02	8.114588e-02	1.729221e-02
1.636654e-04	1.572700e-02	8.360567e-02	1.854383e-02
1.882152e-04	1.689774e-02	8.571950e-02	1.988604e-02
2.164475e-04	1.815316e-02	8.773827e-02	2.132540e-02
2.489146e-04	1.949939e-02	8.957715e-02	2.286895e-02
2.862518e-04	2.094301e-02	9.116510e-02	2.452422e-02
3.291895e-04	2.249107e-02	9.275435e-02	2.629929e-02
3.785680e-04	2.415114e-02	9.398647e-02	2.820285e-02
4.353531e-04	2.593132e-02	9.504618e-02	3.024418e-02
5.006561e-04	2.784031e-02	9.591661e-02	3.243328e-02
5.757545e-04	2.988745e-02	9.680335e-02	3.478081e-02
6.621177e-04	3.208272e-02	9.734396e-02	3.729196e-02
7.614354e-04	3.443686e-02	9.769817e-02	3.999919e-02
8.756507e-04	3.696136e-02	9.789099e-02	4.289368e-02
1.006998e-03	3.966856e-02	9.781024e-02	4.599875e-02
1.158048e-03	4.257168e-02	9.763787e-02	4.932797e-02
1.331755e-03	4.568491e-02	9.714324e-02	5.289828e-02
1.531519e-03	4.902346e-02	9.642133e-02	5.672702e-02
1.761246e-03	5.260363e-02	9.551167e-02	6.083289e-02
2.025433e-03	5.644291e-02	9.433244e-02	6.523594e-02
2.329248e-03	6.056007e-02	9.290531e-02	6.995766e-02
2.678635e-03	6.497522e-02	9.124343e-02	7.502114e-02
3.080431e-03	6.970992e-02	8.931677e-02	8.045116e-02
3.542495e-03	7.478731e-02	8.718881e-02	8.627420e-02
4.073870e-03	8.023219e-02	8.481236e-02	9.251869e-02
4.684950e-03	8.607116e-02	8.238332e-02	9.921514e-02
5.387693e-03	9.233275e-02	7.963132e-02	1.063963e-01
6.195847e-03	9.904754e-02	7.661011e-02	1.140973e-01
7.125224e-03	1.062483e-01	7.368142e-02	1.223556e-01
8.194007e-03	1.139703e-01	7.040346e-02	1.312117e-01
9.423108e-03	1.222512e-01	6.739464e-02	1.407088e-01
1.083657e-02	1.311315e-01	6.405208e-02	1.508933e-01
1.246206e-02	1.406545e-01	6.052002e-02	1.618150e-01
1.433137e-02	1.508668e-01	5.734167e-02	1.735272e-01
1.648108e-02	1.618183e-01	5.383369e-02	1.860871e-01
1.895324e-02	1.735624e-01	5.058226e-02	1.995560e-01
2.179622e-02	1.861566e-01	4.732175e-02	2.140000e-01
2.506566e-02	1.996624e-01	4.416169e-02	2.294894e-01
2.882550e-02	2.141456e-01	4.118164e-02	2.460998e-01
3.314933e-02	2.296772e-01	3.809052e-02	2.639125e-01
3.812173e-02	2.463330e-01	3.533816e-02	2.830146e-01
4.383999e-02	2.641943e-01	3.275729e-02	3.034991e-01
5.041599e-02	2.833485e-01	3.030560e-02	3.254682e-01
5.797838e-02	3.038890e-01	2.764262e-02	3.490182e-01
6.667514e-02	3.259192e-01	2.565569e-02	3.743418e-01
7.667641e-02	3.495451e-01	2.389379e-02	4.017588e-01
8.817787e-02	3.748810e-01	2.191689e-02	4.314617e-01
1.014046e-01	4.020441e-01	1.998100e-02	4.564676e-01
1.166152e-01	4.311667e-01	1.793208e-02	4.751327e-01
1.341075e-01	4.623999e-01	1.627228e-02	4.966814e-01
1.542237e-01	4.938945e-01	1.466319e-02	5.192522e-01
1.773572e-01	5.213371e-01	1.310656e-02	5.418734e-01
2.039608e-01	5.544646e-01	1.175741e-02	5.645459e-01
2.345549e-01	5.938297e-01	1.061490e-02	5.873242e-01
2.697381e-01	6.320783e-01	9.612927e-03	6.103306e-01
3.101989e-01	6.730698e-01	8.626740e-03	6.337727e-01
3.567287e-01	7.135695e-01	7.746288e-03	6.579663e-01
4.102380e-01	7.545136e-01	6.946912e-03	6.833527e-01
4.717737e-01	7.980691e-01	6.305012e-03	7.105256e-01
5.425397e-01	8.381532e-01	5.643352e-03	7.402621e-01
6.239207e-01	8.799258e-01	5.005187e-03	7.735553e-01
7.175088e-01	9.192297e-01	4.521040e-03	8.116548e-01
8.251351e-01	9.581131e-01	4.010771e-03	8.561192e-01
9.489054e-01	9.991547e-01	3.621299e-03	9.088667e-01
1.091241e+00	1.031450e+00	3.223595e-03	9.722371e-01
1.254927e+00	1.061840e+00	2.845418e-03	1.049054e+00
1.443166e+00	1.085857e+00	2.560477e-03	1.142697e+00
1.659641e+00	1.097599e+00	2.259819e-03	1.257184e+00
1.908588e+00	1.103920e+00	2.010810e-03	1.397285e+00
2.194876e+00	1.096910e+00	1.785391e-03	1.568678e+00
2.524107e+00	1.084806e+00	1.586555e-03	1.778176e+00
2.902723e+00	1.065755e+00	1.414184e-03	2.034052e+00
3.338132e+00	1.039753e+00	1.247576e-03	2.346502e+00
3.838852e+00	1.008715e+00	1.112163e-03	2.728253e+00
4.414679e+00	9.724054e-01	9.943774e-04	3.195406e+00
5.076881e+00	9.319343e-01	8.880428e-04	3.768543e+00
5.838413e+00	8.866830e-01	7.767743e-04	4.474194e+00
6.714175e+00	8.406349e-01	6.926717e-04	5.346758e+00
7.721302e+00	7.899638e-01	6.143317e-04	6.431000e+00
8.879497e+00	7.366520e-01	5.446079e-04	7.785099e+00
1.021142e+01	6.822943e-01	4.850917e-04	9.485662e+00
1.174313e+01	6.253070e-01	4.232741e-04	1.162817e+01
1.350460e+01	5.902926e-01	3.769989e-04	1.436450e+01
1.553030e+01	5.380537e-01	3.334551e-04	1.787247e+01
1.785984e+01	4.866527e-01	2.930804e-04	2.235258e+01
2.053882e+01	4.383981e-01	2.575629e-04	2.811367e+01
2.361964e+01	3.973767e-01	2.273615e-04	3.549017e+01
2.716258e+01	3.594518e-01	2.021428e-04	4.487878e+01
3.123697e+01	3.240496e-01	1.777589e-04	5.686315e+01
3.592252e+01	2.916288e-01	1.569072e-04	7.217921e+01
4.131089e+01	2.621627e-01	1.384076e-04	9.176909e+01
4.750753e+01	2.354135e-01	1.237294e-04	1.168408e+02
5.463366e+01	2.109074e-01	1.088125e-04	1.489843e+02
6.282871e+01	1.888241e-01	9.497064e-05	1.902518e+02
7.225301e+01	1.691587e-01	8.461020e-05	2.432318e+02
8.309096e+01	1.515051e-01	7.391413e-05	3.112079e+02
9.555461e+01	1.356087e-01	6.586419e-05	3.984926e+02
1.098878e+02	1.213554e-01	0.000000e+00	5.106302e+02
1.263710e+02	1.086180e-01	0.000000e+00	6.546936e+02
1.453266e+02	9.719833e-02	0.000000e+00	8.397852e+02
1.671256e+02	8.696306e-02	0.000000e+00	1.077645e+03
1.921945e+02	7.781552e-02	0.000000e+00	1.383332e+03
2.210236e+02	6.964893e-02	0.000000e+00	1.776118e+03
2.541772e+02	6.236215e-02	0.000000e+00	2.280676e+03
2.923037e+02	5.587039e-02	0.000000e+00	2.928508e+03
3.361493e+02	5.009325e-02	0.000000e+00	3.759743e+03
3.865717e+02	4.495793e-02	0.000000e+00	4.825398e+03
4.445574e+02	4.039792e-02	0.000000e+00	6.190137e+03
5.112411e+02	3.635369e-02	0.000000e+00	7.935652e+03
5.879272e+02	3.276920e-02	0.000000e+00	1.016474e+04
6.761163e+02	2.959428e-02	0.000000e+00	1.300619e+04
7.775337e+02	2.678632e-02	0.000000e+00	1.662058e+04
8.941638e+02	2.430804e-02	0.000000e+00	2.120712e+04
1.028288e+03	2.212244e-02	0.000000e+00	2.701139e+04
1.182532e+03	2.019748e-02	0.000000e+00	3.433404e+04
1.359911e+03	1.850656e-02	0.000000e+00	4.354046e+04
1.563898e+03	1.702542e-02	0.000000e+00	5.507110e+04
1.798483e+03	1.573196e-02	0.000000e+00	6.945226e+04
2.068255e+03	1.460646e-02	0.000000e+00	8.730692e+04
2.378493e+03	1.363112e-02	0.000000e+00	1.093652e+05
2.735268e+03	1.278960e-02	0.000000e+00	1.364743e+05
3.145558e+03	1.206778e-02	0.000000e+00	1.696069e+05
3.617391e+03	1.145359e-02	0.000000e+00	2.098684e+05
4.160000e+03	1.093600e-02	0.000000e+00	2.585058e+05
4.784000e+03	1.050496e-02	0.000000e+00	3.169001e+05
5.501600e+03	1.011571e-02	0.000000e+00	3.867096e+05
6.326840e+03	9.790090e-03	0.000000e+00	4.340055e+05
7.275866e+03	9.527758e-03	0.000000e+00	4.340055e+05
8.367246e+03	9.321539e-03	0.000000e+00	4.340055e+05
9.622333e+03	9.164859e-03	0.000000e+00	4.340055e+05
