# Energy_MeV	dEdx_Elec_MeV_um	dEdx_Nucl_MeV_um	Range_um
1.000000e-05	8.745109e-03	5.015454e-02	2.286993e-03
1.150000e-05	9.378084e-03	5.568120e-02	2.452526e-03
1.322500e-05	1.005688e-02	6.185647e-02	2.630042e-03
1.520875e-05	1.078480e-02	6.852884e-02	2.820405e-03
1.749006e-05	1.156541e-02	7.597060e-02	3.024548e-03
2.011357e-05	1.240252e-02	8.409311e-02	3.243466e-03
2.313061e-05	1.330022e-02	9.305204e-02	3.478230e-03
2.660020e-05	1.426289e-02	1.028465e-01	3.729986e-03
3.059023e-05	1.529525e-02	1.135587e-01	3.999965e-03
3.517876e-05	1.640233e-02	1.255020e-01	4.289484e-03
4.045558e-05	1.758954e-02	1.385046e-01	4.599959e-03
4.652391e-05	1.886268e-02	1.523777e-01	4.932907e-03
5.350250e-05	2.022797e-02	1.675636e-01	5.289953e-03
6.152788e-05	2.169208e-02	1.849669e-01	5.672843e-03
7.075706e-05	2.326216e-02	2.034008e-01	6.083446e-03
8.137062e-05	2.494589e-02	2.236911e-01	6.523769e-03
9.357621e-05	2.675149e-02	2.451218e-01	6.995963e-03
1.076126e-04	2.868777e-02	2.684472e-01	7.502335e-03
1.237545e-04	3.076421e-02	2.951740e-01	8.045357e-03
1.423177e-04	3.299094e-02	3.230676e-01	8.627685e-03
1.636654e-04	3.537884e-02	3.537290e-01	9.252161e-03
1.882152e-04	3.793958e-02	3.865104e-01	9.921837e-03
2.164475e-04	4.068567e-02	4.220782e-01	1.063999e-02
2.489146e-04	4.363052e-02	4.604851e-01	1.141011e-02
2.862518e-04	4.678852e-02	5.005496e-01	1.223598e-02
3.291895e-04	5.017510e-02	5.451089e-01	1.312163e-02
3.785680e-04	5.380680e-02	5.920867e-01	1.407138e-02
4.353531e-04	5.770136e-02	6.420259e-01	1.508987e-02
5.006561e-04	6.187782e-02	6.933200e-01	1.618209e-02
5.757545e-04	6.635657e-02	7.507701e-01	1.735336e-02
6.621177e-04	7.115949e-02	8.132705e-01	1.860940e-02
7.614354e-04	7.631005e-02	8.768460e-01	1.995636e-02
8.756507e-04	8.183341e-02	9.447708e-01	2.140081e-02
1.006998e-03	8.775656e-02	1.012533e+00	2.294981e-02
1.158048e-03	9.410842e-02	1.088117e+00	2.461093e-02
1.331755e-03	1.009200e-01	1.169124e+00	2.639228e-02
1.531519e-03	1.082247e-01	1.249905e+00	2.830257e-02
1.761246e-03	1.160580e-01	1.336322e+00	3.035113e-02
2.025433e-03	1.244584e-01	1.424499e+00	3.254796e-02
2.329248e-03	1.334668e-01	1.515101e+00	3.490380e-02
2.678635e-03	1.431271e-01	1.606405e+00	3.743015e-02
3.080431e-03	1.534868e-01	1.699127e+00	4.013937e-02
3.542495e-03	1.645962e-01	1.797233e+00	4.304467e-02
4.073870e-03	1.765098e-01	1.894725e+00	4.616027e-02
4.684950e-03	1.892857e-01	1.985648e+00	4.950138e-02
5.387693e-03	2.029863e-01	2.077266e+00	5.308431e-02
6.195847e-03	2.176785e-01	2.181706e+00	5.692658e-02
7.125224e-03	2.334342e-01	2.275046e+00	6.104696e-02
8.194007e-03	2.503303e-01	2.369500e+00	6.546557e-02
9.423108e-03	2.684493e-01	2.452792e+00	7.020400e-02
1.083657e-02	2.878798e-01	2.533687e+00	7.528540e-02
1.246206e-02	3.087167e-01	2.625748e+00	8.069389e-02
1.433137e-02	3.310618e-01	2.701910e+00	8.656560e-02
1.648108e-02	3.550242e-01	2.777608e+00	9.284723e-02
1.895324e-02	3.807211e-01	2.845059e+00	9.956727e-02
2.179622e-02	4.082779e-01	2.908299e+00	1.067737e-01
2.506566e-02	4.378292e-01	2.966006e+00	1.145020e-01
2.882550e-02	4.695195e-01	3.013502e+00	1.227895e-01
3.314933e-02	5.035036e-01	3.061905e+00	1.316769e-01
3.812173e-02	5.399475e-01	3.100974e+00	1.412076e-01
4.383999e-02	5.790291e-01	3.133611e+00	1.514281e-01
5.041599e-02	6.209396e-01	3.156501e+00	1.623884e-01
5.797838e-02	6.658835e-01	3.179509e+00	1.741420e-01
6.667514e-02	7.140805e-01	3.198981e+00	1.867463e-01
7.667641e-02	7.657660e-01	3.207210e+00	2.002629e-01
8.817787e-02	8.211926e-01	3.210035e+00	2.147580e-01
1.014046e-01	8.806310e-01	3.202545e+00	2.303021e-01
1.166152e-01	9.443715e-01	3.191796e+00	2.469713e-01
1.341075e-01	1.012726e+00	3.174998e+00	2.648470e-01
1.542237e-01	1.086027e+00	3.147575e+00	2.840166e-01
1.773572e-01	1.164634e+00	3.113309e+00	3.045738e-01
2.039608e-01	1.248931e+00	3.070354e+00	3.266188e-01
2.345549e-01	1.339330e+00	3.019602e+00	3.502594e-01
2.697381e-01	1.436271e+00	2.961047e+00	3.756112e-01
3.101989e-01	1.540229e+00	2.894339e+00	4.027981e-01
3.567287e-01	1.651712e+00	2.819795e+00	4.319527e-01
4.102380e-01	1.771263e+00	2.738312e+00	4.632174e-01
4.717737e-01	1.899468e+00	2.654578e+00	4.967450e-01
5.425397e-01	2.036953e+00	2.563748e+00	5.326996e-01
6.239207e-01	2.184389e+00	2.459745e+00	5.712567e-01
7.175088e-01	2.342496e+00	2.358835e+00	6.126043e-01
8.251351e-01	2.512047e+00	2.250158e+00	6.569450e-01
9.489054e-01	2.693870e+00	2.148411e+00	7.044939e-01
1.091241e+00	2.888854e+00	2.042893e+00	7.554839e-01
1.254927e+00	3.088548e+00	1.923314e+00	8.101882e-01
1.443166e+00	3.280192e+00	1.815127e+00	8.692795e-01
1.659641e+00	3.481241e+00	1.701773e+00	9.333039e-01
1.908588e+00	3.691279e+00	1.595585e+00	1.002707e+00
2.194876e+00	3.909528e+00	1.489631e+00	1.078021e+00
2.524107e+00	4.134729e+00	1.386744e+00	1.159855e+00
2.902723e+00	4.365008e+00	1.293059e+00	1.248916e+00
3.338132e+00	4.597708e+00	1.193837e+00	1.346040e+00
3.838852e+00	2.443038e+00	1.103882e+00	1.452226e+00
4.414679e+00	2.678593e+00	1.019186e+00	1.568684e+00
5.076881e+00	2.939333e+00	9.456164e-01	1.696899e+00
5.838413e+00	3.229307e+00	8.657607e-01	1.838718e+00
6.714175e+00	3.538922e+00	7.922441e-01	1.996464e+00
7.721302e+00	3.884449e+00	7.413538e-01	2.173082e+00
8.879497e+00	4.256857e+00	6.877233e-01	2.372340e+00
1.021142e+01	4.658795e+00	6.267749e-01	2.599084e+00
1.174313e+01	5.100751e+00	5.566842e-01	2.535465e+00
1.350460e+01	5.538558e+00	4.920018e-01	2.425203e+00
1.553030e+01	6.032012e+00	4.451564e-01	2.335549e+00
1.785984e+01	6.586586e+00	4.003169e-01	2.266945e+00
2.053882e+01	7.183166e+00	3.605489e-01	2.219951e+00
2.361964e+01	7.844536e+00	3.247913e-01	2.195258e+00
2.716258e+01	8.546080e+00	2.932042e-01	2.193671e+00
3.123697e+01	9.322945e+00	2.645219e-01	2.216029e+00
3.592252e+01	1.015661e+01	2.364166e-01	2.263439e+00
4.131089e+01	1.105375e+01	2.115673e-01	2.337021e+00
4.750753e+01	1.204816e+01	1.919633e-01	2.438128e+00
5.463366e+01	1.301705e+01	1.734431e-01	2.568435e+00
6.282871e+01	1.402230e+01	1.527146e-01	2.730098e+00
7.225301e+01	1.500631e+01	1.367390e-01	2.925935e+00
8.309096e+01	1.591303e+01	1.212979e-01	3.159623e+00
9.555461e+01	1.684213e+01	1.096348e-01	3.435894e+00
1.098878e+02	1.759458e+01	9.861365e-02	3.760795e+00
1.263710e+02	1.826151e+01	8.645482e-02	4.141937e+00
1.453266e+02	1.878113e+01	7.715224e-02	4.588787e+00
1.671256e+02	1.930140e+01	6.820614e-02	5.113112e+00
1.921945e+02	1.982492e+01	6.075859e-02	5.729385e+00
2.210236e+02	2.012863e+01	5.390647e-02	6.454831e+00
2.541772e+02	2.237967e+01	4.785663e-02	7.315911e+00
2.923037e+02	2.207807e+01	4.285597e-02	8.354433e+00
3.361493e+02	2.164289e+01	3.780251e-02	9.590625e+00
3.865717e+02	2.110239e+01	3.358595e-02	1.107688e+01
4.445574e+02	2.053309e+01	2.989386e-02	1.286256e+01
5.112411e+02	1.994244e+01	2.694529e-02	1.499140e+01
5.879272e+02	1.924147e+01	2.377592e-02	1.753665e+01
6.761163e+02	1.851423e+01	2.080440e-02	2.060231e+01
7.775337e+02	1.777706e+01	1.847958e-02	2.431249e+01
8.941638e+02	1.706270e+01	1.634184e-02	2.882140e+01
1.028288e+03	1.633395e+01	1.469634e-02	3.432889e+01
1.182532e+03	1.557330e+01	1.292283e-02	4.109339e+01
1.359911e+03	1.480226e+01	1.129198e-02	4.943248e+01
1.563898e+03	1.403982e+01	1.001110e-02	5.973575e+01
1.798483e+03	1.326727e+01	8.791728e-03	7.250798e+01
2.068255e+03	1.249378e+01	7.743405e-03	8.840748e+01
2.378493e+03	1.173668e+01	6.837368e-03	1.082632e+02
2.735268e+03	1.098591e+01	6.065572e-03	1.331317e+02
3.145558e+03	1.024347e+01	5.373139e-03	1.643807e+02
3.617391e+03	9.520475e+00	4.712245e-03	2.037639e+02
4.160000e+03	8.824156e+00	4.143819e-03	2.535289e+02
4.784000e+03	8.156801e+00	3.715226e-03	3.165574e+02
5.501600e+03	7.520489e+00	3.307518e-03	3.965437e+02
6.326840e+03	6.917242e+00	2.859472e-03	4.982121e+02
7.275866e+03	6.349499e+00	2.523622e-03	6.275971e+02
8.367246e+03	5.819656e+00	2.205572e-03	7.923862e+02
9.622333e+03	5.327797e+00	1.970968e-03	1.002343e+03
