# Energy_MeV	dEdx_Elec_MeV_um	dEdx_Nucl_MeV_um	Range_um
1.000000e-05	3.732977e-03	4.774207e-02	4.203534e-03
1.150000e-05	4.045124e-03	5.178992e-02	4.507788e-03
1.322500e-05	4.379447e-03	5.592508e-02	4.834064e-03
1.520875e-05	4.737591e-03	6.040153e-02	5.183956e-03
1.749006e-05	5.121316e-03	6.501486e-02	5.559174e-03
2.011357e-05	5.532503e-03	6.982053e-02	5.961550e-03
2.313061e-05	5.973167e-03	7.518947e-02	6.393050e-03
2.660020e-05	6.445466e-03	8.051883e-02	6.855782e-03
3.059023e-05	6.951713e-03	8.626713e-02	7.352007e-03
3.517876e-05	7.494384e-03	9.219753e-02	7.884150e-03
4.045558e-05	8.076134e-03	9.842797e-02	8.454809e-03
4.652391e-05	8.699807e-03	1.046715e-01	9.066772e-03
5.350250e-05	9.368452e-03	1.109773e-01	9.723030e-03
6.152788e-05	1.008534e-02	1.176820e-01	1.042679e-02
7.075706e-05	1.085397e-02	1.243087e-01	1.118148e-02
8.137062e-05	1.167810e-02	1.311949e-01	1.199081e-02
9.357621e-05	1.256177e-02	1.374477e-01	1.285871e-02
1.076126e-04	1.350927e-02	1.443372e-01	1.378943e-02
1.237545e-04	1.452526e-02	1.514155e-01	1.478751e-02
1.423177e-04	1.561469e-02	1.576837e-01	1.585784e-02
1.636654e-04	1.678288e-02	1.646750e-01	1.700564e-02
1.882152e-04	1.803554e-02	1.703652e-01	1.823652e-02
2.164475e-04	1.937879e-02	1.766300e-01	1.955649e-02
2.489146e-04	2.081920e-02	1.828012e-01	2.097199e-02
2.862518e-04	2.236379e-02	1.880083e-01	2.248996e-02
3.291895e-04	2.402013e-02	1.937472e-01	2.411779e-02
3.785680e-04	2.579629e-02	1.984937e-01	2.586345e-02
4.353531e-04	2.770097e-02	2.031116e-01	2.773546e-02
5.006561e-04	2.974345e-02	2.072109e-01	2.974297e-02
5.757545e-04	3.193373e-02	2.107934e-01	3.189578e-02
6.621177e-04	3.428249e-02	2.143839e-01	3.420442e-02
7.614354e-04	3.680122e-02	2.171568e-01	3.668015e-02
8.756507e-04	3.950222e-02	2.195670e-01	3.933508e-02
1.006998e-03	4.239869e-02	2.214970e-01	4.218217e-02
1.158048e-03	4.550478e-02	2.233911e-01	4.523534e-02
1.331755e-03	4.883565e-02	2.245279e-01	4.850772e-02
1.531519e-03	5.240759e-02	2.253840e-01	5.202241e-02
1.761246e-03	5.623804e-02	2.256763e-01	5.578678e-02
2.025433e-03	6.034572e-02	2.254172e-01	5.982518e-02
2.329248e-03	6.475069e-02	2.249140e-01	6.415512e-02
2.678635e-03	6.947447e-02	2.236649e-01	6.879861e-02
3.080431e-03	7.454015e-02	2.219921e-01	7.377821e-02
3.542495e-03	7.997246e-02	2.197588e-01	7.911824e-02
4.073870e-03	8.579795e-02	2.169368e-01	8.484475e-02
4.684950e-03	9.204508e-02	2.135478e-01	9.098574e-02
5.387693e-03	9.874436e-02	2.096212e-01	9.757124e-02
6.195847e-03	1.059285e-01	2.050837e-01	1.046334e-01
7.125224e-03	1.136327e-01	2.000890e-01	1.122068e-01
8.194007e-03	1.218944e-01	1.945328e-01	1.203282e-01
9.423108e-03	1.307542e-01	1.888335e-01	1.290375e-01
1.083657e-02	1.402552e-01	1.823599e-01	1.383773e-01
1.246206e-02	1.504439e-01	1.754228e-01	1.483930e-01
1.433137e-02	1.613700e-01	1.685460e-01	1.591337e-01
1.648108e-02	1.730870e-01	1.609141e-01	1.706517e-01
1.895324e-02	1.856521e-01	1.539423e-01	1.830035e-01
2.179622e-02	1.991266e-01	1.461145e-01	1.962493e-01
2.506566e-02	2.135764e-01	1.381457e-01	2.104539e-01
2.882550e-02	2.290720e-01	1.307147e-01	2.256865e-01
3.314933e-02	2.456893e-01	1.225520e-01	2.420217e-01
3.812173e-02	2.635093e-01	1.151025e-01	2.595392e-01
4.383999e-02	2.826191e-01	1.075776e-01	2.783248e-01
5.041599e-02	3.031121e-01	1.003965e-01	2.984700e-01
5.797838e-02	3.250884e-01	9.357283e-02	3.200733e-01
6.667514e-02	3.486554e-01	8.650797e-02	3.432402e-01
7.667641e-02	3.739281e-01	8.017570e-02	3.680841e-01
8.817787e-02	4.010301e-01	7.424398e-02	3.947257e-01
1.014046e-01	4.300937e-01	6.862083e-02	4.232987e-01
1.166152e-01	4.612610e-01	6.267045e-02	4.539269e-01
1.341075e-01	4.946879e-01	5.823897e-02	4.868769e-01
1.542237e-01	5.305353e-01	5.400838e-02	5.225586e-01
1.773572e-01	5.689773e-01	4.967627e-02	5.612160e-01
2.039608e-01	6.101864e-01	4.535760e-02	5.847122e-01
2.345549e-01	6.543758e-01	4.054850e-02	6.054328e-01
2.697381e-01	7.017679e-01	3.672737e-02	6.306609e-01
3.101989e-01	7.497012e-01	3.284770e-02	6.566351e-01
3.567287e-01	7.955454e-01	2.951479e-02	6.823741e-01
4.102380e-01	8.504148e-01	2.654169e-02	7.078850e-01
4.717737e-01	9.148344e-01	2.393264e-02	7.332334e-01
5.425397e-01	9.785947e-01	2.163945e-02	7.585681e-01
6.239207e-01	1.047157e+00	1.937340e-02	7.841398e-01
7.175088e-01	1.116443e+00	1.746643e-02	8.103122e-01
8.251351e-01	1.185608e+00	1.565133e-02	8.375922e-01
9.489054e-01	1.259422e+00	1.419698e-02	8.666555e-01
1.091241e+00	1.327674e+00	1.267671e-02	8.983695e-01
1.254927e+00	1.397052e+00	1.128552e-02	9.338423e-01
1.443166e+00	1.462323e+00	1.017325e-02	9.744485e-01
1.659641e+00	1.525532e+00	8.995047e-03	1.021882e+00
1.908588e+00	1.591421e+00	8.134311e-03	1.078203e+00
2.194876e+00	1.643551e+00	7.226237e-03	1.145889e+00
2.524107e+00	1.691312e+00	6.410319e-03	1.227883e+00
2.902723e+00	1.731035e+00	5.752658e-03	1.327648e+00
3.338132e+00	1.751496e+00	5.060509e-03	1.449232e+00
3.838852e+00	1.765608e+00	4.510100e-03	1.597362e+00
4.414679e+00	1.764348e+00	4.001426e-03	1.777580e+00
5.076881e+00	1.756708e+00	3.561510e-03	1.996462e+00
5.838413e+00	1.741831e+00	3.176083e-03	2.261929e+00
6.714175e+00	1.718716e+00	2.802707e-03	2.583678e+00
7.721302e+00	1.690683e+00	2.496124e-03	2.973755e+00
8.879497e+00	1.656524e+00	2.229221e-03	3.447316e+00
1.021142e+01	1.617000e+00	1.989283e-03	4.023596e+00
1.174313e+01	1.571362e+00	1.745644e-03	4.727181e+00
1.350460e+01	1.520947e+00	1.559868e-03	5.589621e+00
1.553030e+01	1.463651e+00	1.372690e-03	6.651552e+00
1.785984e+01	1.399159e+00	1.221717e-03	7.965184e+00
2.053882e+01	1.329731e+00	1.087497e-03	9.598841e+00
2.361964e+01	1.252776e+00	9.502793e-04	1.163665e+01
2.716258e+01	1.219583e+00	8.485642e-04	1.421683e+01
3.123697e+01	1.121029e+00	7.437581e-04	1.749193e+01
3.592252e+01	1.023165e+00	6.566058e-04	2.163957e+01
4.131089e+01	9.296873e-01	5.773385e-04	2.693158e+01
4.750753e+01	8.500047e-01	5.094737e-04	3.365824e+01
5.463366e+01	7.743546e-01	4.526951e-04	4.216966e+01
6.282871e+01	7.026631e-01	3.968626e-04	5.298938e+01
7.225301e+01	6.360823e-01	3.521344e-04	6.677556e+01
8.309096e+01	5.747555e-01	3.102312e-04	8.437407e+01
9.555461e+01	5.183487e-01	2.772504e-04	1.068733e+02
1.098878e+02	4.660835e-01	2.433574e-04	1.357088e+02
1.263710e+02	4.184746e-01	2.133415e-04	1.727305e+02
1.453266e+02	3.757775e-01	1.895724e-04	2.202703e+02
1.671256e+02	3.371111e-01	1.650518e-04	2.812919e+02
1.921945e+02	3.021074e-01	1.473674e-04	3.596907e+02
2.210236e+02	2.706116e-01	1.289505e-04	4.604628e+02
2.541772e+02	2.423657e-01	1.129090e-04	5.899819e+02
2.923037e+02	2.169825e-01	9.996155e-05	7.564536e+02
3.361493e+02	1.941989e-01	8.666736e-05	9.704514e+02
3.865717e+02	1.738197e-01	7.614156e-05	1.245533e+03
4.445574e+02	1.556121e-01	0.000000e+00	1.599043e+03
5.112411e+02	1.393526e-01	0.000000e+00	2.053188e+03
5.879272e+02	1.248614e-01	0.000000e+00	2.636307e+03
6.761163e+02	1.119667e-01	0.000000e+00	3.384503e+03
7.775337e+02	1.005024e-01	0.000000e+00	4.343663e+03
8.941638e+02	9.031951e-02	0.000000e+00	5.571938e+03
1.028288e+03	8.128963e-02	0.000000e+00	7.142782e+03
1.182532e+03	7.328692e-02	0.000000e+00	9.148602e+03
1.359911e+03	6.619730e-02	0.000000e+00	1.170512e+04
1.563898e+03	5.992773e-02	0.000000e+00	1.495661e+04
1.798483e+03	5.439560e-02	0.000000e+00	1.908198e+04
2.068255e+03	4.951688e-02	0.000000e+00	2.430166e+04
2.378493e+03	4.522031e-02	0.000000e+00	3.088543e+04
2.735268e+03	4.144756e-02	0.000000e+00	3.916097e+04
3.145558e+03	3.814340e-02	0.000000e+00	4.952309e+04
3.617391e+03	3.525718e-02	0.000000e+00	6.244327e+04
4.160000e+03	3.274588e-02	0.000000e+00	7.847923e+04
4.784000e+03	3.057050e-02	0.000000e+00	9.828425e+04
5.501600e+03	2.869389e-02	0.000000e+00	1.226157e+05
6.326840e+03	2.708466e-02	0.000000e+00	1.523430e+05
7.275866e+03	2.571645e-02	0.000000e+00	1.884529e+05
8.367246e+03	2.456428e-02	0.000000e+00	2.320584e+05
9.622333e+03	2.360535e-02	0.000000e+00	2.843927e+05
