# Energy_MeV	dEdx_Elec_MeV_um	dEdx_Nucl_MeV_um	Range_um
1.000000e-05	7.736875e-03	6.051930e-02	2.585023e-03
1.150000e-05	8.296874e-03	6.683552e-02	2.772128e-03
1.322500e-05	8.897407e-03	7.385631e-02	2.972776e-03
1.520875e-05	9.541406e-03	8.153155e-02	3.187947e-03
1.749006e-05	1.023202e-02	8.974250e-02	3.418693e-03
2.011357e-05	1.097262e-02	9.869550e-02	3.666140e-03
2.313061e-05	1.176682e-02	1.088568e-01	3.931497e-03
2.660020e-05	1.261851e-02	1.198170e-01	4.216061e-03
3.059023e-05	1.353184e-02	1.317468e-01	4.521221e-03
3.517876e-05	1.451129e-02	1.444990e-01	4.848470e-03
4.045558e-05	1.556162e-02	1.582557e-01	5.199404e-03
4.652391e-05	1.668798e-02	1.738653e-01	5.575740e-03
5.350250e-05	1.789586e-02	1.905111e-01	5.979315e-03
6.152788e-05	1.919117e-02	2.085335e-01	6.412101e-03
7.075706e-05	2.058024e-02	2.279939e-01	6.876212e-03
8.137062e-05	2.206985e-02	2.490720e-01	7.373916e-03
9.357621e-05	2.366728e-02	2.717397e-01	7.907644e-03
1.076126e-04	2.538033e-02	2.955880e-01	8.480004e-03
1.237545e-04	2.721737e-02	3.217497e-01	9.093791e-03
1.423177e-04	2.918738e-02	3.497312e-01	9.752004e-03
1.636654e-04	3.129998e-02	3.795102e-01	1.045786e-02
1.882152e-04	3.356548e-02	4.101121e-01	1.121480e-02
2.164475e-04	3.599497e-02	4.436924e-01	1.202654e-02
2.489146e-04	3.860031e-02	4.808077e-01	1.289703e-02
2.862518e-04	4.139422e-02	5.188927e-01	1.383052e-02
3.291895e-04	4.439035e-02	5.592417e-01	1.483158e-02
3.785680e-04	4.760335e-02	6.000013e-01	1.590510e-02
4.353531e-04	5.104891e-02	6.441472e-01	1.705632e-02
5.006561e-04	5.474385e-02	6.923945e-01	1.829086e-02
5.757545e-04	5.870624e-02	7.410347e-01	1.961476e-02
6.621177e-04	6.295543e-02	7.922448e-01	2.103449e-02
7.614354e-04	6.751218e-02	8.451116e-01	2.255698e-02
8.756507e-04	7.239875e-02	8.990527e-01	2.418966e-02
1.006998e-03	7.763901e-02	9.540345e-01	2.594053e-02
1.158048e-03	8.325856e-02	1.009676e+00	2.781811e-02
1.331755e-03	8.928486e-02	1.068056e+00	2.983160e-02
1.531519e-03	9.574734e-02	1.126874e+00	3.199083e-02
1.761246e-03	1.026776e-01	1.182283e+00	3.430634e-02
2.025433e-03	1.101094e-01	1.237265e+00	3.678946e-02
2.329248e-03	1.180792e-01	1.298376e+00	3.945230e-02
2.678635e-03	1.266259e-01	1.356354e+00	4.230787e-02
3.080431e-03	1.357911e-01	1.412671e+00	4.537014e-02
3.542495e-03	1.456197e-01	1.464705e+00	4.865406e-02
4.073870e-03	1.561598e-01	1.513491e+00	5.217566e-02
4.684950e-03	1.674627e-01	1.567449e+00	5.595216e-02
5.387693e-03	1.795837e-01	1.615695e+00	6.000201e-02
6.195847e-03	1.925821e-01	1.661005e+00	6.434499e-02
7.125224e-03	2.065213e-01	1.703113e+00	6.900231e-02
8.194007e-03	2.214694e-01	1.741986e+00	7.397843e-02
9.423108e-03	2.374995e-01	1.777628e+00	7.935496e-02
1.083657e-02	2.546898e-01	1.807231e+00	8.509762e-02
1.246206e-02	2.731244e-01	1.836170e+00	9.125782e-02
1.433137e-02	2.928933e-01	1.861213e+00	9.786269e-02
1.648108e-02	3.140931e-01	1.881949e+00	1.049459e-01
1.895324e-02	3.368273e-01	1.897100e+00	1.125418e-01
2.179622e-02	3.612070e-01	1.910618e+00	1.206875e-01
2.506566e-02	3.873514e-01	1.923142e+00	1.294228e-01
2.882550e-02	4.153881e-01	1.929686e+00	1.387903e-01
3.314933e-02	4.454541e-01	1.932105e+00	1.488359e-01
3.812173e-02	4.776963e-01	1.929127e+00	1.596086e-01
4.383999e-02	5.122722e-01	1.922873e+00	1.711610e-01
5.041599e-02	5.493508e-01	1.913764e+00	1.835496e-01
5.797838e-02	5.891131e-01	1.898784e+00	1.968348e-01
6.667514e-02	6.317534e-01	1.879062e+00	2.110816e-01
7.667641e-02	6.774800e-01	1.854494e+00	2.263597e-01
8.817787e-02	7.265164e-01	1.824990e+00	2.427437e-01
1.014046e-01	7.791020e-01	1.790872e+00	2.603134e-01
1.166152e-01	8.354938e-01	1.751880e+00	2.791548e-01
1.341075e-01	8.959673e-01	1.708094e+00	2.993601e-01
1.542237e-01	9.608179e-01	1.660029e+00	3.210278e-01
1.773572e-01	1.030362e+00	1.609975e+00	3.442639e-01
2.039608e-01	1.104941e+00	1.556396e+00	3.691817e-01
2.345549e-01	1.184917e+00	1.495567e+00	3.959030e-01
2.697381e-01	1.270682e+00	1.434365e+00	4.245586e-01
3.101989e-01	1.362654e+00	1.370260e+00	4.552883e-01
3.567287e-01	1.461284e+00	1.307751e+00	4.882422e-01
4.102380e-01	1.567052e+00	1.245074e+00	5.235811e-01
4.717737e-01	1.680477e+00	1.174413e+00	5.614780e-01
5.425397e-01	1.802110e+00	1.108040e+00	6.021177e-01
6.239207e-01	1.932548e+00	1.040907e+00	6.457022e-01
7.175088e-01	2.072427e+00	9.756416e-01	6.924244e-01
8.251351e-01	2.208056e+00	9.116730e-01	7.426503e-01
9.489054e-01	2.344502e+00	8.485636e-01	7.970188e-01
1.091241e+00	2.487444e+00	7.918278e-01	8.559202e-01
1.254927e+00	1.324487e+00	7.327823e-01	9.197990e-01
1.443166e+00	1.420414e+00	6.773097e-01	9.891463e-01
1.659641e+00	1.523284e+00	6.254006e-01	1.064538e+00
1.908588e+00	1.635317e+00	5.794198e-01	1.146646e+00
2.194876e+00	1.768992e+00	5.327668e-01	1.236263e+00
2.524107e+00	1.929195e+00	4.872288e-01	1.334347e+00
2.902723e+00	2.119484e+00	4.533012e-01	1.442059e+00
3.338132e+00	2.324885e+00	4.218939e-01	1.560835e+00
3.838852e+00	2.555028e+00	3.860199e-01	1.649618e+00
4.414679e+00	2.805323e+00	3.451328e-01	1.625698e+00
5.076881e+00	3.082313e+00	3.054220e-01	1.602610e+00
5.838413e+00	3.392882e+00	2.745567e-01	1.581664e+00
6.714175e+00	3.728390e+00	2.474766e-01	1.564234e+00
7.721302e+00	4.102416e+00	2.226267e-01	1.551763e+00
8.879497e+00	4.506107e+00	2.006703e-01	1.545759e+00
1.021142e+01	4.960336e+00	1.811226e-01	1.547892e+00
1.174313e+01	5.476726e+00	1.633471e-01	1.559944e+00
1.350460e+01	6.010164e+00	1.463617e-01	1.583822e+00
1.553030e+01	6.592479e+00	1.308698e-01	1.621562e+00
1.785984e+01	7.201960e+00	1.183649e-01	1.675323e+00
2.053882e+01	7.802458e+00	1.071288e-01	1.747377e+00
2.361964e+01	8.440904e+00	9.473865e-02	1.840121e+00
2.716258e+01	9.044587e+00	8.456823e-02	1.956126e+00
3.123697e+01	9.651451e+00	7.529740e-02	2.098207e+00
3.592252e+01	1.021748e+01	6.765626e-02	2.269596e+00
4.131089e+01	1.069883e+01	6.099102e-02	2.474113e+00
4.750753e+01	1.117593e+01	5.361468e-02	2.716390e+00
5.463366e+01	1.155605e+01	4.775021e-02	3.002148e+00
6.282871e+01	1.190349e+01	4.234105e-02	3.338487e+00
7.225301e+01	1.219609e+01	3.763141e-02	3.734264e+00
8.309096e+01	1.235484e+01	3.342615e-02	4.200490e+00
9.555461e+01	1.249044e+01	2.956420e-02	4.750855e+00
1.098878e+02	1.261240e+01	2.651470e-02	5.402292e+00
1.263710e+02	1.267601e+01	2.344749e-02	6.176373e+00
1.453266e+02	1.267670e+01	2.081368e-02	7.097416e+00
1.671256e+02	1.316247e+01	1.852165e-02	8.211457e+00
1.921945e+02	1.271394e+01	1.662785e-02	9.565541e+00
2.210236e+02	1.222091e+01	1.477483e-02	1.120025e+01
2.541772e+02	1.167545e+01	1.295014e-02	1.319564e+01
2.923037e+02	1.119000e+01	1.145297e-02	1.562201e+01
3.361493e+02	1.067247e+01	1.014443e-02	1.855693e+01
3.865717e+02	1.013078e+01	9.075579e-03	2.213364e+01
4.445574e+02	9.591284e+00	8.038273e-03	2.651620e+01
5.112411e+02	9.060699e+00	7.033435e-03	3.191138e+01
5.879272e+02	8.546971e+00	6.209133e-03	3.858109e+01
6.761163e+02	8.027297e+00	5.469931e-03	4.687093e+01
7.775337e+02	7.511802e+00	4.809549e-03	5.722392e+01
8.941638e+02	7.012868e+00	4.246428e-03	7.019099e+01
1.028288e+03	6.527222e+00	3.764687e-03	8.646646e+01
1.182532e+03	6.053900e+00	3.333992e-03	1.069683e+02
1.359911e+03	5.597958e+00	2.933156e-03	1.328789e+02
1.563898e+03	5.162301e+00	2.574866e-03	1.657058e+02
1.798483e+03	4.746082e+00	2.298440e-03	2.073946e+02
2.068255e+03	4.349008e+00	2.051166e-03	2.604663e+02
2.378493e+03	3.974591e+00	1.778257e-03	3.281645e+02
2.735268e+03	3.623825e+00	1.566214e-03	4.146553e+02
3.145558e+03	3.297549e+00	1.372540e-03	5.252914e+02
3.617391e+03	2.995786e+00	1.219560e-03	6.669296e+02
4.160000e+03	2.717827e+00	1.085888e-03	8.483306e+02
4.784000e+03	2.463231e+00	9.380295e-04	1.080659e+03
5.501600e+03	2.231414e+00	8.254930e-04	1.378095e+03
6.326840e+03	2.021397e+00	7.210841e-04	1.758576e+03
7.275866e+03	1.831944e+00	6.328146e-04	2.244699e+03
8.367246e+03	1.661988e+00	5.546417e-04	2.864781e+03
9.622333e+03	1.510000e+00	4.842173e-04	3.654139e+03
