# Energy_MeV	dEdx_Elec_MeV_um	dEdx_Nucl_MeV_um	Range_um
1.000000e-05	9.446839e-03	5.012827e-02	2.117110e-03
1.150000e-05	1.013061e-02	5.552795e-02	2.270348e-03
1.322500e-05	1.086386e-02	6.164837e-02	2.434677e-03
1.520875e-05	1.165020e-02	6.848514e-02	2.610900e-03
1.749006e-05	1.249344e-02	7.587112e-02	2.799878e-03
2.011357e-05	1.339773e-02	8.411019e-02	3.002535e-03
2.313061e-05	1.436746e-02	9.310230e-02	3.219860e-03
2.660020e-05	1.540739e-02	1.030203e-01	3.452915e-03
3.059023e-05	1.652258e-02	1.138635e-01	3.702839e-03
3.517876e-05	1.771849e-02	1.257224e-01	3.970853e-03
4.045558e-05	1.900097e-02	1.389451e-01	4.258265e-03
4.652391e-05	2.037627e-02	1.533395e-01	4.566481e-03
5.350250e-05	2.185111e-02	1.686921e-01	4.897005e-03
6.152788e-05	2.343271e-02	1.855068e-01	5.251453e-03
7.075706e-05	2.512878e-02	2.047797e-01	5.631556e-03
8.137062e-05	2.694761e-02	2.251791e-01	6.039171e-03
9.357621e-05	2.889810e-02	2.476451e-01	6.476289e-03
1.076126e-04	3.098975e-02	2.713574e-01	6.945046e-03
1.237545e-04	3.323281e-02	2.971834e-01	7.447732e-03
1.423177e-04	3.563822e-02	3.267809e-01	7.986803e-03
1.636654e-04	3.821773e-02	3.576458e-01	8.564892e-03
1.882152e-04	4.098395e-02	3.915941e-01	9.184824e-03
2.164475e-04	4.395039e-02	4.278715e-01	9.849626e-03
2.489146e-04	4.713154e-02	4.672420e-01	1.056255e-02
2.862518e-04	5.054295e-02	5.097559e-01	1.132707e-02
3.291895e-04	5.420127e-02	5.540833e-01	1.214693e-02
3.785680e-04	5.812439e-02	6.034326e-01	1.302613e-02
4.353531e-04	6.233147e-02	6.554160e-01	1.396897e-02
5.006561e-04	6.684305e-02	7.106786e-01	1.498005e-02
5.757545e-04	7.168119e-02	7.674343e-01	1.606431e-02
6.621177e-04	7.686951e-02	8.310544e-01	1.722706e-02
7.614354e-04	8.243336e-02	9.002294e-01	1.847396e-02
8.756507e-04	8.839993e-02	9.705691e-01	1.981112e-02
1.006998e-03	9.479837e-02	1.045735e+00	2.124506e-02
1.158048e-03	1.016599e-01	1.120699e+00	2.278278e-02
1.331755e-03	1.090181e-01	1.204398e+00	2.443181e-02
1.531519e-03	1.169089e-01	1.294047e+00	2.620020e-02
1.761246e-03	1.253708e-01	1.383405e+00	2.809659e-02
2.025433e-03	1.344452e-01	1.479043e+00	3.013023e-02
2.329248e-03	1.441765e-01	1.576608e+00	3.231107e-02
2.678635e-03	1.546120e-01	1.676840e+00	3.464977e-02
3.080431e-03	1.658029e-01	1.777863e+00	3.715773e-02
3.542495e-03	1.778038e-01	1.880442e+00	3.984723e-02
4.073870e-03	1.906734e-01	1.989003e+00	4.273139e-02
4.684950e-03	2.044744e-01	2.096848e+00	4.582432e-02
5.387693e-03	2.192744e-01	2.197331e+00	4.914110e-02
6.195847e-03	2.351456e-01	2.298731e+00	5.269796e-02
7.125224e-03	2.521655e-01	2.414378e+00	5.651227e-02
8.194007e-03	2.704174e-01	2.517473e+00	6.060266e-02
9.423108e-03	2.899904e-01	2.622026e+00	6.498911e-02
1.083657e-02	3.109800e-01	2.713996e+00	6.969306e-02
1.246206e-02	3.334889e-01	2.803504e+00	7.470244e-02
1.433137e-02	3.576270e-01	2.905347e+00	8.013385e-02
1.648108e-02	3.835123e-01	2.989433e+00	8.595051e-02
1.895324e-02	4.112711e-01	3.073273e+00	9.217113e-02
2.179622e-02	4.410391e-01	3.147766e+00	9.884237e-02
2.506566e-02	4.729618e-01	3.217672e+00	1.059966e-01
2.882550e-02	5.071950e-01	3.281376e+00	1.136685e-01
3.314933e-02	5.439060e-01	3.333859e+00	1.218957e-01
3.812173e-02	5.832742e-01	3.387466e+00	1.307184e-01
4.383999e-02	6.254919e-01	3.430523e+00	1.401798e-01
5.041599e-02	6.707654e-01	3.466598e+00	1.503259e-01
5.797838e-02	7.193157e-01	3.491817e+00	1.612064e-01
6.667514e-02	7.713802e-01	3.517286e+00	1.728744e-01
7.667641e-02	8.272131e-01	3.538777e+00	1.853870e-01
8.817787e-02	8.870872e-01	3.547770e+00	1.988053e-01
1.014046e-01	9.512950e-01	3.550832e+00	2.131948e-01
1.166152e-01	1.020150e+00	3.542450e+00	2.286258e-01
1.341075e-01	1.093989e+00	3.530537e+00	2.451736e-01
1.542237e-01	1.173173e+00	3.511890e+00	2.629193e-01
1.773572e-01	1.258088e+00	3.481450e+00	2.819494e-01
2.039608e-01	1.349149e+00	3.443476e+00	3.023569e-01
2.345549e-01	1.446801e+00	3.395876e+00	3.242415e-01
2.697381e-01	1.551521e+00	3.339658e+00	3.477100e-01
3.101989e-01	1.663821e+00	3.274810e+00	3.728774e-01
3.567287e-01	1.784249e+00	3.200937e+00	3.998664e-01
4.102380e-01	1.913394e+00	3.118403e+00	4.288087e-01
4.717737e-01	2.051887e+00	3.028199e+00	4.598459e-01
5.425397e-01	2.200403e+00	2.935563e+00	4.931296e-01
6.239207e-01	2.359670e+00	2.835000e+00	5.288226e-01
7.175088e-01	2.530464e+00	2.719919e+00	5.670988e-01
8.251351e-01	2.713620e+00	2.608293e+00	6.081459e-01
9.489054e-01	2.910033e+00	2.487932e+00	6.521624e-01
1.091241e+00	3.120663e+00	2.375480e+00	6.993666e-01
1.254927e+00	3.338249e+00	2.258692e+00	7.499981e-01
1.443166e+00	3.545519e+00	2.126425e+00	8.046666e-01
1.659641e+00	3.763011e+00	2.006816e+00	8.638997e-01
1.908588e+00	3.990289e+00	1.881274e+00	9.281036e-01
2.194876e+00	4.226537e+00	1.763981e+00	9.977713e-01
2.524107e+00	4.470427e+00	1.646722e+00	1.073464e+00
2.902723e+00	4.719968e+00	1.533037e+00	1.155832e+00
3.338132e+00	4.972334e+00	1.429447e+00	1.245646e+00
3.838852e+00	5.223682e+00	1.319673e+00	1.343823e+00
4.414679e+00	2.794170e+00	1.220233e+00	1.451474e+00
5.076881e+00	3.067323e+00	1.126551e+00	1.569964e+00
5.838413e+00	3.370499e+00	1.045288e+00	1.700987e+00
6.714175e+00	3.698295e+00	9.568695e-01	1.846670e+00
7.721302e+00	4.065342e+00	8.756295e-01	2.009715e+00
8.879497e+00	4.461700e+00	8.195621e-01	2.193570e+00
1.021142e+01	4.893582e+00	7.601979e-01	2.402673e+00
1.174313e+01	5.366877e+00	6.926986e-01	2.642760e+00
1.350460e+01	5.835821e+00	6.150743e-01	2.581201e+00
1.553030e+01	6.358784e+00	5.435866e-01	2.450620e+00
1.785984e+01	6.942407e+00	4.919503e-01	2.347205e+00
2.053882e+01	7.565744e+00	4.423764e-01	2.270145e+00
2.361964e+01	8.245672e+00	3.984309e-01	2.218927e+00
2.716258e+01	8.967092e+00	3.589219e-01	2.193300e+00
3.123697e+01	9.769525e+00	3.240479e-01	2.193236e+00
3.592252e+01	1.063192e+01	2.923154e-01	2.218841e+00
4.131089e+01	1.157342e+01	2.612353e-01	2.270561e+00
4.750753e+01	1.262578e+01	2.337796e-01	2.349012e+00
5.463366e+01	1.367779e+01	2.121606e-01	2.455169e+00
6.282871e+01	1.479849e+01	1.916641e-01	2.590486e+00
7.225301e+01	1.590833e+01	1.687534e-01	2.757040e+00
8.309096e+01	1.696753e+01	1.511162e-01	2.957698e+00
9.555461e+01	1.806637e+01	1.340368e-01	3.196283e+00
1.098878e+02	1.895829e+01	1.211744e-01	3.477750e+00
1.263710e+02	1.978849e+01	1.089677e-01	3.808414e+00
1.453266e+02	2.043208e+01	9.553018e-02	4.196187e+00
1.671256e+02	2.108855e+01	8.526131e-02	4.650920e+00
1.921945e+02	2.177227e+01	7.536630e-02	5.184682e+00
2.210236e+02	2.218412e+01	6.714156e-02	5.812056e+00
2.541772e+02	2.498037e+01	5.956073e-02	6.554338e+00
2.923037e+02	2.476861e+01	5.288429e-02	7.448063e+00
3.361493e+02	2.440313e+01	4.735954e-02	8.509646e+00
3.865717e+02	2.391257e+01	4.177058e-02	9.781630e+00
4.445574e+02	2.335836e+01	3.711315e-02	1.130591e+01
5.112411e+02	2.278180e+01	3.303058e-02	1.311765e+01
5.879272e+02	2.206311e+01	2.977714e-02	1.527472e+01
6.761163e+02	2.130618e+01	2.626823e-02	1.786302e+01
7.775337e+02	2.053285e+01	2.298316e-02	2.098349e+01
8.941638e+02	1.978021e+01	2.041819e-02	2.476113e+01
1.028288e+03	1.901657e+01	1.805590e-02	2.935713e+01
1.182532e+03	1.820702e+01	1.624038e-02	3.498012e+01
1.359911e+03	1.737624e+01	1.427697e-02	4.188567e+01
1.563898e+03	1.655157e+01	1.247750e-02	5.038535e+01
1.798483e+03	1.570744e+01	1.106099e-02	6.088047e+01
2.068255e+03	1.485542e+01	9.712965e-03	7.389552e+01
2.378493e+03	1.401515e+01	8.554987e-03	9.008861e+01
2.735268e+03	1.317545e+01	7.555068e-03	1.102958e+02
3.145558e+03	1.233865e+01	6.702512e-03	1.355976e+02
3.617391e+03	1.151680e+01	5.936571e-03	1.673773e+02
4.160000e+03	1.071934e+01	5.206752e-03	2.074054e+02
4.784000e+03	9.948949e+00	4.579012e-03	2.579484e+02
5.501600e+03	9.208915e+00	4.105968e-03	3.219097e+02
6.326840e+03	8.503829e+00	3.654405e-03	4.029999e+02
7.275866e+03	7.836370e+00	3.159266e-03	5.059572e+02
8.367246e+03	7.208081e+00	2.788611e-03	6.368181e+02
9.622333e+03	6.620765e+00	2.436971e-03	8.032517e+02
