# Energy_MeV	dEdx_Elec_MeV_um	dEdx_Nucl_MeV_um	Range_um
1.000000e-05	7.967340e-03	4.844818e-02	2.510248e-03
1.150000e-05	8.544020e-03	5.384032e-02	2.691941e-03
1.322500e-05	9.162441e-03	5.974574e-02	2.886785e-03
1.520875e-05	9.825623e-03	6.620638e-02	3.095732e-03
1.749006e-05	1.053681e-02	7.335593e-02	3.319803e-03
2.011357e-05	1.129947e-02	8.121043e-02	3.560092e-03
2.313061e-05	1.211733e-02	8.983672e-02	3.817774e-03
2.660020e-05	1.299439e-02	9.922362e-02	4.094106e-03
3.059023e-05	1.393493e-02	1.096189e-01	4.390440e-03
3.517876e-05	1.494354e-02	1.210722e-01	4.708222e-03
4.045558e-05	1.602517e-02	1.335895e-01	5.049006e-03
4.652391e-05	1.718508e-02	1.468010e-01	5.414455e-03
5.350250e-05	1.842894e-02	1.615933e-01	5.806356e-03
6.152788e-05	1.976284e-02	1.783154e-01	6.226624e-03
7.075706e-05	2.119328e-02	1.959441e-01	6.677310e-03
8.137062e-05	2.272726e-02	2.155033e-01	7.160617e-03
9.357621e-05	2.437227e-02	2.358616e-01	7.678906e-03
1.076126e-04	2.613635e-02	2.585849e-01	8.234710e-03
1.237545e-04	2.802812e-02	2.841261e-01	8.830742e-03
1.423177e-04	3.005681e-02	3.108069e-01	9.469916e-03
1.636654e-04	3.223233e-02	3.403545e-01	1.015535e-02
1.882152e-04	3.456533e-02	3.717331e-01	1.089040e-02
2.164475e-04	3.706718e-02	4.058495e-01	1.167866e-02
2.489146e-04	3.975013e-02	4.422243e-01	1.252396e-02
2.862518e-04	4.262726e-02	4.807802e-01	1.343046e-02
3.291895e-04	4.571264e-02	5.235204e-01	1.440256e-02
3.785680e-04	4.902135e-02	5.684801e-01	1.544502e-02
4.353531e-04	5.256954e-02	6.157017e-01	1.656294e-02
5.006561e-04	5.637455e-02	6.648465e-01	1.776178e-02
5.757545e-04	6.045497e-02	7.208724e-01	1.904738e-02
6.621177e-04	6.483074e-02	7.794721e-01	2.042604e-02
7.614354e-04	6.952322e-02	8.405330e-01	2.190449e-02
8.756507e-04	7.455535e-02	9.040673e-01	2.348995e-02
1.006998e-03	7.995170e-02	9.688117e-01	2.519017e-02
1.158048e-03	8.573865e-02	1.042498e+00	2.701344e-02
1.331755e-03	9.194446e-02	1.117746e+00	2.896869e-02
1.531519e-03	9.859945e-02	1.195269e+00	3.106546e-02
1.761246e-03	1.057361e-01	1.276416e+00	3.331399e-02
2.025433e-03	1.133894e-01	1.360284e+00	3.572528e-02
2.329248e-03	1.215965e-01	1.445743e+00	3.831109e-02
2.678635e-03	1.303978e-01	1.530730e+00	4.108407e-02
3.080431e-03	1.398360e-01	1.620040e+00	4.405776e-02
3.542495e-03	1.499574e-01	1.711148e+00	4.724668e-02
4.073870e-03	1.608114e-01	1.802226e+00	5.066642e-02
4.684950e-03	1.724510e-01	1.885551e+00	5.433368e-02
5.387693e-03	1.849331e-01	1.974552e+00	5.826638e-02
6.195847e-03	1.983187e-01	2.071183e+00	6.248373e-02
7.125224e-03	2.126731e-01	2.157353e+00	6.700634e-02
8.194007e-03	2.280665e-01	2.245512e+00	7.185629e-02
9.423108e-03	2.445741e-01	2.320690e+00	7.705729e-02
1.083657e-02	2.622765e-01	2.399274e+00	8.263474e-02
1.246206e-02	2.812602e-01	2.482624e+00	8.861589e-02
1.433137e-02	3.016180e-01	2.552674e+00	9.502741e-02
1.648108e-02	3.234492e-01	2.622965e+00	1.019119e-01
1.895324e-02	3.468607e-01	2.684853e+00	1.092861e-01
2.179622e-02	3.719666e-01	2.742908e+00	1.171973e-01
2.506566e-02	3.988897e-01	2.793726e+00	1.256797e-01
2.882550e-02	4.277616e-01	2.837734e+00	1.347762e-01
3.314933e-02	4.587232e-01	2.881558e+00	1.445313e-01
3.812173e-02	4.919258e-01	2.916987e+00	1.549924e-01
4.383999e-02	5.275317e-01	2.944942e+00	1.662106e-01
5.041599e-02	5.657147e-01	2.965272e+00	1.782407e-01
5.797838e-02	6.066614e-01	2.987591e+00	1.911417e-01
6.667514e-02	6.505719e-01	3.002151e+00	2.049765e-01
7.667641e-02	6.976607e-01	3.008697e+00	2.198127e-01
8.817787e-02	7.481577e-01	3.008317e+00	2.357226e-01
1.014046e-01	8.023098e-01	2.999718e+00	2.527841e-01
1.166152e-01	8.603814e-01	2.989119e+00	2.710806e-01
1.341075e-01	9.226562e-01	2.970016e+00	2.907014e-01
1.542237e-01	9.894386e-01	2.942502e+00	3.117423e-01
1.773572e-01	1.061055e+00	2.907934e+00	3.343061e-01
2.039608e-01	1.137854e+00	2.865526e+00	3.585032e-01
2.345549e-01	1.220213e+00	2.815742e+00	3.844518e-01
2.697381e-01	1.308533e+00	2.758798e+00	4.122784e-01
3.101989e-01	1.403245e+00	2.693720e+00	4.421191e-01
3.567287e-01	1.504812e+00	2.622329e+00	4.741196e-01
4.102380e-01	1.613732e+00	2.544724e+00	5.084365e-01
4.717737e-01	1.730534e+00	2.465191e+00	5.452374e-01
5.425397e-01	1.855791e+00	2.376650e+00	5.847018e-01
6.239207e-01	1.990114e+00	2.279212e+00	6.270224e-01
7.175088e-01	2.134160e+00	2.183383e+00	6.724064e-01
8.251351e-01	2.288632e+00	2.081690e+00	7.210756e-01
9.489054e-01	2.454284e+00	1.986858e+00	7.732663e-01
1.091241e+00	2.631926e+00	1.884007e+00	8.292411e-01
1.254927e+00	2.822426e+00	1.773783e+00	8.892414e-01
1.443166e+00	3.002199e+00	1.672422e+00	9.538219e-01
1.659641e+00	3.187336e+00	1.566872e+00	1.023769e+00
1.908588e+00	3.381152e+00	1.466915e+00	1.099551e+00
2.194876e+00	3.583085e+00	1.368198e+00	1.181752e+00
2.524107e+00	3.792178e+00	1.274704e+00	1.271009e+00
2.902723e+00	4.006954e+00	1.186483e+00	1.368073e+00
3.338132e+00	4.225274e+00	1.094900e+00	1.473819e+00
3.838852e+00	4.444180e+00	1.010547e+00	1.589287e+00
4.414679e+00	2.393416e+00	9.347678e-01	1.715728e+00
5.076881e+00	2.632859e+00	8.658330e-01	1.854673e+00
5.838413e+00	2.890370e+00	7.881117e-01	2.008011e+00
6.714175e+00	3.176340e+00	7.277267e-01	2.178105e+00
7.721302e+00	3.489636e+00	6.810246e-01	2.367942e+00
8.879497e+00	3.827526e+00	6.290252e-01	2.581328e+00
1.021142e+01	4.204040e+00	5.695254e-01	2.791066e+00
1.174313e+01	4.599366e+00	5.011006e-01	2.674737e+00
1.350460e+01	5.024863e+00	4.478330e-01	2.575173e+00
1.553030e+01	5.479017e+00	4.041538e-01	2.493526e+00
1.785984e+01	5.989322e+00	3.643775e-01	2.430969e+00
2.053882e+01	6.564386e+00	3.280181e-01	2.388748e+00
2.361964e+01	7.180194e+00	2.950699e-01	2.368197e+00
2.716258e+01	7.857425e+00	2.671263e-01	2.370696e+00
3.123697e+01	8.606605e+00	2.396465e-01	2.397793e+00
3.592252e+01	9.381403e+00	2.148520e-01	2.451081e+00
4.131089e+01	1.023748e+01	1.927426e-01	2.532246e+00
4.750753e+01	1.114320e+01	1.751683e-01	2.643135e+00
5.463366e+01	1.206855e+01	1.571317e-01	2.785877e+00
6.282871e+01	1.304478e+01	1.386526e-01	2.963046e+00
7.225301e+01	1.389954e+01	1.241991e-01	3.177864e+00
8.309096e+01	1.478370e+01	1.104418e-01	3.434436e+00
9.555461e+01	1.559161e+01	9.993216e-02	3.737967e+00
1.098878e+02	1.631482e+01	8.919962e-02	4.095113e+00
1.263710e+02	1.702459e+01	7.838622e-02	4.514210e+00
1.453266e+02	1.743757e+01	6.999354e-02	5.005663e+00
1.671256e+02	1.788270e+01	6.188628e-02	5.582404e+00
1.921945e+02	1.833786e+01	5.501876e-02	6.260235e+00
2.210236e+02	1.864597e+01	4.880939e-02	7.059438e+00
2.541772e+02	2.067832e+01	4.346505e-02	8.002352e+00
2.923037e+02	2.038445e+01	3.884523e-02	9.136869e+00
3.361493e+02	1.996827e+01	3.426743e-02	1.049895e+01
3.865717e+02	1.947450e+01	3.038020e-02	1.212858e+01
4.445574e+02	1.885396e+01	2.718164e-02	1.409564e+01
5.112411e+02	1.833251e+01	2.443817e-02	1.645559e+01
5.879272e+02	1.768407e+01	2.135717e-02	1.927399e+01
6.761163e+02	1.699053e+01	1.885336e-02	2.266912e+01
7.775337e+02	1.628751e+01	1.666161e-02	2.677960e+01
8.941638e+02	1.558939e+01	1.485067e-02	3.177894e+01
1.028288e+03	1.490840e+01	1.331652e-02	3.788603e+01
1.182532e+03	1.419670e+01	1.159351e-02	4.538890e+01
1.359911e+03	1.346938e+01	1.022964e-02	5.464944e+01
1.563898e+03	1.275556e+01	9.017139e-03	6.611073e+01
1.798483e+03	1.203691e+01	7.954695e-03	8.033020e+01
2.068255e+03	1.131899e+01	7.009016e-03	9.804593e+01
2.378493e+03	1.061322e+01	6.173607e-03	1.201953e+02
2.735268e+03	9.921258e+00	5.497858e-03	1.479678e+02
3.145558e+03	9.240527e+00	4.835737e-03	1.828975e+02
3.617391e+03	8.574812e+00	4.262828e-03	2.269620e+02
4.160000e+03	7.934574e+00	3.764260e-03	2.826997e+02
4.784000e+03	7.322869e+00	3.377586e-03	3.533641e+02
5.501600e+03	6.741407e+00	2.980549e-03	4.431328e+02
6.326840e+03	6.191057e+00	2.583660e-03	5.573548e+02
7.275866e+03	5.672790e+00	2.282297e-03	7.028679e+02
8.367246e+03	5.189763e+00	2.000777e-03	8.883956e+02
9.622333e+03	4.742904e+00	1.790437e-03	1.125031e+03
