# Energy_MeV	dEdx_Elec_MeV_um	dEdx_Nucl_MeV_um	Range_um
1.000000e-05	8.276264e-03	5.624463e-02	2.416549e-03
1.150000e-05	8.875304e-03	6.224752e-02	2.591460e-03
1.322500e-05	9.517704e-03	6.888675e-02	2.779032e-03
1.520875e-05	1.020660e-02	7.621620e-02	2.980180e-03
1.749006e-05	1.094536e-02	8.413709e-02	3.195886e-03
2.011357e-05	1.173759e-02	9.302234e-02	3.427206e-03
2.313061e-05	1.258716e-02	1.026430e-01	3.675269e-03
2.660020e-05	1.349823e-02	1.130810e-01	3.941287e-03
3.059023e-05	1.447524e-02	1.243176e-01	4.226560e-03
3.517876e-05	1.552296e-02	1.370240e-01	4.532480e-03
4.045558e-05	1.664652e-02	1.509648e-01	4.860544e-03
4.652391e-05	1.785141e-02	1.659442e-01	5.212353e-03
5.350250e-05	1.914350e-02	1.821996e-01	5.589625e-03
6.152788e-05	2.052912e-02	1.994765e-01	5.994205e-03
7.075706e-05	2.201503e-02	2.189965e-01	6.428069e-03
8.137062e-05	2.360849e-02	2.402129e-01	6.893336e-03
9.357621e-05	2.531728e-02	2.628537e-01	7.392280e-03
1.076126e-04	2.714976e-02	2.875676e-01	7.927337e-03
1.237545e-04	2.911487e-02	3.142646e-01	8.501122e-03
1.423177e-04	3.122222e-02	3.427832e-01	9.116437e-03
1.636654e-04	3.348210e-02	3.731109e-01	9.776290e-03
1.882152e-04	3.590556e-02	4.059168e-01	1.048390e-02
2.164475e-04	3.850442e-02	4.415287e-01	1.124273e-02
2.489146e-04	4.129139e-02	4.797264e-01	1.205649e-02
2.862518e-04	4.428008e-02	5.182659e-01	1.292914e-02
3.291895e-04	4.748510e-02	5.602974e-01	1.386496e-02
3.785680e-04	5.092209e-02	6.079336e-01	1.486851e-02
4.353531e-04	5.460786e-02	6.558741e-01	1.594471e-02
5.006561e-04	5.856041e-02	7.078751e-01	1.709879e-02
5.757545e-04	6.279904e-02	7.591772e-01	1.833641e-02
6.621177e-04	6.734447e-02	8.144765e-01	1.966361e-02
7.614354e-04	7.221890e-02	8.766634e-01	2.108687e-02
8.756507e-04	7.744614e-02	9.380375e-01	2.261315e-02
1.006998e-03	8.305173e-02	1.003715e+00	2.424990e-02
1.158048e-03	8.906306e-02	1.070173e+00	2.600513e-02
1.331755e-03	9.550949e-02	1.139219e+00	2.788739e-02
1.531519e-03	1.024225e-01	1.210162e+00	2.990589e-02
1.761246e-03	1.098359e-01	1.280283e+00	3.207050e-02
2.025433e-03	1.177859e-01	1.355547e+00	3.439178e-02
2.329248e-03	1.263113e-01	1.429693e+00	3.688107e-02
2.678635e-03	1.354538e-01	1.502063e+00	3.955054e-02
3.080431e-03	1.452580e-01	1.571575e+00	4.241323e-02
3.542495e-03	1.557719e-01	1.648017e+00	4.548313e-02
4.073870e-03	1.670467e-01	1.724268e+00	4.877522e-02
4.684950e-03	1.791376e-01	1.795680e+00	5.230560e-02
5.387693e-03	1.921037e-01	1.864611e+00	5.609150e-02
6.195847e-03	2.060083e-01	1.926547e+00	6.015143e-02
7.125224e-03	2.209193e-01	1.994056e+00	6.450523e-02
8.194007e-03	2.369095e-01	2.058549e+00	6.917415e-02
9.423108e-03	2.540571e-01	2.115997e+00	7.415641e-02
1.083657e-02	2.724459e-01	2.171448e+00	7.953617e-02
1.246206e-02	2.921657e-01	2.222703e+00	8.531087e-02
1.433137e-02	3.133128e-01	2.267838e+00	9.148466e-02
1.648108e-02	3.359906e-01	2.307317e+00	9.810647e-02
1.895324e-02	3.603098e-01	2.343724e+00	1.052074e-01
2.179622e-02	3.863892e-01	2.377361e+00	1.128222e-01
2.506566e-02	4.143562e-01	2.405891e+00	1.209882e-01
2.882550e-02	4.443475e-01	2.425360e+00	1.297452e-01
3.314933e-02	4.765097e-01	2.442368e+00	1.391360e-01
3.812173e-02	5.109997e-01	2.460161e+00	1.492066e-01
4.383999e-02	5.479861e-01	2.468986e+00	1.600062e-01
5.041599e-02	5.876496e-01	2.473596e+00	1.715873e-01
5.797838e-02	6.301840e-01	2.470223e+00	1.840067e-01
6.667514e-02	6.757971e-01	2.462498e+00	1.973251e-01
7.667641e-02	7.247116e-01	2.452345e+00	2.116075e-01
8.817787e-02	7.771666e-01	2.433987e+00	2.269236e-01
1.014046e-01	8.334184e-01	2.409857e+00	2.433482e-01
1.166152e-01	8.937416e-01	2.379265e+00	2.609617e-01
1.341075e-01	9.584311e-01	2.342506e+00	2.798501e-01
1.542237e-01	1.027803e+00	2.299766e+00	3.001057e-01
1.773572e-01	1.102196e+00	2.250987e+00	3.218274e-01
2.039608e-01	1.181973e+00	2.195583e+00	3.451212e-01
2.345549e-01	1.267525e+00	2.135299e+00	3.701011e-01
2.697381e-01	1.359269e+00	2.071280e+00	3.968891e-01
3.101989e-01	1.457654e+00	2.003926e+00	4.256160e-01
3.567287e-01	1.563160e+00	1.927855e+00	4.564221e-01
4.102380e-01	1.676302e+00	1.848638e+00	4.894579e-01
4.717737e-01	1.797634e+00	1.768028e+00	5.248851e-01
5.425397e-01	1.927747e+00	1.686547e+00	5.628765e-01
6.239207e-01	2.067279e+00	1.607349e+00	6.036180e-01
7.175088e-01	2.216909e+00	1.518972e+00	6.473065e-01
8.251351e-01	2.377370e+00	1.431424e+00	6.941618e-01
9.489054e-01	2.545863e+00	1.347061e+00	7.444026e-01
1.091241e+00	2.704126e+00	1.262097e+00	7.986021e-01
1.254927e+00	2.870262e+00	1.178964e+00	8.573267e-01
1.443166e+00	3.043966e+00	1.099438e+00	9.209694e-01
1.659641e+00	3.224649e+00	1.024947e+00	9.900204e-01
1.908588e+00	1.710141e+00	9.509519e-01	1.065031e+00
2.194876e+00	1.833989e+00	8.780018e-01	1.146640e+00
2.524107e+00	1.973921e+00	8.091634e-01	1.235604e+00
2.902723e+00	2.137256e+00	7.507702e-01	1.332820e+00
3.338132e+00	2.338442e+00	6.923009e-01	1.439378e+00
3.838852e+00	2.563327e+00	6.301569e-01	1.556607e+00
4.414679e+00	2.808836e+00	5.861976e-01	1.686161e+00
5.076881e+00	3.074045e+00	5.468673e-01	1.830113e+00
5.838413e+00	3.369846e+00	5.021189e-01	1.991089e+00
6.714175e+00	3.684137e+00	4.509989e-01	1.977802e+00
7.721302e+00	4.031814e+00	3.969574e-01	1.921447e+00
8.879497e+00	4.410238e+00	3.570972e-01	1.872498e+00
1.021142e+01	4.810580e+00	3.214408e-01	1.832401e+00
1.174313e+01	5.257792e+00	2.899476e-01	1.802625e+00
1.350460e+01	5.760187e+00	2.612254e-01	1.784690e+00
1.553030e+01	6.315443e+00	2.352875e-01	1.780155e+00
1.785984e+01	6.926290e+00	2.127041e-01	1.790716e+00
2.053882e+01	7.570614e+00	1.903239e-01	1.818127e+00
2.361964e+01	8.278533e+00	1.706428e-01	1.864197e+00
2.716258e+01	8.992714e+00	1.538410e-01	1.930806e+00
3.123697e+01	9.752990e+00	1.395147e-01	2.019925e+00
3.592252e+01	1.056783e+01	1.240141e-01	2.133690e+00
4.131089e+01	1.130852e+01	1.100587e-01	2.274508e+00
4.750753e+01	1.207176e+01	9.837085e-02	2.445217e+00
5.463366e+01	1.273700e+01	8.797052e-02	2.649253e+00
6.282871e+01	1.336126e+01	7.948728e-02	2.890923e+00
7.225301e+01	1.397077e+01	7.026282e-02	3.175596e+00
8.309096e+01	1.442104e+01	6.217156e-02	3.509995e+00
9.555461e+01	1.483404e+01	5.535996e-02	3.902515e+00
1.098878e+02	1.508003e+01	4.905453e-02	4.363565e+00
1.263710e+02	1.532428e+01	4.351549e-02	4.906118e+00
1.453266e+02	1.558185e+01	3.862432e-02	5.546039e+00
1.671256e+02	1.565311e+01	3.452998e-02	6.303172e+00
1.921945e+02	1.725343e+01	3.068242e-02	7.203238e+00
2.210236e+02	1.686984e+01	2.713752e-02	8.293577e+00
2.541772e+02	1.639794e+01	2.406277e-02	9.602062e+00
2.923037e+02	1.586311e+01	2.163989e-02	1.118174e+01
3.361493e+02	1.528892e+01	1.932186e-02	1.309491e+01
3.865717e+02	1.475345e+01	1.686923e-02	1.539664e+01
4.445574e+02	1.413936e+01	1.494689e-02	1.816618e+01
5.112411e+02	1.350763e+01	1.318531e-02	2.152586e+01
5.879272e+02	1.287431e+01	1.181636e-02	2.562104e+01
6.761163e+02	1.225400e+01	1.051798e-02	3.063433e+01
7.775337e+02	1.163973e+01	9.165759e-03	3.680099e+01
8.941638e+02	1.100803e+01	8.107081e-03	4.442896e+01
1.028288e+03	1.037432e+01	7.127305e-03	5.390259e+01
1.182532e+03	9.760151e+00	6.287920e-03	6.569640e+01
1.359911e+03	9.147027e+00	5.546507e-03	8.042028e+01
1.563898e+03	8.542345e+00	4.902967e-03	9.887809e+01
1.798483e+03	7.956868e+00	4.354889e-03	1.220885e+02
2.068255e+03	7.387180e+00	3.823853e-03	1.513525e+02
2.378493e+03	6.833539e+00	3.367932e-03	1.883571e+02
2.735268e+03	6.300733e+00	2.991655e-03	2.352740e+02
3.145558e+03	5.794039e+00	2.678067e-03	2.948945e+02
3.617391e+03	5.315491e+00	2.336823e-03	3.708012e+02
4.160000e+03	4.865945e+00	2.042420e-03	4.675948e+02
4.784000e+03	4.444184e+00	1.798407e-03	5.911628e+02
5.501600e+03	4.050971e+00	1.587358e-03	7.490280e+02
6.326840e+03	3.689111e+00	1.418429e-03	9.507733e+02
7.275866e+03	3.357567e+00	1.233076e-03	1.208565e+03
8.367246e+03	3.053729e+00	1.077008e-03	1.537787e+03
9.622333e+03	2.777986e+00	9.454722e-04	1.957796e+03
