# Energy_MeV	dEdx_Elec_MeV_um	dEdx_Nucl_MeV_um	Range_um
1.000000e-05	8.577587e-03	4.594774e-02	2.331658e-03
1.150000e-05	9.198438e-03	5.101583e-02	2.500425e-03
1.322500e-05	9.864225e-03	5.650343e-02	2.681407e-03
1.520875e-05	1.057820e-02	6.275272e-02	2.875488e-03
1.749006e-05	1.134386e-02	6.970192e-02	3.083618e-03
2.011357e-05	1.216493e-02	7.720794e-02	3.306812e-03
2.313061e-05	1.304544e-02	8.558638e-02	3.546160e-03
2.660020e-05	1.398967e-02	9.473441e-02	3.802833e-03
3.059023e-05	1.500225e-02	1.048141e-01	4.078084e-03
3.517876e-05	1.608812e-02	1.158336e-01	4.373258e-03
4.045558e-05	1.725259e-02	1.278973e-01	4.689797e-03
4.652391e-05	1.850134e-02	1.413416e-01	5.029247e-03
5.350250e-05	1.984048e-02	1.559809e-01	5.393267e-03
6.152788e-05	2.127655e-02	1.715063e-01	5.783634e-03
7.075706e-05	2.281655e-02	1.886505e-01	6.202257e-03
8.137062e-05	2.446803e-02	2.083274e-01	6.651179e-03
9.357621e-05	2.623904e-02	2.289117e-01	7.132595e-03
1.076126e-04	2.813823e-02	2.518442e-01	7.648856e-03
1.237545e-04	3.017489e-02	2.757548e-01	8.202484e-03
1.423177e-04	3.235897e-02	3.020924e-01	8.796184e-03
1.636654e-04	3.470112e-02	3.322108e-01	9.432857e-03
1.882152e-04	3.721281e-02	3.633809e-01	1.011561e-02
2.164475e-04	3.990629e-02	3.980512e-01	1.084779e-02
2.489146e-04	4.279473e-02	4.347032e-01	1.163295e-02
2.862518e-04	4.589224e-02	4.746975e-01	1.247495e-02
3.291895e-04	4.921394e-02	5.176611e-01	1.337790e-02
3.785680e-04	5.277607e-02	5.626334e-01	1.434620e-02
4.353531e-04	5.659603e-02	6.129589e-01	1.538458e-02
5.006561e-04	6.069248e-02	6.654428e-01	1.649813e-02
5.757545e-04	6.508544e-02	7.213916e-01	1.769227e-02
6.621177e-04	6.979636e-02	7.788162e-01	1.897284e-02
7.614354e-04	7.484825e-02	8.437519e-01	2.034611e-02
8.756507e-04	8.026581e-02	9.137420e-01	2.181877e-02
1.006998e-03	8.607549e-02	9.848392e-01	2.339803e-02
1.158048e-03	9.230568e-02	1.060731e+00	2.509159e-02
1.331755e-03	9.898682e-02	1.136405e+00	2.690773e-02
1.531519e-03	1.061515e-01	1.221813e+00	2.885533e-02
1.761246e-03	1.138348e-01	1.312282e+00	3.094389e-02
2.025433e-03	1.220743e-01	1.402510e+00	3.318362e-02
2.329248e-03	1.309101e-01	1.499204e+00	3.558547e-02
2.678635e-03	1.403854e-01	1.597881e+00	3.816117e-02
3.080431e-03	1.505466e-01	1.698778e+00	4.092329e-02
3.542495e-03	1.614432e-01	1.800433e+00	4.388534e-02
4.073870e-03	1.731286e-01	1.904307e+00	4.706179e-02
4.684950e-03	1.856597e-01	2.013857e+00	5.046814e-02
5.387693e-03	1.990978e-01	2.122637e+00	5.412105e-02
6.195847e-03	2.135087e-01	2.222151e+00	5.803837e-02
7.125224e-03	2.289625e-01	2.325333e+00	6.223921e-02
8.194007e-03	2.455349e-01	2.442146e+00	6.674412e-02
9.423108e-03	2.633069e-01	2.544334e+00	7.157510e-02
1.083657e-02	2.823652e-01	2.651070e+00	7.675574e-02
1.246206e-02	3.028029e-01	2.740871e+00	8.231136e-02
1.433137e-02	3.247200e-01	2.831990e+00	8.825346e-02
1.648108e-02	3.482234e-01	2.933647e+00	9.464250e-02
1.895324e-02	3.734280e-01	3.017259e+00	1.015129e-01
2.179622e-02	4.004569e-01	3.102289e+00	1.088588e-01
2.506566e-02	4.294422e-01	3.175709e+00	1.167384e-01
2.882550e-02	4.605254e-01	3.245918e+00	1.251878e-01
3.314933e-02	4.938585e-01	3.308510e+00	1.342488e-01
3.812173e-02	5.296042e-01	3.360798e+00	1.439657e-01
4.383999e-02	5.679373e-01	3.414467e+00	1.543857e-01
5.041599e-02	6.090449e-01	3.456900e+00	1.655600e-01
5.797838e-02	6.531278e-01	3.492553e+00	1.775432e-01
6.667514e-02	7.004016e-01	3.516966e+00	1.903938e-01
7.667641e-02	7.510970e-01	3.542851e+00	2.041744e-01
8.817787e-02	8.054618e-01	3.563474e+00	2.189524e-01
1.014046e-01	8.637616e-01	3.571506e+00	2.348001e-01
1.166152e-01	9.262811e-01	3.573650e+00	2.517949e-01
1.341075e-01	9.933258e-01	3.564141e+00	2.700198e-01
1.542237e-01	1.065223e+00	3.551873e+00	2.895637e-01
1.773572e-01	1.142325e+00	3.531913e+00	3.105222e-01
2.039608e-01	1.225007e+00	3.500287e+00	3.329978e-01
2.345549e-01	1.313673e+00	3.461124e+00	3.571003e-01
2.697381e-01	1.408758e+00	3.412201e+00	3.829473e-01
3.101989e-01	1.510724e+00	3.354620e+00	4.106649e-01
3.567287e-01	1.620071e+00	3.288449e+00	4.403888e-01
4.102380e-01	1.737333e+00	3.213010e+00	4.722643e-01
4.717737e-01	1.863082e+00	3.129147e+00	5.064469e-01
5.425397e-01	1.997933e+00	3.037308e+00	5.431036e-01
6.239207e-01	2.142544e+00	2.944226e+00	5.824134e-01
7.175088e-01	2.297623e+00	2.841599e+00	6.245686e-01
8.251351e-01	2.463926e+00	2.725487e+00	6.697751e-01
9.489054e-01	2.642266e+00	2.612899e+00	7.182541e-01
1.091241e+00	2.833515e+00	2.490827e+00	7.702397e-01
1.254927e+00	3.038606e+00	2.378908e+00	8.259949e-01
1.443166e+00	3.256432e+00	2.259674e+00	8.857691e-01
1.659641e+00	3.459038e+00	2.126867e+00	9.502121e-01
1.908588e+00	3.671783e+00	2.006975e+00	1.020032e+00
2.194876e+00	3.894301e+00	1.880534e+00	1.095692e+00
2.524107e+00	4.125869e+00	1.762738e+00	1.177775e+00
2.902723e+00	4.365287e+00	1.644395e+00	1.266932e+00
3.338132e+00	4.610730e+00	1.531441e+00	1.363919e+00
3.838852e+00	4.859587e+00	1.427435e+00	1.469627e+00
4.414679e+00	5.108274e+00	1.317188e+00	1.585116e+00
5.076881e+00	2.718345e+00	1.217479e+00	1.711667e+00
5.838413e+00	2.981445e+00	1.123781e+00	1.850846e+00
6.714175e+00	3.269228e+00	1.042963e+00	2.004596e+00
7.721302e+00	3.584146e+00	9.528621e-01	2.175350e+00
8.879497e+00	3.935798e+00	8.738044e-01	2.366190e+00
1.021142e+01	4.310304e+00	8.186074e-01	2.581053e+00
1.174313e+01	4.725713e+00	7.583032e-01	2.824992e+00
1.350460e+01	5.171556e+00	6.893503e-01	3.104534e+00
1.553030e+01	5.628757e+00	6.100545e-01	3.053135e+00
1.785984e+01	6.125838e+00	5.407781e-01	2.901050e+00
2.053882e+01	6.676824e+00	4.892690e-01	2.779839e+00
2.361964e+01	7.281279e+00	4.401294e-01	2.688803e+00
2.716258e+01	7.926294e+00	3.960589e-01	2.627550e+00
3.123697e+01	8.624222e+00	3.570985e-01	2.595969e+00
3.592252e+01	9.403370e+00	3.226388e-01	2.594185e+00
4.131089e+01	1.022628e+01	2.905510e-01	2.622465e+00
4.750753e+01	1.113900e+01	2.598142e-01	2.681443e+00
5.463366e+01	1.214317e+01	2.325032e-01	2.771926e+00
6.282871e+01	1.317302e+01	2.114269e-01	2.895111e+00
7.225301e+01	1.428581e+01	1.905101e-01	3.052723e+00
8.309096e+01	1.533623e+01	1.677333e-01	3.247187e+00
9.555461e+01	1.639312e+01	1.503322e-01	3.481833e+00
1.098878e+02	1.744666e+01	1.333652e-01	3.761098e+00
1.263710e+02	1.833642e+01	1.207000e-01	4.090735e+00
1.453266e+02	1.920397e+01	1.082524e-01	4.478080e+00
1.671256e+02	1.980259e+01	9.489927e-02	4.932350e+00
1.921945e+02	2.043153e+01	8.478152e-02	5.465023e+00
2.210236e+02	2.110430e+01	7.490794e-02	6.090076e+00
2.541772e+02	2.151030e+01	6.672390e-02	6.825219e+00
2.923037e+02	2.456760e+01	5.912145e-02	7.691899e+00
3.361493e+02	2.436329e+01	5.257744e-02	8.734697e+00
3.865717e+02	2.401837e+01	4.708199e-02	9.977259e+00
4.445574e+02	2.355793e+01	4.150234e-02	1.146227e+01
5.112411e+02	2.297473e+01	3.686772e-02	1.324492e+01
5.879272e+02	2.243942e+01	3.282559e-02	1.536846e+01
6.761163e+02	2.173853e+01	2.960666e-02	1.789349e+01
7.775337e+02	2.099117e+01	2.603449e-02	2.092207e+01
8.941638e+02	2.022640e+01	2.283247e-02	2.457192e+01
1.028288e+03	1.946823e+01	2.025709e-02	2.898946e+01
1.182532e+03	1.872402e+01	1.794445e-02	3.436101e+01
1.359911e+03	1.792896e+01	1.614137e-02	4.093006e+01
1.563898e+03	1.710546e+01	1.414359e-02	4.899741e+01
1.798483e+03	1.629624e+01	1.239456e-02	5.892886e+01
2.068255e+03	1.546583e+01	1.096963e-02	7.118884e+01
2.378493e+03	1.462703e+01	9.644167e-03	8.638989e+01
2.735268e+03	1.379809e+01	8.491248e-03	1.053020e+02
3.145558e+03	1.297262e+01	7.500549e-03	1.289011e+02
3.617391e+03	1.214971e+01	6.660235e-03	1.584467e+02
4.160000e+03	1.133912e+01	5.886535e-03	1.955540e+02
4.784000e+03	1.055314e+01	5.170591e-03	2.422919e+02
5.501600e+03	9.794380e+00	4.551357e-03	3.013076e+02
6.326840e+03	9.064849e+00	4.086044e-03	3.759944e+02
7.275866e+03	8.369341e+00	3.625583e-03	4.706905e+02
8.367246e+03	7.711040e+00	3.134013e-03	5.909379e+02
9.622333e+03	7.091357e+00	2.769707e-03	7.438007e+02
