# Energy_MeV	dEdx_Elec_MeV_um	dEdx_Nucl_MeV_um	Range_um
1.000000e-05	7.418998e-03	6.472592e-02	2.695782e-03
1.150000e-05	7.955989e-03	7.116182e-02	2.890904e-03
1.322500e-05	8.531847e-03	7.830041e-02	3.100149e-03
1.520875e-05	9.149387e-03	8.640514e-02	3.324540e-03
1.749006e-05	9.811624e-03	9.499697e-02	3.565172e-03
2.011357e-05	1.052179e-02	1.045262e-01	3.823221e-03
2.313061e-05	1.128337e-02	1.144673e-01	4.099947e-03
2.660020e-05	1.210006e-02	1.254345e-01	4.396704e-03
3.059023e-05	1.297587e-02	1.378302e-01	4.714940e-03
3.517876e-05	1.391507e-02	1.508730e-01	5.056209e-03
4.045558e-05	1.492225e-02	1.652424e-01	5.422180e-03
4.652391e-05	1.600233e-02	1.805178e-01	5.814641e-03
5.350250e-05	1.716059e-02	1.970628e-01	6.235508e-03
6.152788e-05	1.840269e-02	2.149715e-01	6.686837e-03
7.075706e-05	1.973468e-02	2.337678e-01	7.170834e-03
8.137062e-05	1.059035e-02	2.545680e-01	7.689862e-03
9.357621e-05	1.141403e-02	2.765117e-01	8.246459e-03
1.076126e-04	1.229705e-02	2.995650e-01	8.843342e-03
1.237545e-04	1.324374e-02	3.239045e-01	9.483427e-03
1.423177e-04	1.425872e-02	3.507750e-01	1.016984e-02
1.636654e-04	1.534694e-02	3.794440e-01	1.090594e-02
1.882152e-04	1.651373e-02	4.096516e-01	1.169532e-02
2.164475e-04	1.776480e-02	4.406820e-01	1.254183e-02
2.489146e-04	1.910624e-02	4.730175e-01	1.344962e-02
2.862518e-04	2.054463e-02	5.083470e-01	1.442311e-02
3.291895e-04	2.208698e-02	5.453845e-01	1.546706e-02
3.785680e-04	2.374084e-02	5.838926e-01	1.658657e-02
4.353531e-04	2.551427e-02	6.235013e-01	1.778712e-02
5.006561e-04	2.741596e-02	6.654783e-01	1.907456e-02
5.757545e-04	2.945519e-02	7.073973e-01	2.045519e-02
6.621177e-04	3.164191e-02	7.495486e-01	2.193574e-02
7.614354e-04	3.398682e-02	7.936753e-01	2.352346e-02
8.756507e-04	3.650138e-02	8.384803e-01	2.522611e-02
1.006998e-03	3.919786e-02	8.850183e-01	2.705198e-02
1.158048e-03	4.208943e-02	9.267043e-01	2.901002e-02
1.331755e-03	4.519024e-02	9.702222e-01	3.110978e-02
1.531519e-03	4.851542e-02	1.018030e+00	3.336152e-02
1.761246e-03	5.208122e-02	1.061790e+00	3.577625e-02
2.025433e-03	5.590505e-02	1.106137e+00	3.836575e-02
2.329248e-03	6.000561e-02	1.144653e+00	4.114269e-02
2.678635e-03	6.440293e-02	1.183267e+00	4.412062e-02
3.080431e-03	6.911848e-02	1.224811e+00	4.731409e-02
3.542495e-03	7.417530e-02	1.261088e+00	5.073871e-02
4.073870e-03	7.959810e-02	1.296449e+00	5.441120e-02
4.684950e-03	8.541337e-02	1.328068e+00	5.834952e-02
5.387693e-03	9.164952e-02	1.357258e+00	6.257288e-02
6.195847e-03	9.833701e-02	1.384247e+00	6.707139e-02
7.125224e-03	1.055085e-01	1.406873e+00	7.195568e-02
8.194007e-03	1.131991e-01	1.429127e+00	7.716883e-02
9.423108e-03	1.214463e-01	1.447682e+00	8.275469e-02
1.083657e-02	1.302904e-01	1.462356e+00	8.874415e-02
1.246206e-02	1.397746e-01	1.473982e+00	9.516743e-02
1.433137e-02	1.499452e-01	1.484791e+00	1.020555e-01
1.648108e-02	1.608520e-01	1.492960e+00	1.094422e-01
1.895324e-02	1.725483e-01	1.497661e+00	1.173636e-01
2.179622e-02	1.850911e-01	1.498224e+00	1.258583e-01
2.506566e-02	1.985417e-01	1.495466e+00	1.349678e-01
2.882550e-02	2.129659e-01	1.490440e+00	1.447367e-01
3.314933e-02	2.284341e-01	1.482056e+00	1.552127e-01
3.812173e-02	2.450219e-01	1.469737e+00	1.664470e-01
4.383999e-02	2.628103e-01	1.453473e+00	1.784944e-01
5.041599e-02	2.818862e-01	1.433664e+00	1.914137e-01
5.797838e-02	3.023428e-01	1.409908e+00	2.052682e-01
6.667514e-02	3.242801e-01	1.382641e+00	2.201255e-01
7.667641e-02	3.478053e-01	1.351416e+00	2.360582e-01
8.817787e-02	3.730331e-01	1.316897e+00	2.531441e-01
1.014046e-01	4.000870e-01	1.278763e+00	2.714666e-01
1.166152e-01	4.290990e-01	1.239802e+00	2.911154e-01
1.341075e-01	4.602110e-01	1.197041e+00	3.121864e-01
1.542237e-01	4.935748e-01	1.149422e+00	3.347825e-01
1.773572e-01	5.293535e-01	1.101825e+00	3.590140e-01
2.039608e-01	5.677219e-01	1.051524e+00	3.849994e-01
2.345549e-01	6.088675e-01	1.003884e+00	4.128658e-01
2.697381e-01	6.529911e-01	9.538912e-01	4.427492e-01
3.101989e-01	7.003084e-01	8.995382e-01	4.747955e-01
3.567287e-01	7.510506e-01	8.481626e-01	5.091612e-01
4.102380e-01	8.054656e-01	7.958799e-01	5.460144e-01
4.717737e-01	8.638191e-01	7.456565e-01	5.855363e-01
5.425397e-01	9.263962e-01	6.967093e-01	6.279096e-01
6.239207e-01	9.935064e-01	6.487267e-01	6.734145e-01
7.175088e-01	1.065477e+00	6.042700e-01	7.226331e-01
8.251351e-01	1.142657e+00	5.587473e-01	7.759566e-01
9.489054e-01	1.225424e+00	5.159867e-01	8.337758e-01
1.091241e+00	1.314181e+00	4.775874e-01	8.965325e-01
1.254927e+00	1.409363e+00	4.416511e-01	9.647424e-01
1.443166e+00	1.511530e+00	4.042399e-01	1.039005e+00
1.659641e+00	1.630112e+00	3.722933e-01	1.120029e+00
1.908588e+00	1.770740e+00	3.464054e-01	1.208665e+00
2.194876e+00	1.940119e+00	3.212805e-01	1.305944e+00
2.524107e+00	2.125492e+00	2.924681e-01	1.318603e+00
2.902723e+00	2.333768e+00	2.596993e-01	1.316184e+00
3.338132e+00	2.559261e+00	2.316935e-01	1.312873e+00
3.838852e+00	2.812520e+00	2.080310e-01	1.309591e+00
4.414679e+00	3.095226e+00	1.878858e-01	1.307364e+00
5.076881e+00	3.405192e+00	1.685819e-01	1.307296e+00
5.838413e+00	3.751287e+00	1.519846e-01	1.310672e+00
6.714175e+00	4.109468e+00	1.374931e-01	1.318889e+00
7.721302e+00	4.512246e+00	1.235493e-01	1.333496e+00
8.879497e+00	4.965270e+00	1.109369e-01	1.356211e+00
1.021142e+01	5.424472e+00	9.913795e-02	1.388931e+00
1.174313e+01	5.920751e+00	8.995191e-02	1.433732e+00
1.350460e+01	6.405752e+00	8.101722e-02	1.492862e+00
1.553030e+01	6.881981e+00	7.173058e-02	1.568734e+00
1.785984e+01	7.357918e+00	6.403458e-02	1.663926e+00
2.053882e+01	7.786388e+00	5.700855e-02	1.781240e+00
2.361964e+01	8.221432e+00	5.138078e-02	1.923768e+00
2.716258e+01	8.584182e+00	4.607387e-02	2.095030e+00
3.123697e+01	8.901524e+00	4.062796e-02	2.299159e+00
3.592252e+01	9.197400e+00	3.612395e-02	2.541137e+00
4.131089e+01	9.407647e+00	3.202949e-02	2.827089e+00
4.750753e+01	9.603772e+00	2.844368e-02	3.164598e+00
5.463366e+01	9.735389e+00	2.529293e-02	3.563105e+00
6.282871e+01	9.796727e+00	2.245241e-02	4.034384e+00
7.225301e+01	9.818425e+00	2.005156e-02	4.593110e+00
8.309096e+01	9.820080e+00	1.774583e-02	5.257578e+00
9.555461e+01	9.791558e+00	1.571693e-02	6.050907e+00
1.098878e+02	9.703451e+00	1.405798e-02	7.000139e+00
1.263710e+02	1.011482e+01	1.259042e-02	8.150770e+00
1.453266e+02	9.710977e+00	1.110346e-02	9.559724e+00
1.671256e+02	9.261678e+00	9.791069e-03	1.126998e+01
1.921945e+02	8.789468e+00	8.633866e-03	1.336996e+01
2.210236e+02	8.355386e+00	7.694069e-03	1.594344e+01
2.541772e+02	7.922205e+00	6.865905e-03	1.907967e+01
2.923037e+02	7.472431e+00	6.035645e-03	2.292384e+01
3.361493e+02	7.027293e+00	5.314392e-03	2.766381e+01
3.865717e+02	6.591934e+00	4.677505e-03	3.353554e+01
4.445574e+02	6.173265e+00	4.133259e-03	4.083862e+01
5.112411e+02	5.756485e+00	3.628061e-03	4.996769e+01
5.879272e+02	5.348005e+00	3.202596e-03	6.143457e+01
6.761163e+02	4.955561e+00	2.847006e-03	7.588092e+01
7.775337e+02	4.580232e+00	2.510058e-03	9.411473e+01
8.941638e+02	4.218796e+00	2.214796e-03	1.171991e+02
1.028288e+03	3.874034e+00	1.947016e-03	1.465153e+02
1.182532e+03	3.549000e+00	1.741990e-03	1.838263e+02
1.359911e+03	3.242579e+00	1.545273e-03	2.314034e+02
1.563898e+03	2.954183e+00	1.345137e-03	2.921941e+02
1.798483e+03	2.684861e+00	1.182098e-03	3.699916e+02
2.068255e+03	2.434794e+00	1.038238e-03	4.696680e+02
2.378493e+03	2.204226e+00	9.239145e-04	5.974782e+02
2.735268e+03	1.993229e+00	8.174841e-04	7.614317e+02
3.145558e+03	1.801279e+00	7.103151e-04	9.717532e+02
3.617391e+03	1.626927e+00	6.225824e-04	1.241464e+03
4.160000e+03	1.468826e+00	5.448048e-04	1.587089e+03
4.784000e+03	1.326673e+00	4.767198e-04	2.029528e+03
5.501600e+03	1.199497e+00	4.184623e-04	2.595097e+03
6.326840e+03	1.085753e+00	3.668825e-04	3.316788e+03
7.275866e+03	9.843211e-01	3.233509e-04	4.235753e+03
8.367246e+03	8.943396e-01	2.823521e-04	5.403077e+03
9.622333e+03	8.145800e-01	2.464501e-04	6.881783e+03
