# Energy_MeV	dEdx_Elec_MeV_um	dEdx_Nucl_MeV_um	Range_um
1.000000e-05	8.882225e-03	5.795943e-02	2.251688e-03
1.150000e-05	9.525125e-03	6.414507e-02	2.414667e-03
1.322500e-05	1.021456e-02	7.098672e-02	2.589441e-03
1.520875e-05	1.095389e-02	7.854493e-02	2.776867e-03
1.749006e-05	1.174674e-02	8.670540e-02	2.977858e-03
2.011357e-05	1.259698e-02	9.586480e-02	3.193397e-03
2.313061e-05	1.350875e-02	1.057785e-01	3.424536e-03
2.660020e-05	1.448652e-02	1.165389e-01	3.672406e-03
3.059023e-05	1.553507e-02	1.281292e-01	3.938217e-03
3.517876e-05	1.665950e-02	1.412118e-01	4.223267e-03
4.045558e-05	1.786533e-02	1.555796e-01	4.528949e-03
4.652391e-05	1.915843e-02	1.710310e-01	4.856757e-03
5.350250e-05	2.054513e-02	1.877818e-01	5.208292e-03
6.152788e-05	2.203219e-02	2.056105e-01	5.585270e-03
7.075706e-05	2.362689e-02	2.257083e-01	5.989535e-03
8.137062e-05	2.533702e-02	2.475770e-01	6.423061e-03
9.357621e-05	2.717093e-02	2.709369e-01	6.887966e-03
1.076126e-04	2.913757e-02	2.964004e-01	7.386520e-03
1.237545e-04	3.124657e-02	3.239386e-01	7.921160e-03
1.423177e-04	3.350821e-02	3.533415e-01	8.494498e-03
1.636654e-04	3.593355e-02	3.846116e-01	9.109334e-03
1.882152e-04	3.853444e-02	4.184505e-01	9.768673e-03
2.164475e-04	4.132359e-02	4.551485e-01	1.047573e-02
2.489146e-04	4.431461e-02	4.945552e-01	1.123397e-02
2.862518e-04	4.752212e-02	5.343364e-01	1.204709e-02
3.291895e-04	5.096180e-02	5.776665e-01	1.291907e-02
3.785680e-04	5.465044e-02	6.267961e-01	1.385416e-02
4.353531e-04	5.860607e-02	6.762337e-01	1.485693e-02
5.006561e-04	6.284801e-02	7.299199e-01	1.593228e-02
5.757545e-04	6.739698e-02	7.828525e-01	1.708547e-02
6.621177e-04	7.227521e-02	8.398635e-01	1.832213e-02
7.614354e-04	7.750653e-02	9.040184e-01	1.964829e-02
8.756507e-04	8.311649e-02	9.673295e-01	2.107044e-02
1.006998e-03	8.913251e-02	1.035133e+00	2.259553e-02
1.158048e-03	9.558396e-02	1.103690e+00	2.423101e-02
1.331755e-03	1.025024e-01	1.174931e+00	2.598486e-02
1.531519e-03	1.099216e-01	1.248271e+00	2.786566e-02
1.761246e-03	1.178777e-01	1.320656e+00	2.988259e-02
2.025433e-03	1.264098e-01	1.398310e+00	3.204551e-02
2.329248e-03	1.355594e-01	1.474821e+00	3.436498e-02
2.678635e-03	1.453713e-01	1.549587e+00	3.685234e-02
3.080431e-03	1.558933e-01	1.621544e+00	3.951973e-02
3.542495e-03	1.671770e-01	1.700243e+00	4.238019e-02
4.073870e-03	1.792773e-01	1.778971e+00	4.544769e-02
4.684950e-03	1.922535e-01	1.852944e+00	4.873722e-02
5.387693e-03	2.061689e-01	1.924093e+00	5.226484e-02
6.195847e-03	2.210915e-01	1.988359e+00	5.604780e-02
7.125224e-03	2.370942e-01	2.057857e+00	6.010457e-02
8.194007e-03	2.542552e-01	2.124497e+00	6.445497e-02
9.423108e-03	2.726584e-01	2.184117e+00	6.909655e-02
1.083657e-02	2.923935e-01	2.241360e+00	7.412443e-02
1.246206e-02	3.135571e-01	2.294486e+00	7.948967e-02
1.433137e-02	3.362526e-01	2.341190e+00	8.524382e-02
1.648108e-02	3.605907e-01	2.382067e+00	9.141342e-02
1.895324e-02	3.866904e-01	2.419830e+00	9.802987e-02
2.179622e-02	4.146793e-01	2.454588e+00	1.051252e-01
2.506566e-02	4.446940e-01	2.484346e+00	1.127341e-01
2.882550e-02	4.768812e-01	2.504528e+00	1.208937e-01
3.314933e-02	5.113981e-01	2.522163e+00	1.296439e-01
3.812173e-02	5.484134e-01	2.540632e+00	1.390274e-01
4.383999e-02	5.881078e-01	2.549874e+00	1.490902e-01
5.041599e-02	6.306754e-01	2.554787e+00	1.598813e-01
5.797838e-02	6.763240e-01	2.551443e+00	1.714534e-01
6.667514e-02	7.252767e-01	2.543564e+00	1.838632e-01
7.667641e-02	7.777726e-01	2.533201e+00	1.971711e-01
8.817787e-02	8.340682e-01	2.514441e+00	2.114423e-01
1.014046e-01	8.944385e-01	2.489619e+00	2.267466e-01
1.166152e-01	9.591784e-01	2.458170e+00	2.431585e-01
1.341075e-01	1.028604e+00	2.420351e+00	2.607582e-01
1.542237e-01	1.103055e+00	2.376360e+00	2.796318e-01
1.773572e-01	1.182895e+00	2.326122e+00	2.998717e-01
2.039608e-01	1.268513e+00	2.269043e+00	3.215764e-01
2.345549e-01	1.360329e+00	2.206907e+00	3.448522e-01
2.697381e-01	1.458790e+00	2.140917e+00	3.698125e-01
3.101989e-01	1.564379e+00	2.071390e+00	3.965796e-01
3.567287e-01	1.677609e+00	1.993068e+00	4.252842e-01
4.102380e-01	1.799035e+00	1.911370e+00	4.560664e-01
4.717737e-01	1.929250e+00	1.828075e+00	4.890765e-01
5.425397e-01	2.068891e+00	1.744013e+00	5.244758e-01
6.239207e-01	2.218638e+00	1.662067e+00	5.624374e-01
7.175088e-01	2.379224e+00	1.571072e+00	6.031491e-01
8.251351e-01	2.551434e+00	1.480713e+00	6.467938e-01
9.489054e-01	2.720002e+00	1.393377e+00	6.936923e-01
1.091241e+00	2.888204e+00	1.305701e+00	7.444450e-01
1.254927e+00	3.064457e+00	1.219590e+00	7.994292e-01
1.443166e+00	3.248317e+00	1.137538e+00	8.590559e-01
1.659641e+00	3.438996e+00	1.060443e+00	9.237822e-01
1.908588e+00	1.819679e+00	9.840034e-01	9.941434e-01
2.194876e+00	1.952262e+00	9.087141e-01	1.070763e+00
2.524107e+00	2.106540e+00	8.372670e-01	1.154379e+00
2.902723e+00	2.290362e+00	7.768947e-01	1.245876e+00
3.338132e+00	2.509413e+00	7.165143e-01	1.346332e+00
3.838852e+00	2.745058e+00	6.521983e-01	1.457077e+00
4.414679e+00	3.008008e+00	6.063393e-01	1.579767e+00
5.076881e+00	3.288899e+00	5.658605e-01	1.716493e+00
5.838413e+00	3.597280e+00	5.197026e-01	1.869912e+00
6.714175e+00	3.938023e+00	4.670666e-01	1.841267e+00
7.721302e+00	4.297058e+00	4.111968e-01	1.783422e+00
8.879497e+00	4.694025e+00	3.696570e-01	1.733965e+00
1.021142e+01	5.111430e+00	3.328662e-01	1.694122e+00
1.174313e+01	5.584042e+00	3.001864e-01	1.665139e+00
1.350460e+01	6.122049e+00	2.705494e-01	1.648312e+00
1.553030e+01	6.695321e+00	2.436098e-01	1.644968e+00
1.785984e+01	7.333109e+00	2.202245e-01	1.656550e+00
2.053882e+01	8.019214e+00	1.971040e-01	1.684542e+00
2.361964e+01	8.738035e+00	1.766889e-01	1.730474e+00
2.716258e+01	9.523772e+00	1.593427e-01	1.795941e+00
3.123697e+01	1.031417e+01	1.444397e-01	1.882643e+00
3.592252e+01	1.114884e+01	1.284787e-01	1.992460e+00
4.131089e+01	1.196344e+01	1.140499e-01	2.127576e+00
4.750753e+01	1.270882e+01	1.018891e-01	2.290633e+00
5.463366e+01	1.346641e+01	9.113143e-02	2.484884e+00
6.282871e+01	1.409145e+01	8.230328e-02	2.714447e+00
7.225301e+01	1.469707e+01	7.279999e-02	2.984479e+00
8.309096e+01	1.522055e+01	6.439639e-02	3.301435e+00
9.555461e+01	1.556627e+01	5.734656e-02	3.673372e+00
1.098878e+02	1.587189e+01	5.082957e-02	4.110266e+00
1.263710e+02	1.616249e+01	4.506983e-02	4.624446e+00
1.453266e+02	1.638304e+01	4.001461e-02	5.231506e+00
1.671256e+02	1.649938e+01	3.576056e-02	5.948738e+00
1.921945e+02	1.807037e+01	3.178485e-02	6.809503e+00
2.210236e+02	1.765155e+01	2.811663e-02	7.849362e+00
2.541772e+02	1.715454e+01	2.492125e-02	9.093886e+00
2.923037e+02	1.656586e+01	2.240958e-02	1.060086e+01
3.361493e+02	1.602946e+01	2.001572e-02	1.241819e+01
3.865717e+02	1.543562e+01	1.747841e-02	1.459592e+01
4.445574e+02	1.478818e+01	1.547924e-02	1.722418e+01
5.112411e+02	1.413326e+01	1.365954e-02	2.041440e+01
5.879272e+02	1.348103e+01	1.223329e-02	2.430519e+01
6.761163e+02	1.284909e+01	1.089682e-02	2.907042e+01
7.775337e+02	1.219716e+01	9.497622e-03	3.493866e+01
8.941638e+02	1.153561e+01	8.396379e-03	4.220183e+01
1.028288e+03	1.088282e+01	7.385078e-03	5.121947e+01
1.182532e+03	1.023704e+01	6.513079e-03	6.244036e+01
1.359911e+03	9.594941e+00	5.748287e-03	7.645618e+01
1.563898e+03	8.964562e+00	5.078941e-03	9.402795e+01
1.798483e+03	8.352448e+00	4.510772e-03	1.161211e+02
2.068255e+03	7.755246e+00	3.962158e-03	1.439770e+02
2.378493e+03	7.173362e+00	3.488762e-03	1.792027e+02
2.735268e+03	6.616232e+00	3.100237e-03	2.238627e+02
3.145558e+03	6.086719e+00	2.773604e-03	2.806062e+02
3.617391e+03	5.586508e+00	2.422017e-03	3.528368e+02
4.160000e+03	5.115748e+00	2.115877e-03	4.449166e+02
4.784000e+03	4.673819e+00	1.863513e-03	5.624243e+02
5.501600e+03	4.263371e+00	1.645135e-03	7.124798e+02
6.326840e+03	3.885947e+00	1.469159e-03	9.041404e+02
7.275866e+03	3.539178e+00	1.278073e-03	1.148887e+03
8.367246e+03	3.221771e+00	1.115839e-03	1.461210e+03
9.622333e+03	2.934663e+00	9.797949e-04	1.859303e+03
