# Energy_MeV	dEdx_Elec_MeV_um	dEdx_Nucl_MeV_um	Range_um
1.000000e-05	8.597694e-03	4.738512e-02	2.326205e-03
1.150000e-05	9.220000e-03	5.248450e-02	2.494577e-03
1.322500e-05	9.887349e-03	5.822225e-02	2.675136e-03
1.520875e-05	1.060300e-02	6.473002e-02	2.868764e-03
1.749006e-05	1.137045e-02	7.170504e-02	3.076406e-03
2.011357e-05	1.219345e-02	7.952579e-02	3.299078e-03
2.313061e-05	1.307602e-02	8.800476e-02	3.537867e-03
2.660020e-05	1.402247e-02	9.740794e-02	3.793940e-03
3.059023e-05	1.503742e-02	1.077144e-01	4.068547e-03
3.517876e-05	1.612584e-02	1.188960e-01	4.363031e-03
4.045558e-05	1.729303e-02	1.314577e-01	4.678829e-03
4.652391e-05	1.854471e-02	1.450364e-01	5.017485e-03
5.350250e-05	1.988699e-02	1.597655e-01	5.380654e-03
6.152788e-05	2.132642e-02	1.755696e-01	5.770108e-03
7.075706e-05	2.287004e-02	1.936372e-01	6.187752e-03
8.137062e-05	2.452538e-02	2.132479e-01	6.635624e-03
9.357621e-05	2.630054e-02	2.343688e-01	7.115914e-03
1.076126e-04	2.820419e-02	2.572286e-01	7.630968e-03
1.237545e-04	3.024563e-02	2.815170e-01	8.183302e-03
1.423177e-04	3.243482e-02	3.092649e-01	8.775613e-03
1.636654e-04	3.478247e-02	3.390291e-01	9.410797e-03
1.882152e-04	3.730004e-02	3.709568e-01	1.009196e-02
2.164475e-04	3.999984e-02	4.057389e-01	1.082242e-02
2.489146e-04	4.289505e-02	4.432729e-01	1.160575e-02
2.862518e-04	4.599982e-02	4.834090e-01	1.244578e-02
3.291895e-04	4.932931e-02	5.259485e-01	1.334661e-02
3.785680e-04	5.289979e-02	5.723041e-01	1.431265e-02
4.353531e-04	5.672870e-02	6.223066e-01	1.534860e-02
5.006561e-04	6.083476e-02	6.756208e-01	1.645954e-02
5.757545e-04	6.523801e-02	7.295417e-01	1.765089e-02
6.621177e-04	6.995997e-02	7.891940e-01	1.892847e-02
7.614354e-04	7.502371e-02	8.559675e-01	2.029853e-02
8.756507e-04	8.045396e-02	9.229100e-01	2.176774e-02
1.006998e-03	8.627727e-02	9.957131e-01	2.334331e-02
1.158048e-03	9.252206e-02	1.067193e+00	2.503291e-02
1.331755e-03	9.921885e-02	1.145681e+00	2.684480e-02
1.531519e-03	1.064004e-01	1.232640e+00	2.878784e-02
1.761246e-03	1.141017e-01	1.317927e+00	3.087152e-02
2.025433e-03	1.223604e-01	1.410145e+00	3.310602e-02
2.329248e-03	1.312169e-01	1.502918e+00	3.550225e-02
2.678635e-03	1.407145e-01	1.599953e+00	3.807192e-02
3.080431e-03	1.508995e-01	1.697868e+00	4.082759e-02
3.542495e-03	1.618217e-01	1.795519e+00	4.378271e-02
4.073870e-03	1.735344e-01	1.900864e+00	4.695173e-02
4.684950e-03	1.860949e-01	2.003800e+00	5.035012e-02
5.387693e-03	1.995646e-01	2.104213e+00	5.399448e-02
6.195847e-03	2.140091e-01	2.200061e+00	5.790263e-02
7.125224e-03	2.294992e-01	2.308521e+00	6.209366e-02
8.194007e-03	2.461105e-01	2.412944e+00	6.658803e-02
9.423108e-03	2.639241e-01	2.511924e+00	7.140771e-02
1.083657e-02	2.830271e-01	2.606018e+00	7.657623e-02
1.246206e-02	3.035127e-01	2.690933e+00	8.211886e-02
1.433137e-02	3.254812e-01	2.786554e+00	8.801959e-02
1.648108e-02	3.490397e-01	2.873667e+00	9.442997e-02
1.895324e-02	3.743033e-01	2.953058e+00	1.012744e-01
2.179622e-02	4.013956e-01	3.028629e+00	1.086049e-01
2.506566e-02	4.304488e-01	3.098049e+00	1.164653e-01
2.882550e-02	4.616049e-01	3.160047e+00	1.248950e-01
3.314933e-02	4.950162e-01	3.213220e+00	1.339348e-01
3.812173e-02	5.308457e-01	3.263773e+00	1.436288e-01
4.383999e-02	5.692686e-01	3.308851e+00	1.540246e-01
5.041599e-02	6.104725e-01	3.346447e+00	1.651729e-01
5.797838e-02	6.546589e-01	3.371849e+00	1.771280e-01
6.667514e-02	7.020434e-01	3.395775e+00	1.899483e-01
7.667641e-02	7.528577e-01	3.419286e+00	2.036967e-01
8.817787e-02	8.073499e-01	3.429475e+00	2.184403e-01
1.014046e-01	8.657864e-01	3.434823e+00	2.342510e-01
1.166152e-01	9.284524e-01	3.428237e+00	2.512059e-01
1.341075e-01	9.956543e-01	3.417111e+00	2.693881e-01
1.542237e-01	1.067720e+00	3.401591e+00	2.888864e-01
1.773572e-01	1.145002e+00	3.374081e+00	3.097961e-01
2.039608e-01	1.227878e+00	3.339317e+00	3.322191e-01
2.345549e-01	1.316753e+00	3.295119e+00	3.562650e-01
2.697381e-01	1.412060e+00	3.242685e+00	3.820515e-01
3.101989e-01	1.514266e+00	3.181773e+00	4.097045e-01
3.567287e-01	1.623869e+00	3.112451e+00	4.393590e-01
4.102380e-01	1.741406e+00	3.034077e+00	4.711598e-01
4.717737e-01	1.867449e+00	2.949002e+00	5.052623e-01
5.425397e-01	2.002616e+00	2.859254e+00	5.418333e-01
6.239207e-01	2.147567e+00	2.764620e+00	5.810514e-01
7.175088e-01	2.303009e+00	2.656527e+00	6.231081e-01
8.251351e-01	2.469702e+00	2.546782e+00	6.682086e-01
9.489054e-01	2.648460e+00	2.433491e+00	7.165738e-01
1.091241e+00	2.840157e+00	2.321300e+00	7.684405e-01
1.254927e+00	3.045729e+00	2.210959e+00	8.240521e-01
1.443166e+00	3.251482e+00	2.085599e+00	8.837580e-01
1.659641e+00	3.452889e+00	1.966152e+00	9.483185e-01
1.908588e+00	3.664057e+00	1.847947e+00	1.018265e+00
2.194876e+00	3.884499e+00	1.731218e+00	1.094103e+00
2.524107e+00	4.113335e+00	1.616739e+00	1.176414e+00
2.902723e+00	4.349164e+00	1.506401e+00	1.265871e+00
3.338132e+00	4.589914e+00	1.404519e+00	1.363257e+00
3.838852e+00	4.832670e+00	1.300698e+00	1.469498e+00
4.414679e+00	5.073505e+00	1.201254e+00	1.585703e+00
5.076881e+00	2.671595e+00	1.107505e+00	1.713219e+00
5.838413e+00	2.938821e+00	1.028428e+00	1.853703e+00
6.714175e+00	3.239223e+00	9.454666e-01	2.009219e+00
7.721302e+00	3.560572e+00	8.611645e-01	2.182365e+00
8.879497e+00	3.918973e+00	8.043628e-01	2.376444e+00
1.021142e+01	4.312153e+00	7.485925e-01	2.595680e+00
1.174313e+01	4.730785e+00	6.853271e-01	2.845516e+00
1.350460e+01	5.192682e+00	6.125719e-01	2.914164e+00
1.553030e+01	5.651908e+00	5.387860e-01	2.770379e+00
1.785984e+01	6.171791e+00	4.868619e-01	2.653403e+00
2.053882e+01	6.758648e+00	4.375871e-01	2.563007e+00
2.361964e+01	7.377320e+00	3.949878e-01	2.499179e+00
2.716258e+01	8.065332e+00	3.553741e-01	2.462124e+00
3.123697e+01	8.806896e+00	3.204439e-01	2.452229e+00
3.592252e+01	9.619509e+00	2.897740e-01	2.469993e+00
4.131089e+01	1.051139e+01	2.588227e-01	2.516185e+00
4.750753e+01	1.146627e+01	2.321565e-01	2.591705e+00
5.463366e+01	1.251799e+01	2.095177e-01	2.697722e+00
6.282871e+01	1.359037e+01	1.900120e-01	2.835805e+00
7.225301e+01	1.467348e+01	1.680976e-01	3.008087e+00
8.309096e+01	1.579293e+01	1.496446e-01	3.217449e+00
9.555461e+01	1.679522e+01	1.334848e-01	3.467728e+00
1.098878e+02	1.782375e+01	1.197531e-01	3.763933e+00
1.263710e+02	1.872495e+01	1.081512e-01	4.112440e+00
1.453266e+02	1.946812e+01	9.512534e-02	4.521370e+00
1.671256e+02	2.012892e+01	8.446941e-02	5.000784e+00
1.921945e+02	2.078408e+01	7.504957e-02	5.563159e+00
2.210236e+02	2.141093e+01	6.663099e-02	6.224074e+00
2.541772e+02	2.185563e+01	5.910316e-02	7.001071e+00
2.923037e+02	2.365645e+01	5.243848e-02	7.925882e+00
3.361493e+02	2.337674e+01	4.693187e-02	9.039239e+00
3.865717e+02	2.295066e+01	4.157764e-02	1.036193e+01
4.445574e+02	2.239935e+01	3.684800e-02	1.195216e+01
5.112411e+02	2.185382e+01	3.270313e-02	1.385771e+01
5.879272e+02	2.123839e+01	2.949324e-02	1.612332e+01
6.761163e+02	2.051703e+01	2.619960e-02	1.883151e+01
7.775337e+02	1.977066e+01	2.285055e-02	2.208978e+01
8.941638e+02	1.901467e+01	2.030612e-02	2.602857e+01
1.028288e+03	1.828533e+01	1.789673e-02	3.080962e+01
1.182532e+03	1.752761e+01	1.609549e-02	3.664397e+01
1.359911e+03	1.673642e+01	1.425219e-02	4.380174e+01
1.563898e+03	1.593718e+01	1.240687e-02	5.261266e+01
1.798483e+03	1.513831e+01	1.100789e-02	6.348232e+01
2.068255e+03	1.432768e+01	9.658051e-03	7.694094e+01
2.378493e+03	1.351572e+01	8.528994e-03	9.367307e+01
2.735268e+03	1.271711e+01	7.515805e-03	1.145403e+02
3.145558e+03	1.192208e+01	6.651204e-03	1.406429e+02
3.617391e+03	1.113284e+01	5.912076e-03	1.734029e+02
4.160000e+03	1.036399e+01	5.179852e-03	2.146414e+02
4.784000e+03	9.621874e+00	4.565817e-03	2.666902e+02
5.501600e+03	8.908108e+00	4.065142e-03	3.325380e+02
6.326840e+03	8.225698e+00	3.636634e-03	4.160133e+02
7.275866e+03	7.578056e+00	3.154562e-03	5.220093e+02
8.367246e+03	6.967571e+00	2.768620e-03	6.567737e+02
9.622333e+03	6.395953e+00	2.431913e-03	8.282614e+02
