# Energy_MeV	dEdx_Elec_MeV_um	dEdx_Nucl_MeV_um	Range_um
1.000000e-05	8.371088e-03	5.093200e-02	2.389176e-03
1.150000e-05	8.976992e-03	5.659517e-02	2.562105e-03
1.322500e-05	9.626751e-03	6.270248e-02	2.747552e-03
1.520875e-05	1.032354e-02	6.952094e-02	2.946421e-03
1.749006e-05	1.107076e-02	7.694948e-02	3.159685e-03
2.011357e-05	1.187207e-02	8.515849e-02	3.388384e-03
2.313061e-05	1.273138e-02	9.413658e-02	3.633638e-03
2.660020e-05	1.365288e-02	1.039343e-01	3.896642e-03
3.059023e-05	1.464109e-02	1.148802e-01	4.178683e-03
3.517876e-05	1.570081e-02	1.267748e-01	4.481138e-03
4.045558e-05	1.683725e-02	1.395480e-01	4.805486e-03
4.652391e-05	1.805594e-02	1.534139e-01	5.153309e-03
5.350250e-05	1.936284e-02	1.692834e-01	5.526308e-03
6.152788e-05	2.076433e-02	1.862677e-01	5.926306e-03
7.075706e-05	2.226726e-02	2.047972e-01	6.355255e-03
8.137062e-05	2.387898e-02	2.245709e-01	6.815251e-03
9.357621e-05	2.560735e-02	2.458764e-01	7.308543e-03
1.076126e-04	2.746082e-02	2.702491e-01	7.837539e-03
1.237545e-04	2.944845e-02	2.959829e-01	8.404824e-03
1.423177e-04	3.157995e-02	3.239898e-01	9.013170e-03
1.636654e-04	3.386572e-02	3.541672e-01	9.665548e-03
1.882152e-04	3.631694e-02	3.868230e-01	1.036515e-02
2.164475e-04	3.894558e-02	4.219766e-01	1.111538e-02
2.489146e-04	4.176448e-02	4.588700e-01	1.191992e-02
2.862518e-04	4.478742e-02	4.995448e-01	1.278269e-02
3.291895e-04	4.802915e-02	5.428477e-01	1.370790e-02
3.785680e-04	5.150553e-02	5.889150e-01	1.470009e-02
4.353531e-04	5.523352e-02	6.360257e-01	1.576409e-02
5.006561e-04	5.923136e-02	6.884207e-01	1.690510e-02
5.757545e-04	6.351855e-02	7.460506e-01	1.812870e-02
6.621177e-04	6.811606e-02	8.044854e-01	1.944087e-02
7.614354e-04	7.304634e-02	8.672233e-01	2.084801e-02
8.756507e-04	7.833347e-02	9.295693e-01	2.235700e-02
1.006998e-03	8.400329e-02	9.985113e-01	2.397521e-02
1.158048e-03	9.008349e-02	1.073346e+00	2.571055e-02
1.331755e-03	9.660378e-02	1.147711e+00	2.757149e-02
1.531519e-03	1.035960e-01	1.227394e+00	2.956713e-02
1.761246e-03	1.110943e-01	1.308403e+00	3.170722e-02
2.025433e-03	1.191354e-01	1.392157e+00	3.400220e-02
2.329248e-03	1.277585e-01	1.476542e+00	3.646330e-02
2.678635e-03	1.370057e-01	1.561807e+00	3.910253e-02
3.080431e-03	1.469223e-01	1.652484e+00	4.193279e-02
3.542495e-03	1.575566e-01	1.742236e+00	4.496791e-02
4.073870e-03	1.689606e-01	1.827444e+00	4.822271e-02
4.684950e-03	1.811901e-01	1.911372e+00	5.171310e-02
5.387693e-03	1.943047e-01	2.006660e+00	5.545612e-02
6.195847e-03	2.083686e-01	2.094591e+00	5.947006e-02
7.125224e-03	2.234504e-01	2.181212e+00	6.377454e-02
8.194007e-03	2.396239e-01	2.260102e+00	6.839057e-02
9.423108e-03	2.569680e-01	2.334364e+00	7.334072e-02
1.083657e-02	2.755675e-01	2.418390e+00	7.864916e-02
1.246206e-02	2.955132e-01	2.490935e+00	8.430653e-02
1.433137e-02	3.169026e-01	2.560340e+00	9.044466e-02
1.648108e-02	3.398401e-01	2.624008e+00	9.699496e-02
1.895324e-02	3.644380e-01	2.683103e+00	1.040161e-01
2.179622e-02	3.908162e-01	2.736998e+00	1.115444e-01
2.506566e-02	4.191037e-01	2.781640e+00	1.196179e-01
2.882550e-02	4.494386e-01	2.825872e+00	1.282757e-01
3.314933e-02	4.819692e-01	2.863255e+00	1.375602e-01
3.812173e-02	5.168544e-01	2.894385e+00	1.475168e-01
4.383999e-02	5.542646e-01	2.916118e+00	1.581939e-01
5.041599e-02	5.943825e-01	2.937146e+00	1.696439e-01
5.797838e-02	6.374043e-01	2.956030e+00	1.819226e-01
6.667514e-02	6.835399e-01	2.964364e+00	1.950901e-01
7.667641e-02	7.330149e-01	2.967813e+00	2.092107e-01
8.817787e-02	7.860709e-01	2.961583e+00	2.243533e-01
1.014046e-01	8.429671e-01	2.951823e+00	2.405919e-01
1.166152e-01	9.039815e-01	2.937167e+00	2.580059e-01
1.341075e-01	9.694122e-01	2.912652e+00	2.766804e-01
1.542237e-01	1.039579e+00	2.881715e+00	2.967065e-01
1.773572e-01	1.114824e+00	2.842753e+00	3.181821e-01
2.039608e-01	1.195516e+00	2.796589e+00	3.412120e-01
2.345549e-01	1.282048e+00	2.743170e+00	3.659090e-01
2.697381e-01	1.374843e+00	2.682321e+00	3.923936e-01
3.101989e-01	1.474355e+00	2.614021e+00	4.207951e-01
3.567287e-01	1.581069e+00	2.539489e+00	4.512522e-01
4.102380e-01	1.695508e+00	2.462075e+00	4.839138e-01
4.717737e-01	1.818230e+00	2.379080e+00	5.189397e-01
5.425397e-01	1.949834e+00	2.284132e+00	5.565007e-01
6.239207e-01	2.090964e+00	2.190248e+00	5.967804e-01
7.175088e-01	2.242309e+00	2.090953e+00	6.399752e-01
8.251351e-01	2.404609e+00	1.995666e+00	6.862968e-01
9.489054e-01	2.578656e+00	1.899028e+00	7.359732e-01
1.091241e+00	2.765300e+00	1.788891e+00	7.892315e-01
1.254927e+00	2.949712e+00	1.687954e+00	8.464387e-01
1.443166e+00	3.132248e+00	1.584457e+00	9.083278e-01
1.659641e+00	3.323568e+00	1.485074e+00	9.753779e-01
1.908588e+00	3.523206e+00	1.386820e+00	1.048084e+00
2.194876e+00	3.730331e+00	1.290594e+00	1.127003e+00
2.524107e+00	3.943632e+00	1.203976e+00	1.212784e+00
2.902723e+00	4.161182e+00	1.113006e+00	1.306183e+00
3.338132e+00	4.380277e+00	1.028819e+00	1.408097e+00
3.838852e+00	2.329089e+00	9.495798e-01	1.519596e+00
4.414679e+00	2.559931e+00	8.810875e-01	1.641986e+00
5.076881e+00	2.811172e+00	8.081993e-01	1.776873e+00
5.838413e+00	3.092565e+00	7.384419e-01	1.926262e+00
6.714175e+00	3.393302e+00	6.900352e-01	2.092676e+00
7.721302e+00	3.725614e+00	6.410083e-01	2.279324e+00
8.879497e+00	4.091537e+00	5.854465e-01	2.490316e+00
1.021142e+01	4.477835e+00	5.215503e-01	2.452256e+00
1.174313e+01	4.903461e+00	4.603122e-01	2.357513e+00
1.350460e+01	5.339404e+00	4.159322e-01	2.278695e+00
1.553030e+01	5.833190e+00	3.740339e-01	2.216854e+00
1.785984e+01	6.393873e+00	3.371130e-01	2.173096e+00
2.053882e+01	6.990902e+00	3.035414e-01	2.148604e+00
2.361964e+01	7.657185e+00	2.739404e-01	2.144650e+00
2.716258e+01	8.376333e+00	2.473210e-01	2.162501e+00
3.123697e+01	9.146626e+00	2.210677e-01	2.203678e+00
3.592252e+01	9.989879e+00	1.979722e-01	2.269647e+00
4.131089e+01	1.086484e+01	1.792161e-01	2.362033e+00
4.750753e+01	1.180767e+01	1.621779e-01	2.482675e+00
5.463366e+01	1.274477e+01	1.429172e-01	2.633768e+00
6.282871e+01	1.364186e+01	1.277760e-01	2.818040e+00
7.225301e+01	1.456753e+01	1.136683e-01	3.038951e+00
8.309096e+01	1.534336e+01	1.023847e-01	3.300903e+00
9.555461e+01	1.612517e+01	9.225915e-02	3.609509e+00
1.098878e+02	1.680650e+01	8.082288e-02	3.971847e+00
1.263710e+02	1.731105e+01	7.210386e-02	4.396759e+00
1.453266e+02	1.776109e+01	6.387057e-02	4.895229e+00
1.671256e+02	1.819801e+01	5.683599e-02	5.480804e+00
1.921945e+02	1.857749e+01	5.044670e-02	6.170560e+00
2.210236e+02	1.882352e+01	4.471281e-02	6.983471e+00
2.541772e+02	2.048710e+01	4.006276e-02	7.955423e+00
2.923037e+02	2.011162e+01	3.536322e-02	9.127569e+00
3.361493e+02	1.963223e+01	3.141874e-02	1.052548e+01
3.865717e+02	1.904565e+01	2.795193e-02	1.221274e+01
4.445574e+02	1.849568e+01	2.518447e-02	1.424143e+01
5.112411e+02	1.788186e+01	2.229024e-02	1.666358e+01
5.879272e+02	1.719483e+01	1.949090e-02	1.957435e+01
6.761163e+02	1.649380e+01	1.730486e-02	2.309341e+01
7.775337e+02	1.579110e+01	1.528739e-02	2.736825e+01
8.941638e+02	1.511161e+01	1.374015e-02	3.258287e+01
1.028288e+03	1.440692e+01	1.212019e-02	3.897852e+01
1.182532e+03	1.368385e+01	1.057929e-02	4.686345e+01
1.359911e+03	1.296341e+01	9.377739e-03	5.661578e+01
1.563898e+03	1.224722e+01	8.235431e-03	6.870461e+01
1.798483e+03	1.152889e+01	7.259009e-03	8.374647e+01
2.068255e+03	1.081758e+01	6.404627e-03	1.025354e+02
2.378493e+03	1.012276e+01	5.675009e-03	1.260753e+02
2.735268e+03	9.438992e+00	5.034442e-03	1.556536e+02
3.145558e+03	8.767151e+00	4.415526e-03	1.929359e+02
3.617391e+03	8.119075e+00	3.884604e-03	2.400596e+02
4.160000e+03	7.498838e+00	3.472258e-03	2.997649e+02
4.784000e+03	6.908336e+00	3.098148e-03	3.755699e+02
5.501600e+03	6.348860e+00	2.676232e-03	4.719831e+02
6.326840e+03	5.820930e+00	2.360883e-03	5.947699e+02
7.275866e+03	5.327296e+00	2.066412e-03	7.512915e+02
8.367246e+03	4.869976e+00	1.841939e-03	9.509172e+02
9.622333e+03	4.447555e+00	1.639207e-03	1.205533e+03
