# Energy_MeV	dEdx_Elec_MeV_um	dEdx_Nucl_MeV_um	Range_um
1.000000e-05	9.657542e-03	5.306332e-02	2.070920e-03
1.150000e-05	1.035656e-02	5.895626e-02	2.220815e-03
1.322500e-05	1.110617e-02	6.544219e-02	2.381558e-03
1.520875e-05	1.191004e-02	7.251062e-02	2.553937e-03
1.749006e-05	1.277210e-02	8.035039e-02	2.738792e-03
2.011357e-05	1.369655e-02	8.896452e-02	2.937027e-03
2.313061e-05	1.468791e-02	9.841142e-02	3.149611e-03
2.660020e-05	1.575103e-02	1.087103e-01	3.377581e-03
3.059023e-05	1.689110e-02	1.200828e-01	3.622053e-03
3.517876e-05	1.811369e-02	1.326545e-01	3.884219e-03
4.045558e-05	1.942477e-02	1.463963e-01	4.165361e-03
4.652391e-05	2.083074e-02	1.609016e-01	4.466852e-03
5.350250e-05	2.233848e-02	1.770595e-01	4.790165e-03
6.152788e-05	2.395535e-02	1.954041e-01	5.136879e-03
7.075706e-05	2.568925e-02	2.147608e-01	5.508689e-03
8.137062e-05	2.754866e-02	2.362184e-01	5.907411e-03
9.357621e-05	2.954264e-02	2.585930e-01	6.334993e-03
1.076126e-04	3.168095e-02	2.834159e-01	6.793523e-03
1.237545e-04	3.397404e-02	3.114470e-01	7.285242e-03
1.423177e-04	3.643310e-02	3.407624e-01	7.812551e-03
1.636654e-04	3.907014e-02	3.731557e-01	8.378028e-03
1.882152e-04	4.189806e-02	4.076009e-01	8.984434e-03
2.164475e-04	4.493066e-02	4.449656e-01	9.634732e-03
2.489146e-04	4.818277e-02	4.849986e-01	1.033210e-02
2.862518e-04	5.167026e-02	5.273304e-01	1.107994e-02
3.291895e-04	5.541019e-02	5.742084e-01	1.188191e-02
3.785680e-04	5.942080e-02	6.235890e-01	1.274193e-02
4.353531e-04	6.372171e-02	6.754802e-01	1.366420e-02
5.006561e-04	6.833392e-02	7.295080e-01	1.465322e-02
5.757545e-04	7.327997e-02	7.907576e-01	1.571383e-02
6.621177e-04	7.858401e-02	8.554465e-01	1.685121e-02
7.614354e-04	8.427197e-02	9.223584e-01	1.807091e-02
8.756507e-04	9.037162e-02	9.924902e-01	1.937889e-02
1.006998e-03	9.691276e-02	1.063617e+00	2.078154e-02
1.158048e-03	1.039274e-01	1.144193e+00	2.228572e-02
1.331755e-03	1.114497e-01	1.227412e+00	2.389877e-02
1.531519e-03	1.195165e-01	1.312415e+00	2.562858e-02
1.761246e-03	1.281671e-01	1.402045e+00	2.748359e-02
2.025433e-03	1.374439e-01	1.494365e+00	2.947287e-02
2.329248e-03	1.473922e-01	1.588418e+00	3.160613e-02
2.678635e-03	1.580605e-01	1.682225e+00	3.389380e-02
3.080431e-03	1.695010e-01	1.780173e+00	3.634705e-02
3.542495e-03	1.817696e-01	1.881032e+00	3.897786e-02
4.073870e-03	1.949262e-01	1.981771e+00	4.179910e-02
4.684950e-03	2.090350e-01	2.074158e+00	4.482454e-02
5.387693e-03	2.241651e-01	2.171387e+00	4.806897e-02
6.195847e-03	2.403903e-01	2.278151e+00	5.154823e-02
7.125224e-03	2.577899e-01	2.373856e+00	5.527931e-02
8.194007e-03	2.764488e-01	2.471325e+00	5.928046e-02
9.423108e-03	2.964584e-01	2.555123e+00	6.357121e-02
1.083657e-02	3.179162e-01	2.641003e+00	6.815050e-02
1.246206e-02	3.409271e-01	2.733309e+00	7.309395e-02
1.433137e-02	3.656036e-01	2.811484e+00	7.840091e-02
1.648108e-02	3.920662e-01	2.889167e+00	8.407461e-02
1.895324e-02	4.204441e-01	2.957992e+00	9.016009e-02
2.179622e-02	4.508761e-01	3.022199e+00	9.668584e-02
2.506566e-02	4.835107e-01	3.079074e+00	1.036839e-01
2.882550e-02	5.185075e-01	3.128122e+00	1.111884e-01
3.314933e-02	5.560374e-01	3.176702e+00	1.192361e-01
3.812173e-02	5.962836e-01	3.216358e+00	1.278663e-01
4.383999e-02	6.394430e-01	3.247931e+00	1.371213e-01
5.041599e-02	6.857262e-01	3.270703e+00	1.470461e-01
5.797838e-02	7.353594e-01	3.295196e+00	1.576892e-01
6.667514e-02	7.885851e-01	3.312268e+00	1.691026e-01
7.667641e-02	8.456633e-01	3.319782e+00	1.813422e-01
8.817787e-02	9.068729e-01	3.320327e+00	1.944678e-01
1.014046e-01	9.725128e-01	3.311194e+00	2.085433e-01
1.166152e-01	1.042904e+00	3.299698e+00	2.236376e-01
1.341075e-01	1.118390e+00	3.279506e+00	2.398244e-01
1.542237e-01	1.199339e+00	3.249661e+00	2.571829e-01
1.773572e-01	1.286148e+00	3.212243e+00	2.757979e-01
2.039608e-01	1.379240e+00	3.166036e+00	2.957601e-01
2.345549e-01	1.479070e+00	3.111727e+00	3.171672e-01
2.697381e-01	1.586126e+00	3.049464e+00	3.401238e-01
3.101989e-01	1.700931e+00	2.978360e+00	3.647421e-01
3.567287e-01	1.824045e+00	2.900015e+00	3.911422e-01
4.102380e-01	1.956071e+00	2.814725e+00	4.194530e-01
4.717737e-01	2.097652e+00	2.727222e+00	4.498130e-01
5.425397e-01	2.249481e+00	2.630482e+00	4.823706e-01
6.239207e-01	2.412300e+00	2.523291e+00	5.172848e-01
7.175088e-01	2.586903e+00	2.417562e+00	5.547264e-01
8.251351e-01	2.774145e+00	2.305467e+00	5.948762e-01
9.489054e-01	2.974939e+00	2.200467e+00	6.379364e-01
1.091241e+00	3.185940e+00	2.088048e+00	6.841074e-01
1.254927e+00	3.384005e+00	1.966447e+00	7.339144e-01
1.443166e+00	3.591926e+00	1.854058e+00	7.878795e-01
1.659641e+00	3.809324e+00	1.737705e+00	8.463638e-01
1.908588e+00	4.035463e+00	1.627147e+00	9.098177e-01
2.194876e+00	4.269133e+00	1.517998e+00	9.787473e-01
2.524107e+00	4.508506e+00	1.414464e+00	1.053741e+00
2.902723e+00	4.750972e+00	1.316756e+00	1.135491e+00
3.338132e+00	4.992962e+00	1.215685e+00	1.224823e+00
3.838852e+00	5.229786e+00	1.122202e+00	1.322737e+00
4.414679e+00	2.846325e+00	1.037417e+00	1.430456e+00
5.076881e+00	3.133659e+00	9.614891e-01	1.549496e+00
5.838413e+00	3.447134e+00	8.763974e-01	1.681760e+00
6.714175e+00	3.798313e+00	8.076182e-01	1.829662e+00
7.721302e+00	4.173421e+00	7.557160e-01	1.996282e+00
8.879497e+00	4.586986e+00	6.986238e-01	2.185577e+00
1.021142e+01	5.034206e+00	6.336251e-01	2.352828e+00
1.174313e+01	5.489934e+00	5.588765e-01	2.231648e+00
1.350460e+01	5.991807e+00	4.983545e-01	2.131816e+00
1.553030e+01	6.551667e+00	4.499007e-01	2.053093e+00
1.785984e+01	7.163820e+00	4.052740e-01	1.995410e+00
2.053882e+01	7.827993e+00	3.649108e-01	1.958873e+00
2.361964e+01	8.545396e+00	3.283110e-01	1.943743e+00
2.716258e+01	9.346047e+00	2.971345e-01	1.950388e+00
3.123697e+01	1.019693e+01	2.668705e-01	1.979346e+00
3.592252e+01	1.113356e+01	2.391013e-01	2.031286e+00
4.131089e+01	1.216897e+01	2.144333e-01	2.107056e+00
4.750753e+01	1.321235e+01	1.946987e-01	2.207779e+00
5.463366e+01	1.433036e+01	1.749713e-01	2.334978e+00
6.282871e+01	1.539837e+01	1.544601e-01	2.490721e+00
7.225301e+01	1.645085e+01	1.382249e-01	2.677775e+00
8.309096e+01	1.752287e+01	1.229309e-01	2.899778e+00
9.555461e+01	1.840737e+01	1.111128e-01	3.161395e+00
1.098878e+02	1.926564e+01	9.936518e-02	3.468573e+00
1.263710e+02	1.989608e+01	8.736179e-02	3.828732e+00
1.453266e+02	2.055425e+01	7.792372e-02	4.251111e+00
1.671256e+02	2.126989e+01	6.893379e-02	4.746978e+00
1.921945e+02	2.169894e+01	6.127764e-02	5.330393e+00
2.210236e+02	2.371931e+01	5.435264e-02	6.019547e+00
2.541772e+02	2.347579e+01	4.840863e-02	6.849656e+00
2.923037e+02	2.309364e+01	4.325246e-02	7.838387e+00
3.361493e+02	2.260418e+01	3.818184e-02	9.022526e+00
3.865717e+02	2.202279e+01	3.384619e-02	1.044468e+01
4.445574e+02	2.146535e+01	3.023871e-02	1.213949e+01
5.112411e+02	2.076398e+01	2.720892e-02	1.415846e+01
5.879272e+02	2.002348e+01	2.383276e-02	1.658377e+01
6.761163e+02	1.926853e+01	2.100480e-02	1.951108e+01
7.775337e+02	1.852507e+01	1.858108e-02	2.305933e+01
8.941638e+02	1.778763e+01	1.652725e-02	2.738084e+01
1.028288e+03	1.700531e+01	1.483064e-02	3.267408e+01
1.182532e+03	1.620115e+01	1.294167e-02	3.918390e+01
1.359911e+03	1.540965e+01	1.139990e-02	4.720881e+01
1.563898e+03	1.460115e+01	1.005877e-02	5.713025e+01
1.798483e+03	1.378727e+01	8.863810e-03	6.945001e+01
2.068255e+03	1.298564e+01	7.811476e-03	8.479901e+01
2.378493e+03	1.218875e+01	6.880929e-03	1.039783e+02
2.735268e+03	1.139683e+01	6.124343e-03	1.280232e+02
3.145558e+03	1.061992e+01	5.394784e-03	1.582615e+02
3.617391e+03	9.868485e+00	4.751133e-03	1.963941e+02
4.160000e+03	9.144996e+00	4.193684e-03	2.445995e+02
4.784000e+03	8.451615e+00	3.758073e-03	3.056703e+02
5.501600e+03	7.791967e+00	3.323478e-03	3.831774e+02
6.326840e+03	7.168750e+00	2.882688e-03	4.816827e+02
7.275866e+03	6.583955e+00	2.543085e-03	6.070007e+02
8.367246e+03	6.038667e+00	2.229587e-03	7.665209e+02
9.622333e+03	5.532498e+00	1.992623e-03	9.696000e+02
