# Energy_MeV	dEdx_Elec_MeV_um	dEdx_Nucl_MeV_um	Range_um
1.000000e-05	7.929885e-03	6.067874e-02	2.522105e-03
1.150000e-05	8.503854e-03	6.697602e-02	2.704656e-03
1.322500e-05	9.119367e-03	7.406011e-02	2.900421e-03
1.520875e-05	9.779432e-03	8.171456e-02	3.110355e-03
1.749006e-05	1.048727e-02	9.003966e-02	3.335484e-03
2.011357e-05	1.124635e-02	9.901617e-02	3.576908e-03
2.313061e-05	1.206036e-02	1.090914e-01	3.835806e-03
2.660020e-05	1.293330e-02	1.201985e-01	4.113444e-03
3.059023e-05	1.386942e-02	1.321674e-01	4.411177e-03
3.517876e-05	1.487329e-02	1.451134e-01	4.730460e-03
4.045558e-05	1.594983e-02	1.589403e-01	5.072854e-03
4.652391e-05	1.710429e-02	1.744176e-01	5.440029e-03
5.350250e-05	1.834230e-02	1.913312e-01	5.833782e-03
6.152788e-05	1.966993e-02	2.094394e-01	6.256034e-03
7.075706e-05	2.109365e-02	2.291047e-01	6.708849e-03
8.137062e-05	2.262042e-02	2.504358e-01	7.194439e-03
9.357621e-05	2.425770e-02	2.731913e-01	7.715176e-03
1.076126e-04	2.601348e-02	2.973956e-01	8.273605e-03
1.237545e-04	2.789635e-02	3.236002e-01	8.872453e-03
1.423177e-04	2.991551e-02	3.519563e-01	9.514646e-03
1.636654e-04	3.208081e-02	3.825005e-01	1.020332e-02
1.882152e-04	3.440283e-02	4.134190e-01	1.094184e-02
2.164475e-04	3.689293e-02	4.469136e-01	1.173382e-02
2.489146e-04	3.956326e-02	4.849880e-01	1.258312e-02
2.862518e-04	4.242687e-02	5.232598e-01	1.349389e-02
3.291895e-04	4.549774e-02	5.648414e-01	1.447059e-02
3.785680e-04	4.879090e-02	6.060467e-01	1.551798e-02
4.353531e-04	5.232241e-02	6.501294e-01	1.664117e-02
5.006561e-04	5.610953e-02	6.999054e-01	1.784567e-02
5.757545e-04	6.017077e-02	7.489576e-01	1.913735e-02
6.621177e-04	6.452596e-02	8.016786e-01	2.052252e-02
7.614354e-04	6.919638e-02	8.547900e-01	2.200795e-02
8.756507e-04	7.420485e-02	9.100754e-01	2.360090e-02
1.006998e-03	7.957584e-02	9.673355e-01	2.530915e-02
1.158048e-03	8.533558e-02	1.023356e+00	2.714104e-02
1.331755e-03	9.151222e-02	1.083814e+00	2.910552e-02
1.531519e-03	9.813592e-02	1.143151e+00	3.121219e-02
1.761246e-03	1.052390e-01	1.201454e+00	3.347135e-02
2.025433e-03	1.128563e-01	1.257801e+00	3.589402e-02
2.329248e-03	1.210249e-01	1.318394e+00	3.849205e-02
2.678635e-03	1.297848e-01	1.379687e+00	4.127812e-02
3.080431e-03	1.391786e-01	1.437745e+00	4.426586e-02
3.542495e-03	1.492525e-01	1.493083e+00	4.746984e-02
4.073870e-03	1.600554e-01	1.543795e+00	5.090573e-02
4.684950e-03	1.716403e-01	1.597296e+00	5.459032e-02
5.387693e-03	1.840638e-01	1.649327e+00	5.854159e-02
6.195847e-03	1.973864e-01	1.696385e+00	6.277886e-02
7.125224e-03	2.116733e-01	1.740852e+00	6.732283e-02
8.194007e-03	2.269943e-01	1.782698e+00	7.217792e-02
9.423108e-03	2.434243e-01	1.819311e+00	7.742350e-02
1.083657e-02	2.610435e-01	1.851421e+00	8.302639e-02
1.246206e-02	2.799380e-01	1.881159e+00	8.903665e-02
1.433137e-02	3.002000e-01	1.908249e+00	9.548076e-02
1.648108e-02	3.219287e-01	1.932082e+00	1.023916e-01
1.895324e-02	3.452300e-01	1.948094e+00	1.098026e-01
2.179622e-02	3.702180e-01	1.961998e+00	1.177501e-01
2.506566e-02	3.970145e-01	1.976652e+00	1.262727e-01
2.882550e-02	4.257506e-01	1.984103e+00	1.354123e-01
3.314933e-02	4.565667e-01	1.988406e+00	1.452133e-01
3.812173e-02	4.896132e-01	1.986137e+00	1.557238e-01
4.383999e-02	5.250517e-01	1.980249e+00	1.669950e-01
5.041599e-02	5.630552e-01	1.972526e+00	1.790821e-01
5.797838e-02	6.038095e-01	1.958272e+00	1.920440e-01
6.667514e-02	6.475135e-01	1.939387e+00	2.059440e-01
7.667641e-02	6.943809e-01	1.915284e+00	2.208503e-01
8.817787e-02	7.446405e-01	1.886233e+00	2.368354e-01
1.014046e-01	7.985380e-01	1.852384e+00	2.539775e-01
1.166152e-01	8.563366e-01	1.813670e+00	2.723603e-01
1.341075e-01	9.183187e-01	1.769593e+00	2.920738e-01
1.542237e-01	9.847871e-01	1.721632e+00	3.132142e-01
1.773572e-01	1.056067e+00	1.670519e+00	3.358847e-01
2.039608e-01	1.132505e+00	1.616546e+00	3.601960e-01
2.345549e-01	1.214477e+00	1.556232e+00	3.862669e-01
2.697381e-01	1.302381e+00	1.492898e+00	4.142250e-01
3.101989e-01	1.396648e+00	1.428024e+00	4.442068e-01
3.567287e-01	1.497738e+00	1.362815e+00	4.763586e-01
4.102380e-01	1.606145e+00	1.298674e+00	5.108374e-01
4.717737e-01	1.722399e+00	1.228611e+00	5.478119e-01
5.425397e-01	1.847067e+00	1.158337e+00	5.874624e-01
6.239207e-01	1.980759e+00	1.089925e+00	6.299862e-01
7.175088e-01	2.124127e+00	1.021961e+00	6.755712e-01
8.251351e-01	2.263125e+00	9.542567e-01	7.245747e-01
9.489054e-01	2.402973e+00	8.905982e-01	7.776203e-01
1.091241e+00	2.549479e+00	8.304153e-01	8.350885e-01
1.254927e+00	2.702258e+00	7.706326e-01	8.974130e-01
1.443166e+00	1.434101e+00	7.121940e-01	9.650730e-01
1.659641e+00	1.537964e+00	6.555630e-01	1.038631e+00
1.908588e+00	1.651008e+00	6.085531e-01	1.118740e+00
2.194876e+00	1.785523e+00	5.615285e-01	1.206178e+00
2.524107e+00	1.946706e+00	5.110113e-01	1.301876e+00
2.902723e+00	2.138121e+00	4.748401e-01	1.406968e+00
3.338132e+00	2.344455e+00	4.430891e-01	1.522855e+00
3.838852e+00	2.575497e+00	4.073680e-01	1.650826e+00
4.414679e+00	2.826309e+00	3.668274e-01	1.623479e+00
5.076881e+00	3.103589e+00	3.230803e-01	1.597134e+00
5.838413e+00	3.414288e+00	2.902349e-01	1.573099e+00
6.714175e+00	3.749381e+00	2.612716e-01	1.552728e+00
7.721302e+00	4.123171e+00	2.356918e-01	1.537435e+00
8.879497e+00	4.527323e+00	2.124781e-01	1.528716e+00
1.021142e+01	4.982596e+00	1.911270e-01	1.528107e+00
1.174313e+01	5.500475e+00	1.728522e-01	1.537386e+00
1.350460e+01	6.038838e+00	1.547580e-01	1.558366e+00
1.553030e+01	6.627828e+00	1.387869e-01	1.592989e+00
1.785984e+01	7.247099e+00	1.251549e-01	1.643310e+00
2.053882e+01	7.860765e+00	1.133131e-01	1.711486e+00
2.361964e+01	8.515307e+00	1.010278e-01	1.799791e+00
2.716258e+01	9.138622e+00	8.972366e-02	1.910653e+00
3.123697e+01	9.766651e+00	8.004944e-02	2.046740e+00
3.592252e+01	1.035524e+01	7.165572e-02	2.211100e+00
4.131089e+01	1.085707e+01	6.459216e-02	2.407355e+00
4.750753e+01	1.135520e+01	5.727827e-02	2.639893e+00
5.463366e+01	1.175311e+01	5.068774e-02	2.914143e+00
6.282871e+01	1.211686e+01	4.507151e-02	3.236849e+00
7.225301e+01	1.242355e+01	4.000037e-02	3.616416e+00
8.309096e+01	1.258977e+01	3.539847e-02	4.063304e+00
9.555461e+01	1.273181e+01	3.147134e-02	4.590505e+00
1.098878e+02	1.285952e+01	2.811075e-02	5.214081e+00
1.263710e+02	1.292587e+01	2.498591e-02	5.954489e+00
1.453266e+02	1.292623e+01	2.212989e-02	6.834729e+00
1.671256e+02	1.366176e+01	1.956901e-02	7.898596e+00
1.921945e+02	1.321184e+01	1.760576e-02	9.190606e+00
2.210236e+02	1.271522e+01	1.573270e-02	1.074891e+01
2.541772e+02	1.216190e+01	1.374385e-02	1.264925e+01
2.923037e+02	1.166940e+01	1.216885e-02	1.495771e+01
3.361493e+02	1.114141e+01	1.073476e-02	1.774701e+01
3.865717e+02	1.058704e+01	9.611501e-03	2.114268e+01
4.445574e+02	1.003405e+01	8.567884e-03	2.529911e+01
5.112411e+02	9.489521e+00	7.470453e-03	3.041066e+01
5.879272e+02	8.962009e+00	6.599274e-03	3.672330e+01
6.761163e+02	8.427169e+00	5.807804e-03	4.456155e+01
7.775337e+02	7.895376e+00	5.122800e-03	5.434109e+01
8.941638e+02	7.379702e+00	4.523961e-03	6.657829e+01
1.028288e+03	6.876711e+00	3.991112e-03	8.192346e+01
1.182532e+03	6.385435e+00	3.544953e-03	1.012364e+02
1.359911e+03	5.911264e+00	3.116102e-03	1.256240e+02
1.563898e+03	5.457328e+00	2.743774e-03	1.564972e+02
1.798483e+03	5.022637e+00	2.438985e-03	1.956764e+02
2.068255e+03	4.607004e+00	2.178465e-03	2.455199e+02
2.378493e+03	4.214456e+00	1.907866e-03	3.090625e+02
2.735268e+03	3.846156e+00	1.667515e-03	3.902012e+02
3.145558e+03	3.503039e+00	1.466088e-03	4.939437e+02
3.617391e+03	3.185079e+00	1.295453e-03	6.267056e+02
4.160000e+03	2.891535e+00	1.154235e-03	7.966849e+02
4.784000e+03	2.622301e+00	1.007178e-03	1.014331e+03
5.501600e+03	2.376972e+00	8.789025e-04	1.292918e+03
6.326840e+03	2.154366e+00	7.710810e-04	1.649241e+03
7.275866e+03	1.953249e+00	6.749900e-04	2.104461e+03
8.367246e+03	1.772737e+00	5.894286e-04	2.685098e+03
9.622333e+03	1.611203e+00	5.166865e-04	3.424234e+03
