# Energy_MeV	dEdx_Elec_MeV_um	dEdx_Nucl_MeV_um	Range_um
1.000000e-05	8.455405e-03	5.389185e-02	2.365351e-03
1.150000e-05	9.067412e-03	5.971494e-02	2.536556e-03
1.322500e-05	9.723716e-03	6.617178e-02	2.720154e-03
1.520875e-05	1.042752e-02	7.326774e-02	2.917040e-03
1.749006e-05	1.118227e-02	8.104980e-02	3.128177e-03
2.011357e-05	1.199165e-02	8.954137e-02	3.354596e-03
2.313061e-05	1.285961e-02	9.890164e-02	3.597403e-03
2.660020e-05	1.379040e-02	1.092561e-01	3.857785e-03
3.059023e-05	1.478856e-02	1.205959e-01	4.137014e-03
3.517876e-05	1.585896e-02	1.325458e-01	4.436453e-03
4.045558e-05	1.700684e-02	1.458437e-01	4.757566e-03
4.652391e-05	1.823780e-02	1.609642e-01	5.101921e-03
5.350250e-05	1.955787e-02	1.769214e-01	5.471200e-03
6.152788e-05	2.097347e-02	1.946076e-01	5.867209e-03
7.075706e-05	2.249155e-02	2.130607e-01	6.291880e-03
8.137062e-05	2.411950e-02	2.334787e-01	6.747290e-03
9.357621e-05	2.586528e-02	2.565890e-01	7.235662e-03
1.076126e-04	2.773742e-02	2.807624e-01	7.759384e-03
1.237545e-04	2.974507e-02	3.074515e-01	8.321012e-03
1.423177e-04	3.189803e-02	3.358467e-01	8.923291e-03
1.636654e-04	3.420683e-02	3.666202e-01	9.569164e-03
1.882152e-04	3.668274e-02	3.996635e-01	1.026178e-02
2.164475e-04	3.933785e-02	4.345582e-01	1.100454e-02
2.489146e-04	4.218515e-02	4.731901e-01	1.180105e-02
2.862518e-04	4.523853e-02	5.139073e-01	1.265522e-02
3.291895e-04	4.851292e-02	5.566887e-01	1.357121e-02
3.785680e-04	5.202431e-02	6.012752e-01	1.455350e-02
4.353531e-04	5.578986e-02	6.516711e-01	1.560689e-02
5.006561e-04	5.982796e-02	7.050703e-01	1.673653e-02
5.757545e-04	6.415834e-02	7.602556e-01	1.794793e-02
6.621177e-04	6.880215e-02	8.181315e-01	1.924701e-02
7.614354e-04	7.378209e-02	8.768698e-01	2.064011e-02
8.756507e-04	7.912247e-02	9.431725e-01	2.213406e-02
1.006998e-03	8.484940e-02	1.012020e+00	2.373613e-02
1.158048e-03	9.099085e-02	1.082051e+00	2.545417e-02
1.331755e-03	9.757681e-02	1.155992e+00	2.729655e-02
1.531519e-03	1.046395e-01	1.232359e+00	2.927229e-02
1.761246e-03	1.122133e-01	1.309914e+00	3.139103e-02
2.025433e-03	1.203354e-01	1.387501e+00	3.366313e-02
2.329248e-03	1.290453e-01	1.468201e+00	3.609969e-02
2.678635e-03	1.383857e-01	1.551645e+00	3.871260e-02
3.080431e-03	1.484021e-01	1.635022e+00	4.151464e-02
3.542495e-03	1.591436e-01	1.711487e+00	4.451949e-02
4.073870e-03	1.706625e-01	1.791457e+00	4.774184e-02
4.684950e-03	1.830151e-01	1.879769e+00	5.119742e-02
5.387693e-03	1.962618e-01	1.959045e+00	5.490312e-02
6.195847e-03	2.104674e-01	2.039656e+00	5.887703e-02
7.125224e-03	2.257011e-01	2.109201e+00	6.313858e-02
8.194007e-03	2.420375e-01	2.179833e+00	6.770859e-02
9.423108e-03	2.595563e-01	2.256283e+00	7.260937e-02
1.083657e-02	2.783431e-01	2.321167e+00	7.782490e-02
1.246206e-02	2.984897e-01	2.385377e+00	8.349204e-02
1.433137e-02	3.200945e-01	2.442459e+00	8.954678e-02
1.648108e-02	3.432632e-01	2.495495e+00	9.602822e-02
1.895324e-02	3.681087e-01	2.542878e+00	1.029784e-01
2.179622e-02	3.947526e-01	2.583558e+00	1.104320e-01
2.506566e-02	4.233250e-01	2.623771e+00	1.184249e-01
2.882550e-02	4.539655e-01	2.656753e+00	1.269964e-01
3.314933e-02	4.868238e-01	2.682954e+00	1.361883e-01
3.812173e-02	5.220603e-01	2.702048e+00	1.460456e-01
4.383999e-02	5.598474e-01	2.722227e+00	1.566163e-01
5.041599e-02	6.003694e-01	2.736721e+00	1.679520e-01
5.797838e-02	6.438245e-01	2.743027e+00	1.801083e-01
6.667514e-02	6.904248e-01	2.743716e+00	1.931446e-01
7.667641e-02	7.403981e-01	2.736411e+00	2.071243e-01
8.817787e-02	7.939885e-01	2.726979e+00	2.221159e-01
1.014046e-01	8.514578e-01	2.710630e+00	2.381926e-01
1.166152e-01	9.130868e-01	2.686154e+00	2.554329e-01
1.341075e-01	9.791765e-01	2.655501e+00	2.739212e-01
1.542237e-01	1.050050e+00	2.617535e+00	2.937476e-01
1.773572e-01	1.126053e+00	2.572887e+00	3.150090e-01
2.039608e-01	1.207557e+00	2.521648e+00	3.378093e-01
2.345549e-01	1.294961e+00	2.463155e+00	3.622600e-01
2.697381e-01	1.388691e+00	2.398572e+00	3.884805e-01
3.101989e-01	1.489205e+00	2.328211e+00	4.165988e-01
3.567287e-01	1.596995e+00	2.256017e+00	4.467522e-01
4.102380e-01	1.712586e+00	2.176445e+00	4.790881e-01
4.717737e-01	1.836544e+00	2.087959e+00	5.137647e-01
5.425397e-01	1.969474e+00	2.000623e+00	5.509512e-01
6.239207e-01	2.112025e+00	1.908041e+00	5.908290e-01
7.175088e-01	2.264895e+00	1.821150e+00	6.335935e-01
8.251351e-01	2.428829e+00	1.728686e+00	6.794533e-01
9.489054e-01	2.604629e+00	1.628149e+00	7.286274e-01
1.091241e+00	2.782227e+00	1.535120e+00	7.814052e-01
1.254927e+00	2.954686e+00	1.439052e+00	8.384517e-01
1.443166e+00	3.135548e+00	1.347577e+00	9.002587e-01
1.659641e+00	3.324410e+00	1.257522e+00	9.672669e-01
1.908588e+00	3.520541e+00	1.171591e+00	1.039989e+00
2.194876e+00	3.722769e+00	1.090760e+00	1.119017e+00
2.524107e+00	3.929354e+00	1.007262e+00	1.205039e+00
2.902723e+00	4.137844e+00	9.298486e-01	1.298870e+00
3.338132e+00	2.236881e+00	8.595842e-01	1.401482e+00
3.838852e+00	2.455437e+00	7.966751e-01	1.514058e+00
4.414679e+00	2.695413e+00	7.266268e-01	1.638048e+00
5.076881e+00	2.963845e+00	6.689619e-01	1.775260e+00
5.838413e+00	3.248010e+00	6.259633e-01	1.927968e+00
6.714175e+00	3.565173e+00	5.789187e-01	2.099061e+00
7.721302e+00	3.910085e+00	5.254518e-01	2.226895e+00
8.879497e+00	4.280412e+00	4.639650e-01	2.145712e+00
1.021142e+01	4.691321e+00	4.132783e-01	2.075350e+00
1.174313e+01	5.108969e+00	3.731668e-01	2.017086e+00
1.350460e+01	5.584283e+00	3.360282e-01	1.972194e+00
1.553030e+01	6.122235e+00	3.025806e-01	1.941994e+00
1.785984e+01	6.704233e+00	2.722678e-01	1.927867e+00
2.053882e+01	7.354032e+00	2.463805e-01	1.931221e+00
2.361964e+01	8.041688e+00	2.213958e-01	1.953628e+00
2.716258e+01	8.786917e+00	1.982960e-01	1.996661e+00
3.123697e+01	9.581693e+00	1.778049e-01	2.061964e+00
3.592252e+01	1.040994e+01	1.613880e-01	2.151286e+00
4.131089e+01	1.130881e+01	1.451639e-01	2.266560e+00
4.750753e+01	1.215588e+01	1.281508e-01	2.410028e+00
5.463366e+01	1.299391e+01	1.146399e-01	2.584406e+00
6.282871e+01	1.381054e+01	1.019710e-01	2.793081e+00
7.225301e+01	1.451919e+01	9.211613e-02	3.040288e+00
8.309096e+01	1.523225e+01	8.245509e-02	3.331439e+00
9.555461e+01	1.580618e+01	7.249495e-02	3.673288e+00
1.098878e+02	1.626850e+01	6.463693e-02	4.074287e+00
1.263710e+02	1.663088e+01	5.720102e-02	4.544920e+00
1.453266e+02	1.697964e+01	5.083896e-02	5.098186e+00
1.671256e+02	1.730485e+01	4.510300e-02	5.750233e+00
1.921945e+02	1.747080e+01	4.015902e-02	6.519840e+00
2.210236e+02	1.911601e+01	3.588020e-02	7.438020e+00
2.541772e+02	1.873932e+01	3.168389e-02	8.548210e+00
2.923037e+02	1.825089e+01	2.808404e-02	9.874279e+00
3.361493e+02	1.768120e+01	2.507721e-02	1.147620e+01
3.865717e+02	1.712050e+01	2.257025e-02	1.340789e+01
4.445574e+02	1.653619e+01	1.979011e-02	1.572056e+01
5.112411e+02	1.587674e+01	1.742798e-02	1.850170e+01
5.879272e+02	1.520290e+01	1.542414e-02	2.186904e+01
6.761163e+02	1.452615e+01	1.370647e-02	2.596579e+01
7.775337e+02	1.387201e+01	1.230373e-02	3.097079e+01
8.941638e+02	1.320340e+01	1.074800e-02	3.711734e+01
1.028288e+03	1.251756e+01	9.459674e-03	4.470660e+01
1.182532e+03	1.183281e+01	8.350782e-03	5.411003e+01
1.359911e+03	1.115886e+01	7.355103e-03	6.578723e+01
1.563898e+03	1.048457e+01	6.482142e-03	8.033807e+01
1.798483e+03	9.817291e+00	5.710604e-03	9.854229e+01
2.068255e+03	9.169214e+00	5.081635e-03	1.213861e+02
2.378493e+03	8.533878e+00	4.478995e-03	1.501318e+02
2.735268e+03	7.912424e+00	3.942839e-03	1.864158e+02
3.145558e+03	7.313723e+00	3.479345e-03	2.323395e+02
3.617391e+03	6.742316e+00	3.116504e-03	2.906001e+02
4.160000e+03	6.200299e+00	2.759096e-03	3.646602e+02
4.784000e+03	5.688544e+00	2.393237e-03	4.589612e+02
5.501600e+03	5.206636e+00	2.110249e-03	5.791841e+02
6.326840e+03	4.756779e+00	1.850415e-03	7.325844e+02
7.275866e+03	4.341407e+00	1.652615e-03	9.284001e+02
8.367246e+03	3.958962e+00	1.458338e-03	1.178353e+03
9.622333e+03	3.607559e+00	1.262717e-03	1.497256e+03
