# Energy_MeV	dEdx_Elec_MeV_um	dEdx_Nucl_MeV_um	Range_um
1.000000e-05	8.723188e-03	6.542288e-02	2.292740e-03
1.150000e-05	9.354577e-03	7.223498e-02	2.458690e-03
1.322500e-05	1.003167e-02	7.975932e-02	2.636651e-03
1.520875e-05	1.075776e-02	8.767926e-02	2.827493e-03
1.749006e-05	1.153642e-02	9.649714e-02	3.032148e-03
2.011357e-05	1.237143e-02	1.064474e-01	3.251617e-03
2.313061e-05	1.326688e-02	1.170449e-01	3.486971e-03
2.660020e-05	1.422714e-02	1.287186e-01	3.739360e-03
3.059023e-05	1.525691e-02	1.409745e-01	4.010016e-03
3.517876e-05	1.636121e-02	1.545210e-01	4.300263e-03
4.045558e-05	1.754545e-02	1.697254e-01	4.611519e-03
4.652391e-05	1.881539e-02	1.858053e-01	4.945303e-03
5.350250e-05	2.017726e-02	2.034281e-01	5.303247e-03
6.152788e-05	2.163770e-02	2.222815e-01	5.687098e-03
7.075706e-05	2.320385e-02	2.426038e-01	6.098734e-03
8.137062e-05	2.488336e-02	2.645376e-01	6.540163e-03
9.357621e-05	2.668443e-02	2.877203e-01	7.013544e-03
1.076126e-04	2.861586e-02	3.132114e-01	7.521188e-03
1.237545e-04	3.068710e-02	3.402815e-01	8.065575e-03
1.423177e-04	3.290824e-02	3.684537e-01	8.649366e-03
1.636654e-04	3.529016e-02	3.983703e-01	9.275411e-03
1.882152e-04	3.784448e-02	4.316252e-01	9.946771e-03
2.164475e-04	4.058368e-02	4.666670e-01	1.066672e-02
2.489146e-04	4.352115e-02	5.037537e-01	1.143879e-02
2.862518e-04	4.667124e-02	5.416447e-01	1.226673e-02
3.291895e-04	5.004932e-02	5.812879e-01	1.315460e-02
3.785680e-04	5.367192e-02	6.250237e-01	1.410674e-02
4.353531e-04	5.755672e-02	6.701929e-01	1.512779e-02
5.006561e-04	6.172271e-02	7.173976e-01	1.622275e-02
5.757545e-04	6.619023e-02	7.658617e-01	1.739696e-02
6.621177e-04	7.098112e-02	8.170672e-01	1.865617e-02
7.614354e-04	7.611877e-02	8.685636e-01	2.000651e-02
8.756507e-04	8.162828e-02	9.199473e-01	2.145459e-02
1.006998e-03	8.753658e-02	9.741256e-01	2.300748e-02
1.158048e-03	9.387253e-02	1.028774e+00	2.467278e-02
1.331755e-03	1.006671e-01	1.084753e+00	2.645861e-02
1.531519e-03	1.079534e-01	1.135907e+00	2.837370e-02
1.761246e-03	1.157671e-01	1.189487e+00	3.042740e-02
2.025433e-03	1.241464e-01	1.247364e+00	3.262975e-02
2.329248e-03	1.331322e-01	1.300923e+00	3.499151e-02
2.678635e-03	1.427684e-01	1.354176e+00	3.752421e-02
3.080431e-03	1.531020e-01	1.401289e+00	4.024023e-02
3.542495e-03	1.641836e-01	1.448706e+00	4.315284e-02
4.073870e-03	1.760673e-01	1.498770e+00	4.627627e-02
4.684950e-03	1.888112e-01	1.543027e+00	4.962577e-02
5.387693e-03	2.024774e-01	1.585503e+00	5.321771e-02
6.195847e-03	2.171329e-01	1.624235e+00	5.704022e-02
7.125224e-03	2.328490e-01	1.659360e+00	6.119357e-02
8.194007e-03	2.497028e-01	1.691560e+00	6.563169e-02
9.423108e-03	2.677764e-01	1.719218e+00	7.038212e-02
1.083657e-02	2.871582e-01	1.745787e+00	7.547616e-02
1.246206e-02	3.079429e-01	1.768422e+00	8.093912e-02
1.433137e-02	3.302319e-01	1.785627e+00	8.679739e-02
1.648108e-02	3.541343e-01	1.799504e+00	9.307969e-02
1.895324e-02	3.797667e-01	1.812854e+00	9.981675e-02
2.179622e-02	4.072544e-01	1.822181e+00	1.070414e-01
2.506566e-02	4.367317e-01	1.827467e+00	1.147890e-01
2.882550e-02	4.683426e-01	1.827622e+00	1.230974e-01
3.314933e-02	5.022415e-01	1.823793e+00	1.320071e-01
3.812173e-02	5.385940e-01	1.817573e+00	1.415618e-01
4.383999e-02	5.775777e-01	1.806734e+00	1.518080e-01
5.041599e-02	6.193831e-01	1.791175e+00	1.627958e-01
5.797838e-02	6.642144e-01	1.770864e+00	1.745789e-01
6.667514e-02	7.122906e-01	1.746157e+00	1.872149e-01
7.667641e-02	7.638465e-01	1.716733e+00	2.007655e-01
8.817787e-02	8.191341e-01	1.682998e+00	2.152970e-01
1.014046e-01	8.784235e-01	1.644371e+00	2.308801e-01
1.166152e-01	9.420043e-01	1.601865e+00	2.475912e-01
1.341075e-01	1.010187e+00	1.555311e+00	2.655119e-01
1.542237e-01	1.083305e+00	1.507294e+00	2.847297e-01
1.773572e-01	1.161715e+00	1.454491e+00	3.053385e-01
2.039608e-01	1.245801e+00	1.396404e+00	3.274388e-01
2.345549e-01	1.335972e+00	1.337881e+00	3.511389e-01
2.697381e-01	1.432671e+00	1.276963e+00	3.765545e-01
3.101989e-01	1.536368e+00	1.218481e+00	4.038096e-01
3.567287e-01	1.647571e+00	1.156914e+00	4.330374e-01
4.102380e-01	1.766823e+00	1.090992e+00	4.643808e-01
4.717737e-01	1.894707e+00	1.028039e+00	4.979928e-01
5.425397e-01	2.031847e+00	9.647619e-01	5.340344e-01
6.239207e-01	2.170651e+00	9.030654e-01	5.727149e-01
7.175088e-01	2.305220e+00	8.436821e-01	6.145206e-01
8.251351e-01	2.446352e+00	7.858794e-01	6.598150e-01
9.489054e-01	1.298347e+00	7.313207e-01	7.089202e-01
1.091241e+00	1.392397e+00	6.763509e-01	7.622117e-01
1.254927e+00	1.493256e+00	6.238941e-01	8.201235e-01
1.443166e+00	1.601414e+00	5.778981e-01	8.831592e-01
1.659641e+00	1.729045e+00	5.342683e-01	9.519147e-01
1.908588e+00	1.879771e+00	4.880000e-01	1.027103e+00
2.194876e+00	2.062668e+00	4.503289e-01	1.109587e+00
2.524107e+00	2.264055e+00	4.195746e-01	1.200429e+00
2.902723e+00	2.489349e+00	3.884664e-01	1.300953e+00
3.338132e+00	2.730653e+00	3.528749e-01	1.284155e+00
3.838852e+00	3.001755e+00	3.123106e-01	1.265705e+00
4.414679e+00	3.300244e+00	2.791574e-01	1.248644e+00
5.076881e+00	3.628667e+00	2.509404e-01	1.234037e+00
5.838413e+00	3.997734e+00	2.266031e-01	1.223003e+00
6.714175e+00	4.385736e+00	2.036256e-01	1.216730e+00
7.721302e+00	4.826412e+00	1.832638e-01	1.216443e+00
8.879497e+00	5.322970e+00	1.658692e-01	1.223568e+00
1.021142e+01	5.851193e+00	1.489002e-01	1.239561e+00
1.174313e+01	6.434574e+00	1.337047e-01	1.265995e+00
1.350460e+01	7.020401e+00	1.197932e-01	1.304542e+00
1.553030e+01	7.635005e+00	1.085916e-01	1.356964e+00
1.785984e+01	8.256498e+00	9.764601e-02	1.425118e+00
2.053882e+01	8.864853e+00	8.651539e-02	1.510980e+00
2.361964e+01	9.504932e+00	7.716536e-02	1.616702e+00
2.716258e+01	1.004901e+01	6.883290e-02	1.744719e+00
3.123697e+01	1.056978e+01	6.198401e-02	1.897889e+00
3.592252e+01	1.104913e+01	5.549852e-02	2.079655e+00
4.131089e+01	1.144295e+01	4.897686e-02	2.294252e+00
4.750753e+01	1.182779e+01	4.350958e-02	2.546932e+00
5.463366e+01	1.210904e+01	3.862344e-02	2.844239e+00
6.282871e+01	1.231799e+01	3.423917e-02	3.194321e+00
7.225301e+01	1.245496e+01	3.046286e-02	3.607294e+00
8.309096e+01	1.257613e+01	2.708314e-02	4.095750e+00
9.555461e+01	1.267583e+01	2.415079e-02	4.675391e+00
1.098878e+02	1.267649e+01	2.139289e-02	5.364853e+00
1.263710e+02	1.327943e+01	1.891302e-02	6.193539e+00
1.453266e+02	1.285662e+01	1.694822e-02	7.203157e+00
1.671256e+02	1.236481e+01	1.517862e-02	8.420418e+00
1.921945e+02	1.183428e+01	1.334083e-02	9.904210e+00
2.210236e+02	1.132625e+01	1.177927e-02	1.171131e+01
2.541772e+02	1.082329e+01	1.038957e-02	1.389848e+01
2.923037e+02	1.028422e+01	9.268762e-03	1.655701e+01
3.361493e+02	9.743401e+00	8.276338e-03	1.981024e+01
3.865717e+02	9.208345e+00	7.248419e-03	2.381026e+01
4.445574e+02	8.692158e+00	6.391109e-03	2.874894e+01
5.112411e+02	8.174196e+00	5.626720e-03	3.487750e+01
5.879272e+02	7.656942e+00	4.971663e-03	4.252239e+01
6.761163e+02	7.151400e+00	4.373430e-03	5.209132e+01
7.775337e+02	6.663606e+00	3.852096e-03	6.409364e+01
8.941638e+02	6.186543e+00	3.427098e-03	7.919543e+01
1.028288e+03	5.724314e+00	3.018007e-03	9.826603e+01
1.182532e+03	5.283693e+00	2.663375e-03	1.224116e+02
1.359911e+03	4.861892e+00	2.349288e-03	1.530533e+02
1.563898e+03	4.459122e+00	2.099614e-03	1.920368e+02
1.798483e+03	4.078215e+00	1.858917e-03	2.417378e+02
2.068255e+03	3.720633e+00	1.619628e-03	3.052099e+02
2.378493e+03	3.387364e+00	1.421927e-03	3.863760e+02
2.735268e+03	3.078734e+00	1.251895e-03	4.902667e+02
3.145558e+03	2.794098e+00	1.112927e-03	6.233131e+02
3.617391e+03	2.532936e+00	9.830246e-04	7.937185e+02
4.160000e+03	2.294749e+00	8.549318e-04	1.011911e+03
4.784000e+03	2.078699e+00	7.485946e-04	1.291100e+03
5.501600e+03	1.883530e+00	6.559968e-04	1.647943e+03
6.326840e+03	1.708188e+00	5.728024e-04	2.103350e+03
7.275866e+03	1.551282e+00	5.031630e-04	2.683433e+03
8.367246e+03	1.411176e+00	4.419445e-04	3.420632e+03
9.622333e+03	1.286270e+00	3.888099e-04	4.355004e+03
