# Energy_MeV	dEdx_Elec_MeV_um	dEdx_Nucl_MeV_um	Range_um
1.000000e-05	8.750574e-03	4.630680e-02	2.285564e-03
1.150000e-05	9.383946e-03	5.141859e-02	2.450995e-03
1.322500e-05	1.006316e-02	5.695003e-02	2.628399e-03
1.520875e-05	1.079154e-02	6.323564e-02	2.818644e-03
1.749006e-05	1.157263e-02	7.024999e-02	3.022659e-03
2.011357e-05	1.241027e-02	7.781598e-02	3.241440e-03
2.313061e-05	1.330853e-02	8.626804e-02	3.476058e-03
2.660020e-05	1.427181e-02	9.548485e-02	3.727656e-03
3.059023e-05	1.530481e-02	1.056529e-01	3.997466e-03
3.517876e-05	1.641258e-02	1.167740e-01	4.286805e-03
4.045558e-05	1.760053e-02	1.289269e-01	4.597086e-03
4.652391e-05	1.887447e-02	1.424917e-01	4.929826e-03
5.350250e-05	2.024061e-02	1.572431e-01	5.286649e-03
6.152788e-05	2.170564e-02	1.729549e-01	5.669299e-03
7.075706e-05	2.327670e-02	1.902074e-01	6.079646e-03
8.137062e-05	2.496148e-02	2.099990e-01	6.519694e-03
9.357621e-05	2.676821e-02	2.308567e-01	6.991593e-03
1.076126e-04	2.870570e-02	2.539234e-01	7.497648e-03
1.237545e-04	3.078344e-02	2.781686e-01	8.040332e-03
1.423177e-04	3.301156e-02	3.046594e-01	8.622296e-03
1.636654e-04	3.540095e-02	3.350508e-01	9.246382e-03
1.882152e-04	3.796329e-02	3.665660e-01	9.915640e-03
2.164475e-04	4.071110e-02	4.014400e-01	1.063334e-02
2.489146e-04	4.365779e-02	4.385462e-01	1.140299e-02
2.862518e-04	4.681776e-02	4.789102e-01	1.222834e-02
3.291895e-04	5.020646e-02	5.223944e-01	1.311343e-02
3.785680e-04	5.384043e-02	5.677506e-01	1.406259e-02
4.353531e-04	5.773742e-02	6.184449e-01	1.508045e-02
5.006561e-04	6.191649e-02	6.715566e-01	1.617198e-02
5.757545e-04	6.639804e-02	7.281816e-01	1.734252e-02
6.621177e-04	7.120396e-02	7.861669e-01	1.859778e-02
7.614354e-04	7.635774e-02	8.514866e-01	1.994389e-02
8.756507e-04	8.188456e-02	9.223719e-01	2.138744e-02
1.006998e-03	8.781141e-02	9.942085e-01	2.293548e-02
1.158048e-03	9.416724e-02	1.071150e+00	2.459556e-02
1.331755e-03	1.009831e-01	1.147655e+00	2.637580e-02
1.531519e-03	1.082923e-01	1.233574e+00	2.828489e-02
1.761246e-03	1.161306e-01	1.325404e+00	3.033217e-02
2.025433e-03	1.245362e-01	1.416558e+00	3.252763e-02
2.329248e-03	1.335502e-01	1.514483e+00	3.488200e-02
2.678635e-03	1.432166e-01	1.614160e+00	3.740677e-02
3.080431e-03	1.535827e-01	1.716552e+00	4.011429e-02
3.542495e-03	1.646991e-01	1.819883e+00	4.301779e-02
4.073870e-03	1.766201e-01	1.924565e+00	4.613144e-02
4.684950e-03	1.894040e-01	2.035678e+00	4.947046e-02
5.387693e-03	2.031131e-01	2.145690e+00	5.305115e-02
6.195847e-03	2.178146e-01	2.247776e+00	5.689103e-02
7.125224e-03	2.335801e-01	2.351565e+00	6.100883e-02
8.194007e-03	2.504867e-01	2.470222e+00	6.542468e-02
9.423108e-03	2.686171e-01	2.574313e+00	7.016015e-02
1.083657e-02	2.880597e-01	2.681716e+00	7.523838e-02
1.246206e-02	3.089097e-01	2.774517e+00	8.068417e-02
1.433137e-02	3.312687e-01	2.866214e+00	8.649284e-02
1.648108e-02	3.552461e-01	2.970002e+00	9.277034e-02
1.895324e-02	3.809590e-01	3.055127e+00	9.950586e-02
2.179622e-02	4.085330e-01	3.141213e+00	1.067070e-01
2.506566e-02	4.381029e-01	3.216346e+00	1.144306e-01
2.882550e-02	4.698130e-01	3.287812e+00	1.227130e-01
3.314933e-02	5.038183e-01	3.352118e+00	1.315949e-01
3.812173e-02	5.402849e-01	3.405280e+00	1.411196e-01
4.383999e-02	5.793910e-01	3.460164e+00	1.513337e-01
5.041599e-02	6.213277e-01	3.503424e+00	1.622871e-01
5.797838e-02	6.662997e-01	3.540157e+00	1.740334e-01
6.667514e-02	7.145268e-01	3.565274e+00	1.866299e-01
7.667641e-02	7.662446e-01	3.591342e+00	2.001381e-01
8.817787e-02	8.217058e-01	3.613111e+00	2.146239e-01
1.014046e-01	8.811813e-01	3.621605e+00	2.301584e-01
1.166152e-01	9.449617e-01	3.624421e+00	2.468172e-01
1.341075e-01	1.013359e+00	3.615277e+00	2.646818e-01
1.542237e-01	1.086706e+00	3.602965e+00	2.838394e-01
1.773572e-01	1.165362e+00	3.583612e+00	3.043836e-01
2.039608e-01	1.249712e+00	3.551925e+00	3.264150e-01
2.345549e-01	1.340167e+00	3.512779e+00	3.500409e-01
2.697381e-01	1.437169e+00	3.463701e+00	3.753769e-01
3.101989e-01	1.541192e+00	3.405879e+00	4.025465e-01
3.567287e-01	1.652744e+00	3.339273e+00	4.316829e-01
4.102380e-01	1.772370e+00	3.263397e+00	4.629283e-01
4.717737e-01	1.900656e+00	3.178704e+00	4.964351e-01
5.425397e-01	2.038226e+00	3.086258e+00	5.323671e-01
6.239207e-01	2.185754e+00	2.991711e+00	5.708998e-01
7.175088e-01	2.343960e+00	2.888477e+00	6.122218e-01
8.251351e-01	2.513617e+00	2.770725e+00	6.565346e-01
9.489054e-01	2.695554e+00	2.656843e+00	7.040552e-01
1.091241e+00	2.890659e+00	2.533225e+00	7.550131e-01
1.254927e+00	3.099887e+00	2.419335e+00	8.096643e-01
1.443166e+00	3.318979e+00	2.299370e+00	8.682671e-01
1.659641e+00	3.525261e+00	2.164256e+00	9.314971e-01
1.908588e+00	3.741788e+00	2.042644e+00	1.000006e+00
2.194876e+00	3.968160e+00	1.914171e+00	1.074255e+00
2.524107e+00	4.203599e+00	1.794870e+00	1.154815e+00
2.902723e+00	4.446832e+00	1.674804e+00	1.242330e+00
3.338132e+00	4.695940e+00	1.559418e+00	1.337548e+00
3.838852e+00	4.948185e+00	1.454030e+00	1.441350e+00
4.414679e+00	5.199828e+00	1.341861e+00	1.554788e+00
5.076881e+00	2.769386e+00	1.240750e+00	1.679134e+00
5.838413e+00	3.040661e+00	1.145073e+00	1.815944e+00
6.714175e+00	3.339819e+00	1.062857e+00	1.967152e+00
7.721302e+00	3.665545e+00	9.721840e-01	2.135184e+00
8.879497e+00	4.030427e+00	8.896791e-01	2.323114e+00
1.021142e+01	4.421527e+00	8.336691e-01	2.534869e+00
1.174313e+01	4.851849e+00	7.729330e-01	2.775498e+00
1.350460e+01	5.318862e+00	7.035880e-01	3.051521e+00
1.553030e+01	5.789248e+00	6.238413e-01	3.024554e+00
1.785984e+01	6.307293e+00	5.516812e-01	2.869277e+00
2.053882e+01	6.883188e+00	4.994643e-01	2.745771e+00
2.361964e+01	7.505748e+00	4.489906e-01	2.653054e+00
2.716258e+01	8.176667e+00	4.044432e-01	2.590499e+00
3.123697e+01	8.894271e+00	3.644705e-01	2.557786e+00
3.592252e+01	9.693399e+00	3.291156e-01	2.554859e+00
4.131089e+01	1.054436e+01	2.967321e-01	2.581825e+00
4.750753e+01	1.148050e+01	2.651422e-01	2.639169e+00
5.463366e+01	1.251890e+01	2.372126e-01	2.727581e+00
6.282871e+01	1.357105e+01	2.156063e-01	2.848154e+00
7.225301e+01	1.470044e+01	1.945522e-01	3.002521e+00
8.309096e+01	1.579556e+01	1.712294e-01	3.193026e+00
9.555461e+01	1.686882e+01	1.534506e-01	3.422913e+00
1.098878e+02	1.797107e+01	1.360600e-01	3.696523e+00
1.263710e+02	1.886763e+01	1.231156e-01	4.019497e+00
1.453266e+02	1.973161e+01	1.105844e-01	4.399025e+00
1.671256e+02	2.036665e+01	9.690443e-02	4.844143e+00
1.921945e+02	2.102438e+01	8.656112e-02	5.366103e+00
2.210236e+02	2.173586e+01	7.647692e-02	5.978629e+00
2.541772e+02	2.214224e+01	6.814997e-02	6.698763e+00
2.923037e+02	2.499110e+01	6.040387e-02	7.549076e+00
3.361493e+02	2.479011e+01	5.366943e-02	8.572643e+00
3.865717e+02	2.443872e+01	4.807874e-02	9.789898e+00
4.445574e+02	2.396815e+01	4.238054e-02	1.124642e+01
5.112411e+02	2.340203e+01	3.766395e-02	1.299297e+01
5.879272e+02	2.284568e+01	3.350361e-02	1.507052e+01
6.761163e+02	2.213405e+01	3.022985e-02	1.754174e+01
7.775337e+02	2.137938e+01	2.663411e-02	2.050566e+01
8.941638e+02	2.060732e+01	2.331478e-02	2.407736e+01
1.028288e+03	1.984847e+01	2.070823e-02	2.839959e+01
1.182532e+03	1.909213e+01	1.830928e-02	3.365525e+01
1.359911e+03	1.828570e+01	1.648426e-02	4.008226e+01
1.563898e+03	1.745382e+01	1.447303e-02	4.797307e+01
1.798483e+03	1.663169e+01	1.265852e-02	5.768350e+01
2.068255e+03	1.578856e+01	1.121622e-02	6.966866e+01
2.378493e+03	1.493677e+01	9.850715e-03	8.452622e+01
2.735268e+03	1.409541e+01	8.672648e-03	1.030063e+02
3.145558e+03	1.325555e+01	7.665326e-03	1.260605e+02
3.617391e+03	1.241829e+01	6.801037e-03	1.549179e+02
4.160000e+03	1.159436e+01	6.019829e-03	1.911531e+02
4.784000e+03	1.079440e+01	5.282182e-03	2.367818e+02
5.501600e+03	1.002135e+01	4.645743e-03	2.943833e+02
6.326840e+03	9.278208e+00	4.170033e-03	3.672629e+02
7.275866e+03	8.569628e+00	3.706506e-03	4.596449e+02
8.367246e+03	7.898505e+00	3.202487e-03	5.769245e+02
9.622333e+03	7.266406e+00	2.829645e-03	7.259769e+02
