# Energy_MeV	dEdx_Elec_MeV_um	dEdx_Nucl_MeV_um	Range_um
1.000000e-05	8.066773e-03	6.047741e-02	2.479306e-03
1.150000e-05	8.650650e-03	6.680138e-02	2.658760e-03
1.322500e-05	9.276789e-03	7.380745e-02	2.851202e-03
1.520875e-05	9.948248e-03	8.150809e-02	3.057574e-03
1.749006e-05	1.066831e-02	8.996473e-02	3.278882e-03
2.011357e-05	1.144048e-02	9.889539e-02	3.516210e-03
2.313061e-05	1.226855e-02	1.088387e-01	3.770715e-03
2.660020e-05	1.315656e-02	1.200791e-01	4.043641e-03
3.059023e-05	1.410884e-02	1.320170e-01	4.336322e-03
3.517876e-05	1.513004e-02	1.451663e-01	4.650187e-03
4.045558e-05	1.622516e-02	1.589720e-01	4.986770e-03
4.652391e-05	1.739955e-02	1.742401e-01	5.347715e-03
5.350250e-05	1.865894e-02	1.914131e-01	5.734786e-03
6.152788e-05	2.000948e-02	2.095180e-01	6.149873e-03
7.075706e-05	2.145778e-02	2.293670e-01	6.595004e-03
8.137062e-05	2.301090e-02	2.506179e-01	7.072354e-03
9.357621e-05	2.467644e-02	2.735258e-01	7.584254e-03
1.076126e-04	2.646254e-02	2.981816e-01	8.133207e-03
1.237545e-04	2.837791e-02	3.243115e-01	8.721893e-03
1.423177e-04	3.043192e-02	3.530216e-01	9.353188e-03
1.636654e-04	3.263460e-02	3.835198e-01	1.003018e-02
1.882152e-04	3.499670e-02	4.152567e-01	1.075617e-02
2.164475e-04	3.752978e-02	4.487648e-01	1.153470e-02
2.489146e-04	4.024621e-02	4.863683e-01	1.236959e-02
2.862518e-04	4.315925e-02	5.259338e-01	1.326491e-02
3.291895e-04	4.628314e-02	5.674175e-01	1.422503e-02
3.785680e-04	4.963314e-02	6.102514e-01	1.525464e-02
4.353531e-04	5.322561e-02	6.544779e-01	1.635878e-02
5.006561e-04	5.707811e-02	7.039588e-01	1.754284e-02
5.757545e-04	6.120945e-02	7.549406e-01	1.881260e-02
6.621177e-04	6.563983e-02	8.076269e-01	2.017427e-02
7.614354e-04	7.039087e-02	8.624278e-01	2.163449e-02
8.756507e-04	7.548580e-02	9.195576e-01	2.320041e-02
1.006998e-03	8.094950e-02	9.775654e-01	2.487967e-02
1.158048e-03	8.680867e-02	1.035356e+00	2.668047e-02
1.331755e-03	9.309193e-02	1.095946e+00	2.861162e-02
1.531519e-03	9.982997e-02	1.157676e+00	3.068254e-02
1.761246e-03	1.070557e-01	1.219881e+00	3.290336e-02
2.025433e-03	1.148045e-01	1.277248e+00	3.528492e-02
2.329248e-03	1.231141e-01	1.337285e+00	3.783886e-02
2.678635e-03	1.320251e-01	1.402530e+00	4.057766e-02
3.080431e-03	1.415812e-01	1.462347e+00	4.351469e-02
3.542495e-03	1.518289e-01	1.521800e+00	4.666431e-02
4.073870e-03	1.628184e-01	1.574358e+00	5.004189e-02
4.684950e-03	1.746032e-01	1.627326e+00	5.366395e-02
5.387693e-03	1.872411e-01	1.683713e+00	5.754818e-02
6.195847e-03	2.007937e-01	1.732962e+00	6.171355e-02
7.125224e-03	2.153273e-01	1.780259e+00	6.618040e-02
8.194007e-03	2.309128e-01	1.823494e+00	7.094319e-02
9.423108e-03	2.476264e-01	1.862674e+00	7.610720e-02
1.083657e-02	2.655497e-01	1.898212e+00	8.161765e-02
1.246206e-02	2.847703e-01	1.929023e+00	8.752577e-02
1.433137e-02	3.053822e-01	1.958606e+00	9.386052e-02
1.648108e-02	3.274859e-01	1.983759e+00	1.006541e-01
1.895324e-02	3.511895e-01	2.002800e+00	1.079393e-01
2.179622e-02	3.766088e-01	2.017674e+00	1.157519e-01
2.506566e-02	4.038679e-01	2.032748e+00	1.241300e-01
2.882550e-02	4.331001e-01	2.043161e+00	1.331144e-01
3.314933e-02	4.644481e-01	2.048334e+00	1.427491e-01
3.812173e-02	4.980651e-01	2.048504e+00	1.530812e-01
4.383999e-02	5.341153e-01	2.043490e+00	1.641612e-01
5.041599e-02	5.727749e-01	2.036473e+00	1.760432e-01
5.797838e-02	6.142326e-01	2.024123e+00	1.887851e-01
6.667514e-02	6.586911e-01	2.006055e+00	2.024493e-01
7.667641e-02	7.063675e-01	1.983091e+00	2.171026e-01
8.817787e-02	7.574948e-01	1.954887e+00	2.328165e-01
1.014046e-01	8.123226e-01	1.921596e+00	2.496677e-01
1.166152e-01	8.711190e-01	1.883401e+00	2.677386e-01
1.341075e-01	9.341710e-01	1.839753e+00	2.871175e-01
1.542237e-01	1.001787e+00	1.791684e+00	3.078991e-01
1.773572e-01	1.074297e+00	1.739357e+00	3.301849e-01
2.039608e-01	1.152055e+00	1.685286e+00	3.540837e-01
2.345549e-01	1.235441e+00	1.625813e+00	3.797123e-01
2.697381e-01	1.324863e+00	1.560254e+00	4.071959e-01
3.101989e-01	1.420757e+00	1.494551e+00	4.366689e-01
3.567287e-01	1.523593e+00	1.426193e+00	4.682751e-01
4.102380e-01	1.633871e+00	1.360680e+00	5.021689e-01
4.717737e-01	1.752131e+00	1.291591e+00	5.385158e-01
5.425397e-01	1.878952e+00	1.217270e+00	5.774937e-01
6.239207e-01	2.014951e+00	1.146992e+00	6.192949e-01
7.175088e-01	2.160794e+00	1.076043e+00	6.641089e-01
8.251351e-01	2.304270e+00	1.006938e+00	7.122541e-01
9.489054e-01	2.446817e+00	9.403721e-01	7.643472e-01
1.091241e+00	2.596208e+00	8.761076e-01	8.207841e-01
1.254927e+00	2.752071e+00	8.151422e-01	8.819839e-01
1.443166e+00	2.913749e+00	7.534829e-01	9.484151e-01
1.659641e+00	1.544150e+00	6.948810e-01	1.020626e+00
1.908588e+00	1.656709e+00	6.433725e-01	1.099255e+00
2.194876e+00	1.790406e+00	5.954064e-01	1.185057e+00
2.524107e+00	1.949478e+00	5.430901e-01	1.278937e+00
2.902723e+00	2.139661e+00	5.007196e-01	1.381997e+00
3.338132e+00	2.345881e+00	4.679019e-01	1.495596e+00
3.838852e+00	2.576837e+00	4.326577e-01	1.621426e+00
4.414679e+00	2.825415e+00	3.926726e-01	1.648234e+00
5.076881e+00	3.101660e+00	3.467959e-01	1.617993e+00
5.838413e+00	3.409051e+00	3.094533e-01	1.590159e+00
6.714175e+00	3.742192e+00	2.790680e-01	1.566082e+00
7.721302e+00	4.114646e+00	2.515138e-01	1.547160e+00
8.879497e+00	4.514302e+00	2.264657e-01	1.534856e+00
1.021142e+01	4.966288e+00	2.036291e-01	1.530681e+00
1.174313e+01	5.479597e+00	1.843435e-01	1.536327e+00
1.350460e+01	6.020920e+00	1.655146e-01	1.553555e+00
1.553030e+01	6.617246e+00	1.483609e-01	1.584239e+00
1.785984e+01	7.239850e+00	1.331788e-01	1.630351e+00
2.053882e+01	7.873469e+00	1.206933e-01	1.693958e+00
2.361964e+01	8.547099e+00	1.085451e-01	1.777231e+00
2.716258e+01	9.190731e+00	9.602470e-02	1.882482e+00
3.123697e+01	9.857247e+00	8.571074e-02	2.012250e+00
3.592252e+01	1.046731e+01	7.644081e-02	2.169404e+00
4.131089e+01	1.101132e+01	6.886516e-02	2.357370e+00
4.750753e+01	1.155016e+01	6.166496e-02	2.580289e+00
5.463366e+01	1.196887e+01	5.433418e-02	2.843280e+00
6.282871e+01	1.237199e+01	4.832905e-02	3.152714e+00
7.225301e+01	1.269828e+01	4.286902e-02	3.516519e+00
8.309096e+01	1.289979e+01	3.800852e-02	3.944577e+00
9.555461e+01	1.305987e+01	3.379324e-02	4.449148e+00
1.098878e+02	1.320191e+01	3.007770e-02	5.045415e+00
1.263710e+02	1.329515e+01	2.683012e-02	5.752583e+00
1.453266e+02	1.330575e+01	2.374209e-02	6.592437e+00
1.671256e+02	1.419399e+01	2.099730e-02	7.604626e+00
1.921945e+02	1.375522e+01	1.879862e-02	8.834259e+00
2.210236e+02	1.325498e+01	1.687586e-02	1.031476e+01
2.541772e+02	1.270034e+01	1.479749e-02	1.211822e+01
2.923037e+02	1.219385e+01	1.304960e-02	1.430811e+01
3.361493e+02	1.166196e+01	1.153625e-02	1.695147e+01
3.865717e+02	1.109637e+01	1.026808e-02	2.016359e+01
4.445574e+02	1.053029e+01	9.200583e-03	2.408961e+01
5.112411e+02	9.971031e+00	8.036595e-03	2.891105e+01
5.879272e+02	9.430325e+00	7.083895e-03	3.485690e+01
6.761163e+02	8.881169e+00	6.246185e-03	4.222863e+01
7.775337e+02	8.333216e+00	5.505385e-03	5.141396e+01
8.941638e+02	7.799096e+00	4.855252e-03	6.289450e+01
1.028288e+03	7.278608e+00	4.271226e-03	7.727427e+01
1.182532e+03	6.768591e+00	3.804333e-03	9.534948e+01
1.359911e+03	6.274383e+00	3.349379e-03	1.181491e+02
1.563898e+03	5.800772e+00	2.951209e-03	1.469832e+02
1.798483e+03	5.346055e+00	2.608029e-03	1.835388e+02
2.068255e+03	4.909857e+00	2.330229e-03	2.300036e+02
2.378493e+03	4.496936e+00	2.063657e-03	2.891923e+02
2.735268e+03	4.108699e+00	1.794710e-03	3.647202e+02
3.145558e+03	3.746222e+00	1.578086e-03	4.612331e+02
3.617391e+03	3.409567e+00	1.388265e-03	5.846855e+02
4.160000e+03	3.097902e+00	1.235643e-03	7.426885e+02
4.784000e+03	2.811434e+00	1.090924e-03	9.449485e+02
5.501600e+03	2.550075e+00	9.470650e-04	1.203801e+03
6.326840e+03	2.312506e+00	8.310011e-04	1.534864e+03
7.275866e+03	2.097383e+00	7.270818e-04	1.957824e+03
8.367246e+03	1.904095e+00	6.353519e-04	2.497377e+03
9.622333e+03	1.730999e+00	5.573278e-04	3.184337e+03
