# Energy_MeV	dEdx_Elec_MeV_um	dEdx_Nucl_MeV_um	Range_um
1.000000e-05	6.937583e-03	5.991680e-02	2.882848e-03
1.150000e-05	7.439729e-03	6.619318e-02	3.091511e-03
1.322500e-05	7.978220e-03	7.308355e-02	3.315276e-03
1.520875e-05	8.555688e-03	8.040553e-02	3.555237e-03
1.749006e-05	9.174953e-03	8.843138e-02	3.812567e-03
2.011357e-05	9.839041e-03	9.759654e-02	4.088523e-03
2.313061e-05	1.055120e-02	1.073305e-01	4.384452e-03
2.660020e-05	1.131490e-02	1.180491e-01	4.701801e-03
3.059023e-05	1.213388e-02	1.293821e-01	5.042120e-03
3.517876e-05	1.301213e-02	1.417107e-01	5.407071e-03
4.045558e-05	1.395396e-02	1.557900e-01	5.798438e-03
4.652391e-05	1.496395e-02	1.705241e-01	6.218132e-03
5.350250e-05	1.604705e-02	1.867301e-01	6.668204e-03
6.152788e-05	1.720855e-02	2.040562e-01	7.150852e-03
7.075706e-05	1.845411e-02	2.228108e-01	7.668434e-03
8.137062e-05	1.978983e-02	2.431756e-01	8.223479e-03
9.357621e-05	2.122222e-02	2.643320e-01	8.818699e-03
1.076126e-04	2.275830e-02	2.878770e-01	9.457001e-03
1.237545e-04	2.440556e-02	3.127098e-01	1.014150e-02
1.423177e-04	2.617205e-02	3.390230e-01	1.087555e-02
1.636654e-04	2.806639e-02	3.664131e-01	1.166273e-02
1.882152e-04	3.009785e-02	3.966434e-01	1.250688e-02
2.164475e-04	3.227635e-02	4.294629e-01	1.341214e-02
2.489146e-04	3.461253e-02	4.634409e-01	1.438292e-02
2.862518e-04	3.711780e-02	4.990607e-01	1.542396e-02
3.291895e-04	3.980441e-02	5.354024e-01	1.654035e-02
3.785680e-04	4.268547e-02	5.751773e-01	1.773755e-02
4.353531e-04	4.577507e-02	6.176981e-01	1.902141e-02
5.006561e-04	4.908830e-02	6.610052e-01	2.039819e-02
5.757545e-04	5.264133e-02	7.063512e-01	2.187462e-02
6.621177e-04	5.645154e-02	7.535215e-01	2.345792e-02
7.614354e-04	3.028072e-02	8.014136e-01	2.515581e-02
8.756507e-04	3.251779e-02	8.496139e-01	2.697660e-02
1.006998e-03	3.491672e-02	8.992564e-01	2.892918e-02
1.158048e-03	3.748923e-02	9.507120e-01	3.102309e-02
1.331755e-03	4.024788e-02	1.003056e+00	3.326856e-02
1.531519e-03	4.320616e-02	1.051339e+00	3.567656e-02
1.761246e-03	4.637852e-02	1.100185e+00	3.825884e-02
2.025433e-03	4.978045e-02	1.155305e+00	4.102804e-02
2.329248e-03	5.342857e-02	1.204950e+00	4.399767e-02
2.678635e-03	5.734071e-02	1.255330e+00	4.718225e-02
3.080431e-03	6.153598e-02	1.299922e+00	5.059732e-02
3.542495e-03	6.603487e-02	1.343170e+00	5.425958e-02
4.073870e-03	7.085937e-02	1.391659e+00	5.818692e-02
4.684950e-03	7.603304e-02	1.432535e+00	6.239852e-02
5.387693e-03	8.158115e-02	1.473003e+00	6.691496e-02
6.195847e-03	8.753082e-02	1.509134e+00	7.175830e-02
7.125224e-03	9.391110e-02	1.542730e+00	7.695220e-02
8.194007e-03	1.007532e-01	1.574003e+00	8.250092e-02
9.423108e-03	1.080905e-01	1.599484e+00	8.849757e-02
1.083657e-02	1.159588e-01	1.625349e+00	9.490189e-02
1.246206e-02	1.243967e-01	1.646362e+00	1.017718e-01
1.433137e-02	1.334452e-01	1.663733e+00	1.091376e-01
1.648108e-02	1.431487e-01	1.676813e+00	1.170369e-01
1.895324e-02	1.535545e-01	1.688929e+00	1.255080e-01
2.179622e-02	1.647135e-01	1.699075e+00	1.345922e-01
2.506566e-02	1.766802e-01	1.704329e+00	1.443339e-01
2.882550e-02	1.895130e-01	1.705703e+00	1.547806e-01
3.314933e-02	2.032746e-01	1.702520e+00	1.659835e-01
3.812173e-02	2.180323e-01	1.696878e+00	1.779974e-01
4.383999e-02	2.338582e-01	1.687990e+00	1.908808e-01
5.041599e-02	2.508296e-01	1.674102e+00	2.046967e-01
5.797838e-02	2.690293e-01	1.656048e+00	2.195125e-01
6.667514e-02	2.885463e-01	1.633718e+00	2.354008e-01
7.667641e-02	3.094760e-01	1.607037e+00	2.524391e-01
8.817787e-02	3.319206e-01	1.576284e+00	2.707107e-01
1.014046e-01	3.559897e-01	1.541146e+00	2.903046e-01
1.166152e-01	3.818010e-01	1.501989e+00	3.113168e-01
1.341075e-01	4.094805e-01	1.458832e+00	3.338499e-01
1.542237e-01	4.391634e-01	1.414572e+00	3.580141e-01
1.773572e-01	4.709948e-01	1.366500e+00	3.839272e-01
2.039608e-01	5.051302e-01	1.311823e+00	4.117158e-01
2.345549e-01	5.417363e-01	1.258196e+00	4.415157e-01
2.697381e-01	5.809919e-01	1.200627e+00	4.734728e-01
3.101989e-01	6.230889e-01	1.146484e+00	5.077429e-01
3.567287e-01	6.682329e-01	1.090374e+00	5.444935e-01
4.102380e-01	7.166445e-01	1.027464e+00	5.839039e-01
4.717737e-01	7.685601e-01	9.695859e-01	6.261669e-01
5.425397e-01	8.242334e-01	9.094913e-01	6.714888e-01
6.239207e-01	8.839363e-01	8.528227e-01	7.200948e-01
7.175088e-01	9.479606e-01	7.967683e-01	7.722001e-01
8.251351e-01	1.016623e+00	7.415346e-01	8.282107e-01
9.489054e-01	1.090257e+00	6.914609e-01	8.888400e-01
1.091241e+00	1.169220e+00	6.390035e-01	9.545240e-01
1.254927e+00	1.253899e+00	5.907510e-01	1.025758e+00
1.443166e+00	1.344708e+00	5.460691e-01	1.103090e+00
1.659641e+00	1.442089e+00	5.056599e-01	1.187162e+00
1.908588e+00	1.547781e+00	4.636075e-01	1.278721e+00
2.194876e+00	1.672308e+00	4.252942e-01	1.378655e+00
2.524107e+00	1.821689e+00	3.962611e-01	1.488027e+00
2.902723e+00	1.999357e+00	3.679341e-01	1.608133e+00
3.338132e+00	2.191707e+00	3.356489e-01	1.682461e+00
3.838852e+00	2.407628e+00	2.987700e-01	1.672509e+00
4.414679e+00	2.643602e+00	2.652056e-01	1.661690e+00
5.076881e+00	2.906140e+00	2.386686e-01	1.651229e+00
5.838413e+00	3.201436e+00	2.151437e-01	1.642455e+00
6.714175e+00	3.522745e+00	1.933097e-01	1.636816e+00
7.721302e+00	3.879517e+00	1.742966e-01	1.635835e+00
8.879497e+00	4.260105e+00	1.575032e-01	1.641298e+00
1.021142e+01	4.686424e+00	1.418259e-01	1.655086e+00
1.174313e+01	5.170041e+00	1.271181e-01	1.679275e+00
1.350460e+01	5.657022e+00	1.135055e-01	1.716138e+00
1.553030e+01	6.183133e+00	1.030136e-01	1.768132e+00
1.785984e+01	6.721319e+00	9.301852e-02	1.837901e+00
2.053882e+01	7.235157e+00	8.209707e-02	1.928259e+00
2.361964e+01	7.771509e+00	7.342825e-02	2.042212e+00
2.716258e+01	8.258363e+00	6.521183e-02	2.182975e+00
3.123697e+01	8.740623e+00	5.884282e-02	2.354152e+00
3.592252e+01	9.175695e+00	5.291693e-02	2.559829e+00
4.131089e+01	9.534237e+00	4.650385e-02	2.804834e+00
4.750753e+01	9.882593e+00	4.143283e-02	3.095010e+00
5.463366e+01	1.014552e+01	3.668496e-02	3.437548e+00
6.282871e+01	1.037786e+01	3.263532e-02	3.841377e+00
7.225301e+01	1.055990e+01	2.900322e-02	4.317609e+00
8.309096e+01	1.063673e+01	2.570877e-02	4.880081e+00
9.555461e+01	1.068943e+01	2.300522e-02	5.546037e+00
1.098878e+02	1.072586e+01	2.033147e-02	6.336870e+00
1.263710e+02	1.071436e+01	1.804085e-02	7.279860e+00
1.453266e+02	1.064962e+01	1.609445e-02	8.406105e+00
1.671256e+02	1.110848e+01	1.444600e-02	9.773054e+00
1.921945e+02	1.067741e+01	1.277543e-02	1.144086e+01
2.210236e+02	1.021024e+01	1.122197e-02	1.346274e+01
2.541772e+02	9.706667e+00	9.923418e-03	1.594089e+01
2.923037e+02	9.258639e+00	8.806727e-03	1.896778e+01
3.361493e+02	8.791234e+00	7.881778e-03	2.264637e+01
3.865717e+02	8.307786e+00	6.946196e-03	2.714982e+01
4.445574e+02	7.829310e+00	6.091838e-03	3.269278e+01
5.112411e+02	7.361188e+00	5.377396e-03	3.954683e+01
5.879272e+02	6.909200e+00	4.738612e-03	4.805709e+01
6.761163e+02	6.456238e+00	4.160441e-03	5.867948e+01
7.775337e+02	6.011265e+00	3.677682e-03	7.200028e+01
8.941638e+02	5.583945e+00	3.264408e-03	8.875159e+01
1.028288e+03	5.171654e+00	2.885683e-03	1.098585e+02
1.182532e+03	4.773394e+00	2.540089e-03	1.365440e+02
1.359911e+03	4.392919e+00	2.228479e-03	1.703859e+02
1.563898e+03	4.032295e+00	1.996309e-03	2.133989e+02
1.798483e+03	3.691010e+00	1.776481e-03	2.681844e+02
2.068255e+03	3.368420e+00	1.540345e-03	3.381133e+02
2.378493e+03	3.066346e+00	1.356679e-03	4.275236e+02
2.735268e+03	2.785170e+00	1.188099e-03	5.419862e+02
3.145558e+03	2.525322e+00	1.058799e-03	6.886553e+02
3.617391e+03	2.286859e+00	9.399857e-04	8.766899e+02
4.160000e+03	2.069129e+00	8.134967e-04	1.117784e+03
4.784000e+03	1.870799e+00	7.146790e-04	1.426828e+03
5.501600e+03	1.690806e+00	6.243720e-04	1.822718e+03
6.326840e+03	1.528713e+00	5.475385e-04	2.329345e+03
7.275866e+03	1.383335e+00	4.802098e-04	2.976782e+03
8.367246e+03	1.253191e+00	4.203596e-04	3.802699e+03
9.622333e+03	1.137098e+00	3.713202e-04	4.854065e+03
