# Energy_MeV	dEdx_Elec_MeV_um	dEdx_Nucl_MeV_um	Range_um
1.000000e-05	8.346271e-03	5.160743e-02	2.396280e-03
1.150000e-05	8.950379e-03	5.727807e-02	2.569724e-03
1.322500e-05	9.598212e-03	6.346783e-02	2.755722e-03
1.520875e-05	1.029294e-02	7.032890e-02	2.955182e-03
1.749006e-05	1.103794e-02	7.786225e-02	3.169080e-03
2.011357e-05	1.183688e-02	8.613325e-02	3.398460e-03
2.313061e-05	1.269364e-02	9.514015e-02	3.644442e-03
2.660020e-05	1.361241e-02	1.050992e-01	3.908228e-03
3.059023e-05	1.459768e-02	1.160948e-01	4.191108e-03
3.517876e-05	1.565427e-02	1.281093e-01	4.494463e-03
4.045558e-05	1.678733e-02	1.407970e-01	4.819774e-03
4.652391e-05	1.800241e-02	1.549534e-01	5.168632e-03
5.350250e-05	1.930543e-02	1.709972e-01	5.542741e-03
6.152788e-05	2.070277e-02	1.879278e-01	5.943927e-03
7.075706e-05	2.220125e-02	2.066942e-01	6.374152e-03
8.137062e-05	2.380819e-02	2.262577e-01	6.835516e-03
9.357621e-05	2.553143e-02	2.480059e-01	7.330274e-03
1.076126e-04	2.737941e-02	2.725162e-01	7.860843e-03
1.237545e-04	2.936115e-02	2.981519e-01	8.429815e-03
1.423177e-04	3.148632e-02	3.264924e-01	9.039970e-03
1.636654e-04	3.376532e-02	3.566203e-01	9.694288e-03
1.882152e-04	3.620927e-02	3.893205e-01	1.039597e-02
2.164475e-04	3.883012e-02	4.242962e-01	1.114843e-02
2.489146e-04	4.164066e-02	4.613240e-01	1.195536e-02
2.862518e-04	4.465464e-02	5.023288e-01	1.282070e-02
3.291895e-04	4.788676e-02	5.455124e-01	1.374866e-02
3.785680e-04	5.135283e-02	5.908844e-01	1.474380e-02
4.353531e-04	5.506978e-02	6.381023e-01	1.581096e-02
5.006561e-04	5.905576e-02	6.917520e-01	1.695537e-02
5.757545e-04	6.333025e-02	7.481992e-01	1.818261e-02
6.621177e-04	6.791412e-02	8.067641e-01	1.949868e-02
7.614354e-04	7.282978e-02	8.680339e-01	2.091000e-02
8.756507e-04	7.810124e-02	9.301642e-01	2.242348e-02
1.006998e-03	8.375425e-02	1.000737e+00	2.404650e-02
1.158048e-03	8.981643e-02	1.073303e+00	2.578700e-02
1.331755e-03	9.631739e-02	1.147688e+00	2.765347e-02
1.531519e-03	1.032889e-01	1.225891e+00	2.965505e-02
1.761246e-03	1.107650e-01	1.306537e+00	3.180150e-02
2.025433e-03	1.187822e-01	1.388743e+00	3.410331e-02
2.329248e-03	1.273797e-01	1.470602e+00	3.657172e-02
2.678635e-03	1.365996e-01	1.556311e+00	3.921880e-02
3.080431e-03	1.464867e-01	1.644234e+00	4.205748e-02
3.542495e-03	1.570895e-01	1.732062e+00	4.510162e-02
4.073870e-03	1.684597e-01	1.812623e+00	4.836610e-02
4.684950e-03	1.806529e-01	1.897813e+00	5.186686e-02
5.387693e-03	1.937287e-01	1.990903e+00	5.562102e-02
6.195847e-03	2.077509e-01	2.074307e+00	5.964689e-02
7.125224e-03	2.227880e-01	2.159300e+00	6.396417e-02
8.194007e-03	2.389135e-01	2.232218e+00	6.859393e-02
9.423108e-03	2.562062e-01	2.307467e+00	7.355879e-02
1.083657e-02	2.747505e-01	2.387861e+00	7.888302e-02
1.246206e-02	2.946371e-01	2.455885e+00	8.458215e-02
1.433137e-02	3.159631e-01	2.523658e+00	9.071842e-02
1.648108e-02	3.388327e-01	2.583576e+00	9.728301e-02
1.895324e-02	3.633575e-01	2.639620e+00	1.043253e-01
2.179622e-02	3.896576e-01	2.688940e+00	1.118760e-01
2.506566e-02	4.178612e-01	2.731641e+00	1.199735e-01
2.882550e-02	4.481062e-01	2.773957e+00	1.286571e-01
3.314933e-02	4.805403e-01	2.808419e+00	1.379692e-01
3.812173e-02	5.153221e-01	2.835845e+00	1.479554e-01
4.383999e-02	5.526214e-01	2.855524e+00	1.586642e-01
5.041599e-02	5.926204e-01	2.876955e+00	1.701482e-01
5.797838e-02	6.355146e-01	2.891518e+00	1.824635e-01
6.667514e-02	6.815135e-01	2.898002e+00	1.956702e-01
7.667641e-02	7.308418e-01	2.898166e+00	2.098327e-01
8.817787e-02	7.837405e-01	2.890093e+00	2.250203e-01
1.014046e-01	8.404681e-01	2.880001e+00	2.413072e-01
1.166152e-01	9.013016e-01	2.862082e+00	2.587731e-01
1.341075e-01	9.665383e-01	2.835878e+00	2.775031e-01
1.542237e-01	1.036497e+00	2.802986e+00	2.975887e-01
1.773572e-01	1.111519e+00	2.762467e+00	3.191280e-01
2.039608e-01	1.191971e+00	2.714866e+00	3.422266e-01
2.345549e-01	1.278247e+00	2.660337e+00	3.669970e-01
2.697381e-01	1.370767e+00	2.598045e+00	3.935603e-01
3.101989e-01	1.469984e+00	2.529526e+00	4.220461e-01
3.567287e-01	1.576382e+00	2.454986e+00	4.525938e-01
4.102380e-01	1.690482e+00	2.378498e+00	4.853528e-01
4.717737e-01	1.812839e+00	2.293740e+00	5.204828e-01
5.425397e-01	1.944054e+00	2.200115e+00	5.581554e-01
6.239207e-01	2.084765e+00	2.107780e+00	5.985546e-01
7.175088e-01	2.235662e+00	2.009918e+00	6.418782e-01
8.251351e-01	2.397480e+00	1.918347e+00	6.883371e-01
9.489054e-01	2.571011e+00	1.819848e+00	7.381633e-01
1.091241e+00	2.757102e+00	1.713780e+00	7.915744e-01
1.254927e+00	2.935689e+00	1.615782e+00	8.490172e-01
1.443166e+00	3.116956e+00	1.514202e+00	9.112139e-01
1.659641e+00	3.306804e+00	1.417746e+00	9.785967e-01
1.908588e+00	3.504713e+00	1.322451e+00	1.051679e+00
2.194876e+00	3.709789e+00	1.232323e+00	1.131024e+00
2.524107e+00	3.920637e+00	1.147091e+00	1.217293e+00
2.902723e+00	4.135229e+00	1.058914e+00	1.311260e+00
3.338132e+00	2.193198e+00	9.773895e-01	1.413838e+00
3.838852e+00	2.392445e+00	9.037495e-01	1.526129e+00
4.414679e+00	2.627905e+00	8.374229e-01	1.649473e+00
5.076881e+00	2.879840e+00	7.629199e-01	1.785529e+00
5.838413e+00	3.160753e+00	7.036128e-01	1.936364e+00
6.714175e+00	3.464799e+00	6.583825e-01	2.104591e+00
7.721302e+00	3.794778e+00	6.084343e-01	2.293536e+00
8.879497e+00	4.162853e+00	5.514886e-01	2.451503e+00
1.021142e+01	4.543853e+00	4.860012e-01	2.353928e+00
1.174313e+01	4.960225e+00	4.337660e-01	2.270191e+00
1.350460e+01	5.398449e+00	3.915167e-01	2.201445e+00
1.553030e+01	5.892356e+00	3.527935e-01	2.148860e+00
1.785984e+01	6.452632e+00	3.176440e-01	2.113658e+00
2.053882e+01	7.047500e+00	2.857465e-01	2.097139e+00
2.361964e+01	7.707058e+00	2.586443e-01	2.100633e+00
2.716258e+01	8.429658e+00	2.322026e-01	2.125634e+00
3.123697e+01	9.184666e+00	2.080987e-01	2.173654e+00
3.592252e+01	1.001709e+01	1.866619e-01	2.246288e+00
4.131089e+01	1.088482e+01	1.695212e-01	2.345268e+00
4.750753e+01	1.178754e+01	1.522350e-01	2.472560e+00
5.463366e+01	1.271563e+01	1.343941e-01	2.630510e+00
6.282871e+01	1.355014e+01	1.202957e-01	2.822031e+00
7.225301e+01	1.441056e+01	1.069872e-01	3.050805e+00
8.309096e+01	1.516818e+01	9.673264e-02	3.321484e+00
9.555461e+01	1.587388e+01	8.643847e-02	3.640016e+00
1.098878e+02	1.653371e+01	7.600131e-02	4.013838e+00
1.263710e+02	1.694757e+01	6.780835e-02	4.452240e+00
1.453266e+02	1.735983e+01	5.997904e-02	4.966757e+00
1.671256e+02	1.777147e+01	5.331476e-02	5.571538e+00
1.921945e+02	1.807140e+01	4.729190e-02	6.284675e+00
2.210236e+02	1.829079e+01	4.212256e-02	7.125871e+00
2.541772e+02	1.995138e+01	3.763549e-02	8.136344e+00
2.923037e+02	1.953445e+01	3.321832e-02	9.352268e+00
3.361493e+02	1.904920e+01	2.944490e-02	1.080575e+01
3.865717e+02	1.844073e+01	2.632141e-02	1.256154e+01
4.445574e+02	1.790925e+01	2.367628e-02	1.467116e+01
5.112411e+02	1.727795e+01	2.072098e-02	1.719156e+01
5.879272e+02	1.659395e+01	1.827476e-02	2.022750e+01
6.761163e+02	1.590012e+01	1.615935e-02	2.390379e+01
7.775337e+02	1.520944e+01	1.438461e-02	2.837630e+01
8.941638e+02	1.453798e+01	1.290385e-02	3.384081e+01
1.028288e+03	1.383882e+01	1.125057e-02	4.055499e+01
1.182532e+03	1.312524e+01	9.917375e-03	4.884469e+01
1.359911e+03	1.242118e+01	8.746921e-03	5.910929e+01
1.563898e+03	1.171701e+01	7.711114e-03	7.184879e+01
1.798483e+03	1.101365e+01	6.795500e-03	8.772444e+01
2.068255e+03	1.032132e+01	5.985190e-03	1.075800e+02
2.378493e+03	9.644313e+00	5.328127e-03	1.324855e+02
2.735268e+03	8.979375e+00	4.690992e-03	1.638183e+02
3.145558e+03	8.328797e+00	4.132937e-03	2.033571e+02
3.617391e+03	7.703322e+00	3.648884e-03	2.533853e+02
4.160000e+03	7.106143e+00	3.270900e-03	3.168300e+02
4.784000e+03	6.539008e+00	2.890079e-03	3.974507e+02
5.501600e+03	6.002664e+00	2.506901e-03	5.000625e+02
6.326840e+03	5.497627e+00	2.212291e-03	6.308220e+02
7.275866e+03	5.026958e+00	1.939752e-03	7.975852e+02
8.367246e+03	4.591987e+00	1.734168e-03	1.010345e+03
9.622333e+03	4.190634e+00	1.527271e-03	1.281770e+03
