# Energy_MeV	dEdx_Elec_MeV_um	dEdx_Nucl_MeV_um	Range_um
1.000000e-05	8.383633e-03	5.183980e-02	2.385601e-03
1.150000e-05	8.990445e-03	5.751844e-02	2.558272e-03
1.322500e-05	9.641178e-03	6.374311e-02	2.743441e-03
1.520875e-05	1.033901e-02	7.062196e-02	2.942012e-03
1.749006e-05	1.108735e-02	7.818049e-02	3.154957e-03
2.011357e-05	1.188986e-02	8.649354e-02	3.383314e-03
2.313061e-05	1.275046e-02	9.552246e-02	3.628200e-03
2.660020e-05	1.367334e-02	1.055387e-01	3.890811e-03
3.059023e-05	1.466303e-02	1.165567e-01	4.172430e-03
3.517876e-05	1.572434e-02	1.285901e-01	4.474433e-03
4.045558e-05	1.686248e-02	1.413277e-01	4.798295e-03
4.652391e-05	1.808300e-02	1.555730e-01	5.145598e-03
5.350250e-05	1.939185e-02	1.716435e-01	5.518039e-03
6.152788e-05	2.079545e-02	1.886383e-01	5.917438e-03
7.075706e-05	2.230063e-02	2.074290e-01	6.345745e-03
8.137062e-05	2.391476e-02	2.270594e-01	6.805053e-03
9.357621e-05	2.564573e-02	2.489442e-01	7.297607e-03
1.076126e-04	2.750198e-02	2.734822e-01	7.825811e-03
1.237545e-04	2.949258e-02	2.992072e-01	8.392248e-03
1.423177e-04	3.162727e-02	3.276109e-01	8.999683e-03
1.636654e-04	3.391647e-02	3.578588e-01	9.651085e-03
1.882152e-04	3.637136e-02	3.906570e-01	1.034964e-02
2.164475e-04	3.900394e-02	4.256453e-01	1.109875e-02
2.489146e-04	4.182707e-02	4.628206e-01	1.190208e-02
2.862518e-04	4.485453e-02	5.038924e-01	1.276356e-02
3.291895e-04	4.810113e-02	5.472365e-01	1.368739e-02
3.785680e-04	5.158271e-02	5.926068e-01	1.467809e-02
4.353531e-04	5.531630e-02	6.399741e-01	1.574050e-02
5.006561e-04	5.932012e-02	6.939543e-01	1.687981e-02
5.757545e-04	6.361374e-02	7.502196e-01	1.810158e-02
6.621177e-04	6.821814e-02	8.090751e-01	1.941178e-02
7.614354e-04	7.315580e-02	8.700932e-01	2.081681e-02
8.756507e-04	7.845086e-02	9.325047e-01	2.232355e-02
1.006998e-03	8.412918e-02	1.003510e+00	2.393934e-02
1.158048e-03	9.021849e-02	1.075719e+00	2.567208e-02
1.331755e-03	9.674855e-02	1.150455e+00	2.753024e-02
1.531519e-03	1.037513e-01	1.228433e+00	2.952289e-02
1.761246e-03	1.112608e-01	1.309031e+00	3.165977e-02
2.025433e-03	1.193140e-01	1.391478e+00	3.395132e-02
2.329248e-03	1.279500e-01	1.473069e+00	3.640874e-02
2.678635e-03	1.372110e-01	1.559193e+00	3.904402e-02
3.080431e-03	1.471425e-01	1.646672e+00	4.187005e-02
3.542495e-03	1.577927e-01	1.733992e+00	4.490062e-02
4.073870e-03	1.692138e-01	1.814508e+00	4.815055e-02
4.684950e-03	1.814616e-01	1.900232e+00	5.163572e-02
5.387693e-03	1.945959e-01	1.992730e+00	5.537314e-02
6.195847e-03	2.086808e-01	2.075990e+00	5.938108e-02
7.125224e-03	2.237853e-01	2.160354e+00	6.367911e-02
8.194007e-03	2.399830e-01	2.233028e+00	6.828824e-02
9.423108e-03	2.573531e-01	2.308749e+00	7.323098e-02
1.083657e-02	2.759804e-01	2.388409e+00	7.853147e-02
1.246206e-02	2.959560e-01	2.456161e+00	8.421704e-02
1.433137e-02	3.173775e-01	2.523493e+00	9.031433e-02
1.648108e-02	3.403494e-01	2.583293e+00	9.684946e-02
1.895324e-02	3.649841e-01	2.638975e+00	1.038604e-01
2.179622e-02	3.914019e-01	2.687661e+00	1.113774e-01
2.506566e-02	4.197317e-01	2.730248e+00	1.194388e-01
2.882550e-02	4.501121e-01	2.772131e+00	1.280837e-01
3.314933e-02	4.826915e-01	2.806414e+00	1.373544e-01
3.812173e-02	5.176290e-01	2.833098e+00	1.472960e-01
4.383999e-02	5.550952e-01	2.852759e+00	1.579571e-01
5.041599e-02	5.952733e-01	2.874308e+00	1.693900e-01
5.797838e-02	6.383595e-01	2.888030e+00	1.816504e-01
6.667514e-02	6.845643e-01	2.894419e+00	1.947982e-01
7.667641e-02	7.341134e-01	2.893896e+00	2.088976e-01
8.817787e-02	7.872489e-01	2.885675e+00	2.240175e-01
1.014046e-01	8.442304e-01	2.875507e+00	2.402319e-01
1.166152e-01	9.053363e-01	2.856934e+00	2.576199e-01
1.341075e-01	9.708650e-01	2.830486e+00	2.762663e-01
1.542237e-01	1.041137e+00	2.797156e+00	2.962624e-01
1.773572e-01	1.116495e+00	2.756314e+00	3.177058e-01
2.039608e-01	1.197307e+00	2.708389e+00	3.407015e-01
2.345549e-01	1.283969e+00	2.653562e+00	3.653615e-01
2.697381e-01	1.376903e+00	2.590884e+00	3.918064e-01
3.101989e-01	1.476564e+00	2.522216e+00	4.201652e-01
3.567287e-01	1.583439e+00	2.447679e+00	4.505769e-01
4.102380e-01	1.698049e+00	2.370966e+00	4.831898e-01
4.717737e-01	1.820955e+00	2.285676e+00	5.181632e-01
5.425397e-01	1.952756e+00	2.192236e+00	5.556679e-01
6.239207e-01	2.094098e+00	2.099761e+00	5.958871e-01
7.175088e-01	2.245670e+00	2.002305e+00	6.390178e-01
8.251351e-01	2.408212e+00	1.910740e+00	6.852693e-01
9.489054e-01	2.582520e+00	1.811623e+00	7.348740e-01
1.091241e+00	2.769444e+00	1.706123e+00	7.880464e-01
1.254927e+00	2.947012e+00	1.608209e+00	8.452596e-01
1.443166e+00	3.128837e+00	1.506994e+00	9.072203e-01
1.659641e+00	3.319219e+00	1.410496e+00	9.743490e-01
1.908588e+00	3.517619e+00	1.315694e+00	1.047160e+00
2.194876e+00	3.723111e+00	1.226039e+00	1.126217e+00
2.524107e+00	3.934267e+00	1.140795e+00	1.212183e+00
2.902723e+00	4.149011e+00	1.053060e+00	1.305831e+00
3.338132e+00	2.204579e+00	9.715859e-01	1.408077e+00
3.838852e+00	2.406521e+00	8.990131e-01	1.520027e+00
4.414679e+00	2.643770e+00	8.324872e-01	1.643027e+00
5.076881e+00	2.897105e+00	7.575433e-01	1.778742e+00
5.838413e+00	3.178932e+00	7.001201e-01	1.929254e+00
6.714175e+00	3.485708e+00	6.549314e-01	2.097190e+00
7.721302e+00	3.816819e+00	6.047103e-01	2.285899e+00
8.879497e+00	4.185637e+00	5.474065e-01	2.423133e+00
1.021142e+01	4.570055e+00	4.815071e-01	2.327267e+00
1.174313e+01	4.986431e+00	4.308184e-01	2.245190e+00
1.350460e+01	5.428587e+00	3.885740e-01	2.178045e+00
1.553030e+01	5.926070e+00	3.503897e-01	2.126991e+00
1.785984e+01	6.488207e+00	3.155050e-01	2.093246e+00
2.053882e+01	7.088413e+00	2.836394e-01	2.078103e+00
2.361964e+01	7.750273e+00	2.568791e-01	2.082882e+00
2.716258e+01	8.479357e+00	2.303542e-01	2.109073e+00
3.123697e+01	9.235188e+00	2.066035e-01	2.158177e+00
3.592252e+01	1.006899e+01	1.854511e-01	2.231781e+00
4.131089e+01	1.094451e+01	1.684130e-01	2.331613e+00
4.750753e+01	1.184305e+01	1.510187e-01	2.459640e+00
5.463366e+01	1.277947e+01	1.333991e-01	2.618219e+00
6.282871e+01	1.360456e+01	1.193999e-01	2.810278e+00
7.225301e+01	1.445588e+01	1.062578e-01	3.039523e+00
8.309096e+01	1.522029e+01	9.607860e-02	3.310635e+00
9.555461e+01	1.591334e+01	8.572463e-02	3.629598e+00
1.098878e+02	1.657910e+01	7.541913e-02	4.003890e+00
1.263710e+02	1.697336e+01	6.728783e-02	4.442845e+00
1.453266e+02	1.738445e+01	5.952675e-02	4.958061e+00
1.671256e+02	1.779978e+01	5.288555e-02	5.563729e+00
1.921945e+02	1.808453e+01	4.692976e-02	6.278048e+00
2.210236e+02	1.830339e+01	4.181264e-02	7.120942e+00
2.541772e+02	1.992775e+01	3.733959e-02	8.134759e+00
2.923037e+02	1.950724e+01	3.296132e-02	9.353399e+00
3.361493e+02	1.901399e+01	2.920165e-02	1.081138e+01
3.865717e+02	1.839865e+01	2.614299e-02	1.257244e+01
4.445574e+02	1.787339e+01	2.349320e-02	1.468735e+01
5.112411e+02	1.723496e+01	2.052082e-02	1.721449e+01
5.879272e+02	1.654980e+01	1.813386e-02	2.026003e+01
6.761163e+02	1.585562e+01	1.601592e-02	2.394911e+01
7.775337e+02	1.516591e+01	1.428424e-02	2.843834e+01
8.941638e+02	1.449397e+01	1.280180e-02	3.392505e+01
1.028288e+03	1.379354e+01	1.113909e-02	4.066895e+01
1.182532e+03	1.307890e+01	9.839352e-03	4.899733e+01
1.359911e+03	1.237657e+01	8.667572e-03	5.931128e+01
1.563898e+03	1.167199e+01	7.649243e-03	7.211458e+01
1.798483e+03	1.096880e+01	6.742216e-03	8.807412e+01
2.068255e+03	1.027771e+01	5.933596e-03	1.080386e+02
2.378493e+03	9.601408e+00	5.286460e-03	1.330851e+02
2.735268e+03	8.937162e+00	4.647597e-03	1.646017e+02
3.145558e+03	8.288026e+00	4.099149e-03	2.043796e+02
3.617391e+03	7.664280e+00	3.622357e-03	2.547182e+02
4.160000e+03	7.068973e+00	3.247118e-03	3.185655e+02
4.784000e+03	6.503808e+00	2.864120e-03	3.997071e+02
5.501600e+03	5.969428e+00	2.486074e-03	5.029909e+02
6.326840e+03	5.466482e+00	2.193965e-03	6.346153e+02
7.275866e+03	4.998115e+00	1.925150e-03	8.024877e+02
8.367246e+03	4.565360e+00	1.721303e-03	1.016665e+03
9.622333e+03	4.166086e+00	1.513241e-03	1.289892e+03
