# Energy_MeV	dEdx_Elec_MeV_um	dEdx_Nucl_MeV_um	Range_um
1.000000e-05	2.816560e-03	3.221817e-02	7.302991e-03
1.150000e-05	3.036554e-03	3.444251e-02	7.831586e-03
1.322500e-05	3.272387e-03	3.691926e-02	8.398440e-03
1.520875e-05	3.525215e-03	3.937858e-02	9.006323e-03
1.749006e-05	3.796274e-03	4.194890e-02	9.658206e-03
2.011357e-05	4.086887e-03	4.456739e-02	1.035727e-02
2.313061e-05	4.398476e-03	4.721767e-02	1.110694e-02
2.660020e-05	4.732564e-03	5.005129e-02	1.191086e-02
3.059023e-05	5.090783e-03	5.278581e-02	1.277298e-02
3.517876e-05	5.474883e-03	5.546244e-02	1.369749e-02
4.045558e-05	5.886742e-03	5.817440e-02	1.468892e-02
4.652391e-05	6.328371e-03	6.115826e-02	1.575212e-02
5.350250e-05	6.801929e-03	6.381511e-02	1.689226e-02
6.152788e-05	7.309730e-03	6.658180e-02	1.811493e-02
7.075706e-05	7.854253e-03	6.914393e-02	1.942610e-02
8.137062e-05	8.438160e-03	7.162156e-02	2.083217e-02
9.357621e-05	9.064304e-03	7.431803e-02	2.234002e-02
1.076126e-04	9.735743e-03	7.655010e-02	2.395700e-02
1.237545e-04	1.045576e-02	7.884194e-02	2.569102e-02
1.423177e-04	1.122787e-02	8.096848e-02	2.755055e-02
1.636654e-04	1.205584e-02	8.297423e-02	2.954467e-02
1.882152e-04	1.294372e-02	8.476253e-02	3.168313e-02
2.164475e-04	1.389586e-02	8.630039e-02	3.397637e-02
2.489146e-04	1.491689e-02	8.783202e-02	3.643560e-02
2.862518e-04	1.601181e-02	8.909514e-02	3.907283e-02
3.291895e-04	1.718596e-02	9.022249e-02	4.190094e-02
3.785680e-04	1.844509e-02	9.105159e-02	4.493375e-02
4.353531e-04	1.979535e-02	9.187674e-02	4.818608e-02
5.006561e-04	2.124332e-02	9.254820e-02	5.167382e-02
5.757545e-04	2.279609e-02	9.288686e-02	5.541399e-02
6.621177e-04	2.446124e-02	9.318495e-02	5.942489e-02
7.614354e-04	2.624691e-02	9.313800e-02	6.372609e-02
8.756507e-04	2.816181e-02	9.299626e-02	6.832018e-02
1.006998e-03	3.021531e-02	9.265531e-02	7.328707e-02
1.158048e-03	3.241743e-02	9.200992e-02	7.859070e-02
1.331755e-03	3.477894e-02	9.122996e-02	8.427985e-02
1.531519e-03	3.731137e-02	9.017041e-02	9.037968e-02
1.761246e-03	4.002709e-02	8.888775e-02	9.692130e-02
2.025433e-03	4.293937e-02	8.737530e-02	1.039364e-01
2.329248e-03	4.606244e-02	8.562713e-02	1.114592e-01
2.678635e-03	4.941155e-02	8.364632e-02	1.195266e-01
3.080431e-03	5.300307e-02	8.146920e-02	1.281778e-01
3.542495e-03	5.685455e-02	7.917076e-02	1.374552e-01
4.073870e-03	6.098479e-02	7.665808e-02	1.474042e-01
4.684950e-03	6.541397e-02	7.381723e-02	1.580733e-01
5.387693e-03	7.016374e-02	7.104379e-02	1.695146e-01
6.195847e-03	7.525729e-02	6.799890e-02	1.817840e-01
7.125224e-03	8.071952e-02	6.505723e-02	1.949414e-01
8.194007e-03	8.657710e-02	6.199513e-02	2.090513e-01
9.423108e-03	9.285866e-02	5.859340e-02	2.241824e-01
1.083657e-02	9.959487e-02	5.555340e-02	2.404087e-01
1.246206e-02	1.068187e-01	5.227162e-02	2.578094e-01
1.433137e-02	1.145653e-01	4.911803e-02	2.764697e-01
1.648108e-02	1.228726e-01	4.594959e-02	2.964806e-01
1.895324e-02	1.317813e-01	4.289845e-02	3.179400e-01
2.179622e-02	1.413347e-01	4.009069e-02	3.409524e-01
2.506566e-02	1.515797e-01	3.713229e-02	3.656305e-01
2.882550e-02	1.625661e-01	3.446009e-02	3.920950e-01
3.314933e-02	1.743478e-01	3.184609e-02	4.204750e-01
3.812173e-02	1.869822e-01	2.956213e-02	4.509090e-01
4.383999e-02	2.005311e-01	2.711068e-02	4.835458e-01
5.041599e-02	2.150607e-01	2.489262e-02	5.185449e-01
5.797838e-02	2.306420e-01	2.325894e-02	5.560771e-01
6.667514e-02	2.473510e-01	2.141091e-02	5.963289e-01
7.667641e-02	2.652694e-01	1.960497e-02	6.394788e-01
8.817787e-02	2.844861e-01	1.772448e-02	6.858603e-01
1.014046e-01	3.050943e-01	1.591045e-02	7.360645e-01
1.166152e-01	3.271942e-01	1.443465e-02	7.904544e-01
1.341075e-01	3.508937e-01	1.284573e-02	8.494396e-01
1.542237e-01	3.763060e-01	1.156911e-02	9.020139e-01
1.773572e-01	4.035551e-01	1.043615e-02	9.444662e-01
2.039608e-01	4.311488e-01	9.422291e-03	9.894072e-01
2.345549e-01	4.532067e-01	8.497848e-03	1.034678e+00
2.697381e-01	4.793625e-01	7.592210e-03	1.080295e+00
3.101989e-01	5.102236e-01	6.833032e-03	1.126377e+00
3.567287e-01	5.402928e-01	6.178495e-03	1.173186e+00
4.102380e-01	5.725581e-01	5.564292e-03	1.221161e+00
4.717737e-01	6.042635e-01	4.924506e-03	1.270960e+00
5.425397e-01	6.371001e-01	4.444283e-03	1.323507e+00
6.239207e-01	6.720372e-01	3.955713e-03	1.380040e+00
7.175088e-01	7.061992e-01	3.552828e-03	1.442183e+00
8.251351e-01	7.428382e-01	3.183242e-03	1.512016e+00
9.489054e-01	7.791132e-01	2.798663e-03	1.592167e+00
1.091241e+00	8.161755e-01	2.520006e-03	1.685926e+00
1.254927e+00	8.559686e-01	2.231759e-03	1.797375e+00
1.443166e+00	8.874924e-01	1.983434e-03	1.931531e+00
1.659641e+00	9.167282e-01	1.757550e-03	2.094504e+00
1.908588e+00	9.362843e-01	1.558543e-03	2.293679e+00
2.194876e+00	9.397000e-01	1.395175e-03	2.537923e+00
2.524107e+00	9.337460e-01	1.230918e-03	2.837844e+00
2.902723e+00	9.065459e-01	1.097615e-03	3.206151e+00
3.338132e+00	8.721332e-01	9.752817e-04	3.658144e+00
3.838852e+00	8.275749e-01	8.750386e-04	4.212428e+00
4.414679e+00	7.791021e-01	7.714327e-04	4.891911e+00
5.076881e+00	7.256286e-01	6.808446e-04	5.725196e+00
5.838413e+00	6.757294e-01	6.081953e-04	6.748512e+00
6.714175e+00	6.246148e-01	5.340308e-04	8.008362e+00
7.721302e+00	5.737048e-01	4.783386e-04	9.565091e+00
8.879497e+00	5.288881e-01	4.207175e-04	1.149765e+01
1.021142e+01	4.828603e-01	3.707446e-04	1.390978e+01
1.174313e+01	4.414370e-01	3.304412e-04	1.693774e+01
1.350460e+01	4.015297e-01	2.884764e-04	2.076215e+01
1.553030e+01	3.633379e-01	2.547148e-04	2.561061e+01
1.785984e+01	3.485450e-01	2.248380e-04	3.183727e+01
2.053882e+01	3.162282e-01	1.991092e-04	3.987417e+01
2.361964e+01	2.844684e-01	1.762143e-04	5.019714e+01
2.716258e+01	2.549239e-01	1.544702e-04	6.354167e+01
3.123697e+01	2.297998e-01	1.365734e-04	8.071053e+01
3.592252e+01	2.069700e-01	1.216641e-04	1.026425e+02
4.131089e+01	1.858588e-01	1.078269e-04	1.306998e+02
4.750753e+01	1.666989e-01	9.364310e-05	1.666042e+02
5.463366e+01	1.494361e-01	8.352355e-05	2.125518e+02
6.282871e+01	1.339004e-01	7.309415e-05	2.713521e+02
7.225301e+01	1.197584e-01	0.000000e+00	3.467000e+02
8.309096e+01	1.070907e-01	0.000000e+00	4.433772e+02
9.555461e+01	9.584978e-02	0.000000e+00	5.674226e+02
1.098878e+02	8.580548e-02	0.000000e+00	7.264943e+02
1.263710e+02	7.678001e-02	0.000000e+00	9.306451e+02
1.453266e+02	6.869456e-02	0.000000e+00	1.192830e+03
1.671256e+02	6.147837e-02	0.000000e+00	1.529579e+03
1.921945e+02	5.501194e-02	0.000000e+00	1.962151e+03
2.210236e+02	4.921759e-02	0.000000e+00	2.517985e+03
2.541772e+02	4.403867e-02	0.000000e+00	3.232273e+03
2.923037e+02	3.941519e-02	0.000000e+00	4.150062e+03
3.361493e+02	3.529011e-02	0.000000e+00	5.329022e+03
3.865717e+02	3.161509e-02	0.000000e+00	6.842792e+03
4.445574e+02	2.834416e-02	0.000000e+00	8.785191e+03
5.112411e+02	2.543641e-02	0.000000e+00	1.127551e+04
5.879272e+02	2.285444e-02	0.000000e+00	1.446494e+04
6.761163e+02	2.056423e-02	0.000000e+00	1.854459e+04
7.775337e+02	1.853424e-02	0.000000e+00	2.375495e+04
8.941638e+02	1.673635e-02	0.000000e+00	3.039738e+04
1.028288e+03	1.514613e-02	0.000000e+00	3.884777e+04
1.182532e+03	1.374239e-02	0.000000e+00	4.957258e+04
1.359911e+03	1.250440e-02	0.000000e+00	6.314703e+04
1.563898e+03	1.141403e-02	0.000000e+00	8.027567e+04
1.798483e+03	1.045603e-02	0.000000e+00	1.018151e+05
2.068255e+03	9.616732e-03	0.000000e+00	1.287983e+05
2.378493e+03	8.883736e-03	0.000000e+00	1.624603e+05
2.735268e+03	8.245805e-03	0.000000e+00	2.042639e+05
3.145558e+03	7.692807e-03	0.000000e+00	2.559244e+05
3.617391e+03	7.215570e-03	0.000000e+00	3.194329e+05
4.160000e+03	6.806096e-03	0.000000e+00	3.970773e+05
4.784000e+03	6.457491e-03	0.000000e+00	4.914589e+05
5.501600e+03	6.163520e-03	0.000000e+00	6.055140e+05
6.326840e+03	5.918555e-03	0.000000e+00	7.424935e+05
7.275866e+03	5.698704e-03	0.000000e+00	9.062785e+05
8.367246e+03	5.513484e-03	0.000000e+00	1.028429e+06
9.622333e+03	5.364085e-03	0.000000e+00	1.028429e+06
