# Energy_MeV	dEdx_Elec_MeV_um	dEdx_Nucl_MeV_um	Range_um
1.000000e-05	8.847148e-03	4.565066e-02	2.260616e-03
1.150000e-05	9.487509e-03	5.069671e-02	2.424240e-03
1.322500e-05	1.017422e-02	5.619234e-02	2.599708e-03
1.520875e-05	1.091064e-02	6.229063e-02	2.787876e-03
1.749006e-05	1.170035e-02	6.929159e-02	2.989664e-03
2.011357e-05	1.254723e-02	7.676345e-02	3.206058e-03
2.313061e-05	1.345541e-02	8.513301e-02	3.438114e-03
2.660020e-05	1.442932e-02	9.422712e-02	3.686966e-03
3.059023e-05	1.547372e-02	1.042982e-01	3.953831e-03
3.517876e-05	1.659371e-02	1.154096e-01	4.240011e-03
4.045558e-05	1.779477e-02	1.273569e-01	4.546905e-03
4.652391e-05	1.908277e-02	1.408366e-01	4.876013e-03
5.350250e-05	2.046399e-02	1.553793e-01	5.228941e-03
6.152788e-05	2.194519e-02	1.712763e-01	5.607415e-03
7.075706e-05	2.353359e-02	1.881922e-01	6.013282e-03
8.137062e-05	2.523696e-02	2.073954e-01	6.448527e-03
9.357621e-05	2.706363e-02	2.286536e-01	6.915275e-03
1.076126e-04	2.902251e-02	2.512086e-01	7.415806e-03
1.237545e-04	3.112317e-02	2.759943e-01	7.952566e-03
1.423177e-04	3.337588e-02	3.019972e-01	8.528177e-03
1.636654e-04	3.579165e-02	3.314904e-01	9.145451e-03
1.882152e-04	3.838227e-02	3.638793e-01	9.807403e-03
2.164475e-04	4.116039e-02	3.979494e-01	1.051727e-02
2.489146e-04	4.413961e-02	4.355608e-01	1.127851e-02
2.862518e-04	4.733445e-02	4.757812e-01	1.209486e-02
3.291895e-04	5.076055e-02	5.190677e-01	1.297029e-02
3.785680e-04	5.443462e-02	5.652024e-01	1.390909e-02
4.353531e-04	5.837463e-02	6.145877e-01	1.491583e-02
5.006561e-04	6.259982e-02	6.688587e-01	1.599545e-02
5.757545e-04	6.713082e-02	7.263689e-01	1.715321e-02
6.621177e-04	7.198979e-02	7.850515e-01	1.839477e-02
7.614354e-04	7.720045e-02	8.484646e-01	1.972619e-02
8.756507e-04	8.278826e-02	9.211642e-01	2.115398e-02
1.006998e-03	8.878051e-02	9.933815e-01	2.268512e-02
1.158048e-03	9.520649e-02	1.072251e+00	2.432708e-02
1.331755e-03	1.020976e-01	1.150126e+00	2.608789e-02
1.531519e-03	1.094875e-01	1.233573e+00	2.797614e-02
1.761246e-03	1.174122e-01	1.328746e+00	3.000107e-02
2.025433e-03	1.259106e-01	1.420882e+00	3.217256e-02
2.329248e-03	1.350241e-01	1.521003e+00	3.450123e-02
2.678635e-03	1.447972e-01	1.621209e+00	3.699845e-02
3.080431e-03	1.552777e-01	1.726604e+00	3.967642e-02
3.542495e-03	1.665168e-01	1.834387e+00	4.254822e-02
4.073870e-03	1.785693e-01	1.939645e+00	4.562788e-02
4.684950e-03	1.914943e-01	2.054988e+00	4.893045e-02
5.387693e-03	2.053547e-01	2.166196e+00	5.247206e-02
6.195847e-03	2.202184e-01	2.277832e+00	5.627002e-02
7.125224e-03	2.361579e-01	2.381503e+00	6.034287e-02
8.194007e-03	2.532512e-01	2.496832e+00	6.471052e-02
9.423108e-03	2.715816e-01	2.614972e+00	6.939430e-02
1.083657e-02	2.912388e-01	2.721382e+00	7.441710e-02
1.246206e-02	3.123189e-01	2.828059e+00	7.980344e-02
1.433137e-02	3.349247e-01	2.920160e+00	8.557966e-02
1.648108e-02	3.591667e-01	3.021868e+00	9.176296e-02
1.895324e-02	3.851634e-01	3.122192e+00	9.842013e-02
2.179622e-02	4.130417e-01	3.207606e+00	1.055418e-01
2.506566e-02	4.429379e-01	3.293107e+00	1.131817e-01
2.882550e-02	4.749980e-01	3.369470e+00	1.213735e-01
3.314933e-02	5.093786e-01	3.438487e+00	1.301584e-01
3.812173e-02	5.462476e-01	3.499105e+00	1.395792e-01
4.383999e-02	5.857853e-01	3.553372e+00	1.496819e-01
5.041599e-02	6.281848e-01	3.605703e+00	1.605157e-01
5.797838e-02	6.736531e-01	3.648462e+00	1.721337e-01
6.667514e-02	7.224125e-01	3.678080e+00	1.845927e-01
7.667641e-02	7.747011e-01	3.703566e+00	1.979535e-01
8.817787e-02	8.307744e-01	3.731731e+00	2.122812e-01
1.014046e-01	8.909063e-01	3.744291e+00	2.276460e-01
1.166152e-01	9.553905e-01	3.752126e+00	2.441230e-01
1.341075e-01	1.024542e+00	3.746579e+00	2.617927e-01
1.542237e-01	1.098699e+00	3.734802e+00	2.807412e-01
1.773572e-01	1.178224e+00	3.720159e+00	3.010611e-01
2.039608e-01	1.263504e+00	3.691932e+00	3.228518e-01
2.345549e-01	1.354957e+00	3.655780e+00	3.462199e-01
2.697381e-01	1.453030e+00	3.609226e+00	3.712794e-01
3.101989e-01	1.558201e+00	3.553719e+00	3.981526e-01
3.567287e-01	1.670984e+00	3.488908e+00	4.269708e-01
4.102380e-01	1.791931e+00	3.415166e+00	4.578750e-01
4.717737e-01	1.921632e+00	3.330924e+00	4.910162e-01
5.425397e-01	2.060720e+00	3.240001e+00	5.265560e-01
6.239207e-01	2.209876e+00	3.142126e+00	5.646682e-01
7.175088e-01	2.369828e+00	3.040909e+00	6.055388e-01
8.251351e-01	2.541358e+00	2.926012e+00	6.493679e-01
9.489054e-01	2.725303e+00	2.804504e+00	6.963698e-01
1.091241e+00	2.922562e+00	2.683457e+00	7.467717e-01
1.254927e+00	3.134098e+00	2.558026e+00	8.008288e-01
1.443166e+00	3.360946e+00	2.439627e+00	8.587760e-01
1.659641e+00	3.571195e+00	2.306334e+00	9.212004e-01
1.908588e+00	3.791117e+00	2.171649e+00	9.888262e-01
2.194876e+00	4.021241e+00	2.044992e+00	1.062100e+00
2.524107e+00	4.260858e+00	1.914612e+00	1.141588e+00
2.902723e+00	4.508775e+00	1.789320e+00	1.227914e+00
3.338132e+00	4.763172e+00	1.669110e+00	1.321806e+00
3.838852e+00	5.021424e+00	1.555181e+00	1.424120e+00
4.414679e+00	5.279917e+00	1.444104e+00	1.535871e+00
5.076881e+00	2.808227e+00	1.332117e+00	1.658286e+00
5.838413e+00	3.078975e+00	1.226737e+00	1.792864e+00
6.714175e+00	3.372648e+00	1.139613e+00	1.941460e+00
7.721302e+00	3.696532e+00	1.051354e+00	2.106397e+00
8.879497e+00	4.055399e+00	9.540703e-01	2.290613e+00
1.021142e+01	4.439851e+00	8.895250e-01	2.497856e+00
1.174313e+01	4.867250e+00	8.301112e-01	2.732941e+00
1.350460e+01	5.320953e+00	7.628849e-01	3.002078e+00
1.553030e+01	5.793673e+00	6.855748e-01	3.221383e+00
1.785984e+01	6.299253e+00	6.007658e-01	3.035653e+00
2.053882e+01	6.858638e+00	5.421159e-01	2.886266e+00
2.361964e+01	7.476139e+00	4.870777e-01	2.771360e+00
2.716258e+01	8.121636e+00	4.404224e-01	2.689573e+00
3.123697e+01	8.823312e+00	3.960696e-01	2.639973e+00
3.592252e+01	9.605563e+00	3.566616e-01	2.621989e+00
4.131089e+01	1.042874e+01	3.230918e-01	2.635325e+00
4.750753e+01	1.135046e+01	2.884768e-01	2.680020e+00
5.463366e+01	1.236090e+01	2.592223e-01	2.756445e+00
6.282871e+01	1.342321e+01	2.329696e-01	2.865354e+00
7.225301e+01	1.458662e+01	2.118745e-01	3.008038e+00
8.309096e+01	1.568169e+01	1.885584e-01	3.186488e+00
9.555461e+01	1.681914e+01	1.668669e-01	3.403566e+00
1.098878e+02	1.793238e+01	1.494132e-01	3.663196e+00
1.263710e+02	1.891824e+01	1.332458e-01	3.970563e+00
1.453266e+02	1.989655e+01	1.207072e-01	4.332309e+00
1.671256e+02	2.054959e+01	1.068454e-01	4.756848e+00
1.921945e+02	2.124831e+01	9.426635e-02	5.254684e+00
2.210236e+02	2.198586e+01	8.408701e-02	5.838601e+00
2.541772e+02	2.248360e+01	7.440472e-02	6.525021e+00
2.923037e+02	2.585659e+01	6.596013e-02	7.332467e+00
3.361493e+02	2.571864e+01	5.867901e-02	8.302262e+00
3.865717e+02	2.542171e+01	5.237224e-02	9.458661e+00
4.445574e+02	2.500552e+01	4.662231e-02	1.083676e+01
5.112411e+02	2.442160e+01	4.117502e-02	1.248982e+01
5.879272e+02	2.392012e+01	3.643201e-02	1.445779e+01
6.761163e+02	2.322014e+01	3.286195e-02	1.679222e+01
7.775337e+02	2.246174e+01	2.935649e-02	1.958610e+01
8.941638e+02	2.168187e+01	2.554282e-02	2.294596e+01
1.028288e+03	2.090484e+01	2.270079e-02	2.700416e+01
1.182532e+03	2.014620e+01	1.995517e-02	3.192779e+01
1.359911e+03	1.933220e+01	1.794306e-02	3.793576e+01
1.563898e+03	1.848280e+01	1.598079e-02	4.529920e+01
1.798483e+03	1.764438e+01	1.387695e-02	5.434669e+01
2.068255e+03	1.678148e+01	1.231295e-02	6.549190e+01
2.378493e+03	1.590589e+01	1.079649e-02	7.928164e+01
2.735268e+03	1.503594e+01	9.553682e-03	9.640363e+01
3.145558e+03	1.416786e+01	8.406163e-03	1.177271e+02
3.617391e+03	1.330127e+01	7.428780e-03	1.443713e+02
4.160000e+03	1.244323e+01	6.616510e-03	1.777724e+02
4.784000e+03	1.160553e+01	5.793574e-03	2.197675e+02
5.501600e+03	1.079312e+01	5.117280e-03	2.727058e+02
6.326840e+03	1.001013e+01	4.530246e-03	3.395970e+02
7.275866e+03	9.261078e+00	4.067561e-03	4.242878e+02
8.367246e+03	8.549026e+00	3.554596e-03	5.316909e+02
9.622333e+03	7.876052e+00	3.096163e-03	6.680696e+02
