# Energy_MeV	dEdx_Elec_MeV_um	dEdx_Nucl_MeV_um	Range_um
1.000000e-05	8.161805e-03	4.964833e-02	2.450438e-03
1.150000e-05	8.752561e-03	5.522700e-02	2.627802e-03
1.322500e-05	9.386076e-03	6.118410e-02	2.818004e-03
1.520875e-05	1.006545e-02	6.785576e-02	3.021973e-03
1.749006e-05	1.079399e-02	7.510309e-02	3.240705e-03
2.011357e-05	1.157526e-02	8.312171e-02	3.475268e-03
2.313061e-05	1.241309e-02	9.197478e-02	3.726810e-03
2.660020e-05	1.331155e-02	1.015102e-01	3.996559e-03
3.059023e-05	1.427505e-02	1.122558e-01	4.285832e-03
3.517876e-05	1.530828e-02	1.238452e-01	4.596043e-03
4.045558e-05	1.641631e-02	1.364873e-01	4.928707e-03
4.652391e-05	1.760453e-02	1.499969e-01	5.285449e-03
5.350250e-05	1.887875e-02	1.653093e-01	5.668013e-03
6.152788e-05	2.024521e-02	1.822097e-01	6.078266e-03
7.075706e-05	2.171056e-02	2.002227e-01	6.518214e-03
8.137062e-05	2.328199e-02	2.199318e-01	6.990006e-03
9.357621e-05	2.496715e-02	2.407023e-01	7.495947e-03
1.076126e-04	2.677428e-02	2.642218e-01	8.038507e-03
1.237545e-04	2.871222e-02	2.899623e-01	8.620339e-03
1.423177e-04	3.079043e-02	3.171789e-01	9.244283e-03
1.636654e-04	3.301905e-02	3.471041e-01	9.913389e-03
1.882152e-04	3.540899e-02	3.792176e-01	1.063093e-02
2.164475e-04	3.797191e-02	4.136947e-01	1.140040e-02
2.489146e-04	4.072034e-02	4.504142e-01	1.222556e-02
2.862518e-04	4.366770e-02	4.898517e-01	1.311046e-02
3.291895e-04	4.682839e-02	5.330125e-01	1.405940e-02
3.785680e-04	5.021785e-02	5.789435e-01	1.507703e-02
4.353531e-04	5.385265e-02	6.256647e-01	1.616831e-02
5.006561e-04	5.775053e-02	6.762475e-01	1.733858e-02
5.757545e-04	6.193055e-02	7.340938e-01	1.859356e-02
6.621177e-04	6.641311e-02	7.917509e-01	1.993937e-02
7.614354e-04	7.122013e-02	8.546268e-01	2.138259e-02
8.756507e-04	7.637508e-02	9.166731e-01	2.293027e-02
1.006998e-03	8.190315e-02	9.831870e-01	2.458998e-02
1.158048e-03	8.783134e-02	1.058785e+00	2.636981e-02
1.331755e-03	9.418862e-02	1.132473e+00	2.827847e-02
1.531519e-03	1.010060e-01	1.212294e+00	3.032528e-02
1.761246e-03	1.083169e-01	1.292154e+00	3.252025e-02
2.025433e-03	1.161569e-01	1.375902e+00	3.487408e-02
2.329248e-03	1.245645e-01	1.461763e+00	3.739828e-02
2.678635e-03	1.335805e-01	1.545955e+00	4.010519e-02
3.080431e-03	1.432491e-01	1.637559e+00	4.300802e-02
3.542495e-03	1.536176e-01	1.726515e+00	4.612097e-02
4.073870e-03	1.647365e-01	1.814977e+00	4.945923e-02
4.684950e-03	1.766602e-01	1.898088e+00	5.303911e-02
5.387693e-03	1.894470e-01	1.990123e+00	5.687811e-02
6.195847e-03	2.031592e-01	2.083580e+00	6.099498e-02
7.125224e-03	2.178640e-01	2.168956e+00	6.540983e-02
8.194007e-03	2.336331e-01	2.253423e+00	7.014423e-02
9.423108e-03	2.505436e-01	2.327388e+00	7.522130e-02
1.083657e-02	2.686781e-01	2.408597e+00	8.066586e-02
1.246206e-02	2.881251e-01	2.487985e+00	8.646921e-02
1.433137e-02	3.089798e-01	2.556484e+00	9.274949e-02
1.648108e-02	3.313439e-01	2.624269e+00	9.948316e-02
1.895324e-02	3.553268e-01	2.685542e+00	1.066829e-01
2.179622e-02	3.810455e-01	2.740500e+00	1.144046e-01
2.506566e-02	4.086258e-01	2.788667e+00	1.226852e-01
2.882550e-02	4.382023e-01	2.832137e+00	1.315650e-01
3.314933e-02	4.699196e-01	2.873512e+00	1.410876e-01
3.812173e-02	5.039327e-01	2.907919e+00	1.512993e-01
4.383999e-02	5.404076e-01	2.931537e+00	1.622503e-01
5.041599e-02	5.795226e-01	2.951849e+00	1.739939e-01
5.797838e-02	6.214687e-01	2.974005e+00	1.865875e-01
6.667514e-02	6.664510e-01	2.984301e+00	2.000926e-01
7.667641e-02	7.146890e-01	2.990488e+00	2.145752e-01
8.817787e-02	7.664186e-01	2.986140e+00	2.301061e-01
1.014046e-01	8.218924e-01	2.976763e+00	2.467612e-01
1.166152e-01	8.813814e-01	2.964919e+00	2.646217e-01
1.341075e-01	9.451763e-01	2.942586e+00	2.837749e-01
1.542237e-01	1.013589e+00	2.913717e+00	3.043145e-01
1.773572e-01	1.086953e+00	2.876685e+00	3.263409e-01
2.039608e-01	1.165627e+00	2.832427e+00	3.499615e-01
2.345549e-01	1.249996e+00	2.780812e+00	3.752916e-01
2.697381e-01	1.340471e+00	2.722024e+00	4.024552e-01
3.101989e-01	1.437495e+00	2.654982e+00	4.315849e-01
3.567287e-01	1.541542e+00	2.582422e+00	4.628232e-01
4.102380e-01	1.653119e+00	2.504655e+00	4.963224e-01
4.717737e-01	1.772773e+00	2.423764e+00	5.322462e-01
5.425397e-01	1.901087e+00	2.332130e+00	5.707702e-01
6.239207e-01	2.038689e+00	2.235590e+00	6.120828e-01
7.175088e-01	2.186250e+00	2.138894e+00	6.563856e-01
8.251351e-01	2.344492e+00	2.039437e+00	7.038953e-01
9.489054e-01	2.514188e+00	1.944579e+00	7.548418e-01
1.091241e+00	2.696166e+00	1.838212e+00	8.094798e-01
1.254927e+00	2.885791e+00	1.731274e+00	8.680738e-01
1.443166e+00	3.065084e+00	1.630064e+00	9.313110e-01
1.659641e+00	3.253259e+00	1.526515e+00	9.998285e-01
1.908588e+00	3.449958e+00	1.426251e+00	1.074090e+00
2.194876e+00	3.654493e+00	1.330402e+00	1.154666e+00
2.524107e+00	3.865744e+00	1.239893e+00	1.242202e+00
2.902723e+00	4.082023e+00	1.151093e+00	1.337449e+00
3.338132e+00	4.300926e+00	1.062054e+00	1.441292e+00
3.838852e+00	4.519175e+00	9.782587e-01	1.554784e+00
4.414679e+00	2.472591e+00	9.084122e-01	1.679204e+00
5.076881e+00	2.717644e+00	8.380330e-01	1.816116e+00
5.838413e+00	2.987880e+00	7.612963e-01	1.967462e+00
6.714175e+00	3.279501e+00	7.091500e-01	2.135682e+00
7.721302e+00	3.605205e+00	6.616472e-01	2.323868e+00
8.879497e+00	3.953058e+00	6.080335e-01	2.535971e+00
1.021142e+01	4.334225e+00	5.464107e-01	2.619661e+00
1.174313e+01	4.749083e+00	4.795586e-01	2.514196e+00
1.350460e+01	5.174422e+00	4.322226e-01	2.425088e+00
1.553030e+01	5.648681e+00	3.884996e-01	2.353434e+00
1.785984e+01	6.181679e+00	3.510811e-01	2.300372e+00
2.053882e+01	6.767186e+00	3.159160e-01	2.267116e+00
2.361964e+01	7.413424e+00	2.845152e-01	2.254969e+00
2.716258e+01	8.104156e+00	2.575499e-01	2.265257e+00
3.123697e+01	8.869107e+00	2.301150e-01	2.299517e+00
3.592252e+01	9.670722e+00	2.066423e-01	2.359276e+00
4.131089e+01	1.053578e+01	1.858937e-01	2.446183e+00
4.750753e+01	1.148625e+01	1.689096e-01	2.562078e+00
5.463366e+01	1.239008e+01	1.502826e-01	2.709116e+00
6.282871e+01	1.333719e+01	1.331048e-01	2.889938e+00
7.225301e+01	1.421715e+01	1.191245e-01	3.107880e+00
8.309096e+01	1.504981e+01	1.063110e-01	3.367189e+00
9.555461e+01	1.589763e+01	9.623508e-02	3.673270e+00
1.098878e+02	1.654861e+01	8.515646e-02	4.032981e+00
1.263710e+02	1.716143e+01	7.519832e-02	4.454907e+00
1.453266e+02	1.759355e+01	6.704287e-02	4.949728e+00
1.671256e+02	1.803263e+01	5.933920e-02	5.530722e+00
1.921945e+02	1.849650e+01	5.262382e-02	6.214128e+00
2.210236e+02	1.873039e+01	4.677548e-02	7.019979e+00
2.541772e+02	2.059551e+01	4.177074e-02	7.975510e+00
2.923037e+02	2.026008e+01	3.716730e-02	9.129532e+00
3.361493e+02	1.980964e+01	3.283898e-02	1.050763e+01
3.865717e+02	1.927261e+01	2.907684e-02	1.216537e+01
4.445574e+02	1.868710e+01	2.619783e-02	1.416314e+01
5.112411e+02	1.811858e+01	2.340020e-02	1.655312e+01
5.879272e+02	1.744639e+01	2.038743e-02	1.941476e+01
6.761163e+02	1.674861e+01	1.809866e-02	2.286869e+01
7.775337e+02	1.604379e+01	1.592511e-02	2.705749e+01
8.941638e+02	1.535454e+01	1.430498e-02	3.215917e+01
1.028288e+03	1.466511e+01	1.273769e-02	3.840309e+01
1.182532e+03	1.394722e+01	1.107682e-02	4.608807e+01
1.359911e+03	1.322001e+01	9.816885e-03	5.558406e+01
1.563898e+03	1.250779e+01	8.614071e-03	6.734523e+01
1.798483e+03	1.178898e+01	7.616188e-03	8.195594e+01
2.068255e+03	1.107274e+01	6.706491e-03	1.001837e+02
2.378493e+03	1.037347e+01	5.927851e-03	1.229970e+02
2.735268e+03	9.685040e+00	5.274558e-03	1.516303e+02
3.145558e+03	9.008200e+00	4.622662e-03	1.876821e+02
3.617391e+03	8.350840e+00	4.079533e-03	2.332060e+02
4.160000e+03	7.720187e+00	3.614006e-03	2.908373e+02
4.784000e+03	7.118710e+00	3.242934e-03	3.639557e+02
5.501600e+03	6.547963e+00	2.833019e-03	4.568980e+02
6.326840e+03	6.008435e+00	2.470250e-03	5.752127e+02
7.275866e+03	5.501980e+00	2.178252e-03	7.259895e+02
8.367246e+03	5.031556e+00	1.919123e-03	9.182629e+02
9.622333e+03	4.596757e+00	1.717561e-03	1.163509e+03
