# Energy_MeV	dEdx_Elec_MeV_um	dEdx_Nucl_MeV_um	Range_um
1.000000e-05	8.821781e-03	4.476562e-02	2.267116e-03
1.150000e-05	9.460307e-03	4.922243e-02	2.431211e-03
1.322500e-05	1.014505e-02	5.467475e-02	2.607183e-03
1.520875e-05	1.087935e-02	6.055229e-02	2.795892e-03
1.749006e-05	1.166681e-02	6.721358e-02	2.998261e-03
2.011357e-05	1.251126e-02	7.469540e-02	3.215276e-03
2.313061e-05	1.341683e-02	8.273464e-02	3.448000e-03
2.660020e-05	1.438794e-02	9.173862e-02	3.697568e-03
3.059023e-05	1.542935e-02	1.015268e-01	3.965200e-03
3.517876e-05	1.654614e-02	1.123537e-01	4.252203e-03
4.045558e-05	1.774375e-02	1.242054e-01	4.559980e-03
4.652391e-05	1.902806e-02	1.371108e-01	4.890033e-03
5.350250e-05	2.040532e-02	1.515666e-01	5.243977e-03
6.152788e-05	2.188226e-02	1.672348e-01	5.623538e-03
7.075706e-05	2.346611e-02	1.840427e-01	6.030573e-03
8.137062e-05	2.516460e-02	2.023430e-01	6.467069e-03
9.357621e-05	2.698603e-02	2.233171e-01	6.935159e-03
1.076126e-04	2.893929e-02	2.456706e-01	7.437130e-03
1.237545e-04	3.103394e-02	2.701192e-01	7.975433e-03
1.423177e-04	3.328019e-02	2.961070e-01	8.552699e-03
1.636654e-04	3.568903e-02	3.242124e-01	9.171748e-03
1.882152e-04	3.827222e-02	3.564193e-01	9.835604e-03
2.164475e-04	4.104238e-02	3.902468e-01	1.054751e-02
2.489146e-04	4.401305e-02	4.272061e-01	1.131094e-02
2.862518e-04	4.719874e-02	4.669112e-01	1.212964e-02
3.291895e-04	5.061501e-02	5.099613e-01	1.300759e-02
3.785680e-04	5.427855e-02	5.562177e-01	1.394908e-02
4.353531e-04	5.820726e-02	6.047170e-01	1.495872e-02
5.006561e-04	6.242033e-02	6.584422e-01	1.604144e-02
5.757545e-04	6.693835e-02	7.153799e-01	1.720253e-02
6.621177e-04	7.178338e-02	7.760442e-01	1.844766e-02
7.614354e-04	7.697910e-02	8.377827e-01	1.978291e-02
8.756507e-04	8.255089e-02	9.070068e-01	2.121481e-02
1.006998e-03	8.852596e-02	9.830658e-01	2.275035e-02
1.158048e-03	9.493352e-02	1.059605e+00	2.439703e-02
1.331755e-03	1.018049e-01	1.142266e+00	2.616290e-02
1.531519e-03	1.091735e-01	1.223836e+00	2.805659e-02
1.761246e-03	1.170756e-01	1.314890e+00	3.008734e-02
2.025433e-03	1.255496e-01	1.413628e+00	3.226507e-02
2.329248e-03	1.346369e-01	1.510847e+00	3.460044e-02
2.678635e-03	1.443820e-01	1.615849e+00	3.710484e-02
3.080431e-03	1.548325e-01	1.722018e+00	3.979050e-02
3.542495e-03	1.660393e-01	1.831953e+00	4.267056e-02
4.073870e-03	1.780573e-01	1.942982e+00	4.575908e-02
4.684950e-03	1.909452e-01	2.054509e+00	4.907115e-02
5.387693e-03	2.047659e-01	2.173980e+00	5.262294e-02
6.195847e-03	2.195870e-01	2.291313e+00	5.643182e-02
7.125224e-03	2.354808e-01	2.402405e+00	6.051638e-02
8.194007e-03	2.525250e-01	2.512682e+00	6.489659e-02
9.423108e-03	2.708029e-01	2.638423e+00	6.959384e-02
1.083657e-02	2.904038e-01	2.752723e+00	7.463108e-02
1.246206e-02	3.114234e-01	2.866557e+00	8.003292e-02
1.433137e-02	3.339644e-01	2.968823e+00	8.582574e-02
1.648108e-02	3.581369e-01	3.066108e+00	9.200114e-02
1.895324e-02	3.840590e-01	3.176879e+00	9.869861e-02
2.179622e-02	4.118574e-01	3.270486e+00	1.058455e-01
2.506566e-02	4.416679e-01	3.361728e+00	1.135074e-01
2.882550e-02	4.736360e-01	3.444261e+00	1.217226e-01
3.314933e-02	5.079181e-01	3.521534e+00	1.305328e-01
3.812173e-02	5.446814e-01	3.591368e+00	1.399806e-01
4.383999e-02	5.841058e-01	3.648879e+00	1.501123e-01
5.041599e-02	6.263837e-01	3.707204e+00	1.609774e-01
5.797838e-02	6.717216e-01	3.755252e+00	1.726288e-01
6.667514e-02	7.203412e-01	3.795769e+00	1.851235e-01
7.667641e-02	7.724799e-01	3.823082e+00	1.985227e-01
8.817787e-02	8.283924e-01	3.850708e+00	2.128917e-01
1.014046e-01	8.883519e-01	3.875410e+00	2.283008e-01
1.166152e-01	9.526512e-01	3.885121e+00	2.448251e-01
1.341075e-01	1.021605e+00	3.889277e+00	2.625454e-01
1.542237e-01	1.095549e+00	3.880100e+00	2.815484e-01
1.773572e-01	1.174845e+00	3.867052e+00	3.019269e-01
2.039608e-01	1.259881e+00	3.847512e+00	3.237804e-01
2.345549e-01	1.351072e+00	3.814321e+00	3.472155e-01
2.697381e-01	1.448863e+00	3.773221e+00	3.723469e-01
3.101989e-01	1.553733e+00	3.721378e+00	3.992975e-01
3.567287e-01	1.666193e+00	3.660218e+00	4.281987e-01
4.102380e-01	1.786793e+00	3.589547e+00	4.591918e-01
4.717737e-01	1.916122e+00	3.509116e+00	4.924280e-01
5.425397e-01	2.054812e+00	3.418871e+00	5.280700e-01
6.239207e-01	2.203540e+00	3.320687e+00	5.662919e-01
7.175088e-01	2.363034e+00	3.219011e+00	6.072803e-01
8.251351e-01	2.534071e+00	3.109590e+00	6.512354e-01
9.489054e-01	2.717489e+00	2.984140e+00	6.983717e-01
1.091241e+00	2.914182e+00	2.861479e+00	7.489200e-01
1.254927e+00	3.125112e+00	2.730467e+00	8.031295e-01
1.443166e+00	3.351309e+00	2.606309e+00	8.612468e-01
1.659641e+00	1.789260e+00	2.479164e+00	9.236799e-01
1.908588e+00	1.918847e+00	2.333770e+00	9.912288e-01
2.194876e+00	2.057814e+00	2.202918e+00	1.064410e+00
2.524107e+00	2.206839e+00	2.066322e+00	1.143767e+00
2.902723e+00	2.366650e+00	1.936964e+00	1.229906e+00
3.338132e+00	2.538029e+00	1.807835e+00	1.323538e+00
3.838852e+00	2.722188e+00	1.682655e+00	1.425489e+00
4.414679e+00	2.932171e+00	1.570028e+00	1.536738e+00
5.076881e+00	3.181345e+00	1.449785e+00	1.658458e+00
5.838413e+00	3.478797e+00	1.340633e+00	1.792075e+00
6.714175e+00	3.800261e+00	1.236602e+00	1.939347e+00
7.721302e+00	4.159651e+00	1.148325e+00	2.102467e+00
8.879497e+00	4.544476e+00	1.052233e+00	2.284198e+00
1.021142e+01	4.969493e+00	9.606067e-01	2.488051e+00
1.174313e+01	5.438683e+00	8.997772e-01	2.718526e+00
1.350460e+01	5.932222e+00	8.354129e-01	2.981422e+00
1.553030e+01	6.472161e+00	7.619239e-01	3.284244e+00
1.785984e+01	7.011738e+00	6.774116e-01	3.349203e+00
2.053882e+01	7.617393e+00	5.969265e-01	3.157384e+00
2.361964e+01	8.300845e+00	5.408969e-01	3.006202e+00
2.716258e+01	8.993431e+00	4.860988e-01	2.893173e+00
3.123697e+01	9.759606e+00	4.383223e-01	2.816452e+00
3.592252e+01	1.057972e+01	3.946570e-01	2.774719e+00
4.131089e+01	1.147112e+01	3.560287e-01	2.767095e+00
4.750753e+01	1.246017e+01	3.215820e-01	2.793030e+00
5.463366e+01	1.352125e+01	2.871067e-01	2.852450e+00
6.282871e+01	1.469332e+01	2.572632e-01	2.945667e+00
7.225301e+01	1.593525e+01	2.331659e-01	3.073526e+00
8.309096e+01	1.719489e+01	2.108498e-01	3.237553e+00
9.555461e+01	1.854689e+01	1.854687e-01	3.440122e+00
1.098878e+02	1.977644e+01	1.661702e-01	3.684631e+00
1.263710e+02	2.104136e+01	1.475761e-01	3.975694e+00
1.453266e+02	2.222275e+01	1.331853e-01	4.319349e+00
1.671256e+02	2.318072e+01	1.199028e-01	4.723260e+00
1.921945e+02	2.410762e+01	1.049396e-01	5.197096e+00
2.210236e+02	2.505093e+01	9.376761e-02	5.752773e+00
2.541772e+02	2.593542e+01	8.289687e-02	6.405374e+00
2.923037e+02	2.666415e+01	7.386668e-02	7.171211e+00
3.361493e+02	2.665459e+01	6.547842e-02	8.083518e+00
3.865717e+02	2.644681e+01	5.809735e-02	9.178435e+00
4.445574e+02	2.609799e+01	5.209753e-02	1.047593e+01
5.112411e+02	2.557156e+01	4.590420e-02	1.203218e+01
5.879272e+02	2.506655e+01	4.083594e-02	1.388944e+01
6.761163e+02	2.443513e+01	3.628162e-02	1.608842e+01
7.775337e+02	2.368459e+01	3.274935e-02	1.870966e+01
8.941638e+02	2.290320e+01	2.893872e-02	2.185279e+01
1.028288e+03	2.210994e+01	2.525637e-02	2.563941e+01
1.182532e+03	2.134710e+01	2.247141e-02	3.021987e+01
1.359911e+03	2.053825e+01	1.983417e-02	3.579087e+01
1.563898e+03	1.968701e+01	1.786248e-02	4.260164e+01
1.798483e+03	1.882400e+01	1.573109e-02	5.095403e+01
2.068255e+03	1.795012e+01	1.371358e-02	6.121918e+01
2.378493e+03	1.705665e+01	1.217465e-02	7.388440e+01
2.735268e+03	1.615718e+01	1.067928e-02	8.957324e+01
3.145558e+03	1.526311e+01	9.420853e-03	1.090688e+02
3.617391e+03	1.436817e+01	8.315415e-03	1.333706e+02
4.160000e+03	1.347672e+01	7.367637e-03	1.637673e+02
4.784000e+03	1.259962e+01	6.536257e-03	2.019053e+02
5.501600e+03	1.174395e+01	5.725503e-03	2.498884e+02
6.326840e+03	1.091574e+01	5.040308e-03	3.104105e+02
7.275866e+03	1.012035e+01	4.514527e-03	3.869165e+02
8.367246e+03	9.360806e+00	4.023218e-03	4.838055e+02
9.622333e+03	8.639560e+00	3.471154e-03	6.066901e+02
