# Energy_MeV	dEdx_Elec_MeV_um	dEdx_Nucl_MeV_um	Range_um
1.000000e-05	8.884379e-03	4.489271e-02	2.251142e-03
1.150000e-05	9.527435e-03	4.839841e-02	2.414081e-03
1.322500e-05	1.021704e-02	5.372817e-02	2.588814e-03
1.520875e-05	1.095655e-02	5.958730e-02	2.776193e-03
1.749006e-05	1.174959e-02	6.603468e-02	2.977136e-03
2.011357e-05	1.260003e-02	7.343093e-02	3.192622e-03
2.313061e-05	1.351203e-02	8.140343e-02	3.423706e-03
2.660020e-05	1.449004e-02	9.024594e-02	3.671516e-03
3.059023e-05	1.553883e-02	9.992840e-02	3.937262e-03
3.517876e-05	1.666354e-02	1.106143e-01	4.222243e-03
4.045558e-05	1.786966e-02	1.223863e-01	4.527851e-03
4.652391e-05	1.916307e-02	1.350938e-01	4.855579e-03
5.350250e-05	2.055011e-02	1.493350e-01	5.207029e-03
6.152788e-05	2.203754e-02	1.648301e-01	5.583916e-03
7.075706e-05	2.363262e-02	1.817610e-01	5.988083e-03
8.137062e-05	2.534317e-02	1.996936e-01	6.421504e-03
9.357621e-05	2.717752e-02	2.199816e-01	6.886296e-03
1.076126e-04	2.914464e-02	2.426386e-01	7.384729e-03
1.237545e-04	3.125414e-02	2.665563e-01	7.919240e-03
1.423177e-04	3.351634e-02	2.929960e-01	8.492439e-03
1.636654e-04	3.594227e-02	3.205821e-01	9.107126e-03
1.882152e-04	3.854379e-02	3.517414e-01	9.766305e-03
2.164475e-04	4.133361e-02	3.862971e-01	1.047319e-02
2.489146e-04	4.432535e-02	4.224423e-01	1.123125e-02
2.862518e-04	4.753365e-02	4.624897e-01	1.204417e-02
3.291895e-04	5.097416e-02	5.051215e-01	1.291594e-02
3.785680e-04	5.466369e-02	5.512335e-01	1.385080e-02
4.353531e-04	5.862028e-02	6.004187e-01	1.485333e-02
5.006561e-04	6.286325e-02	6.527516e-01	1.592842e-02
5.757545e-04	6.741332e-02	7.106012e-01	1.708133e-02
6.621177e-04	7.229274e-02	7.715891e-01	1.831768e-02
7.614354e-04	7.752532e-02	8.345861e-01	1.964353e-02
8.756507e-04	8.313665e-02	9.016529e-01	2.106534e-02
1.006998e-03	8.915412e-02	9.784578e-01	2.259006e-02
1.158048e-03	9.560714e-02	1.056280e+00	2.422514e-02
1.331755e-03	1.025272e-01	1.139610e+00	2.597856e-02
1.531519e-03	1.099482e-01	1.223699e+00	2.785891e-02
1.761246e-03	1.179063e-01	1.311880e+00	2.987535e-02
2.025433e-03	1.264404e-01	1.412869e+00	3.203774e-02
2.329248e-03	1.355923e-01	1.512077e+00	3.435665e-02
2.678635e-03	1.454065e-01	1.617861e+00	3.684340e-02
3.080431e-03	1.559311e-01	1.725721e+00	3.951015e-02
3.542495e-03	1.672175e-01	1.838306e+00	4.236991e-02
4.073870e-03	1.793208e-01	1.953716e+00	4.543667e-02
4.684950e-03	1.923001e-01	2.066163e+00	4.872540e-02
5.387693e-03	2.062189e-01	2.188253e+00	5.225217e-02
6.195847e-03	2.211451e-01	2.308311e+00	5.603421e-02
7.125224e-03	2.371517e-01	2.428753e+00	6.009000e-02
8.194007e-03	2.543169e-01	2.539403e+00	6.443934e-02
9.423108e-03	2.727245e-01	2.661251e+00	6.910350e-02
1.083657e-02	2.924644e-01	2.789205e+00	7.410525e-02
1.246206e-02	3.136332e-01	2.903028e+00	7.946902e-02
1.433137e-02	3.363341e-01	3.018891e+00	8.522103e-02
1.648108e-02	3.606781e-01	3.117612e+00	9.134249e-02
1.895324e-02	3.867842e-01	3.225071e+00	9.799101e-02
2.179622e-02	4.147799e-01	3.334587e+00	1.051005e-01
2.506566e-02	4.448018e-01	3.426061e+00	1.127075e-01
2.882550e-02	4.769968e-01	3.518686e+00	1.208650e-01
3.314933e-02	5.115221e-01	3.600387e+00	1.296132e-01
3.812173e-02	5.485464e-01	3.675674e+00	1.389944e-01
4.383999e-02	5.882504e-01	3.741952e+00	1.490547e-01
5.041599e-02	6.308283e-01	3.799674e+00	1.598431e-01
5.797838e-02	6.764880e-01	3.856832e+00	1.714125e-01
6.667514e-02	7.254526e-01	3.902825e+00	1.838193e-01
7.667641e-02	7.779612e-01	3.936698e+00	1.971240e-01
8.817787e-02	8.342705e-01	3.963635e+00	2.113917e-01
1.014046e-01	8.946554e-01	3.994050e+00	2.266922e-01
1.166152e-01	9.594110e-01	4.009312e+00	2.431002e-01
1.341075e-01	1.028854e+00	4.017600e+00	2.606957e-01
1.542237e-01	1.103323e+00	4.013650e+00	2.795647e-01
1.773572e-01	1.183182e+00	4.001216e+00	2.997996e-01
2.039608e-01	1.268821e+00	3.986518e+00	3.214991e-01
2.345549e-01	1.360659e+00	3.957467e+00	3.447692e-01
2.697381e-01	1.459144e+00	3.919366e+00	3.697236e-01
3.101989e-01	1.564758e+00	3.870723e+00	3.964841e-01
3.567287e-01	1.678016e+00	3.812183e+00	4.251817e-01
4.102380e-01	1.799472e+00	3.743669e+00	4.559565e-01
4.717737e-01	1.929718e+00	3.665723e+00	4.889587e-01
5.425397e-01	2.069392e+00	3.576412e+00	5.243495e-01
6.239207e-01	2.219176e+00	3.479867e+00	5.623019e-01
7.175088e-01	2.379801e+00	3.375288e+00	6.030015e-01
8.251351e-01	2.552052e+00	3.267828e+00	6.466470e-01
9.489054e-01	2.736771e+00	3.146440e+00	6.934514e-01
1.091241e+00	2.934860e+00	3.015775e+00	7.436438e-01
1.254927e+00	3.147287e+00	2.887184e+00	7.974682e-01
1.443166e+00	3.375089e+00	2.751940e+00	8.551863e-01
1.659641e+00	3.607416e+00	2.625636e+00	9.171161e-01
1.908588e+00	3.831184e+00	2.484810e+00	9.840259e-01
2.194876e+00	4.065911e+00	2.338389e+00	1.056521e+00
2.524107e+00	4.311098e+00	2.203946e+00	1.135109e+00
2.902723e+00	4.565824e+00	2.063444e+00	1.220393e+00
3.338132e+00	4.828605e+00	1.930000e+00	1.313064e+00
3.838852e+00	5.097229e+00	1.799932e+00	1.413925e+00
4.414679e+00	5.368571e+00	1.676473e+00	1.523924e+00
5.076881e+00	5.638393e+00	1.558772e+00	1.644196e+00
5.838413e+00	3.039481e+00	1.437310e+00	1.776116e+00
6.714175e+00	3.334575e+00	1.325294e+00	1.921372e+00
7.721302e+00	3.663494e+00	1.228967e+00	2.082064e+00
8.879497e+00	4.016019e+00	1.135706e+00	2.260833e+00
1.021142e+01	4.410374e+00	1.029342e+00	2.461031e+00
1.174313e+01	4.838753e+00	9.583186e-01	2.686944e+00
1.350460e+01	5.301329e+00	8.955268e-01	2.944089e+00
1.553030e+01	5.812909e+00	8.245044e-01	3.239596e+00
1.785984e+01	6.310747e+00	7.428286e-01	3.582719e+00
2.053882e+01	6.871370e+00	6.495870e-01	3.371925e+00
2.361964e+01	7.497020e+00	5.859343e-01	3.187574e+00
2.716258e+01	8.149159e+00	5.268173e-01	3.046571e+00
3.123697e+01	8.861984e+00	4.763517e-01	2.946001e+00
3.592252e+01	9.605855e+00	4.284602e-01	2.883688e+00
4.131089e+01	1.043329e+01	3.853706e-01	2.858053e+00
4.750753e+01	1.133492e+01	3.494427e-01	2.868019e+00
5.463366e+01	1.232257e+01	3.119060e-01	2.912893e+00
6.282871e+01	1.342870e+01	2.805521e-01	2.992642e+00
7.225301e+01	1.457908e+01	2.518663e-01	3.107676e+00
8.309096e+01	1.580304e+01	2.291571e-01	3.259116e+00
9.555461e+01	1.707194e+01	2.045227e-01	3.448924e+00
1.098878e+02	1.828399e+01	1.804667e-01	3.680073e+00
1.263710e+02	1.955128e+01	1.618878e-01	3.956718e+00
1.453266e+02	2.064560e+01	1.440999e-01	4.284390e+00
1.671256e+02	2.163592e+01	1.306086e-01	4.670208e+00
1.921945e+02	2.247717e+01	1.159632e-01	5.123149e+00
2.210236e+02	2.333500e+01	1.019814e-01	5.654435e+00
2.541772e+02	2.420939e+01	9.114845e-02	6.277902e+00
2.923037e+02	2.481852e+01	8.054506e-02	7.009731e+00
3.361493e+02	2.751047e+01	7.155385e-02	7.876259e+00
3.865717e+02	2.738372e+01	6.357238e-02	8.918088e+00
4.445574e+02	2.707902e+01	5.666104e-02	1.015195e+01
5.112411e+02	2.661934e+01	5.055839e-02	1.162863e+01
5.879272e+02	2.610476e+01	4.457427e-02	1.339258e+01
6.761163e+02	2.552472e+01	3.947730e-02	1.548149e+01
7.775337e+02	2.478445e+01	3.552999e-02	1.796314e+01
8.941638e+02	2.400152e+01	3.182567e-02	2.093291e+01
1.028288e+03	2.319644e+01	2.765156e-02	2.450354e+01
1.182532e+03	2.242061e+01	2.458177e-02	2.881398e+01
1.359911e+03	2.161876e+01	2.160432e-02	3.404407e+01
1.563898e+03	2.076224e+01	1.940430e-02	4.042496e+01
1.798483e+03	1.988016e+01	1.733068e-02	4.823762e+01
2.068255e+03	1.899549e+01	1.502659e-02	5.782386e+01
2.378493e+03	1.808462e+01	1.333666e-02	6.962621e+01
2.735268e+03	1.715932e+01	1.168907e-02	8.421910e+01
3.145558e+03	1.624139e+01	1.035511e-02	1.023213e+02
3.617391e+03	1.531921e+01	9.112665e-03	1.248453e+02
4.160000e+03	1.439972e+01	8.039393e-03	1.529686e+02
4.784000e+03	1.348939e+01	7.168622e-03	1.881951e+02
5.501600e+03	1.259594e+01	6.274082e-03	2.324466e+02
6.326840e+03	1.172793e+01	5.548021e-03	2.881801e+02
7.275866e+03	1.089235e+01	4.902226e-03	3.585393e+02
8.367246e+03	1.009179e+01	4.405649e-03	4.475374e+02
9.622333e+03	9.328723e+00	3.863686e-03	5.602958e+02
