# Energy_MeV	dEdx_Elec_MeV_um	dEdx_Nucl_MeV_um	Range_um
1.000000e-05	3.134163e-03	6.087207e-02	3.737745e-03
1.150000e-05	3.402194e-03	6.619483e-02	4.008285e-03
1.322500e-05	3.689149e-03	7.215898e-02	4.298406e-03
1.520875e-05	3.996444e-03	7.832428e-02	4.609527e-03
1.749006e-05	4.325593e-03	8.501868e-02	4.943167e-03
2.011357e-05	4.678213e-03	9.191951e-02	5.300956e-03
2.313061e-05	5.056036e-03	9.961522e-02	5.684643e-03
2.660020e-05	5.460914e-03	1.077402e-01	6.096100e-03
3.059023e-05	5.894832e-03	1.163316e-01	6.537339e-03
3.517876e-05	6.359913e-03	1.254178e-01	7.010515e-03
4.045558e-05	6.858434e-03	1.345811e-01	7.517940e-03
4.652391e-05	7.392833e-03	1.447768e-01	8.062092e-03
5.350250e-05	7.965726e-03	1.553038e-01	8.645631e-03
6.152788e-05	8.579912e-03	1.663381e-01	9.271406e-03
7.075706e-05	9.238394e-03	1.779510e-01	9.942475e-03
8.137062e-05	9.944391e-03	1.898360e-01	1.066212e-02
9.357621e-05	1.070135e-02	2.020050e-01	1.143385e-02
1.076126e-04	1.151298e-02	2.143892e-01	1.226143e-02
1.237545e-04	1.238324e-02	2.271505e-01	1.314892e-02
1.423177e-04	1.331638e-02	2.402344e-01	1.410065e-02
1.636654e-04	1.431697e-02	2.535510e-01	1.512126e-02
1.882152e-04	1.538989e-02	2.659338e-01	1.621575e-02
2.164475e-04	1.654038e-02	2.789488e-01	1.738945e-02
2.489146e-04	1.777407e-02	2.928481e-01	1.864811e-02
2.862518e-04	1.909698e-02	3.051560e-01	1.999787e-02
3.291895e-04	2.051557e-02	3.187618e-01	2.144533e-02
3.785680e-04	2.203679e-02	3.300098e-01	2.299755e-02
4.353531e-04	2.366805e-02	3.418742e-01	2.466212e-02
5.006561e-04	2.541733e-02	3.542400e-01	2.644718e-02
5.757545e-04	2.729317e-02	3.644003e-01	2.836144e-02
6.621177e-04	2.930474e-02	3.755950e-01	3.041426e-02
7.614354e-04	3.146187e-02	3.847982e-01	3.261566e-02
8.756507e-04	3.377509e-02	3.939639e-01	3.497640e-02
1.006998e-03	3.625571e-02	4.021986e-01	3.750801e-02
1.158048e-03	3.891584e-02	4.090537e-01	4.022286e-02
1.331755e-03	4.176848e-02	4.161128e-01	4.313421e-02
1.531519e-03	4.482757e-02	4.214893e-01	4.625629e-02
1.761246e-03	4.810805e-02	4.264864e-01	4.960434e-02
2.025433e-03	5.162594e-02	4.301619e-01	5.319473e-02
2.329248e-03	5.539844e-02	4.337049e-01	5.704235e-02
2.678635e-03	5.944397e-02	4.362541e-01	6.117601e-02
3.080431e-03	6.378229e-02	4.379794e-01	6.560275e-02
3.542495e-03	6.843461e-02	4.387971e-01	7.035173e-02
4.073870e-03	7.342365e-02	4.382487e-01	7.544354e-02
4.684950e-03	7.877378e-02	4.372370e-01	8.090408e-02
5.387693e-03	8.451114e-02	4.350758e-01	8.675987e-02
6.195847e-03	9.066376e-02	4.319199e-01	9.303949e-02
7.125224e-03	9.726169e-02	4.277238e-01	9.977362e-02
8.194007e-03	1.043372e-01	4.223043e-01	1.069951e-01
9.423108e-03	1.119248e-01	4.158406e-01	1.147394e-01
1.083657e-02	1.200616e-01	4.083071e-01	1.230442e-01
1.246206e-02	1.287873e-01	3.996307e-01	1.319501e-01
1.433137e-02	1.381446e-01	3.899604e-01	1.415006e-01
1.648108e-02	1.481791e-01	3.791893e-01	1.517423e-01
1.895324e-02	1.589400e-01	3.681528e-01	1.627254e-01
2.179622e-02	1.704797e-01	3.558579e-01	1.745035e-01
2.506566e-02	1.828547e-01	3.421937e-01	1.871341e-01
2.882550e-02	1.961253e-01	3.289546e-01	2.006788e-01
3.314933e-02	2.103565e-01	3.139951e-01	2.152039e-01
3.812173e-02	2.256178e-01	3.004711e-01	2.307804e-01
4.383999e-02	2.419836e-01	2.856178e-01	2.474843e-01
5.041599e-02	2.595341e-01	2.697174e-01	2.653972e-01
5.797838e-02	2.783548e-01	2.553897e-01	2.846066e-01
6.667514e-02	2.985378e-01	2.393615e-01	3.052065e-01
7.667641e-02	3.201816e-01	2.251023e-01	3.272974e-01
8.817787e-02	3.433920e-01	2.102891e-01	3.509873e-01
1.014046e-01	3.682825e-01	1.960100e-01	3.763918e-01
1.166152e-01	3.949744e-01	1.829616e-01	4.036351e-01
1.341075e-01	4.235984e-01	1.690413e-01	4.328503e-01
1.542237e-01	4.542942e-01	1.569481e-01	4.641797e-01
1.773572e-01	4.872117e-01	1.449436e-01	4.977803e-01
2.039608e-01	5.225119e-01	1.342083e-01	5.337977e-01
2.345549e-01	5.603707e-01	1.229746e-01	5.725442e-01
2.697381e-01	6.009707e-01	1.135092e-01	6.145024e-01
3.101989e-01	6.445093e-01	1.052230e-01	6.599596e-01
3.567287e-01	6.911980e-01	9.719047e-02	7.073357e-01
4.102380e-01	7.412462e-01	8.918879e-02	7.273303e-01
4.717737e-01	7.949215e-01	8.000962e-02	7.533006e-01
5.425397e-01	8.513388e-01	7.171115e-02	7.799168e-01
6.239207e-01	9.114565e-01	6.419016e-02	8.057756e-01
7.175088e-01	9.855452e-01	5.766431e-02	8.309040e-01
8.251351e-01	1.073826e+00	5.193470e-02	8.554019e-01
9.489054e-01	1.168251e+00	4.685579e-02	8.794580e-01
1.091241e+00	1.273079e+00	4.229224e-02	9.033656e-01
1.254927e+00	1.385996e+00	3.800691e-02	9.275423e-01
1.443166e+00	1.505725e+00	3.417146e-02	9.525508e-01
1.659641e+00	1.637735e+00	3.054055e-02	9.791071e-01
1.908588e+00	1.770157e+00	2.771638e-02	1.008143e+00
2.194876e+00	1.909923e+00	2.489202e-02	1.040799e+00
2.524107e+00	2.050399e+00	2.207176e-02	1.078475e+00
2.902723e+00	2.194196e+00	1.990477e-02	1.122867e+00
3.338132e+00	2.348676e+00	1.754401e-02	1.175999e+00
3.838852e+00	2.484191e+00	1.590190e-02	1.240271e+00
4.414679e+00	2.615900e+00	1.419596e-02	1.318476e+00
5.076881e+00	2.736762e+00	1.253296e-02	1.413840e+00
5.838413e+00	2.821360e+00	1.125388e-02	1.530056e+00
6.714175e+00	2.896683e+00	9.881024e-03	1.671349e+00
7.721302e+00	2.937428e+00	8.842589e-03	1.842578e+00
8.879497e+00	2.964719e+00	7.833849e-03	2.049412e+00
1.021142e+01	2.976518e+00	6.949558e-03	2.298587e+00
1.174313e+01	2.964163e+00	6.213623e-03	2.598259e+00
1.350460e+01	2.942238e+00	5.478407e-03	2.958471e+00
1.553030e+01	2.903676e+00	4.894341e-03	3.391756e+00
1.785984e+01	2.854171e+00	4.349040e-03	3.913893e+00
2.053882e+01	2.793161e+00	3.893043e-03	4.544862e+00
2.361964e+01	2.720125e+00	3.435384e-03	5.310063e+00
2.716258e+01	2.637049e+00	3.051438e-03	6.241891e+00
3.123697e+01	2.544681e+00	2.687172e-03	7.381543e+00
3.592252e+01	2.443936e+00	2.381290e-03	8.782597e+00
4.131089e+01	2.331478e+00	2.127828e-03	1.050997e+01
4.750753e+01	2.431248e+00	1.870900e-03	1.267346e+01
5.463366e+01	2.258627e+00	1.658977e-03	1.539062e+01
6.282871e+01	2.084434e+00	1.456644e-03	1.879539e+01
7.225301e+01	1.914278e+00	1.283527e-03	2.309825e+01
8.309096e+01	1.767789e+00	1.128355e-03	2.851830e+01
9.555461e+01	1.625570e+00	9.984966e-04	3.531917e+01
1.098878e+02	1.488265e+00	8.849927e-04	4.390326e+01
1.263710e+02	1.358630e+00	7.794381e-04	5.477585e+01
1.453266e+02	1.237327e+00	6.891753e-04	6.858719e+01
1.671256e+02	1.124144e+00	6.038230e-04	8.617534e+01
1.921945e+02	1.017498e+00	5.412570e-04	1.086486e+02
2.210236e+02	9.188519e-01	4.783495e-04	1.374374e+02
2.541772e+02	8.292031e-01	4.173361e-04	1.743465e+02
2.923037e+02	7.470260e-01	3.709021e-04	2.216734e+02
3.361493e+02	6.718263e-01	3.214777e-04	2.824430e+02
3.865717e+02	6.035424e-01	2.881208e-04	3.605395e+02
4.445574e+02	5.418271e-01	2.535817e-04	4.609212e+02
5.112411e+02	4.859907e-01	2.207690e-04	5.899736e+02
5.879272e+02	4.356103e-01	1.955781e-04	7.559263e+02
6.761163e+02	3.903633e-01	1.691956e-04	9.693291e+02
7.775337e+02	3.497948e-01	1.493927e-04	1.243676e+03
8.941638e+02	3.134370e-01	1.305856e-04	1.596236e+03
1.028288e+03	2.809598e-01	1.143335e-04	2.049041e+03
1.182532e+03	2.520347e-01	1.008740e-04	2.630151e+03
1.359911e+03	2.262843e-01	8.775900e-05	3.375222e+03
1.563898e+03	2.033802e-01	7.736824e-05	4.329438e+03
1.798483e+03	1.830642e-01	0.000000e+00	5.549867e+03
2.068255e+03	1.650589e-01	0.000000e+00	7.108307e+03
2.378493e+03	1.491019e-01	0.000000e+00	9.094674e+03
2.735268e+03	1.349888e-01	0.000000e+00	1.162107e+04
3.145558e+03	1.225383e-01	0.000000e+00	1.482651e+04
3.617391e+03	1.115590e-01	0.000000e+00	1.888230e+04
4.160000e+03	1.018906e-01	0.000000e+00	2.399809e+04
4.784000e+03	9.340525e-02	0.000000e+00	3.042854e+04
5.501600e+03	8.597309e-02	0.000000e+00	3.848050e+04
6.326840e+03	7.947318e-02	0.000000e+00	4.852040e+04
7.275866e+03	7.381407e-02	0.000000e+00	6.098175e+04
8.367246e+03	6.891256e-02	0.000000e+00	7.637233e+04
9.622333e+03	6.468298e-02	0.000000e+00	9.528087e+04
