# Energy_MeV	dEdx_Elec_MeV_um	dEdx_Nucl_MeV_um	Range_um
1.000000e-05	8.862148e-03	4.758563e-02	2.256789e-03
1.150000e-05	9.503595e-03	5.275367e-02	2.420137e-03
1.322500e-05	1.019147e-02	5.847046e-02	2.595308e-03
1.520875e-05	1.092913e-02	6.502930e-02	2.783157e-03
1.749006e-05	1.172019e-02	7.207099e-02	2.984604e-03
2.011357e-05	1.256850e-02	7.991094e-02	3.200631e-03
2.313061e-05	1.347822e-02	8.846841e-02	3.432294e-03
2.660020e-05	1.445378e-02	9.792231e-02	3.680726e-03
3.059023e-05	1.549995e-02	1.083603e-01	3.947139e-03
3.517876e-05	1.662185e-02	1.195947e-01	4.232835e-03
4.045558e-05	1.782494e-02	1.322218e-01	4.539209e-03
4.652391e-05	1.911512e-02	1.459156e-01	4.867760e-03
5.350250e-05	2.049869e-02	1.608603e-01	5.220091e-03
6.152788e-05	2.198239e-02	1.767601e-01	5.597924e-03
7.075706e-05	2.357349e-02	1.947512e-01	6.003104e-03
8.137062e-05	2.527975e-02	2.147402e-01	6.437612e-03
9.357621e-05	2.710951e-02	2.359448e-01	6.903570e-03
1.076126e-04	2.907171e-02	2.592680e-01	7.403254e-03
1.237545e-04	3.117594e-02	2.837241e-01	7.939106e-03
1.423177e-04	3.343247e-02	3.113576e-01	8.513742e-03
1.636654e-04	3.585233e-02	3.418261e-01	9.129971e-03
1.882152e-04	3.844734e-02	3.738718e-01	9.790804e-03
2.164475e-04	4.123018e-02	4.092356e-01	1.049947e-02
2.489146e-04	4.421444e-02	4.470310e-01	1.125942e-02
2.862518e-04	4.741471e-02	4.877725e-01	1.207439e-02
3.291895e-04	5.084661e-02	5.311913e-01	1.294834e-02
3.785680e-04	5.452691e-02	5.776016e-01	1.388555e-02
4.353531e-04	5.847360e-02	6.286500e-01	1.489059e-02
5.006561e-04	6.270595e-02	6.827202e-01	1.596838e-02
5.757545e-04	6.724464e-02	7.382062e-01	1.712418e-02
6.621177e-04	7.211184e-02	7.976820e-01	1.836363e-02
7.614354e-04	7.733133e-02	8.658040e-01	1.969280e-02
8.756507e-04	8.292862e-02	9.342870e-01	2.111818e-02
1.006998e-03	8.893103e-02	1.008178e+00	2.264672e-02
1.158048e-03	9.536791e-02	1.082085e+00	2.428591e-02
1.331755e-03	1.022707e-01	1.160308e+00	2.604373e-02
1.531519e-03	1.096731e-01	1.249879e+00	2.792879e-02
1.761246e-03	1.176113e-01	1.337059e+00	2.995029e-02
2.025433e-03	1.261241e-01	1.430883e+00	3.211811e-02
2.329248e-03	1.352530e-01	1.525847e+00	3.444284e-02
2.678635e-03	1.450427e-01	1.625074e+00	3.693583e-02
3.080431e-03	1.555409e-01	1.727170e+00	3.960926e-02
3.542495e-03	1.667991e-01	1.826405e+00	4.247620e-02
4.073870e-03	1.788721e-01	1.934693e+00	4.555065e-02
4.684950e-03	1.918189e-01	2.040195e+00	4.884763e-02
5.387693e-03	2.057029e-01	2.145794e+00	5.238325e-02
6.195847e-03	2.205918e-01	2.243909e+00	5.617478e-02
7.125224e-03	2.365583e-01	2.352025e+00	6.024074e-02
8.194007e-03	2.536805e-01	2.463910e+00	6.460099e-02
9.423108e-03	2.720421e-01	2.564834e+00	6.927685e-02
1.083657e-02	2.917326e-01	2.666121e+00	7.429114e-02
1.246206e-02	3.128484e-01	2.753647e+00	7.966837e-02
1.433137e-02	3.354925e-01	2.849032e+00	8.539640e-02
1.648108e-02	3.597756e-01	2.944489e+00	9.161499e-02
1.895324e-02	3.858164e-01	3.025607e+00	9.825204e-02
2.179622e-02	4.137420e-01	3.106721e+00	1.053640e-01
2.506566e-02	4.436888e-01	3.179161e+00	1.129899e-01
2.882550e-02	4.758033e-01	3.245097e+00	1.211680e-01
3.314933e-02	5.102422e-01	3.303045e+00	1.299380e-01
3.812173e-02	5.471738e-01	3.354301e+00	1.393428e-01
4.383999e-02	5.867785e-01	3.404121e+00	1.494284e-01
5.041599e-02	6.292498e-01	3.444906e+00	1.602440e-01
5.797838e-02	6.747953e-01	3.474091e+00	1.718423e-01
6.667514e-02	7.236373e-01	3.498030e+00	1.842801e-01
7.667641e-02	7.760146e-01	3.525046e+00	1.976183e-01
8.817787e-02	8.321829e-01	3.537689e+00	2.119219e-01
1.014046e-01	8.924167e-01	3.545090e+00	2.272607e-01
1.166152e-01	9.570103e-01	3.540955e+00	2.437097e-01
1.341075e-01	1.026279e+00	3.529948e+00	2.613494e-01
1.542237e-01	1.100562e+00	3.516692e+00	2.802659e-01
1.773572e-01	1.180221e+00	3.490671e+00	3.005515e-01
2.039608e-01	1.265646e+00	3.456927e+00	3.223054e-01
2.345549e-01	1.357254e+00	3.413593e+00	3.456338e-01
2.697381e-01	1.455493e+00	3.361657e+00	3.706508e-01
3.101989e-01	1.560842e+00	3.300961e+00	3.974786e-01
3.567287e-01	1.673817e+00	3.231863e+00	4.262482e-01
4.102380e-01	1.794969e+00	3.152733e+00	4.571000e-01
4.717737e-01	1.924890e+00	3.067358e+00	4.901848e-01
5.425397e-01	2.064214e+00	2.975203e+00	5.256646e-01
6.239207e-01	2.213623e+00	2.879932e+00	5.637124e-01
7.175088e-01	2.373846e+00	2.772273e+00	6.045141e-01
8.251351e-01	2.545667e+00	2.657463e+00	6.482687e-01
9.489054e-01	2.729923e+00	2.543447e+00	6.951906e-01
1.091241e+00	2.927517e+00	2.424812e+00	7.455103e-01
1.254927e+00	3.139412e+00	2.312827e+00	7.994601e-01
1.443166e+00	3.349781e+00	2.187875e+00	8.573992e-01
1.659641e+00	3.557150e+00	2.059710e+00	9.200691e-01
1.908588e+00	3.774524e+00	1.940490e+00	9.879658e-01
2.194876e+00	4.001385e+00	1.817113e+00	1.061587e+00
2.524107e+00	4.236802e+00	1.698792e+00	1.141496e+00
2.902723e+00	4.479304e+00	1.584435e+00	1.228350e+00
3.338132e+00	4.726722e+00	1.476147e+00	1.322911e+00
3.838852e+00	4.976011e+00	1.371704e+00	1.426085e+00
4.414679e+00	5.223077e+00	1.265247e+00	1.538952e+00
5.076881e+00	2.838851e+00	1.165919e+00	1.662830e+00
5.838413e+00	3.110787e+00	1.081847e+00	1.799337e+00
6.714175e+00	3.415807e+00	9.991222e-01	1.950494e+00
7.721302e+00	3.742210e+00	9.061551e-01	2.118845e+00
8.879497e+00	4.104557e+00	8.439629e-01	2.307621e+00
1.021142e+01	4.503521e+00	7.881518e-01	2.520963e+00
1.174313e+01	4.926140e+00	7.251872e-01	2.764204e+00
1.350460e+01	5.390532e+00	6.527780e-01	2.948282e+00
1.553030e+01	5.852510e+00	5.718513e-01	2.790020e+00
1.785984e+01	6.373539e+00	5.154718e-01	2.661154e+00
2.053882e+01	6.961688e+00	4.631868e-01	2.560866e+00
2.361964e+01	7.571256e+00	4.189133e-01	2.488641e+00
2.716258e+01	8.248087e+00	3.769130e-01	2.444240e+00
3.123697e+01	8.977529e+00	3.391857e-01	2.427665e+00
3.592252e+01	9.773335e+00	3.073076e-01	2.439090e+00
4.131089e+01	1.065175e+01	2.744539e-01	2.478943e+00
4.750753e+01	1.159047e+01	2.466716e-01	2.547864e+00
5.463366e+01	1.262272e+01	2.216757e-01	2.646771e+00
6.282871e+01	1.368998e+01	2.015386e-01	2.776997e+00
7.225301e+01	1.475809e+01	1.796631e-01	2.940443e+00
8.309096e+01	1.587937e+01	1.587782e-01	3.139755e+00
9.555461e+01	1.686681e+01	1.422987e-01	3.378507e+00
1.098878e+02	1.787520e+01	1.268204e-01	3.661412e+00
1.263710e+02	1.876974e+01	1.148554e-01	3.994508e+00
1.453266e+02	1.947313e+01	1.018462e-01	4.385470e+00
1.671256e+02	2.010955e+01	8.972145e-02	4.843851e+00
1.921945e+02	2.073404e+01	8.010833e-02	5.381467e+00
2.210236e+02	2.130537e+01	7.083913e-02	6.013169e+00
2.541772e+02	2.170285e+01	6.286537e-02	6.755344e+00
2.923037e+02	2.449731e+01	5.587447e-02	7.639386e+00
3.361493e+02	2.423201e+01	4.984058e-02	8.702434e+00
3.865717e+02	2.382742e+01	4.442417e-02	9.964381e+00
4.445574e+02	2.327898e+01	3.920079e-02	1.148069e+01
5.112411e+02	2.274683e+01	3.467913e-02	1.329515e+01
5.879272e+02	2.212321e+01	3.125142e-02	1.544952e+01
6.761163e+02	2.139239e+01	2.796265e-02	1.802316e+01
7.775337e+02	2.063565e+01	2.433088e-02	2.111676e+01
8.941638e+02	1.986935e+01	2.161136e-02	2.485301e+01
1.028288e+03	1.913046e+01	1.899205e-02	2.938396e+01
1.182532e+03	1.835683e+01	1.706680e-02	3.490835e+01
1.359911e+03	1.754780e+01	1.522510e-02	4.167943e+01
1.563898e+03	1.673051e+01	1.322140e-02	5.000549e+01
1.798483e+03	1.590958e+01	1.172416e-02	6.026603e+01
2.068255e+03	1.507493e+01	1.028223e-02	7.295840e+01
2.378493e+03	1.423809e+01	9.100275e-03	8.872222e+01
2.735268e+03	1.341254e+01	8.012073e-03	1.083621e+02
3.145558e+03	1.258852e+01	7.073554e-03	1.329060e+02
3.617391e+03	1.176843e+01	6.300704e-03	1.636813e+02
4.160000e+03	1.096871e+01	5.518673e-03	2.023866e+02
4.784000e+03	1.019540e+01	4.875303e-03	2.511956e+02
5.501600e+03	9.449746e+00	4.313354e-03	3.128939e+02
6.326840e+03	8.735518e+00	3.872953e-03	3.910478e+02
7.275866e+03	8.057165e+00	3.391589e-03	4.902142e+02
8.367246e+03	7.416726e+00	2.949021e-03	6.162099e+02
9.622333e+03	6.815515e+00	2.604755e-03	7.764403e+02
