# Energy_MeV	dEdx_Elec_MeV_um	dEdx_Nucl_MeV_um	Range_um
1.000000e-05	9.037333e-03	5.955681e-02	2.213042e-03
1.150000e-05	9.691460e-03	6.594921e-02	2.373223e-03
1.322500e-05	1.039293e-02	7.295775e-02	2.544999e-03
1.520875e-05	1.114518e-02	8.058604e-02	2.729207e-03
1.749006e-05	1.195187e-02	8.903325e-02	2.926748e-03
2.011357e-05	1.281696e-02	9.832733e-02	3.138588e-03
2.313061e-05	1.374465e-02	1.085105e-01	3.365761e-03
2.660020e-05	1.473950e-02	1.192833e-01	3.609376e-03
3.059023e-05	1.580635e-02	1.312790e-01	3.870625e-03
3.517876e-05	1.695042e-02	1.448350e-01	4.150782e-03
4.045558e-05	1.817731e-02	1.592332e-01	4.451218e-03
4.652391e-05	1.949299e-02	1.750776e-01	4.773400e-03
5.350250e-05	2.090390e-02	1.917219e-01	5.118901e-03
6.152788e-05	2.241694e-02	2.101414e-01	5.489410e-03
7.075706e-05	2.403949e-02	2.308489e-01	5.886736e-03
8.137062e-05	2.577948e-02	2.526761e-01	6.312821e-03
9.357621e-05	2.764541e-02	2.766017e-01	6.769747e-03
1.076126e-04	2.964640e-02	3.022287e-01	7.259744e-03
1.237545e-04	3.179222e-02	3.298502e-01	7.785209e-03
1.423177e-04	3.409336e-02	3.595365e-01	8.348706e-03
1.636654e-04	3.656105e-02	3.910321e-01	8.952990e-03
1.882152e-04	3.920736e-02	4.256522e-01	9.601012e-03
2.164475e-04	4.204521e-02	4.624265e-01	1.029594e-02
2.489146e-04	4.508847e-02	5.006655e-01	1.104116e-02
2.862518e-04	4.835199e-02	5.409848e-01	1.184033e-02
3.291895e-04	5.185174e-02	5.863999e-01	1.269734e-02
3.785680e-04	5.560479e-02	6.340963e-01	1.361638e-02
4.353531e-04	5.962950e-02	6.839975e-01	1.460194e-02
5.006561e-04	6.394551e-02	7.356480e-01	1.565884e-02
5.757545e-04	6.857392e-02	7.887993e-01	1.679223e-02
6.621177e-04	7.353734e-02	8.485606e-01	1.800766e-02
7.614354e-04	7.886001e-02	9.099984e-01	1.931106e-02
8.756507e-04	8.456794e-02	9.733264e-01	2.070881e-02
1.006998e-03	9.068901e-02	1.039426e+00	2.220772e-02
1.158048e-03	9.725313e-02	1.108024e+00	2.381513e-02
1.331755e-03	1.042924e-01	1.177969e+00	2.553888e-02
1.531519e-03	1.118411e-01	1.247505e+00	2.738740e-02
1.761246e-03	1.199362e-01	1.320398e+00	2.936972e-02
2.025433e-03	1.286173e-01	1.394832e+00	3.149551e-02
2.329248e-03	1.379267e-01	1.469357e+00	3.377517e-02
2.678635e-03	1.479099e-01	1.538413e+00	3.621984e-02
3.080431e-03	1.586156e-01	1.610684e+00	3.884145e-02
3.542495e-03	1.700963e-01	1.689183e+00	4.165281e-02
4.073870e-03	1.824080e-01	1.761042e+00	4.466767e-02
4.684950e-03	1.956108e-01	1.832438e+00	4.790074e-02
5.387693e-03	2.097692e-01	1.895547e+00	5.136782e-02
6.195847e-03	2.249524e-01	1.959276e+00	5.508585e-02
7.125224e-03	2.412346e-01	2.027056e+00	5.907299e-02
8.194007e-03	2.586953e-01	2.085975e+00	6.332891e-02
9.423108e-03	2.774198e-01	2.142911e+00	6.792193e-02
1.083657e-02	2.974995e-01	2.194825e+00	7.285337e-02
1.246206e-02	3.190327e-01	2.241866e+00	7.812558e-02
1.433137e-02	3.421245e-01	2.284289e+00	8.378047e-02
1.648108e-02	3.668876e-01	2.321204e+00	8.984446e-02
1.895324e-02	3.934432e-01	2.356756e+00	9.634732e-02
2.179622e-02	4.219208e-01	2.386820e+00	1.033209e-01
2.506566e-02	4.524596e-01	2.409657e+00	1.107991e-01
2.882550e-02	4.852089e-01	2.427251e+00	1.188187e-01
3.314933e-02	5.203286e-01	2.445464e+00	1.274187e-01
3.812173e-02	5.579902e-01	2.457882e+00	1.366413e-01
4.383999e-02	5.983779e-01	2.463787e+00	1.465313e-01
5.041599e-02	6.416888e-01	2.463917e+00	1.571371e-01
5.797838e-02	6.881345e-01	2.457573e+00	1.685107e-01
6.667514e-02	7.379421e-01	2.449106e+00	1.807075e-01
7.667641e-02	7.913547e-01	2.434047e+00	1.937870e-01
8.817787e-02	8.486334e-01	2.412075e+00	2.078133e-01
1.014046e-01	9.100579e-01	2.384321e+00	2.228547e-01
1.166152e-01	9.759284e-01	2.350147e+00	2.389850e-01
1.341075e-01	1.046567e+00	2.309936e+00	2.562828e-01
1.542237e-01	1.122318e+00	2.263809e+00	2.748325e-01
1.773572e-01	1.203552e+00	2.211101e+00	2.947248e-01
2.039608e-01	1.290665e+00	2.153088e+00	3.160570e-01
2.345549e-01	1.384084e+00	2.090091e+00	3.389333e-01
2.697381e-01	1.484265e+00	2.024899e+00	3.634654e-01
3.101989e-01	1.591697e+00	1.953179e+00	3.897731e-01
3.567287e-01	1.706905e+00	1.874189e+00	4.179848e-01
4.102380e-01	1.830452e+00	1.795207e+00	4.482387e-01
4.717737e-01	1.962941e+00	1.712855e+00	4.806824e-01
5.425397e-01	2.105019e+00	1.634085e+00	5.154746e-01
6.239207e-01	2.257382e+00	1.550812e+00	5.527835e-01
7.175088e-01	2.420772e+00	1.461361e+00	5.927969e-01
8.251351e-01	2.592620e+00	1.377071e+00	6.357003e-01
9.489054e-01	2.753810e+00	1.291575e+00	6.819802e-01
1.091241e+00	2.923024e+00	1.208613e+00	7.321237e-01
1.254927e+00	3.099957e+00	1.128393e+00	7.864658e-01
1.443166e+00	3.284010e+00	1.051407e+00	8.454254e-01
1.659641e+00	3.474202e+00	9.781919e-01	9.094721e-01
1.908588e+00	1.838322e+00	9.039666e-01	9.791523e-01
2.194876e+00	1.978567e+00	8.337143e-01	1.055109e+00
2.524107e+00	2.142424e+00	7.716867e-01	1.138110e+00
2.902723e+00	2.344565e+00	7.143678e-01	1.229083e+00
3.338132e+00	2.571051e+00	6.511738e-01	1.329162e+00
3.838852e+00	2.818324e+00	6.006342e-01	1.439755e+00
4.414679e+00	3.085893e+00	5.615480e-01	1.562631e+00
5.076881e+00	3.384398e+00	5.189633e-01	1.700028e+00
5.838413e+00	3.701206e+00	4.707839e-01	1.732380e+00
6.714175e+00	4.051799e+00	4.153814e-01	1.679249e+00
7.721302e+00	4.432566e+00	3.709384e-01	1.632939e+00
8.879497e+00	4.834951e+00	3.345069e-01	1.594656e+00
1.021142e+01	5.283662e+00	3.013621e-01	1.565616e+00
1.174313e+01	5.787848e+00	2.715001e-01	1.547073e+00
1.350460e+01	6.346232e+00	2.440106e-01	1.540338e+00
1.553030e+01	6.960683e+00	2.210109e-01	1.546727e+00
1.785984e+01	7.612122e+00	1.983663e-01	1.567754e+00
2.053882e+01	8.329708e+00	1.778298e-01	1.604886e+00
2.361964e+01	9.056452e+00	1.596510e-01	1.659666e+00
2.716258e+01	9.834021e+00	1.446860e-01	1.733713e+00
3.123697e+01	1.066875e+01	1.300816e-01	1.828785e+00
3.592252e+01	1.143673e+01	1.150470e-01	1.946865e+00
4.131089e+01	1.223107e+01	1.027473e-01	2.090297e+00
4.750753e+01	1.292590e+01	9.159809e-02	2.261939e+00
5.463366e+01	1.358345e+01	8.258053e-02	2.465360e+00
6.282871e+01	1.422529e+01	7.388545e-02	2.705041e+00
7.225301e+01	1.470781e+01	6.508549e-02	2.986585e+00
8.309096e+01	1.515383e+01	5.792786e-02	3.316999e+00
9.555461e+01	1.542420e+01	5.135435e-02	3.704976e+00
1.098878e+02	1.569522e+01	4.555013e-02	4.161338e+00
1.263710e+02	1.598156e+01	4.047088e-02	4.699317e+00
1.453266e+02	1.607676e+01	3.604141e-02	5.335493e+00
1.671256e+02	1.775078e+01	3.215238e-02	6.091164e+00
1.921945e+02	1.737312e+01	2.843998e-02	7.006023e+00
2.210236e+02	1.690419e+01	2.516068e-02	8.103341e+00
2.541772e+02	1.636926e+01	2.251476e-02	9.426930e+00
2.923037e+02	1.578926e+01	2.022704e-02	1.102888e+01
3.361493e+02	1.525004e+01	1.771629e-02	1.295479e+01
3.865717e+02	1.462699e+01	1.563539e-02	1.526995e+01
4.445574e+02	1.398460e+01	1.381829e-02	1.807594e+01
5.112411e+02	1.333976e+01	1.229830e-02	2.149322e+01
5.879272e+02	1.270739e+01	1.102637e-02	2.567299e+01
6.761163e+02	1.208190e+01	9.620170e-03	3.080983e+01
7.775337e+02	1.143684e+01	8.486693e-03	3.715845e+01
8.941638e+02	1.078826e+01	7.480952e-03	4.503658e+01
1.028288e+03	1.015915e+01	6.595201e-03	5.483612e+01
1.182532e+03	9.529878e+00	5.816469e-03	6.706014e+01
1.359911e+03	8.908213e+00	5.115125e-03	8.237192e+01
1.563898e+03	8.305343e+00	4.558148e-03	1.016116e+02
1.798483e+03	7.717787e+00	4.011361e-03	1.258515e+02
2.068255e+03	7.145776e+00	3.535430e-03	1.564819e+02
2.378493e+03	6.594316e+00	3.124639e-03	1.952921e+02
2.735268e+03	6.069107e+00	2.793344e-03	2.445816e+02
3.145558e+03	5.572293e+00	2.471651e-03	3.073014e+02
3.617391e+03	5.104854e+00	2.148844e-03	3.872411e+02
4.160000e+03	4.665767e+00	1.890877e-03	4.892504e+02
4.784000e+03	4.255874e+00	1.662602e-03	6.195264e+02
5.501600e+03	3.878088e+00	1.481253e-03	7.859647e+02
6.326840e+03	3.531510e+00	1.306418e-03	9.985910e+02
7.275866e+03	3.213558e+00	1.133792e-03	1.270084e+03
8.367246e+03	2.924628e+00	9.956072e-04	1.616403e+03
9.622333e+03	2.664448e+00	8.705024e-04	2.057529e+03
