# Energy_MeV	dEdx_Elec_MeV_um	dEdx_Nucl_MeV_um	Range_um
1.000000e-05	8.511298e-03	4.495375e-02	2.349818e-03
1.150000e-05	9.127350e-03	4.995194e-02	2.519899e-03
1.322500e-05	9.787993e-03	5.532443e-02	2.702290e-03
1.520875e-05	1.049645e-02	6.135421e-02	2.897884e-03
1.749006e-05	1.125619e-02	6.823530e-02	3.107634e-03
2.011357e-05	1.207092e-02	7.558215e-02	3.332566e-03
2.313061e-05	1.294462e-02	8.384149e-02	3.573779e-03
2.660020e-05	1.388156e-02	9.276848e-02	3.832451e-03
3.059023e-05	1.488631e-02	1.026850e-01	4.109846e-03
3.517876e-05	1.596379e-02	1.135820e-01	4.407319e-03
4.045558e-05	1.711926e-02	1.253533e-01	4.726323e-03
4.652391e-05	1.835836e-02	1.386241e-01	5.068417e-03
5.350250e-05	1.968715e-02	1.529221e-01	5.435271e-03
6.152788e-05	2.111212e-02	1.685128e-01	5.828679e-03
7.075706e-05	2.264022e-02	1.851566e-01	6.250562e-03
8.137062e-05	2.427893e-02	2.041433e-01	6.702981e-03
9.357621e-05	2.603626e-02	2.249479e-01	7.188146e-03
1.076126e-04	2.792077e-02	2.471630e-01	7.708428e-03
1.237545e-04	2.994169e-02	2.714290e-01	8.266368e-03
1.423177e-04	3.210889e-02	2.969851e-01	8.864692e-03
1.636654e-04	3.443295e-02	3.261439e-01	9.506324e-03
1.882152e-04	3.692522e-02	3.577566e-01	1.019440e-02
2.164475e-04	3.959789e-02	3.913416e-01	1.093227e-02
2.489146e-04	4.246401e-02	4.281990e-01	1.172356e-02
2.862518e-04	4.553757e-02	4.678140e-01	1.257211e-02
3.291895e-04	4.883361e-02	5.101636e-01	1.348209e-02
3.785680e-04	5.236821e-02	5.552511e-01	1.445793e-02
4.353531e-04	5.615865e-02	6.040032e-01	1.550440e-02
5.006561e-04	6.022344e-02	6.570542e-01	1.662662e-02
5.757545e-04	6.458245e-02	7.136976e-01	1.783006e-02
6.621177e-04	6.925696e-02	7.705876e-01	1.912061e-02
7.614354e-04	7.426981e-02	8.332748e-01	2.050457e-02
8.756507e-04	7.964550e-02	9.042621e-01	2.198870e-02
1.006998e-03	8.541029e-02	9.749361e-01	2.358026e-02
1.158048e-03	9.159233e-02	1.052414e+00	2.528701e-02
1.331755e-03	9.822183e-02	1.127923e+00	2.711730e-02
1.531519e-03	1.053312e-01	1.210403e+00	2.908006e-02
1.761246e-03	1.129551e-01	1.303023e+00	3.118489e-02
2.025433e-03	1.211309e-01	1.393139e+00	3.344207e-02
2.329248e-03	1.298984e-01	1.491108e+00	3.586263e-02
2.678635e-03	1.393005e-01	1.589027e+00	3.845838e-02
3.080431e-03	1.493831e-01	1.692051e+00	4.124202e-02
3.542495e-03	1.601956e-01	1.796418e+00	4.422714e-02
4.073870e-03	1.717906e-01	1.899500e+00	4.742832e-02
4.684950e-03	1.842249e-01	2.011691e+00	5.086121e-02
5.387693e-03	1.975592e-01	2.120458e+00	5.454257e-02
6.195847e-03	2.118586e-01	2.228431e+00	5.849039e-02
7.125224e-03	2.271931e-01	2.329397e+00	6.272396e-02
8.194007e-03	2.436374e-01	2.443359e+00	6.726395e-02
9.423108e-03	2.612720e-01	2.556195e+00	7.213255e-02
1.083657e-02	2.801830e-01	2.660508e+00	7.735354e-02
1.246206e-02	3.004628e-01	2.762475e+00	8.295243e-02
1.433137e-02	3.222105e-01	2.852011e+00	8.895657e-02
1.648108e-02	3.455322e-01	2.952476e+00	9.538719e-02
1.895324e-02	3.705420e-01	3.047268e+00	1.023035e-01
2.179622e-02	3.973621e-01	3.131007e+00	1.097063e-01
2.506566e-02	4.261234e-01	3.212652e+00	1.176479e-01
2.882550e-02	4.569664e-01	3.287144e+00	1.261629e-01
3.314933e-02	4.900419e-01	3.352811e+00	1.352944e-01
3.812173e-02	5.255113e-01	3.410382e+00	1.450869e-01
4.383999e-02	5.635481e-01	3.463668e+00	1.555882e-01
5.041599e-02	6.043380e-01	3.512854e+00	1.668496e-01
5.797838e-02	6.480804e-01	3.553908e+00	1.789260e-01
6.667514e-02	6.949888e-01	3.581136e+00	1.918766e-01
7.667641e-02	7.452924e-01	3.606272e+00	2.057646e-01
8.817787e-02	7.992371e-01	3.632397e+00	2.206578e-01
1.014046e-01	8.570863e-01	3.643662e+00	2.366289e-01
1.166152e-01	9.191226e-01	3.650291e+00	2.537559e-01
1.341075e-01	9.856492e-01	3.643774e+00	2.721228e-01
1.542237e-01	1.056991e+00	3.632075e+00	2.918190e-01
1.773572e-01	1.133497e+00	3.616589e+00	3.129409e-01
2.039608e-01	1.215540e+00	3.588001e+00	3.355914e-01
2.345549e-01	1.303521e+00	3.551795e+00	3.598815e-01
2.697381e-01	1.397871e+00	3.505479e+00	3.859298e-01
3.101989e-01	1.499049e+00	3.450469e+00	4.138635e-01
3.567287e-01	1.607551e+00	3.386396e+00	4.438189e-01
4.102380e-01	1.723907e+00	3.313517e+00	4.759425e-01
4.717737e-01	1.848684e+00	3.230726e+00	5.103912e-01
5.425397e-01	1.982493e+00	3.141150e+00	5.473335e-01
6.239207e-01	2.125986e+00	3.045678e+00	5.869497e-01
7.175088e-01	2.279867e+00	2.946115e+00	6.294332e-01
8.251351e-01	2.444884e+00	2.832528e+00	6.749915e-01
9.489054e-01	2.621846e+00	2.715148e+00	7.238477e-01
1.091241e+00	2.811617e+00	2.595897e+00	7.762393e-01
1.254927e+00	3.015123e+00	2.475326e+00	8.324287e-01
1.443166e+00	3.233360e+00	2.359111e+00	8.926602e-01
1.659641e+00	3.442181e+00	2.227393e+00	9.574470e-01
1.908588e+00	3.654675e+00	2.098615e+00	1.027600e+00
2.194876e+00	3.877210e+00	1.974088e+00	1.103603e+00
2.524107e+00	4.109173e+00	1.848838e+00	1.186035e+00
2.902723e+00	4.349504e+00	1.726653e+00	1.275534e+00
3.338132e+00	4.596560e+00	1.610071e+00	1.372848e+00
3.838852e+00	4.847948e+00	1.500667e+00	1.478847e+00
4.414679e+00	5.100349e+00	1.391343e+00	1.594565e+00
5.076881e+00	5.349334e+00	1.284246e+00	1.721248e+00
5.838413e+00	2.932632e+00	1.183199e+00	1.860410e+00
6.714175e+00	3.216157e+00	1.099217e+00	2.013927e+00
7.721302e+00	3.533610e+00	1.012044e+00	2.184138e+00
8.879497e+00	3.880851e+00	9.200140e-01	2.373998e+00
1.021142e+01	4.259839e+00	8.589774e-01	2.587270e+00
1.174313e+01	4.683958e+00	8.003907e-01	2.828780e+00
1.350460e+01	5.125776e+00	7.339036e-01	3.104755e+00
1.553030e+01	5.601973e+00	6.574434e-01	3.271730e+00
1.785984e+01	6.094778e+00	5.770415e-01	3.093900e+00
2.053882e+01	6.645079e+00	5.213625e-01	2.950173e+00
2.361964e+01	7.264537e+00	4.684615e-01	2.839357e+00
2.716258e+01	7.899266e+00	4.232471e-01	2.760645e+00
3.123697e+01	8.601563e+00	3.806126e-01	2.713575e+00
3.592252e+01	9.371785e+00	3.430258e-01	2.697980e+00
4.131089e+01	1.019251e+01	3.105010e-01	2.713906e+00
4.750753e+01	1.110715e+01	2.772246e-01	2.761715e+00
5.463366e+01	1.208954e+01	2.489064e-01	2.842027e+00
6.282871e+01	1.314231e+01	2.241888e-01	2.955816e+00
7.225301e+01	1.427042e+01	2.036017e-01	3.104562e+00
8.309096e+01	1.534273e+01	1.805798e-01	3.290422e+00
9.555461e+01	1.647249e+01	1.603151e-01	3.516421e+00
1.098878e+02	1.751528e+01	1.432514e-01	3.786662e+00
1.263710e+02	1.850371e+01	1.281814e-01	4.106541e+00
1.453266e+02	1.946122e+01	1.159278e-01	4.482959e+00
1.671256e+02	2.010405e+01	1.022448e-01	4.924674e+00
1.921945e+02	2.076683e+01	9.052012e-02	5.442582e+00
2.210236e+02	2.144444e+01	8.057212e-02	6.050038e+00
2.541772e+02	2.197419e+01	7.142876e-02	6.764187e+00
2.923037e+02	2.241633e+01	6.333486e-02	7.603303e+00
3.361493e+02	2.488701e+01	5.627251e-02	8.608113e+00
3.865717e+02	2.458032e+01	5.029846e-02	9.811551e+00
4.445574e+02	2.417983e+01	4.465439e-02	1.124256e+01
5.112411e+02	2.359593e+01	3.951178e-02	1.296173e+01
5.879272e+02	2.309092e+01	3.501403e-02	1.501406e+01
6.761163e+02	2.242583e+01	3.159296e-02	1.744902e+01
7.775337e+02	2.168142e+01	2.813240e-02	2.036245e+01
8.941638e+02	2.091525e+01	2.449895e-02	2.386647e+01
1.028288e+03	2.014671e+01	2.178078e-02	2.810018e+01
1.182532e+03	1.940153e+01	1.916911e-02	3.323722e+01
1.359911e+03	1.860958e+01	1.724469e-02	3.950569e+01
1.563898e+03	1.778501e+01	1.530806e-02	4.719170e+01
1.798483e+03	1.696166e+01	1.330483e-02	5.664236e+01
2.068255e+03	1.612433e+01	1.180996e-02	6.828977e+01
2.378493e+03	1.527509e+01	1.035647e-02	8.270497e+01
2.735268e+03	1.442831e+01	9.156141e-03	1.006123e+02
3.145558e+03	1.358857e+01	8.062166e-03	1.229256e+02
3.617391e+03	1.275034e+01	7.129280e-03	1.508176e+02
4.160000e+03	1.191866e+01	6.344549e-03	1.857983e+02
4.784000e+03	1.110861e+01	5.555575e-03	2.297998e+02
5.501600e+03	1.032474e+01	4.902677e-03	2.852931e+02
6.326840e+03	9.569157e+00	4.354002e-03	3.554459e+02
7.275866e+03	8.846369e+00	3.901551e-03	4.443097e+02
8.367246e+03	8.160182e+00	3.395146e-03	5.570606e+02
9.622333e+03	7.512373e+00	2.969305e-03	7.003014e+02
