# Energy_MeV	dEdx_Elec_MeV_um	dEdx_Nucl_MeV_um	Range_um
1.000000e-05	9.365254e-03	4.676672e-02	2.135553e-03
1.150000e-05	1.004312e-02	5.186681e-02	2.290126e-03
1.322500e-05	1.077004e-02	5.752597e-02	2.455887e-03
1.520875e-05	1.154958e-02	6.374479e-02	2.633645e-03
1.749006e-05	1.238555e-02	7.087350e-02	2.824269e-03
2.011357e-05	1.328202e-02	7.858968e-02	3.028692e-03
2.313061e-05	1.424338e-02	8.711581e-02	3.247910e-03
2.660020e-05	1.527432e-02	9.647591e-02	3.482995e-03
3.059023e-05	1.637989e-02	1.067950e-01	3.735096e-03
3.517876e-05	1.756547e-02	1.181588e-01	4.005445e-03
4.045558e-05	1.883687e-02	1.304533e-01	4.295361e-03
4.652391e-05	2.020029e-02	1.441783e-01	4.606261e-03
5.350250e-05	2.166240e-02	1.591639e-01	4.939665e-03
6.152788e-05	2.323034e-02	1.755313e-01	5.297201e-03
7.075706e-05	2.491176e-02	1.928707e-01	5.680615e-03
8.137062e-05	2.671489e-02	2.124256e-01	6.091781e-03
9.357621e-05	2.864852e-02	2.343150e-01	6.532707e-03
1.076126e-04	3.072212e-02	2.574451e-01	7.005548e-03
1.237545e-04	3.294580e-02	2.830073e-01	7.512613e-03
1.423177e-04	3.533044e-02	3.096953e-01	8.056380e-03
1.636654e-04	3.788767e-02	3.397312e-01	8.639505e-03
1.882152e-04	4.063000e-02	3.731260e-01	9.264837e-03
2.164475e-04	4.357083e-02	4.080974e-01	9.935431e-03
2.489146e-04	4.672450e-02	4.467951e-01	1.065456e-02
2.862518e-04	5.010645e-02	4.880047e-01	1.142575e-02
3.291895e-04	5.373318e-02	5.326124e-01	1.225275e-02
3.785680e-04	5.762242e-02	5.801657e-01	1.313961e-02
4.353531e-04	6.179316e-02	6.307732e-01	1.409066e-02
5.006561e-04	6.626578e-02	6.866856e-01	1.511055e-02
5.757545e-04	7.106213e-02	7.456684e-01	1.620426e-02
6.621177e-04	7.620565e-02	8.068036e-01	1.737713e-02
7.614354e-04	8.172145e-02	8.715486e-01	1.863490e-02
8.756507e-04	8.763649e-02	9.455930e-01	1.998370e-02
1.006998e-03	9.397967e-02	1.021266e+00	2.143013e-02
1.158048e-03	1.007820e-01	1.101660e+00	2.298125e-02
1.331755e-03	1.080766e-01	1.183410e+00	2.464465e-02
1.531519e-03	1.158993e-01	1.268604e+00	2.642844e-02
1.761246e-03	1.242881e-01	1.365966e+00	2.834135e-02
2.025433e-03	1.332842e-01	1.462721e+00	3.039271e-02
2.329248e-03	1.429313e-01	1.564699e+00	3.259255e-02
2.678635e-03	1.532768e-01	1.669503e+00	3.495162e-02
3.080431e-03	1.643710e-01	1.778531e+00	3.748143e-02
3.542495e-03	1.762683e-01	1.890299e+00	4.019436e-02
4.073870e-03	1.890267e-01	1.999832e+00	4.310365e-02
4.684950e-03	2.027085e-01	2.117537e+00	4.622351e-02
5.387693e-03	2.173807e-01	2.234566e+00	4.956919e-02
6.195847e-03	2.331148e-01	2.351485e+00	5.315704e-02
7.125224e-03	2.499878e-01	2.459203e+00	5.700457e-02
8.194007e-03	2.680820e-01	2.576737e+00	6.113060e-02
9.423108e-03	2.874860e-01	2.700950e+00	6.555526e-02
1.083657e-02	3.082943e-01	2.811970e+00	7.030018e-02
1.246206e-02	3.306088e-01	2.924716e+00	7.538855e-02
1.433137e-02	3.545385e-01	3.021186e+00	8.080686e-02
1.648108e-02	3.802002e-01	3.124892e+00	8.668275e-02
1.895324e-02	4.077193e-01	3.231377e+00	9.297458e-02
2.179622e-02	4.372302e-01	3.320931e+00	9.970360e-02
2.506566e-02	4.688772e-01	3.411034e+00	1.069200e-01
2.882550e-02	5.028147e-01	3.490737e+00	1.146589e-01
3.314933e-02	5.392087e-01	3.564355e+00	1.229578e-01
3.812173e-02	5.782369e-01	3.629013e+00	1.318573e-01
4.383999e-02	6.200900e-01	3.685465e+00	1.414010e-01
5.041599e-02	6.649725e-01	3.741178e+00	1.516356e-01
5.797838e-02	7.131035e-01	3.786292e+00	1.626109e-01
6.667514e-02	7.647184e-01	3.820028e+00	1.743806e-01
7.667641e-02	8.200691e-01	3.846300e+00	1.870021e-01
8.817787e-02	8.794261e-01	3.875681e+00	2.005373e-01
1.014046e-01	9.430794e-01	3.891727e+00	2.150522e-01
1.166152e-01	1.011340e+00	3.899778e+00	2.306176e-01
1.341075e-01	1.084541e+00	3.896837e+00	2.473096e-01
1.542237e-01	1.163041e+00	3.885006e+00	2.652098e-01
1.773572e-01	1.247223e+00	3.870884e+00	2.844057e-01
2.039608e-01	1.337497e+00	3.843671e+00	3.049911e-01
2.345549e-01	1.434306e+00	3.807011e+00	3.270663e-01
2.697381e-01	1.538122e+00	3.760454e+00	3.507393e-01
3.101989e-01	1.649452e+00	3.704100e+00	3.761258e-01
3.567287e-01	1.768840e+00	3.638127e+00	4.033499e-01
4.102380e-01	1.896870e+00	3.562973e+00	4.325445e-01
4.717737e-01	2.034166e+00	3.476917e+00	4.638521e-01
5.425397e-01	2.181400e+00	3.383490e+00	4.974256e-01
6.239207e-01	2.339291e+00	3.282354e+00	5.334294e-01
7.175088e-01	2.508610e+00	3.178308e+00	5.720393e-01
8.251351e-01	2.690185e+00	3.061287e+00	6.134436e-01
9.489054e-01	2.884902e+00	2.934781e+00	6.578451e-01
1.091241e+00	3.093712e+00	2.809987e+00	7.054588e-01
1.254927e+00	3.317637e+00	2.678759e+00	7.565204e-01
1.443166e+00	3.548716e+00	2.555892e+00	8.112908e-01
1.659641e+00	3.769037e+00	2.420059e+00	8.704313e-01
1.908588e+00	4.000216e+00	2.278023e+00	9.345097e-01
2.194876e+00	4.241791e+00	2.147061e+00	1.003966e+00
2.524107e+00	4.492888e+00	2.010728e+00	1.079334e+00
2.902723e+00	4.752092e+00	1.881012e+00	1.161221e+00
3.338132e+00	5.017283e+00	1.754323e+00	1.250330e+00
3.838852e+00	5.285451e+00	1.634098e+00	1.347496e+00
4.414679e+00	5.552502e+00	1.519818e+00	1.453712e+00
5.076881e+00	3.000526e+00	1.401883e+00	1.570182e+00
5.838413e+00	3.292099e+00	1.292811e+00	1.698382e+00
6.714175e+00	3.615166e+00	1.197916e+00	1.840146e+00
7.721302e+00	3.963363e+00	1.107769e+00	1.997780e+00
8.879497e+00	4.352868e+00	1.005204e+00	2.174208e+00
1.021142e+01	4.772931e+00	9.335290e-01	2.373167e+00
1.174313e+01	5.230255e+00	8.728102e-01	2.599463e+00
1.350460e+01	5.731776e+00	8.043789e-01	2.859309e+00
1.553030e+01	6.227217e+00	7.256830e-01	3.144932e+00
1.785984e+01	6.779438e+00	6.351827e-01	2.948435e+00
2.053882e+01	7.393927e+00	5.718213e-01	2.791639e+00
2.361964e+01	8.043677e+00	5.146785e-01	2.671619e+00
2.716258e+01	8.748316e+00	4.649789e-01	2.586154e+00
3.123697e+01	9.488912e+00	4.184631e-01	2.533606e+00
3.592252e+01	1.031426e+01	3.761858e-01	2.512809e+00
4.131089e+01	1.120755e+01	3.410944e-01	2.522999e+00
4.750753e+01	1.219054e+01	3.048535e-01	2.563707e+00
5.463366e+01	1.329504e+01	2.739553e-01	2.635030e+00
6.282871e+01	1.442961e+01	2.459889e-01	2.737414e+00
7.225301e+01	1.565280e+01	2.237022e-01	2.871915e+00
8.309096e+01	1.689862e+01	1.999159e-01	3.040312e+00
9.555461e+01	1.811093e+01	1.764812e-01	3.245261e+00
1.098878e+02	1.938390e+01	1.581974e-01	3.490455e+00
1.263710e+02	2.045592e+01	1.408175e-01	3.780803e+00
1.453266e+02	2.146931e+01	1.275353e-01	4.122608e+00
1.671256e+02	2.229589e+01	1.133886e-01	4.523830e+00
1.921945e+02	2.314954e+01	9.969193e-02	4.994419e+00
2.210236e+02	2.404709e+01	8.909433e-02	5.546566e+00
2.541772e+02	2.465190e+01	7.875945e-02	6.194957e+00
2.923037e+02	2.710042e+01	6.996414e-02	6.961361e+00
3.361493e+02	2.696752e+01	6.212230e-02	7.883159e+00
3.865717e+02	2.666234e+01	5.534035e-02	8.976017e+00
4.445574e+02	2.621244e+01	4.942426e-02	1.028314e+01
5.112411e+02	2.568413e+01	4.358440e-02	1.184612e+01
5.879272e+02	2.511734e+01	3.860940e-02	1.369905e+01
6.761163e+02	2.438580e+01	3.467737e-02	1.589955e+01
7.775337e+02	2.360828e+01	3.110241e-02	1.853321e+01
8.941638e+02	2.280901e+01	2.704018e-02	2.170011e+01
1.028288e+03	2.203224e+01	2.401354e-02	2.552383e+01
1.182532e+03	2.124138e+01	2.113743e-02	3.016352e+01
1.359911e+03	2.039478e+01	1.894173e-02	3.582480e+01
1.563898e+03	1.951996e+01	1.693879e-02	4.275851e+01
1.798483e+03	1.864707e+01	1.469298e-02	5.126927e+01
2.068255e+03	1.774767e+01	1.303037e-02	6.174921e+01
2.378493e+03	1.683466e+01	1.143394e-02	7.471001e+01
2.735268e+03	1.592886e+01	1.012012e-02	9.079205e+01
3.145558e+03	1.501984e+01	8.911931e-03	1.108073e+02
3.617391e+03	1.411315e+01	7.856420e-03	1.358040e+02
4.160000e+03	1.321614e+01	7.004258e-03	1.671218e+02
4.784000e+03	1.233697e+01	6.133049e-03	2.064729e+02
5.501600e+03	1.148298e+01	5.422937e-03	2.560468e+02
6.326840e+03	1.066075e+01	4.792717e-03	3.186458e+02
7.275866e+03	9.873452e+00	4.304350e-03	3.978481e+02
8.367246e+03	9.123585e+00	3.780914e-03	4.982209e+02
9.622333e+03	8.413937e+00	3.279262e-03	6.255807e+02
