# Energy_MeV	dEdx_Elec_MeV_um	dEdx_Nucl_MeV_um	Range_um
1.000000e-05	8.713852e-03	6.921554e-02	2.295196e-03
1.150000e-05	9.344565e-03	7.632156e-02	2.461324e-03
1.322500e-05	1.002093e-02	8.394953e-02	2.639476e-03
1.520875e-05	1.074625e-02	9.240563e-02	2.830522e-03
1.749006e-05	1.152407e-02	1.012680e-01	3.035397e-03
2.011357e-05	1.235819e-02	1.110350e-01	3.255101e-03
2.313061e-05	1.325268e-02	1.219419e-01	3.490706e-03
2.660020e-05	1.421192e-02	1.335218e-01	3.743366e-03
3.059023e-05	1.524058e-02	1.463216e-01	4.014312e-03
3.517876e-05	1.634370e-02	1.598560e-01	4.304870e-03
4.045558e-05	1.752667e-02	1.747569e-01	4.616459e-03
4.652391e-05	1.879526e-02	1.906689e-01	4.950601e-03
5.350250e-05	2.015567e-02	2.073562e-01	5.308928e-03
6.152788e-05	2.161455e-02	2.258615e-01	5.693191e-03
7.075706e-05	2.317902e-02	2.453313e-01	6.105267e-03
8.137062e-05	2.485673e-02	2.663916e-01	6.547170e-03
9.357621e-05	2.665587e-02	2.879598e-01	7.021057e-03
1.076126e-04	2.858524e-02	3.116291e-01	7.529245e-03
1.237545e-04	1.539436e-02	3.374525e-01	8.074216e-03
1.423177e-04	1.658718e-02	3.644018e-01	8.658632e-03
1.636654e-04	1.786598e-02	3.927159e-01	9.285349e-03
1.882152e-04	1.923700e-02	4.215307e-01	9.957427e-03
2.164475e-04	2.070697e-02	4.527524e-01	1.067815e-02
2.489146e-04	2.228304e-02	4.862755e-01	1.145104e-02
2.862518e-04	2.397294e-02	5.208268e-01	1.227987e-02
3.291895e-04	2.578491e-02	5.568027e-01	1.316870e-02
3.785680e-04	2.772782e-02	5.941178e-01	1.412185e-02
4.353531e-04	2.981115e-02	6.320462e-01	1.514400e-02
5.006561e-04	3.204508e-02	6.709617e-01	1.624013e-02
5.757545e-04	3.444054e-02	7.104446e-01	1.741560e-02
6.621177e-04	3.700921e-02	7.513633e-01	1.867615e-02
7.614354e-04	3.976366e-02	7.930840e-01	2.002794e-02
8.756507e-04	4.271733e-02	8.319095e-01	2.147758e-02
1.006998e-03	4.588467e-02	8.717934e-01	2.303213e-02
1.158048e-03	4.928114e-02	9.145592e-01	2.469921e-02
1.331755e-03	5.292334e-02	9.546185e-01	2.648695e-02
1.531519e-03	5.682906e-02	9.959188e-01	2.840409e-02
1.761246e-03	6.101738e-02	1.031666e+00	3.046000e-02
2.025433e-03	6.550876e-02	1.067797e+00	3.266471e-02
2.329248e-03	7.032515e-02	1.105499e+00	3.502900e-02
2.678635e-03	7.549008e-02	1.138892e+00	3.756441e-02
3.080431e-03	8.102877e-02	1.172485e+00	4.028335e-02
3.542495e-03	8.696829e-02	1.201430e+00	4.319908e-02
4.073870e-03	9.333766e-02	1.229984e+00	4.632585e-02
4.684950e-03	1.001680e-01	1.255356e+00	4.967924e-02
5.387693e-03	1.074926e-01	1.276422e+00	5.327659e-02
6.195847e-03	1.153474e-01	1.297584e+00	5.713166e-02
7.125224e-03	1.237707e-01	1.314859e+00	6.126740e-02
8.194007e-03	1.328036e-01	1.330355e+00	6.570173e-02
9.423108e-03	1.424902e-01	1.341403e+00	7.045716e-02
1.083657e-02	1.528780e-01	1.351404e+00	7.555682e-02
1.246206e-02	1.640175e-01	1.359987e+00	8.102557e-02
1.433137e-02	1.759634e-01	1.365250e+00	8.689013e-02
1.648108e-02	1.887738e-01	1.367189e+00	9.317916e-02
1.895324e-02	2.025115e-01	1.365491e+00	9.992343e-02
2.179622e-02	2.172434e-01	1.361557e+00	1.071559e-01
2.506566e-02	2.330417e-01	1.355075e+00	1.149118e-01
2.882550e-02	2.499834e-01	1.345057e+00	1.232290e-01
3.314933e-02	2.681513e-01	1.331433e+00	1.321483e-01
3.812173e-02	2.876343e-01	1.314419e+00	1.417132e-01
4.383999e-02	3.085273e-01	1.293949e+00	1.519704e-01
5.041599e-02	3.309327e-01	1.270189e+00	1.629700e-01
5.797838e-02	3.549597e-01	1.242943e+00	1.747657e-01
6.667514e-02	3.807258e-01	1.212412e+00	1.874152e-01
7.667641e-02	4.083568e-01	1.178655e+00	2.009804e-01
8.817787e-02	4.379878e-01	1.143776e+00	2.155274e-01
1.014046e-01	4.697635e-01	1.105643e+00	2.311272e-01
1.166152e-01	5.038391e-01	1.063143e+00	2.478562e-01
1.341075e-01	5.403811e-01	1.020605e+00	2.657961e-01
1.542237e-01	5.795680e-01	9.746449e-01	2.850345e-01
1.773572e-01	6.215913e-01	9.315040e-01	3.056654e-01
2.039608e-01	6.666562e-01	8.859615e-01	3.277894e-01
2.345549e-01	7.149829e-01	8.366165e-01	3.515148e-01
2.697381e-01	7.668076e-01	7.903919e-01	3.769577e-01
3.101989e-01	8.223834e-01	7.417575e-01	4.042415e-01
3.567287e-01	8.819817e-01	6.966362e-01	4.335035e-01
4.102380e-01	9.458938e-01	6.504396e-01	4.648699e-01
4.717737e-01	1.014440e+00	6.057922e-01	4.986232e-01
5.425397e-01	1.087949e+00	5.655723e-01	5.351785e-01
6.239207e-01	1.166778e+00	5.231631e-01	5.747831e-01
7.175088e-01	1.251314e+00	4.846115e-01	6.177405e-01
8.251351e-01	1.341968e+00	4.471097e-01	6.643841e-01
9.489054e-01	1.439185e+00	4.141861e-01	7.151048e-01
1.091241e+00	1.545343e+00	3.807092e-01	7.703591e-01
1.254927e+00	1.669026e+00	3.493701e-01	8.306887e-01
1.443166e+00	1.819102e+00	3.239398e-01	8.967459e-01
1.659641e+00	1.995426e+00	3.011834e-01	9.563573e-01
1.908588e+00	2.185323e+00	2.760515e-01	9.554131e-01
2.194876e+00	2.398204e+00	2.472472e-01	9.533983e-01
2.524107e+00	2.633377e+00	2.199754e-01	9.509307e-01
2.902723e+00	2.893333e+00	1.970230e-01	9.487007e-01
3.338132e+00	3.186617e+00	1.776932e-01	9.474755e-01
3.838852e+00	3.505865e+00	1.597659e-01	9.480730e-01
4.414679e+00	3.853749e+00	1.441281e-01	9.514691e-01
5.076881e+00	4.227341e+00	1.299732e-01	9.587008e-01
5.838413e+00	4.641921e+00	1.170859e-01	9.709269e-01
6.714175e+00	5.104388e+00	1.051521e-01	9.894324e-01
7.721302e+00	5.572220e+00	9.392384e-02	1.015632e+00
8.879497e+00	6.059723e+00	8.514164e-02	1.051068e+00
1.021142e+01	6.565626e+00	7.670773e-02	1.097406e+00
1.174313e+01	7.018444e+00	6.802020e-02	1.156433e+00
1.350460e+01	7.489372e+00	6.093158e-02	1.230056e+00
1.553030e+01	7.923785e+00	5.399320e-02	1.320368e+00
1.785984e+01	8.325523e+00	4.876686e-02	1.429690e+00
2.053882e+01	8.703912e+00	4.368267e-02	1.560691e+00
2.361964e+01	8.986460e+00	3.852952e-02	1.716536e+00
2.716258e+01	9.261316e+00	3.441150e-02	1.901059e+00
3.123697e+01	9.475431e+00	3.037821e-02	2.118995e+00
3.592252e+01	9.641572e+00	2.712931e-02	2.376216e+00
4.131089e+01	9.778863e+00	2.401814e-02	2.680035e+00
4.750753e+01	9.803078e+00	2.127624e-02	3.039574e+00
5.463366e+01	9.818901e+00	1.906317e-02	3.466220e+00
6.282871e+01	9.820626e+00	1.683612e-02	3.974082e+00
7.225301e+01	9.766242e+00	1.499714e-02	4.581277e+00
8.309096e+01	9.673294e+00	1.331766e-02	5.308650e+00
9.555461e+01	9.994425e+00	1.194544e-02	6.195836e+00
1.098878e+02	9.572320e+00	1.060420e-02	7.278602e+00
1.263710e+02	9.122611e+00	9.343987e-03	8.596712e+00
1.453266e+02	8.642314e+00	8.232300e-03	1.021614e+01
1.671256e+02	8.228694e+00	7.308145e-03	1.219738e+01
1.921945e+02	7.786769e+00	6.522811e-03	1.461234e+01
2.210236e+02	7.337161e+00	5.771042e-03	1.757956e+01
2.541772e+02	6.894529e+00	5.078479e-03	2.124342e+01
2.923037e+02	6.463739e+00	4.462941e-03	2.578768e+01
3.361493e+02	6.047093e+00	3.941667e-03	3.144745e+01
3.865717e+02	5.631984e+00	3.461362e-03	3.853374e+01
4.445574e+02	5.226635e+00	3.061732e-03	4.744451e+01
5.112411e+02	4.841244e+00	2.710330e-03	5.867729e+01
5.879272e+02	4.469458e+00	2.395495e-03	7.286502e+01
6.761163e+02	4.112590e+00	2.114195e-03	9.084649e+01
7.775337e+02	3.774116e+00	1.852330e-03	1.136985e+02
8.941638e+02	3.454431e+00	1.657456e-03	1.427988e+02
1.028288e+03	3.153546e+00	1.471456e-03	1.799298e+02
1.182532e+03	2.870812e+00	1.280037e-03	2.273977e+02
1.359911e+03	2.607273e+00	1.131000e-03	2.881694e+02
1.563898e+03	2.363081e+00	9.861849e-04	3.660530e+02
1.798483e+03	2.138442e+00	8.809993e-04	4.659367e+02
2.068255e+03	1.933290e+00	7.789295e-04	5.940719e+02
2.378493e+03	1.746838e+00	6.765060e-04	7.584345e+02
2.735268e+03	1.577484e+00	5.959262e-04	9.691716e+02
3.145558e+03	1.424231e+00	5.183457e-04	1.239148e+03
3.617391e+03	1.286753e+00	4.571530e-04	1.584613e+03
4.160000e+03	1.163791e+00	3.993900e-04	2.026003e+03
4.784000e+03	1.053853e+00	3.492228e-04	2.588894e+03
5.501600e+03	9.559836e-01	3.088209e-04	3.305149e+03
6.326840e+03	8.692299e-01	2.688237e-04	4.214253e+03
7.275866e+03	7.923162e-01	2.363846e-04	5.364821e+03
8.367246e+03	7.243351e-01	2.075145e-04	6.816309e+03
9.622333e+03	6.647128e-01	1.838975e-04	8.640895e+03
