# Energy_MeV	dEdx_Elec_MeV_um	dEdx_Nucl_MeV_um	Range_um
1.000000e-05	3.298344e-03	5.248818e-02	4.856219e-03
1.150000e-05	3.567900e-03	5.679897e-02	5.207715e-03
1.322500e-05	3.856712e-03	6.160306e-02	5.584652e-03
1.520875e-05	4.166195e-03	6.649874e-02	5.988872e-03
1.749006e-05	4.497868e-03	7.186373e-02	6.422350e-03
2.011357e-05	4.853353e-03	7.730149e-02	6.887203e-03
2.313061e-05	5.234391e-03	8.302587e-02	7.385703e-03
2.660020e-05	5.642846e-03	8.938343e-02	7.920284e-03
3.059023e-05	6.080717e-03	9.568262e-02	8.493558e-03
3.517876e-05	6.550143e-03	1.025720e-01	9.108326e-03
4.045558e-05	7.053421e-03	1.095581e-01	9.767592e-03
4.652391e-05	7.593010e-03	1.169344e-01	1.047458e-02
5.350250e-05	8.171548e-03	1.243462e-01	1.123273e-02
6.152788e-05	8.791862e-03	1.317866e-01	1.204576e-02
7.075706e-05	9.456984e-03	1.397565e-01	1.291764e-02
8.137062e-05	1.017016e-02	1.475660e-01	1.385263e-02
9.357621e-05	1.093488e-02	1.557035e-01	1.485529e-02
1.076126e-04	1.175488e-02	1.631191e-01	1.593052e-02
1.237545e-04	1.263417e-02	1.712116e-01	1.708358e-02
1.423177e-04	1.357704e-02	1.794856e-01	1.832010e-02
1.636654e-04	1.458809e-02	1.870180e-01	1.964612e-02
1.882152e-04	1.567227e-02	1.951583e-01	2.106811e-02
2.164475e-04	1.683488e-02	2.019038e-01	2.259303e-02
2.489146e-04	1.808159e-02	2.092587e-01	2.422833e-02
2.862518e-04	1.941850e-02	2.164539e-01	2.598199e-02
3.291895e-04	2.085213e-02	2.227259e-01	2.786258e-02
3.785680e-04	2.238949e-02	2.293733e-01	2.987929e-02
4.353531e-04	2.403810e-02	2.349810e-01	3.204197e-02
5.006561e-04	2.580600e-02	2.403539e-01	3.436118e-02
5.757545e-04	2.770183e-02	2.451710e-01	3.684826e-02
6.621177e-04	2.973485e-02	2.494048e-01	3.951536e-02
7.614354e-04	3.191501e-02	2.535047e-01	4.237550e-02
8.756507e-04	3.425294e-02	2.567956e-01	4.544266e-02
1.006998e-03	3.676006e-02	2.595533e-01	4.873182e-02
1.158048e-03	3.944864e-02	2.618283e-01	5.225906e-02
1.331755e-03	4.233179e-02	2.640101e-01	5.604160e-02
1.531519e-03	4.542362e-02	2.652689e-01	6.009792e-02
1.761246e-03	4.873921e-02	2.663217e-01	6.443668e-02
2.025433e-03	5.229477e-02	2.665534e-01	6.911477e-02
2.329248e-03	5.610768e-02	2.661985e-01	7.411617e-02
2.678635e-03	6.019655e-02	2.655342e-01	7.948145e-02
3.080431e-03	6.458136e-02	2.639822e-01	8.523401e-02
3.542495e-03	6.928353e-02	2.619936e-01	9.140318e-02
4.073870e-03	7.432604e-02	2.592648e-01	9.801887e-02
4.684950e-03	7.973352e-02	2.558591e-01	1.051134e-01
5.387693e-03	8.553239e-02	2.517886e-01	1.127215e-01
6.195847e-03	9.175097e-02	2.470825e-01	1.208801e-01
7.125224e-03	9.841965e-02	2.416520e-01	1.296294e-01
8.194007e-03	1.055710e-01	2.356972e-01	1.390119e-01
9.423108e-03	1.132400e-01	2.290818e-01	1.490736e-01
1.083657e-02	1.214640e-01	2.222806e-01	1.598634e-01
1.246206e-02	1.302833e-01	2.146095e-01	1.714343e-01
1.433137e-02	1.397409e-01	2.064063e-01	1.838426e-01
1.648108e-02	1.498831e-01	1.981604e-01	1.971492e-01
1.895324e-02	1.607594e-01	1.891964e-01	2.114189e-01
2.179622e-02	1.724229e-01	1.808919e-01	2.267213e-01
2.506566e-02	1.849306e-01	1.716559e-01	2.431313e-01
2.882550e-02	1.983436e-01	1.622901e-01	2.607292e-01
3.314933e-02	2.127275e-01	1.533623e-01	2.796008e-01
3.812173e-02	2.281524e-01	1.438214e-01	2.998384e-01
4.383999e-02	2.446938e-01	1.349805e-01	3.215406e-01
5.041599e-02	2.624325e-01	1.261539e-01	3.448137e-01
5.797838e-02	2.814552e-01	1.176741e-01	3.697715e-01
6.667514e-02	3.018547e-01	1.095765e-01	3.965357e-01
7.667641e-02	3.237307e-01	1.013841e-01	4.252370e-01
8.817787e-02	3.471901e-01	9.384885e-02	4.560156e-01
1.014046e-01	3.723475e-01	8.693954e-02	4.890221e-01
1.166152e-01	3.993258e-01	8.026044e-02	5.244174e-01
1.341075e-01	4.282568e-01	7.328364e-02	5.623779e-01
1.542237e-01	4.592819e-01	6.817529e-02	6.030701e-01
1.773572e-01	4.925552e-01	6.305130e-02	6.468262e-01
2.039608e-01	5.282378e-01	5.809984e-02	6.941991e-01
2.345549e-01	5.665030e-01	5.308351e-02	7.455218e-01
2.697381e-01	6.075273e-01	4.734020e-02	7.784794e-01
3.101989e-01	6.515184e-01	4.283248e-02	8.063268e-01
3.567287e-01	6.986963e-01	3.816218e-02	8.394334e-01
4.102380e-01	7.470274e-01	3.440775e-02	8.741191e-01
4.717737e-01	7.924640e-01	3.095833e-02	9.084926e-01
5.425397e-01	8.466424e-01	2.789072e-02	9.425589e-01
6.239207e-01	9.104878e-01	2.525271e-02	9.763999e-01
7.175088e-01	9.742915e-01	2.257533e-02	1.010205e+00
8.251351e-01	1.043077e+00	2.037316e-02	1.044301e+00
9.489054e-01	1.111742e+00	1.824074e-02	1.079161e+00
1.091241e+00	1.181198e+00	1.654019e-02	1.115449e+00
1.254927e+00	1.255143e+00	1.479518e-02	1.154050e+00
1.443166e+00	1.323017e+00	1.318551e-02	1.196104e+00
1.659641e+00	1.393172e+00	1.184347e-02	1.243067e+00
1.908588e+00	1.457852e+00	1.049174e-02	1.296750e+00
2.194876e+00	1.521439e+00	9.481335e-03	1.359382e+00
2.524107e+00	1.588304e+00	8.428470e-03	1.433680e+00
2.902723e+00	1.639960e+00	7.484351e-03	1.522912e+00
3.338132e+00	1.688929e+00	6.689620e-03	1.630962e+00
3.838852e+00	1.728290e+00	5.897178e-03	1.762406e+00
4.414679e+00	1.750449e+00	5.250716e-03	1.922591e+00
5.076881e+00	1.765684e+00	4.663019e-03	2.117760e+00
5.838413e+00	1.764435e+00	4.147418e-03	2.355234e+00
6.714175e+00	1.757606e+00	3.692338e-03	2.643688e+00
7.721302e+00	1.742864e+00	3.267906e-03	2.993559e+00
8.879497e+00	1.720379e+00	2.904410e-03	3.417612e+00
1.021142e+01	1.692750e+00	2.597383e-03	3.931695e+00
1.174313e+01	1.658902e+00	2.314063e-03	4.555726e+00
1.350460e+01	1.619764e+00	2.030475e-03	5.314970e+00
1.553030e+01	1.574541e+00	1.817234e-03	6.241717e+00
1.785984e+01	1.524451e+00	1.591084e-03	7.377392e+00
2.053882e+01	1.467560e+00	1.421350e-03	8.775325e+00
2.361964e+01	1.403655e+00	1.263790e-03	1.050409e+01
2.716258e+01	1.334397e+00	1.104886e-03	1.265329e+01
3.123697e+01	1.258143e+00	9.878092e-04	1.533318e+01
3.592252e+01	1.226031e+00	8.619583e-04	1.872271e+01
4.131089e+01	1.127576e+00	7.634665e-04	2.302771e+01
4.750753e+01	1.029431e+00	6.709865e-04	2.847621e+01
5.463366e+01	9.356445e-01	5.919575e-04	3.542804e+01
6.282871e+01	8.550625e-01	5.269342e-04	4.426776e+01
7.225301e+01	7.792015e-01	4.610699e-04	5.545268e+01
8.309096e+01	7.072011e-01	4.097664e-04	6.966708e+01
9.555461e+01	6.402794e-01	3.605247e-04	8.777615e+01
1.098878e+02	5.786059e-01	3.222338e-04	1.108908e+02
1.263710e+02	5.219341e-01	2.834220e-04	1.404385e+02
1.453266e+02	4.693586e-01	2.488369e-04	1.783013e+02
1.671256e+02	4.214617e-01	2.201151e-04	2.269100e+02
1.921945e+02	3.784321e-01	1.921166e-04	2.893302e+02
2.210236e+02	3.395258e-01	1.714107e-04	3.694519e+02
2.541772e+02	3.042924e-01	1.501227e-04	4.723825e+02
2.923037e+02	2.725658e-01	1.316081e-04	6.046863e+02
3.361493e+02	2.441238e-01	1.159505e-04	7.747345e+02
3.865717e+02	2.185618e-01	1.007901e-04	9.932948e+02
4.445574e+02	1.956138e-01	8.845189e-05	1.274252e+03
5.112411e+02	1.750842e-01	7.755883e-05	1.635408e+03
5.879272e+02	1.567419e-01	0.000000e+00	2.099544e+03
6.761163e+02	1.403606e-01	0.000000e+00	2.695822e+03
7.775337e+02	1.257589e-01	0.000000e+00	3.461471e+03
8.941638e+02	1.127650e-01	0.000000e+00	4.443919e+03
1.028288e+03	1.012119e-01	0.000000e+00	5.703462e+03
1.182532e+03	9.094920e-02	0.000000e+00	7.316525e+03
1.359911e+03	8.184775e-02	0.000000e+00	9.379667e+03
1.563898e+03	7.378146e-02	0.000000e+00	1.201440e+04
1.798483e+03	6.663524e-02	0.000000e+00	1.537293e+04
2.068255e+03	6.031450e-02	0.000000e+00	1.964508e+04
2.378493e+03	5.473674e-02	0.000000e+00	2.506634e+04
2.735268e+03	4.981765e-02	0.000000e+00	3.192698e+04
3.145558e+03	4.548484e-02	0.000000e+00	4.058241e+04
3.617391e+03	4.167952e-02	0.000000e+00	5.146455e+04
4.160000e+03	3.834632e-02	0.000000e+00	6.509407e+04
4.784000e+03	3.543414e-02	0.000000e+00	8.209313e+04
5.501600e+03	3.289952e-02	0.000000e+00	1.031982e+05
6.326840e+03	3.070333e-02	0.000000e+00	1.292725e+05
7.275866e+03	2.880821e-02	0.000000e+00	1.613174e+05
8.367246e+03	2.718232e-02	0.000000e+00	2.004831e+05
9.622333e+03	2.579911e-02	0.000000e+00	2.480763e+05
