# Energy_MeV	dEdx_Elec_MeV_um	dEdx_Nucl_MeV_um	Range_um
1.000000e-05	2.778324e-03	6.238259e-02	4.318831e-03
1.150000e-05	3.009564e-03	6.802320e-02	4.631431e-03
1.322500e-05	3.257253e-03	7.404046e-02	4.966656e-03
1.520875e-05	3.522607e-03	8.065224e-02	5.326145e-03
1.749006e-05	3.806929e-03	8.762978e-02	5.711655e-03
2.011357e-05	4.111614e-03	9.527503e-02	6.125067e-03
2.313061e-05	4.438154e-03	1.029267e-01	6.568403e-03
2.660020e-05	4.788147e-03	1.114629e-01	7.043827e-03
3.059023e-05	5.163307e-03	1.207630e-01	7.553663e-03
3.517876e-05	5.565470e-03	1.302932e-01	8.100401e-03
4.045558e-05	5.996601e-03	1.407559e-01	8.686713e-03
4.652391e-05	6.458810e-03	1.509132e-01	9.315462e-03
5.350250e-05	6.954355e-03	1.622363e-01	9.989720e-03
6.152788e-05	7.485659e-03	1.743539e-01	1.071278e-02
7.075706e-05	8.055318e-03	1.865982e-01	1.148818e-02
8.137062e-05	8.666117e-03	1.999005e-01	1.231970e-02
9.357621e-05	9.321041e-03	2.130722e-01	1.321140e-02
1.076126e-04	1.002329e-02	2.269622e-01	1.416765e-02
1.237545e-04	1.077629e-02	2.411664e-01	1.519311e-02
1.423177e-04	1.158373e-02	2.553192e-01	1.629280e-02
1.636654e-04	1.244955e-02	2.704095e-01	1.747208e-02
1.882152e-04	1.337798e-02	2.851885e-01	1.873672e-02
2.164475e-04	1.437356e-02	2.997116e-01	2.009289e-02
2.489146e-04	1.544114e-02	3.141999e-01	2.154723e-02
2.862518e-04	1.658596e-02	3.295739e-01	2.310683e-02
3.291895e-04	1.781359e-02	3.441751e-01	2.477931e-02
3.785680e-04	1.913004e-02	3.593410e-01	2.657285e-02
4.353531e-04	2.054173e-02	3.727441e-01	2.849621e-02
5.006561e-04	2.205557e-02	3.860012e-01	3.055878e-02
5.757545e-04	2.367896e-02	3.996910e-01	3.277064e-02
6.621177e-04	2.541981e-02	4.119433e-01	3.514260e-02
7.614354e-04	2.728664e-02	4.244619e-01	3.768624e-02
8.756507e-04	2.928857e-02	4.353302e-01	4.041399e-02
1.006998e-03	3.143537e-02	4.460776e-01	4.333917e-02
1.158048e-03	3.373754e-02	4.552829e-01	4.647609e-02
1.331755e-03	3.620632e-02	4.634050e-01	4.984005e-02
1.531519e-03	3.885377e-02	4.712773e-01	5.344750e-02
1.761246e-03	4.169283e-02	4.777906e-01	5.731606e-02
2.025433e-03	4.473736e-02	4.839298e-01	6.146462e-02
2.329248e-03	4.800225e-02	4.880335e-01	6.591346e-02
2.678635e-03	5.150343e-02	4.920046e-01	7.068432e-02
3.080431e-03	5.525802e-02	4.953698e-01	7.578639e-02
3.542495e-03	5.928435e-02	4.973200e-01	8.128948e-02
4.073870e-03	6.360210e-02	4.986680e-01	8.717193e-02
4.684950e-03	6.823236e-02	4.980844e-01	9.348231e-02
5.387693e-03	7.319775e-02	4.970140e-01	1.002482e-01
6.195847e-03	7.852253e-02	4.949375e-01	1.075041e-01
7.125224e-03	8.423271e-02	4.914679e-01	1.152851e-01
8.194007e-03	9.035619e-02	4.869826e-01	1.236294e-01
9.423108e-03	9.692289e-02	4.809924e-01	1.325776e-01
1.083657e-02	1.039649e-01	4.738886e-01	1.421735e-01
1.246206e-02	1.115166e-01	4.655318e-01	1.524639e-01
1.433137e-02	1.196148e-01	4.559278e-01	1.634992e-01
1.648108e-02	1.282992e-01	4.450648e-01	1.753332e-01
1.895324e-02	1.376122e-01	4.331328e-01	1.880238e-01
2.179622e-02	1.475993e-01	4.205478e-01	2.016329e-01
2.506566e-02	1.583093e-01	4.069004e-01	2.162270e-01
2.882550e-02	1.697944e-01	3.917844e-01	2.318775e-01
3.314933e-02	1.821108e-01	3.764889e-01	2.486608e-01
3.812173e-02	1.953187e-01	3.598622e-01	2.666588e-01
4.383999e-02	2.094826e-01	3.440649e-01	2.859595e-01
5.041599e-02	2.246716e-01	3.275236e-01	3.066573e-01
5.797838e-02	2.409601e-01	3.098157e-01	3.288532e-01
6.667514e-02	2.584275e-01	2.930569e-01	3.526557e-01
7.667641e-02	2.771592e-01	2.751953e-01	3.781808e-01
8.817787e-02	2.972467e-01	2.586198e-01	4.055535e-01
1.014046e-01	3.187882e-01	2.414942e-01	4.349076e-01
1.166152e-01	3.418888e-01	2.254385e-01	4.663864e-01
1.341075e-01	3.666615e-01	2.104011e-01	5.001436e-01
1.542237e-01	3.932273e-01	1.948826e-01	5.363439e-01
1.773572e-01	4.217158e-01	1.807294e-01	5.751646e-01
2.039608e-01	4.522664e-01	1.664552e-01	6.167949e-01
2.345549e-01	4.850283e-01	1.545135e-01	6.614422e-01
2.697381e-01	5.201615e-01	1.420014e-01	7.093025e-01
3.101989e-01	5.578401e-01	1.302069e-01	7.607640e-01
3.567287e-01	5.982469e-01	1.209306e-01	8.164778e-01
4.102380e-01	6.415783e-01	1.119437e-01	8.768368e-01
4.717737e-01	6.880461e-01	1.031031e-01	9.422987e-01
5.425397e-01	7.378615e-01	9.293645e-02	9.693974e-01
6.239207e-01	7.912856e-01	8.264737e-02	1.003284e+00
7.175088e-01	8.476768e-01	7.425031e-02	1.038887e+00
8.251351e-01	9.072387e-01	6.651519e-02	1.073479e+00
9.489054e-01	9.801520e-01	6.012787e-02	1.107091e+00
1.091241e+00	1.067615e+00	5.414799e-02	1.139849e+00
1.254927e+00	1.161605e+00	4.875668e-02	1.171996e+00
1.443166e+00	1.266152e+00	4.399989e-02	1.203912e+00
1.659641e+00	1.378019e+00	3.944163e-02	1.236145e+00
1.908588e+00	1.497552e+00	3.540108e-02	1.269430e+00
2.194876e+00	1.629185e+00	3.196666e-02	1.304710e+00
2.524107e+00	1.760761e+00	2.880579e-02	1.343206e+00
2.902723e+00	1.901243e+00	2.564655e-02	1.386423e+00
3.338132e+00	2.040401e+00	2.301105e-02	1.436203e+00
3.838852e+00	2.184334e+00	2.036819e-02	1.494781e+00
4.414679e+00	2.340263e+00	1.835443e-02	1.564831e+00
5.076881e+00	2.474501e+00	1.643984e-02	1.649519e+00
5.838413e+00	2.608374e+00	1.454814e-02	1.752540e+00
6.714175e+00	2.728097e+00	1.302009e-02	1.878158e+00
7.721302e+00	2.816134e+00	1.147226e-02	2.031259e+00
8.879497e+00	2.894137e+00	1.024102e-02	2.217433e+00
1.021142e+01	2.934497e+00	9.052361e-03	2.443103e+00
1.174313e+01	2.963980e+00	8.040508e-03	2.715757e+00
1.350460e+01	2.975668e+00	7.189950e-03	3.044275e+00
1.553030e+01	2.965314e+00	6.357243e-03	3.439401e+00
1.785984e+01	2.944657e+00	5.670576e-03	3.914350e+00
2.053882e+01	2.906458e+00	5.011198e-03	4.485600e+00
2.361964e+01	2.858001e+00	4.503503e-03	5.173884e+00
2.716258e+01	2.797566e+00	3.994333e-03	6.005451e+00
3.123697e+01	2.725415e+00	3.524533e-03	7.013666e+00
3.592252e+01	2.642851e+00	3.118392e-03	8.241057e+00
4.131089e+01	2.551356e+00	2.745728e-03	9.741758e+00
4.750753e+01	2.451004e+00	2.463178e-03	1.158605e+01
5.463366e+01	2.339607e+00	2.176280e-03	1.385900e+01
6.282871e+01	2.442852e+00	1.916929e-03	1.670245e+01
7.225301e+01	2.270611e+00	1.691140e-03	2.027590e+01
8.309096e+01	2.096119e+00	1.484331e-03	2.475047e+01
9.555461e+01	1.925632e+00	1.311783e-03	3.040508e+01
1.098878e+02	1.777514e+00	1.157647e-03	3.753034e+01
1.263710e+02	1.635109e+00	1.022664e-03	4.647008e+01
1.453266e+02	1.497346e+00	9.052717e-04	5.774968e+01
1.671256e+02	1.367168e+00	7.972594e-04	7.203329e+01
1.921945e+02	1.245278e+00	7.021890e-04	9.017462e+01
2.210236e+02	1.131663e+00	6.254364e-04	1.132723e+02
2.541772e+02	1.024480e+00	5.550129e-04	1.427786e+02
2.923037e+02	9.253117e-01	4.853823e-04	1.805724e+02
3.361493e+02	8.350152e-01	4.297026e-04	2.290260e+02
3.865717e+02	7.523755e-01	3.737874e-04	2.911534e+02
4.445574e+02	6.767159e-01	3.331332e-04	3.709192e+02
5.112411e+02	6.079520e-01	2.943351e-04	4.734253e+02
5.879272e+02	5.458238e-01	2.562956e-04	6.051817e+02
6.761163e+02	4.896019e-01	2.267337e-04	7.745656e+02
7.775337e+02	4.388611e-01	1.965949e-04	9.923805e+02
8.941638e+02	3.932792e-01	1.734130e-04	1.272477e+03
1.028288e+03	3.524095e-01	1.511569e-04	1.632572e+03
1.182532e+03	3.157773e-01	1.323258e-04	2.095340e+03
1.359911e+03	2.830465e-01	1.170003e-04	2.689717e+03
1.563898e+03	2.538923e-01	1.018975e-04	3.452556e+03
1.798483e+03	2.279379e-01	8.983462e-05	4.430701e+03
2.068255e+03	2.048491e-01	7.837374e-05	5.683520e+03
2.378493e+03	1.843661e-01	0.000000e+00	7.286016e+03
2.735268e+03	1.662127e-01	0.000000e+00	9.332577e+03
3.145558e+03	1.501241e-01	0.000000e+00	1.194145e+04
3.617391e+03	1.358915e-01	0.000000e+00	1.526010e+04
4.160000e+03	1.233343e-01	0.000000e+00	1.947147e+04
4.784000e+03	1.122608e-01	0.000000e+00	2.480110e+04
5.501600e+03	1.025077e-01	0.000000e+00	3.152516e+04
6.326840e+03	9.394608e-02	0.000000e+00	3.997927e+04
7.275866e+03	8.644658e-02	0.000000e+00	5.056805e+04
8.367246e+03	7.988660e-02	0.000000e+00	6.377501e+04
9.622333e+03	7.417302e-02	0.000000e+00	8.017256e+04
