# Energy_MeV	dEdx_Elec_MeV_um	dEdx_Nucl_MeV_um	Range_um
1.000000e-05	8.577527e-03	4.404406e-02	2.331674e-03
1.150000e-05	9.198373e-03	4.834684e-02	2.500442e-03
1.322500e-05	9.864156e-03	5.371174e-02	2.681425e-03
1.520875e-05	1.057813e-02	5.948449e-02	2.875508e-03
1.749006e-05	1.134378e-02	6.601256e-02	3.083639e-03
2.011357e-05	1.216485e-02	7.337727e-02	3.306835e-03
2.313061e-05	1.304535e-02	8.127311e-02	3.546185e-03
2.660020e-05	1.398958e-02	9.012904e-02	3.802860e-03
3.059023e-05	1.500215e-02	9.973823e-02	4.078113e-03
3.517876e-05	1.608801e-02	1.103850e-01	4.373289e-03
4.045558e-05	1.725247e-02	1.220452e-01	4.689830e-03
4.652391e-05	1.850121e-02	1.347144e-01	5.029282e-03
5.350250e-05	1.984034e-02	1.489360e-01	5.393304e-03
6.152788e-05	2.127640e-02	1.643196e-01	5.783675e-03
7.075706e-05	2.281639e-02	1.809034e-01	6.202300e-03
8.137062e-05	2.446786e-02	1.988519e-01	6.651226e-03
9.357621e-05	2.623885e-02	2.194064e-01	7.132645e-03
1.076126e-04	2.813803e-02	2.414750e-01	7.648910e-03
1.237545e-04	3.017468e-02	2.654561e-01	8.202542e-03
1.423177e-04	3.235874e-02	2.911332e-01	8.796246e-03
1.636654e-04	3.470088e-02	3.187032e-01	9.432923e-03
1.882152e-04	3.721255e-02	3.502662e-01	1.011568e-02
2.164475e-04	3.990601e-02	3.837150e-01	1.084786e-02
2.489146e-04	4.279443e-02	4.199519e-01	1.163304e-02
2.862518e-04	4.589192e-02	4.591174e-01	1.247504e-02
3.291895e-04	4.921360e-02	5.015146e-01	1.337799e-02
3.785680e-04	5.277570e-02	5.469419e-01	1.434630e-02
4.353531e-04	5.659564e-02	5.948335e-01	1.538469e-02
5.006561e-04	6.069206e-02	6.474852e-01	1.649824e-02
5.757545e-04	6.508498e-02	7.037193e-01	1.769239e-02
6.621177e-04	6.979587e-02	7.636602e-01	1.897298e-02
7.614354e-04	7.484773e-02	8.244036e-01	2.034625e-02
8.756507e-04	8.026525e-02	8.922468e-01	2.181892e-02
1.006998e-03	8.607489e-02	9.674204e-01	2.339819e-02
1.158048e-03	9.230504e-02	1.042771e+00	2.509176e-02
1.331755e-03	9.898612e-02	1.124552e+00	2.690792e-02
1.531519e-03	1.061508e-01	1.204903e+00	2.885553e-02
1.761246e-03	1.138340e-01	1.294144e+00	3.094411e-02
2.025433e-03	1.220734e-01	1.391871e+00	3.318386e-02
2.329248e-03	1.309091e-01	1.487664e+00	3.558572e-02
2.678635e-03	1.403844e-01	1.591414e+00	3.816143e-02
3.080431e-03	1.505455e-01	1.695907e+00	4.092358e-02
3.542495e-03	1.614421e-01	1.804667e+00	4.388565e-02
4.073870e-03	1.731273e-01	1.914541e+00	4.706212e-02
4.684950e-03	1.856584e-01	2.024348e+00	5.046850e-02
5.387693e-03	1.990964e-01	2.142611e+00	5.412143e-02
6.195847e-03	2.135072e-01	2.258226e+00	5.803877e-02
7.125224e-03	2.289609e-01	2.369167e+00	6.223965e-02
8.194007e-03	2.455332e-01	2.477510e+00	6.674459e-02
9.423108e-03	2.633051e-01	2.600752e+00	7.157560e-02
1.083657e-02	2.823632e-01	2.715605e+00	7.675628e-02
1.246206e-02	3.028008e-01	2.827277e+00	8.231194e-02
1.433137e-02	3.247177e-01	2.930096e+00	8.826972e-02
1.648108e-02	3.482209e-01	3.025789e+00	9.461018e-02
1.895324e-02	3.734253e-01	3.134359e+00	1.014965e-01
2.179622e-02	4.004541e-01	3.229157e+00	1.088603e-01
2.506566e-02	4.294392e-01	3.318608e+00	1.167395e-01
2.882550e-02	4.605222e-01	3.401483e+00	1.251888e-01
3.314933e-02	4.938550e-01	3.478418e+00	1.342499e-01
3.812173e-02	5.296005e-01	3.547420e+00	1.439668e-01
4.383999e-02	5.679333e-01	3.605401e+00	1.543869e-01
5.041599e-02	6.090406e-01	3.662575e+00	1.655614e-01
5.797838e-02	6.531233e-01	3.711392e+00	1.775446e-01
6.667514e-02	7.003967e-01	3.752201e+00	1.903952e-01
7.667641e-02	7.510918e-01	3.779553e+00	2.041759e-01
8.817787e-02	8.054562e-01	3.806645e+00	2.189540e-01
1.014046e-01	8.637555e-01	3.831965e+00	2.348019e-01
1.166152e-01	9.262746e-01	3.842083e+00	2.517968e-01
1.341075e-01	9.933189e-01	3.846978e+00	2.700218e-01
1.542237e-01	1.065216e+00	3.838419e+00	2.895658e-01
1.773572e-01	1.142317e+00	3.825648e+00	3.105245e-01
2.039608e-01	1.224998e+00	3.807148e+00	3.330004e-01
2.345549e-01	1.313664e+00	3.774972e+00	3.571030e-01
2.697381e-01	1.408748e+00	3.734971e+00	3.829500e-01
3.101989e-01	1.510714e+00	3.684311e+00	4.106679e-01
3.567287e-01	1.620060e+00	3.624464e+00	4.403920e-01
4.102380e-01	1.737321e+00	3.555168e+00	4.722678e-01
4.717737e-01	1.863069e+00	3.476324e+00	5.064506e-01
5.425397e-01	1.997919e+00	3.387552e+00	5.431075e-01
6.239207e-01	2.142529e+00	3.291158e+00	5.824176e-01
7.175088e-01	2.297607e+00	3.190547e+00	6.245732e-01
8.251351e-01	2.463909e+00	3.083185e+00	6.697801e-01
9.489054e-01	2.642248e+00	2.960247e+00	7.182588e-01
1.091241e+00	2.833495e+00	2.838112e+00	7.702468e-01
1.254927e+00	3.038585e+00	2.709703e+00	8.259967e-01
1.443166e+00	3.258519e+00	2.585611e+00	8.857796e-01
1.659641e+00	3.482859e+00	2.460867e+00	9.499247e-01
1.908588e+00	3.698904e+00	2.318390e+00	1.019227e+00
2.194876e+00	3.925530e+00	2.187095e+00	1.094315e+00
2.524107e+00	4.162256e+00	2.053200e+00	1.175714e+00
2.902723e+00	4.408194e+00	1.923968e+00	1.264047e+00
3.338132e+00	4.661911e+00	1.796112e+00	1.360032e+00
3.838852e+00	4.921273e+00	1.672398e+00	1.464499e+00
4.414679e+00	5.183264e+00	1.560144e+00	1.578431e+00
5.076881e+00	5.443791e+00	1.442286e+00	1.703003e+00
5.838413e+00	2.896065e+00	1.332854e+00	1.839638e+00
6.714175e+00	3.176197e+00	1.229082e+00	1.990086e+00
7.721302e+00	3.488415e+00	1.141603e+00	2.156519e+00
8.879497e+00	3.822845e+00	1.047406e+00	2.341675e+00
1.021142e+01	4.196778e+00	9.549215e-01	2.549024e+00
1.174313e+01	4.602446e+00	8.938562e-01	2.783005e+00
1.350460e+01	5.040035e+00	8.307365e-01	3.049329e+00
1.553030e+01	5.523554e+00	7.587222e-01	3.355382e+00
1.785984e+01	5.993624e+00	6.759057e-01	3.468893e+00
2.053882e+01	6.523327e+00	5.947933e-01	3.271501e+00
2.361964e+01	7.115368e+00	5.386794e-01	3.114759e+00
2.716258e+01	7.736183e+00	4.840482e-01	2.996410e+00
3.123697e+01	8.416954e+00	4.367473e-01	2.914796e+00
3.592252e+01	9.133213e+00	3.930891e-01	2.868761e+00
4.131089e+01	9.929370e+00	3.544247e-01	2.857563e+00
4.750753e+01	1.079563e+01	3.204214e-01	2.880769e+00
5.463366e+01	1.174061e+01	2.860349e-01	2.938394e+00
6.282871e+01	1.279624e+01	2.564707e-01	3.030819e+00
7.225301e+01	1.388025e+01	2.319885e-01	3.158924e+00
8.309096e+01	1.502353e+01	2.100850e-01	3.324249e+00
9.555461e+01	1.619291e+01	1.852132e-01	3.529164e+00
1.098878e+02	1.729336e+01	1.654778e-01	3.777061e+00
1.263710e+02	1.843528e+01	1.472464e-01	4.072553e+00
1.453266e+02	1.939962e+01	1.325313e-01	4.421696e+00
1.671256e+02	2.025703e+01	1.195076e-01	4.832199e+00
1.921945e+02	2.096255e+01	1.047237e-01	5.313792e+00
2.210236e+02	2.167330e+01	9.340006e-02	5.878568e+00
2.541772e+02	2.238808e+01	8.274126e-02	6.541444e+00
2.923037e+02	2.284582e+01	7.360723e-02	7.319899e+00
3.361493e+02	2.625758e+01	6.526190e-02	8.242140e+00
3.865717e+02	2.608113e+01	5.785367e-02	9.351599e+00
4.445574e+02	2.573766e+01	5.190401e-02	1.066694e+01
5.112411e+02	2.525170e+01	4.581963e-02	1.224277e+01
5.879272e+02	2.471948e+01	4.070173e-02	1.412751e+01
6.761163e+02	2.413217e+01	3.613785e-02	1.636273e+01
7.775337e+02	2.339800e+01	3.262296e-02	1.902217e+01
8.941638e+02	2.262581e+01	2.888705e-02	2.220944e+01
1.028288e+03	2.183472e+01	2.518931e-02	2.604738e+01
1.182532e+03	2.107145e+01	2.241214e-02	3.068767e+01
1.359911e+03	2.028445e+01	1.976312e-02	3.632674e+01
1.563898e+03	1.944877e+01	1.779687e-02	4.321735e+01
1.798483e+03	1.859166e+01	1.570715e-02	5.166748e+01
2.068255e+03	1.773465e+01	1.367057e-02	6.205264e+01
2.378493e+03	1.685567e+01	1.214507e-02	7.485921e+01
2.735268e+03	1.596575e+01	1.065107e-02	9.071906e+01
3.145558e+03	1.508619e+01	9.402919e-03	1.104241e+02
3.617391e+03	1.420437e+01	8.291524e-03	1.349808e+02
4.160000e+03	1.332524e+01	7.339474e-03	1.656888e+02
4.784000e+03	1.245912e+01	6.521669e-03	2.042099e+02
5.501600e+03	1.161421e+01	5.710176e-03	2.526688e+02
6.326840e+03	1.079573e+01	5.031783e-03	3.137846e+02
7.275866e+03	1.000880e+01	4.494858e-03	3.910377e+02
8.367246e+03	9.257153e+00	4.013136e-03	4.888738e+02
9.622333e+03	8.543319e+00	3.465850e-03	6.129675e+02
