# Energy_MeV	dEdx_Elec_MeV_um	dEdx_Nucl_MeV_um	Range_um
1.000000e-05	9.204460e-03	5.961312e-02	2.172860e-03
1.150000e-05	9.870684e-03	6.601199e-02	2.330132e-03
1.322500e-05	1.058513e-02	7.303422e-02	2.498789e-03
1.520875e-05	1.135129e-02	8.070293e-02	2.679652e-03
1.749006e-05	1.217290e-02	8.914203e-02	2.873607e-03
2.011357e-05	1.305398e-02	9.847908e-02	3.081600e-03
2.313061e-05	1.399883e-02	1.087237e-01	3.304648e-03
2.660020e-05	1.501208e-02	1.195804e-01	3.543840e-03
3.059023e-05	1.609866e-02	1.315308e-01	3.800345e-03
3.517876e-05	1.726389e-02	1.452051e-01	4.075416e-03
4.045558e-05	1.851346e-02	1.596224e-01	4.370397e-03
4.652391e-05	1.985347e-02	1.755867e-01	4.686729e-03
5.350250e-05	2.129048e-02	1.923599e-01	5.025956e-03
6.152788e-05	2.283149e-02	2.107162e-01	5.389738e-03
7.075706e-05	2.448405e-02	2.316863e-01	5.779850e-03
8.137062e-05	2.625621e-02	2.535249e-01	6.198199e-03
9.357621e-05	2.815665e-02	2.776567e-01	6.646827e-03
1.076126e-04	3.019465e-02	3.033370e-01	7.127928e-03
1.237545e-04	3.238015e-02	3.311873e-01	7.643852e-03
1.423177e-04	3.472384e-02	3.613405e-01	8.197118e-03
1.636654e-04	3.723717e-02	3.928241e-01	8.790429e-03
1.882152e-04	3.993242e-02	4.278881e-01	9.426685e-03
2.164475e-04	4.282275e-02	4.646619e-01	1.010899e-02
2.489146e-04	4.592228e-02	5.036307e-01	1.084069e-02
2.862518e-04	4.924616e-02	5.442127e-01	1.162534e-02
3.291895e-04	5.281063e-02	5.893188e-01	1.246679e-02
3.785680e-04	5.663309e-02	6.379525e-01	1.336914e-02
4.353531e-04	6.073222e-02	6.882568e-01	1.433681e-02
5.006561e-04	6.512805e-02	7.410383e-01	1.537452e-02
5.757545e-04	6.984205e-02	7.947544e-01	1.648733e-02
6.621177e-04	7.489726e-02	8.541092e-01	1.768069e-02
7.614354e-04	8.031836e-02	9.170428e-01	1.896043e-02
8.756507e-04	8.613185e-02	9.810631e-01	2.033280e-02
1.006998e-03	9.236612e-02	1.048329e+00	2.180450e-02
1.158048e-03	9.905162e-02	1.118137e+00	2.338272e-02
1.331755e-03	1.062210e-01	1.188964e+00	2.507517e-02
1.531519e-03	1.139094e-01	1.260212e+00	2.689012e-02
1.761246e-03	1.221542e-01	1.333697e+00	2.883645e-02
2.025433e-03	1.309958e-01	1.409888e+00	3.092364e-02
2.329248e-03	1.404773e-01	1.487209e+00	3.316191e-02
2.678635e-03	1.506451e-01	1.557970e+00	3.556219e-02
3.080431e-03	1.615489e-01	1.630425e+00	3.813620e-02
3.542495e-03	1.732419e-01	1.712146e+00	4.089652e-02
4.073870e-03	1.857813e-01	1.785038e+00	4.385663e-02
4.684950e-03	1.992282e-01	1.859755e+00	4.703100e-02
5.387693e-03	2.136484e-01	1.924561e+00	5.043512e-02
6.195847e-03	2.291124e-01	1.988629e+00	5.408564e-02
7.125224e-03	2.456957e-01	2.059899e+00	5.800039e-02
8.194007e-03	2.634793e-01	2.120169e+00	6.217911e-02
9.423108e-03	2.825501e-01	2.179954e+00	6.668867e-02
1.083657e-02	3.030012e-01	2.232690e+00	7.153056e-02
1.246206e-02	3.249326e-01	2.281979e+00	7.670705e-02
1.433137e-02	3.484514e-01	2.327414e+00	8.225926e-02
1.648108e-02	3.736725e-01	2.365075e+00	8.821315e-02
1.895324e-02	4.007191e-01	2.402824e+00	9.459793e-02
2.179622e-02	4.297233e-01	2.433691e+00	1.014448e-01
2.506566e-02	4.608269e-01	2.458818e+00	1.087873e-01
2.882550e-02	4.941818e-01	2.477611e+00	1.166613e-01
3.314933e-02	5.299510e-01	2.495700e+00	1.251052e-01
3.812173e-02	5.683091e-01	2.510242e+00	1.341602e-01
4.383999e-02	6.094436e-01	2.517397e+00	1.438707e-01
5.041599e-02	6.535555e-01	2.519073e+00	1.542839e-01
5.797838e-02	7.008601e-01	2.513764e+00	1.654510e-01
6.667514e-02	7.515888e-01	2.505355e+00	1.774263e-01
7.667641e-02	8.059892e-01	2.491738e+00	1.902684e-01
8.817787e-02	8.643271e-01	2.470617e+00	2.040400e-01
1.014046e-01	9.268875e-01	2.443560e+00	2.188083e-01
1.166152e-01	9.939762e-01	2.410040e+00	2.346457e-01
1.341075e-01	1.065921e+00	2.370184e+00	2.516294e-01
1.542237e-01	1.143073e+00	2.324294e+00	2.698423e-01
1.773572e-01	1.225809e+00	2.271898e+00	2.893735e-01
2.039608e-01	1.314533e+00	2.213630e+00	3.103183e-01
2.345549e-01	1.409680e+00	2.149448e+00	3.327793e-01
2.697381e-01	1.511713e+00	2.084013e+00	3.568659e-01
3.101989e-01	1.621132e+00	2.012475e+00	3.826959e-01
3.567287e-01	1.738471e+00	1.931558e+00	4.103954e-01
4.102380e-01	1.864302e+00	1.851986e+00	4.400999e-01
4.717737e-01	1.999241e+00	1.766679e+00	4.719546e-01
5.425397e-01	2.143947e+00	1.687080e+00	5.061151e-01
6.239207e-01	2.299127e+00	1.603753e+00	5.427465e-01
7.175088e-01	2.465539e+00	1.510974e+00	5.820334e-01
8.251351e-01	2.640581e+00	1.425310e+00	6.241578e-01
9.489054e-01	2.804754e+00	1.336940e+00	6.695971e-01
1.091241e+00	2.977100e+00	1.253046e+00	7.188298e-01
1.254927e+00	3.157307e+00	1.170414e+00	7.721848e-01
1.443166e+00	3.344768e+00	1.089599e+00	8.300734e-01
1.659641e+00	3.538483e+00	1.015365e+00	8.929566e-01
1.908588e+00	1.885669e+00	9.383310e-01	9.613710e-01
2.194876e+00	2.028174e+00	8.669655e-01	1.035948e+00
2.524107e+00	2.193848e+00	8.015448e-01	1.117441e+00
2.902723e+00	2.398161e+00	7.424436e-01	1.206760e+00
3.338132e+00	2.627008e+00	6.796794e-01	1.305020e+00
3.838852e+00	2.876634e+00	6.238999e-01	1.413604e+00
4.414679e+00	3.146267e+00	5.822461e-01	1.534245e+00
5.076881e+00	3.446790e+00	5.399507e-01	1.669144e+00
5.838413e+00	3.765025e+00	4.919469e-01	1.743502e+00
6.714175e+00	4.116776e+00	4.369215e-01	1.686230e+00
7.721302e+00	4.498074e+00	3.878960e-01	1.636204e+00
8.879497e+00	4.899503e+00	3.496896e-01	1.594571e+00
1.021142e+01	5.346525e+00	3.149883e-01	1.562478e+00
1.174313e+01	5.848898e+00	2.831022e-01	1.541109e+00
1.350460e+01	6.405568e+00	2.552539e-01	1.531695e+00
1.553030e+01	7.018453e+00	2.306857e-01	1.535485e+00
1.785984e+01	7.670899e+00	2.076988e-01	1.553888e+00
2.053882e+01	8.391115e+00	1.860365e-01	1.588292e+00
2.361964e+01	9.124976e+00	1.662819e-01	1.640151e+00
2.716258e+01	9.912941e+00	1.509566e-01	1.710992e+00
3.123697e+01	1.076173e+01	1.362163e-01	1.802472e+00
3.592252e+01	1.154994e+01	1.202196e-01	1.916472e+00
4.131089e+01	1.236801e+01	1.074713e-01	2.055221e+00
4.750753e+01	1.308904e+01	9.554251e-02	2.221451e+00
5.463366e+01	1.377419e+01	8.620559e-02	2.418573e+00
6.282871e+01	1.444540e+01	7.745878e-02	2.650892e+00
7.225301e+01	1.495485e+01	6.807422e-02	2.923793e+00
8.309096e+01	1.542805e+01	6.061866e-02	3.244012e+00
9.555461e+01	1.572050e+01	5.370586e-02	3.619912e+00
1.098878e+02	1.601500e+01	4.774526e-02	4.061897e+00
1.263710e+02	1.632706e+01	4.242875e-02	4.582689e+00
1.453266e+02	1.644033e+01	3.765586e-02	5.198223e+00
1.671256e+02	1.823997e+01	3.366029e-02	5.928952e+00
1.921945e+02	1.786838e+01	2.975992e-02	6.813159e+00
2.210236e+02	1.740206e+01	2.638542e-02	7.873032e+00
2.541772e+02	1.686670e+01	2.355413e-02	9.150586e+00
2.923037e+02	1.628276e+01	2.116146e-02	1.069574e+01
3.361493e+02	1.573910e+01	1.866779e-02	1.255191e+01
3.865717e+02	1.510720e+01	1.639794e-02	1.478139e+01
4.445574e+02	1.445456e+01	1.451575e-02	1.748139e+01
5.112411e+02	1.379867e+01	1.287852e-02	2.076694e+01
5.879272e+02	1.315514e+01	1.154300e-02	2.478236e+01
6.761163e+02	1.251847e+01	1.014636e-02	2.971325e+01
7.775337e+02	1.186043e+01	8.898888e-03	3.580251e+01
8.941638e+02	1.119758e+01	7.864014e-03	4.335288e+01
1.028288e+03	1.055385e+01	6.923431e-03	5.273739e+01
1.182532e+03	9.908832e+00	6.087516e-03	6.443470e+01
1.359911e+03	9.270595e+00	5.375888e-03	7.907580e+01
1.563898e+03	8.650801e+00	4.773084e-03	9.745949e+01
1.798483e+03	8.045755e+00	4.219439e-03	1.206050e+02
2.068255e+03	7.455701e+00	3.710848e-03	1.498333e+02
2.378493e+03	6.885971e+00	3.263585e-03	1.868443e+02
2.735268e+03	6.342617e+00	2.921747e-03	2.338220e+02
3.145558e+03	5.827877e+00	2.598041e-03	2.935692e+02
3.617391e+03	5.342840e+00	2.252713e-03	3.696845e+02
4.160000e+03	4.886682e+00	1.982934e-03	4.667734e+02
4.784000e+03	4.460377e+00	1.738755e-03	5.907212e+02
5.501600e+03	4.066910e+00	1.549495e-03	7.490271e+02
6.326840e+03	3.705484e+00	1.374289e-03	9.512145e+02
7.275866e+03	3.373576e+00	1.189397e-03	1.209329e+03
8.367246e+03	3.071613e+00	1.044371e-03	1.538533e+03
9.622333e+03	2.799372e+00	9.130062e-04	1.957818e+03
