# Energy_MeV	dEdx_Elec_MeV_um	dEdx_Nucl_MeV_um	Range_um
1.000000e-05	8.432720e-03	6.498178e-02	2.371714e-03
1.150000e-05	9.043085e-03	7.172690e-02	2.543380e-03
1.322500e-05	9.697628e-03	7.910742e-02	2.727471e-03
1.520875e-05	1.039955e-02	8.698931e-02	2.924887e-03
1.749006e-05	1.115227e-02	9.578595e-02	3.136592e-03
2.011357e-05	1.195948e-02	1.055902e-01	3.363620e-03
2.313061e-05	1.282511e-02	1.161286e-01	3.607080e-03
2.660020e-05	1.375340e-02	1.275821e-01	3.868163e-03
3.059023e-05	1.474888e-02	1.397662e-01	4.148142e-03
3.517876e-05	1.581641e-02	1.532712e-01	4.448387e-03
4.045558e-05	1.696121e-02	1.682265e-01	4.770364e-03
4.652391e-05	1.818887e-02	1.842048e-01	5.115645e-03
5.350250e-05	1.950539e-02	2.015437e-01	5.485918e-03
6.152788e-05	2.091721e-02	2.203103e-01	5.882992e-03
7.075706e-05	2.243120e-02	2.403621e-01	6.308806e-03
8.137062e-05	2.405479e-02	2.618765e-01	6.765441e-03
9.357621e-05	2.579588e-02	2.849436e-01	7.255127e-03
1.076126e-04	2.766300e-02	3.099869e-01	7.780257e-03
1.237545e-04	2.966527e-02	3.369120e-01	8.343396e-03
1.423177e-04	3.181245e-02	3.644463e-01	8.947295e-03
1.636654e-04	3.411506e-02	3.940309e-01	9.594905e-03
1.882152e-04	3.658432e-02	4.272850e-01	1.028939e-02
2.164475e-04	3.923232e-02	4.615273e-01	1.103414e-02
2.489146e-04	4.207197e-02	4.981364e-01	1.183280e-02
2.862518e-04	4.511716e-02	5.350885e-01	1.268926e-02
3.291895e-04	4.838277e-02	5.741331e-01	1.360772e-02
3.785680e-04	5.188474e-02	6.178842e-01	1.459265e-02
4.353531e-04	5.564018e-02	6.618381e-01	1.564888e-02
5.006561e-04	5.966745e-02	7.083172e-01	1.678155e-02
5.757545e-04	6.398621e-02	7.557605e-01	1.799621e-02
6.621177e-04	6.861757e-02	8.053757e-01	1.929878e-02
7.614354e-04	7.358414e-02	8.565212e-01	2.069564e-02
8.756507e-04	7.891020e-02	9.065343e-01	2.219360e-02
1.006998e-03	8.462176e-02	9.600175e-01	2.379998e-02
1.158048e-03	9.074673e-02	1.013203e+00	2.552264e-02
1.331755e-03	9.731503e-02	1.066387e+00	2.736998e-02
1.531519e-03	1.043587e-01	1.116812e+00	2.935104e-02
1.761246e-03	1.119123e-01	1.169961e+00	3.147548e-02
2.025433e-03	1.200126e-01	1.225495e+00	3.375369e-02
2.329248e-03	1.286991e-01	1.278074e+00	3.619680e-02
2.678635e-03	1.380144e-01	1.328458e+00	3.881674e-02
3.080431e-03	1.480040e-01	1.374644e+00	4.162632e-02
3.542495e-03	1.587166e-01	1.421491e+00	4.463926e-02
4.073870e-03	1.702046e-01	1.469100e+00	4.787027e-02
4.684950e-03	1.825241e-01	1.512312e+00	5.133514e-02
5.387693e-03	1.957353e-01	1.552547e+00	5.505081e-02
6.195847e-03	2.099027e-01	1.590600e+00	5.900682e-02
7.125224e-03	2.250956e-01	1.623998e+00	6.329840e-02
8.194007e-03	2.413881e-01	1.654119e+00	6.789259e-02
9.423108e-03	2.588599e-01	1.681187e+00	7.280635e-02
1.083657e-02	2.775963e-01	1.706080e+00	7.807596e-02
1.246206e-02	2.976889e-01	1.728157e+00	8.372711e-02
1.433137e-02	3.192358e-01	1.743697e+00	8.978717e-02
1.648108e-02	3.423422e-01	1.756751e+00	9.628587e-02
1.895324e-02	3.671211e-01	1.770064e+00	1.032550e-01
2.179622e-02	3.936936e-01	1.777974e+00	1.107285e-01
2.506566e-02	4.221893e-01	1.782411e+00	1.187430e-01
2.882550e-02	4.527476e-01	1.781573e+00	1.273375e-01
3.314933e-02	4.855177e-01	1.777087e+00	1.365542e-01
3.812173e-02	5.206597e-01	1.770866e+00	1.464379e-01
4.383999e-02	5.583454e-01	1.759186e+00	1.570371e-01
5.041599e-02	5.987587e-01	1.743134e+00	1.684034e-01
5.797838e-02	6.420972e-01	1.722492e+00	1.805924e-01
6.667514e-02	6.885725e-01	1.697476e+00	1.936636e-01
7.667641e-02	7.384117e-01	1.668013e+00	2.076809e-01
8.817787e-02	7.918584e-01	1.634314e+00	2.227129e-01
1.014046e-01	8.491735e-01	1.595709e+00	2.388329e-01
1.166152e-01	9.106371e-01	1.553602e+00	2.561196e-01
1.341075e-01	9.765495e-01	1.508176e+00	2.746575e-01
1.542237e-01	1.047233e+00	1.460493e+00	2.945373e-01
1.773572e-01	1.123032e+00	1.407876e+00	3.158560e-01
2.039608e-01	1.204318e+00	1.351330e+00	3.387176e-01
2.345549e-01	1.291487e+00	1.293435e+00	3.632340e-01
2.697381e-01	1.384965e+00	1.234884e+00	3.895249e-01
3.101989e-01	1.485210e+00	1.177204e+00	4.177189e-01
3.567287e-01	1.592710e+00	1.116099e+00	4.479535e-01
4.102380e-01	1.707991e+00	1.052628e+00	4.803767e-01
4.717737e-01	1.831617e+00	9.907892e-01	5.151456e-01
5.425397e-01	1.964190e+00	9.299279e-01	5.524319e-01
6.239207e-01	2.100718e+00	8.690276e-01	5.924284e-01
7.175088e-01	2.231121e+00	8.116980e-01	6.356207e-01
8.251351e-01	1.188596e+00	7.566441e-01	6.824193e-01
9.489054e-01	1.274698e+00	7.029770e-01	7.331467e-01
1.091241e+00	1.367033e+00	6.502699e-01	7.881921e-01
1.254927e+00	1.466051e+00	5.986468e-01	8.479996e-01
1.443166e+00	1.572237e+00	5.552848e-01	9.130847e-01
1.659641e+00	1.695282e+00	5.130283e-01	9.840560e-01
1.908588e+00	1.840152e+00	4.667889e-01	1.061641e+00
2.194876e+00	2.017667e+00	4.326054e-01	1.146720e+00
2.524107e+00	2.214833e+00	4.038032e-01	1.240372e+00
2.902723e+00	2.433600e+00	3.726818e-01	1.326917e+00
3.338132e+00	2.669975e+00	3.371827e-01	1.310530e+00
3.838852e+00	2.935385e+00	2.966051e-01	1.294282e+00
4.414679e+00	3.225597e+00	2.665278e-01	1.279204e+00
5.076881e+00	3.547890e+00	2.396944e-01	1.266381e+00
5.838413e+00	3.908199e+00	2.164519e-01	1.256965e+00
6.714175e+00	4.289076e+00	1.950093e-01	1.252162e+00
7.721302e+00	4.719069e+00	1.751097e-01	1.253309e+00
8.879497e+00	5.201062e+00	1.586542e-01	1.261843e+00
1.021142e+01	5.718579e+00	1.419940e-01	1.279308e+00
1.174313e+01	6.287608e+00	1.276053e-01	1.307366e+00
1.350460e+01	6.852901e+00	1.148200e-01	1.347787e+00
1.553030e+01	7.455516e+00	1.038966e-01	1.402447e+00
1.785984e+01	8.044765e+00	9.312316e-02	1.473323e+00
2.053882e+01	8.632747e+00	8.265223e-02	1.562523e+00
2.361964e+01	9.256844e+00	7.361596e-02	1.672334e+00
2.716258e+01	9.762303e+00	6.588753e-02	1.805337e+00
3.123697e+01	1.026801e+01	5.924045e-02	1.964543e+00
3.592252e+01	1.070908e+01	5.287181e-02	2.153567e+00
4.131089e+01	1.108849e+01	4.674950e-02	2.376844e+00
4.750753e+01	1.145868e+01	4.148984e-02	2.639864e+00
5.463366e+01	1.171007e+01	3.688153e-02	2.949470e+00
6.282871e+01	1.191585e+01	3.260013e-02	3.314176e+00
7.225301e+01	1.203112e+01	2.902217e-02	3.744564e+00
8.309096e+01	1.213466e+01	2.587921e-02	4.253826e+00
9.555461e+01	1.222798e+01	2.302714e-02	4.858300e+00
1.098878e+02	1.221383e+01	2.041677e-02	5.577964e+00
1.263710e+02	1.282078e+01	1.800161e-02	6.441464e+00
1.453266e+02	1.240271e+01	1.617861e-02	7.494481e+00
1.671256e+02	1.192276e+01	1.448595e-02	8.765955e+00
1.921945e+02	1.140666e+01	1.265444e-02	1.031539e+01
2.210236e+02	1.089772e+01	1.121633e-02	1.220548e+01
2.541772e+02	1.041059e+01	9.879424e-03	1.449703e+01
2.923037e+02	9.886307e+00	8.837109e-03	1.728227e+01
3.361493e+02	9.358955e+00	7.895162e-03	2.069238e+01
3.865717e+02	8.837585e+00	6.883363e-03	2.488747e+01
4.445574e+02	8.333298e+00	6.087102e-03	3.006987e+01
5.112411e+02	7.831667e+00	5.346985e-03	3.650322e+01
5.879272e+02	7.330259e+00	4.729289e-03	4.453205e+01
6.761163e+02	6.839197e+00	4.173151e-03	5.458834e+01
7.775337e+02	6.368048e+00	3.670730e-03	6.721092e+01
8.941638e+02	5.907470e+00	3.268394e-03	8.310020e+01
1.028288e+03	5.461550e+00	2.868784e-03	1.031755e+02
1.182532e+03	5.037091e+00	2.533979e-03	1.286067e+02
1.359911e+03	4.631505e+00	2.245975e-03	1.608950e+02
1.563898e+03	4.245124e+00	2.003066e-03	2.019903e+02
1.798483e+03	3.879873e+00	1.766601e-03	2.544042e+02
2.068255e+03	3.537251e+00	1.542700e-03	3.213661e+02
2.378493e+03	3.218149e+00	1.353081e-03	4.070236e+02
2.735268e+03	2.922974e+00	1.195456e-03	5.166978e+02
3.145558e+03	2.651225e+00	1.061384e-03	6.571914e+02
3.617391e+03	2.402165e+00	9.335362e-04	8.371835e+02
4.160000e+03	2.175050e+00	8.138413e-04	1.067709e+03
4.784000e+03	1.969161e+00	7.122322e-04	1.362751e+03
5.501600e+03	1.783405e+00	6.247461e-04	1.739947e+03
6.326840e+03	1.616546e+00	5.439287e-04	2.221448e+03
7.275866e+03	1.467252e+00	4.779250e-04	2.834930e+03
8.367246e+03	1.334052e+00	4.212999e-04	3.614796e+03
9.622333e+03	1.215418e+00	3.697998e-04	4.603556e+03
