# Energy_MeV	dEdx_Elec_MeV_um	dEdx_Nucl_MeV_um	Range_um
1.000000e-05	8.695192e-03	4.792848e-02	2.300122e-03
1.150000e-05	9.324555e-03	5.308743e-02	2.466606e-03
1.322500e-05	9.999471e-03	5.892071e-02	2.645140e-03
1.520875e-05	1.072324e-02	6.547709e-02	2.836596e-03
1.749006e-05	1.149939e-02	7.253367e-02	3.041911e-03
2.011357e-05	1.233172e-02	8.042528e-02	3.262086e-03
2.313061e-05	1.322430e-02	8.901220e-02	3.498197e-03
2.660020e-05	1.418148e-02	9.850734e-02	3.751399e-03
3.059023e-05	1.520795e-02	1.088969e-01	4.022927e-03
3.517876e-05	1.630871e-02	1.202206e-01	4.314109e-03
4.045558e-05	1.748914e-02	1.328902e-01	4.626366e-03
4.652391e-05	1.875501e-02	1.466377e-01	4.961225e-03
5.350250e-05	2.011251e-02	1.614006e-01	5.320321e-03
6.152788e-05	2.156826e-02	1.774400e-01	5.705409e-03
7.075706e-05	2.312938e-02	1.958082e-01	6.118369e-03
8.137062e-05	2.480350e-02	2.154409e-01	6.561220e-03
9.357621e-05	2.659879e-02	2.368725e-01	7.036125e-03
1.076126e-04	2.852403e-02	2.597158e-01	7.545403e-03
1.237545e-04	3.058861e-02	2.843554e-01	8.091543e-03
1.423177e-04	3.280263e-02	3.125635e-01	8.677213e-03
1.636654e-04	3.517690e-02	3.423045e-01	9.305275e-03
1.882152e-04	3.772303e-02	3.746932e-01	9.978795e-03
2.164475e-04	4.045344e-02	4.095666e-01	1.070107e-02
2.489146e-04	4.338148e-02	4.473356e-01	1.147561e-02
2.862518e-04	4.652145e-02	4.879462e-01	1.230623e-02
3.291895e-04	4.988870e-02	5.305904e-01	1.319696e-02
3.785680e-04	5.349967e-02	5.776389e-01	1.415216e-02
4.353531e-04	5.737201e-02	6.276746e-01	1.517650e-02
5.006561e-04	6.152462e-02	6.809412e-01	1.627498e-02
5.757545e-04	6.597781e-02	7.352662e-01	1.745298e-02
6.621177e-04	7.075332e-02	7.959016e-01	1.871623e-02
7.614354e-04	7.587448e-02	8.626149e-01	2.007092e-02
8.756507e-04	8.136631e-02	9.299865e-01	2.152367e-02
1.006998e-03	8.725565e-02	1.002563e+00	2.308156e-02
1.158048e-03	9.357126e-02	1.074409e+00	2.475222e-02
1.331755e-03	1.003440e-01	1.154182e+00	2.654379e-02
1.531519e-03	1.076070e-01	1.240812e+00	2.846505e-02
1.761246e-03	1.153956e-01	1.326479e+00	3.052536e-02
2.025433e-03	1.237480e-01	1.418653e+00	3.273481e-02
2.329248e-03	1.327049e-01	1.512075e+00	3.510417e-02
2.678635e-03	1.423102e-01	1.608786e+00	3.764503e-02
3.080431e-03	1.526107e-01	1.706339e+00	4.036979e-02
3.542495e-03	1.636567e-01	1.804582e+00	4.329178e-02
4.073870e-03	1.755023e-01	1.909484e+00	4.642526e-02
4.684950e-03	1.882052e-01	2.012876e+00	4.978555e-02
5.387693e-03	2.018276e-01	2.111039e+00	5.338905e-02
6.195847e-03	2.164360e-01	2.207930e+00	5.725338e-02
7.125224e-03	2.321018e-01	2.318144e+00	6.139741e-02
8.194007e-03	2.489014e-01	2.419445e+00	6.584139e-02
9.423108e-03	2.669170e-01	2.519374e+00	7.060702e-02
1.083657e-02	2.862366e-01	2.610048e+00	7.571759e-02
1.246206e-02	3.069546e-01	2.695670e+00	8.119807e-02
1.433137e-02	3.291721e-01	2.792810e+00	8.704723e-02
1.648108e-02	3.529978e-01	2.876277e+00	9.338014e-02
1.895324e-02	3.785479e-01	2.956254e+00	1.001382e-01
2.179622e-02	4.059474e-01	3.029439e+00	1.073871e-01
2.506566e-02	4.353301e-01	3.097567e+00	1.151594e-01
2.882550e-02	4.668396e-01	3.159398e+00	1.234945e-01
3.314933e-02	5.006297e-01	3.210651e+00	1.324329e-01
3.812173e-02	5.368655e-01	3.261754e+00	1.420184e-01
4.383999e-02	5.757241e-01	3.304653e+00	1.522976e-01
5.041599e-02	6.173953e-01	3.340454e+00	1.633207e-01
5.797838e-02	6.620827e-01	3.365047e+00	1.751418e-01
6.667514e-02	7.100046e-01	3.389320e+00	1.878185e-01
7.667641e-02	7.613951e-01	3.411167e+00	2.014127e-01
8.817787e-02	8.165053e-01	3.420313e+00	2.159909e-01
1.014046e-01	8.756044e-01	3.424211e+00	2.316243e-01
1.166152e-01	9.389811e-01	3.416639e+00	2.483891e-01
1.341075e-01	1.006945e+00	3.405284e+00	2.663675e-01
1.542237e-01	1.079828e+00	3.388306e+00	2.856472e-01
1.773572e-01	1.157987e+00	3.359626e+00	3.063223e-01
2.039608e-01	1.241803e+00	3.323756e+00	3.284939e-01
2.345549e-01	1.331685e+00	3.278525e+00	3.522702e-01
2.697381e-01	1.428073e+00	3.225039e+00	3.777676e-01
3.101989e-01	1.531438e+00	3.163178e+00	4.051105e-01
3.567287e-01	1.642284e+00	3.092743e+00	4.344324e-01
4.102380e-01	1.761153e+00	3.013670e+00	4.658766e-01
4.717737e-01	1.888626e+00	2.927526e+00	4.995968e-01
5.425397e-01	2.025326e+00	2.838109e+00	5.357579e-01
6.239207e-01	2.171920e+00	2.742148e+00	5.745362e-01
7.175088e-01	2.329125e+00	2.632268e+00	6.161211e-01
8.251351e-01	2.497708e+00	2.523898e+00	6.607159e-01
9.489054e-01	2.678494e+00	2.409171e+00	7.085386e-01
1.091241e+00	2.872365e+00	2.299387e+00	7.598259e-01
1.254927e+00	3.080268e+00	2.187810e+00	8.148074e-01
1.443166e+00	3.283310e+00	2.060418e+00	8.738936e-01
1.659641e+00	3.486312e+00	1.944299e+00	9.378401e-01
1.908588e+00	3.699018e+00	1.824626e+00	1.007118e+00
2.194876e+00	3.920887e+00	1.710143e+00	1.082247e+00
2.524107e+00	4.150962e+00	1.596719e+00	1.163802e+00
2.902723e+00	4.387745e+00	1.486004e+00	1.252459e+00
3.338132e+00	4.629039e+00	1.386484e+00	1.349005e+00
3.838852e+00	4.871781e+00	1.281128e+00	1.454371e+00
4.414679e+00	5.111860e+00	1.184295e+00	1.569673e+00
5.076881e+00	2.714060e+00	1.092794e+00	1.696272e+00
5.838413e+00	2.984596e+00	1.014424e+00	1.835846e+00
6.714175e+00	3.288065e+00	9.301542e-01	1.990488e+00
7.721302e+00	3.616744e+00	8.494185e-01	2.162837e+00
8.879497e+00	3.978738e+00	7.945964e-01	2.356249e+00
1.021142e+01	4.380887e+00	7.380215e-01	2.575028e+00
1.174313e+01	4.802048e+00	6.736891e-01	2.824718e+00
1.350460e+01	5.262493e+00	5.997070e-01	2.824706e+00
1.553030e+01	5.732193e+00	5.288214e-01	2.688380e+00
1.785984e+01	6.261005e+00	4.784607e-01	2.578215e+00
2.053882e+01	6.861246e+00	4.301212e-01	2.494021e+00
2.361964e+01	7.483156e+00	3.877776e-01	2.435823e+00
2.716258e+01	8.178067e+00	3.491380e-01	2.403848e+00
3.123697e+01	8.936546e+00	3.149854e-01	2.398506e+00
3.592252e+01	9.755101e+00	2.844943e-01	2.420298e+00
4.131089e+01	1.066602e+01	2.541470e-01	2.470022e+00
4.750753e+01	1.163127e+01	2.276759e-01	2.548583e+00
5.463366e+01	1.268103e+01	2.061548e-01	2.657179e+00
6.282871e+01	1.377787e+01	1.865366e-01	2.797420e+00
7.225301e+01	1.484368e+01	1.642808e-01	2.971498e+00
8.309096e+01	1.596669e+01	1.469651e-01	3.182365e+00
9.555461e+01	1.696606e+01	1.306597e-01	3.433944e+00
1.098878e+02	1.796077e+01	1.177440e-01	3.731327e+00
1.263710e+02	1.888253e+01	1.060968e-01	4.081018e+00
1.453266e+02	1.956860e+01	9.290322e-02	4.491226e+00
1.671256e+02	2.023099e+01	8.294492e-02	4.972152e+00
1.921945e+02	2.089813e+01	7.340599e-02	5.536364e+00
2.210236e+02	2.147854e+01	6.535283e-02	6.199813e+00
2.541772e+02	2.193339e+01	5.797665e-02	6.979743e+00
2.923037e+02	2.361745e+01	5.141260e-02	7.911673e+00
3.361493e+02	2.329873e+01	4.608618e-02	9.031395e+00
3.865717e+02	2.287390e+01	4.064385e-02	1.036269e+01
4.445574e+02	2.229669e+01	3.613470e-02	1.196421e+01
5.112411e+02	2.176662e+01	3.212141e-02	1.388104e+01
5.879272e+02	2.112610e+01	2.897042e-02	1.615901e+01
6.761163e+02	2.039767e+01	2.562623e-02	1.888622e+01
7.775337e+02	1.964897e+01	2.238571e-02	2.216984e+01
8.941638e+02	1.889575e+01	1.989545e-02	2.614200e+01
1.028288e+03	1.816776e+01	1.756673e-02	3.096710e+01
1.182532e+03	1.740167e+01	1.580393e-02	3.686080e+01
1.359911e+03	1.660672e+01	1.393272e-02	4.409631e+01
1.563898e+03	1.581001e+01	1.214879e-02	5.300632e+01
1.798483e+03	1.500797e+01	1.078061e-02	6.400285e+01
2.068255e+03	1.419618e+01	9.461866e-03	7.762866e+01
2.378493e+03	1.338665e+01	8.343996e-03	9.457776e+01
2.735268e+03	1.258841e+01	7.361574e-03	1.157255e+02
3.145558e+03	1.179443e+01	6.520486e-03	1.421931e+02
3.617391e+03	1.100712e+01	5.787782e-03	1.754280e+02
4.160000e+03	1.024234e+01	5.072484e-03	2.172833e+02
4.784000e+03	9.504740e+00	4.464819e-03	2.701314e+02
5.501600e+03	8.795772e+00	3.992232e-03	3.370143e+02
6.326840e+03	8.118768e+00	3.561705e-03	4.218264e+02
7.275866e+03	7.476978e+00	3.074914e-03	5.295449e+02
8.367246e+03	6.872664e+00	2.715066e-03	6.665220e+02
9.622333e+03	6.307460e+00	2.373882e-03	8.408427e+02
