# Energy_MeV	dEdx_Elec_MeV_um	dEdx_Nucl_MeV_um	Range_um
1.000000e-05	9.491408e-03	4.914928e-02	2.107169e-03
1.150000e-05	1.017840e-02	5.449453e-02	2.259687e-03
1.322500e-05	1.091512e-02	6.039268e-02	2.423244e-03
1.520875e-05	1.170516e-02	6.715488e-02	2.598640e-03
1.749006e-05	1.255239e-02	7.444925e-02	2.786731e-03
2.011357e-05	1.346094e-02	8.253581e-02	2.988436e-03
2.313061e-05	1.443525e-02	9.139146e-02	3.204740e-03
2.660020e-05	1.548008e-02	1.011614e-01	3.436701e-03
3.059023e-05	1.660053e-02	1.119384e-01	3.685451e-03
3.517876e-05	1.780209e-02	1.235698e-01	3.952206e-03
4.045558e-05	1.909061e-02	1.365873e-01	4.238269e-03
4.652391e-05	2.047240e-02	1.507620e-01	4.545037e-03
5.350250e-05	2.195420e-02	1.662329e-01	4.874010e-03
6.152788e-05	2.354326e-02	1.826738e-01	5.226793e-03
7.075706e-05	2.524733e-02	2.012233e-01	5.605111e-03
8.137062e-05	2.707475e-02	2.219069e-01	6.010812e-03
9.357621e-05	2.903444e-02	2.438351e-01	6.445878e-03
1.076126e-04	3.113596e-02	2.679847e-01	6.912434e-03
1.237545e-04	3.338960e-02	2.932844e-01	7.412759e-03
1.423177e-04	3.580636e-02	3.217769e-01	7.949299e-03
1.636654e-04	3.839804e-02	3.533180e-01	8.524673e-03
1.882152e-04	4.117731e-02	3.864710e-01	9.141694e-03
2.164475e-04	4.415775e-02	4.230590e-01	9.803374e-03
2.489146e-04	4.735391e-02	4.621294e-01	1.051295e-02
2.862518e-04	5.078141e-02	5.043160e-01	1.127388e-02
3.291895e-04	5.445699e-02	5.492642e-01	1.208989e-02
3.785680e-04	5.839862e-02	5.972523e-01	1.296496e-02
4.353531e-04	6.262554e-02	6.500894e-01	1.390337e-02
5.006561e-04	6.715841e-02	7.060077e-01	1.490971e-02
5.757545e-04	7.201937e-02	7.636766e-01	1.598888e-02
6.621177e-04	7.723217e-02	8.250822e-01	1.714616e-02
7.614354e-04	8.282228e-02	8.953274e-01	1.838721e-02
8.756507e-04	8.881700e-02	9.666318e-01	1.971809e-02
1.006998e-03	9.524562e-02	1.042881e+00	2.114529e-02
1.158048e-03	1.021396e-01	1.119884e+00	2.267580e-02
1.331755e-03	1.095325e-01	1.200684e+00	2.431709e-02
1.531519e-03	1.174605e-01	1.293057e+00	2.607717e-02
1.761246e-03	1.259623e-01	1.384116e+00	2.796465e-02
2.025433e-03	1.350796e-01	1.480837e+00	2.998875e-02
2.329248e-03	1.448567e-01	1.579668e+00	3.215935e-02
2.678635e-03	1.553415e-01	1.682595e+00	3.448706e-02
3.080431e-03	1.665852e-01	1.788573e+00	3.698325e-02
3.542495e-03	1.786427e-01	1.891812e+00	3.966012e-02
4.073870e-03	1.915730e-01	2.003437e+00	4.253074e-02
4.684950e-03	2.054391e-01	2.113615e+00	4.560913e-02
5.387693e-03	2.203089e-01	2.223534e+00	4.891035e-02
6.195847e-03	2.362550e-01	2.325623e+00	5.245050e-02
7.125224e-03	2.533552e-01	2.437147e+00	5.624690e-02
8.194007e-03	2.716932e-01	2.553724e+00	6.031808e-02
9.423108e-03	2.913585e-01	2.658875e+00	6.468393e-02
1.083657e-02	3.124472e-01	2.764639e+00	6.936579e-02
1.246206e-02	3.350623e-01	2.855984e+00	7.438652e-02
1.433137e-02	3.593143e-01	2.954406e+00	7.976081e-02
1.648108e-02	3.853217e-01	3.054105e+00	8.554756e-02
1.895324e-02	4.132115e-01	3.138894e+00	9.173781e-02
2.179622e-02	4.431199e-01	3.223522e+00	9.837840e-02
2.506566e-02	4.751932e-01	3.299009e+00	1.054988e-01
2.882550e-02	5.095879e-01	3.368117e+00	1.131348e-01
3.314933e-02	5.464721e-01	3.428757e+00	1.213234e-01
3.812173e-02	5.860261e-01	3.482264e+00	1.301047e-01
4.383999e-02	6.284430e-01	3.534410e+00	1.395215e-01
5.041599e-02	6.739300e-01	3.577114e+00	1.496200e-01
5.797838e-02	7.227094e-01	3.608361e+00	1.604495e-01
6.667514e-02	7.750195e-01	3.633274e+00	1.720627e-01
7.667641e-02	8.311158e-01	3.661183e+00	1.845165e-01
8.817787e-02	8.912724e-01	3.675603e+00	1.978717e-01
1.014046e-01	9.557832e-01	3.683222e+00	2.121937e-01
1.166152e-01	1.024963e+00	3.679894e+00	2.275523e-01
1.341075e-01	1.099151e+00	3.668671e+00	2.440225e-01
1.542237e-01	1.178708e+00	3.655309e+00	2.616847e-01
1.773572e-01	1.264023e+00	3.629034e+00	2.806254e-01
2.039608e-01	1.355514e+00	3.594254e+00	3.009371e-01
2.345549e-01	1.453627e+00	3.549931e+00	3.227190e-01
2.697381e-01	1.558841e+00	3.496443e+00	3.460774e-01
3.101989e-01	1.671671e+00	3.433892e+00	3.711264e-01
3.567287e-01	1.792667e+00	3.362637e+00	3.979886e-01
4.102380e-01	1.922421e+00	3.281016e+00	4.267952e-01
4.717737e-01	2.061567e+00	3.192645e+00	4.576867e-01
5.425397e-01	2.210785e+00	3.097185e+00	4.908141e-01
6.239207e-01	2.370802e+00	2.998545e+00	5.263392e-01
7.175088e-01	2.542402e+00	2.887533e+00	5.644358e-01
8.251351e-01	2.726423e+00	2.768366e+00	6.052902e-01
9.489054e-01	2.923763e+00	2.650098e+00	6.491000e-01
1.091241e+00	3.135386e+00	2.526661e+00	6.960868e-01
1.254927e+00	3.362327e+00	2.410255e+00	7.464551e-01
1.443166e+00	3.572457e+00	2.281369e+00	8.007177e-01
1.659641e+00	3.792440e+00	2.147958e+00	8.595020e-01
1.908588e+00	4.022623e+00	2.023890e+00	9.231967e-01
2.194876e+00	4.262292e+00	1.895558e+00	9.922930e-01
2.524107e+00	4.510254e+00	1.772649e+00	1.067334e+00
2.902723e+00	4.764683e+00	1.653372e+00	1.148953e+00
3.338132e+00	5.022947e+00	1.540293e+00	1.237894e+00
3.838852e+00	5.281429e+00	1.431952e+00	1.335040e+00
4.414679e+00	2.809579e+00	1.321095e+00	1.441458e+00
5.076881e+00	3.080439e+00	1.217761e+00	1.558453e+00
5.838413e+00	3.374347e+00	1.129014e+00	1.687638e+00
6.714175e+00	3.698354e+00	1.043517e+00	1.831034e+00
7.721302e+00	4.057512e+00	9.461663e-01	1.991197e+00
8.879497e+00	4.442110e+00	8.801229e-01	2.171390e+00
1.021142e+01	4.869609e+00	8.225668e-01	2.375801e+00
1.174313e+01	5.323686e+00	7.575564e-01	2.609834e+00
1.350460e+01	5.796335e+00	6.829168e-01	2.797857e+00
1.553030e+01	6.302314e+00	5.980029e-01	2.636676e+00
1.785984e+01	6.862018e+00	5.385957e-01	2.507062e+00
2.053882e+01	7.479542e+00	4.843841e-01	2.407398e+00
2.361964e+01	8.125556e+00	4.378402e-01	2.336503e+00
2.716258e+01	8.827449e+00	3.941366e-01	2.293571e+00
3.123697e+01	9.610331e+00	3.544328e-01	2.278106e+00
3.592252e+01	1.043376e+01	3.211874e-01	2.289853e+00
4.131089e+01	1.135584e+01	2.868980e-01	2.328847e+00
4.750753e+01	1.236710e+01	2.579170e-01	2.395413e+00
5.463366e+01	1.342949e+01	2.317646e-01	2.490207e+00
6.282871e+01	1.459249e+01	2.106532e-01	2.614356e+00
7.225301e+01	1.568845e+01	1.880739e-01	2.769591e+00
8.309096e+01	1.682513e+01	1.661976e-01	2.958406e+00
9.555461e+01	1.793928e+01	1.488944e-01	3.184216e+00
1.098878e+02	1.892380e+01	1.326510e-01	3.451531e+00
1.263710e+02	1.990008e+01	1.200831e-01	3.766132e+00
1.453266e+02	2.055366e+01	1.066521e-01	4.135339e+00
1.671256e+02	2.125231e+01	9.387356e-02	4.568289e+00
1.921945e+02	2.199046e+01	8.384453e-02	5.076105e+00
2.210236e+02	2.248624e+01	7.415202e-02	5.673065e+00
2.541772e+02	2.585648e+01	6.582345e-02	6.375328e+00
2.923037e+02	2.571717e+01	5.846839e-02	7.218858e+00
3.361493e+02	2.541973e+01	5.211886e-02	8.224584e+00
3.865717e+02	2.500248e+01	4.650394e-02	9.423239e+00
4.445574e+02	2.441929e+01	4.103108e-02	1.086102e+01
5.112411e+02	2.391627e+01	3.632001e-02	1.257259e+01
5.879272e+02	2.321575e+01	3.265792e-02	1.460296e+01
6.761163e+02	2.245721e+01	2.926864e-02	1.703303e+01
7.775337e+02	2.167724e+01	2.545993e-02	1.995545e+01
8.941638e+02	2.090029e+01	2.260522e-02	2.348538e+01
1.028288e+03	2.014153e+01	1.987641e-02	2.776822e+01
1.182532e+03	1.932730e+01	1.783771e-02	3.299444e+01
1.359911e+03	1.847769e+01	1.593891e-02	3.939989e+01
1.563898e+03	1.763936e+01	1.383751e-02	4.727038e+01
1.798483e+03	1.677636e+01	1.226528e-02	5.696591e+01
2.068255e+03	1.590071e+01	1.075792e-02	6.896228e+01
2.378493e+03	1.503084e+01	9.523566e-03	8.385782e+01
2.735268e+03	1.416276e+01	8.389335e-03	1.024088e+02
3.145558e+03	1.329618e+01	7.399436e-03	1.255893e+02
3.617391e+03	1.243824e+01	6.592132e-03	1.546486e+02
4.160000e+03	1.160067e+01	5.774940e-03	1.911856e+02
4.784000e+03	1.078843e+01	5.102884e-03	2.372441e+02
5.501600e+03	1.000562e+01	4.513892e-03	2.954429e+02
6.326840e+03	9.256782e+00	4.051619e-03	3.691291e+02
7.275866e+03	8.544953e+00	3.554692e-03	4.625773e+02
8.367246e+03	7.872215e+00	3.087066e-03	5.812369e+02
9.622333e+03	7.240805e+00	2.728227e-03	7.320368e+02
