# Energy_MeV	dEdx_Elec_MeV_um	dEdx_Nucl_MeV_um	Range_um
1.000000e-05	8.943539e-03	4.739626e-02	2.236251e-03
1.150000e-05	9.590877e-03	5.258821e-02	2.398112e-03
1.322500e-05	1.028507e-02	5.825833e-02	2.571689e-03
1.520875e-05	1.102951e-02	6.475010e-02	2.757829e-03
1.749006e-05	1.182783e-02	7.183999e-02	2.957442e-03
2.011357e-05	1.268394e-02	7.961383e-02	3.171503e-03
2.313061e-05	1.360201e-02	8.820071e-02	3.401059e-03
2.660020e-05	1.458653e-02	9.764304e-02	3.647229e-03
3.059023e-05	1.564231e-02	1.080168e-01	3.911217e-03
3.517876e-05	1.677450e-02	1.192929e-01	4.194313e-03
4.045558e-05	1.798865e-02	1.318028e-01	4.497900e-03
4.652391e-05	1.929068e-02	1.455569e-01	4.823460e-03
5.350250e-05	2.068695e-02	1.605892e-01	5.172585e-03
6.152788e-05	2.218428e-02	1.764581e-01	5.546979e-03
7.075706e-05	2.378999e-02	1.942667e-01	5.948473e-03
8.137062e-05	2.551192e-02	2.143581e-01	6.379026e-03
9.357621e-05	2.735849e-02	2.355317e-01	6.840744e-03
1.076126e-04	2.933871e-02	2.590209e-01	7.335880e-03
1.237545e-04	3.146226e-02	2.834663e-01	7.866855e-03
1.423177e-04	3.373952e-02	3.108216e-01	8.436262e-03
1.636654e-04	3.618160e-02	3.415019e-01	9.046883e-03
1.882152e-04	3.880045e-02	3.735372e-01	9.701701e-03
2.164475e-04	4.160884e-02	4.090375e-01	1.040392e-02
2.489146e-04	4.462051e-02	4.467372e-01	1.115696e-02
2.862518e-04	4.785017e-02	4.877082e-01	1.196450e-02
3.291895e-04	5.131359e-02	5.313805e-01	1.283050e-02
3.785680e-04	5.502770e-02	5.776924e-01	1.375918e-02
4.353531e-04	5.901063e-02	6.290324e-01	1.475508e-02
5.006561e-04	6.328185e-02	6.830305e-01	1.582306e-02
5.757545e-04	6.786223e-02	7.395901e-01	1.696834e-02
6.621177e-04	7.277413e-02	7.986903e-01	1.819651e-02
7.614354e-04	7.804156e-02	8.661318e-01	1.951359e-02
8.756507e-04	8.369025e-02	9.362845e-01	2.092599e-02
1.006998e-03	8.974779e-02	1.009699e+00	2.244063e-02
1.158048e-03	9.624379e-02	1.085678e+00	2.406489e-02
1.331755e-03	1.032100e-01	1.163507e+00	2.580672e-02
1.531519e-03	1.106804e-01	1.252198e+00	2.767462e-02
1.761246e-03	1.186915e-01	1.342189e+00	2.967773e-02
2.025433e-03	1.272824e-01	1.435368e+00	3.182582e-02
2.329248e-03	1.364952e-01	1.532494e+00	3.412939e-02
2.678635e-03	1.463748e-01	1.633058e+00	3.659969e-02
3.080431e-03	1.569695e-01	1.735587e+00	3.924879e-02
3.542495e-03	1.683310e-01	1.837296e+00	4.208964e-02
4.073870e-03	1.805149e-01	1.944673e+00	4.513611e-02
4.684950e-03	1.935806e-01	2.053584e+00	4.840309e-02
5.387693e-03	2.075921e-01	2.162485e+00	5.190653e-02
6.195847e-03	2.226177e-01	2.262082e+00	5.566355e-02
7.125224e-03	2.387309e-01	2.369184e+00	5.969251e-02
8.194007e-03	2.560104e-01	2.484843e+00	6.401308e-02
9.423108e-03	2.745406e-01	2.587745e+00	6.864639e-02
1.083657e-02	2.944119e-01	2.693104e+00	7.361505e-02
1.246206e-02	3.157216e-01	2.782769e+00	7.894334e-02
1.433137e-02	3.385737e-01	2.877307e+00	8.461592e-02
1.648108e-02	3.630799e-01	2.976944e+00	9.077842e-02
1.895324e-02	3.893598e-01	3.060391e+00	9.735814e-02
2.179622e-02	4.175419e-01	3.144427e+00	1.044051e-01
2.506566e-02	4.477638e-01	3.218323e+00	1.119616e-01
2.882550e-02	4.801731e-01	3.287492e+00	1.200654e-01
3.314933e-02	5.149283e-01	3.348125e+00	1.287555e-01
3.812173e-02	5.521991e-01	3.400590e+00	1.380747e-01
4.383999e-02	5.921676e-01	3.452899e+00	1.480685e-01
5.041599e-02	6.350290e-01	3.495052e+00	1.587857e-01
5.797838e-02	6.809927e-01	3.527966e+00	1.702785e-01
6.667514e-02	7.302833e-01	3.552258e+00	1.826031e-01
7.667641e-02	7.831416e-01	3.579079e+00	1.958198e-01
8.817787e-02	8.398258e-01	3.595900e+00	2.099933e-01
1.014046e-01	9.006129e-01	3.603586e+00	2.251925e-01
1.166152e-01	9.657997e-01	3.602558e+00	2.414918e-01
1.341075e-01	1.035705e+00	3.592063e+00	2.589709e-01
1.542237e-01	1.110670e+00	3.579259e+00	2.777153e-01
1.773572e-01	1.191061e+00	3.555844e+00	2.978163e-01
2.039608e-01	1.277270e+00	3.522599e+00	3.193723e-01
2.345549e-01	1.369720e+00	3.480771e+00	3.424883e-01
2.697381e-01	1.468861e+00	3.429637e+00	3.672776e-01
3.101989e-01	1.575178e+00	3.369649e+00	3.938613e-01
3.567287e-01	1.689190e+00	3.301111e+00	4.223691e-01
4.102380e-01	1.811454e+00	3.222757e+00	4.529401e-01
4.717737e-01	1.942568e+00	3.137008e+00	4.857239e-01
5.425397e-01	2.083172e+00	3.043881e+00	5.208807e-01
6.239207e-01	2.233953e+00	2.948450e+00	5.585823e-01
7.175088e-01	2.395648e+00	2.841865e+00	5.990127e-01
8.251351e-01	2.569046e+00	2.724994e+00	6.423691e-01
9.489054e-01	2.754995e+00	2.610171e+00	6.888640e-01
1.091241e+00	2.954403e+00	2.488384e+00	7.387251e-01
1.254927e+00	3.168245e+00	2.374938e+00	7.921861e-01
1.443166e+00	3.382254e+00	2.251167e+00	8.495834e-01
1.659641e+00	3.591758e+00	2.119165e+00	9.116478e-01
1.908588e+00	3.811417e+00	1.998017e+00	9.788897e-01
2.194876e+00	4.040723e+00	1.871602e+00	1.051796e+00
2.524107e+00	4.278758e+00	1.751965e+00	1.130925e+00
2.902723e+00	4.524067e+00	1.633994e+00	1.216923e+00
3.338132e+00	4.774491e+00	1.522157e+00	1.310544e+00
3.838852e+00	5.027002e+00	1.416647e+00	1.412678e+00
4.414679e+00	5.277510e+00	1.307020e+00	1.524391e+00
5.076881e+00	2.852059e+00	1.206175e+00	1.646978e+00
5.838413e+00	3.129545e+00	1.116151e+00	1.782032e+00
6.714175e+00	3.441218e+00	1.033458e+00	1.931537e+00
7.721302e+00	3.774609e+00	9.399609e-01	2.097993e+00
8.879497e+00	4.146645e+00	8.689648e-01	2.284572e+00
1.021142e+01	4.555186e+00	8.132049e-01	2.495338e+00
1.174313e+01	4.990637e+00	7.507296e-01	2.735523e+00
1.350460e+01	5.470911e+00	6.790826e-01	3.011897e+00
1.553030e+01	5.944055e+00	5.966885e-01	2.845713e+00
1.785984e+01	6.478445e+00	5.339695e-01	2.706680e+00
2.053882e+01	7.080017e+00	4.817705e-01	2.597730e+00
2.361964e+01	7.705143e+00	4.345607e-01	2.518033e+00
2.716258e+01	8.396736e+00	3.911662e-01	2.467086e+00
3.123697e+01	9.136235e+00	3.518182e-01	2.444665e+00
3.592252e+01	9.946310e+00	3.186203e-01	2.450787e+00
4.131089e+01	1.083521e+01	2.856053e-01	2.485605e+00
4.750753e+01	1.178913e+01	2.561576e-01	2.549698e+00
5.463366e+01	1.284234e+01	2.298501e-01	2.643812e+00
6.282871e+01	1.392547e+01	2.089777e-01	2.769140e+00
7.225301e+01	1.502594e+01	1.872856e-01	2.927438e+00
8.309096e+01	1.616989e+01	1.652283e-01	3.121200e+00
9.555461e+01	1.719645e+01	1.480677e-01	3.353838e+00
1.098878e+02	1.824915e+01	1.316729e-01	3.629876e+00
1.263710e+02	1.916847e+01	1.191981e-01	3.955143e+00
1.453266e+02	1.992037e+01	1.062932e-01	4.337054e+00
1.671256e+02	2.058373e+01	9.338874e-02	4.784864e+00
1.921945e+02	2.123728e+01	8.343006e-02	5.310039e+00
2.210236e+02	2.185666e+01	7.375049e-02	5.926908e+00
2.541772e+02	2.228116e+01	6.556511e-02	6.651536e+00
2.923037e+02	2.494772e+01	5.817477e-02	7.513323e+00
3.361493e+02	2.470960e+01	5.180209e-02	8.549897e+00
3.865717e+02	2.431475e+01	4.629813e-02	9.779767e+00
4.445574e+02	2.378136e+01	4.082998e-02	1.125651e+01
5.112411e+02	2.324789e+01	3.619789e-02	1.302346e+01
5.879272e+02	2.263311e+01	3.241454e-02	1.512070e+01
6.761163e+02	2.190103e+01	2.912838e-02	1.762337e+01
7.775337e+02	2.113990e+01	2.542347e-02	2.062926e+01
8.941638e+02	2.036647e+01	2.246514e-02	2.425671e+01
1.028288e+03	1.962118e+01	1.984178e-02	2.865216e+01
1.182532e+03	1.884409e+01	1.770603e-02	3.400658e+01
1.359911e+03	1.802790e+01	1.586983e-02	4.056406e+01
1.563898e+03	1.720005e+01	1.379833e-02	4.862176e+01
1.798483e+03	1.636960e+01	1.219188e-02	5.854444e+01
2.068255e+03	1.552342e+01	1.073659e-02	7.080872e+01
2.378493e+03	1.467276e+01	9.477529e-03	8.602933e+01
2.735268e+03	1.383322e+01	8.350360e-03	1.049788e+02
3.145558e+03	1.299426e+01	7.354038e-03	1.286423e+02
3.617391e+03	1.215887e+01	6.554940e-03	1.582928e+02
4.160000e+03	1.134187e+01	5.757487e-03	1.955585e+02
4.784000e+03	1.055018e+01	5.078734e-03	2.425225e+02
5.501600e+03	9.785957e+00	4.485729e-03	3.018535e+02
6.326840e+03	9.053135e+00	4.027238e-03	3.769681e+02
7.275866e+03	8.356048e+00	3.549799e-03	4.722318e+02
8.367246e+03	7.696931e+00	3.076361e-03	5.932169e+02
9.622333e+03	7.077315e+00	2.719149e-03	7.470185e+02
