# Energy_MeV	dEdx_Elec_MeV_um	dEdx_Nucl_MeV_um	Range_um
1.000000e-05	8.624950e-03	5.485895e-02	2.318854e-03
1.150000e-05	9.249229e-03	6.081838e-02	2.486694e-03
1.322500e-05	9.918693e-03	6.734886e-02	2.666682e-03
1.520875e-05	1.063661e-02	7.454608e-02	2.859698e-03
1.749006e-05	1.140650e-02	8.249687e-02	3.066684e-03
2.011357e-05	1.223210e-02	9.106924e-02	3.288653e-03
2.313061e-05	1.311747e-02	1.006613e-01	3.526687e-03
2.660020e-05	1.406692e-02	1.111140e-01	3.781951e-03
3.059023e-05	1.508509e-02	1.225113e-01	4.055690e-03
3.517876e-05	1.617696e-02	1.346690e-01	4.349243e-03
4.045558e-05	1.734786e-02	1.483201e-01	4.664044e-03
4.652391e-05	1.860350e-02	1.635397e-01	5.001630e-03
5.350250e-05	1.995003e-02	1.797549e-01	5.363650e-03
6.152788e-05	2.139403e-02	1.975276e-01	5.751874e-03
7.075706e-05	2.294254e-02	2.162493e-01	6.168198e-03
8.137062e-05	2.460313e-02	2.372208e-01	6.614655e-03
9.357621e-05	2.638392e-02	2.604277e-01	7.093427e-03
1.076126e-04	2.829360e-02	2.849594e-01	7.606853e-03
1.237545e-04	3.034151e-02	3.118905e-01	8.157441e-03
1.423177e-04	3.253764e-02	3.407686e-01	8.747881e-03
1.636654e-04	3.489273e-02	3.718810e-01	9.381058e-03
1.882152e-04	3.741829e-02	4.049992e-01	1.006006e-02
2.164475e-04	4.012664e-02	4.404877e-01	1.078822e-02
2.489146e-04	4.303103e-02	4.793746e-01	1.156907e-02
2.862518e-04	4.614564e-02	5.207298e-01	1.240645e-02
3.291895e-04	4.948569e-02	5.633378e-01	1.330443e-02
3.785680e-04	5.306749e-02	6.086541e-01	1.426742e-02
4.353531e-04	5.690854e-02	6.603896e-01	1.530010e-02
5.006561e-04	6.102761e-02	7.130673e-01	1.640753e-02
5.757545e-04	6.544482e-02	7.693546e-01	1.759511e-02
6.621177e-04	7.018175e-02	8.263464e-01	1.886866e-02
7.614354e-04	7.526154e-02	8.860170e-01	2.023438e-02
8.756507e-04	8.070901e-02	9.540709e-01	2.169896e-02
1.006998e-03	8.655077e-02	1.021389e+00	2.326954e-02
1.158048e-03	9.281537e-02	1.092837e+00	2.495380e-02
1.331755e-03	9.953339e-02	1.165949e+00	2.675997e-02
1.531519e-03	1.067377e-01	1.241905e+00	2.869687e-02
1.761246e-03	1.144634e-01	1.320473e+00	3.077396e-02
2.025433e-03	1.227483e-01	1.396840e+00	3.300140e-02
2.329248e-03	1.316329e-01	1.479218e+00	3.539006e-02
2.678635e-03	1.411606e-01	1.560784e+00	3.795161e-02
3.080431e-03	1.513778e-01	1.641958e+00	4.069857e-02
3.542495e-03	1.623347e-01	1.718219e+00	4.364435e-02
4.073870e-03	1.740845e-01	1.800353e+00	4.680335e-02
4.684950e-03	1.866849e-01	1.886123e+00	5.019101e-02
5.387693e-03	2.001972e-01	1.964780e+00	5.382386e-02
6.195847e-03	2.146876e-01	2.042696e+00	5.771966e-02
7.125224e-03	2.302268e-01	2.111225e+00	6.189744e-02
8.194007e-03	2.468907e-01	2.183765e+00	6.637760e-02
9.423108e-03	2.647608e-01	2.257097e+00	7.118205e-02
1.083657e-02	2.839243e-01	2.320843e+00	7.631723e-02
1.246206e-02	3.044749e-01	2.383251e+00	8.186180e-02
1.433137e-02	3.265130e-01	2.439742e+00	8.778578e-02
1.648108e-02	3.501462e-01	2.491056e+00	9.414059e-02
1.895324e-02	3.754899e-01	2.535948e+00	1.009541e-01
2.179622e-02	4.026681e-01	2.576152e+00	1.082611e-01
2.506566e-02	4.318134e-01	2.614579e+00	1.160969e-01
2.882550e-02	4.630683e-01	2.646764e+00	1.245000e-01
3.314933e-02	4.965854e-01	2.670225e+00	1.335112e-01
3.812173e-02	5.325285e-01	2.688878e+00	1.431746e-01
4.383999e-02	5.710732e-01	2.709538e+00	1.535375e-01
5.041599e-02	6.124078e-01	2.720524e+00	1.646505e-01
5.797838e-02	6.567342e-01	2.726444e+00	1.765679e-01
6.667514e-02	7.042690e-01	2.724395e+00	1.893478e-01
7.667641e-02	7.552443e-01	2.716368e+00	2.030527e-01
8.817787e-02	8.099093e-01	2.706630e+00	2.177496e-01
1.014046e-01	8.685310e-01	2.687572e+00	2.335103e-01
1.166152e-01	9.313957e-01	2.662108e+00	2.504118e-01
1.341075e-01	9.988106e-01	2.629660e+00	2.685365e-01
1.542237e-01	1.071105e+00	2.590379e+00	2.879731e-01
1.773572e-01	1.148632e+00	2.544426e+00	3.088166e-01
2.039608e-01	1.231771e+00	2.491975e+00	3.311689e-01
2.345549e-01	1.320927e+00	2.431917e+00	3.551389e-01
2.697381e-01	1.416536e+00	2.366760e+00	3.808439e-01
3.101989e-01	1.519066e+00	2.296469e+00	4.084093e-01
3.567287e-01	1.629017e+00	2.223374e+00	4.379701e-01
4.102380e-01	1.746926e+00	2.141645e+00	4.696706e-01
4.717737e-01	1.873369e+00	2.054003e+00	5.036654e-01
5.425397e-01	2.008965e+00	1.966125e+00	5.401207e-01
6.239207e-01	2.154375e+00	1.875242e+00	5.792147e-01
7.175088e-01	2.310310e+00	1.788473e+00	6.211381e-01
8.251351e-01	2.477531e+00	1.693506e+00	6.660997e-01
9.489054e-01	2.656856e+00	1.595420e+00	7.142974e-01
1.091241e+00	2.830356e+00	1.502762e+00	7.661145e-01
1.254927e+00	3.005227e+00	1.408203e+00	8.222087e-01
1.443166e+00	3.188415e+00	1.316677e+00	8.829797e-01
1.659641e+00	3.379434e+00	1.228330e+00	9.488871e-01
1.908588e+00	3.577438e+00	1.144833e+00	1.020438e+00
2.194876e+00	3.781109e+00	1.063976e+00	1.098227e+00
2.524107e+00	3.988519e+00	9.823395e-01	1.182948e+00
2.902723e+00	2.104162e+00	9.052086e-01	1.275421e+00
3.338132e+00	2.295860e+00	8.391441e-01	1.376633e+00
3.838852e+00	2.523269e+00	7.757181e-01	1.487788e+00
4.414679e+00	2.767859e+00	7.038809e-01	1.610367e+00
5.076881e+00	3.041045e+00	6.540907e-01	1.746225e+00
5.838413e+00	3.336004e+00	6.112709e-01	1.897696e+00
6.714175e+00	3.658282e+00	5.631166e-01	2.067756e+00
7.721302e+00	4.017131e+00	5.081986e-01	2.117053e+00
8.879497e+00	4.391747e+00	4.456949e-01	2.041859e+00
1.021142e+01	4.804060e+00	4.008230e-01	1.977416e+00
1.174313e+01	5.238624e+00	3.607399e-01	1.924945e+00
1.350460e+01	5.729499e+00	3.258614e-01	1.885681e+00
1.553030e+01	6.288365e+00	2.935371e-01	1.860906e+00
1.785984e+01	6.881081e+00	2.637951e-01	1.851972e+00
2.053882e+01	7.539671e+00	2.389165e-01	1.860233e+00
2.361964e+01	8.255183e+00	2.136603e-01	1.887243e+00
2.716258e+01	9.001484e+00	1.919794e-01	1.934517e+00
3.123697e+01	9.820565e+00	1.726864e-01	2.003659e+00
3.592252e+01	1.066061e+01	1.566940e-01	2.096390e+00
4.131089e+01	1.153751e+01	1.400322e-01	2.214639e+00
4.750753e+01	1.241889e+01	1.239557e-01	2.360672e+00
5.463366e+01	1.321440e+01	1.108557e-01	2.537263e+00
6.282871e+01	1.402939e+01	9.886668e-02	2.747873e+00
7.225301e+01	1.472753e+01	8.934792e-02	2.996880e+00
8.309096e+01	1.538722e+01	7.942649e-02	3.289814e+00
9.555461e+01	1.598439e+01	7.004216e-02	3.633602e+00
1.098878e+02	1.636635e+01	6.243931e-02	4.036884e+00
1.263710e+02	1.672970e+01	5.528327e-02	4.510380e+00
1.453266e+02	1.708596e+01	4.902817e-02	5.067278e+00
1.671256e+02	1.734966e+01	4.355658e-02	5.724370e+00
1.921945e+02	1.752234e+01	3.885155e-02	6.500047e+00
2.210236e+02	1.901473e+01	3.463131e-02	7.431609e+00
2.541772e+02	1.859275e+01	3.059842e-02	8.554620e+00
2.923037e+02	1.810163e+01	2.705827e-02	9.897867e+00
3.361493e+02	1.750110e+01	2.431881e-02	1.152246e+01
3.865717e+02	1.696697e+01	2.179736e-02	1.347784e+01
4.445574e+02	1.635265e+01	1.898244e-02	1.581730e+01
5.112411e+02	1.568592e+01	1.683388e-02	1.863822e+01
5.879272e+02	1.501070e+01	1.482011e-02	2.205826e+01
6.761163e+02	1.433856e+01	1.328243e-02	2.622424e+01
7.775337e+02	1.368600e+01	1.187314e-02	3.132045e+01
8.941638e+02	1.300959e+01	1.031923e-02	3.758939e+01
1.028288e+03	1.232133e+01	9.130823e-03	4.533906e+01
1.182532e+03	1.164241e+01	8.022415e-03	5.494784e+01
1.359911e+03	1.096685e+01	7.094291e-03	6.688881e+01
1.563898e+03	1.029366e+01	6.257598e-03	8.178707e+01
1.798483e+03	9.632031e+00	5.513640e-03	1.004429e+02
2.068255e+03	8.987207e+00	4.907264e-03	1.238715e+02
2.378493e+03	8.355968e+00	4.305852e-03	1.533792e+02
2.735268e+03	7.739703e+00	3.800456e-03	1.906548e+02
3.145558e+03	7.148458e+00	3.367497e-03	2.378672e+02
3.617391e+03	6.585269e+00	3.015993e-03	2.977984e+02
4.160000e+03	6.051856e+00	2.648948e-03	3.740214e+02
4.784000e+03	5.548589e+00	2.305632e-03	4.711146e+02
5.501600e+03	5.075411e+00	2.032985e-03	5.949322e+02
6.326840e+03	4.635263e+00	1.788520e-03	7.529451e+02
7.275866e+03	4.229535e+00	1.598267e-03	9.546565e+02
8.367246e+03	3.855934e+00	1.398850e-03	1.212113e+03
9.622333e+03	3.513532e+00	1.215472e-03	1.540514e+03
