# Energy_MeV	dEdx_Elec_MeV_um	dEdx_Nucl_MeV_um	Range_um
1.000000e-05	8.831782e-03	5.767685e-02	2.264549e-03
1.150000e-05	9.471031e-03	6.384565e-02	2.428458e-03
1.322500e-05	1.015655e-02	7.065986e-02	2.604231e-03
1.520875e-05	1.089169e-02	7.820129e-02	2.792726e-03
1.749006e-05	1.168003e-02	8.631318e-02	2.994865e-03
2.011357e-05	1.252544e-02	9.543663e-02	3.211635e-03
2.313061e-05	1.343204e-02	1.053049e-01	3.444095e-03
2.660020e-05	1.440425e-02	1.160494e-01	3.693381e-03
3.059023e-05	1.544684e-02	1.275875e-01	3.960710e-03
3.517876e-05	1.656489e-02	1.405760e-01	4.247388e-03
4.045558e-05	1.776387e-02	1.549211e-01	4.554816e-03
4.652391e-05	1.904963e-02	1.703057e-01	4.884496e-03
5.350250e-05	2.042845e-02	1.870380e-01	5.238038e-03
6.152788e-05	2.190707e-02	2.047971e-01	5.617170e-03
7.075706e-05	2.349272e-02	2.247503e-01	6.023744e-03
8.137062e-05	2.519313e-02	2.465992e-01	6.459746e-03
9.357621e-05	2.701662e-02	2.698664e-01	6.927306e-03
1.076126e-04	2.897210e-02	2.952718e-01	7.428708e-03
1.237545e-04	3.106912e-02	3.226845e-01	7.966402e-03
1.423177e-04	3.331792e-02	3.520356e-01	8.543014e-03
1.636654e-04	3.572949e-02	3.832613e-01	9.161362e-03
1.882152e-04	3.831560e-02	4.169459e-01	9.824466e-03
2.164475e-04	4.108891e-02	4.535858e-01	1.053557e-02
2.489146e-04	4.406295e-02	4.928270e-01	1.129814e-02
2.862518e-04	4.725224e-02	5.327278e-01	1.211590e-02
3.291895e-04	5.067239e-02	5.758069e-01	1.299286e-02
3.785680e-04	5.434008e-02	6.250119e-01	1.393329e-02
4.353531e-04	5.827325e-02	6.742514e-01	1.494178e-02
5.006561e-04	6.249109e-02	7.277441e-01	1.602328e-02
5.757545e-04	6.701423e-02	7.808886e-01	1.718305e-02
6.621177e-04	7.186476e-02	8.375860e-01	1.842677e-02
7.614354e-04	7.706637e-02	9.019296e-01	1.976051e-02
8.756507e-04	8.264447e-02	9.650237e-01	2.119079e-02
1.006998e-03	8.862632e-02	1.032908e+00	2.272459e-02
1.158048e-03	9.504114e-02	1.101297e+00	2.436940e-02
1.331755e-03	1.019203e-01	1.172626e+00	2.613328e-02
1.531519e-03	1.092973e-01	1.246343e+00	2.802482e-02
1.761246e-03	1.172083e-01	1.318438e+00	3.005327e-02
2.025433e-03	1.256919e-01	1.396434e+00	3.222854e-02
2.329248e-03	1.347896e-01	1.472697e+00	3.456126e-02
2.678635e-03	1.445457e-01	1.548074e+00	3.706282e-02
3.080431e-03	1.550080e-01	1.620091e+00	3.974545e-02
3.542495e-03	1.662276e-01	1.698224e+00	4.262224e-02
4.073870e-03	1.782592e-01	1.777668e+00	4.570726e-02
4.684950e-03	1.911617e-01	1.851811e+00	4.901558e-02
5.387693e-03	2.049981e-01	1.923718e+00	5.256335e-02
6.195847e-03	2.198359e-01	1.988256e+00	5.636791e-02
7.125224e-03	2.357478e-01	2.057255e+00	6.044785e-02
8.194007e-03	2.528113e-01	2.124764e+00	6.482310e-02
9.423108e-03	2.711099e-01	2.184690e+00	6.948449e-02
1.083657e-02	2.907330e-01	2.242443e+00	7.454410e-02
1.246206e-02	3.117764e-01	2.295728e+00	7.994388e-02
1.433137e-02	3.343430e-01	2.343045e+00	8.573068e-02
1.648108e-02	3.585429e-01	2.384471e+00	9.193552e-02
1.895324e-02	3.844944e-01	2.422362e+00	9.858979e-02
2.179622e-02	4.123243e-01	2.457617e+00	1.057256e-01
2.506566e-02	4.421686e-01	2.487846e+00	1.133779e-01
2.882550e-02	4.741730e-01	2.508610e+00	1.215842e-01
3.314933e-02	5.084939e-01	2.526271e+00	1.303844e-01
3.812173e-02	5.452989e-01	2.545357e+00	1.398215e-01
4.383999e-02	5.847680e-01	2.554807e+00	1.499417e-01
5.041599e-02	6.270938e-01	2.560326e+00	1.607944e-01
5.797838e-02	6.724832e-01	2.557249e+00	1.724327e-01
6.667514e-02	7.211578e-01	2.549528e+00	1.849133e-01
7.667641e-02	7.733556e-01	2.539678e+00	1.982973e-01
8.817787e-02	8.293315e-01	2.521214e+00	2.126500e-01
1.014046e-01	8.893590e-01	2.496825e+00	2.280416e-01
1.166152e-01	9.537312e-01	2.465677e+00	2.445473e-01
1.341075e-01	1.022763e+00	2.428204e+00	2.622475e-01
1.542237e-01	1.096791e+00	2.384521e+00	2.812289e-01
1.773572e-01	1.176177e+00	2.334627e+00	3.015843e-01
2.039608e-01	1.261310e+00	2.277737e+00	3.234131e-01
2.345549e-01	1.352604e+00	2.215965e+00	3.468218e-01
2.697381e-01	1.450506e+00	2.149937e+00	3.719247e-01
3.101989e-01	1.555494e+00	2.080643e+00	3.988446e-01
3.567287e-01	1.668082e+00	2.002884e+00	4.277131e-01
4.102380e-01	1.788819e+00	1.920932e+00	4.586712e-01
4.717737e-01	1.918294e+00	1.837773e+00	4.918699e-01
5.425397e-01	2.057141e+00	1.753221e+00	5.274714e-01
6.239207e-01	2.206038e+00	1.671238e+00	5.656499e-01
7.175088e-01	2.365713e+00	1.580896e+00	6.065933e-01
8.251351e-01	2.536944e+00	1.489843e+00	6.504898e-01
9.489054e-01	2.706656e+00	1.402401e+00	6.976352e-01
1.091241e+00	2.874190e+00	1.314291e+00	7.486334e-01
1.254927e+00	3.049800e+00	1.227761e+00	8.038847e-01
1.443166e+00	3.233064e+00	1.145552e+00	8.637954e-01
1.659641e+00	3.423227e+00	1.067874e+00	9.288235e-01
1.908588e+00	3.619094e+00	9.914359e-01	9.995042e-01
2.194876e+00	1.940624e+00	9.156067e-01	1.076459e+00
2.524107e+00	2.093154e+00	8.428953e-01	1.160425e+00
2.902723e+00	2.273835e+00	7.825126e-01	1.252283e+00
3.338132e+00	2.490405e+00	7.223170e-01	1.353105e+00
3.838852e+00	2.724886e+00	6.566605e-01	1.464213e+00
4.414679e+00	2.986811e+00	6.104118e-01	1.587251e+00
5.076881e+00	3.264521e+00	5.699410e-01	1.724295e+00
5.838413e+00	3.571556e+00	5.240750e-01	1.877978e+00
6.714175e+00	3.908449e+00	4.718184e-01	1.867463e+00
7.721302e+00	4.266239e+00	4.148748e-01	1.808320e+00
8.879497e+00	4.662523e+00	3.728529e-01	1.757558e+00
1.021142e+01	5.075200e+00	3.356863e-01	1.716419e+00
1.174313e+01	5.543436e+00	3.029881e-01	1.686161e+00
1.350460e+01	6.075349e+00	2.730398e-01	1.668089e+00
1.553030e+01	6.645780e+00	2.456478e-01	1.663543e+00
1.785984e+01	7.281322e+00	2.222037e-01	1.673971e+00
2.053882e+01	7.959655e+00	1.988498e-01	1.700874e+00
2.361964e+01	8.678712e+00	1.783875e-01	1.745794e+00
2.716258e+01	9.455707e+00	1.607518e-01	1.810339e+00
3.123697e+01	1.024556e+01	1.457357e-01	1.896214e+00
3.592252e+01	1.108735e+01	1.298890e-01	2.005306e+00
4.131089e+01	1.189272e+01	1.152011e-01	2.139793e+00
4.750753e+01	1.265053e+01	1.029306e-01	2.302300e+00
5.463366e+01	1.341393e+01	9.198436e-02	2.496063e+00
6.282871e+01	1.403718e+01	8.306687e-02	2.725166e+00
7.225301e+01	1.465755e+01	7.363157e-02	2.994729e+00
8.309096e+01	1.517510e+01	6.506886e-02	3.311168e+00
9.555461e+01	1.554263e+01	5.795098e-02	3.682484e+00
1.098878e+02	1.584995e+01	5.135323e-02	4.118593e+00
1.263710e+02	1.613726e+01	4.548645e-02	4.631772e+00
1.453266e+02	1.637426e+01	4.043736e-02	5.237441e+00
1.671256e+02	1.648928e+01	3.610453e-02	5.952977e+00
1.921945e+02	1.810093e+01	3.212824e-02	6.810083e+00
2.210236e+02	1.769576e+01	2.841384e-02	7.846480e+00
2.541772e+02	1.719781e+01	2.513697e-02	9.086218e+00
2.923037e+02	1.661700e+01	2.261785e-02	1.058698e+01
3.361493e+02	1.607312e+01	2.022827e-02	1.239779e+01
3.865717e+02	1.548684e+01	1.764897e-02	1.456802e+01
4.445574e+02	1.484139e+01	1.563140e-02	1.718524e+01
5.112411e+02	1.418671e+01	1.378283e-02	2.036084e+01
5.879272e+02	1.353319e+01	1.234973e-02	2.423245e+01
6.761163e+02	1.290075e+01	1.101517e-02	2.897241e+01
7.775337e+02	1.225078e+01	9.592142e-03	3.480676e+01
8.941638e+02	1.158968e+01	8.480312e-03	4.202553e+01
1.028288e+03	1.093517e+01	7.457945e-03	5.098632e+01
1.182532e+03	1.028962e+01	6.582275e-03	6.213410e+01
1.359911e+03	9.647063e+00	5.809879e-03	7.605360e+01
1.563898e+03	9.015008e+00	5.127201e-03	9.350017e+01
1.798483e+03	8.401838e+00	4.556897e-03	1.154312e+02
2.068255e+03	7.803330e+00	4.001824e-03	1.430757e+02
2.378493e+03	7.219910e+00	3.525893e-03	1.780263e+02
2.735268e+03	6.660644e+00	3.130927e-03	2.223288e+02
3.145558e+03	6.128800e+00	2.801283e-03	2.786090e+02
3.617391e+03	5.626155e+00	2.452212e-03	3.502398e+02
4.160000e+03	5.153041e+00	2.139686e-03	4.415456e+02
4.784000e+03	4.708705e+00	1.884728e-03	5.580573e+02
5.501600e+03	4.295573e+00	1.662008e-03	7.068352e+02
6.326840e+03	3.915506e+00	1.484117e-03	8.968638e+02
7.275866e+03	3.566358e+00	1.294392e-03	1.139535e+03
8.367246e+03	3.246510e+00	1.127637e-03	1.449232e+03
9.622333e+03	2.956956e+00	9.912144e-04	1.844022e+03
