# Energy_MeV	dEdx_Elec_MeV_um	dEdx_Nucl_MeV_um	Range_um
1.000000e-05	9.127271e-03	5.301944e-02	2.191235e-03
1.150000e-05	9.787908e-03	5.891648e-02	2.349838e-03
1.322500e-05	1.049636e-02	6.527885e-02	2.519921e-03
1.520875e-05	1.125609e-02	7.237711e-02	2.702314e-03
1.749006e-05	1.207082e-02	8.011337e-02	2.897909e-03
2.011357e-05	1.294451e-02	8.866134e-02	3.107661e-03
2.313061e-05	1.388144e-02	9.801070e-02	3.332595e-03
2.660020e-05	1.488618e-02	1.082148e-01	3.573810e-03
3.059023e-05	1.596365e-02	1.196106e-01	3.832485e-03
3.517876e-05	1.711911e-02	1.319987e-01	4.109882e-03
4.045558e-05	1.835820e-02	1.453166e-01	4.407357e-03
4.652391e-05	1.968698e-02	1.597481e-01	4.726364e-03
5.350250e-05	2.111193e-02	1.762548e-01	5.068461e-03
6.152788e-05	2.264003e-02	1.939655e-01	5.435319e-03
7.075706e-05	2.427872e-02	2.132511e-01	5.828730e-03
8.137062e-05	2.603603e-02	2.338818e-01	6.250616e-03
9.357621e-05	2.792053e-02	2.560586e-01	6.703039e-03
1.076126e-04	2.994143e-02	2.814112e-01	7.188209e-03
1.237545e-04	3.210861e-02	3.082546e-01	7.708495e-03
1.423177e-04	3.443265e-02	3.374074e-01	8.266440e-03
1.636654e-04	3.692490e-02	3.688749e-01	8.864770e-03
1.882152e-04	3.959755e-02	4.028966e-01	9.506406e-03
2.164475e-04	4.246364e-02	4.395213e-01	1.019449e-02
2.489146e-04	4.553718e-02	4.779800e-01	1.093237e-02
2.862518e-04	4.883318e-02	5.203193e-01	1.172366e-02
3.291895e-04	5.236775e-02	5.654866e-01	1.257222e-02
3.785680e-04	5.615816e-02	6.135276e-01	1.348221e-02
4.353531e-04	6.022292e-02	6.626839e-01	1.445806e-02
5.006561e-04	6.458188e-02	7.171695e-01	1.550454e-02
5.757545e-04	6.925635e-02	7.772480e-01	1.662676e-02
6.621177e-04	7.426917e-02	8.382339e-01	1.783022e-02
7.614354e-04	7.964481e-02	9.036553e-01	1.912078e-02
8.756507e-04	8.540954e-02	9.687538e-01	2.050475e-02
1.006998e-03	9.159153e-02	1.040458e+00	2.198890e-02
1.158048e-03	9.822097e-02	1.118494e+00	2.358046e-02
1.331755e-03	1.053303e-01	1.196160e+00	2.528723e-02
1.531519e-03	1.129541e-01	1.279232e+00	2.711753e-02
1.761246e-03	1.211298e-01	1.363760e+00	2.908031e-02
2.025433e-03	1.298972e-01	1.451184e+00	3.118516e-02
2.329248e-03	1.392993e-01	1.539233e+00	3.344236e-02
2.678635e-03	1.493818e-01	1.628254e+00	3.586294e-02
3.080431e-03	1.601942e-01	1.722824e+00	3.845872e-02
3.542495e-03	1.717891e-01	1.816559e+00	4.124238e-02
4.073870e-03	1.842233e-01	1.905827e+00	4.422752e-02
4.684950e-03	1.975575e-01	1.993309e+00	4.742873e-02
5.387693e-03	2.118568e-01	2.092468e+00	5.086165e-02
6.195847e-03	2.271911e-01	2.184672e+00	5.454304e-02
7.125224e-03	2.436353e-01	2.275009e+00	5.849090e-02
8.194007e-03	2.612697e-01	2.357905e+00	6.272450e-02
9.423108e-03	2.801806e-01	2.435390e+00	6.726453e-02
1.083657e-02	3.004602e-01	2.522855e+00	7.210966e-02
1.246206e-02	3.222077e-01	2.599093e+00	7.734051e-02
1.433137e-02	3.455292e-01	2.671541e+00	8.295580e-02
1.648108e-02	3.705388e-01	2.738397e+00	8.895913e-02
1.895324e-02	3.973586e-01	2.800255e+00	9.539816e-02
2.179622e-02	4.261196e-01	2.856716e+00	1.023030e-01
2.506566e-02	4.569624e-01	2.903557e+00	1.097076e-01
2.882550e-02	4.900376e-01	2.949738e+00	1.176482e-01
3.314933e-02	5.255068e-01	2.989110e+00	1.261634e-01
3.812173e-02	5.635432e-01	3.021857e+00	1.352950e-01
4.383999e-02	6.043328e-01	3.044875e+00	1.450877e-01
5.041599e-02	6.480747e-01	3.066760e+00	1.555891e-01
5.797838e-02	6.949827e-01	3.086645e+00	1.668505e-01
6.667514e-02	7.452859e-01	3.095692e+00	1.789270e-01
7.667641e-02	7.992301e-01	3.099484e+00	1.918777e-01
8.817787e-02	8.570788e-01	3.093278e+00	2.057658e-01
1.014046e-01	9.191146e-01	3.083154e+00	2.206591e-01
1.166152e-01	9.856406e-01	3.068047e+00	2.366304e-01
1.341075e-01	1.056982e+00	3.042775e+00	2.537576e-01
1.542237e-01	1.133487e+00	3.010682e+00	2.721246e-01
1.773572e-01	1.215529e+00	2.970254e+00	2.918210e-01
2.039608e-01	1.303510e+00	2.922282e+00	3.129430e-01
2.345549e-01	1.397858e+00	2.866727e+00	3.355938e-01
2.697381e-01	1.499036e+00	2.803432e+00	3.598841e-01
3.101989e-01	1.607537e+00	2.732337e+00	3.859326e-01
3.567287e-01	1.723892e+00	2.654715e+00	4.138665e-01
4.102380e-01	1.848668e+00	2.573910e+00	4.438222e-01
4.717737e-01	1.982475e+00	2.487506e+00	4.759460e-01
5.425397e-01	2.125968e+00	2.388735e+00	5.103951e-01
6.239207e-01	2.279847e+00	2.290600e+00	5.473377e-01
7.175088e-01	2.444863e+00	2.187170e+00	5.869545e-01
8.251351e-01	2.621824e+00	2.087359e+00	6.294370e-01
9.489054e-01	2.811593e+00	1.986639e+00	6.749989e-01
1.091241e+00	3.010959e+00	1.872031e+00	7.238524e-01
1.254927e+00	3.198143e+00	1.766270e+00	7.765539e-01
1.443166e+00	3.394639e+00	1.658367e+00	8.336553e-01
1.659641e+00	3.600090e+00	1.554284e+00	8.955386e-01
1.908588e+00	3.813800e+00	1.451627e+00	9.626805e-01
2.194876e+00	4.034624e+00	1.351051e+00	1.035616e+00
2.524107e+00	4.260834e+00	1.260363e+00	1.114969e+00
2.902723e+00	4.489961e+00	1.165554e+00	1.201471e+00
3.338132e+00	2.428007e+00	1.077300e+00	1.295997e+00
3.838852e+00	2.657252e+00	9.943156e-01	1.399604e+00
4.414679e+00	2.914234e+00	9.224050e-01	1.513586e+00
5.076881e+00	3.195928e+00	8.465448e-01	1.639549e+00
5.838413e+00	3.500696e+00	7.734625e-01	1.779507e+00
6.714175e+00	3.840728e+00	7.221978e-01	1.936014e+00
7.721302e+00	4.200618e+00	6.711041e-01	2.112330e+00
8.879497e+00	4.596304e+00	6.133239e-01	2.312646e+00
1.021142e+01	5.022492e+00	5.468767e-01	2.259581e+00
1.174313e+01	5.457153e+00	4.827571e-01	2.164011e+00
1.350460e+01	5.936192e+00	4.358333e-01	2.085892e+00
1.553030e+01	6.471670e+00	3.919940e-01	2.025775e+00
1.785984e+01	7.059175e+00	3.532928e-01	1.984297e+00
2.053882e+01	7.699508e+00	3.180946e-01	1.962198e+00
2.361964e+01	8.388524e+00	2.871097e-01	1.960316e+00
2.716258e+01	9.155080e+00	2.591885e-01	1.979504e+00
3.123697e+01	9.960477e+00	2.317459e-01	2.020852e+00
3.592252e+01	1.084067e+01	2.075246e-01	2.085445e+00
4.131089e+01	1.180742e+01	1.877661e-01	2.174554e+00
4.750753e+01	1.275727e+01	1.699698e-01	2.289719e+00
5.463366e+01	1.376435e+01	1.499146e-01	2.432881e+00
6.282871e+01	1.470167e+01	1.339559e-01	2.606552e+00
7.225301e+01	1.561251e+01	1.192114e-01	2.813988e+00
8.309096e+01	1.652939e+01	1.072939e-01	3.059372e+00
9.555461e+01	1.726386e+01	9.670971e-02	3.348046e+00
1.098878e+02	1.796603e+01	8.478435e-02	3.686740e+00
1.263710e+02	1.845635e+01	7.559243e-02	4.083834e+00
1.453266e+02	1.896237e+01	6.699722e-02	4.549758e+00
1.671256e+02	1.950885e+01	5.959320e-02	5.097226e+00
1.921945e+02	1.979747e+01	5.289896e-02	5.742127e+00
2.210236e+02	2.197439e+01	4.686162e-02	6.505002e+00
2.541772e+02	2.167696e+01	4.198467e-02	7.425065e+00
2.923037e+02	2.125558e+01	3.709702e-02	8.522896e+00
3.361493e+02	2.074002e+01	3.294727e-02	9.840249e+00
3.865717e+02	2.014887e+01	2.930765e-02	1.142563e+01
4.445574e+02	1.958714e+01	2.639104e-02	1.331945e+01
5.112411e+02	1.890131e+01	2.337728e-02	1.558115e+01
5.879272e+02	1.818306e+01	2.044884e-02	1.830474e+01
6.761163e+02	1.745445e+01	1.814476e-02	2.160024e+01
7.775337e+02	1.673791e+01	1.603064e-02	2.560484e+01
8.941638e+02	1.602709e+01	1.439997e-02	3.049447e+01
1.028288e+03	1.527975e+01	1.271278e-02	3.649868e+01
1.182532e+03	1.451678e+01	1.110074e-02	4.390153e+01
1.359911e+03	1.376884e+01	9.833897e-03	5.305053e+01
1.563898e+03	1.300960e+01	8.638494e-03	6.439048e+01
1.798483e+03	1.224946e+01	7.613531e-03	7.850682e+01
2.068255e+03	1.150405e+01	6.716654e-03	9.613727e+01
2.378493e+03	1.076726e+01	5.952249e-03	1.182201e+02
2.735268e+03	1.003943e+01	5.279468e-03	1.459692e+02
3.145558e+03	9.328917e+00	4.632171e-03	1.809432e+02
3.617391e+03	8.644641e+00	4.074739e-03	2.251408e+02
4.160000e+03	7.989198e+00	3.639739e-03	2.811241e+02
4.784000e+03	7.364447e+00	3.248792e-03	3.521793e+02
5.501600e+03	6.772060e+00	2.807503e-03	4.425104e+02
6.326840e+03	6.214158e+00	2.475814e-03	5.574896e+02
7.275866e+03	5.693529e+00	2.168598e-03	7.039640e+02
8.367246e+03	5.210463e+00	1.931154e-03	8.906344e+02
9.622333e+03	4.763539e+00	1.719142e-03	1.128515e+03
