# Energy_MeV	dEdx_Elec_MeV_um	dEdx_Nucl_MeV_um	Range_um
1.000000e-05	9.298616e-03	4.645480e-02	2.150858e-03
1.150000e-05	9.971655e-03	5.146811e-02	2.306538e-03
1.322500e-05	1.069341e-02	5.710691e-02	2.473486e-03
1.520875e-05	1.146740e-02	6.326590e-02	2.652519e-03
1.749006e-05	1.229742e-02	7.031936e-02	2.844509e-03
2.011357e-05	1.318751e-02	7.801371e-02	3.050396e-03
2.313061e-05	1.414203e-02	8.645776e-02	3.271186e-03
2.660020e-05	1.516564e-02	9.577788e-02	3.507956e-03
3.059023e-05	1.626334e-02	1.060310e-01	3.761864e-03
3.517876e-05	1.744049e-02	1.172957e-01	4.034149e-03
4.045558e-05	1.870284e-02	1.295357e-01	4.326143e-03
4.652391e-05	2.005656e-02	1.431253e-01	4.639272e-03
5.350250e-05	2.150826e-02	1.580533e-01	4.975065e-03
6.152788e-05	2.306504e-02	1.743699e-01	5.335162e-03
7.075706e-05	2.473450e-02	1.915908e-01	5.721324e-03
8.137062e-05	2.652480e-02	2.109399e-01	6.135437e-03
9.357621e-05	2.844468e-02	2.327545e-01	6.579523e-03
1.076126e-04	3.050352e-02	2.557318e-01	7.055752e-03
1.237545e-04	3.271138e-02	2.812292e-01	7.566451e-03
1.423177e-04	3.507905e-02	3.077533e-01	8.114115e-03
1.636654e-04	3.761809e-02	3.374741e-01	8.701419e-03
1.882152e-04	4.034091e-02	3.707827e-01	9.331232e-03
2.164475e-04	4.326080e-02	4.055409e-01	1.000663e-02
2.489146e-04	4.639204e-02	4.440826e-01	1.073092e-02
2.862518e-04	4.974992e-02	4.850003e-01	1.150763e-02
3.291895e-04	5.335085e-02	5.294621e-01	1.234055e-02
3.785680e-04	5.721241e-02	5.768664e-01	1.323377e-02
4.353531e-04	6.135347e-02	6.271239e-01	1.419164e-02
5.006561e-04	6.579427e-02	6.828589e-01	1.521884e-02
5.757545e-04	7.055650e-02	7.414555e-01	1.632038e-02
6.621177e-04	7.566341e-02	8.027708e-01	1.750166e-02
7.614354e-04	8.113997e-02	8.669464e-01	1.876844e-02
8.756507e-04	8.701292e-02	9.402162e-01	2.012691e-02
1.006998e-03	9.331096e-02	1.016256e+00	2.158371e-02
1.158048e-03	1.000649e-01	1.095965e+00	2.314595e-02
1.331755e-03	1.073076e-01	1.178274e+00	2.482126e-02
1.531519e-03	1.150746e-01	1.262768e+00	2.661784e-02
1.761246e-03	1.234038e-01	1.359117e+00	2.854445e-02
2.025433e-03	1.323358e-01	1.456616e+00	3.061052e-02
2.329248e-03	1.419143e-01	1.557769e+00	3.282612e-02
2.678635e-03	1.521861e-01	1.663024e+00	3.520209e-02
3.080431e-03	1.632015e-01	1.772102e+00	3.775004e-02
3.542495e-03	1.750141e-01	1.883293e+00	4.048241e-02
4.073870e-03	1.876817e-01	1.993513e+00	4.341255e-02
4.684950e-03	2.012662e-01	2.110098e+00	4.655477e-02
5.387693e-03	2.158339e-01	2.228060e+00	4.992443e-02
6.195847e-03	2.314561e-01	2.346048e+00	5.353798e-02
7.125224e-03	2.482090e-01	2.453843e+00	5.741309e-02
8.194007e-03	2.661745e-01	2.570178e+00	6.156868e-02
9.423108e-03	2.854404e-01	2.695579e+00	6.602505e-02
1.083657e-02	3.061007e-01	2.806903e+00	7.080398e-02
1.246206e-02	3.282564e-01	2.921044e+00	7.592881e-02
1.433137e-02	3.520158e-01	3.017984e+00	8.139505e-02
1.648108e-02	3.774949e-01	3.120653e+00	8.730264e-02
1.895324e-02	4.048182e-01	3.228634e+00	9.364118e-02
2.179622e-02	4.341191e-01	3.318791e+00	1.004179e-01
2.506566e-02	4.655409e-01	3.409838e+00	1.076863e-01
2.882550e-02	4.992370e-01	3.489777e+00	1.154806e-01
3.314933e-02	5.353720e-01	3.564579e+00	1.238390e-01
3.812173e-02	5.741225e-01	3.630208e+00	1.328023e-01
4.383999e-02	6.156778e-01	3.686909e+00	1.424144e-01
5.041599e-02	6.602409e-01	3.743552e+00	1.527223e-01
5.797838e-02	7.080295e-01	3.789064e+00	1.637763e-01
6.667514e-02	7.592771e-01	3.824467e+00	1.756303e-01
7.667641e-02	8.142339e-01	3.850753e+00	1.883423e-01
8.817787e-02	8.731686e-01	3.879859e+00	2.019744e-01
1.014046e-01	9.363690e-01	3.897805e+00	2.165933e-01
1.166152e-01	1.004144e+00	3.906041e+00	2.322703e-01
1.341075e-01	1.076824e+00	3.904642e+00	2.490820e-01
1.542237e-01	1.154766e+00	3.893155e+00	2.671105e-01
1.773572e-01	1.238348e+00	3.879212e+00	2.864439e-01
2.039608e-01	1.327980e+00	3.853575e+00	3.071767e-01
2.345549e-01	1.424100e+00	3.817381e+00	3.294102e-01
2.697381e-01	1.527177e+00	3.771827e+00	3.532529e-01
3.101989e-01	1.637715e+00	3.716225e+00	3.788213e-01
3.567287e-01	1.756254e+00	3.651013e+00	4.062404e-01
4.102380e-01	1.883373e+00	3.576551e+00	4.356442e-01
4.717737e-01	2.019692e+00	3.491412e+00	4.671763e-01
5.425397e-01	2.165878e+00	3.398335e+00	5.009905e-01
6.239207e-01	2.322646e+00	3.297280e+00	5.372521e-01
7.175088e-01	2.490760e+00	3.193775e+00	5.761387e-01
8.251351e-01	2.671043e+00	3.077978e+00	6.178398e-01
9.489054e-01	2.864374e+00	2.951162e+00	6.625596e-01
1.091241e+00	3.071699e+00	2.826717e+00	7.105142e-01
1.254927e+00	3.294030e+00	2.694662e+00	7.619444e-01
1.443166e+00	3.526822e+00	2.571815e+00	8.170933e-01
1.659641e+00	3.746020e+00	2.437372e+00	8.765970e-01
1.908588e+00	3.976105e+00	2.294218e+00	9.410690e-01
2.194876e+00	4.216650e+00	2.163096e+00	1.010942e+00
2.524107e+00	4.466828e+00	2.026027e+00	1.086755e+00
2.902723e+00	4.725288e+00	1.896441e+00	1.169113e+00
3.338132e+00	4.989989e+00	1.768687e+00	1.258719e+00
3.838852e+00	5.258020e+00	1.647497e+00	1.356405e+00
4.414679e+00	5.525409e+00	1.533269e+00	1.463158e+00
5.076881e+00	2.972014e+00	1.414422e+00	1.580177e+00
5.838413e+00	3.261574e+00	1.305259e+00	1.708926e+00
6.714175e+00	3.580059e+00	1.208026e+00	1.851226e+00
7.721302e+00	3.926027e+00	1.118353e+00	2.009358e+00
8.879497e+00	4.313173e+00	1.016819e+00	2.186217e+00
1.021142e+01	4.727278e+00	9.404732e-01	2.385500e+00
1.174313e+01	5.182859e+00	8.801649e-01	2.611955e+00
1.350460e+01	5.677266e+00	8.123751e-01	2.871723e+00
1.553030e+01	6.174453e+00	7.345195e-01	3.172759e+00
1.785984e+01	6.721361e+00	6.449856e-01	3.009309e+00
2.053882e+01	7.327136e+00	5.775962e-01	2.846291e+00
2.361964e+01	7.977079e+00	5.210104e-01	2.720848e+00
2.716258e+01	8.671726e+00	4.700590e-01	2.630657e+00
3.123697e+01	9.408851e+00	4.230905e-01	2.574002e+00
3.592252e+01	1.022983e+01	3.805267e-01	2.549657e+00
4.131089e+01	1.111046e+01	3.447223e-01	2.556807e+00
4.750753e+01	1.208614e+01	3.088457e-01	2.594942e+00
5.463366e+01	1.317498e+01	2.770411e-01	2.664106e+00
6.282871e+01	1.430629e+01	2.486007e-01	2.764706e+00
7.225301e+01	1.553504e+01	2.260905e-01	2.897743e+00
8.309096e+01	1.676319e+01	2.025372e-01	3.064941e+00
9.555461e+01	1.798851e+01	1.786455e-01	3.268896e+00
1.098878e+02	1.926530e+01	1.601385e-01	3.513240e+00
1.263710e+02	2.033939e+01	1.423989e-01	3.802816e+00
1.453266e+02	2.139118e+01	1.289471e-01	4.143864e+00
1.671256e+02	2.220604e+01	1.149369e-01	4.544272e+00
1.921945e+02	2.305980e+01	1.009601e-01	5.013922e+00
2.210236e+02	2.398991e+01	9.022362e-02	5.564853e+00
2.541772e+02	2.458615e+01	7.974282e-02	6.212028e+00
2.923037e+02	2.710237e+01	7.089668e-02	6.975321e+00
3.361493e+02	2.698289e+01	6.290856e-02	7.893212e+00
3.865717e+02	2.669434e+01	5.601256e-02	8.982871e+00
4.445574e+02	2.626906e+01	5.006656e-02	1.028427e+01
5.112411e+02	2.572811e+01	4.414374e-02	1.184154e+01
5.879272e+02	2.518603e+01	3.913838e-02	1.368933e+01
6.761163e+02	2.446338e+01	3.506029e-02	1.588148e+01
7.775337e+02	2.368890e+01	3.149970e-02	1.850389e+01
8.941638e+02	2.289148e+01	2.747734e-02	2.165576e+01
1.028288e+03	2.210714e+01	2.429574e-02	2.545976e+01
1.182532e+03	2.132543e+01	2.144782e-02	3.007281e+01
1.359911e+03	2.048306e+01	1.914912e-02	3.569875e+01
1.563898e+03	1.960737e+01	1.716043e-02	4.258720e+01
1.798483e+03	1.873802e+01	1.491175e-02	5.104063e+01
2.068255e+03	1.784031e+01	1.318654e-02	6.144532e+01
2.378493e+03	1.692805e+01	1.160531e-02	7.430814e+01
2.735268e+03	1.602170e+01	1.024722e-02	9.026355e+01
3.145558e+03	1.511266e+01	9.027469e-03	1.101148e+02
3.617391e+03	1.420555e+01	7.950554e-03	1.348979e+02
4.160000e+03	1.330710e+01	7.089652e-03	1.659383e+02
4.784000e+03	1.242575e+01	6.223482e-03	2.049301e+02
5.501600e+03	1.156887e+01	5.492324e-03	2.540387e+02
6.326840e+03	1.074321e+01	4.849875e-03	3.160364e+02
7.275866e+03	9.952234e+00	4.355835e-03	3.944632e+02
8.367246e+03	9.198417e+00	3.837481e-03	4.938384e+02
9.622333e+03	8.484530e+00	3.324781e-03	6.199187e+02
