# Energy_MeV	dEdx_Elec_MeV_um	dEdx_Nucl_MeV_um	Range_um
1.000000e-05	9.350001e-03	5.651216e-02	2.139037e-03
1.150000e-05	1.002676e-02	6.262498e-02	2.293862e-03
1.322500e-05	1.075250e-02	6.938545e-02	2.459893e-03
1.520875e-05	1.153077e-02	7.682257e-02	2.637941e-03
1.749006e-05	1.236538e-02	8.498883e-02	2.828877e-03
2.011357e-05	1.326039e-02	9.387366e-02	3.033632e-03
2.313061e-05	1.422018e-02	1.037069e-01	3.253208e-03
2.660020e-05	1.524945e-02	1.145452e-01	3.488677e-03
3.059023e-05	1.635321e-02	1.263914e-01	3.741189e-03
3.517876e-05	1.753686e-02	1.389342e-01	4.011979e-03
4.045558e-05	1.880619e-02	1.529027e-01	4.302368e-03
4.652391e-05	2.016739e-02	1.687040e-01	4.613775e-03
5.350250e-05	2.162712e-02	1.854477e-01	4.947723e-03
6.152788e-05	2.319250e-02	2.039169e-01	5.305842e-03
7.075706e-05	2.487119e-02	2.232794e-01	5.689881e-03
8.137062e-05	2.667138e-02	2.447298e-01	6.101718e-03
9.357621e-05	2.860187e-02	2.688658e-01	6.543364e-03
1.076126e-04	3.067209e-02	2.942269e-01	7.016976e-03
1.237545e-04	3.289215e-02	3.221288e-01	7.524868e-03
1.423177e-04	3.527290e-02	3.519330e-01	8.069522e-03
1.636654e-04	3.782597e-02	3.841313e-01	8.653598e-03
1.882152e-04	4.056383e-02	4.186529e-01	9.279950e-03
2.164475e-04	4.349987e-02	4.552764e-01	9.951638e-03
2.489146e-04	4.664841e-02	4.956367e-01	1.067194e-02
2.862518e-04	5.002485e-02	5.383664e-01	1.144438e-02
3.291895e-04	5.364567e-02	5.829757e-01	1.227273e-02
3.785680e-04	5.752857e-02	6.297561e-01	1.316104e-02
4.353531e-04	6.169252e-02	6.827128e-01	1.411364e-02
5.006561e-04	6.615786e-02	7.383334e-01	1.513520e-02
5.757545e-04	7.094640e-02	7.962134e-01	1.623069e-02
6.621177e-04	7.608154e-02	8.564566e-01	1.740548e-02
7.614354e-04	8.158836e-02	9.180475e-01	1.866529e-02
8.756507e-04	8.749377e-02	9.877230e-01	2.001630e-02
1.006998e-03	9.382661e-02	1.059215e+00	2.146509e-02
1.158048e-03	1.006178e-01	1.132753e+00	2.301874e-02
1.331755e-03	1.079006e-01	1.209827e+00	2.468485e-02
1.531519e-03	1.157105e-01	1.289392e+00	2.647156e-02
1.761246e-03	1.240857e-01	1.370771e+00	2.838758e-02
2.025433e-03	1.330671e-01	1.451450e+00	3.044229e-02
2.329248e-03	1.426985e-01	1.536217e+00	3.264572e-02
2.678635e-03	1.530271e-01	1.622914e+00	3.500863e-02
3.080431e-03	1.641033e-01	1.709347e+00	3.754257e-02
3.542495e-03	1.759812e-01	1.789431e+00	4.025993e-02
4.073870e-03	1.887188e-01	1.873434e+00	4.317396e-02
4.684950e-03	2.023784e-01	1.964874e+00	4.629892e-02
5.387693e-03	2.170267e-01	2.047824e+00	4.965006e-02
6.195847e-03	2.327352e-01	2.131112e+00	5.324375e-02
7.125224e-03	2.495807e-01	2.203881e+00	5.709756e-02
8.194007e-03	2.676454e-01	2.278068e+00	6.123032e-02
9.423108e-03	2.870178e-01	2.356987e+00	6.564048e-02
1.083657e-02	3.077922e-01	2.424804e+00	7.040238e-02
1.246206e-02	3.300704e-01	2.491237e+00	7.551393e-02
1.433137e-02	3.539611e-01	2.551013e+00	8.097872e-02
1.648108e-02	3.795810e-01	2.605936e+00	8.684010e-02
1.895324e-02	4.070552e-01	2.654824e+00	9.312556e-02
2.179622e-02	4.365181e-01	2.697402e+00	9.986589e-02
2.506566e-02	4.681135e-01	2.738822e+00	1.070941e-01
2.882550e-02	5.019958e-01	2.773302e+00	1.148455e-01
3.314933e-02	5.383306e-01	2.800003e+00	1.231579e-01
3.812173e-02	5.772952e-01	2.819922e+00	1.320720e-01
4.383999e-02	6.190801e-01	2.841144e+00	1.416313e-01
5.041599e-02	6.638895e-01	2.855405e+00	1.518825e-01
5.797838e-02	7.119422e-01	2.861984e+00	1.628757e-01
6.667514e-02	7.634729e-01	2.862126e+00	1.746646e-01
7.667641e-02	8.187335e-01	2.854326e+00	1.873068e-01
8.817787e-02	8.779939e-01	2.844432e+00	2.008641e-01
1.014046e-01	9.415435e-01	2.826692e+00	2.154025e-01
1.166152e-01	1.009693e+00	2.800949e+00	2.309933e-01
1.341075e-01	1.082775e+00	2.768529e+00	2.477127e-01
1.542237e-01	1.161147e+00	2.728586e+00	2.656421e-01
1.773572e-01	1.245191e+00	2.681670e+00	2.848693e-01
2.039608e-01	1.335319e+00	2.627883e+00	3.054881e-01
2.345549e-01	1.431970e+00	2.566431e+00	3.275993e-01
2.697381e-01	1.535617e+00	2.498867e+00	3.513111e-01
3.101989e-01	1.646766e+00	2.425472e+00	3.767391e-01
3.567287e-01	1.765959e+00	2.349743e+00	4.040074e-01
4.102380e-01	1.893780e+00	2.266149e+00	4.332495e-01
4.717737e-01	2.030853e+00	2.174080e+00	4.646082e-01
5.425397e-01	2.177847e+00	2.082543e+00	4.982367e-01
6.239207e-01	2.335481e+00	1.986485e+00	5.342996e-01
7.175088e-01	2.504524e+00	1.895456e+00	5.729710e-01
8.251351e-01	2.685803e+00	1.798328e+00	6.144455e-01
9.489054e-01	2.876172e+00	1.694114e+00	6.589167e-01
1.091241e+00	3.054970e+00	1.596720e+00	7.068918e-01
1.254927e+00	3.242663e+00	1.496978e+00	7.588722e-01
1.443166e+00	3.438906e+00	1.401100e+00	8.152059e-01
1.659641e+00	3.643035e+00	1.307470e+00	8.763268e-01
1.908588e+00	3.853954e+00	1.218402e+00	9.427224e-01
2.194876e+00	4.070011e+00	1.133700e+00	1.014960e+00
2.524107e+00	4.288845e+00	1.047162e+00	1.093706e+00
2.902723e+00	4.507233e+00	9.660689e-01	1.179757e+00
3.338132e+00	2.459402e+00	8.936189e-01	1.274076e+00
3.838852e+00	2.703549e+00	8.277614e-01	1.377841e+00
4.414679e+00	2.971701e+00	7.541296e-01	1.492515e+00
5.076881e+00	3.262416e+00	6.958889e-01	1.619933e+00
5.838413e+00	3.587160e+00	6.508227e-01	1.762418e+00
6.714175e+00	3.932339e+00	6.013388e-01	1.922943e+00
7.721302e+00	4.312760e+00	5.451640e-01	2.000929e+00
8.879497e+00	4.724399e+00	4.805630e-01	1.919903e+00
1.021142e+01	5.149769e+00	4.292599e-01	1.851295e+00
1.174313e+01	5.621118e+00	3.872063e-01	1.795940e+00
1.350460e+01	6.149995e+00	3.489155e-01	1.754704e+00
1.553030e+01	6.733799e+00	3.142615e-01	1.728506e+00
1.785984e+01	7.375051e+00	2.825073e-01	1.718337e+00
2.053882e+01	8.063588e+00	2.558491e-01	1.725206e+00
2.361964e+01	8.827770e+00	2.296069e-01	1.750275e+00
2.716258e+01	9.623216e+00	2.058389e-01	1.794708e+00
3.123697e+01	1.048683e+01	1.847500e-01	1.859756e+00
3.592252e+01	1.142999e+01	1.675914e-01	1.946809e+00
4.131089e+01	1.233738e+01	1.505522e-01	2.057495e+00
4.750753e+01	1.329195e+01	1.330541e-01	2.193800e+00
5.463366e+01	1.416515e+01	1.189521e-01	2.358234e+00
6.282871e+01	1.500626e+01	1.059378e-01	2.553990e+00
7.225301e+01	1.584758e+01	9.563959e-02	2.785131e+00
8.309096e+01	1.651038e+01	8.549385e-02	3.056818e+00
9.555461e+01	1.713926e+01	7.525544e-02	3.375513e+00
1.098878e+02	1.756806e+01	6.705500e-02	3.749258e+00
1.263710e+02	1.800814e+01	5.938153e-02	4.188053e+00
1.453266e+02	1.848213e+01	5.272065e-02	4.704108e+00
1.671256e+02	1.871661e+01	4.679282e-02	5.312668e+00
1.921945e+02	2.060996e+01	4.169260e-02	6.033488e+00
2.210236e+02	2.027891e+01	3.721426e-02	6.903814e+00
2.541772e+02	1.983474e+01	3.288506e-02	7.943846e+00
2.923037e+02	1.930597e+01	2.911811e-02	9.193898e+00
3.361493e+02	1.871369e+01	2.604611e-02	1.070084e+01
3.865717e+02	1.815385e+01	2.341337e-02	1.250441e+01
4.445574e+02	1.748439e+01	2.049041e-02	1.466280e+01
5.112411e+02	1.678731e+01	1.808632e-02	1.726721e+01
5.879272e+02	1.608274e+01	1.598453e-02	2.042491e+01
6.761163e+02	1.539070e+01	1.423285e-02	2.426991e+01
7.775337e+02	1.470414e+01	1.276166e-02	2.897431e+01
8.941638e+02	1.398715e+01	1.112581e-02	3.476285e+01
1.028288e+03	1.325899e+01	9.815843e-03	4.191432e+01
1.182532e+03	1.254741e+01	8.652730e-03	5.077069e+01
1.359911e+03	1.182855e+01	7.629686e-03	6.177028e+01
1.563898e+03	1.111194e+01	6.726787e-03	7.549017e+01
1.798483e+03	1.041170e+01	5.918806e-03	9.265878e+01
2.068255e+03	9.722647e+00	5.272834e-03	1.142038e+02
2.378493e+03	9.045129e+00	4.639833e-03	1.413262e+02
2.735268e+03	8.386391e+00	4.089541e-03	1.755695e+02
3.145558e+03	7.754187e+00	3.613322e-03	2.189143e+02
3.617391e+03	7.151064e+00	3.234224e-03	2.739009e+02
4.160000e+03	6.578605e+00	2.858875e-03	3.437890e+02
4.784000e+03	6.037340e+00	2.483231e-03	4.327496e+02
5.501600e+03	5.528969e+00	2.188044e-03	5.461127e+02
6.326840e+03	5.056536e+00	1.921508e-03	6.906719e+02
7.275866e+03	4.619828e+00	1.714850e-03	8.750582e+02
8.367246e+03	4.216877e+00	1.510834e-03	1.110194e+03
9.622333e+03	3.848190e+00	1.310019e-03	1.409839e+03
