# Energy_MeV	dEdx_Elec_MeV_um	dEdx_Nucl_MeV_um	Range_um
1.000000e-05	6.934024e-03	6.730227e-02	2.884328e-03
1.150000e-05	7.435913e-03	7.404716e-02	3.093097e-03
1.322500e-05	7.974128e-03	8.107794e-02	3.316977e-03
1.520875e-05	8.551299e-03	8.890510e-02	3.557062e-03
1.749006e-05	9.170247e-03	9.763250e-02	3.814524e-03
2.011357e-05	9.833994e-03	1.069001e-01	4.090621e-03
2.313061e-05	1.054578e-02	1.170710e-01	4.386702e-03
2.660020e-05	1.130909e-02	1.278927e-01	4.704214e-03
3.059023e-05	1.212765e-02	1.396239e-01	5.044708e-03
3.517876e-05	1.300546e-02	1.522723e-01	5.409846e-03
4.045558e-05	7.005609e-03	1.656581e-01	5.801414e-03
4.652391e-05	7.565299e-03	1.803481e-01	6.221323e-03
5.350250e-05	8.165148e-03	1.959250e-01	6.671626e-03
6.152788e-05	8.808093e-03	2.122000e-01	7.154522e-03
7.075706e-05	9.497280e-03	2.295058e-01	7.672370e-03
8.137062e-05	1.023608e-02	2.486348e-01	8.227700e-03
9.357621e-05	1.102811e-02	2.687416e-01	8.823225e-03
1.076126e-04	1.187724e-02	2.903197e-01	9.461855e-03
1.237545e-04	1.278761e-02	3.121236e-01	1.014671e-02
1.423177e-04	1.376369e-02	3.351684e-01	1.088113e-02
1.636654e-04	1.481024e-02	3.603366e-01	1.166872e-02
1.882152e-04	1.593237e-02	3.862621e-01	1.251330e-02
2.164475e-04	1.713557e-02	4.138480e-01	1.341902e-02
2.489146e-04	1.842572e-02	4.417022e-01	1.439030e-02
2.862518e-04	1.980912e-02	4.715376e-01	1.543188e-02
3.291895e-04	2.129253e-02	5.011898e-01	1.654884e-02
3.785680e-04	2.288320e-02	5.310181e-01	1.774666e-02
4.353531e-04	2.458890e-02	5.625992e-01	1.903117e-02
5.006561e-04	2.641797e-02	5.940211e-01	2.040866e-02
5.757545e-04	2.837933e-02	6.269079e-01	2.188585e-02
6.621177e-04	3.048258e-02	6.564952e-01	2.346995e-02
7.614354e-04	3.273798e-02	6.877965e-01	2.516872e-02
8.756507e-04	3.515656e-02	7.211972e-01	2.699045e-02
1.006998e-03	3.775013e-02	7.524739e-01	2.894403e-02
1.158048e-03	4.053137e-02	7.837200e-01	3.103901e-02
1.331755e-03	4.351385e-02	8.110152e-01	3.328564e-02
1.531519e-03	4.671216e-02	8.389563e-01	3.569487e-02
1.761246e-03	5.014191e-02	8.678240e-01	3.827848e-02
2.025433e-03	5.381986e-02	8.938691e-01	4.104910e-02
2.329248e-03	5.776399e-02	9.188631e-01	4.402025e-02
2.678635e-03	6.199355e-02	9.413488e-01	4.720646e-02
3.080431e-03	6.652921e-02	9.620837e-01	5.062329e-02
3.542495e-03	7.139314e-02	9.810552e-01	5.428743e-02
4.073870e-03	7.660908e-02	9.974517e-01	5.821678e-02
4.684950e-03	8.220253e-02	1.013060e+00	6.243041e-02
5.387693e-03	8.820081e-02	1.026395e+00	6.695166e-02
6.195847e-03	9.463322e-02	1.036680e+00	7.179624e-02
7.125224e-03	1.015312e-01	1.045100e+00	7.699353e-02
8.194007e-03	1.089284e-01	1.052953e+00	8.256608e-02
9.423108e-03	1.168610e-01	1.058372e+00	8.854214e-02
1.083657e-02	1.253678e-01	1.062065e+00	9.495077e-02
1.246206e-02	1.344903e-01	1.062260e+00	1.018232e-01
1.433137e-02	1.442730e-01	1.060480e+00	1.091931e-01
1.648108e-02	1.547638e-01	1.057044e+00	1.170964e-01
1.895324e-02	1.660139e-01	1.050887e+00	1.255718e-01
2.179622e-02	1.780783e-01	1.042397e+00	1.346607e-01
2.506566e-02	1.910160e-01	1.030796e+00	1.444074e-01
2.882550e-02	2.048900e-01	1.016812e+00	1.548595e-01
3.314933e-02	2.197682e-01	1.000020e+00	1.660682e-01
3.812173e-02	2.357233e-01	9.807321e-01	1.780882e-01
4.383999e-02	2.528333e-01	9.585993e-01	1.909782e-01
5.041599e-02	2.711817e-01	9.342497e-01	2.048012e-01
5.797838e-02	2.908581e-01	9.073188e-01	2.196246e-01
6.667514e-02	3.119587e-01	8.796775e-01	2.355210e-01
7.667641e-02	3.345866e-01	8.492076e-01	2.525681e-01
8.817787e-02	3.588522e-01	8.158036e-01	2.708490e-01
1.014046e-01	3.848743e-01	7.818838e-01	2.904530e-01
1.166152e-01	4.127798e-01	7.464919e-01	3.114760e-01
1.341075e-01	4.427051e-01	7.125977e-01	3.340207e-01
1.542237e-01	4.747965e-01	6.768119e-01	3.581972e-01
1.773572e-01	5.092106e-01	6.388754e-01	3.841236e-01
2.039608e-01	5.461156e-01	6.021299e-01	4.119265e-01
2.345549e-01	5.856919e-01	5.652156e-01	4.417418e-01
2.697381e-01	6.281327e-01	5.294567e-01	4.737153e-01
3.101989e-01	6.736453e-01	4.948251e-01	5.080023e-01
3.567287e-01	7.224522e-01	4.610065e-01	5.447753e-01
4.102380e-01	7.747918e-01	4.290830e-01	5.841929e-01
4.717737e-01	8.309249e-01	3.970629e-01	6.266122e-01
5.425397e-01	8.911220e-01	3.665094e-01	6.725539e-01
6.239207e-01	9.556761e-01	3.395466e-01	7.223279e-01
7.175088e-01	1.024903e+00	3.136979e-01	7.763160e-01
8.251351e-01	1.099140e+00	2.869494e-01	8.349374e-01
9.489054e-01	1.178751e+00	2.652017e-01	8.986836e-01
1.091241e+00	1.264242e+00	2.459178e-01	9.681286e-01
1.254927e+00	1.360579e+00	2.281015e-01	1.023229e+00
1.443166e+00	1.481772e+00	2.076709e-01	1.037677e+00
1.659641e+00	1.626269e+00	1.843351e-01	1.050224e+00
1.908588e+00	1.789429e+00	1.652298e-01	1.061251e+00
2.194876e+00	1.976082e+00	1.477092e-01	1.071244e+00
2.524107e+00	2.189067e+00	1.337560e-01	1.080763e+00
2.902723e+00	2.431605e+00	1.199548e-01	1.090573e+00
3.338132e+00	2.708685e+00	1.080620e-01	1.101511e+00
3.838852e+00	3.017430e+00	9.785695e-02	1.114571e+00
4.414679e+00	3.357121e+00	8.773810e-02	1.130903e+00
5.076881e+00	3.727284e+00	7.897381e-02	1.151841e+00
5.838413e+00	4.120672e+00	7.055794e-02	1.178919e+00
6.714175e+00	4.551144e+00	6.397316e-02	1.213889e+00
7.721302e+00	4.967013e+00	5.754488e-02	1.258732e+00
8.879497e+00	5.380597e+00	5.109820e-02	1.315646e+00
1.021142e+01	5.788251e+00	4.554592e-02	1.387085e+00
1.174313e+01	6.105026e+00	4.059479e-02	1.475723e+00
1.350460e+01	6.410701e+00	3.656528e-02	1.584493e+00
1.553030e+01	6.635194e+00	3.271577e-02	1.716644e+00
1.785984e+01	6.825394e+00	2.895399e-02	1.875836e+00
2.053882e+01	6.987752e+00	2.569885e-02	2.066327e+00
2.361964e+01	7.072885e+00	2.279963e-02	2.293175e+00
2.716258e+01	7.140473e+00	2.024018e-02	2.562525e+00
3.123697e+01	7.158793e+00	1.800017e-02	2.881963e+00
3.592252e+01	7.143537e+00	1.599452e-02	3.260926e+00
4.131089e+01	7.102338e+00	1.425869e-02	3.711205e+00
4.750753e+01	7.004002e+00	1.263769e-02	4.247572e+00
5.463366e+01	6.887025e+00	1.118183e-02	4.888572e+00
6.282871e+01	6.747041e+00	1.001526e-02	5.657357e+00
7.225301e+01	6.578235e+00	8.950204e-03	6.583749e+00
8.309096e+01	6.380598e+00	7.886198e-03	7.702733e+00
9.555461e+01	6.796520e+00	6.985804e-03	9.078276e+00
1.098878e+02	6.451214e+00	6.131065e-03	1.077073e+01
1.263710e+02	6.090080e+00	5.486936e-03	1.284934e+01
1.453266e+02	5.716932e+00	4.879811e-03	1.542505e+01
1.671256e+02	5.395833e+00	4.287380e-03	1.860468e+01
1.921945e+02	5.063170e+00	3.792807e-03	2.251678e+01
2.210236e+02	4.730185e+00	3.321729e-03	2.736680e+01
2.541772e+02	4.406067e+00	2.945933e-03	3.340781e+01
2.923037e+02	4.093802e+00	2.582781e-03	4.096378e+01
3.361493e+02	3.794151e+00	2.277757e-03	5.045119e+01
3.865717e+02	3.500770e+00	2.028566e-03	6.242178e+01
4.445574e+02	3.219125e+00	1.783203e-03	7.758453e+01
5.112411e+02	2.955198e+00	1.578361e-03	9.683060e+01
5.879272e+02	2.704625e+00	1.386888e-03	1.212969e+02
6.761163e+02	2.467911e+00	1.239574e-03	1.524888e+02
7.775337e+02	2.246725e+00	1.097909e-03	1.923405e+02
8.941638e+02	2.040882e+00	9.592742e-04	2.433283e+02
1.028288e+03	1.850145e+00	8.413681e-04	3.086546e+02
1.182532e+03	1.673573e+00	7.399323e-04	3.924570e+02
1.359911e+03	1.511041e+00	6.580157e-04	5.000535e+02
1.563898e+03	1.362176e+00	5.805954e-04	6.382598e+02
1.798483e+03	1.226727e+00	5.067187e-04	8.158113e+02
2.068255e+03	1.104449e+00	4.431874e-04	1.043863e+03
2.378493e+03	9.945755e-01	3.880758e-04	1.336626e+03
2.735268e+03	8.955389e-01	3.394591e-04	1.712160e+03
3.145558e+03	8.064385e-01	2.980125e-04	2.193338e+03
3.617391e+03	7.271182e-01	2.614744e-04	2.809034e+03
4.160000e+03	6.566099e-01	2.300440e-04	3.595546e+03
4.784000e+03	5.937334e-01	2.012285e-04	4.598302e+03
5.501600e+03	5.379427e-01	1.754461e-04	5.873901e+03
6.326840e+03	4.887134e-01	1.554675e-04	7.492494e+03
7.275866e+03	4.452171e-01	1.371680e-04	9.540478e+03
8.367246e+03	4.068481e-01	1.189681e-04	1.212354e+04
9.622333e+03	3.732157e-01	1.040249e-04	1.537003e+04
