# Energy_MeV	dEdx_Elec_MeV_um	dEdx_Nucl_MeV_um	Range_um
1.000000e-05	7.232216e-03	6.272456e-02	2.765404e-03
1.150000e-05	7.755687e-03	6.927383e-02	2.965566e-03
1.322500e-05	8.317048e-03	7.615366e-02	3.180215e-03
1.520875e-05	8.919040e-03	8.379258e-02	3.410401e-03
1.749006e-05	9.564605e-03	9.246722e-02	3.657247e-03
2.011357e-05	1.025690e-02	1.016572e-01	3.921961e-03
2.313061e-05	1.099930e-02	1.118425e-01	4.205834e-03
2.660020e-05	1.179543e-02	1.224743e-01	4.510255e-03
3.059023e-05	1.264919e-02	1.342094e-01	4.836709e-03
3.517876e-05	1.356475e-02	1.474747e-01	5.186793e-03
4.045558e-05	1.454657e-02	1.614207e-01	5.562216e-03
4.652391e-05	1.559946e-02	1.767769e-01	5.964812e-03
5.350250e-05	1.672855e-02	1.931269e-01	6.396548e-03
6.152788e-05	1.793938e-02	2.108149e-01	6.859534e-03
7.075706e-05	1.923784e-02	2.299429e-01	7.356030e-03
8.137062e-05	2.063028e-02	2.500442e-01	7.888464e-03
9.357621e-05	2.212351e-02	2.722714e-01	8.459435e-03
1.076126e-04	1.186600e-02	2.957506e-01	9.071733e-03
1.237545e-04	1.277796e-02	3.203704e-01	9.728350e-03
1.423177e-04	1.375572e-02	3.463326e-01	1.043249e-02
1.636654e-04	1.480405e-02	3.751337e-01	1.118760e-02
1.882152e-04	1.592807e-02	4.057896e-01	1.199737e-02
2.164475e-04	1.713329e-02	4.379792e-01	1.286574e-02
2.489146e-04	1.842559e-02	4.711709e-01	1.379697e-02
2.862518e-04	1.981128e-02	5.055829e-01	1.479560e-02
3.291895e-04	2.129714e-02	5.434678e-01	1.586652e-02
3.785680e-04	2.289043e-02	5.830521e-01	1.701495e-02
4.353531e-04	2.459892e-02	6.240387e-01	1.824650e-02
5.006561e-04	2.643097e-02	6.664246e-01	1.956719e-02
5.757545e-04	2.839553e-02	7.111396e-01	2.098347e-02
6.621177e-04	3.050220e-02	7.558840e-01	2.250227e-02
7.614354e-04	3.276126e-02	8.008532e-01	2.413099e-02
8.756507e-04	3.518376e-02	8.478795e-01	2.587761e-02
1.006998e-03	3.778152e-02	8.957749e-01	2.775064e-02
1.158048e-03	4.056725e-02	9.450756e-01	2.975925e-02
1.331755e-03	4.355455e-02	9.895437e-01	3.191324e-02
1.531519e-03	4.675802e-02	1.035976e+00	3.422313e-02
1.761246e-03	5.019329e-02	1.087003e+00	3.670022e-02
2.025433e-03	5.387717e-02	1.133565e+00	3.935660e-02
2.329248e-03	5.782764e-02	1.180625e+00	4.220525e-02
2.678635e-03	6.206400e-02	1.221638e+00	4.526009e-02
3.080431e-03	6.660696e-02	1.262727e+00	4.853604e-02
3.542495e-03	7.147869e-02	1.307034e+00	5.204911e-02
4.073870e-03	7.670302e-02	1.345541e+00	5.581645e-02
4.684950e-03	8.230545e-02	1.383026e+00	5.985647e-02
5.387693e-03	8.831335e-02	1.416726e+00	6.418892e-02
6.195847e-03	9.475609e-02	1.447656e+00	6.883494e-02
7.125224e-03	1.016651e-01	1.476158e+00	7.380192e-02
8.194007e-03	1.090742e-01	1.500204e+00	7.916259e-02
9.423108e-03	1.170196e-01	1.523755e+00	8.489119e-02
1.083657e-02	1.255400e-01	1.543481e+00	9.103646e-02
1.246206e-02	1.346771e-01	1.558916e+00	9.762532e-02
1.433137e-02	1.444755e-01	1.571058e+00	1.046914e-01
1.648108e-02	1.549831e-01	1.582612e+00	1.122688e-01
1.895324e-02	1.662513e-01	1.591219e+00	1.203948e-01
2.179622e-02	1.783350e-01	1.595914e+00	1.291089e-01
2.506566e-02	1.912934e-01	1.596441e+00	1.384537e-01
2.882550e-02	2.051897e-01	1.593199e+00	1.484749e-01
3.314933e-02	2.200918e-01	1.587816e+00	1.592214e-01
3.812173e-02	2.360725e-01	1.578735e+00	1.707459e-01
4.383999e-02	2.532098e-01	1.565325e+00	1.831044e-01
5.041599e-02	2.715876e-01	1.547865e+00	1.963574e-01
5.797838e-02	2.912956e-01	1.526514e+00	2.105697e-01
6.667514e-02	3.124300e-01	1.501037e+00	2.258107e-01
7.667641e-02	3.350941e-01	1.471791e+00	2.421549e-01
8.817787e-02	3.593987e-01	1.438330e+00	2.596820e-01
1.014046e-01	3.854625e-01	1.401351e+00	2.784777e-01
1.166152e-01	4.134127e-01	1.360664e+00	2.986339e-01
1.341075e-01	4.433860e-01	1.319000e+00	3.202492e-01
1.542237e-01	4.755288e-01	1.273253e+00	3.434288e-01
1.773572e-01	5.099981e-01	1.222349e+00	3.682862e-01
2.039608e-01	5.469622e-01	1.171544e+00	3.949427e-01
2.345549e-01	5.866019e-01	1.117982e+00	4.235288e-01
2.697381e-01	6.291107e-01	1.067153e+00	4.541840e-01
3.101989e-01	6.746963e-01	1.013807e+00	4.870579e-01
3.567287e-01	7.235814e-01	9.557637e-01	5.223111e-01
4.102380e-01	7.760048e-01	9.010615e-01	5.601161e-01
4.717737e-01	8.322227e-01	8.454599e-01	6.006572e-01
5.425397e-01	8.925097e-01	7.918484e-01	6.441362e-01
6.239207e-01	9.571602e-01	7.397865e-01	6.907446e-01
7.175088e-01	1.026495e+00	6.888970e-01	7.408558e-01
8.251351e-01	1.100850e+00	6.415144e-01	7.951052e-01
9.489054e-01	1.180587e+00	5.931325e-01	8.538776e-01
1.091241e+00	1.266095e+00	5.475281e-01	9.176180e-01
1.254927e+00	1.357792e+00	5.068060e-01	9.868171e-01
1.443166e+00	1.456127e+00	4.688167e-01	1.062050e+00
1.659641e+00	1.562648e+00	4.287553e-01	1.143989e+00
1.908588e+00	1.686382e+00	3.948348e-01	1.233427e+00
2.194876e+00	1.835115e+00	3.679203e-01	1.331320e+00
2.524107e+00	2.011664e+00	3.409610e-01	1.438833e+00
2.902723e+00	2.202278e+00	3.101643e-01	1.465915e+00
3.338132e+00	2.416184e+00	2.750308e-01	1.460103e+00
3.838852e+00	2.650212e+00	2.452234e-01	1.453513e+00
4.414679e+00	2.910252e+00	2.205563e-01	1.447202e+00
5.076881e+00	3.203205e+00	1.990297e-01	1.442333e+00
5.838413e+00	3.521269e+00	1.787714e-01	1.440155e+00
6.714175e+00	3.873078e+00	1.610668e-01	1.442083e+00
7.721302e+00	4.247418e+00	1.456965e-01	1.449672e+00
8.879497e+00	4.665637e+00	1.309341e-01	1.464625e+00
1.021142e+01	5.138461e+00	1.174893e-01	1.488821e+00
1.174313e+01	5.612374e+00	1.051193e-01	1.524327e+00
1.350460e+01	6.120048e+00	9.535572e-02	1.573385e+00
1.553030e+01	6.638309e+00	8.586851e-02	1.638413e+00
1.785984e+01	7.124591e+00	7.597280e-02	1.721996e+00
2.053882e+01	7.630014e+00	6.782883e-02	1.826893e+00
2.361964e+01	8.086854e+00	6.041351e-02	1.956094e+00
2.716258e+01	8.532607e+00	5.443795e-02	2.112919e+00
3.123697e+01	8.935530e+00	4.881924e-02	2.301161e+00
3.592252e+01	9.259759e+00	4.301607e-02	2.525300e+00
4.131089e+01	9.573603e+00	3.825422e-02	2.790757e+00
4.750753e+01	9.809391e+00	3.392827e-02	3.104212e+00
5.463366e+01	1.001150e+01	3.011057e-02	3.473948e+00
6.282871e+01	1.016864e+01	2.678123e-02	3.910280e+00
7.225301e+01	1.022322e+01	2.378548e-02	4.426060e+00
8.309096e+01	1.025686e+01	2.123625e-02	5.037314e+00
9.555461e+01	1.027437e+01	1.879612e-02	5.763927e+00
1.098878e+02	1.024367e+01	1.663772e-02	6.631314e+00
1.263710e+02	1.016443e+01	1.488652e-02	7.668480e+00
1.453266e+02	1.057157e+01	1.334282e-02	8.929294e+00
1.671256e+02	1.014550e+01	1.175206e-02	1.046872e+01
1.921945e+02	9.688054e+00	1.035710e-02	1.233769e+01
2.210236e+02	9.196656e+00	9.144407e-03	1.463113e+01
2.541772e+02	8.762339e+00	8.142426e-03	1.743540e+01
2.923037e+02	8.308493e+00	7.277365e-03	2.084793e+01
3.361493e+02	7.841474e+00	6.386692e-03	2.503180e+01
3.865717e+02	7.380187e+00	5.620382e-03	3.018843e+01
4.445574e+02	6.929731e+00	4.953325e-03	3.657317e+01
5.112411e+02	6.494888e+00	4.372137e-03	4.451108e+01
5.879272e+02	6.060213e+00	3.843285e-03	5.443184e+01
6.761163e+02	5.634398e+00	3.389746e-03	6.688769e+01
7.775337e+02	5.226713e+00	3.013302e-03	8.256880e+01
8.941638e+02	4.833962e+00	2.657210e-03	1.023486e+02
1.028288e+03	4.455585e+00	2.342694e-03	1.273828e+02
1.182532e+03	4.095093e+00	2.062787e-03	1.591608e+02
1.359911e+03	3.754083e+00	1.845043e-03	1.995857e+02
1.563898e+03	3.432183e+00	1.636426e-03	2.511157e+02
1.798483e+03	3.128705e+00	1.423229e-03	3.169356e+02
2.068255e+03	2.845105e+00	1.250958e-03	4.011433e+02
2.378493e+03	2.581635e+00	1.099363e-03	5.090004e+02
2.735268e+03	2.338618e+00	9.780849e-04	6.472630e+02
3.145558e+03	2.116073e+00	8.655342e-04	8.245776e+02
3.617391e+03	1.913327e+00	7.513565e-04	1.051980e+03
4.160000e+03	1.728909e+00	6.587154e-04	1.343521e+03
4.784000e+03	1.561726e+00	5.766349e-04	1.717023e+03
5.501600e+03	1.411410e+00	5.042297e-04	2.195013e+03
6.326840e+03	1.276785e+00	4.426951e-04	2.805840e+03
7.275866e+03	1.156336e+00	3.883682e-04	3.585011e+03
8.367246e+03	1.048970e+00	3.421740e-04	4.576782e+03
9.622333e+03	9.536849e-01	2.988221e-04	5.836035e+03
