# Energy_MeV	dEdx_Elec_MeV_um	dEdx_Nucl_MeV_um	Range_um
1.000000e-05	9.848752e-03	5.099633e-02	2.030714e-03
1.150000e-05	1.056161e-02	5.649082e-02	2.177698e-03
1.322500e-05	1.132606e-02	6.269886e-02	2.335321e-03
1.520875e-05	1.214585e-02	6.966790e-02	2.504353e-03
1.749006e-05	1.302497e-02	7.718360e-02	2.685620e-03
2.011357e-05	1.396773e-02	8.557542e-02	2.880006e-03
2.313061e-05	1.497872e-02	9.471915e-02	3.088462e-03
2.660020e-05	1.606289e-02	1.048212e-01	3.312007e-03
3.059023e-05	1.722553e-02	1.158696e-01	3.551732e-03
3.517876e-05	1.847232e-02	1.279291e-01	3.808808e-03
4.045558e-05	1.980936e-02	1.414002e-01	4.084492e-03
4.652391e-05	2.124317e-02	1.560402e-01	4.380129e-03
5.350250e-05	2.278076e-02	1.717424e-01	4.697165e-03
6.152788e-05	2.442964e-02	1.888173e-01	5.037149e-03
7.075706e-05	2.619788e-02	2.083666e-01	5.401740e-03
8.137062e-05	2.809409e-02	2.292432e-01	5.792721e-03
9.357621e-05	3.012756e-02	2.520597e-01	6.212001e-03
1.076126e-04	3.230821e-02	2.763563e-01	6.661629e-03
1.237545e-04	3.464669e-02	3.025895e-01	7.143801e-03
1.423177e-04	3.715444e-02	3.326131e-01	7.660873e-03
1.636654e-04	3.984369e-02	3.642356e-01	8.215371e-03
1.882152e-04	4.272760e-02	3.987199e-01	8.810004e-03
2.164475e-04	4.582025e-02	4.358180e-01	9.447677e-03
2.489146e-04	4.913674e-02	4.759882e-01	1.013151e-02
2.862518e-04	5.269329e-02	5.192480e-01	1.086483e-02
3.291895e-04	5.650725e-02	5.646050e-01	1.165123e-02
3.785680e-04	6.059728e-02	6.146912e-01	1.249455e-02
4.353531e-04	6.498334e-02	6.679106e-01	1.339892e-02
5.006561e-04	6.968687e-02	7.245257e-01	1.436874e-02
5.757545e-04	7.473084e-02	7.824441e-01	1.540875e-02
6.621177e-04	8.013990e-02	8.469850e-01	1.652405e-02
7.614354e-04	8.594047e-02	9.178301e-01	1.772007e-02
8.756507e-04	9.216089e-02	9.896567e-01	1.900265e-02
1.006998e-03	9.883154e-02	1.066749e+00	2.037808e-02
1.158048e-03	1.059850e-01	1.143362e+00	2.185305e-02
1.331755e-03	1.136563e-01	1.228282e+00	2.343479e-02
1.531519e-03	1.218828e-01	1.320245e+00	2.513101e-02
1.761246e-03	1.307047e-01	1.411613e+00	2.695000e-02
2.025433e-03	1.401652e-01	1.509558e+00	2.890066e-02
2.329248e-03	1.503104e-01	1.609146e+00	3.099251e-02
2.678635e-03	1.611900e-01	1.712013e+00	3.323576e-02
3.080431e-03	1.728570e-01	1.815679e+00	3.564138e-02
3.542495e-03	1.853685e-01	1.920465e+00	3.822112e-02
4.073870e-03	1.987855e-01	2.031876e+00	4.098759e-02
4.684950e-03	2.131737e-01	2.142148e+00	4.395429e-02
5.387693e-03	2.286034e-01	2.246493e+00	4.713573e-02
6.195847e-03	2.451498e-01	2.349744e+00	5.054744e-02
7.125224e-03	2.628939e-01	2.467104e+00	5.420609e-02
8.194007e-03	2.819223e-01	2.574677e+00	5.812955e-02
9.423108e-03	3.023279e-01	2.681205e+00	6.233700e-02
1.083657e-02	3.242106e-01	2.777589e+00	6.684898e-02
1.246206e-02	3.476771e-01	2.868892e+00	7.165354e-02
1.433137e-02	3.728422e-01	2.972366e+00	7.687187e-02
1.648108e-02	3.998287e-01	3.060949e+00	8.244249e-02
1.895324e-02	4.287685e-01	3.146259e+00	8.840997e-02
2.179622e-02	4.598030e-01	3.224095e+00	9.480874e-02
2.506566e-02	4.930838e-01	3.296509e+00	1.016710e-01
2.882550e-02	5.287735e-01	3.362606e+00	1.090298e-01
3.314933e-02	5.670464e-01	3.417170e+00	1.169213e-01
3.812173e-02	6.080895e-01	3.471560e+00	1.253840e-01
4.383999e-02	6.521033e-01	3.517142e+00	1.344592e-01
5.041599e-02	6.993029e-01	3.555120e+00	1.441913e-01
5.797838e-02	7.499188e-01	3.581591e+00	1.546277e-01
6.667514e-02	8.041983e-01	3.607474e+00	1.658196e-01
7.667641e-02	8.624066e-01	3.630472e+00	1.778217e-01
8.817787e-02	9.248281e-01	3.640451e+00	1.906923e-01
1.014046e-01	9.917676e-01	3.644482e+00	2.044946e-01
1.166152e-01	1.063552e+00	3.636600e+00	2.192958e-01
1.341075e-01	1.140533e+00	3.624559e+00	2.351685e-01
1.542237e-01	1.223085e+00	3.606348e+00	2.521900e-01
1.773572e-01	1.311613e+00	3.575977e+00	2.704434e-01
2.039608e-01	1.406548e+00	3.537785e+00	2.900181e-01
2.345549e-01	1.508355e+00	3.489717e+00	3.110096e-01
2.697381e-01	1.617530e+00	3.432813e+00	3.335206e-01
3.101989e-01	1.734608e+00	3.367008e+00	3.576608e-01
3.567287e-01	1.860160e+00	3.292054e+00	3.835483e-01
4.102380e-01	1.994799e+00	3.207990e+00	4.113095e-01
4.717737e-01	2.139184e+00	3.116254e+00	4.410802e-01
5.425397e-01	2.294019e+00	3.021172e+00	4.730058e-01
6.239207e-01	2.460061e+00	2.918992e+00	5.072421e-01
7.175088e-01	2.638122e+00	2.802033e+00	5.439562e-01
8.251351e-01	2.829070e+00	2.686867e+00	5.833279e-01
9.489054e-01	3.033840e+00	2.564661e+00	6.255504e-01
1.091241e+00	3.253431e+00	2.447956e+00	6.708202e-01
1.254927e+00	3.472461e+00	2.329061e+00	7.194291e-01
1.443166e+00	3.687500e+00	2.193412e+00	7.719975e-01
1.659641e+00	3.912941e+00	2.069848e+00	8.289508e-01
1.908588e+00	4.148257e+00	1.942539e+00	8.907037e-01
2.194876e+00	4.392498e+00	1.820785e+00	9.577283e-01
2.524107e+00	4.644154e+00	1.700207e+00	1.030574e+00
2.902723e+00	4.900997e+00	1.582276e+00	1.109880e+00
3.338132e+00	5.159897e+00	1.476058e+00	1.196403e+00
3.838852e+00	5.416638e+00	1.363978e+00	1.291046e+00
4.414679e+00	2.949783e+00	1.260932e+00	1.394910e+00
5.076881e+00	3.230666e+00	1.163903e+00	1.509348e+00
5.838413e+00	3.545690e+00	1.080021e+00	1.636046e+00
6.714175e+00	3.881954e+00	9.902623e-01	1.777128e+00
7.721302e+00	4.255889e+00	9.049662e-01	1.935292e+00
8.879497e+00	4.666117e+00	8.460274e-01	2.113992e+00
1.021142e+01	5.101766e+00	7.856858e-01	2.317677e+00
1.174313e+01	5.581280e+00	7.172337e-01	2.552105e+00
1.350460e+01	6.055042e+00	6.385137e-01	2.515581e+00
1.553030e+01	6.589147e+00	5.636021e-01	2.381603e+00
1.785984e+01	7.190341e+00	5.095077e-01	2.276094e+00
2.053882e+01	7.809853e+00	4.581528e-01	2.197774e+00
2.361964e+01	8.494774e+00	4.128976e-01	2.145740e+00
2.716258e+01	9.227751e+00	3.718054e-01	2.119399e+00
3.123697e+01	1.003149e+01	3.355432e-01	2.118429e+00
3.592252e+01	1.091783e+01	3.029221e-01	2.142689e+00
4.131089e+01	1.187294e+01	2.707329e-01	2.192393e+00
4.750753e+01	1.292979e+01	2.424328e-01	2.267980e+00
5.463366e+01	1.403085e+01	2.195666e-01	2.370276e+00
6.282871e+01	1.515292e+01	1.986321e-01	2.500607e+00
7.225301e+01	1.633297e+01	1.749165e-01	2.660937e+00
8.309096e+01	1.739488e+01	1.564888e-01	2.854014e+00
9.555461e+01	1.848544e+01	1.391477e-01	3.083528e+00
1.098878e+02	1.945141e+01	1.254176e-01	3.354270e+00
1.263710e+02	2.023431e+01	1.129823e-01	3.672333e+00
1.453266e+02	2.093803e+01	9.898250e-02	4.045362e+00
1.671256e+02	2.162980e+01	8.832182e-02	4.482813e+00
1.921945e+02	2.227985e+01	7.817721e-02	4.996542e+00
2.210236e+02	2.273468e+01	6.959198e-02	5.599715e+00
2.541772e+02	2.581211e+01	6.176817e-02	6.317115e+00
2.923037e+02	2.559671e+01	5.476837e-02	7.179383e+00
3.361493e+02	2.522378e+01	4.907120e-02	8.201648e+00
3.865717e+02	2.469898e+01	4.328731e-02	9.428300e+00
4.445574e+02	2.417619e+01	3.847640e-02	1.089441e+01
5.112411e+02	2.355817e+01	3.422984e-02	1.263255e+01
5.879272e+02	2.281797e+01	3.084844e-02	1.470493e+01
6.761163e+02	2.204677e+01	2.728491e-02	1.719159e+01
7.775337e+02	2.126231e+01	2.385736e-02	2.018946e+01
8.941638e+02	2.050685e+01	2.118733e-02	2.381837e+01
1.028288e+03	1.971585e+01	1.871891e-02	2.823469e+01
1.182532e+03	1.888263e+01	1.682905e-02	3.363777e+01
1.359911e+03	1.803633e+01	1.483466e-02	4.026984e+01
1.563898e+03	1.718458e+01	1.294813e-02	4.842804e+01
1.798483e+03	1.631476e+01	1.148084e-02	5.850103e+01
2.068255e+03	1.543892e+01	1.008125e-02	7.098901e+01
2.378493e+03	1.457191e+01	8.885506e-03	8.652014e+01
2.735268e+03	1.370445e+01	7.840735e-03	1.058954e+02
3.145558e+03	1.284029e+01	6.947593e-03	1.301486e+02
3.617391e+03	1.199238e+01	6.163222e-03	1.606017e+02
4.160000e+03	1.116777e+01	5.404747e-03	1.989448e+02
4.784000e+03	1.037045e+01	4.754650e-03	2.473426e+02
5.501600e+03	9.605110e+00	4.252518e-03	3.085648e+02
6.326840e+03	8.875563e+00	3.792995e-03	3.861497e+02
7.275866e+03	8.184151e+00	3.276609e-03	4.846128e+02
8.367246e+03	7.532895e+00	2.891223e-03	6.097026e+02
9.622333e+03	6.924111e+00	2.528389e-03	7.687169e+02
