# Energy_MeV	dEdx_Elec_MeV_um	dEdx_Nucl_MeV_um	Range_um
1.000000e-05	9.568792e-03	5.260461e-02	2.090128e-03
1.150000e-05	1.026139e-02	5.842363e-02	2.241412e-03
1.322500e-05	1.100411e-02	6.487581e-02	2.403647e-03
1.520875e-05	1.180059e-02	7.188001e-02	2.577624e-03
1.749006e-05	1.265473e-02	7.966716e-02	2.764194e-03
2.011357e-05	1.357068e-02	8.819877e-02	2.964268e-03
2.313061e-05	1.455294e-02	9.757914e-02	3.178823e-03
2.660020e-05	1.560629e-02	1.078239e-01	3.408908e-03
3.059023e-05	1.673588e-02	1.190765e-01	3.655647e-03
3.517876e-05	1.794723e-02	1.315686e-01	3.920244e-03
4.045558e-05	1.924626e-02	1.452239e-01	4.203994e-03
4.652391e-05	2.063931e-02	1.596697e-01	4.508281e-03
5.350250e-05	2.213320e-02	1.756422e-01	4.834593e-03
6.152788e-05	2.373521e-02	1.939275e-01	5.184523e-03
7.075706e-05	2.545318e-02	2.131374e-01	5.559782e-03
8.137062e-05	2.729549e-02	2.344803e-01	5.962202e-03
9.357621e-05	2.927115e-02	2.567437e-01	6.393749e-03
1.076126e-04	3.138982e-02	2.812718e-01	6.856532e-03
1.237545e-04	3.366183e-02	3.092431e-01	7.352811e-03
1.423177e-04	3.609829e-02	3.383544e-01	7.885012e-03
1.636654e-04	3.871110e-02	3.706053e-01	8.455733e-03
1.882152e-04	4.151303e-02	4.047719e-01	9.067764e-03
2.164475e-04	4.451777e-02	4.419181e-01	9.724093e-03
2.489146e-04	4.773999e-02	4.819279e-01	1.042793e-02
2.862518e-04	5.119543e-02	5.239217e-01	1.118271e-02
3.291895e-04	5.490098e-02	5.706470e-01	1.199212e-02
3.785680e-04	5.887475e-02	6.196645e-01	1.286011e-02
4.353531e-04	6.313613e-02	6.715361e-01	1.379093e-02
5.006561e-04	6.770596e-02	7.252553e-01	1.478913e-02
5.757545e-04	7.260655e-02	7.857438e-01	1.585958e-02
6.621177e-04	7.786185e-02	8.505835e-01	1.700750e-02
7.614354e-04	8.349754e-02	9.171110e-01	1.823851e-02
8.756507e-04	8.954113e-02	9.874702e-01	1.955862e-02
1.006998e-03	9.602217e-02	1.058322e+00	2.097429e-02
1.158048e-03	1.029723e-01	1.137903e+00	2.249242e-02
1.331755e-03	1.104255e-01	1.221730e+00	2.412043e-02
1.531519e-03	1.184181e-01	1.306163e+00	2.586628e-02
1.761246e-03	1.269893e-01	1.395887e+00	2.773850e-02
2.025433e-03	1.361809e-01	1.488191e+00	2.974622e-02
2.329248e-03	1.460377e-01	1.582123e+00	3.189927e-02
2.678635e-03	1.566080e-01	1.676690e+00	3.420816e-02
3.080431e-03	1.679434e-01	1.773723e+00	3.668416e-02
3.542495e-03	1.800992e-01	1.875245e+00	3.933938e-02
4.073870e-03	1.931349e-01	1.977144e+00	4.218679e-02
4.684950e-03	2.071141e-01	2.069916e+00	4.524029e-02
5.387693e-03	2.221051e-01	2.166071e+00	4.851480e-02
6.195847e-03	2.381812e-01	2.274235e+00	5.202633e-02
7.125224e-03	2.554209e-01	2.370287e+00	5.579202e-02
8.194007e-03	2.739084e-01	2.469241e+00	5.983028e-02
9.423108e-03	2.937340e-01	2.553614e+00	6.416083e-02
1.083657e-02	3.149946e-01	2.638408e+00	6.880175e-02
1.246206e-02	3.377941e-01	2.732439e+00	7.377436e-02
1.433137e-02	3.622438e-01	2.811256e+00	7.912833e-02
1.648108e-02	3.884632e-01	2.889929e+00	8.485418e-02
1.895324e-02	4.165804e-01	2.959089e+00	9.099640e-02
2.179622e-02	4.467327e-01	3.023975e+00	9.758258e-02
2.506566e-02	4.790674e-01	3.082512e+00	1.046455e-01
2.882550e-02	5.137426e-01	3.131829e+00	1.122197e-01
3.314933e-02	5.509276e-01	3.181392e+00	1.203421e-01
3.812173e-02	5.908040e-01	3.221504e+00	1.290523e-01
4.383999e-02	6.335667e-01	3.254222e+00	1.383930e-01
5.041599e-02	6.794246e-01	3.277628e+00	1.484099e-01
5.797838e-02	7.286017e-01	3.301850e+00	1.591518e-01
6.667514e-02	7.813383e-01	3.320667e+00	1.706711e-01
7.667641e-02	8.378920e-01	3.328619e+00	1.830241e-01
8.817787e-02	8.985390e-01	3.330379e+00	1.962714e-01
1.014046e-01	9.635757e-01	3.321976e+00	2.104775e-01
1.166152e-01	1.033320e+00	3.310656e+00	2.257119e-01
1.341075e-01	1.108112e+00	3.291985e+00	2.420488e-01
1.542237e-01	1.188318e+00	3.262702e+00	2.595683e-01
1.773572e-01	1.274329e+00	3.226223e+00	2.783559e-01
2.039608e-01	1.366566e+00	3.180826e+00	2.985033e-01
2.345549e-01	1.465478e+00	3.127271e+00	3.201090e-01
2.697381e-01	1.571550e+00	3.065697e+00	3.432784e-01
3.101989e-01	1.685300e+00	2.995482e+00	3.681249e-01
3.567287e-01	1.807283e+00	2.917501e+00	3.947700e-01
4.102380e-01	1.938095e+00	2.832161e+00	4.233435e-01
4.717737e-01	2.078375e+00	2.745171e+00	4.539851e-01
5.425397e-01	2.228809e+00	2.649658e+00	4.868445e-01
6.239207e-01	2.390132e+00	2.542017e+00	5.220825e-01
7.175088e-01	2.563131e+00	2.436600e+00	5.598714e-01
8.251351e-01	2.748651e+00	2.323579e+00	6.003937e-01
9.489054e-01	2.947600e+00	2.218513e+00	6.438547e-01
1.091241e+00	3.160519e+00	2.107517e+00	6.904451e-01
1.254927e+00	3.357268e+00	1.984571e+00	7.406524e-01
1.443166e+00	3.563902e+00	1.871975e+00	7.950462e-01
1.659641e+00	3.780082e+00	1.754816e+00	8.539858e-01
1.908588e+00	4.005124e+00	1.644277e+00	9.179259e-01
2.194876e+00	4.237889e+00	1.534676e+00	9.873706e-01
2.524107e+00	4.476640e+00	1.429310e+00	1.062908e+00
2.902723e+00	4.718879e+00	1.331618e+00	1.145227e+00
3.338132e+00	4.961175e+00	1.229549e+00	1.235150e+00
3.838852e+00	5.198993e+00	1.135887e+00	1.333668e+00
4.414679e+00	2.811302e+00	1.049443e+00	1.441993e+00
5.076881e+00	3.093379e+00	9.731287e-01	1.561626e+00
5.838413e+00	3.404154e+00	8.890522e-01	1.694448e+00
6.714175e+00	3.750276e+00	8.158710e-01	1.842838e+00
7.721302e+00	4.120828e+00	7.638664e-01	2.009834e+00
8.879497e+00	4.532458e+00	7.074023e-01	2.199336e+00
1.021142e+01	4.971515e+00	6.432285e-01	2.414628e+00
1.174313e+01	5.428504e+00	5.694286e-01	2.288291e+00
1.350460e+01	5.923113e+00	5.052924e-01	2.183743e+00
1.553030e+01	6.473162e+00	4.568217e-01	2.100719e+00
1.785984e+01	7.082838e+00	4.109653e-01	2.039128e+00
2.053882e+01	7.734860e+00	3.699463e-01	1.999053e+00
2.361964e+01	8.446190e+00	3.332679e-01	1.980740e+00
2.716258e+01	9.242294e+00	3.012896e-01	1.984552e+00
3.123697e+01	1.007761e+01	2.712157e-01	2.011009e+00
3.592252e+01	1.100730e+01	2.426191e-01	2.060780e+00
4.131089e+01	1.202377e+01	2.172842e-01	2.134697e+00
4.750753e+01	1.306888e+01	1.973090e-01	2.233860e+00
5.463366e+01	1.420012e+01	1.778305e-01	2.359760e+00
6.282871e+01	1.524859e+01	1.567998e-01	2.514419e+00
7.225301e+01	1.632012e+01	1.403320e-01	2.700554e+00
8.309096e+01	1.737253e+01	1.246657e-01	2.921742e+00
9.555461e+01	1.828678e+01	1.126528e-01	3.182588e+00
1.098878e+02	1.918876e+01	1.010532e-01	3.488961e+00
1.263710e+02	1.980766e+01	8.873027e-02	3.848207e+00
1.453266e+02	2.046697e+01	7.914776e-02	4.269474e+00
1.671256e+02	2.116952e+01	7.000764e-02	4.763903e+00
1.921945e+02	2.163944e+01	6.228655e-02	5.345701e+00
2.210236e+02	2.373769e+01	5.525816e-02	6.031440e+00
2.541772e+02	2.351025e+01	4.913750e-02	6.856481e+00
2.923037e+02	2.314891e+01	4.394814e-02	7.841277e+00
3.361493e+02	2.267993e+01	3.878783e-02	9.018182e+00
3.865717e+02	2.208141e+01	3.441784e-02	1.043272e+01
4.445574e+02	2.155219e+01	3.068126e-02	1.212043e+01
5.112411e+02	2.086022e+01	2.763943e-02	1.412870e+01
5.879272e+02	2.012234e+01	2.430256e-02	1.653948e+01
6.761163e+02	1.936887e+01	2.133604e-02	1.944736e+01
7.775337e+02	1.862122e+01	1.891793e-02	2.297023e+01
8.941638e+02	1.788865e+01	1.676345e-02	2.725764e+01
1.028288e+03	1.711019e+01	1.507053e-02	3.250550e+01
1.182532e+03	1.630502e+01	1.320329e-02	3.895683e+01
1.359911e+03	1.551584e+01	1.158329e-02	4.690748e+01
1.563898e+03	1.470838e+01	1.024509e-02	5.673192e+01
1.798483e+03	1.389446e+01	9.009221e-03	6.892492e+01
2.068255e+03	1.309102e+01	7.936717e-03	8.410975e+01
2.378493e+03	1.229373e+01	7.002134e-03	1.030764e+02
2.735268e+03	1.150109e+01	6.222315e-03	1.268443e+02
3.145558e+03	1.072118e+01	5.496669e-03	1.567223e+02
3.617391e+03	9.966160e+00	4.830530e-03	1.943879e+02
4.160000e+03	9.238932e+00	4.256068e-03	2.419880e+02
4.784000e+03	8.541360e+00	3.814026e-03	3.022761e+02
5.501600e+03	7.877081e+00	3.384912e-03	3.787736e+02
6.326840e+03	7.248919e+00	2.931608e-03	4.759799e+02
7.275866e+03	6.658964e+00	2.586150e-03	5.996319e+02
8.367246e+03	6.108432e+00	2.264271e-03	7.570235e+02
9.622333e+03	5.597128e+00	2.022885e-03	9.573956e+02
