# Energy_MeV	dEdx_Elec_MeV_um	dEdx_Nucl_MeV_um	Range_um
1.000000e-05	5.907541e-03	6.591355e-02	3.385503e-03
1.150000e-05	6.335132e-03	7.236429e-02	3.630548e-03
1.322500e-05	6.793672e-03	7.927270e-02	3.893329e-03
1.520875e-05	7.285402e-03	8.687603e-02	4.175130e-03
1.749006e-05	7.812723e-03	9.495161e-02	4.477328e-03
2.011357e-05	8.378212e-03	1.038563e-01	4.801400e-03
2.313061e-05	8.984631e-03	1.132564e-01	5.148928e-03
2.660020e-05	9.634944e-03	1.232573e-01	5.521610e-03
3.059023e-05	5.187958e-03	1.342361e-01	5.921267e-03
3.517876e-05	5.601487e-03	1.458574e-01	6.349851e-03
4.045558e-05	6.044699e-03	1.585580e-01	6.809457e-03
4.652391e-05	6.519765e-03	1.713157e-01	7.302329e-03
5.350250e-05	7.029008e-03	1.854150e-01	7.830875e-03
6.152788e-05	7.574920e-03	2.009208e-01	8.397678e-03
7.075706e-05	8.160169e-03	2.168839e-01	9.005507e-03
8.137062e-05	8.787619e-03	2.340784e-01	9.657330e-03
9.357621e-05	9.460335e-03	2.511027e-01	1.035633e-02
1.076126e-04	1.018161e-02	2.697364e-01	1.110593e-02
1.237545e-04	1.095496e-02	2.899259e-01	1.190978e-02
1.423177e-04	1.178417e-02	3.104623e-01	1.277182e-02
1.636654e-04	1.267329e-02	3.322413e-01	1.369625e-02
1.882152e-04	1.362666e-02	3.543151e-01	1.468759e-02
2.164475e-04	1.464895e-02	3.772179e-01	1.575069e-02
2.489146e-04	1.574515e-02	4.007524e-01	1.689073e-02
2.862518e-04	1.692061e-02	4.243504e-01	1.811329e-02
3.291895e-04	1.818109e-02	4.491357e-01	1.942434e-02
3.785680e-04	1.953272e-02	4.739228e-01	2.083028e-02
4.353531e-04	2.098213e-02	4.977281e-01	2.233799e-02
5.006561e-04	2.253638e-02	5.215958e-01	2.395483e-02
5.757545e-04	2.420308e-02	5.470294e-01	2.568869e-02
6.621177e-04	2.599037e-02	5.714662e-01	2.754805e-02
7.614354e-04	2.790697e-02	5.964104e-01	2.954199e-02
8.756507e-04	2.996226e-02	6.184965e-01	3.168026e-02
1.006998e-03	3.216627e-02	6.402777e-01	3.397329e-02
1.158048e-03	3.452977e-02	6.627977e-01	3.643230e-02
1.331755e-03	3.706430e-02	6.833240e-01	3.906929e-02
1.531519e-03	3.978225e-02	7.038194e-01	4.189714e-02
1.761246e-03	4.269690e-02	7.216271e-01	4.492968e-02
2.025433e-03	4.582249e-02	7.393186e-01	4.818171e-02
2.329248e-03	4.917428e-02	7.545153e-01	5.166913e-02
2.678635e-03	5.276865e-02	7.677342e-01	5.540897e-02
3.080431e-03	5.662316e-02	7.806033e-01	5.941950e-02
3.542495e-03	6.075664e-02	7.913246e-01	6.372031e-02
4.073870e-03	6.518929e-02	8.013224e-01	6.830251e-02
4.684950e-03	6.994275e-02	8.080521e-01	7.327601e-02
5.387693e-03	7.504026e-02	8.142658e-01	7.858385e-02
6.195847e-03	8.050671e-02	8.198524e-01	8.427221e-02
7.125224e-03	8.636881e-02	8.231827e-01	9.037149e-02
8.194007e-03	9.265520e-02	8.249240e-01	9.691255e-02
9.423108e-03	9.939659e-02	8.240264e-01	1.039270e-01
1.083657e-02	1.066259e-01	8.219299e-01	1.114491e-01
1.246206e-02	1.143785e-01	8.184169e-01	1.195158e-01
1.433137e-02	1.226922e-01	8.126803e-01	1.281662e-01
1.648108e-02	1.316076e-01	8.048895e-01	1.374428e-01
1.895324e-02	1.411683e-01	7.949145e-01	1.473908e-01
2.179622e-02	1.514211e-01	7.829514e-01	1.580589e-01
2.506566e-02	1.624159e-01	7.689566e-01	1.694992e-01
2.882550e-02	1.742065e-01	7.529101e-01	1.817675e-01
3.314933e-02	1.868506e-01	7.347744e-01	1.949238e-01
3.812173e-02	2.004098e-01	7.148202e-01	2.090323e-01
4.383999e-02	2.149504e-01	6.939112e-01	2.241621e-01
5.041599e-02	2.305435e-01	6.712607e-01	2.403870e-01
5.797838e-02	2.472652e-01	6.461344e-01	2.577861e-01
6.667514e-02	2.651972e-01	6.205345e-01	2.764446e-01
7.667641e-02	2.844272e-01	5.930258e-01	2.964537e-01
8.817787e-02	3.050490e-01	5.668071e-01	3.179111e-01
1.014046e-01	3.271635e-01	5.394994e-01	3.409216e-01
1.166152e-01	3.508786e-01	5.102265e-01	3.655974e-01
1.341075e-01	3.763102e-01	4.821459e-01	3.920594e-01
1.542237e-01	4.035825e-01	4.527367e-01	4.204368e-01
1.773572e-01	4.328289e-01	4.253712e-01	4.508682e-01
2.039608e-01	4.641921e-01	3.970694e-01	4.835021e-01
2.345549e-01	4.978254e-01	3.704600e-01	5.184979e-01
2.697381e-01	5.338930e-01	3.457824e-01	5.560269e-01
3.101989e-01	5.725713e-01	3.202095e-01	5.962738e-01
3.567287e-01	6.140491e-01	2.967693e-01	6.394234e-01
4.102380e-01	6.585316e-01	2.732871e-01	6.857672e-01
4.717737e-01	7.062358e-01	2.535024e-01	7.358987e-01
5.425397e-01	7.573928e-01	2.333525e-01	7.902110e-01
6.239207e-01	8.122525e-01	2.136421e-01	8.491035e-01
7.175088e-01	8.710832e-01	1.979988e-01	9.130268e-01
8.251351e-01	9.341722e-01	1.841560e-01	9.825066e-01
9.489054e-01	1.001896e+00	1.693670e-01	1.019499e+00
1.091241e+00	1.079469e+00	1.523595e-01	1.044399e+00
1.254927e+00	1.173560e+00	1.352634e-01	1.067509e+00
1.443166e+00	1.289879e+00	1.212042e-01	1.088982e+00
1.659641e+00	1.420550e+00	1.090772e-01	1.109130e+00
1.908588e+00	1.569221e+00	9.831406e-02	1.128356e+00
2.194876e+00	1.735561e+00	8.865179e-02	1.147195e+00
2.524107e+00	1.923240e+00	7.985428e-02	1.166325e+00
2.902723e+00	2.134352e+00	7.202524e-02	1.186591e+00
3.338132e+00	2.363182e+00	6.462963e-02	1.209021e+00
3.838852e+00	2.616933e+00	5.785835e-02	1.234849e+00
4.414679e+00	2.875494e+00	5.233207e-02	1.265546e+00
5.076881e+00	3.155597e+00	4.719039e-02	1.302848e+00
5.838413e+00	3.459933e+00	4.200569e-02	1.348761e+00
6.714175e+00	3.745458e+00	3.759584e-02	1.405644e+00
7.721302e+00	4.042784e+00	3.329656e-02	1.476163e+00
8.879497e+00	4.306550e+00	3.002315e-02	1.563325e+00
1.021142e+01	4.539393e+00	2.690015e-02	1.670493e+00
1.174313e+01	4.749856e+00	2.381896e-02	1.801408e+00
1.350460e+01	4.890749e+00	2.125602e-02	1.960267e+00
1.553030e+01	5.021209e+00	1.874230e-02	2.151838e+00
1.785984e+01	5.107848e+00	1.674325e-02	2.381653e+00
2.053882e+01	5.161941e+00	1.479148e-02	2.656301e+00
2.361964e+01	5.195133e+00	1.313041e-02	2.983779e+00
2.716258e+01	5.183766e+00	1.175765e-02	3.373950e+00
3.123697e+01	5.158362e+00	1.039341e-02	3.839105e+00
3.592252e+01	5.104944e+00	9.263448e-03	4.394656e+00
4.131089e+01	5.025274e+00	8.187343e-03	5.059991e+00
4.750753e+01	4.924611e+00	7.352688e-03	5.859546e+00
5.463366e+01	4.807072e+00	6.544686e-03	6.824160e+00
6.282871e+01	4.671772e+00	5.759722e-03	7.993239e+00
7.225301e+01	4.515957e+00	5.082193e-03	9.414101e+00
8.309096e+01	4.883196e+00	4.494481e-03	1.116332e+01
9.555461e+01	4.606357e+00	4.017115e-03	1.333725e+01
1.098878e+02	4.313285e+00	3.563015e-03	1.602035e+01
1.263710e+02	4.019975e+00	3.132409e-03	1.936800e+01
1.453266e+02	3.755612e+00	2.756782e-03	2.353826e+01
1.671256e+02	3.501442e+00	2.428962e-03	2.870800e+01
1.921945e+02	3.248040e+00	2.139601e-03	3.515104e+01
2.210236e+02	3.003234e+00	1.890945e-03	4.322259e+01
2.541772e+02	2.769231e+00	1.670812e-03	5.337481e+01
2.923037e+02	2.547913e+00	1.479075e-03	6.618699e+01
3.361493e+02	2.334029e+00	1.303805e-03	8.242418e+01
3.865717e+02	2.131302e+00	1.145401e-03	1.030827e+02
4.445574e+02	1.942228e+00	1.021782e-03	1.294217e+02
5.112411e+02	1.766446e+00	9.076168e-04	1.630359e+02
5.879272e+02	1.602229e+00	7.935627e-04	2.060209e+02
6.761163e+02	1.450026e+00	7.004030e-04	2.610968e+02
7.775337e+02	1.310400e+00	6.097585e-04	3.317379e+02
8.941638e+02	1.182194e+00	5.439320e-04	4.224142e+02
1.028288e+03	1.064831e+00	4.807585e-04	5.389109e+02
1.182532e+03	9.579731e-01	4.190013e-04	6.886559e+02
1.359911e+03	8.610541e-01	3.693558e-04	8.811646e+02
1.563898e+03	7.733989e-01	3.206255e-04	1.128621e+03
1.798483e+03	6.945406e-01	2.830185e-04	1.446587e+03
2.068255e+03	6.239785e-01	2.465082e-04	1.854886e+03
2.378493e+03	5.608448e-01	2.156704e-04	2.378720e+03
2.735268e+03	5.043377e-01	1.910222e-04	3.050032e+03
3.145558e+03	4.540676e-01	1.663788e-04	3.909190e+03
3.617391e+03	4.094835e-01	1.464685e-04	5.007010e+03
4.160000e+03	3.698780e-01	1.278065e-04	6.407194e+03
4.784000e+03	3.347579e-01	1.134077e-04	8.189226e+03
5.501600e+03	3.037619e-01	9.961033e-05	1.045181e+04
6.326840e+03	2.764174e-01	8.644767e-05	1.331676e+04
7.275866e+03	2.523011e-01	7.511172e-05	1.693343e+04
8.367246e+03	2.311260e-01	0.000000e+00	2.148358e+04
9.622333e+03	2.125825e-01	0.000000e+00	2.718664e+04
