# Energy_MeV	dEdx_Elec_MeV_um	dEdx_Nucl_MeV_um	Range_um
1.000000e-05	8.407574e-03	5.115449e-02	2.378807e-03
1.150000e-05	9.016119e-03	5.683261e-02	2.550987e-03
1.322500e-05	9.668710e-03	6.296604e-02	2.735629e-03
1.520875e-05	1.036854e-02	6.980665e-02	2.933635e-03
1.749006e-05	1.111902e-02	7.726981e-02	3.145973e-03
2.011357e-05	1.192382e-02	8.550648e-02	3.373680e-03
2.313061e-05	1.278687e-02	9.451172e-02	3.617869e-03
2.660020e-05	1.371239e-02	1.043551e-01	3.879732e-03
3.059023e-05	1.470490e-02	1.153345e-01	4.160549e-03
3.517876e-05	1.576925e-02	1.272832e-01	4.461692e-03
4.045558e-05	1.691063e-02	1.400653e-01	4.784631e-03
4.652391e-05	1.813464e-02	1.540069e-01	5.130946e-03
5.350250e-05	1.944723e-02	1.699732e-01	5.502326e-03
6.152788e-05	2.085483e-02	1.869617e-01	5.900587e-03
7.075706e-05	2.236431e-02	2.055911e-01	6.327675e-03
8.137062e-05	2.398306e-02	2.253557e-01	6.785676e-03
9.357621e-05	2.571896e-02	2.467741e-01	7.276826e-03
1.076126e-04	2.758051e-02	2.712951e-01	7.803527e-03
1.237545e-04	2.957681e-02	2.970165e-01	8.368350e-03
1.423177e-04	3.171759e-02	3.251716e-01	8.974056e-03
1.636654e-04	3.401333e-02	3.553739e-01	9.623603e-03
1.882152e-04	3.647523e-02	3.881015e-01	1.032016e-02
2.164475e-04	3.911533e-02	4.234073e-01	1.106714e-02
2.489146e-04	4.194651e-02	4.603301e-01	1.186819e-02
2.862518e-04	4.498262e-02	5.012263e-01	1.272721e-02
3.291895e-04	4.823849e-02	5.445324e-01	1.364842e-02
3.785680e-04	5.173002e-02	5.905748e-01	1.463630e-02
4.353531e-04	5.547426e-02	6.378140e-01	1.569568e-02
5.006561e-04	5.948952e-02	6.905256e-01	1.683174e-02
5.757545e-04	6.379540e-02	7.481226e-01	1.805003e-02
6.621177e-04	6.841295e-02	8.066931e-01	1.935650e-02
7.614354e-04	7.336471e-02	8.693422e-01	2.075754e-02
8.756507e-04	7.867489e-02	9.318030e-01	2.225998e-02
1.006998e-03	8.436942e-02	1.001159e+00	2.387117e-02
1.158048e-03	9.047613e-02	1.075867e+00	2.559897e-02
1.331755e-03	9.702484e-02	1.150351e+00	2.745184e-02
1.531519e-03	1.040475e-01	1.230002e+00	2.943882e-02
1.761246e-03	1.115786e-01	1.311218e+00	3.156962e-02
2.025433e-03	1.196547e-01	1.394849e+00	3.385464e-02
2.329248e-03	1.283153e-01	1.479098e+00	3.630506e-02
2.678635e-03	1.376029e-01	1.564550e+00	3.893284e-02
3.080431e-03	1.475626e-01	1.655060e+00	4.175082e-02
3.542495e-03	1.582433e-01	1.744954e+00	4.477277e-02
4.073870e-03	1.696970e-01	1.829401e+00	4.801344e-02
4.684950e-03	1.819798e-01	1.913664e+00	5.148868e-02
5.387693e-03	1.951516e-01	2.009518e+00	5.521546e-02
6.195847e-03	2.092768e-01	2.096397e+00	5.921198e-02
7.125224e-03	2.244243e-01	2.183322e+00	6.349778e-02
8.194007e-03	2.406683e-01	2.261066e+00	6.809378e-02
9.423108e-03	2.580880e-01	2.335555e+00	7.302245e-02
1.083657e-02	2.767685e-01	2.420070e+00	7.830785e-02
1.246206e-02	2.968012e-01	2.491393e+00	8.394716e-02
1.433137e-02	3.182838e-01	2.560986e+00	9.005556e-02
1.648108e-02	3.413214e-01	2.623852e+00	9.657385e-02
1.895324e-02	3.660264e-01	2.682509e+00	1.035647e-01
2.179622e-02	3.925196e-01	2.736347e+00	1.110603e-01
2.506566e-02	4.209303e-01	2.780363e+00	1.190988e-01
2.882550e-02	4.513975e-01	2.824755e+00	1.277190e-01
3.314933e-02	4.840699e-01	2.861409e+00	1.369632e-01
3.812173e-02	5.191071e-01	2.891938e+00	1.468766e-01
4.383999e-02	5.566804e-01	2.913407e+00	1.575074e-01
5.041599e-02	5.969732e-01	2.934548e+00	1.689077e-01
5.797838e-02	6.401824e-01	2.952873e+00	1.811331e-01
6.667514e-02	6.865192e-01	2.960866e+00	1.942435e-01
7.667641e-02	7.362098e-01	2.963832e+00	2.083028e-01
8.817787e-02	7.894971e-01	2.957281e+00	2.233797e-01
1.014046e-01	8.466413e-01	2.947449e+00	2.395478e-01
1.166152e-01	9.079216e-01	2.932309e+00	2.568862e-01
1.341075e-01	9.736375e-01	2.907415e+00	2.754797e-01
1.542237e-01	1.044110e+00	2.876117e+00	2.954189e-01
1.773572e-01	1.119683e+00	2.836822e+00	3.168012e-01
2.039608e-01	1.200726e+00	2.790318e+00	3.397312e-01
2.345549e-01	1.287636e+00	2.736594e+00	3.643211e-01
2.697381e-01	1.380835e+00	2.675387e+00	3.906907e-01
3.101989e-01	1.480781e+00	2.606869e+00	4.189689e-01
3.567287e-01	1.587961e+00	2.531995e+00	4.492938e-01
4.102380e-01	1.702898e+00	2.454705e+00	4.818138e-01
4.717737e-01	1.826155e+00	2.371283e+00	5.166877e-01
5.425397e-01	1.958333e+00	2.275759e+00	5.540857e-01
6.239207e-01	2.100078e+00	2.182348e+00	5.941905e-01
7.175088e-01	2.252083e+00	2.082592e+00	6.371979e-01
8.251351e-01	2.415090e+00	1.988120e+00	6.833184e-01
9.489054e-01	2.589895e+00	1.891085e+00	7.327800e-01
1.091241e+00	2.777353e+00	1.780484e+00	7.858049e-01
1.254927e+00	2.960811e+00	1.680471e+00	8.427834e-01
1.443166e+00	3.143902e+00	1.576508e+00	9.044448e-01
1.659641e+00	3.335756e+00	1.477885e+00	9.712473e-01
1.908588e+00	3.535889e+00	1.379999e+00	1.043690e+00
2.194876e+00	3.743442e+00	1.284438e+00	1.122329e+00
2.524107e+00	3.957071e+00	1.197900e+00	1.207814e+00
2.902723e+00	4.174805e+00	1.106369e+00	1.300903e+00
3.338132e+00	4.393887e+00	1.023028e+00	1.402492e+00
3.838852e+00	2.342525e+00	9.445843e-01	1.513657e+00
4.414679e+00	2.575384e+00	8.763253e-01	1.635708e+00
5.076881e+00	2.827720e+00	8.030151e-01	1.770259e+00
5.838413e+00	3.110072e+00	7.344630e-01	1.919325e+00
6.714175e+00	3.413437e+00	6.867035e-01	2.085445e+00
7.721302e+00	3.746918e+00	6.374162e-01	2.271849e+00
8.879497e+00	4.116038e+00	5.815109e-01	2.482676e+00
1.021142e+01	4.503243e+00	5.172199e-01	2.424732e+00
1.174313e+01	4.928843e+00	4.569629e-01	2.331762e+00
1.350460e+01	5.368594e+00	4.130945e-01	2.254643e+00
1.553030e+01	5.865834e+00	3.715149e-01	2.194421e+00
1.785984e+01	6.431416e+00	3.346797e-01	2.152195e+00
2.053882e+01	7.030484e+00	3.014364e-01	2.129145e+00
2.361964e+01	7.699059e+00	2.720990e-01	2.126505e+00
2.716258e+01	8.424490e+00	2.455391e-01	2.145625e+00
3.123697e+01	9.195727e+00	2.194924e-01	2.187930e+00
3.592252e+01	1.004605e+01	1.964619e-01	2.254909e+00
4.131089e+01	1.092306e+01	1.780793e-01	2.348182e+00
4.750753e+01	1.186224e+01	1.610053e-01	2.469590e+00
5.463366e+01	1.280753e+01	1.417412e-01	2.621336e+00
6.282871e+01	1.369576e+01	1.268785e-01	2.806164e+00
7.225301e+01	1.461299e+01	1.127181e-01	3.027557e+00
8.309096e+01	1.539529e+01	1.017065e-01	3.289941e+00
9.555461e+01	1.616485e+01	9.156662e-02	3.598969e+00
1.098878e+02	1.685213e+01	8.026100e-02	3.961754e+00
1.263710e+02	1.733752e+01	7.160196e-02	4.387182e+00
1.453266e+02	1.778654e+01	6.331855e-02	4.886292e+00
1.671256e+02	1.822728e+01	5.640268e-02	5.472669e+00
1.921945e+02	1.859182e+01	5.006768e-02	6.163540e+00
2.210236e+02	1.884000e+01	4.441373e-02	6.977802e+00
2.541772e+02	2.046623e+01	3.977749e-02	7.952796e+00
2.923037e+02	2.007843e+01	3.509716e-02	9.127699e+00
3.361493e+02	1.959966e+01	3.118330e-02	1.052949e+01
3.865717e+02	1.900555e+01	2.775614e-02	1.222173e+01
4.445574e+02	1.846151e+01	2.500795e-02	1.425554e+01
5.112411e+02	1.784042e+01	2.209739e-02	1.668353e+01
5.879272e+02	1.715144e+01	1.933488e-02	1.960300e+01
6.761163e+02	1.644996e+01	1.716661e-02	2.313362e+01
7.775337e+02	1.574827e+01	1.517639e-02	2.742363e+01
8.941638e+02	1.506892e+01	1.364176e-02	3.265829e+01
1.028288e+03	1.436233e+01	1.201279e-02	3.908083e+01
1.182532e+03	1.363849e+01	1.049271e-02	4.700098e+01
1.359911e+03	1.291925e+01	9.301258e-03	5.679829e+01
1.563898e+03	1.220248e+01	8.169520e-03	6.894491e+01
1.798483e+03	1.148421e+01	7.196802e-03	8.406290e+01
2.068255e+03	1.077407e+01	6.352751e-03	1.029507e+02
2.378493e+03	1.007982e+01	5.630997e-03	1.266186e+02
2.735268e+03	9.396814e+00	4.992621e-03	1.563636e+02
3.145558e+03	8.726062e+00	4.379471e-03	1.938629e+02
3.617391e+03	8.079626e+00	3.850656e-03	2.412684e+02
4.160000e+03	7.461194e+00	3.447666e-03	3.013392e+02
4.784000e+03	6.872608e+00	3.072932e-03	3.776173e+02
5.501600e+03	6.315071e+00	2.656133e-03	4.746414e+02
6.326840e+03	5.789172e+00	2.343215e-03	5.982149e+02
7.275866e+03	5.297775e+00	2.047852e-03	7.557462e+02
8.367246e+03	4.842706e+00	1.828815e-03	9.566631e+02
9.622333e+03	4.422363e+00	1.625562e-03	1.212923e+03
