# Energy_MeV	dEdx_Elec_MeV_um	dEdx_Nucl_MeV_um	Range_um
1.000000e-05	8.733245e-03	5.711789e-02	2.290099e-03
1.150000e-05	9.365362e-03	6.325710e-02	2.455858e-03
1.322500e-05	1.004323e-02	7.001733e-02	2.633614e-03
1.520875e-05	1.077017e-02	7.748609e-02	2.824237e-03
1.749006e-05	1.154972e-02	8.554215e-02	3.028657e-03
2.011357e-05	1.238569e-02	9.454668e-02	3.247872e-03
2.313061e-05	1.328217e-02	1.043740e-01	3.482955e-03
2.660020e-05	1.424355e-02	1.150867e-01	3.735053e-03
3.059023e-05	1.527450e-02	1.265227e-01	4.005398e-03
3.517876e-05	1.638008e-02	1.393262e-01	4.295311e-03
4.045558e-05	1.756568e-02	1.536262e-01	4.606208e-03
4.652391e-05	1.883709e-02	1.688796e-01	4.939608e-03
5.350250e-05	2.020053e-02	1.855751e-01	5.297139e-03
6.152788e-05	2.166265e-02	2.031977e-01	5.680549e-03
7.075706e-05	2.323061e-02	2.228668e-01	6.091710e-03
8.137062e-05	2.491205e-02	2.446761e-01	6.532631e-03
9.357621e-05	2.671520e-02	2.677613e-01	7.005467e-03
1.076126e-04	2.864886e-02	2.930519e-01	7.512526e-03
1.237545e-04	3.072248e-02	3.202182e-01	8.056287e-03
1.423177e-04	3.294619e-02	3.494665e-01	8.639405e-03
1.636654e-04	3.533085e-02	3.806045e-01	9.264729e-03
1.882152e-04	3.788811e-02	4.139864e-01	9.935316e-03
2.164475e-04	4.063048e-02	4.505108e-01	1.065444e-02
2.489146e-04	4.357133e-02	4.894272e-01	1.142561e-02
2.862518e-04	4.672505e-02	5.295610e-01	1.225260e-02
3.291895e-04	5.010703e-02	5.721477e-01	1.313945e-02
3.785680e-04	5.373380e-02	6.206944e-01	1.409050e-02
4.353531e-04	5.762308e-02	6.703486e-01	1.511037e-02
5.006561e-04	6.179387e-02	7.232393e-01	1.620407e-02
5.757545e-04	6.626655e-02	7.770193e-01	1.737693e-02
6.621177e-04	7.106295e-02	8.331013e-01	1.863468e-02
7.614354e-04	7.620653e-02	8.969689e-01	1.998347e-02
8.756507e-04	8.172240e-02	9.604795e-01	2.142988e-02
1.006998e-03	8.763751e-02	1.027639e+00	2.298099e-02
1.158048e-03	9.398076e-02	1.096581e+00	2.464436e-02
1.331755e-03	1.007831e-01	1.168078e+00	2.642814e-02
1.531519e-03	1.080779e-01	1.242082e+00	2.834102e-02
1.761246e-03	1.159006e-01	1.314057e+00	3.039236e-02
2.025433e-03	1.242896e-01	1.391502e+00	3.259217e-02
2.329248e-03	1.332857e-01	1.468498e+00	3.495121e-02
2.678635e-03	1.429330e-01	1.545070e+00	3.748100e-02
3.080431e-03	1.532785e-01	1.617205e+00	4.019389e-02
3.542495e-03	1.643729e-01	1.694228e+00	4.310315e-02
4.073870e-03	1.762703e-01	1.775069e+00	4.622298e-02
4.684950e-03	1.890289e-01	1.849547e+00	4.956862e-02
5.387693e-03	2.027109e-01	1.922933e+00	5.315642e-02
6.195847e-03	2.173832e-01	1.988008e+00	5.700391e-02
7.125224e-03	2.331175e-01	2.056029e+00	6.112989e-02
8.194007e-03	2.499907e-01	2.125235e+00	6.555450e-02
9.423108e-03	2.680851e-01	2.185763e+00	7.026306e-02
1.083657e-02	2.874893e-01	2.244510e+00	7.537858e-02
1.246206e-02	3.082979e-01	2.298110e+00	8.084628e-02
1.433137e-02	3.306127e-01	2.346628e+00	8.669790e-02
1.648108e-02	3.545426e-01	2.389127e+00	9.297284e-02
1.895324e-02	3.802046e-01	2.427271e+00	9.970222e-02
2.179622e-02	4.077240e-01	2.463495e+00	1.069185e-01
2.506566e-02	4.372353e-01	2.494146e+00	1.146572e-01
2.882550e-02	4.688826e-01	2.516553e+00	1.229560e-01
3.314933e-02	5.028206e-01	2.534267e+00	1.318555e-01
3.812173e-02	5.392150e-01	2.553694e+00	1.413991e-01
4.383999e-02	5.782436e-01	2.564420e+00	1.516335e-01
5.041599e-02	6.200972e-01	2.570139e+00	1.626087e-01
5.797838e-02	6.649802e-01	2.568573e+00	1.743783e-01
6.667514e-02	7.131118e-01	2.561163e+00	1.869997e-01
7.667641e-02	7.647272e-01	2.552065e+00	2.005347e-01
8.817787e-02	8.200786e-01	2.534433e+00	2.150493e-01
1.014046e-01	8.794363e-01	2.510646e+00	2.306146e-01
1.166152e-01	9.430904e-01	2.480340e+00	2.473065e-01
1.341075e-01	1.011352e+00	2.443546e+00	2.652065e-01
1.542237e-01	1.084554e+00	2.400467e+00	2.844021e-01
1.773572e-01	1.163055e+00	2.351258e+00	3.049871e-01
2.039608e-01	1.247237e+00	2.294920e+00	3.270621e-01
2.345549e-01	1.337513e+00	2.233674e+00	3.507350e-01
2.697381e-01	1.434323e+00	2.167574e+00	3.761212e-01
3.101989e-01	1.538140e+00	2.098737e+00	4.033449e-01
3.567287e-01	1.649471e+00	2.022085e+00	4.325390e-01
4.102380e-01	1.768861e+00	1.939638e+00	4.638463e-01
4.717737e-01	1.896892e+00	1.856746e+00	4.974197e-01
5.425397e-01	2.034190e+00	1.771239e+00	5.334229e-01
6.239207e-01	2.181425e+00	1.689180e+00	5.720324e-01
7.175088e-01	2.339318e+00	1.600121e+00	6.134360e-01
8.251351e-01	2.508639e+00	1.507714e+00	6.578334e-01
9.489054e-01	2.680524e+00	1.420063e+00	7.054771e-01
1.091241e+00	2.846740e+00	1.331108e+00	7.569630e-01
1.254927e+00	3.021075e+00	1.244582e+00	8.127461e-01
1.443166e+00	3.203151e+00	1.161241e+00	8.732207e-01
1.659641e+00	3.392274e+00	1.082423e+00	9.388495e-01
1.908588e+00	3.587327e+00	1.005986e+00	1.010166e+00
2.194876e+00	1.918744e+00	9.291386e-01	1.087790e+00
2.524107e+00	2.067226e+00	8.561526e-01	1.172453e+00
2.902723e+00	2.241821e+00	7.935123e-01	1.265031e+00
3.338132e+00	2.453585e+00	7.336783e-01	1.366587e+00
3.838852e+00	2.685811e+00	6.662147e-01	1.478423e+00
4.414679e+00	2.944248e+00	6.184966e-01	1.602164e+00
5.076881e+00	3.217298e+00	5.779294e-01	1.739853e+00
5.838413e+00	3.521726e+00	5.326359e-01	1.894081e+00
6.714175e+00	3.851164e+00	4.811242e-01	1.920267e+00
7.721302e+00	4.206541e+00	4.220817e-01	1.858523e+00
8.879497e+00	4.601306e+00	3.795675e-01	1.805147e+00
1.021142e+01	5.005020e+00	3.416335e-01	1.761409e+00
1.174313e+01	5.464780e+00	3.084753e-01	1.728590e+00
1.350460e+01	5.984889e+00	2.779182e-01	1.708014e+00
1.553030e+01	6.549819e+00	2.496396e-01	1.701071e+00
1.785984e+01	7.181007e+00	2.261942e-01	1.709151e+00
2.053882e+01	7.844288e+00	2.023198e-01	1.733855e+00
2.361964e+01	8.563801e+00	1.817923e-01	1.776728e+00
2.716258e+01	9.323554e+00	1.635123e-01	1.839400e+00
3.123697e+01	1.011264e+01	1.482736e-01	1.923598e+00
3.592252e+01	1.096823e+01	1.326513e-01	2.031213e+00
4.131089e+01	1.175573e+01	1.174568e-01	2.164415e+00
4.750753e+01	1.253762e+01	1.049704e-01	2.325803e+00
5.463366e+01	1.328408e+01	9.365902e-02	2.518576e+00
6.282871e+01	1.393206e+01	8.456225e-02	2.746753e+00
7.225301e+01	1.458099e+01	7.526048e-02	3.015386e+00
8.309096e+01	1.508706e+01	6.638663e-02	3.330803e+00
9.555461e+01	1.549683e+01	5.913482e-02	3.700906e+00
1.098878e+02	1.579959e+01	5.238835e-02	4.135492e+00
1.263710e+02	1.608838e+01	4.644341e-02	4.646726e+00
1.453266e+02	1.635724e+01	4.126555e-02	5.249679e+00
1.671256e+02	1.646971e+01	3.680808e-02	5.962092e+00
1.921945e+02	1.815855e+01	3.280080e-02	6.812253e+00
2.210236e+02	1.777132e+01	2.899808e-02	7.841373e+00
2.541772e+02	1.728057e+01	2.563579e-02	9.072304e+00
2.923037e+02	1.671652e+01	2.302789e-02	1.056074e+01
3.361493e+02	1.615789e+01	2.064457e-02	1.235843e+01
3.865717e+02	1.558726e+01	1.798317e-02	1.451437e+01
4.445574e+02	1.494608e+01	1.595092e-02	1.711020e+01
5.112411e+02	1.429199e+01	1.404863e-02	2.025753e+01
5.879272e+02	1.363599e+01	1.257828e-02	2.409193e+01
6.761163e+02	1.300164e+01	1.124698e-02	2.878299e+01
7.775337e+02	1.235622e+01	9.777357e-03	3.455175e+01
8.941638e+02	1.169615e+01	8.653119e-03	4.168429e+01
1.028288e+03	1.103827e+01	7.600724e-03	5.053448e+01
1.182532e+03	1.039337e+01	6.722515e-03	6.154042e+01
1.359911e+03	9.749909e+00	5.930561e-03	7.527312e+01
1.563898e+03	9.114579e+00	5.221749e-03	9.247662e+01
1.798483e+03	8.499416e+00	4.648689e-03	1.140927e+02
2.068255e+03	7.898227e+00	4.079543e-03	1.413272e+02
2.378493e+03	7.312093e+00	3.601760e-03	1.757439e+02
2.735268e+03	6.748684e+00	3.191068e-03	2.193524e+02
3.145558e+03	6.212252e+00	2.855491e-03	2.747329e+02
3.617391e+03	5.704836e+00	2.511362e-03	3.451988e+02
4.160000e+03	5.227062e+00	2.186664e-03	4.350006e+02
4.784000e+03	4.778038e+00	1.926285e-03	5.495760e+02
5.501600e+03	4.359671e+00	1.695391e-03	6.958696e+02
6.326840e+03	3.974384e+00	1.513414e-03	8.827229e+02
7.275866e+03	3.620465e+00	1.326372e-03	1.121354e+03
8.367246e+03	3.295846e+00	1.152960e-03	1.425936e+03
9.622333e+03	3.001432e+00	1.013584e-03	1.814288e+03
