# Energy_MeV	dEdx_Elec_MeV_um	dEdx_Nucl_MeV_um	Range_um
1.000000e-05	9.185001e-03	4.875568e-02	2.177463e-03
1.150000e-05	9.849816e-03	5.401226e-02	2.335069e-03
1.322500e-05	1.056275e-02	5.989011e-02	2.504082e-03
1.520875e-05	1.132729e-02	6.660747e-02	2.685329e-03
1.749006e-05	1.214716e-02	7.378785e-02	2.879695e-03
2.011357e-05	1.302638e-02	8.185016e-02	3.088129e-03
2.313061e-05	1.396924e-02	9.056989e-02	3.311649e-03
2.660020e-05	1.498034e-02	1.002441e-01	3.551348e-03
3.059023e-05	1.606462e-02	1.108943e-01	3.808396e-03
3.517876e-05	1.722739e-02	1.223944e-01	4.084050e-03
4.045558e-05	1.847432e-02	1.353486e-01	4.379656e-03
4.652391e-05	1.981150e-02	1.493170e-01	4.696658e-03
5.350250e-05	2.124547e-02	1.645384e-01	5.036604e-03
6.152788e-05	2.278322e-02	1.808121e-01	5.401156e-03
7.075706e-05	2.443229e-02	1.993246e-01	5.792095e-03
8.137062e-05	2.620071e-02	2.196650e-01	6.211330e-03
9.357621e-05	2.809713e-02	2.413604e-01	6.660909e-03
1.076126e-04	3.013081e-02	2.650621e-01	7.143029e-03
1.237545e-04	3.231170e-02	2.900675e-01	7.660045e-03
1.423177e-04	3.465044e-02	3.185005e-01	8.214483e-03
1.636654e-04	3.715845e-02	3.494438e-01	8.809052e-03
1.882152e-04	3.984800e-02	3.822269e-01	9.446656e-03
2.164475e-04	4.273222e-02	4.182501e-01	1.013041e-02
2.489146e-04	4.582520e-02	4.569470e-01	1.086365e-02
2.862518e-04	4.914205e-02	4.983991e-01	1.164997e-02
3.291895e-04	5.269898e-02	5.424994e-01	1.249320e-02
3.785680e-04	5.651336e-02	5.900817e-01	1.339747e-02
4.353531e-04	6.060383e-02	6.420104e-01	1.436718e-02
5.006561e-04	6.499037e-02	6.973276e-01	1.540709e-02
5.757545e-04	6.969440e-02	7.531729e-01	1.652226e-02
6.621177e-04	7.473892e-02	8.142906e-01	1.771815e-02
7.614354e-04	8.014856e-02	8.836840e-01	1.900060e-02
8.756507e-04	8.594976e-02	9.529514e-01	2.037587e-02
1.006998e-03	9.217085e-02	1.028750e+00	2.185069e-02
1.158048e-03	9.884222e-02	1.102804e+00	2.343225e-02
1.331755e-03	1.059965e-01	1.183240e+00	2.512829e-02
1.531519e-03	1.136686e-01	1.273810e+00	2.694709e-02
1.761246e-03	1.218959e-01	1.362226e+00	2.889754e-02
2.025433e-03	1.307188e-01	1.458042e+00	3.098916e-02
2.329248e-03	1.401803e-01	1.553981e+00	3.323217e-02
2.678635e-03	1.503267e-01	1.654657e+00	3.563753e-02
3.080431e-03	1.612074e-01	1.757120e+00	3.821699e-02
3.542495e-03	1.728757e-01	1.858220e+00	4.098316e-02
4.073870e-03	1.853885e-01	1.967991e+00	4.394954e-02
4.684950e-03	1.988070e-01	2.074708e+00	4.713063e-02
5.387693e-03	2.131968e-01	2.180446e+00	5.054197e-02
6.195847e-03	2.286281e-01	2.279795e+00	5.420023e-02
7.125224e-03	2.451763e-01	2.391002e+00	5.812327e-02
8.194007e-03	2.629223e-01	2.502206e+00	6.233026e-02
9.423108e-03	2.819527e-01	2.604337e+00	6.684176e-02
1.083657e-02	3.023606e-01	2.704818e+00	7.167980e-02
1.246206e-02	3.242456e-01	2.792865e+00	7.686802e-02
1.433137e-02	3.477147e-01	2.890955e+00	8.242925e-02
1.648108e-02	3.728825e-01	2.984627e+00	8.840137e-02
1.895324e-02	3.998719e-01	3.066731e+00	9.479802e-02
2.179622e-02	4.288149e-01	3.147388e+00	1.016604e-01
2.506566e-02	4.598527e-01	3.220540e+00	1.090182e-01
2.882550e-02	4.931371e-01	3.285403e+00	1.169089e-01
3.314933e-02	5.288306e-01	3.342234e+00	1.253707e-01
3.812173e-02	5.671077e-01	3.394456e+00	1.344449e-01
4.383999e-02	6.081552e-01	3.443219e+00	1.441759e-01
5.041599e-02	6.521738e-01	3.483835e+00	1.546113e-01
5.797838e-02	6.993785e-01	3.511124e+00	1.658020e-01
6.667514e-02	7.499999e-01	3.535697e+00	1.778027e-01
7.667641e-02	8.042853e-01	3.561500e+00	1.906720e-01
8.817787e-02	8.624999e-01	3.573154e+00	2.044727e-01
1.014046e-01	9.249280e-01	3.579946e+00	2.192723e-01
1.166152e-01	9.918748e-01	3.574076e+00	2.351433e-01
1.341075e-01	1.063667e+00	3.562739e+00	2.521630e-01
1.542237e-01	1.140656e+00	3.547834e+00	2.704145e-01
1.773572e-01	1.223217e+00	3.520364e+00	2.899870e-01
2.039608e-01	1.311754e+00	3.485208e+00	3.109762e-01
2.345549e-01	1.406700e+00	3.440226e+00	3.334848e-01
2.697381e-01	1.508518e+00	3.386652e+00	3.576224e-01
3.101989e-01	1.617705e+00	3.324223e+00	3.835071e-01
3.567287e-01	1.734795e+00	3.253165e+00	4.112653e-01
4.102380e-01	1.860361e+00	3.172371e+00	4.410328e-01
4.717737e-01	1.995015e+00	3.084864e+00	4.729549e-01
5.425397e-01	2.139415e+00	2.991407e+00	5.071875e-01
6.239207e-01	2.294267e+00	2.894113e+00	5.438977e-01
7.175088e-01	2.460327e+00	2.783342e+00	5.832651e-01
8.251351e-01	2.638407e+00	2.668131e+00	6.254822e-01
9.489054e-01	2.829376e+00	2.551595e+00	6.707539e-01
1.091241e+00	3.034168e+00	2.432897e+00	7.193081e-01
1.254927e+00	3.253782e+00	2.319229e+00	7.713542e-01
1.443166e+00	3.460906e+00	2.190699e+00	8.273748e-01
1.659641e+00	3.674320e+00	2.063910e+00	8.880510e-01
1.908588e+00	3.897736e+00	1.942049e+00	9.537896e-01
2.194876e+00	4.130504e+00	1.818755e+00	1.025096e+00
2.524107e+00	4.371519e+00	1.698887e+00	1.102524e+00
2.902723e+00	4.619075e+00	1.584342e+00	1.186725e+00
3.338132e+00	4.870706e+00	1.476702e+00	1.278458e+00
3.838852e+00	5.122998e+00	1.369784e+00	1.378625e+00
4.414679e+00	2.691462e+00	1.264237e+00	1.488313e+00
5.076881e+00	2.956898e+00	1.164821e+00	1.608849e+00
5.838413e+00	3.243499e+00	1.081738e+00	1.741874e+00
6.714175e+00	3.562797e+00	9.966297e-01	1.889439e+00
7.721302e+00	3.914436e+00	9.061534e-01	2.054135e+00
8.879497e+00	4.295643e+00	8.450249e-01	2.239267e+00
1.021142e+01	4.721152e+00	7.877000e-01	2.449075e+00
1.174313e+01	5.168570e+00	7.228993e-01	2.689030e+00
1.350460e+01	5.643489e+00	6.483785e-01	2.794389e+00
1.553030e+01	6.142523e+00	5.693753e-01	2.644378e+00
1.785984e+01	6.697867e+00	5.137400e-01	2.523546e+00
2.053882e+01	7.318016e+00	4.617325e-01	2.430898e+00
2.361964e+01	7.960775e+00	4.171223e-01	2.365769e+00
2.716258e+01	8.666474e+00	3.751327e-01	2.327788e+00
3.123697e+01	9.446444e+00	3.381345e-01	2.316833e+00
3.592252e+01	1.027055e+01	3.060028e-01	2.332957e+00
4.131089e+01	1.118998e+01	2.733485e-01	2.376499e+00
4.750753e+01	1.218481e+01	2.453875e-01	2.448012e+00
5.463366e+01	1.323745e+01	2.208772e-01	2.548366e+00
6.282871e+01	1.437985e+01	2.006726e-01	2.678877e+00
7.225301e+01	1.544325e+01	1.781820e-01	2.841458e+00
8.309096e+01	1.656047e+01	1.580885e-01	3.038783e+00
9.555461e+01	1.761648e+01	1.413252e-01	3.274467e+00
1.098878e+02	1.858452e+01	1.263308e-01	3.553254e+00
1.263710e+02	1.955397e+01	1.142904e-01	3.881196e+00
1.453266e+02	2.016237e+01	1.009175e-01	4.265968e+00
1.671256e+02	2.082404e+01	8.928435e-02	4.717118e+00
1.921945e+02	2.151023e+01	7.950843e-02	5.246309e+00
2.210236e+02	2.201152e+01	7.044765e-02	5.868552e+00
2.541772e+02	2.501207e+01	6.247710e-02	6.600098e+00
2.923037e+02	2.486485e+01	5.550315e-02	7.477637e+00
3.361493e+02	2.455147e+01	4.959749e-02	8.526852e+00
3.865717e+02	2.413469e+01	4.406777e-02	9.776090e+00
4.445574e+02	2.353626e+01	3.897632e-02	1.127653e+01
5.112411e+02	2.304048e+01	3.453707e-02	1.306632e+01
5.879272e+02	2.236047e+01	3.113285e-02	1.519043e+01
6.761163e+02	2.161310e+01	2.775193e-02	1.773360e+01
7.775337e+02	2.084549e+01	2.418523e-02	2.079366e+01
8.941638e+02	2.007832e+01	2.148146e-02	2.449227e+01
1.028288e+03	1.933196e+01	1.891020e-02	2.898210e+01
1.182532e+03	1.853643e+01	1.699621e-02	3.446362e+01
1.359911e+03	1.770866e+01	1.510347e-02	4.118691e+01
1.563898e+03	1.688753e+01	1.313698e-02	4.945541e+01
1.798483e+03	1.604823e+01	1.164931e-02	5.964884e+01
2.068255e+03	1.519813e+01	1.022049e-02	7.226956e+01
2.378493e+03	1.435258e+01	9.033662e-03	8.795225e+01
2.735268e+03	1.351288e+01	7.953420e-03	1.074987e+02
3.145558e+03	1.267478e+01	7.035119e-03	1.319397e+02
3.617391e+03	1.184468e+01	6.258281e-03	1.626008e+02
4.160000e+03	1.103688e+01	5.483533e-03	2.011784e+02
4.784000e+03	1.025544e+01	4.837772e-03	2.498423e+02
5.501600e+03	9.502616e+00	4.292762e-03	3.113736e+02
6.326840e+03	8.783009e+00	3.848368e-03	3.893292e+02
7.275866e+03	8.100221e+00	3.353514e-03	4.882526e+02
8.367246e+03	7.455975e+00	2.930560e-03	6.139385e+02
9.622333e+03	6.852005e+00	2.580775e-03	7.737578e+02
