# Energy_MeV	dEdx_Elec_MeV_um	dEdx_Nucl_MeV_um	Range_um
1.000000e-05	8.659307e-03	5.349401e-02	2.309654e-03
1.150000e-05	9.286072e-03	5.927221e-02	2.476828e-03
1.322500e-05	9.958203e-03	6.573329e-02	2.656102e-03
1.520875e-05	1.067898e-02	7.275180e-02	2.848352e-03
1.749006e-05	1.145193e-02	8.051136e-02	3.054517e-03
2.011357e-05	1.228083e-02	8.905400e-02	3.275604e-03
2.313061e-05	1.316972e-02	9.830904e-02	3.512694e-03
2.660020e-05	1.412296e-02	1.086886e-01	3.766945e-03
3.059023e-05	1.514518e-02	1.199309e-01	4.039599e-03
3.517876e-05	1.624140e-02	1.321097e-01	4.331987e-03
4.045558e-05	1.741696e-02	1.452138e-01	4.645538e-03
4.652391e-05	1.867761e-02	1.601075e-01	4.981785e-03
5.350250e-05	2.002950e-02	1.763750e-01	5.342369e-03
6.152788e-05	2.147925e-02	1.938415e-01	5.729053e-03
7.075706e-05	2.303393e-02	2.127961e-01	6.143725e-03
8.137062e-05	2.470114e-02	2.329290e-01	6.588411e-03
9.357621e-05	2.648902e-02	2.558060e-01	7.065283e-03
1.076126e-04	2.840631e-02	2.805518e-01	7.576672e-03
1.237545e-04	3.046237e-02	3.069333e-01	8.125076e-03
1.423177e-04	3.266725e-02	3.357763e-01	8.713173e-03
1.636654e-04	3.503173e-02	3.669145e-01	9.343837e-03
1.882152e-04	3.756734e-02	4.001568e-01	1.002015e-02
2.164475e-04	4.028649e-02	4.354743e-01	1.074541e-02
2.489146e-04	4.320244e-02	4.737743e-01	1.152317e-02
2.862518e-04	4.632946e-02	5.153181e-01	1.235722e-02
3.291895e-04	4.968281e-02	5.596295e-01	1.325165e-02
3.785680e-04	5.327888e-02	6.045257e-01	1.421081e-02
4.353531e-04	5.713523e-02	6.536669e-01	1.523939e-02
5.006561e-04	6.127071e-02	7.090639e-01	1.634243e-02
5.757545e-04	6.570552e-02	7.648405e-01	1.752530e-02
6.621177e-04	7.046132e-02	8.252579e-01	1.879379e-02
7.614354e-04	7.556134e-02	8.849420e-01	2.015410e-02
8.756507e-04	8.103051e-02	9.496122e-01	2.161286e-02
1.006998e-03	8.689554e-02	1.021832e+00	2.317721e-02
1.158048e-03	9.318509e-02	1.093049e+00	2.485479e-02
1.331755e-03	9.992988e-02	1.169521e+00	2.665380e-02
1.531519e-03	1.071629e-01	1.246828e+00	2.858301e-02
1.761246e-03	1.149194e-01	1.327219e+00	3.065186e-02
2.025433e-03	1.232373e-01	1.409140e+00	3.287046e-02
2.329248e-03	1.321573e-01	1.490607e+00	3.524964e-02
2.678635e-03	1.417229e-01	1.578077e+00	3.780103e-02
3.080431e-03	1.519808e-01	1.664078e+00	4.053709e-02
3.542495e-03	1.629813e-01	1.747972e+00	4.347119e-02
4.073870e-03	1.747780e-01	1.828178e+00	4.661766e-02
4.684950e-03	1.874285e-01	1.917718e+00	4.999187e-02
5.387693e-03	2.009947e-01	2.005855e+00	5.361030e-02
6.195847e-03	2.155428e-01	2.088144e+00	5.749065e-02
7.125224e-03	2.311439e-01	2.167648e+00	6.165185e-02
8.194007e-03	2.478742e-01	2.238753e+00	6.611424e-02
9.423108e-03	2.658155e-01	2.317772e+00	7.089963e-02
1.083657e-02	2.850553e-01	2.391743e+00	7.599484e-02
1.246206e-02	3.056878e-01	2.457937e+00	8.152153e-02
1.433137e-02	3.278136e-01	2.521953e+00	8.743849e-02
1.648108e-02	3.515409e-01	2.580316e+00	9.376688e-02
1.895324e-02	3.769857e-01	2.632595e+00	1.005536e-01
2.179622e-02	4.042721e-01	2.677561e+00	1.078317e-01
2.506566e-02	4.335335e-01	2.719731e+00	1.156364e-01
2.882550e-02	4.649129e-01	2.758256e+00	1.240060e-01
3.314933e-02	4.985635e-01	2.790264e+00	1.329815e-01
3.812173e-02	5.346498e-01	2.812405e+00	1.426066e-01
4.383999e-02	5.733481e-01	2.832141e+00	1.529284e-01
5.041599e-02	6.148473e-01	2.852198e+00	1.639973e-01
5.797838e-02	6.593503e-01	2.861698e+00	1.758673e-01
6.667514e-02	7.070744e-01	2.866603e+00	1.885965e-01
7.667641e-02	7.582528e-01	2.862036e+00	2.022472e-01
8.817787e-02	8.131356e-01	2.852903e+00	2.168858e-01
1.014046e-01	8.719907e-01	2.840522e+00	2.325839e-01
1.166152e-01	9.351059e-01	2.818506e+00	2.494182e-01
1.341075e-01	1.002789e+00	2.790058e+00	2.674711e-01
1.542237e-01	1.075372e+00	2.753942e+00	2.868307e-01
1.773572e-01	1.153208e+00	2.710811e+00	3.075915e-01
2.039608e-01	1.236678e+00	2.660669e+00	3.298549e-01
2.345549e-01	1.326189e+00	2.603520e+00	3.537298e-01
2.697381e-01	1.422179e+00	2.538779e+00	3.793329e-01
3.101989e-01	1.525117e+00	2.468363e+00	4.067891e-01
3.567287e-01	1.635506e+00	2.393737e+00	4.362325e-01
4.102380e-01	1.753885e+00	2.315363e+00	4.678070e-01
4.717737e-01	1.880832e+00	2.226229e+00	5.016670e-01
5.425397e-01	2.016968e+00	2.134433e+00	5.379779e-01
6.239207e-01	2.162957e+00	2.040609e+00	5.769168e-01
7.175088e-01	2.319513e+00	1.946182e+00	6.186745e-01
8.251351e-01	2.487400e+00	1.854634e+00	6.634531e-01
9.489054e-01	2.667440e+00	1.751151e+00	7.114741e-01
1.091241e+00	2.852996e+00	1.650553e+00	7.629845e-01
1.254927e+00	3.030108e+00	1.552381e+00	8.186085e-01
1.443166e+00	3.215941e+00	1.454174e+00	8.788768e-01
1.659641e+00	3.410123e+00	1.358533e+00	9.442042e-01
1.908588e+00	3.611949e+00	1.266162e+00	1.015092e+00
2.194876e+00	3.820276e+00	1.180617e+00	1.092112e+00
2.524107e+00	4.033396e+00	1.094401e+00	1.175927e+00
2.902723e+00	4.248883e+00	1.010510e+00	1.267322e+00
3.338132e+00	2.291941e+00	9.316760e-01	1.367232e+00
3.838852e+00	2.512328e+00	8.645438e-01	1.476790e+00
4.414679e+00	2.756603e+00	7.961281e-01	1.597386e+00
5.076881e+00	3.026874e+00	7.251379e-01	1.730748e+00
5.838413e+00	3.315582e+00	6.756567e-01	1.879047e+00
6.714175e+00	3.637486e+00	6.295055e-01	2.045037e+00
7.721302e+00	3.982498e+00	5.772758e-01	2.232239e+00
8.879497e+00	4.356890e+00	5.173447e-01	2.228165e+00
1.021142e+01	4.767002e+00	4.554046e-01	2.144155e+00
1.174313e+01	5.183407e+00	4.103869e-01	2.073567e+00
1.350460e+01	5.651802e+00	3.691191e-01	2.017475e+00
1.553030e+01	6.179484e+00	3.330719e-01	1.976987e+00
1.785984e+01	6.755604e+00	2.997621e-01	1.953273e+00
2.053882e+01	7.395934e+00	2.703051e-01	1.947582e+00
2.361964e+01	8.075099e+00	2.443431e-01	1.961161e+00
2.716258e+01	8.824254e+00	2.184735e-01	1.995475e+00
3.123697e+01	9.614932e+00	1.959054e-01	2.051944e+00
3.592252e+01	1.045908e+01	1.765679e-01	2.132106e+00
4.131089e+01	1.139158e+01	1.602517e-01	2.237670e+00
4.750753e+01	1.226028e+01	1.421234e-01	2.370631e+00
5.463366e+01	1.316191e+01	1.263316e-01	2.533423e+00
6.282871e+01	1.401368e+01	1.128047e-01	2.729101e+00
7.225301e+01	1.479649e+01	1.009783e-01	2.961536e+00
8.309096e+01	1.559239e+01	9.126235e-02	3.235655e+00
9.555461e+01	1.621000e+01	8.047877e-02	3.557674e+00
1.098878e+02	1.676367e+01	7.134574e-02	3.935370e+00
1.263710e+02	1.716718e+01	6.345569e-02	4.378413e+00
1.453266e+02	1.756953e+01	5.627165e-02	4.898805e+00
1.671256e+02	1.797781e+01	4.993100e-02	5.511303e+00
1.921945e+02	1.818317e+01	4.429534e-02	6.233743e+00
2.210236e+02	2.010804e+01	3.962728e-02	7.092146e+00
2.541772e+02	1.975729e+01	3.516111e-02	8.129454e+00
2.923037e+02	1.929231e+01	3.113129e-02	9.367900e+00
3.361493e+02	1.874191e+01	2.762141e-02	1.086004e+01
3.865717e+02	1.816536e+01	2.486441e-02	1.265852e+01
4.445574e+02	1.758884e+01	2.214531e-02	1.481035e+01
5.112411e+02	1.691958e+01	1.933468e-02	1.739065e+01
5.879272e+02	1.622904e+01	1.714924e-02	2.050832e+01
6.761163e+02	1.553286e+01	1.512280e-02	2.429336e+01
7.775337e+02	1.485600e+01	1.357373e-02	2.890803e+01
8.941638e+02	1.417203e+01	1.205058e-02	3.456241e+01
1.028288e+03	1.346408e+01	1.050211e-02	4.152933e+01
1.182532e+03	1.275063e+01	9.299330e-03	5.014597e+01
1.359911e+03	1.205057e+01	8.167461e-03	6.082733e+01
1.563898e+03	1.134612e+01	7.208975e-03	7.411023e+01
1.798483e+03	1.064563e+01	6.351730e-03	9.069730e+01
2.068255e+03	9.963386e+00	5.622965e-03	1.114756e+02
2.378493e+03	9.292355e+00	4.994721e-03	1.375773e+02
2.735268e+03	8.633748e+00	4.381581e-03	1.704697e+02
3.145558e+03	7.995918e+00	3.860317e-03	2.120369e+02
3.617391e+03	7.385041e+00	3.430847e-03	2.646972e+02
4.160000e+03	6.803475e+00	3.072015e-03	3.315531e+02
4.784000e+03	6.252582e+00	2.673033e-03	4.165850e+02
5.501600e+03	5.732492e+00	2.341457e-03	5.248854e+02
6.326840e+03	5.245167e+00	2.059068e-03	6.629601e+02
7.275866e+03	4.793440e+00	1.821490e-03	8.390973e+02
8.367246e+03	4.376488e+00	1.626586e-03	1.063821e+03
9.622333e+03	3.992343e+00	1.409960e-03	1.350442e+03
