# Energy_MeV	dEdx_Elec_MeV_um	dEdx_Nucl_MeV_um	Range_um
1.000000e-05	8.622304e-03	5.735460e-02	2.319566e-03
1.150000e-05	9.246391e-03	6.348311e-02	2.487457e-03
1.322500e-05	9.915650e-03	7.025007e-02	2.667500e-03
1.520875e-05	1.063335e-02	7.771091e-02	2.860576e-03
1.749006e-05	1.140300e-02	8.579567e-02	3.067625e-03
2.011357e-05	1.222835e-02	9.484397e-02	3.289662e-03
2.313061e-05	1.311345e-02	1.046654e-01	3.527769e-03
2.660020e-05	1.406261e-02	1.152816e-01	3.783111e-03
3.059023e-05	1.508046e-02	1.267450e-01	4.056935e-03
3.517876e-05	1.617200e-02	1.397281e-01	4.350578e-03
4.045558e-05	1.734253e-02	1.539065e-01	4.665475e-03
4.652391e-05	1.859780e-02	1.691861e-01	5.003164e-03
5.350250e-05	1.994391e-02	1.857100e-01	5.365296e-03
6.152788e-05	2.138746e-02	2.033299e-01	5.753639e-03
7.075706e-05	2.293550e-02	2.232748e-01	6.170091e-03
8.137062e-05	2.459558e-02	2.448407e-01	6.616685e-03
9.357621e-05	2.637583e-02	2.679304e-01	7.095604e-03
1.076126e-04	2.828492e-02	2.930782e-01	7.609188e-03
1.237545e-04	3.033220e-02	3.203109e-01	8.159945e-03
1.423177e-04	3.252766e-02	3.493305e-01	8.750566e-03
1.636654e-04	3.488203e-02	3.801772e-01	9.383936e-03
1.882152e-04	3.740681e-02	4.136473e-01	1.006315e-02
2.164475e-04	4.011433e-02	4.498628e-01	1.079153e-02
2.489146e-04	4.301783e-02	4.886413e-01	1.157262e-02
2.862518e-04	4.613148e-02	5.278865e-01	1.241026e-02
3.291895e-04	4.947051e-02	5.708050e-01	1.330852e-02
3.785680e-04	5.305121e-02	6.191318e-01	1.427179e-02
4.353531e-04	5.689108e-02	6.680118e-01	1.530479e-02
5.006561e-04	6.100889e-02	7.206866e-01	1.641256e-02
5.757545e-04	6.542474e-02	7.729810e-01	1.760051e-02
6.621177e-04	7.016022e-02	8.294337e-01	1.887445e-02
7.614354e-04	7.523845e-02	8.924495e-01	2.024059e-02
8.756507e-04	8.068425e-02	9.549412e-01	2.170562e-02
1.006998e-03	8.652422e-02	1.021591e+00	2.327668e-02
1.158048e-03	9.278689e-02	1.089361e+00	2.496146e-02
1.331755e-03	9.950286e-02	1.159443e+00	2.676818e-02
1.531519e-03	1.067049e-01	1.231260e+00	2.870568e-02
1.761246e-03	1.144283e-01	1.302694e+00	3.078341e-02
2.025433e-03	1.227107e-01	1.378959e+00	3.301153e-02
2.329248e-03	1.315925e-01	1.454495e+00	3.540092e-02
2.678635e-03	1.411173e-01	1.527562e+00	3.796326e-02
3.080431e-03	1.513314e-01	1.598257e+00	4.071106e-02
3.542495e-03	1.622849e-01	1.676359e+00	4.365775e-02
4.073870e-03	1.740311e-01	1.753220e+00	4.681772e-02
4.684950e-03	1.866276e-01	1.825773e+00	5.020641e-02
5.387693e-03	2.001358e-01	1.895144e+00	5.384037e-02
6.195847e-03	2.146217e-01	1.958010e+00	5.773737e-02
7.125224e-03	2.301562e-01	2.026983e+00	6.191643e-02
8.194007e-03	2.468150e-01	2.091780e+00	6.639797e-02
9.423108e-03	2.646796e-01	2.150047e+00	7.116848e-02
1.083657e-02	2.838372e-01	2.205934e+00	7.635157e-02
1.246206e-02	3.043815e-01	2.257480e+00	8.188644e-02
1.433137e-02	3.264128e-01	2.303379e+00	8.781348e-02
1.648108e-02	3.500387e-01	2.343019e+00	9.416909e-02
1.895324e-02	3.753747e-01	2.380044e+00	1.009850e-01
2.179622e-02	4.025445e-01	2.413788e+00	1.082942e-01
2.506566e-02	4.316809e-01	2.442107e+00	1.161324e-01
2.882550e-02	4.629262e-01	2.461821e+00	1.245381e-01
3.314933e-02	4.964331e-01	2.479125e+00	1.335521e-01
3.812173e-02	5.323652e-01	2.496702e+00	1.432185e-01
4.383999e-02	5.708980e-01	2.505466e+00	1.535845e-01
5.041599e-02	6.122199e-01	2.509735e+00	1.647009e-01
5.797838e-02	6.565327e-01	2.506159e+00	1.766219e-01
6.667514e-02	7.040529e-01	2.498210e+00	1.894058e-01
7.667641e-02	7.550127e-01	2.487485e+00	2.031149e-01
8.817787e-02	8.096609e-01	2.468580e+00	2.178163e-01
1.014046e-01	8.682646e-01	2.443778e+00	2.335818e-01
1.166152e-01	9.311100e-01	2.412463e+00	2.504885e-01
1.341075e-01	9.985042e-01	2.374865e+00	2.686189e-01
1.542237e-01	1.070777e+00	2.331210e+00	2.880614e-01
1.773572e-01	1.148280e+00	2.281379e+00	3.089113e-01
2.039608e-01	1.231393e+00	2.224950e+00	3.312704e-01
2.345549e-01	1.320522e+00	2.163427e+00	3.552478e-01
2.697381e-01	1.416102e+00	2.098409e+00	3.809607e-01
3.101989e-01	1.518600e+00	2.029742e+00	4.085345e-01
3.567287e-01	1.628517e+00	1.952016e+00	4.381044e-01
4.102380e-01	1.746390e+00	1.871768e+00	4.698146e-01
4.717737e-01	1.872795e+00	1.789675e+00	5.038199e-01
5.425397e-01	2.008349e+00	1.707335e+00	5.402863e-01
6.239207e-01	2.153714e+00	1.626772e+00	5.793924e-01
7.175088e-01	2.309601e+00	1.536469e+00	6.213296e-01
8.251351e-01	2.476771e+00	1.448287e+00	6.662954e-01
9.489054e-01	2.644478e+00	1.362352e+00	7.145679e-01
1.091241e+00	2.808313e+00	1.276429e+00	7.667602e-01
1.254927e+00	2.980100e+00	1.192532e+00	8.233069e-01
1.443166e+00	3.159445e+00	1.111486e+00	8.846160e-01
1.659641e+00	3.345637e+00	1.036469e+00	9.511560e-01
1.908588e+00	3.537543e+00	9.609601e-01	1.023471e+00
2.194876e+00	1.880951e+00	8.873382e-01	1.102194e+00
2.524107e+00	2.029778e+00	8.182990e-01	1.188071e+00
2.902723e+00	2.205440e+00	7.589299e-01	1.281999e+00
3.338132e+00	2.417278e+00	6.993069e-01	1.385064e+00
3.838852e+00	2.648299e+00	6.372757e-01	1.498601e+00
4.414679e+00	2.906749e+00	5.929675e-01	1.624278e+00
5.076881e+00	3.179468e+00	5.527915e-01	1.764188e+00
5.838413e+00	3.483357e+00	5.070628e-01	1.920996e+00
6.714175e+00	3.814965e+00	4.548282e-01	1.883323e+00
7.721302e+00	4.170705e+00	4.008313e-01	1.827259e+00
8.879497e+00	4.565881e+00	3.606068e-01	1.779124e+00
1.021142e+01	4.975454e+00	3.246698e-01	1.740243e+00
1.174313e+01	5.441096e+00	2.926881e-01	1.711959e+00
1.350460e+01	5.968896e+00	2.636888e-01	1.695670e+00
1.553030e+01	6.538079e+00	2.376546e-01	1.692805e+00
1.785984e+01	7.172564e+00	2.147189e-01	1.704926e+00
2.053882e+01	7.841575e+00	1.921743e-01	1.733634e+00
2.361964e+01	8.556581e+00	1.721963e-01	1.780581e+00
2.716258e+01	9.317347e+00	1.553490e-01	1.847486e+00
3.123697e+01	1.009458e+01	1.408344e-01	1.936170e+00
3.592252e+01	1.092771e+01	1.249963e-01	2.048631e+00
4.131089e+01	1.170234e+01	1.110978e-01	2.187159e+00
4.750753e+01	1.244793e+01	9.920824e-02	2.354498e+00
5.463366e+01	1.317528e+01	8.880287e-02	2.554008e+00
6.282871e+01	1.378376e+01	8.022127e-02	2.789923e+00
7.225301e+01	1.438956e+01	7.079596e-02	3.067537e+00
8.309096e+01	1.487384e+01	6.275531e-02	3.393476e+00
9.555461e+01	1.523820e+01	5.581793e-02	3.776009e+00
1.098878e+02	1.552123e+01	4.948758e-02	4.225383e+00
1.263710e+02	1.578457e+01	4.392481e-02	4.754309e+00
1.453266e+02	1.601420e+01	3.894776e-02	5.378640e+00
1.671256e+02	1.610939e+01	3.485285e-02	6.116649e+00
1.921945e+02	1.763883e+01	3.092933e-02	6.999473e+00
2.210236e+02	1.724185e+01	2.738228e-02	8.068268e+00
2.541772e+02	1.674177e+01	2.430186e-02	9.347372e+00
2.923037e+02	1.617133e+01	2.184865e-02	1.089611e+01
3.361493e+02	1.562365e+01	1.948050e-02	1.276710e+01
3.865717e+02	1.505129e+01	1.702296e-02	1.501190e+01
4.445574e+02	1.441745e+01	1.507878e-02	1.771909e+01
5.112411e+02	1.377360e+01	1.331360e-02	2.100525e+01
5.879272e+02	1.312999e+01	1.192892e-02	2.501345e+01
6.761163e+02	1.250740e+01	1.060250e-02	2.992279e+01
7.775337e+02	1.187171e+01	9.248038e-03	3.596761e+01
8.941638e+02	1.122455e+01	8.177493e-03	4.345002e+01
1.028288e+03	1.058271e+01	7.191726e-03	5.274352e+01
1.182532e+03	9.952475e+00	6.340191e-03	6.431188e+01
1.359911e+03	9.325488e+00	5.592796e-03	7.876238e+01
1.563898e+03	8.708525e+00	4.948306e-03	9.688313e+01
1.798483e+03	8.111391e+00	4.392041e-03	1.196729e+02
2.068255e+03	7.529182e+00	3.857901e-03	1.484123e+02
2.378493e+03	6.962559e+00	3.395453e-03	1.847623e+02
2.735268e+03	6.419432e+00	3.018787e-03	2.308571e+02
3.145558e+03	5.903338e+00	2.701356e-03	2.894369e+02
3.617391e+03	5.416115e+00	2.352680e-03	3.640215e+02
4.160000e+03	4.958093e+00	2.060594e-03	4.591251e+02
4.784000e+03	4.528240e+00	1.812135e-03	5.805218e+02
5.501600e+03	4.128631e+00	1.602038e-03	7.355842e+02
6.326840e+03	3.761349e+00	1.430557e-03	9.336948e+02
7.275866e+03	3.424352e+00	1.241167e-03	1.186753e+03
8.367246e+03	3.115742e+00	1.086429e-03	1.509786e+03
9.622333e+03	2.836453e+00	9.524951e-04	1.921674e+03
