# Energy_MeV	dEdx_Elec_MeV_um	dEdx_Nucl_MeV_um	Range_um
1.000000e-05	9.417044e-03	4.874709e-02	2.123809e-03
1.150000e-05	1.009865e-02	5.407265e-02	2.277531e-03
1.322500e-05	1.082960e-02	5.991011e-02	2.442380e-03
1.520875e-05	1.161345e-02	6.659592e-02	2.619161e-03
1.749006e-05	1.245404e-02	7.386931e-02	2.808737e-03
2.011357e-05	1.335547e-02	8.187262e-02	3.012035e-03
2.313061e-05	1.432215e-02	9.068881e-02	3.230048e-03
2.660020e-05	1.535879e-02	1.003927e-01	3.463840e-03
3.059023e-05	1.647047e-02	1.110692e-01	3.714555e-03
3.517876e-05	1.766261e-02	1.226468e-01	3.983416e-03
4.045558e-05	1.894104e-02	1.355269e-01	4.271738e-03
4.652391e-05	2.031200e-02	1.496451e-01	4.580929e-03
5.350250e-05	2.178219e-02	1.650670e-01	4.912499e-03
6.152788e-05	2.335880e-02	1.813881e-01	5.268068e-03
7.075706e-05	2.504952e-02	1.997287e-01	5.649373e-03
8.137062e-05	2.686262e-02	2.203400e-01	6.058278e-03
9.357621e-05	2.880695e-02	2.421140e-01	6.496779e-03
1.076126e-04	3.089202e-02	2.662024e-01	6.967020e-03
1.237545e-04	3.312800e-02	2.913366e-01	7.471296e-03
1.423177e-04	3.552582e-02	3.195094e-01	8.012073e-03
1.636654e-04	3.809720e-02	3.509691e-01	8.591991e-03
1.882152e-04	4.085469e-02	3.839070e-01	9.213884e-03
2.164475e-04	4.381177e-02	4.203423e-01	9.880789e-03
2.489146e-04	4.698289e-02	4.591176e-01	1.059597e-02
2.862518e-04	5.038354e-02	5.011622e-01	1.136291e-02
3.291895e-04	5.403033e-02	5.459667e-01	1.218536e-02
3.785680e-04	5.794107e-02	5.936008e-01	1.306734e-02
4.353531e-04	6.213488e-02	6.462672e-01	1.401317e-02
5.006561e-04	6.663223e-02	7.017955e-01	1.502745e-02
5.757545e-04	7.145511e-02	7.596628e-01	1.611514e-02
6.621177e-04	7.662707e-02	8.204910e-01	1.728156e-02
7.614354e-04	8.217337e-02	8.899497e-01	1.853241e-02
8.756507e-04	8.812113e-02	9.616493e-01	1.987380e-02
1.006998e-03	9.449938e-02	1.037204e+00	2.131227e-02
1.158048e-03	1.013393e-01	1.114801e+00	2.285487e-02
1.331755e-03	1.086743e-01	1.194891e+00	2.450911e-02
1.531519e-03	1.165402e-01	1.286236e+00	2.628310e-02
1.761246e-03	1.249754e-01	1.378084e+00	2.818548e-02
2.025433e-03	1.340212e-01	1.473968e+00	3.022556e-02
2.329248e-03	1.437217e-01	1.573286e+00	3.241330e-02
2.678635e-03	1.541244e-01	1.676288e+00	3.475939e-02
3.080431e-03	1.652800e-01	1.781684e+00	3.727530e-02
3.542495e-03	1.772431e-01	1.885632e+00	3.997330e-02
4.073870e-03	1.900720e-01	1.996142e+00	4.286659e-02
4.684950e-03	2.038295e-01	2.107308e+00	4.596930e-02
5.387693e-03	2.185828e-01	2.218359e+00	4.929658e-02
6.195847e-03	2.344039e-01	2.320535e+00	5.286469e-02
7.125224e-03	2.513702e-01	2.430841e+00	5.669107e-02
8.194007e-03	2.695645e-01	2.548681e+00	6.079440e-02
9.423108e-03	2.890758e-01	2.654152e+00	6.519473e-02
1.083657e-02	3.099992e-01	2.761388e+00	6.991356e-02
1.246206e-02	3.324371e-01	2.853221e+00	7.497394e-02
1.433137e-02	3.564991e-01	2.950589e+00	8.039816e-02
1.648108e-02	3.823027e-01	3.051867e+00	8.622310e-02
1.895324e-02	4.099740e-01	3.137281e+00	9.246213e-02
2.179622e-02	4.396481e-01	3.222907e+00	9.915538e-02
2.506566e-02	4.714701e-01	3.298642e+00	1.063319e-01
2.882550e-02	5.055953e-01	3.368988e+00	1.140282e-01
3.314933e-02	5.421906e-01	3.430646e+00	1.222815e-01
3.812173e-02	5.814346e-01	3.484412e+00	1.311321e-01
4.383999e-02	6.235192e-01	3.537534e+00	1.406233e-01
5.041599e-02	6.686498e-01	3.580649e+00	1.508015e-01
5.797838e-02	7.170470e-01	3.613624e+00	1.617165e-01
6.667514e-02	7.689473e-01	3.638553e+00	1.734215e-01
7.667641e-02	8.246041e-01	3.666182e+00	1.859737e-01
8.817787e-02	8.842894e-01	3.682553e+00	1.994343e-01
1.014046e-01	9.482947e-01	3.690379e+00	2.138693e-01
1.166152e-01	1.016933e+00	3.688642e+00	2.293492e-01
1.341075e-01	1.090539e+00	3.677768e+00	2.459495e-01
1.542237e-01	1.169473e+00	3.664587e+00	2.637513e-01
1.773572e-01	1.254120e+00	3.639919e+00	2.828415e-01
2.039608e-01	1.344894e+00	3.605629e+00	3.033135e-01
2.345549e-01	1.442238e+00	3.562332e+00	3.252675e-01
2.697381e-01	1.546628e+00	3.509610e+00	3.488104e-01
3.101989e-01	1.658573e+00	3.447816e+00	3.740572e-01
3.567287e-01	1.778622e+00	3.377277e+00	4.011314e-01
4.102380e-01	1.907359e+00	3.296587e+00	4.301654e-01
4.717737e-01	2.045415e+00	3.208564e+00	4.613010e-01
5.425397e-01	2.193463e+00	3.113158e+00	4.946900e-01
6.239207e-01	2.352227e+00	3.015064e+00	5.304957e-01
7.175088e-01	2.522483e+00	2.905293e+00	5.688930e-01
8.251351e-01	2.705061e+00	2.785774e+00	6.100699e-01
9.489054e-01	2.900855e+00	2.667853e+00	6.542260e-01
1.091241e+00	3.110821e+00	2.543528e+00	7.015838e-01
1.254927e+00	3.335983e+00	2.427131e+00	7.523475e-01
1.443166e+00	3.548353e+00	2.299657e+00	8.069875e-01
1.659641e+00	3.767160e+00	2.165051e+00	8.661684e-01
1.908588e+00	3.996223e+00	2.040808e+00	9.302869e-01
2.194876e+00	4.234874e+00	1.911682e+00	9.998356e-01
2.524107e+00	4.481981e+00	1.788896e+00	1.075356e+00
2.902723e+00	4.735796e+00	1.668495e+00	1.157481e+00
3.338132e+00	4.993790e+00	1.554390e+00	1.246953e+00
3.838852e+00	5.252463e+00	1.446095e+00	1.344652e+00
4.414679e+00	2.781053e+00	1.334263e+00	1.451636e+00
5.076881e+00	3.049873e+00	1.230828e+00	1.569201e+00
5.838413e+00	3.339194e+00	1.139646e+00	1.698947e+00
6.714175e+00	3.660999e+00	1.054629e+00	1.842873e+00
7.721302e+00	4.014551e+00	9.583264e-01	2.003509e+00
8.879497e+00	4.396535e+00	8.875191e-01	2.184075e+00
1.021142e+01	4.822376e+00	8.303101e-01	2.388709e+00
1.174313e+01	5.269363e+00	7.659472e-01	2.622745e+00
1.350460e+01	5.743698e+00	6.921603e-01	2.862746e+00
1.553030e+01	6.241780e+00	6.073054e-01	2.695277e+00
1.785984e+01	6.795217e+00	5.446510e-01	2.560088e+00
2.053882e+01	7.412337e+00	4.910538e-01	2.455487e+00
2.361964e+01	8.048267e+00	4.431805e-01	2.380226e+00
2.716258e+01	8.746004e+00	3.989774e-01	2.333446e+00
3.123697e+01	9.516666e+00	3.586125e-01	2.314612e+00
3.592252e+01	1.033527e+01	3.249893e-01	2.323464e+00
4.131089e+01	1.125063e+01	2.909926e-01	2.359924e+00
4.750753e+01	1.224610e+01	2.611674e-01	2.424367e+00
5.463366e+01	1.330714e+01	2.345045e-01	2.517389e+00
6.282871e+01	1.446480e+01	2.131556e-01	2.640074e+00
7.225301e+01	1.555732e+01	1.908133e-01	2.794106e+00
8.309096e+01	1.670921e+01	1.684567e-01	2.981921e+00
9.555461e+01	1.780597e+01	1.509240e-01	3.206874e+00
1.098878e+02	1.881646e+01	1.343037e-01	3.473414e+00
1.263710e+02	1.983208e+01	1.215614e-01	3.787256e+00
1.453266e+02	2.047545e+01	1.082694e-01	4.155649e+00
1.671256e+02	2.117551e+01	9.519658e-02	4.587646e+00
1.921945e+02	2.190214e+01	8.502473e-02	5.094295e+00
2.210236e+02	2.243569e+01	7.517873e-02	5.689840e+00
2.541772e+02	2.585699e+01	6.679750e-02	6.389638e+00
2.923037e+02	2.574419e+01	5.928983e-02	7.228726e+00
3.361493e+02	2.545615e+01	5.281436e-02	8.231334e+00
3.865717e+02	2.505952e+01	4.717507e-02	9.424111e+00
4.445574e+02	2.446987e+01	4.161483e-02	1.085555e+01
5.112411e+02	2.398257e+01	3.687234e-02	1.256137e+01
5.879272e+02	2.329931e+01	3.306012e-02	1.458361e+01
6.761163e+02	2.254386e+01	2.968380e-02	1.700222e+01
7.775337e+02	2.176583e+01	2.586748e-02	1.990925e+01
8.941638e+02	2.098727e+01	2.290046e-02	2.341904e+01
1.028288e+03	2.023049e+01	2.020262e-02	2.767492e+01
1.182532e+03	1.942084e+01	1.805641e-02	3.286502e+01
1.359911e+03	1.857550e+01	1.617044e-02	3.922375e+01
1.563898e+03	1.773527e+01	1.403657e-02	4.703502e+01
1.798483e+03	1.687415e+01	1.242862e-02	5.665376e+01
2.068255e+03	1.599979e+01	1.093022e-02	6.854945e+01
2.378493e+03	1.512834e+01	9.656910e-03	8.331462e+01
2.735268e+03	1.426048e+01	8.510404e-03	1.016972e+02
3.145558e+03	1.339369e+01	7.493597e-03	1.246581e+02
3.617391e+03	1.253390e+01	6.681437e-03	1.534322e+02
4.160000e+03	1.169375e+01	5.860286e-03	1.895992e+02
4.784000e+03	1.087848e+01	5.175398e-03	2.351785e+02
5.501600e+03	1.009211e+01	4.574120e-03	2.927573e+02
6.326840e+03	9.339257e+00	4.105469e-03	3.656436e+02
7.275866e+03	8.623158e+00	3.613712e-03	4.580619e+02
8.367246e+03	7.945907e+00	3.134491e-03	5.753995e+02
9.622333e+03	7.309745e+00	2.769849e-03	7.245084e+02
