# Energy_MeV	dEdx_Elec_MeV_um	dEdx_Nucl_MeV_um	Range_um
1.000000e-05	7.685736e-03	6.023791e-02	2.602223e-03
1.150000e-05	8.242034e-03	6.651653e-02	2.790573e-03
1.322500e-05	8.838596e-03	7.351560e-02	2.992557e-03
1.520875e-05	9.478339e-03	8.114296e-02	3.209159e-03
1.749006e-05	1.016439e-02	8.934300e-02	3.441440e-03
2.011357e-05	1.090009e-02	9.825259e-02	3.690533e-03
2.313061e-05	1.168904e-02	1.083347e-01	3.957656e-03
2.660020e-05	1.253510e-02	1.192793e-01	4.244113e-03
3.059023e-05	1.344240e-02	1.311535e-01	4.551305e-03
3.517876e-05	1.441537e-02	1.438949e-01	4.880730e-03
4.045558e-05	1.545876e-02	1.575937e-01	5.234000e-03
4.652391e-05	1.657767e-02	1.730817e-01	5.612840e-03
5.350250e-05	1.777757e-02	1.897169e-01	6.019100e-03
6.152788e-05	1.906432e-02	2.076624e-01	6.454766e-03
7.075706e-05	2.044421e-02	2.270796e-01	6.921965e-03
8.137062e-05	2.192397e-02	2.481552e-01	7.422981e-03
9.357621e-05	2.351084e-02	2.706832e-01	7.960260e-03
1.076126e-04	2.521257e-02	2.945177e-01	8.536428e-03
1.237545e-04	2.703747e-02	3.205343e-01	9.154299e-03
1.423177e-04	2.899445e-02	3.484764e-01	9.816892e-03
1.636654e-04	3.109309e-02	3.783783e-01	1.052744e-02
1.882152e-04	3.334362e-02	4.088356e-01	1.128943e-02
2.164475e-04	3.575705e-02	4.422050e-01	1.210656e-02
2.489146e-04	3.834517e-02	4.794022e-01	1.298284e-02
2.862518e-04	4.112061e-02	5.173411e-01	1.392254e-02
3.291895e-04	4.409694e-02	5.578646e-01	1.493027e-02
3.785680e-04	4.728870e-02	5.984748e-01	1.601093e-02
4.353531e-04	5.071148e-02	6.423576e-01	1.716981e-02
5.006561e-04	5.438201e-02	6.907917e-01	1.841257e-02
5.757545e-04	5.831820e-02	7.393402e-01	1.974528e-02
6.621177e-04	6.253931e-02	7.906464e-01	2.117445e-02
7.614354e-04	6.706594e-02	8.432878e-01	2.270707e-02
8.756507e-04	7.192020e-02	8.973255e-01	2.435062e-02
1.006998e-03	7.712583e-02	9.526557e-01	2.611313e-02
1.158048e-03	8.270823e-02	1.008156e+00	2.800321e-02
1.331755e-03	8.869470e-02	1.066761e+00	3.003010e-02
1.531519e-03	9.511447e-02	1.125448e+00	3.220369e-02
1.761246e-03	1.019989e-01	1.181346e+00	3.453461e-02
2.025433e-03	1.093816e-01	1.236385e+00	3.703425e-02
2.329248e-03	1.172987e-01	1.297021e+00	3.971480e-02
2.678635e-03	1.257889e-01	1.355658e+00	4.258938e-02
3.080431e-03	1.348936e-01	1.412127e+00	4.567202e-02
3.542495e-03	1.446572e-01	1.464857e+00	4.897779e-02
4.073870e-03	1.551276e-01	1.513881e+00	5.252283e-02
4.684950e-03	1.663558e-01	1.567420e+00	5.632446e-02
5.387693e-03	1.783967e-01	1.616648e+00	6.040125e-02
6.195847e-03	1.913092e-01	1.662033e+00	6.477313e-02
7.125224e-03	2.051562e-01	1.704613e+00	6.946144e-02
8.194007e-03	2.200055e-01	1.744235e+00	7.446024e-02
9.423108e-03	2.359297e-01	1.779820e+00	7.988032e-02
1.083657e-02	2.530064e-01	1.810131e+00	8.566402e-02
1.246206e-02	2.713191e-01	1.838969e+00	9.186504e-02
1.433137e-02	2.909573e-01	1.864514e+00	9.851386e-02
1.648108e-02	3.120170e-01	1.886018e+00	1.056442e-01
1.895324e-02	3.346009e-01	1.901279e+00	1.132906e-01
2.179622e-02	3.588195e-01	1.914819e+00	1.214906e-01
2.506566e-02	3.847911e-01	1.927895e+00	1.302840e-01
2.882550e-02	4.126425e-01	1.934735e+00	1.397139e-01
3.314933e-02	4.425097e-01	1.937597e+00	1.498262e-01
3.812173e-02	4.745388e-01	1.934835e+00	1.606706e-01
4.383999e-02	5.088862e-01	1.928703e+00	1.722999e-01
5.041599e-02	5.457196e-01	1.920045e+00	1.847709e-01
5.797838e-02	5.852191e-01	1.905385e+00	1.981446e-01
6.667514e-02	6.275776e-01	1.885968e+00	2.124862e-01
7.667641e-02	6.730020e-01	1.861674e+00	2.278659e-01
8.817787e-02	7.217142e-01	1.832443e+00	2.443588e-01
1.014046e-01	7.739523e-01	1.798582e+00	2.620455e-01
1.166152e-01	8.299714e-01	1.759878e+00	2.810123e-01
1.341075e-01	8.900451e-01	1.716243e+00	3.013519e-01
1.542237e-01	9.544671e-01	1.668448e+00	3.231639e-01
1.773572e-01	1.023552e+00	1.618375e+00	3.465545e-01
2.039608e-01	1.097637e+00	1.564988e+00	3.716382e-01
2.345549e-01	1.177085e+00	1.504633e+00	3.985373e-01
2.697381e-01	1.262283e+00	1.443025e+00	4.273835e-01
3.101989e-01	1.353647e+00	1.379182e+00	4.583177e-01
3.567287e-01	1.451625e+00	1.316211e+00	4.914909e-01
4.102380e-01	1.556695e+00	1.253494e+00	5.270650e-01
4.717737e-01	1.669369e+00	1.183383e+00	5.652139e-01
5.425397e-01	1.790199e+00	1.115956e+00	6.061242e-01
6.239207e-01	1.919774e+00	1.049135e+00	6.499978e-01
7.175088e-01	2.058728e+00	9.833401e-01	6.970336e-01
8.251351e-01	2.195452e+00	9.187288e-01	7.475653e-01
9.489054e-01	2.331270e+00	8.558408e-01	8.022404e-01
1.091241e+00	2.473608e+00	7.982736e-01	8.614745e-01
1.254927e+00	1.315736e+00	7.395198e-01	9.257074e-01
1.443166e+00	1.411029e+00	6.832567e-01	9.954310e-01
1.659641e+00	1.513218e+00	6.305113e-01	1.071221e+00
1.908588e+00	1.623585e+00	5.844616e-01	1.153746e+00
2.194876e+00	1.755498e+00	5.380137e-01	1.243800e+00
2.524107e+00	1.912491e+00	4.912694e-01	1.342332e+00
2.902723e+00	2.100273e+00	4.567620e-01	1.450498e+00
3.338132e+00	2.304307e+00	4.255970e-01	1.569724e+00
3.838852e+00	2.533054e+00	3.899700e-01	1.673940e+00
4.414679e+00	2.780051e+00	3.494021e-01	1.649689e+00
5.076881e+00	3.055047e+00	3.087219e-01	1.626156e+00
5.838413e+00	3.361524e+00	2.773964e-01	1.604666e+00
6.714175e+00	3.694631e+00	2.500149e-01	1.586603e+00
7.721302e+00	4.066972e+00	2.250515e-01	1.573423e+00
8.879497e+00	4.465345e+00	2.029083e-01	1.566649e+00
1.021142e+01	4.914975e+00	1.829589e-01	1.567951e+00
1.174313e+01	5.424792e+00	1.651303e-01	1.579129e+00
1.350460e+01	5.956296e+00	1.479314e-01	1.602102e+00
1.553030e+01	6.538960e+00	1.323676e-01	1.638922e+00
1.785984e+01	7.140410e+00	1.196308e-01	1.691763e+00
2.053882e+01	7.745677e+00	1.082968e-01	1.762917e+00
2.361964e+01	8.383737e+00	9.600270e-02	1.854802e+00
2.716258e+01	8.983618e+00	8.548815e-02	1.970000e+00
3.123697e+01	9.601741e+00	7.623252e-02	2.111338e+00
3.592252e+01	1.016032e+01	6.838261e-02	2.282042e+00
4.131089e+01	1.065503e+01	6.167845e-02	2.485917e+00
4.750753e+01	1.114254e+01	5.435924e-02	2.727568e+00
5.463366e+01	1.151766e+01	4.828465e-02	3.012675e+00
6.282871e+01	1.187779e+01	4.288330e-02	3.348286e+00
7.225301e+01	1.216653e+01	3.806591e-02	3.743189e+00
8.309096e+01	1.234233e+01	3.380040e-02	4.208318e+00
9.555461e+01	1.247973e+01	2.993778e-02	4.757253e+00
1.098878e+02	1.260008e+01	2.681247e-02	5.406838e+00
1.263710e+02	1.267595e+01	2.375542e-02	6.178385e+00
1.453266e+02	1.267663e+01	2.105832e-02	7.096188e+00
1.671256e+02	1.320228e+01	1.871554e-02	8.204008e+00
1.921945e+02	1.276402e+01	1.680550e-02	9.551990e+00
2.210236e+02	1.226978e+01	1.496549e-02	1.117800e+01
2.541772e+02	1.172902e+01	1.310289e-02	1.316232e+01
2.923037e+02	1.123599e+01	1.158950e-02	1.557658e+01
3.361493e+02	1.072341e+01	1.025501e-02	1.849695e+01
3.865717e+02	1.018221e+01	9.173638e-03	2.205302e+01
4.445574e+02	9.642247e+00	8.144362e-03	2.640834e+01
5.112411e+02	9.110182e+00	7.118034e-03	3.176784e+01
5.879272e+02	8.596249e+00	6.284534e-03	3.839052e+01
6.761163e+02	8.076528e+00	5.535197e-03	4.661753e+01
7.775337e+02	7.560407e+00	4.870673e-03	5.688824e+01
8.941638e+02	7.059247e+00	4.301339e-03	6.974956e+01
1.028288e+03	6.572838e+00	3.807984e-03	8.588843e+01
1.182532e+03	6.098246e+00	3.375394e-03	1.062105e+02
1.359911e+03	5.640188e+00	2.968678e-03	1.318871e+02
1.563898e+03	5.202836e+00	2.608174e-03	1.644106e+02
1.798483e+03	4.784848e+00	2.324154e-03	2.057041e+02
2.068255e+03	4.385732e+00	2.076034e-03	2.582615e+02
2.378493e+03	4.009130e+00	1.805240e-03	3.252921e+02
2.735268e+03	3.656078e+00	1.585022e-03	4.109186e+02
3.145558e+03	3.327449e+00	1.391536e-03	5.204380e+02
3.617391e+03	3.023390e+00	1.233013e-03	6.606384e+02
4.160000e+03	2.743195e+00	1.099319e-03	8.401940e+02
4.784000e+03	2.486403e+00	9.521541e-04	1.070163e+03
5.501600e+03	2.252453e+00	8.356132e-04	1.364594e+03
6.326840e+03	2.040429e+00	7.313034e-04	1.741267e+03
7.275866e+03	1.849065e+00	6.407984e-04	2.222589e+03
8.367246e+03	1.677319e+00	5.614242e-04	2.836652e+03
9.622333e+03	1.523696e+00	4.900017e-04	3.618511e+03
