# Energy_MeV	dEdx_Elec_MeV_um	dEdx_Nucl_MeV_um	Range_um
1.000000e-05	8.042638e-03	6.895517e-02	2.486746e-03
1.150000e-05	8.624768e-03	7.581984e-02	2.666738e-03
1.322500e-05	9.249033e-03	8.342049e-02	2.859758e-03
1.520875e-05	9.918483e-03	9.133903e-02	3.066749e-03
1.749006e-05	1.063639e-02	1.001648e-01	3.288722e-03
2.011357e-05	1.140626e-02	1.099908e-01	3.526762e-03
2.313061e-05	1.223185e-02	1.204286e-01	3.782030e-03
2.660020e-05	1.311719e-02	1.318928e-01	4.055776e-03
3.059023e-05	1.406662e-02	1.440816e-01	4.349335e-03
3.517876e-05	7.586571e-03	1.573005e-01	4.664142e-03
4.045558e-05	8.210280e-03	1.715469e-01	5.001735e-03
4.652391e-05	8.878485e-03	1.866353e-01	5.363763e-03
5.350250e-05	9.594465e-03	2.031806e-01	5.751995e-03
6.152788e-05	1.036173e-02	2.207261e-01	6.168328e-03
7.075706e-05	1.118404e-02	2.390601e-01	6.614795e-03
8.137062e-05	1.206542e-02	2.585670e-01	7.093577e-03
9.357621e-05	1.301018e-02	2.801272e-01	7.607014e-03
1.076126e-04	1.402294e-02	3.027551e-01	8.157614e-03
1.237545e-04	1.510867e-02	3.270819e-01	8.748066e-03
1.423177e-04	1.627266e-02	3.516302e-01	9.381256e-03
1.636654e-04	1.752061e-02	3.776071e-01	1.006028e-02
1.882152e-04	1.885861e-02	4.059841e-01	1.078844e-02
2.164475e-04	2.029321e-02	4.351499e-01	1.156932e-02
2.489146e-04	2.183142e-02	4.662547e-01	1.240671e-02
2.862518e-04	2.348075e-02	4.976238e-01	1.330472e-02
3.291895e-04	2.524927e-02	5.312274e-01	1.426772e-02
3.785680e-04	2.714561e-02	5.646500e-01	1.530042e-02
4.353531e-04	2.917904e-02	5.982517e-01	1.640788e-02
5.006561e-04	3.135950e-02	6.338560e-01	1.759549e-02
5.757545e-04	3.369763e-02	6.692279e-01	1.886906e-02
6.621177e-04	3.620487e-02	7.062570e-01	2.023481e-02
7.614354e-04	3.889345e-02	7.396035e-01	2.169941e-02
8.756507e-04	4.177653e-02	7.749430e-01	2.327003e-02
1.006998e-03	4.486817e-02	8.125125e-01	2.495433e-02
1.158048e-03	4.818349e-02	8.477189e-01	2.676053e-02
1.331755e-03	5.173869e-02	8.829689e-01	2.869748e-02
1.531519e-03	5.555112e-02	9.136895e-01	3.077461e-02
1.761246e-03	5.963943e-02	9.452631e-01	3.300210e-02
2.025433e-03	6.402357e-02	9.777284e-01	3.539081e-02
2.329248e-03	6.872497e-02	1.007104e+00	3.795241e-02
2.678635e-03	7.376660e-02	1.035271e+00	4.069943e-02
3.080431e-03	7.917308e-02	1.060581e+00	4.364527e-02
3.542495e-03	8.497083e-02	1.083974e+00	4.680434e-02
4.073870e-03	9.118818e-02	1.105340e+00	5.017286e-02
4.684950e-03	9.785549e-02	1.123852e+00	5.381547e-02
5.387693e-03	1.050053e-01	1.141428e+00	5.772264e-02
6.195847e-03	1.126727e-01	1.156465e+00	6.190003e-02
7.125224e-03	1.208949e-01	1.168051e+00	6.638041e-02
8.194007e-03	1.297122e-01	1.177558e+00	7.118501e-02
9.423108e-03	1.391678e-01	1.186429e+00	7.633730e-02
1.083657e-02	1.493076e-01	1.192493e+00	8.186253e-02
1.246206e-02	1.601814e-01	1.196686e+00	8.778765e-02
1.433137e-02	1.718422e-01	1.196898e+00	9.414167e-02
1.648108e-02	1.843470e-01	1.194908e+00	1.009556e-01
1.895324e-02	1.977569e-01	1.191063e+00	1.082627e-01
2.179622e-02	2.121373e-01	1.184098e+00	1.160987e-01
2.506566e-02	2.275586e-01	1.174553e+00	1.245019e-01
2.882550e-02	2.440961e-01	1.161487e+00	1.335133e-01
3.314933e-02	2.618306e-01	1.145735e+00	1.431770e-01
3.812173e-02	2.808487e-01	1.126827e+00	1.535401e-01
4.383999e-02	3.012433e-01	1.105102e+00	1.646533e-01
5.041599e-02	3.231140e-01	1.080168e+00	1.765709e-01
5.797838e-02	3.465678e-01	1.052748e+00	1.893511e-01
6.667514e-02	3.717191e-01	1.022425e+00	2.030564e-01
7.667641e-02	3.986909e-01	9.912862e-01	2.177536e-01
8.817787e-02	4.276149e-01	9.569224e-01	2.335145e-01
1.014046e-01	4.586325e-01	9.193323e-01	2.504163e-01
1.166152e-01	4.918951e-01	8.810964e-01	2.685416e-01
1.341075e-01	5.275652e-01	8.412488e-01	2.879787e-01
1.542237e-01	5.658172e-01	8.030891e-01	3.088225e-01
1.773572e-01	6.068379e-01	7.626832e-01	3.311751e-01
2.039608e-01	6.508277e-01	7.200127e-01	3.551457e-01
2.345549e-01	6.980014e-01	6.785813e-01	3.808513e-01
2.697381e-01	7.485896e-01	6.369939e-01	4.084176e-01
3.101989e-01	8.028394e-01	5.966820e-01	4.379780e-01
3.567287e-01	8.610159e-01	5.576719e-01	4.696806e-01
4.102380e-01	9.234047e-01	5.196003e-01	5.036768e-01
4.717737e-01	9.903164e-01	4.835782e-01	5.403614e-01
5.425397e-01	1.062071e+00	4.475235e-01	5.801091e-01
6.239207e-01	1.139019e+00	4.130651e-01	6.231876e-01
7.175088e-01	1.221537e+00	3.827197e-01	6.699284e-01
8.251351e-01	1.310028e+00	3.535637e-01	7.207055e-01
9.489054e-01	1.404925e+00	3.233796e-01	7.759534e-01
1.091241e+00	1.510572e+00	2.989938e-01	8.361841e-01
1.254927e+00	1.633099e+00	2.771965e-01	9.020086e-01
1.443166e+00	1.785260e+00	2.570609e-01	9.377287e-01
1.659641e+00	1.955985e+00	2.340493e-01	9.431777e-01
1.908588e+00	2.144955e+00	2.077381e-01	9.472706e-01
2.194876e+00	2.352690e+00	1.863104e-01	9.505227e-01
2.524107e+00	2.586761e+00	1.664885e-01	9.535373e-01
2.902723e+00	2.843424e+00	1.507873e-01	9.569836e-01
3.338132e+00	3.129477e+00	1.352455e-01	9.616795e-01
3.838852e+00	3.445970e+00	1.218171e-01	9.685257e-01
4.414679e+00	3.769277e+00	1.103162e-01	9.785440e-01
5.076881e+00	4.126819e+00	9.888118e-02	9.928925e-01
5.838413e+00	4.519995e+00	8.903513e-02	1.012878e+00
6.714175e+00	4.933792e+00	7.955664e-02	1.039968e+00
7.721302e+00	5.368273e+00	7.212736e-02	1.075792e+00
8.879497e+00	5.775870e+00	6.485635e-02	1.122144e+00
1.021142e+01	6.198693e+00	5.760921e-02	1.180967e+00
1.174313e+01	6.565166e+00	5.134519e-02	1.254375e+00
1.350460e+01	6.921750e+00	4.576509e-02	1.344661e+00
1.553030e+01	7.276660e+00	4.121912e-02	1.454358e+00
1.785984e+01	7.545671e+00	3.687047e-02	1.586331e+00
2.053882e+01	7.805954e+00	3.264499e-02	1.743917e+00
2.361964e+01	8.001985e+00	2.897109e-02	1.931115e+00
2.716258e+01	8.162633e+00	2.570251e-02	2.152809e+00
3.123697e+01	8.304128e+00	2.281619e-02	2.415032e+00
3.592252e+01	8.366708e+00	2.029157e-02	2.725296e+00
4.131089e+01	8.404288e+00	1.803406e-02	3.092978e+00
4.750753e+01	8.377498e+00	1.607234e-02	3.529788e+00
5.463366e+01	8.336200e+00	1.424764e-02	4.050412e+00
6.282871e+01	8.281836e+00	1.260474e-02	4.673112e+00
7.225301e+01	8.163635e+00	1.129158e-02	5.420852e+00
8.309096e+01	8.632563e+00	1.008979e-02	6.324110e+00
9.555461e+01	8.265396e+00	8.888038e-03	7.434319e+00
1.098878e+02	7.864630e+00	7.877707e-03	8.788726e+00
1.263710e+02	7.447168e+00	6.909925e-03	1.045268e+01
1.453266e+02	7.036005e+00	6.186907e-03	1.250327e+01
1.671256e+02	6.659174e+00	5.501742e-03	1.501698e+01
1.921945e+02	6.265291e+00	4.832115e-03	1.810153e+01
2.210236e+02	5.873715e+00	4.277247e-03	2.191477e+01
2.541772e+02	5.491367e+00	3.743632e-03	2.665043e+01
2.923037e+02	5.123274e+00	3.321542e-03	3.255542e+01
3.361493e+02	4.764296e+00	2.912331e-03	3.995127e+01
3.865717e+02	4.412012e+00	2.568098e-03	4.926106e+01
4.445574e+02	4.072539e+00	2.287206e-03	6.102090e+01
5.112411e+02	3.753032e+00	2.009781e-03	7.590338e+01
5.879272e+02	3.446426e+00	1.779744e-03	9.477958e+01
6.761163e+02	3.154938e+00	1.563662e-03	1.187978e+02
7.775337e+02	2.881761e+00	1.397332e-03	1.494241e+02
8.941638e+02	2.625678e+00	1.237478e-03	1.885398e+02
1.028288e+03	2.386507e+00	1.081652e-03	2.385875e+02
1.182532e+03	2.163976e+00	9.485488e-04	3.027142e+02
1.359911e+03	1.958131e+00	8.342587e-04	3.849649e+02
1.563898e+03	1.768915e+00	7.418335e-04	4.905272e+02
1.798483e+03	1.596269e+00	6.543472e-04	6.260492e+02
2.068255e+03	1.439895e+00	5.713840e-04	8.000175e+02
2.378493e+03	1.298604e+00	4.996213e-04	1.023244e+03
2.735268e+03	1.170734e+00	4.375234e-04	1.309457e+03
3.145558e+03	1.055756e+00	3.826948e-04	1.676032e+03
3.617391e+03	9.532426e-01	3.359786e-04	2.144878e+03
4.160000e+03	8.617776e-01	2.948518e-04	2.743493e+03
4.784000e+03	7.801834e-01	2.593179e-04	3.506237e+03
5.501600e+03	7.078499e-01	2.268871e-04	4.475843e+03
6.326840e+03	6.439020e-01	1.977874e-04	5.705148e+03
7.275866e+03	5.873114e-01	1.752973e-04	7.259072e+03
8.367246e+03	5.374701e-01	1.546463e-04	9.216825e+03
9.622333e+03	4.938341e-01	1.340862e-04	1.167431e+04
