# Energy_MeV	dEdx_Elec_MeV_um	dEdx_Nucl_MeV_um	Range_um
1.000000e-05	9.114465e-03	4.576474e-02	2.194314e-03
1.150000e-05	9.774175e-03	4.869733e-02	2.353140e-03
1.322500e-05	1.048163e-02	5.391547e-02	2.523461e-03
1.520875e-05	1.124030e-02	5.985410e-02	2.706111e-03
1.749006e-05	1.205388e-02	6.629367e-02	2.901981e-03
2.011357e-05	1.292635e-02	7.366322e-02	3.112027e-03
2.313061e-05	1.386196e-02	8.176357e-02	3.337278e-03
2.660020e-05	1.486530e-02	9.059218e-02	3.578832e-03
3.059023e-05	1.594126e-02	1.003887e-01	3.837869e-03
3.517876e-05	1.709509e-02	1.111436e-01	4.115656e-03
4.045558e-05	1.833244e-02	1.229308e-01	4.413550e-03
4.652391e-05	1.965936e-02	1.357958e-01	4.733005e-03
5.350250e-05	2.108231e-02	1.500022e-01	5.075582e-03
6.152788e-05	2.260826e-02	1.657003e-01	5.442955e-03
7.075706e-05	2.424466e-02	1.828768e-01	5.836920e-03
8.137062e-05	2.599950e-02	2.009159e-01	6.259399e-03
9.357621e-05	2.788136e-02	2.211326e-01	6.712457e-03
1.076126e-04	2.989942e-02	2.440993e-01	7.198309e-03
1.237545e-04	3.206356e-02	2.681749e-01	7.719326e-03
1.423177e-04	3.438434e-02	2.950367e-01	8.278055e-03
1.636654e-04	3.687309e-02	3.228377e-01	8.877225e-03
1.882152e-04	3.954199e-02	3.538907e-01	9.519763e-03
2.164475e-04	4.240406e-02	3.889894e-01	1.020881e-02
2.489146e-04	4.547329e-02	4.254211e-01	1.094773e-02
2.862518e-04	4.876467e-02	4.659617e-01	1.174013e-02
3.291895e-04	5.229428e-02	5.088215e-01	1.258989e-02
3.785680e-04	5.607937e-02	5.555995e-01	1.350115e-02
4.353531e-04	6.013842e-02	6.055017e-01	1.447837e-02
5.006561e-04	6.449127e-02	6.581414e-01	1.552632e-02
5.757545e-04	6.915918e-02	7.168229e-01	1.665013e-02
6.621177e-04	7.416496e-02	7.782224e-01	1.785527e-02
7.614354e-04	7.953306e-02	8.431068e-01	1.914764e-02
8.756507e-04	8.528971e-02	9.102393e-01	2.053356e-02
1.006998e-03	9.146302e-02	9.867888e-01	2.201979e-02
1.158048e-03	9.808316e-02	1.067418e+00	2.361359e-02
1.331755e-03	1.051825e-01	1.150813e+00	2.532276e-02
1.531519e-03	1.127956e-01	1.238211e+00	2.715563e-02
1.761246e-03	1.209598e-01	1.326628e+00	2.912117e-02
2.025433e-03	1.297150e-01	1.427286e+00	3.122898e-02
2.329248e-03	1.391038e-01	1.530943e+00	3.348935e-02
2.678635e-03	1.491722e-01	1.636797e+00	3.591333e-02
3.080431e-03	1.599694e-01	1.748293e+00	3.851275e-02
3.542495e-03	1.715481e-01	1.863480e+00	4.130032e-02
4.073870e-03	1.839648e-01	1.980064e+00	4.428966e-02
4.684950e-03	1.972803e-01	2.096941e+00	4.749537e-02
5.387693e-03	2.115595e-01	2.218913e+00	5.093311e-02
6.195847e-03	2.268723e-01	2.344303e+00	5.461968e-02
7.125224e-03	2.432935e-01	2.469956e+00	5.857308e-02
8.194007e-03	2.609032e-01	2.583412e+00	6.281263e-02
9.423108e-03	2.797875e-01	2.704950e+00	6.735904e-02
1.083657e-02	3.000386e-01	2.838724e+00	7.223453e-02
1.246206e-02	3.217556e-01	2.956099e+00	7.746290e-02
1.433137e-02	3.450444e-01	3.078091e+00	8.306971e-02
1.648108e-02	3.700189e-01	3.180449e+00	8.903637e-02
1.895324e-02	3.968011e-01	3.287702e+00	9.551929e-02
2.179622e-02	4.255218e-01	3.403410e+00	1.024472e-01
2.506566e-02	4.563213e-01	3.498714e+00	1.098623e-01
2.882550e-02	4.893500e-01	3.595820e+00	1.178138e-01
3.314933e-02	5.247695e-01	3.680118e+00	1.263412e-01
3.812173e-02	5.627525e-01	3.760178e+00	1.354856e-01
4.383999e-02	6.034849e-01	3.830439e+00	1.452919e-01
5.041599e-02	6.471654e-01	3.890236e+00	1.558081e-01
5.797838e-02	6.940076e-01	3.951030e+00	1.670854e-01
6.667514e-02	7.442402e-01	3.999207e+00	1.791789e-01
7.667641e-02	7.981087e-01	4.038171e+00	1.921478e-01
8.817787e-02	8.558763e-01	4.065820e+00	2.060553e-01
1.014046e-01	9.178250e-01	4.096209e+00	2.209696e-01
1.166152e-01	9.842577e-01	4.117008e+00	2.369633e-01
1.341075e-01	1.055499e+00	4.125799e+00	2.541147e-01
1.542237e-01	1.131896e+00	4.125784e+00	2.725074e-01
1.773572e-01	1.213824e+00	4.113917e+00	2.922314e-01
2.039608e-01	1.301681e+00	4.099331e+00	3.133832e-01
2.345549e-01	1.395897e+00	4.073733e+00	3.360659e-01
2.697381e-01	1.496933e+00	4.036022e+00	3.603902e-01
3.101989e-01	1.605282e+00	3.988892e+00	3.864752e-01
3.567287e-01	1.721473e+00	3.930925e+00	4.144484e-01
4.102380e-01	1.846074e+00	3.862814e+00	4.444463e-01
4.717737e-01	1.979694e+00	3.784908e+00	4.766153e-01
5.425397e-01	2.122985e+00	3.695941e+00	5.111127e-01
6.239207e-01	2.276648e+00	3.598070e+00	5.481071e-01
7.175088e-01	2.441433e+00	3.491399e+00	5.877793e-01
8.251351e-01	2.618145e+00	3.382860e+00	6.303230e-01
9.489054e-01	2.807648e+00	3.261874e+00	6.759458e-01
1.091241e+00	3.010867e+00	3.127549e+00	7.248711e-01
1.254927e+00	3.228795e+00	2.996826e+00	7.773373e-01
1.443166e+00	3.462497e+00	2.856481e+00	8.335964e-01
1.659641e+00	3.699239e+00	2.727204e+00	8.939730e-01
1.908588e+00	3.928587e+00	2.586748e+00	9.592251e-01
2.194876e+00	4.169126e+00	2.434282e+00	1.029923e+00
2.524107e+00	4.420329e+00	2.296181e+00	1.106568e+00
2.902723e+00	4.681230e+00	2.150672e+00	1.189747e+00
3.338132e+00	4.950282e+00	2.014385e+00	1.280136e+00
3.838852e+00	5.225184e+00	1.878559e+00	1.378522e+00
4.414679e+00	5.502693e+00	1.749626e+00	1.485834e+00
5.076881e+00	5.778417e+00	1.629512e+00	1.603183e+00
5.838413e+00	3.029105e+00	1.503032e+00	1.731918e+00
6.714175e+00	3.328365e+00	1.388088e+00	1.873694e+00
7.721302e+00	3.663317e+00	1.283215e+00	2.030573e+00
8.879497e+00	4.021686e+00	1.189215e+00	2.205151e+00
1.021142e+01	4.422827e+00	1.083163e+00	2.400719e+00
1.174313e+01	4.860838e+00	9.984322e-01	2.621491e+00
1.350460e+01	5.332368e+00	9.349720e-01	2.872888e+00
1.553030e+01	5.855731e+00	8.642025e-01	3.161925e+00
1.785984e+01	6.363994e+00	7.828525e-01	3.497698e+00
2.053882e+01	6.938442e+00	6.893000e-01	3.417249e+00
2.361964e+01	7.580378e+00	6.146586e-01	3.216053e+00
2.716258e+01	8.242947e+00	5.552928e-01	3.061615e+00
3.123697e+01	8.967451e+00	5.004431e-01	2.950091e+00
3.592252e+01	9.722780e+00	4.503225e-01	2.878567e+00
4.131089e+01	1.055982e+01	4.055227e-01	2.844873e+00
4.750753e+01	1.147596e+01	3.669040e-01	2.847455e+00
5.463366e+01	1.247935e+01	3.294220e-01	2.885241e+00
6.282871e+01	1.360278e+01	2.951008e-01	2.957841e+00
7.225301e+01	1.478553e+01	2.644606e-01	3.065398e+00
8.309096e+01	1.604083e+01	2.406366e-01	3.208786e+00
9.555461e+01	1.736242e+01	2.160340e-01	3.389732e+00
1.098878e+02	1.862197e+01	1.902942e-01	3.610971e+00
1.263710e+02	1.993999e+01	1.706632e-01	3.876403e+00
1.453266e+02	2.110443e+01	1.515602e-01	4.191272e+00
1.671256e+02	2.213964e+01	1.372851e-01	4.562363e+00
1.921945e+02	2.304963e+01	1.226518e-01	4.998233e+00
2.210236e+02	2.397502e+01	1.075792e-01	5.509606e+00
2.541772e+02	2.490622e+01	9.618479e-02	6.109764e+00
2.923037e+02	2.558529e+01	8.497065e-02	6.813943e+00
3.361493e+02	2.832580e+01	7.562583e-02	7.648420e+00
3.865717e+02	2.822800e+01	6.705823e-02	8.651122e+00
4.445574e+02	2.794373e+01	5.966471e-02	9.837565e+00
5.112411e+02	2.749249e+01	5.339194e-02	1.125722e+01
5.879272e+02	2.699585e+01	4.705021e-02	1.295113e+01
6.761163e+02	2.641194e+01	4.176180e-02	1.495460e+01
7.775337e+02	2.566599e+01	3.732066e-02	1.733367e+01
8.941638e+02	2.487609e+01	3.358378e-02	2.017857e+01
1.028288e+03	2.406231e+01	2.938312e-02	2.359646e+01
1.182532e+03	2.328177e+01	2.588761e-02	2.771926e+01
1.359911e+03	2.246795e+01	2.290556e-02	3.271806e+01
1.563898e+03	2.159690e+01	2.038841e-02	3.881197e+01
1.798483e+03	2.069990e+01	1.830003e-02	4.626656e+01
2.068255e+03	1.979624e+01	1.595188e-02	5.540493e+01
2.378493e+03	1.886439e+01	1.404986e-02	6.664660e+01
2.735268e+03	1.791707e+01	1.239807e-02	8.053424e+01
3.145558e+03	1.697395e+01	1.092743e-02	9.774640e+01
3.617391e+03	1.602599e+01	9.622917e-03	1.191446e+02
4.160000e+03	1.508123e+01	8.488160e-03	1.458400e+02
4.784000e+03	1.414297e+01	7.555538e-03	1.792508e+02
5.501600e+03	1.321871e+01	6.650640e-03	2.211875e+02
6.326840e+03	1.231966e+01	5.856116e-03	2.739648e+02
7.275866e+03	1.145385e+01	5.164830e-03	3.405425e+02
8.367246e+03	1.062282e+01	4.640948e-03	4.246978e+02
9.622333e+03	9.829027e+00	4.099530e-03	5.312491e+02
