# Energy_MeV	dEdx_Elec_MeV_um	dEdx_Nucl_MeV_um	Range_um
1.000000e-05	8.607921e-03	4.612253e-02	2.323441e-03
1.150000e-05	9.230967e-03	5.120510e-02	2.491613e-03
1.322500e-05	9.899109e-03	5.671340e-02	2.671958e-03
1.520875e-05	1.061561e-02	6.299571e-02	2.865355e-03
1.749006e-05	1.138398e-02	6.996010e-02	3.072751e-03
2.011357e-05	1.220795e-02	7.749648e-02	3.295159e-03
2.313061e-05	1.309157e-02	8.589980e-02	3.533664e-03
2.660020e-05	1.403915e-02	9.508528e-02	3.789433e-03
3.059023e-05	1.505531e-02	1.051942e-01	4.063714e-03
3.517876e-05	1.614502e-02	1.162363e-01	4.357847e-03
4.045558e-05	1.731360e-02	1.283590e-01	4.673271e-03
4.652391e-05	1.856677e-02	1.418412e-01	5.011524e-03
5.350250e-05	1.991064e-02	1.565392e-01	5.374261e-03
6.152788e-05	2.135179e-02	1.720672e-01	5.763253e-03
7.075706e-05	2.289724e-02	1.893023e-01	6.180400e-03
8.137062e-05	2.455455e-02	2.090187e-01	6.627741e-03
9.357621e-05	2.633183e-02	2.296626e-01	7.107461e-03
1.076126e-04	2.823774e-02	2.527157e-01	7.621902e-03
1.237545e-04	3.028160e-02	2.766057e-01	8.173580e-03
1.423177e-04	3.247340e-02	3.030816e-01	8.765188e-03
1.636654e-04	3.482384e-02	3.332377e-01	9.399617e-03
1.882152e-04	3.734441e-02	3.645012e-01	1.007997e-02
2.164475e-04	4.004742e-02	3.992958e-01	1.080956e-02
2.489146e-04	4.294607e-02	4.360196e-01	1.159196e-02
2.862518e-04	4.605453e-02	4.761180e-01	1.243099e-02
3.291895e-04	4.938798e-02	5.191065e-01	1.333075e-02
3.785680e-04	5.296271e-02	5.642319e-01	1.429564e-02
4.353531e-04	5.679618e-02	6.146352e-01	1.533037e-02
5.006561e-04	6.090711e-02	6.672881e-01	1.643999e-02
5.757545e-04	6.531560e-02	7.232601e-01	1.762992e-02
6.621177e-04	7.004318e-02	7.808314e-01	1.890599e-02
7.614354e-04	7.511294e-02	8.461070e-01	2.027441e-02
8.756507e-04	8.054966e-02	9.160127e-01	2.174188e-02
1.006998e-03	8.637989e-02	9.873324e-01	2.331557e-02
1.158048e-03	9.263211e-02	1.063156e+00	2.500317e-02
1.331755e-03	9.933687e-02	1.138959e+00	2.681291e-02
1.531519e-03	1.065269e-01	1.224811e+00	2.875364e-02
1.761246e-03	1.142374e-01	1.314952e+00	3.083485e-02
2.025433e-03	1.225060e-01	1.405542e+00	3.306669e-02
2.329248e-03	1.313730e-01	1.502218e+00	3.546007e-02
2.678635e-03	1.408819e-01	1.601137e+00	3.802669e-02
3.080431e-03	1.510790e-01	1.701840e+00	4.077908e-02
3.542495e-03	1.620141e-01	1.803247e+00	4.373070e-02
4.073870e-03	1.737408e-01	1.907558e+00	4.689595e-02
4.684950e-03	1.863163e-01	2.016696e+00	5.029030e-02
5.387693e-03	1.998019e-01	2.125912e+00	5.393034e-02
6.195847e-03	2.142637e-01	2.224483e+00	5.783384e-02
7.125224e-03	2.297722e-01	2.328191e+00	6.201989e-02
8.194007e-03	2.464032e-01	2.444482e+00	6.650892e-02
9.423108e-03	2.642380e-01	2.546534e+00	7.132287e-02
1.083657e-02	2.833637e-01	2.652987e+00	7.648526e-02
1.246206e-02	3.038738e-01	2.742249e+00	8.202130e-02
1.433137e-02	3.258683e-01	2.833823e+00	8.793358e-02
1.648108e-02	3.494548e-01	2.934822e+00	9.430802e-02
1.895324e-02	3.747485e-01	3.018166e+00	1.011551e-01
2.179622e-02	4.018730e-01	3.102781e+00	1.084753e-01
2.506566e-02	4.309608e-01	3.176095e+00	1.163270e-01
2.882550e-02	4.621540e-01	3.246024e+00	1.247467e-01
3.314933e-02	4.956049e-01	3.307948e+00	1.337757e-01
3.812173e-02	5.314771e-01	3.360125e+00	1.434583e-01
4.383999e-02	5.699457e-01	3.413385e+00	1.538417e-01
5.041599e-02	6.111987e-01	3.455642e+00	1.649766e-01
5.797838e-02	6.554375e-01	3.490812e+00	1.769176e-01
6.667514e-02	7.028785e-01	3.514968e+00	1.897228e-01
7.667641e-02	7.537532e-01	3.540973e+00	2.034548e-01
8.817787e-02	8.083102e-01	3.560775e+00	2.181808e-01
1.014046e-01	8.668161e-01	3.568711e+00	2.339726e-01
1.166152e-01	9.295568e-01	3.570311e+00	2.509076e-01
1.341075e-01	9.968386e-01	3.560518e+00	2.690683e-01
1.542237e-01	1.068990e+00	3.548170e+00	2.885433e-01
1.773572e-01	1.146364e+00	3.527563e+00	3.094280e-01
2.039608e-01	1.229339e+00	3.495687e+00	3.318244e-01
2.345549e-01	1.318319e+00	3.456083e+00	3.558419e-01
2.697381e-01	1.413740e+00	3.406865e+00	3.815978e-01
3.101989e-01	1.516067e+00	3.348915e+00	4.092177e-01
3.567287e-01	1.625801e+00	3.282434e+00	4.388369e-01
4.102380e-01	1.743477e+00	3.206599e+00	4.706001e-01
4.717737e-01	1.869671e+00	3.122568e+00	5.046623e-01
5.425397e-01	2.004998e+00	3.030674e+00	5.411897e-01
6.239207e-01	2.150121e+00	2.937391e+00	5.803610e-01
7.175088e-01	2.305748e+00	2.834227e+00	6.223677e-01
8.251351e-01	2.472639e+00	2.718251e+00	6.674149e-01
9.489054e-01	2.651610e+00	2.605511e+00	7.157230e-01
1.091241e+00	2.843535e+00	2.483804e+00	7.675254e-01
1.254927e+00	3.049352e+00	2.371878e+00	8.230834e-01
1.443166e+00	3.266421e+00	2.252035e+00	8.826516e-01
1.659641e+00	3.469544e+00	2.119719e+00	9.468979e-01
1.908588e+00	3.682794e+00	1.999900e+00	1.016507e+00
2.194876e+00	3.905790e+00	1.873783e+00	1.091943e+00
2.524107e+00	4.137788e+00	1.755932e+00	1.173787e+00
2.902723e+00	4.377559e+00	1.637761e+00	1.262690e+00
3.338132e+00	4.623245e+00	1.525529e+00	1.359410e+00
3.838852e+00	4.872188e+00	1.421503e+00	1.464838e+00
4.414679e+00	5.120752e+00	1.311658e+00	1.580037e+00
5.076881e+00	2.731003e+00	1.211990e+00	1.706291e+00
5.838413e+00	2.995031e+00	1.119113e+00	1.845172e+00
6.714175e+00	3.284853e+00	1.038296e+00	1.998630e+00
7.721302e+00	3.600750e+00	9.477429e-01	2.169111e+00
8.879497e+00	3.954201e+00	8.705175e-01	2.359712e+00
1.021142e+01	4.330600e+00	8.153605e-01	2.574390e+00
1.174313e+01	4.746766e+00	7.547781e-01	2.818229e+00
1.350460e+01	5.195769e+00	6.854565e-01	3.097795e+00
1.553030e+01	5.652261e+00	6.057366e-01	3.023277e+00
1.785984e+01	6.151858e+00	5.379630e-01	2.873832e+00
2.053882e+01	6.706747e+00	4.864568e-01	2.755002e+00
2.361964e+01	7.311740e+00	4.378387e-01	2.666106e+00
2.716258e+01	7.961324e+00	3.940186e-01	2.606773e+00
3.123697e+01	8.661335e+00	3.550880e-01	2.576904e+00
3.592252e+01	9.442232e+00	3.209658e-01	2.576635e+00
4.131089e+01	1.027097e+01	2.887823e-01	2.606237e+00
4.750753e+01	1.118642e+01	2.583863e-01	2.666359e+00
5.463366e+01	1.219771e+01	2.313478e-01	2.757813e+00
6.282871e+01	1.322733e+01	2.103741e-01	2.881812e+00
7.225301e+01	1.433542e+01	1.893552e-01	3.040099e+00
8.309096e+01	1.539328e+01	1.667791e-01	3.235123e+00
9.555461e+01	1.644287e+01	1.494767e-01	3.470241e+00
1.098878e+02	1.750388e+01	1.326679e-01	3.749919e+00
1.263710e+02	1.838194e+01	1.200777e-01	4.079942e+00
1.453266e+02	1.923224e+01	1.075703e-01	4.467683e+00
1.671256e+02	1.983510e+01	9.434015e-02	4.922394e+00
1.921945e+02	2.046330e+01	8.428385e-02	5.455599e+00
2.210236e+02	2.114085e+01	7.447445e-02	6.081336e+00
2.541772e+02	2.153052e+01	6.631299e-02	6.817234e+00
2.923037e+02	2.456234e+01	5.876694e-02	7.685559e+00
3.361493e+02	2.435234e+01	5.228055e-02	8.730759e+00
3.865717e+02	2.399812e+01	4.679896e-02	9.975164e+00
4.445574e+02	2.352939e+01	4.125578e-02	1.146360e+01
5.112411e+02	2.295283e+01	3.663464e-02	1.324981e+01
5.879272e+02	2.240608e+01	3.265542e-02	1.537663e+01
6.761163e+02	2.170141e+01	2.943158e-02	1.790667e+01
7.775337e+02	2.095287e+01	2.584194e-02	2.094205e+01
8.941638e+02	2.018744e+01	2.269738e-02	2.460100e+01
1.028288e+03	1.943108e+01	2.011930e-02	2.903044e+01
1.182532e+03	1.868470e+01	1.784857e-02	3.441799e+01
1.359911e+03	1.788799e+01	1.604370e-02	4.100832e+01
1.563898e+03	1.706510e+01	1.403627e-02	4.910309e+01
1.798483e+03	1.625456e+01	1.231969e-02	5.906932e+01
2.068255e+03	1.542363e+01	1.089335e-02	7.137474e+01
2.378493e+03	1.458474e+01	9.584829e-03	8.663516e+01
2.735268e+03	1.375642e+01	8.440100e-03	1.056242e+02
3.145558e+03	1.293099e+01	7.451054e-03	1.293228e+02
3.617391e+03	1.210827e+01	6.620571e-03	1.589980e+02
4.160000e+03	1.129879e+01	5.844812e-03	1.962738e+02
4.784000e+03	1.051416e+01	5.138164e-03	2.432302e+02
5.501600e+03	9.756790e+00	4.525912e-03	3.025289e+02
6.326840e+03	9.028860e+00	4.063353e-03	3.775818e+02
7.275866e+03	8.335178e+00	3.600665e-03	4.727502e+02
8.367246e+03	7.678799e+00	3.113947e-03	5.936051e+02
9.622333e+03	7.061102e+00	2.752139e-03	7.472472e+02
