# Energy_MeV	dEdx_Elec_MeV_um	dEdx_Nucl_MeV_um	Range_um
1.000000e-05	8.052331e-03	5.398021e-02	2.483753e-03
1.150000e-05	8.635163e-03	5.984850e-02	2.663528e-03
1.322500e-05	9.260180e-03	6.624863e-02	2.856316e-03
1.520875e-05	9.930437e-03	7.331399e-02	3.063058e-03
1.749006e-05	1.064921e-02	8.105083e-02	3.284763e-03
2.011357e-05	1.142000e-02	8.949181e-02	3.522516e-03
2.313061e-05	1.224659e-02	9.891363e-02	3.777478e-03
2.660020e-05	1.313300e-02	1.091626e-01	4.050894e-03
3.059023e-05	1.408358e-02	1.201881e-01	4.344099e-03
3.517876e-05	1.510295e-02	1.321202e-01	4.658528e-03
4.045558e-05	1.619611e-02	1.457591e-01	4.995714e-03
4.652391e-05	1.736840e-02	1.604245e-01	5.357307e-03
5.350250e-05	1.862553e-02	1.763687e-01	5.745071e-03
6.152788e-05	1.997366e-02	1.934598e-01	6.160903e-03
7.075706e-05	2.141936e-02	2.117958e-01	6.606832e-03
8.137062e-05	2.296970e-02	2.327447e-01	7.085038e-03
9.357621e-05	2.463226e-02	2.549786e-01	7.597857e-03
1.076126e-04	2.641516e-02	2.790828e-01	8.147794e-03
1.237545e-04	2.832710e-02	3.051388e-01	8.737536e-03
1.423177e-04	3.037743e-02	3.332886e-01	9.369963e-03
1.636654e-04	3.257617e-02	3.635940e-01	1.004817e-02
1.882152e-04	3.493405e-02	3.954310e-01	1.077546e-02
2.164475e-04	3.746259e-02	4.304377e-01	1.155539e-02
2.489146e-04	4.017416e-02	4.678468e-01	1.239178e-02
2.862518e-04	4.308198e-02	5.076285e-01	1.328870e-02
3.291895e-04	4.620028e-02	5.483574e-01	1.425054e-02
3.785680e-04	4.954428e-02	5.933663e-01	1.528200e-02
4.353531e-04	5.313032e-02	6.431010e-01	1.638812e-02
5.006561e-04	5.697592e-02	6.936426e-01	1.757430e-02
5.757545e-04	6.109987e-02	7.477913e-01	1.884634e-02
6.621177e-04	6.552231e-02	8.017824e-01	2.021045e-02
7.614354e-04	7.026485e-02	8.610136e-01	2.167329e-02
8.756507e-04	7.535066e-02	9.256383e-01	2.324202e-02
1.006998e-03	8.080458e-02	9.900424e-01	2.492429e-02
1.158048e-03	8.665326e-02	1.058787e+00	2.672832e-02
1.331755e-03	9.292527e-02	1.128851e+00	2.866293e-02
1.531519e-03	9.965125e-02	1.201281e+00	3.073757e-02
1.761246e-03	1.068641e-01	1.274247e+00	3.296237e-02
2.025433e-03	1.145989e-01	1.348046e+00	3.534820e-02
2.329248e-03	1.228937e-01	1.426345e+00	3.790673e-02
2.678635e-03	1.317888e-01	1.504088e+00	4.065044e-02
3.080431e-03	1.413277e-01	1.578261e+00	4.359274e-02
3.542495e-03	1.515571e-01	1.650717e+00	4.674800e-02
4.073870e-03	1.625269e-01	1.732679e+00	5.013165e-02
4.684950e-03	1.742907e-01	1.809390e+00	5.376020e-02
5.387693e-03	1.869059e-01	1.884210e+00	5.765139e-02
6.195847e-03	2.004342e-01	1.953294e+00	6.182423e-02
7.125224e-03	2.149418e-01	2.017496e+00	6.629910e-02
8.194007e-03	2.304994e-01	2.089809e+00	7.109786e-02
9.423108e-03	2.471831e-01	2.153353e+00	7.624397e-02
1.083657e-02	2.650743e-01	2.213405e+00	8.172283e-02
1.246206e-02	2.842605e-01	2.269090e+00	8.767461e-02
1.433137e-02	3.048354e-01	2.320477e+00	9.402907e-02
1.648108e-02	3.268996e-01	2.367421e+00	1.008351e-01
1.895324e-02	3.505608e-01	2.406403e+00	1.081332e-01
2.179622e-02	3.759345e-01	2.444694e+00	1.159599e-01
2.506566e-02	4.031449e-01	2.477570e+00	1.243529e-01
2.882550e-02	4.323247e-01	2.504886e+00	1.333534e-01
3.314933e-02	4.636166e-01	2.524204e+00	1.430055e-01
3.812173e-02	4.971734e-01	2.542277e+00	1.533562e-01
4.383999e-02	5.331591e-01	2.558891e+00	1.644560e-01
5.041599e-02	5.717494e-01	2.566644e+00	1.763592e-01
5.797838e-02	6.131329e-01	2.569891e+00	1.891240e-01
6.667514e-02	6.575118e-01	2.564990e+00	2.028128e-01
7.667641e-02	7.051029e-01	2.556621e+00	2.174923e-01
8.817787e-02	7.561386e-01	2.544254e+00	2.332343e-01
1.014046e-01	8.108683e-01	2.523538e+00	2.501157e-01
1.166152e-01	8.695594e-01	2.497072e+00	2.682191e-01
1.341075e-01	9.324986e-01	2.463747e+00	2.876329e-01
1.542237e-01	9.999933e-01	2.424132e+00	3.084517e-01
1.773572e-01	1.072373e+00	2.378244e+00	3.307773e-01
2.039608e-01	1.149992e+00	2.325942e+00	3.547190e-01
2.345549e-01	1.233229e+00	2.267162e+00	3.803937e-01
2.697381e-01	1.322491e+00	2.202952e+00	4.079266e-01
3.101989e-01	1.418214e+00	2.135992e+00	4.374524e-01
3.567287e-01	1.520865e+00	2.064535e+00	4.691151e-01
4.102380e-01	1.630946e+00	1.982918e+00	5.030698e-01
4.717737e-01	1.748995e+00	1.901492e+00	5.394822e-01
5.425397e-01	1.875588e+00	1.815919e+00	5.785301e-01
6.239207e-01	2.011344e+00	1.732957e+00	6.204040e-01
7.175088e-01	2.156926e+00	1.649585e+00	6.653091e-01
8.251351e-01	2.313045e+00	1.554855e+00	7.134653e-01
9.489054e-01	2.480465e+00	1.466923e+00	7.650981e-01
1.091241e+00	2.647888e+00	1.377581e+00	8.205340e-01
1.254927e+00	2.811895e+00	1.291081e+00	8.804795e-01
1.443166e+00	2.983847e+00	1.205935e+00	9.454255e-01
1.659641e+00	3.163347e+00	1.122479e+00	1.015843e+00
1.908588e+00	3.349675e+00	1.047165e+00	1.092271e+00
2.194876e+00	3.541687e+00	9.686521e-01	1.175335e+00
2.524107e+00	1.883860e+00	8.952480e-01	1.265761e+00
2.902723e+00	2.033305e+00	8.262844e-01	1.364412e+00
3.338132e+00	2.209784e+00	7.663805e-01	1.472317e+00
3.838852e+00	2.422260e+00	7.037225e-01	1.590728e+00
4.414679e+00	2.653579e+00	6.429279e-01	1.721183e+00
5.076881e+00	2.912299e+00	5.998980e-01	1.865601e+00
5.838413e+00	3.185835e+00	5.576368e-01	2.026399e+00
6.714175e+00	3.490076e+00	5.098814e-01	2.206642e+00
7.721302e+00	3.822688e+00	4.549879e-01	2.157920e+00
8.879497e+00	4.178775e+00	4.017212e-01	2.093817e+00
1.021142e+01	4.574170e+00	3.623900e-01	2.038837e+00
1.174313e+01	4.984982e+00	3.259918e-01	1.994499e+00
1.350460e+01	5.451765e+00	2.937952e-01	1.962347e+00
1.553030e+01	5.981156e+00	2.645283e-01	1.943981e+00
1.785984e+01	6.551058e+00	2.387771e-01	1.941042e+00
2.053882e+01	7.186051e+00	2.155371e-01	1.955326e+00
2.361964e+01	7.857069e+00	1.927706e-01	1.988668e+00
2.716258e+01	8.571886e+00	1.726114e-01	2.042964e+00
3.123697e+01	9.334931e+00	1.561108e-01	2.120186e+00
3.592252e+01	1.011213e+01	1.413509e-01	2.222426e+00
4.131089e+01	1.094325e+01	1.247656e-01	2.351979e+00
4.750753e+01	1.172020e+01	1.114314e-01	2.511482e+00
5.463366e+01	1.246250e+01	9.919649e-02	2.704093e+00
6.282871e+01	1.319203e+01	8.922238e-02	2.933682e+00
7.225301e+01	1.379720e+01	8.043858e-02	3.205129e+00
8.309096e+01	1.439924e+01	7.057472e-02	3.524530e+00
9.555461e+01	1.488496e+01	6.289070e-02	3.899522e+00
1.098878e+02	1.524385e+01	5.575715e-02	4.339629e+00
1.263710e+02	1.552772e+01	4.957848e-02	4.856654e+00
1.453266e+02	1.579055e+01	4.401286e-02	5.465231e+00
1.671256e+02	1.601610e+01	3.897234e-02	6.183650e+00
1.921945e+02	1.611158e+01	3.492891e-02	7.032864e+00
2.210236e+02	1.763098e+01	3.087527e-02	8.049225e+00
2.541772e+02	1.723089e+01	2.741352e-02	9.279499e+00
2.923037e+02	1.673074e+01	2.438252e-02	1.075189e+01
3.361493e+02	1.615824e+01	2.194498e-02	1.253491e+01
3.865717e+02	1.561246e+01	1.945483e-02	1.468866e+01
4.445574e+02	1.503813e+01	1.702158e-02	1.727250e+01
5.112411e+02	1.440376e+01	1.509556e-02	2.038922e+01
5.879272e+02	1.375984e+01	1.333812e-02	2.417287e+01
6.761163e+02	1.311658e+01	1.197511e-02	2.878830e+01
7.775337e+02	1.249419e+01	1.058024e-02	3.444192e+01
8.941638e+02	1.185798e+01	9.241298e-03	4.140403e+01
1.028288e+03	1.121071e+01	8.182026e-03	5.002271e+01
1.182532e+03	1.056932e+01	7.189411e-03	6.072806e+01
1.359911e+03	9.939027e+00	6.335654e-03	7.405454e+01
1.563898e+03	9.312181e+00	5.588841e-03	9.070275e+01
1.798483e+03	8.695659e+00	4.953374e-03	1.115808e+02
2.068255e+03	8.098805e+00	4.392751e-03	1.378398e+02
2.378493e+03	7.516963e+00	3.855521e-03	1.709563e+02
2.735268e+03	6.950710e+00	3.391114e-03	2.128450e+02
3.145558e+03	6.408132e+00	3.027401e-03	2.659659e+02
3.617391e+03	5.892643e+00	2.703030e-03	3.334778e+02
4.160000e+03	5.406048e+00	2.338049e-03	4.194380e+02
4.784000e+03	4.948634e+00	2.060559e-03	5.290497e+02
5.501600e+03	4.519390e+00	1.805495e-03	6.689681e+02
6.326840e+03	4.120462e+00	1.606526e-03	8.476903e+02
7.275866e+03	3.753855e+00	1.430505e-03	1.076029e+03
8.367246e+03	3.417472e+00	1.233648e-03	1.367697e+03
9.622333e+03	3.109477e+00	1.085694e-03	1.740009e+03
