# Energy_MeV	dEdx_Elec_MeV_um	dEdx_Nucl_MeV_um	Range_um
1.000000e-05	7.864168e-03	6.587379e-02	2.543181e-03
1.150000e-05	8.433381e-03	7.242666e-02	2.727257e-03
1.322500e-05	9.043794e-03	7.969753e-02	2.924658e-03
1.520875e-05	9.698388e-03	8.795505e-02	3.136346e-03
1.749006e-05	1.040036e-02	9.669991e-02	3.363356e-03
2.011357e-05	1.115315e-02	1.063909e-01	3.606798e-03
2.313061e-05	1.196042e-02	1.165257e-01	3.867860e-03
2.660020e-05	1.282612e-02	1.276952e-01	4.147817e-03
3.059023e-05	1.375448e-02	1.403274e-01	4.448039e-03
3.517876e-05	1.475004e-02	1.536057e-01	4.769990e-03
4.045558e-05	1.581765e-02	1.682571e-01	5.115244e-03
4.652391e-05	1.696254e-02	1.837982e-01	5.485488e-03
5.350250e-05	1.819030e-02	2.006588e-01	5.882531e-03
6.152788e-05	1.950692e-02	2.189189e-01	6.308312e-03
7.075706e-05	2.091884e-02	2.380616e-01	6.764911e-03
8.137062e-05	2.243296e-02	2.592716e-01	7.254559e-03
9.357621e-05	2.405667e-02	2.816056e-01	7.779647e-03
1.076126e-04	2.579791e-02	3.051382e-01	8.342742e-03
1.237545e-04	2.766517e-02	3.299209e-01	8.946594e-03
1.423177e-04	1.488825e-02	3.572630e-01	9.594154e-03
1.636654e-04	1.602844e-02	3.865040e-01	1.028858e-02
1.882152e-04	1.725093e-02	4.173375e-01	1.103328e-02
2.164475e-04	1.856168e-02	4.490011e-01	1.183187e-02
2.489146e-04	1.996710e-02	4.819922e-01	1.268827e-02
2.862518e-04	2.147407e-02	5.179159e-01	1.360665e-02
3.291895e-04	2.308994e-02	5.557205e-01	1.459151e-02
3.785680e-04	2.482260e-02	5.950590e-01	1.564765e-02
4.353531e-04	2.668054e-02	6.354489e-01	1.678023e-02
5.006561e-04	2.867281e-02	6.782883e-01	1.799480e-02
5.757545e-04	3.080916e-02	7.210033e-01	1.929727e-02
6.621177e-04	3.310003e-02	7.641631e-01	2.069402e-02
7.614354e-04	3.555660e-02	8.091964e-01	2.219186e-02
8.756507e-04	3.819088e-02	8.549392e-01	2.379812e-02
1.006998e-03	4.101573e-02	9.025303e-01	2.552064e-02
1.158048e-03	4.404497e-02	9.452077e-01	2.736784e-02
1.331755e-03	4.729338e-02	9.896484e-01	2.934874e-02
1.531519e-03	5.077684e-02	1.038579e+00	3.147301e-02
1.761246e-03	5.451236e-02	1.083293e+00	3.375105e-02
2.025433e-03	5.851820e-02	1.128864e+00	3.619396e-02
2.329248e-03	6.281392e-02	1.168215e+00	3.881370e-02
2.678635e-03	6.742052e-02	1.207633e+00	4.162306e-02
3.080431e-03	7.236049e-02	1.250211e+00	4.463576e-02
3.542495e-03	7.765797e-02	1.287341e+00	4.786652e-02
4.073870e-03	8.333884e-02	1.323689e+00	5.133112e-02
4.684950e-03	8.943086e-02	1.355971e+00	5.504650e-02
5.387693e-03	9.596378e-02	1.385966e+00	5.903079e-02
6.195847e-03	1.029695e-01	1.413719e+00	6.329869e-02
7.125224e-03	1.104823e-01	1.436929e+00	6.788785e-02
8.194007e-03	1.185388e-01	1.459831e+00	7.280016e-02
9.423108e-03	1.271785e-01	1.478833e+00	7.807003e-02
1.083657e-02	1.364434e-01	1.494048e+00	8.372054e-02
1.246206e-02	1.463790e-01	1.506054e+00	8.978016e-02
1.433137e-02	1.570336e-01	1.517081e+00	9.627840e-02
1.648108e-02	1.684594e-01	1.525583e+00	1.032470e-01
1.895324e-02	1.807122e-01	1.530608e+00	1.107199e-01
2.179622e-02	1.938519e-01	1.531321e+00	1.187337e-01
2.506566e-02	2.079425e-01	1.528705e+00	1.273276e-01
2.882550e-02	2.230531e-01	1.523596e+00	1.365435e-01
3.314933e-02	2.392573e-01	1.515201e+00	1.464265e-01
3.812173e-02	2.566344e-01	1.502828e+00	1.570248e-01
4.383999e-02	2.752693e-01	1.486349e+00	1.683902e-01
5.041599e-02	2.952529e-01	1.466294e+00	1.805783e-01
5.797838e-02	3.166830e-01	1.442169e+00	1.936485e-01
6.667514e-02	3.396642e-01	1.414468e+00	2.076647e-01
7.667641e-02	3.643087e-01	1.382733e+00	2.226954e-01
8.817787e-02	3.907371e-01	1.347603e+00	2.388142e-01
1.014046e-01	4.190783e-01	1.308653e+00	2.560996e-01
1.166152e-01	4.494708e-01	1.268986e+00	2.746361e-01
1.341075e-01	4.820632e-01	1.225480e+00	2.945142e-01
1.542237e-01	5.170146e-01	1.176865e+00	3.158311e-01
1.773572e-01	5.544959e-01	1.128345e+00	3.386911e-01
2.039608e-01	5.946900e-01	1.076826e+00	3.632057e-01
2.345549e-01	6.377934e-01	1.028234e+00	3.894946e-01
2.697381e-01	6.840166e-01	9.772862e-01	4.176861e-01
3.101989e-01	7.335855e-01	9.216957e-01	4.479183e-01
3.567287e-01	7.867422e-01	8.692306e-01	4.803390e-01
4.102380e-01	8.437464e-01	8.156493e-01	5.151053e-01
4.717737e-01	9.048766e-01	7.644404e-01	5.523926e-01
5.425397e-01	9.704315e-01	7.143113e-01	5.923618e-01
6.239207e-01	1.040738e+00	6.650493e-01	6.353991e-01
7.175088e-01	1.116134e+00	6.196659e-01	6.820176e-01
8.251351e-01	1.196988e+00	5.729920e-01	7.325274e-01
9.489054e-01	1.283694e+00	5.293466e-01	7.873174e-01
1.091241e+00	1.376675e+00	4.898535e-01	8.468154e-01
1.254927e+00	1.476387e+00	4.529735e-01	9.115225e-01
1.443166e+00	1.585761e+00	4.149387e-01	9.820245e-01
1.659641e+00	1.712975e+00	3.819823e-01	1.059018e+00
1.908588e+00	1.868123e+00	3.551029e-01	1.143342e+00
2.194876e+00	2.048256e+00	3.295850e-01	1.236023e+00
2.524107e+00	2.243034e+00	3.002642e-01	1.238899e+00
2.902723e+00	2.459964e+00	2.669716e-01	1.233786e+00
3.338132e+00	2.700565e+00	2.381221e-01	1.228185e+00
3.838852e+00	2.965067e+00	2.136092e-01	1.223009e+00
4.414679e+00	3.263202e+00	1.929900e-01	1.219258e+00
5.076881e+00	3.589607e+00	1.730315e-01	1.218005e+00
5.838413e+00	3.943154e+00	1.560985e-01	1.220479e+00
6.714175e+00	4.328025e+00	1.412029e-01	1.228015e+00
7.721302e+00	4.754514e+00	1.269089e-01	1.242084e+00
8.879497e+00	5.227233e+00	1.139802e-01	1.264306e+00
1.021142e+01	5.714488e+00	1.017484e-01	1.296456e+00
1.174313e+01	6.217171e+00	9.234986e-02	1.340464e+00
1.350460e+01	6.750027e+00	8.321634e-02	1.398401e+00
1.553030e+01	7.221365e+00	7.368283e-02	1.472484e+00
1.785984e+01	7.715680e+00	6.578924e-02	1.565075e+00
2.053882e+01	8.185387e+00	5.853285e-02	1.678756e+00
2.361964e+01	8.608186e+00	5.276989e-02	1.816400e+00
2.716258e+01	9.022459e+00	4.733592e-02	1.981314e+00
3.123697e+01	9.322300e+00	4.174408e-02	2.177429e+00
3.592252e+01	9.617848e+00	3.712196e-02	2.409517e+00
4.131089e+01	9.860278e+00	3.290128e-02	2.683473e+00
4.750753e+01	1.004100e+01	2.923732e-02	3.006614e+00
5.463366e+01	1.019594e+01	2.599313e-02	3.388050e+00
6.282871e+01	1.023046e+01	2.306101e-02	3.839138e+00
7.225301e+01	1.026015e+01	2.060481e-02	4.374052e+00
8.309096e+01	1.027815e+01	1.823139e-02	5.010318e+00
9.555461e+01	1.022879e+01	1.615717e-02	5.770428e+00
1.098878e+02	1.088149e+01	1.444314e-02	6.680586e+00
1.263710e+02	1.048990e+01	1.293180e-02	7.791015e+00
1.453266e+02	1.005640e+01	1.141929e-02	9.143230e+00
1.671256e+02	9.593186e+00	1.006843e-02	1.078920e+01
1.921945e+02	9.098632e+00	8.873916e-03	1.280876e+01
2.210236e+02	8.675844e+00	7.908153e-03	1.527509e+01
2.541772e+02	8.215764e+00	7.051897e-03	1.827838e+01
2.923037e+02	7.749176e+00	6.208567e-03	2.196559e+01
3.361493e+02	7.289511e+00	5.465886e-03	2.651446e+01
3.865717e+02	6.842069e+00	4.808236e-03	3.215115e+01
4.445574e+02	6.408027e+00	4.250540e-03	3.916573e+01
5.112411e+02	5.974736e+00	3.727090e-03	4.794167e+01
5.879272e+02	5.550628e+00	3.292776e-03	5.896766e+01
6.761163e+02	5.147915e+00	2.926639e-03	7.285393e+01
7.775337e+02	4.757558e+00	2.580806e-03	9.037908e+01
8.941638e+02	4.382212e+00	2.277825e-03	1.125752e+02
1.028288e+03	4.025918e+00	1.999588e-03	1.407638e+02
1.182532e+03	3.688568e+00	1.789687e-03	1.766362e+02
1.359911e+03	3.370312e+00	1.588439e-03	2.223834e+02
1.563898e+03	3.070751e+00	1.382836e-03	2.808370e+02
1.798483e+03	2.791114e+00	1.215442e-03	3.556405e+02
2.068255e+03	2.531691e+00	1.066661e-03	4.514704e+02
2.378493e+03	2.292763e+00	9.495292e-04	5.743298e+02
2.735268e+03	2.074237e+00	8.404601e-04	7.318961e+02
3.145558e+03	1.875260e+00	7.303602e-04	9.339642e+02
3.617391e+03	1.694320e+00	6.402537e-04	1.192996e+03
4.160000e+03	1.530526e+00	5.599996e-04	1.524788e+03
4.784000e+03	1.383453e+00	4.904109e-04	1.949290e+03
5.501600e+03	1.251759e+00	4.303583e-04	2.491586e+03
6.326840e+03	1.133981e+00	3.770581e-04	3.183059e+03
7.275866e+03	1.029109e+00	3.325062e-04	4.062795e+03
8.367246e+03	9.360682e-01	2.902580e-04	5.179200e+03
9.622333e+03	8.535226e-01	2.535491e-04	6.591843e+03
