# Energy_MeV	dEdx_Elec_MeV_um	dEdx_Nucl_MeV_um	Range_um
1.000000e-05	9.045896e-03	6.287328e-02	2.210947e-03
1.150000e-05	9.700643e-03	6.946839e-02	2.370977e-03
1.322500e-05	1.040278e-02	7.674457e-02	2.542589e-03
1.520875e-05	1.115574e-02	8.476805e-02	2.726623e-03
1.749006e-05	1.196320e-02	9.360478e-02	2.923978e-03
2.011357e-05	1.282910e-02	1.029388e-01	3.135617e-03
2.313061e-05	1.375768e-02	1.132400e-01	3.362575e-03
2.660020e-05	1.475346e-02	1.250058e-01	3.605960e-03
3.059023e-05	1.582133e-02	1.374101e-01	3.866961e-03
3.517876e-05	1.696648e-02	1.511687e-01	4.146853e-03
4.045558e-05	1.819453e-02	1.655897e-01	4.447005e-03
4.652391e-05	1.951146e-02	1.814145e-01	4.768881e-03
5.350250e-05	2.092371e-02	1.994193e-01	5.114056e-03
6.152788e-05	2.243818e-02	2.182453e-01	5.484214e-03
7.075706e-05	2.406226e-02	2.390460e-01	5.881164e-03
8.137062e-05	2.580390e-02	2.611338e-01	6.306846e-03
9.357621e-05	2.767160e-02	2.850887e-01	6.763339e-03
1.076126e-04	2.967449e-02	3.110397e-01	7.252873e-03
1.237545e-04	3.182234e-02	3.381690e-01	7.777839e-03
1.423177e-04	3.412566e-02	3.683212e-01	8.340804e-03
1.636654e-04	3.659569e-02	4.000183e-01	8.944515e-03
1.882152e-04	3.924451e-02	4.334838e-01	9.591924e-03
2.164475e-04	4.208505e-02	4.685488e-01	1.028619e-02
2.489146e-04	4.513119e-02	5.073788e-01	1.103071e-02
2.862518e-04	4.839781e-02	5.490901e-01	1.182912e-02
3.291895e-04	5.190086e-02	5.925716e-01	1.268532e-02
3.785680e-04	5.565748e-02	6.377865e-01	1.360349e-02
4.353531e-04	5.968599e-02	6.842737e-01	1.458812e-02
5.006561e-04	6.400610e-02	7.353590e-01	1.564401e-02
5.757545e-04	6.863889e-02	7.893028e-01	1.677634e-02
6.621177e-04	7.360701e-02	8.446850e-01	1.799062e-02
7.614354e-04	7.893473e-02	9.023416e-01	1.929279e-02
8.756507e-04	8.464806e-02	9.627232e-01	2.068921e-02
1.006998e-03	9.077494e-02	1.023580e+00	2.218670e-02
1.158048e-03	9.734527e-02	1.084785e+00	2.379259e-02
1.331755e-03	1.043912e-01	1.148310e+00	2.551471e-02
1.531519e-03	1.119471e-01	1.213586e+00	2.736148e-02
1.761246e-03	1.200499e-01	1.280529e+00	2.934192e-02
2.025433e-03	1.287391e-01	1.341214e+00	3.146570e-02
2.329248e-03	1.380573e-01	1.403846e+00	3.374320e-02
2.678635e-03	1.480500e-01	1.473756e+00	3.618555e-02
3.080431e-03	1.587659e-01	1.536746e+00	3.880468e-02
3.542495e-03	1.702575e-01	1.601313e+00	4.161339e-02
4.073870e-03	1.825808e-01	1.656900e+00	4.462539e-02
4.684950e-03	1.957961e-01	1.712321e+00	4.785539e-02
5.387693e-03	2.099679e-01	1.773230e+00	5.131919e-02
6.195847e-03	2.251655e-01	1.825362e+00	5.503370e-02
7.125224e-03	2.414631e-01	1.876754e+00	5.898858e-02
8.194007e-03	2.589404e-01	1.922380e+00	6.327869e-02
9.423108e-03	2.776826e-01	1.964709e+00	6.787149e-02
1.083657e-02	2.977814e-01	2.003888e+00	7.278373e-02
1.246206e-02	3.193350e-01	2.036422e+00	7.805170e-02
1.433137e-02	3.424486e-01	2.068840e+00	8.370109e-02
1.648108e-02	3.672352e-01	2.095576e+00	8.975927e-02
1.895324e-02	3.938159e-01	2.117051e+00	9.625596e-02
2.179622e-02	4.223205e-01	2.133569e+00	1.032229e-01
2.506566e-02	4.528883e-01	2.149134e+00	1.106941e-01
2.882550e-02	4.856686e-01	2.161395e+00	1.187061e-01
3.314933e-02	5.208216e-01	2.167863e+00	1.272980e-01
3.812173e-02	5.585189e-01	2.169063e+00	1.365117e-01
4.383999e-02	5.989448e-01	2.164777e+00	1.463924e-01
5.041599e-02	6.422967e-01	2.157525e+00	1.569883e-01
5.797838e-02	6.887865e-01	2.145660e+00	1.683511e-01
6.667514e-02	7.386413e-01	2.127660e+00	1.805362e-01
7.667641e-02	7.921045e-01	2.104281e+00	1.936034e-01
8.817787e-02	8.494374e-01	2.075536e+00	2.076164e-01
1.014046e-01	9.109202e-01	2.041212e+00	2.226437e-01
1.166152e-01	9.768531e-01	2.001745e+00	2.387587e-01
1.341075e-01	1.047558e+00	1.956624e+00	2.560400e-01
1.542237e-01	1.123381e+00	1.906562e+00	2.745721e-01
1.773572e-01	1.204692e+00	1.851254e+00	2.944457e-01
2.039608e-01	1.291888e+00	1.794988e+00	3.157578e-01
2.345549e-01	1.385396e+00	1.733293e+00	3.386124e-01
2.697381e-01	1.485671e+00	1.663925e+00	3.631211e-01
3.101989e-01	1.593205e+00	1.595282e+00	3.894039e-01
3.567287e-01	1.708522e+00	1.522079e+00	4.175891e-01
4.102380e-01	1.832186e+00	1.453332e+00	4.478143e-01
4.717737e-01	1.964800e+00	1.381384e+00	4.802274e-01
5.425397e-01	2.107014e+00	1.301953e+00	5.149856e-01
6.239207e-01	2.259520e+00	1.227984e+00	5.522603e-01
7.175088e-01	2.416627e+00	1.152037e+00	5.922441e-01
8.251351e-01	2.566644e+00	1.079556e+00	6.354220e-01
9.489054e-01	2.724047e+00	1.008572e+00	6.822049e-01
1.091241e+00	2.888518e+00	9.389430e-01	7.329153e-01
1.254927e+00	1.538341e+00	8.749022e-01	7.879421e-01
1.443166e+00	1.649768e+00	8.087189e-01	8.477292e-01
1.659641e+00	1.769261e+00	7.470482e-01	9.127917e-01
1.908588e+00	1.905174e+00	6.910275e-01	9.837381e-01
2.194876e+00	2.064310e+00	6.395742e-01	1.061295e+00
2.524107e+00	2.258443e+00	5.855699e-01	1.146343e+00
2.902723e+00	2.473043e+00	5.382333e-01	1.239961e+00
3.338132e+00	2.709871e+00	5.016162e-01	1.343490e+00
3.838852e+00	2.963299e+00	4.652477e-01	1.458618e+00
4.414679e+00	3.246368e+00	4.237626e-01	1.484569e+00
5.076881e+00	3.551947e+00	3.763925e-01	1.449151e+00
5.838413e+00	3.887556e+00	3.348488e-01	1.417402e+00
6.714175e+00	4.259146e+00	3.013211e-01	1.390500e+00
7.721302e+00	4.650595e+00	2.717423e-01	1.369643e+00
8.879497e+00	5.093074e+00	2.439919e-01	1.356075e+00
1.021142e+01	5.591646e+00	2.200370e-01	1.351075e+00
1.174313e+01	6.135244e+00	1.989378e-01	1.356041e+00
1.350460e+01	6.739071e+00	1.789566e-01	1.372432e+00
1.553030e+01	7.360101e+00	1.604776e-01	1.401774e+00
1.785984e+01	8.033403e+00	1.434055e-01	1.445654e+00
2.053882e+01	8.717443e+00	1.301661e-01	1.505725e+00
2.361964e+01	9.421776e+00	1.173677e-01	1.583733e+00
2.716258e+01	1.018360e+01	1.037094e-01	1.681571e+00
3.123697e+01	1.083445e+01	9.267362e-02	1.801374e+00
3.592252e+01	1.149382e+01	8.243153e-02	1.945638e+00
4.131089e+01	1.208483e+01	7.432695e-02	2.117412e+00
4.750753e+01	1.260501e+01	6.674534e-02	2.320455e+00
5.463366e+01	1.311995e+01	5.872953e-02	2.559450e+00
6.282871e+01	1.348666e+01	5.227709e-02	2.840248e+00
7.225301e+01	1.379697e+01	4.632905e-02	3.170127e+00
8.309096e+01	1.399004e+01	4.116248e-02	3.558137e+00
9.555461e+01	1.417184e+01	3.659589e-02	4.015522e+00
1.098878e+02	1.434532e+01	3.247368e-02	4.556150e+00
1.263710e+02	1.437499e+01	2.902407e-02	5.196892e+00
1.453266e+02	1.574673e+01	2.567070e-02	5.962103e+00
1.671256e+02	1.534206e+01	2.274883e-02	6.891173e+00
1.921945e+02	1.485471e+01	2.032567e-02	8.007080e+00
2.210236e+02	1.431234e+01	1.823288e-02	9.359775e+00
2.541772e+02	1.376565e+01	1.608769e-02	1.100075e+01
2.923037e+02	1.323390e+01	1.415425e-02	1.297828e+01
3.361493e+02	1.264414e+01	1.250850e-02	1.536715e+01
3.865717e+02	1.204432e+01	1.111883e-02	1.827447e+01
4.445574e+02	1.144601e+01	9.946041e-03	2.182982e+01
5.112411e+02	1.086525e+01	8.744699e-03	2.619602e+01
5.879272e+02	1.028280e+01	7.682027e-03	3.158470e+01
6.761163e+02	9.691593e+00	6.776731e-03	3.827168e+01
7.775337e+02	9.105073e+00	5.975976e-03	4.660075e+01
8.941638e+02	8.536424e+00	5.249844e-03	5.699840e+01
1.028288e+03	7.973171e+00	4.635901e-03	7.001797e+01
1.182532e+03	7.421120e+00	4.118055e-03	8.638503e+01
1.359911e+03	6.890091e+00	3.635845e-03	1.070202e+02
1.563898e+03	6.375903e+00	3.202665e-03	1.331024e+02
1.798483e+03	5.879183e+00	2.815618e-03	1.661623e+02
2.068255e+03	5.404577e+00	2.520212e-03	2.081694e+02
2.378493e+03	4.955502e+00	2.238801e-03	2.616557e+02
2.735268e+03	4.533604e+00	1.943989e-03	3.298728e+02
3.145558e+03	4.139294e+00	1.710461e-03	4.169940e+02
3.617391e+03	3.771234e+00	1.500748e-03	5.283583e+02
4.160000e+03	3.430138e+00	1.336308e-03	6.707833e+02
4.784000e+03	3.117722e+00	1.184341e-03	8.529468e+02
5.501600e+03	2.832492e+00	1.026462e-03	1.085855e+03
6.326840e+03	2.572302e+00	9.008323e-04	1.383410e+03
7.275866e+03	2.337343e+00	7.878562e-04	1.763083e+03
8.367246e+03	2.126608e+00	6.898592e-04	2.246724e+03
9.622333e+03	1.937305e+00	6.053445e-04	2.861509e+03
