# Energy_MeV	dEdx_Elec_MeV_um	dEdx_Nucl_MeV_um	Range_um
1.000000e-05	8.697601e-03	5.943057e-02	2.299485e-03
1.150000e-05	9.327138e-03	6.576485e-02	2.465923e-03
1.322500e-05	1.000224e-02	7.275409e-02	2.644407e-03
1.520875e-05	1.072621e-02	8.032363e-02	2.835811e-03
1.749006e-05	1.150258e-02	8.879415e-02	3.041068e-03
2.011357e-05	1.233514e-02	9.799004e-02	3.261183e-03
2.313061e-05	1.322796e-02	1.079290e-01	3.497229e-03
2.660020e-05	1.418541e-02	1.186768e-01	3.750360e-03
3.059023e-05	1.521216e-02	1.308204e-01	4.021813e-03
3.517876e-05	1.631322e-02	1.440887e-01	4.312914e-03
4.045558e-05	1.749398e-02	1.584151e-01	4.625085e-03
4.652391e-05	1.876021e-02	1.738737e-01	4.959851e-03
5.350250e-05	2.011808e-02	1.904038e-01	5.318848e-03
6.152788e-05	2.157424e-02	2.090587e-01	5.703829e-03
7.075706e-05	2.313579e-02	2.292416e-01	6.116675e-03
8.137062e-05	2.481037e-02	2.508977e-01	6.559403e-03
9.357621e-05	2.660616e-02	2.744229e-01	7.034176e-03
1.076126e-04	2.853193e-02	2.999628e-01	7.543313e-03
1.237545e-04	3.059708e-02	3.271333e-01	8.089302e-03
1.423177e-04	3.281172e-02	3.560194e-01	8.674810e-03
1.636654e-04	3.518665e-02	3.874010e-01	9.302698e-03
1.882152e-04	3.773348e-02	4.212830e-01	9.976032e-03
2.164475e-04	4.046464e-02	4.576736e-01	1.069810e-02
2.489146e-04	4.339350e-02	4.944394e-01	1.147244e-02
2.862518e-04	4.653434e-02	5.346514e-01	1.230282e-02
3.291895e-04	4.990252e-02	5.799012e-01	1.319330e-02
3.785680e-04	5.351449e-02	6.257090e-01	1.414824e-02
4.353531e-04	5.738790e-02	6.750924e-01	1.517230e-02
5.006561e-04	6.154167e-02	7.241354e-01	1.627048e-02
5.757545e-04	6.599609e-02	7.770314e-01	1.744814e-02
6.621177e-04	7.077292e-02	8.360461e-01	1.871105e-02
7.614354e-04	7.589550e-02	8.946901e-01	2.006536e-02
8.756507e-04	8.138885e-02	9.571279e-01	2.151771e-02
1.006998e-03	8.727982e-02	1.020670e+00	2.307517e-02
1.158048e-03	9.359718e-02	1.086341e+00	2.474536e-02
1.331755e-03	1.003718e-01	1.153795e+00	2.653644e-02
1.531519e-03	1.076368e-01	1.220855e+00	2.845717e-02
1.761246e-03	1.154276e-01	1.292266e+00	3.051691e-02
2.025433e-03	1.237823e-01	1.363149e+00	3.272574e-02
2.329248e-03	1.327417e-01	1.431635e+00	3.509445e-02
2.678635e-03	1.423496e-01	1.498233e+00	3.763460e-02
3.080431e-03	1.526530e-01	1.571274e+00	4.035861e-02
3.542495e-03	1.637021e-01	1.643267e+00	4.327979e-02
4.073870e-03	1.755509e-01	1.711672e+00	4.641241e-02
4.684950e-03	1.882574e-01	1.776587e+00	4.977176e-02
5.387693e-03	2.018835e-01	1.836008e+00	5.337427e-02
6.195847e-03	2.164960e-01	1.900506e+00	5.723752e-02
7.125224e-03	2.321661e-01	1.961229e+00	6.138041e-02
8.194007e-03	2.489704e-01	2.016301e+00	6.580248e-02
9.423108e-03	2.669910e-01	2.068611e+00	7.057499e-02
1.083657e-02	2.863159e-01	2.117330e+00	7.569905e-02
1.246206e-02	3.070396e-01	2.160388e+00	8.117721e-02
1.433137e-02	3.292633e-01	2.197709e+00	8.705297e-02
1.648108e-02	3.530956e-01	2.232635e+00	9.335383e-02
1.895324e-02	3.786528e-01	2.264233e+00	1.001107e-01
2.179622e-02	4.060599e-01	2.291112e+00	1.073566e-01
2.506566e-02	4.354507e-01	2.309696e+00	1.151270e-01
2.882550e-02	4.669689e-01	2.326049e+00	1.234598e-01
3.314933e-02	5.007683e-01	2.342578e+00	1.323958e-01
3.812173e-02	5.370142e-01	2.351013e+00	1.419785e-01
4.383999e-02	5.758836e-01	2.355087e+00	1.522548e-01
5.041599e-02	6.175663e-01	2.351893e+00	1.632749e-01
5.797838e-02	6.622661e-01	2.344553e+00	1.750928e-01
6.667514e-02	7.102013e-01	2.334577e+00	1.877660e-01
7.667641e-02	7.616060e-01	2.317064e+00	2.013564e-01
8.817787e-02	8.167315e-01	2.293869e+00	2.159305e-01
1.014046e-01	8.758469e-01	2.264650e+00	2.315595e-01
1.166152e-01	9.392412e-01	2.229502e+00	2.483199e-01
1.341075e-01	1.007224e+00	2.188692e+00	2.662933e-01
1.542237e-01	1.080127e+00	2.142065e+00	2.855676e-01
1.773572e-01	1.158308e+00	2.089272e+00	3.062369e-01
2.039608e-01	1.242147e+00	2.031635e+00	3.284023e-01
2.345549e-01	1.332054e+00	1.970804e+00	3.521722e-01
2.697381e-01	1.428468e+00	1.906359e+00	3.776626e-01
3.101989e-01	1.531862e+00	1.833661e+00	4.049978e-01
3.567287e-01	1.642739e+00	1.758549e+00	4.343115e-01
4.102380e-01	1.761641e+00	1.681399e+00	4.657471e-01
4.717737e-01	1.889150e+00	1.604343e+00	4.994580e-01
5.425397e-01	2.025887e+00	1.528481e+00	5.356093e-01
6.239207e-01	2.172522e+00	1.444025e+00	5.743755e-01
7.175088e-01	2.329770e+00	1.361294e+00	6.159518e-01
8.251351e-01	2.495139e+00	1.280490e+00	6.605311e-01
9.489054e-01	2.650267e+00	1.200058e+00	7.086191e-01
1.091241e+00	2.813117e+00	1.121031e+00	7.607217e-01
1.254927e+00	2.983394e+00	1.045046e+00	8.171869e-01
1.443166e+00	3.160523e+00	9.744028e-01	8.784501e-01
1.659641e+00	1.679061e+00	9.035619e-01	9.449992e-01
1.908588e+00	1.800666e+00	8.346117e-01	1.017402e+00
2.194876e+00	1.937245e+00	7.695082e-01	1.096327e+00
2.524107e+00	2.096320e+00	7.137134e-01	1.182572e+00
2.902723e+00	2.292251e+00	6.576937e-01	1.277099e+00
3.338132e+00	2.511698e+00	5.994961e-01	1.381090e+00
3.838852e+00	2.751211e+00	5.573361e-01	1.496007e+00
4.414679e+00	3.010672e+00	5.197808e-01	1.623686e+00
5.076881e+00	3.300336e+00	4.768973e-01	1.765720e+00
5.838413e+00	3.608753e+00	4.280370e-01	1.715645e+00
6.714175e+00	3.951008e+00	3.774476e-01	1.670345e+00
7.721302e+00	4.324306e+00	3.392245e-01	1.631132e+00
8.879497e+00	4.721542e+00	3.055955e-01	1.599314e+00
1.021142e+01	5.165610e+00	2.753522e-01	1.576232e+00
1.174313e+01	5.664429e+00	2.482234e-01	1.563275e+00
1.350460e+01	6.216387e+00	2.236390e-01	1.561863e+00
1.553030e+01	6.823218e+00	2.020272e-01	1.573573e+00
1.785984e+01	7.462447e+00	1.808952e-01	1.600005e+00
2.053882e+01	8.164144e+00	1.620253e-01	1.642826e+00
2.361964e+01	8.867368e+00	1.462628e-01	1.703766e+00
2.716258e+01	9.614642e+00	1.324994e-01	1.784640e+00
3.123697e+01	1.041143e+01	1.176878e-01	1.887413e+00
3.592252e+01	1.113159e+01	1.045995e-01	2.014293e+00
4.131089e+01	1.187161e+01	9.338257e-02	2.167874e+00
4.750753e+01	1.250934e+01	8.363280e-02	2.351279e+00
5.463366e+01	1.310783e+01	7.548399e-02	2.568430e+00
6.282871e+01	1.368744e+01	6.666554e-02	2.824192e+00
7.225301e+01	1.411435e+01	5.907211e-02	3.124655e+00
8.309096e+01	1.450452e+01	5.254693e-02	3.477417e+00
9.555461e+01	1.472978e+01	4.660442e-02	3.891912e+00
1.098878e+02	1.495276e+01	4.134997e-02	4.379878e+00
1.263710e+02	1.518637e+01	3.667470e-02	4.955691e+00
1.453266e+02	1.524397e+01	3.280543e-02	5.637365e+00
1.671256e+02	1.675903e+01	2.911762e-02	6.448066e+00
1.921945e+02	1.637165e+01	2.577552e-02	7.430630e+00
2.210236e+02	1.589987e+01	2.287822e-02	8.610759e+00
2.541772e+02	1.536805e+01	2.055940e-02	1.003627e+01
2.923037e+02	1.479783e+01	1.833940e-02	1.176412e+01
3.361493e+02	1.426931e+01	1.603349e-02	1.384480e+01
3.865717e+02	1.366548e+01	1.419111e-02	1.635028e+01
4.445574e+02	1.304502e+01	1.253837e-02	1.939204e+01
5.112411e+02	1.242365e+01	1.122279e-02	2.310264e+01
5.879272e+02	1.181492e+01	9.982655e-03	2.764876e+01
6.761163e+02	1.121316e+01	8.711466e-03	3.324514e+01
7.775337e+02	1.059536e+01	7.696653e-03	4.017303e+01
8.941638e+02	9.976468e+00	6.774032e-03	4.878395e+01
1.028288e+03	9.377651e+00	5.968052e-03	5.951225e+01
1.182532e+03	8.780826e+00	5.268923e-03	7.291599e+01
1.359911e+03	8.193140e+00	4.659270e-03	8.973115e+01
1.563898e+03	7.624843e+00	4.134470e-03	1.108909e+02
1.798483e+03	7.072854e+00	3.633775e-03	1.375876e+02
2.068255e+03	6.537362e+00	3.196387e-03	1.713673e+02
2.378493e+03	6.022744e+00	2.844015e-03	2.142208e+02
2.735268e+03	5.534012e+00	2.542482e-03	2.687075e+02
3.145558e+03	5.073098e+00	2.216225e-03	3.381128e+02
3.617391e+03	4.640769e+00	1.940310e-03	4.266557e+02
4.160000e+03	4.235664e+00	1.706516e-03	5.397354e+02
4.784000e+03	3.858373e+00	1.508779e-03	6.842502e+02
5.501600e+03	3.511615e+00	1.346561e-03	8.689874e+02
6.326840e+03	3.194318e+00	1.169246e-03	1.105102e+03
7.275866e+03	2.903825e+00	1.023111e-03	1.406695e+03
8.367246e+03	2.640459e+00	8.970744e-04	1.791513e+03
9.622333e+03	2.403853e+00	7.848454e-04	2.281765e+03
