# Energy_MeV	dEdx_Elec_MeV_um	dEdx_Nucl_MeV_um	Range_um
1.000000e-05	8.230958e-03	6.139064e-02	2.429851e-03
1.150000e-05	8.826719e-03	6.776265e-02	2.605725e-03
1.322500e-05	9.465601e-03	7.490914e-02	2.794329e-03
1.520875e-05	1.015073e-02	8.268001e-02	2.996584e-03
1.749006e-05	1.088544e-02	9.113969e-02	3.213478e-03
2.011357e-05	1.167334e-02	1.002257e-01	3.446071e-03
2.313061e-05	1.251826e-02	1.103782e-01	3.695500e-03
2.660020e-05	1.342434e-02	1.216609e-01	3.962982e-03
3.059023e-05	1.439600e-02	1.337807e-01	4.249824e-03
3.517876e-05	1.543799e-02	1.469388e-01	4.557429e-03
4.045558e-05	1.655540e-02	1.609513e-01	4.887298e-03
4.652391e-05	1.775368e-02	1.765453e-01	5.241043e-03
5.350250e-05	1.903871e-02	1.937428e-01	5.620393e-03
6.152788e-05	2.041674e-02	2.120909e-01	6.027200e-03
7.075706e-05	2.189451e-02	2.320445e-01	6.463452e-03
8.137062e-05	2.347925e-02	2.536380e-01	6.931280e-03
9.357621e-05	2.517869e-02	2.767290e-01	7.432970e-03
1.076126e-04	2.700113e-02	3.013515e-01	7.970972e-03
1.237545e-04	2.895549e-02	3.278720e-01	8.547915e-03
1.423177e-04	3.105130e-02	3.566780e-01	9.166618e-03
1.636654e-04	3.329881e-02	3.876167e-01	9.830102e-03
1.882152e-04	3.570900e-02	4.192386e-01	1.054161e-02
2.164475e-04	3.829364e-02	4.530824e-01	1.130462e-02
2.489146e-04	4.106535e-02	4.915836e-01	1.212285e-02
2.862518e-04	4.403768e-02	5.307002e-01	1.300031e-02
3.291895e-04	4.722515e-02	5.727107e-01	1.394128e-02
3.785680e-04	5.064333e-02	6.150513e-01	1.495036e-02
4.353531e-04	5.430893e-02	6.596169e-01	1.603247e-02
5.006561e-04	5.823983e-02	7.102784e-01	1.719291e-02
5.757545e-04	6.245526e-02	7.602453e-01	1.843734e-02
6.621177e-04	6.697581e-02	8.136082e-01	1.977185e-02
7.614354e-04	7.182355e-02	8.679605e-01	2.120294e-02
8.756507e-04	7.702218e-02	9.243792e-01	2.273762e-02
1.006998e-03	8.259709e-02	9.831484e-01	2.438339e-02
1.158048e-03	8.857551e-02	1.039907e+00	2.614827e-02
1.331755e-03	9.498665e-02	1.101470e+00	2.804089e-02
1.531519e-03	1.018618e-01	1.162070e+00	3.007051e-02
1.761246e-03	1.092346e-01	1.222149e+00	3.224703e-02
2.025433e-03	1.171411e-01	1.279699e+00	3.458108e-02
2.329248e-03	1.256198e-01	1.340764e+00	3.708408e-02
2.678635e-03	1.347123e-01	1.403975e+00	3.976825e-02
3.080431e-03	1.444628e-01	1.463429e+00	4.264669e-02
3.542495e-03	1.549191e-01	1.520601e+00	4.573348e-02
4.073870e-03	1.661322e-01	1.572716e+00	4.904370e-02
4.684950e-03	1.781570e-01	1.626618e+00	5.259351e-02
5.387693e-03	1.910521e-01	1.680575e+00	5.640025e-02
6.195847e-03	2.048805e-01	1.728992e+00	6.048253e-02
7.125224e-03	2.197099e-01	1.774819e+00	6.486029e-02
8.194007e-03	2.356126e-01	1.817741e+00	6.955134e-02
9.423108e-03	2.526664e-01	1.855742e+00	7.459200e-02
1.083657e-02	2.709545e-01	1.889094e+00	7.998941e-02
1.246206e-02	2.905663e-01	1.919580e+00	8.577974e-02
1.433137e-02	3.115977e-01	1.947737e+00	9.198824e-02
1.648108e-02	3.341513e-01	1.972349e+00	9.864627e-02
1.895324e-02	3.583373e-01	1.989632e+00	1.057862e-01
2.179622e-02	3.842740e-01	2.003869e+00	1.134430e-01
2.506566e-02	4.120879e-01	2.019300e+00	1.216539e-01
2.882550e-02	4.419151e-01	2.027356e+00	1.304591e-01
3.314933e-02	4.739011e-01	2.032015e+00	1.399017e-01
3.812173e-02	5.082023e-01	2.030482e+00	1.500277e-01
4.383999e-02	5.449863e-01	2.024703e+00	1.608866e-01
5.041599e-02	5.844327e-01	2.017410e+00	1.725315e-01
5.797838e-02	6.267342e-01	2.003270e+00	1.850193e-01
6.667514e-02	6.720976e-01	1.984480e+00	1.984110e-01
7.667641e-02	7.207444e-01	1.960373e+00	2.127720e-01
8.817787e-02	7.729122e-01	1.931194e+00	2.281724e-01
1.014046e-01	8.288560e-01	1.897083e+00	2.446874e-01
1.166152e-01	8.888491e-01	1.858063e+00	2.623979e-01
1.341075e-01	9.531844e-01	1.813396e+00	2.813903e-01
1.542237e-01	1.022176e+00	1.764964e+00	3.017574e-01
1.773572e-01	1.096162e+00	1.712877e+00	3.235985e-01
2.039608e-01	1.175503e+00	1.658129e+00	3.470206e-01
2.345549e-01	1.260586e+00	1.597360e+00	3.721380e-01
2.697381e-01	1.351828e+00	1.532596e+00	3.990735e-01
3.101989e-01	1.449674e+00	1.466599e+00	4.279585e-01
3.567287e-01	1.554603e+00	1.399677e+00	4.589341e-01
4.102380e-01	1.667126e+00	1.334181e+00	4.921519e-01
4.717737e-01	1.787793e+00	1.263593e+00	5.277742e-01
5.425397e-01	1.917194e+00	1.191264e+00	5.659738e-01
6.239207e-01	2.055962e+00	1.121330e+00	6.069433e-01
7.175088e-01	2.204773e+00	1.051670e+00	6.508593e-01
8.251351e-01	2.344656e+00	9.825853e-01	6.981365e-01
9.489054e-01	2.489201e+00	9.170801e-01	7.493450e-01
1.091241e+00	2.640507e+00	8.551020e-01	8.048268e-01
1.254927e+00	2.798129e+00	7.941416e-01	8.650086e-01
1.443166e+00	2.961311e+00	7.340420e-01	9.303594e-01
1.659641e+00	1.575567e+00	6.757251e-01	1.001429e+00
1.908588e+00	1.693328e+00	6.268579e-01	1.078858e+00
2.194876e+00	1.832523e+00	5.791072e-01	1.163412e+00
2.524107e+00	2.001576e+00	5.261825e-01	1.256008e+00
2.902723e+00	2.198356e+00	4.888481e-01	1.357770e+00
3.338132e+00	2.409902e+00	4.563738e-01	1.470086e+00
3.838852e+00	2.644961e+00	4.203034e-01	1.594693e+00
4.414679e+00	2.903731e+00	3.794565e-01	1.574597e+00
5.076881e+00	3.185883e+00	3.337120e-01	1.546085e+00
5.838413e+00	3.502721e+00	2.999078e-01	1.520257e+00
6.714175e+00	3.846132e+00	2.696577e-01	1.498419e+00
7.721302e+00	4.224154e+00	2.435350e-01	1.481930e+00
8.879497e+00	4.640244e+00	2.195244e-01	1.472216e+00
1.021142e+01	5.106944e+00	1.972195e-01	1.470747e+00
1.174313e+01	5.631196e+00	1.786126e-01	1.479200e+00
1.350460e+01	6.190103e+00	1.598123e-01	1.499286e+00
1.553030e+01	6.787868e+00	1.435145e-01	1.532831e+00
1.785984e+01	7.436075e+00	1.292491e-01	1.581759e+00
2.053882e+01	8.058085e+00	1.170122e-01	1.648081e+00
2.361964e+01	8.726343e+00	1.046354e-01	1.733917e+00
2.716258e+01	9.392364e+00	9.283275e-02	1.841539e+00
3.123697e+01	1.002446e+01	8.281567e-02	1.973462e+00
3.592252e+01	1.065961e+01	7.406516e-02	2.132579e+00
4.131089e+01	1.116044e+01	6.673136e-02	2.322357e+00
4.750753e+01	1.166492e+01	5.936308e-02	2.547017e+00
5.463366e+01	1.210085e+01	5.247234e-02	2.811795e+00
6.282871e+01	1.246143e+01	4.665095e-02	3.123208e+00
7.225301e+01	1.279645e+01	4.140535e-02	3.489373e+00
8.309096e+01	1.294467e+01	3.662931e-02	3.920388e+00
9.555461e+01	1.309881e+01	3.257953e-02	4.428810e+00
1.098878e+02	1.324669e+01	2.908109e-02	5.030074e+00
1.263710e+02	1.329805e+01	2.587306e-02	5.743971e+00
1.453266e+02	1.446588e+01	2.291469e-02	6.593024e+00
1.671256e+02	1.407166e+01	2.021718e-02	7.622275e+00
1.921945e+02	1.360991e+01	1.819412e-02	8.867747e+00
2.210236e+02	1.310191e+01	1.628591e-02	1.037230e+01
2.541772e+02	1.253128e+01	1.421362e-02	1.220525e+01
2.923037e+02	1.204881e+01	1.259759e-02	1.442678e+01
3.361493e+02	1.150002e+01	1.108962e-02	1.710969e+01
3.865717e+02	1.093285e+01	9.935214e-03	2.037719e+01
4.445574e+02	1.036785e+01	8.872392e-03	2.437651e+01
5.112411e+02	9.813018e+00	7.727646e-03	2.929383e+01
5.879272e+02	9.272351e+00	6.834018e-03	3.536639e+01
6.761163e+02	8.722758e+00	6.006928e-03	4.290730e+01
7.775337e+02	8.175616e+00	5.306460e-03	5.231361e+01
8.941638e+02	7.648848e+00	4.684711e-03	6.407768e+01
1.028288e+03	7.130297e+00	4.125454e-03	7.882448e+01
1.182532e+03	6.623880e+00	3.670640e-03	9.738246e+01
1.359911e+03	6.136117e+00	3.223554e-03	1.208099e+02
1.563898e+03	5.667602e+00	2.843037e-03	1.504579e+02
1.798483e+03	5.218080e+00	2.522889e-03	1.880749e+02
2.068255e+03	4.788345e+00	2.252936e-03	2.359203e+02
2.378493e+03	4.382390e+00	1.980324e-03	2.969011e+02
2.735268e+03	4.001494e+00	1.728566e-03	3.747498e+02
3.145558e+03	3.646546e+00	1.519355e-03	4.742618e+02
3.617391e+03	3.317159e+00	1.341076e-03	6.015767e+02
4.160000e+03	3.012700e+00	1.194058e-03	7.645385e+02
4.784000e+03	2.733553e+00	1.045909e-03	9.731410e+02
5.501600e+03	2.479222e+00	9.114421e-04	1.240072e+03
6.326840e+03	2.248201e+00	7.994140e-04	1.581376e+03
7.275866e+03	2.039461e+00	6.998875e-04	2.017250e+03
8.367246e+03	1.852207e+00	6.099693e-04	2.572988e+03
9.622333e+03	1.684550e+00	5.357510e-04	3.280114e+03
