# Energy_MeV	dEdx_Elec_MeV_um	dEdx_Nucl_MeV_um	Range_um
1.000000e-05	9.294601e-03	4.933545e-02	2.151787e-03
1.150000e-05	9.967349e-03	5.464787e-02	2.307534e-03
1.322500e-05	1.068879e-02	6.062791e-02	2.474555e-03
1.520875e-05	1.146245e-02	6.739495e-02	2.653665e-03
1.749006e-05	1.229211e-02	7.466146e-02	2.845738e-03
2.011357e-05	1.318182e-02	8.279799e-02	3.051714e-03
2.313061e-05	1.413593e-02	9.163186e-02	3.272599e-03
2.660020e-05	1.515909e-02	1.014193e-01	3.509471e-03
3.059023e-05	1.625631e-02	1.121397e-01	3.763489e-03
3.517876e-05	1.743296e-02	1.237900e-01	4.035892e-03
4.045558e-05	1.869476e-02	1.368570e-01	4.328012e-03
4.652391e-05	2.004790e-02	1.510039e-01	4.641276e-03
5.350250e-05	2.149898e-02	1.663118e-01	4.977214e-03
6.152788e-05	2.305508e-02	1.827810e-01	5.337467e-03
7.075706e-05	2.472382e-02	2.016122e-01	5.723796e-03
8.137062e-05	2.651335e-02	2.219862e-01	6.138087e-03
9.357621e-05	2.843240e-02	2.439961e-01	6.582365e-03
1.076126e-04	3.049035e-02	2.677416e-01	7.058800e-03
1.237545e-04	3.269726e-02	2.930520e-01	7.569720e-03
1.423177e-04	3.506390e-02	3.219732e-01	8.117621e-03
1.636654e-04	3.760184e-02	3.528843e-01	8.705178e-03
1.882152e-04	4.032348e-02	3.861557e-01	9.335264e-03
2.164475e-04	4.324212e-02	4.223099e-01	1.001095e-02
2.489146e-04	4.637201e-02	4.613444e-01	1.073555e-02
2.862518e-04	4.972844e-02	5.031628e-01	1.151260e-02
3.291895e-04	5.332781e-02	5.473747e-01	1.234589e-02
3.785680e-04	5.718770e-02	5.956819e-01	1.323949e-02
4.353531e-04	6.132698e-02	6.476346e-01	1.419777e-02
5.006561e-04	6.576586e-02	7.029904e-01	1.522541e-02
5.757545e-04	7.052603e-02	7.591567e-01	1.632743e-02
6.621177e-04	7.563074e-02	8.213320e-01	1.750922e-02
7.614354e-04	8.110493e-02	8.906279e-01	1.877655e-02
8.756507e-04	8.697535e-02	9.603438e-01	2.013561e-02
1.006998e-03	9.327067e-02	1.035880e+00	2.159303e-02
1.158048e-03	1.000217e-01	1.110314e+00	2.315595e-02
1.331755e-03	1.072613e-01	1.192125e+00	2.483199e-02
1.531519e-03	1.150249e-01	1.282306e+00	2.662934e-02
1.761246e-03	1.233505e-01	1.371116e+00	2.855678e-02
2.025433e-03	1.322786e-01	1.466860e+00	3.062374e-02
2.329248e-03	1.418530e-01	1.563480e+00	3.284030e-02
2.678635e-03	1.521204e-01	1.664232e+00	3.521730e-02
3.080431e-03	1.631310e-01	1.765835e+00	3.776635e-02
3.542495e-03	1.749385e-01	1.867553e+00	4.049990e-02
4.073870e-03	1.876006e-01	1.976822e+00	4.343130e-02
4.684950e-03	2.011793e-01	2.084010e+00	4.657488e-02
5.387693e-03	2.157407e-01	2.187886e+00	4.994599e-02
6.195847e-03	2.313562e-01	2.287757e+00	5.356111e-02
7.125224e-03	2.481018e-01	2.400825e+00	5.743789e-02
8.194007e-03	2.660596e-01	2.508649e+00	6.159528e-02
9.423108e-03	2.853171e-01	2.611782e+00	6.605358e-02
1.083657e-02	3.059685e-01	2.708886e+00	7.083457e-02
1.246206e-02	3.281147e-01	2.797359e+00	7.595435e-02
1.433137e-02	3.518638e-01	2.897059e+00	8.144734e-02
1.648108e-02	3.773319e-01	2.986793e+00	8.735890e-02
1.895324e-02	4.046434e-01	3.069512e+00	9.368040e-02
2.179622e-02	4.339317e-01	3.147590e+00	1.004615e-01
2.506566e-02	4.653399e-01	3.219449e+00	1.077327e-01
2.882550e-02	4.990214e-01	3.284013e+00	1.155303e-01
3.314933e-02	5.351409e-01	3.338898e+00	1.238923e-01
3.812173e-02	5.738746e-01	3.391573e+00	1.328595e-01
4.383999e-02	6.154120e-01	3.437986e+00	1.424758e-01
5.041599e-02	6.599558e-01	3.476664e+00	1.527881e-01
5.797838e-02	7.077238e-01	3.503084e+00	1.638469e-01
6.667514e-02	7.589492e-01	3.528039e+00	1.757061e-01
7.667641e-02	8.138823e-01	3.552031e+00	1.884235e-01
8.817787e-02	8.727916e-01	3.562569e+00	2.020616e-01
1.014046e-01	9.359647e-01	3.567800e+00	2.166868e-01
1.166152e-01	1.003710e+00	3.560876e+00	2.323706e-01
1.341075e-01	1.076359e+00	3.549297e+00	2.491895e-01
1.542237e-01	1.154267e+00	3.532827e+00	2.672257e-01
1.773572e-01	1.237813e+00	3.504110e+00	2.865675e-01
2.039608e-01	1.327407e+00	3.467774e+00	3.073093e-01
2.345549e-01	1.423485e+00	3.421694e+00	3.295524e-01
2.697381e-01	1.526518e+00	3.367024e+00	3.534054e-01
3.101989e-01	1.637008e+00	3.303569e+00	3.789848e-01
3.567287e-01	1.755496e+00	3.231331e+00	4.064158e-01
4.102380e-01	1.882559e+00	3.149806e+00	4.358323e-01
4.717737e-01	2.018820e+00	3.061169e+00	4.673779e-01
5.425397e-01	2.164943e+00	2.968005e+00	5.012067e-01
6.239207e-01	2.321643e+00	2.869389e+00	5.374841e-01
7.175088e-01	2.489685e+00	2.756723e+00	5.763874e-01
8.251351e-01	2.669889e+00	2.643015e+00	6.181069e-01
9.489054e-01	2.863137e+00	2.524961e+00	6.628442e-01
1.091241e+00	3.070373e+00	2.408876e+00	7.108256e-01
1.254927e+00	3.291546e+00	2.293901e+00	7.622632e-01
1.443166e+00	3.496410e+00	2.163216e+00	8.177030e-01
1.659641e+00	3.711552e+00	2.039787e+00	8.777668e-01
1.908588e+00	3.936612e+00	1.916616e+00	9.428517e-01
2.194876e+00	4.170872e+00	1.795760e+00	1.013460e+00
2.524107e+00	4.413136e+00	1.677054e+00	1.090149e+00
2.902723e+00	4.661581e+00	1.562122e+00	1.173568e+00
3.338132e+00	4.913594e+00	1.456681e+00	1.264482e+00
3.838852e+00	5.165581e+00	1.348496e+00	1.363798e+00
4.414679e+00	2.734102e+00	1.245668e+00	1.472615e+00
5.076881e+00	3.002742e+00	1.148800e+00	1.592273e+00
5.838413e+00	3.296224e+00	1.066483e+00	1.724435e+00
6.714175e+00	3.619050e+00	9.799882e-01	1.871185e+00
7.721302e+00	3.979132e+00	8.933716e-01	2.035158e+00
8.879497e+00	4.364583e+00	8.343688e-01	2.219720e+00
1.021142e+01	4.792738e+00	7.761904e-01	2.429192e+00
1.174313e+01	5.250899e+00	7.102585e-01	2.669155e+00
1.350460e+01	5.723338e+00	6.344367e-01	2.701950e+00
1.553030e+01	6.234351e+00	5.585739e-01	2.560375e+00
1.785984e+01	6.799390e+00	5.046184e-01	2.447107e+00
2.053882e+01	7.420862e+00	4.536282e-01	2.361231e+00
2.361964e+01	8.079052e+00	4.092979e-01	2.302148e+00
2.716258e+01	8.791278e+00	3.683223e-01	2.269539e+00
3.123697e+01	9.585756e+00	3.322095e-01	2.263324e+00
3.592252e+01	1.042058e+01	3.002732e-01	2.283581e+00
4.131089e+01	1.134917e+01	2.682764e-01	2.330694e+00
4.750753e+01	1.236788e+01	2.405282e-01	2.405241e+00
5.463366e+01	1.342026e+01	2.172237e-01	2.508137e+00
6.282871e+01	1.456197e+01	1.969015e-01	2.640754e+00
7.225301e+01	1.563633e+01	1.740487e-01	2.805076e+00
8.309096e+01	1.672947e+01	1.551009e-01	3.003856e+00
9.555461e+01	1.781082e+01	1.382643e-01	3.240800e+00
1.098878e+02	1.873969e+01	1.241494e-01	3.520747e+00
1.263710e+02	1.965133e+01	1.120621e-01	3.849843e+00
1.453266e+02	2.027434e+01	9.847693e-02	4.235881e+00
1.671256e+02	2.093385e+01	8.754271e-02	4.688538e+00
1.921945e+02	2.163652e+01	7.772826e-02	5.219602e+00
2.210236e+02	2.208318e+01	6.904386e-02	5.844093e+00
2.541772e+02	2.500316e+01	6.125586e-02	6.579708e+00
2.923037e+02	2.481849e+01	5.431449e-02	7.464288e+00
3.361493e+02	2.449119e+01	4.863439e-02	8.518572e+00
3.865717e+02	2.404502e+01	4.305528e-02	9.777308e+00
4.445574e+02	2.346080e+01	3.817964e-02	1.128796e+01
5.112411e+02	2.293630e+01	3.390614e-02	1.308714e+01
5.879272e+02	2.223535e+01	3.056533e-02	1.522466e+01
6.761163e+02	2.148395e+01	2.713081e-02	1.778654e+01
7.775337e+02	2.071379e+01	2.368177e-02	2.087170e+01
8.941638e+02	1.994901e+01	2.103632e-02	2.460313e+01
1.028288e+03	1.919970e+01	1.855242e-02	2.913692e+01
1.182532e+03	1.839796e+01	1.667980e-02	3.467724e+01
1.359911e+03	1.756451e+01	1.475747e-02	4.147654e+01
1.563898e+03	1.674619e+01	1.285753e-02	4.984145e+01
1.798483e+03	1.590462e+01	1.140300e-02	6.016010e+01
2.068255e+03	1.505318e+01	1.000795e-02	7.294492e+01
2.378493e+03	1.421029e+01	8.833261e-03	8.884011e+01
2.735268e+03	1.337038e+01	7.786293e-03	1.086613e+02
3.145558e+03	1.253263e+01	6.893222e-03	1.334605e+02
3.617391e+03	1.170584e+01	6.123598e-03	1.645869e+02
4.160000e+03	1.090234e+01	5.367241e-03	2.037682e+02
4.784000e+03	1.012552e+01	4.728386e-03	2.532141e+02
5.501600e+03	9.377999e+00	4.213607e-03	3.157572e+02
6.326840e+03	8.664463e+00	3.767164e-03	3.950180e+02
7.275866e+03	7.988111e+00	3.264411e-03	4.956218e+02
8.367246e+03	7.350576e+00	2.868778e-03	6.234643e+02
9.622333e+03	6.753604e+00	2.517970e-03	7.860413e+02
