# Energy_MeV	dEdx_Elec_MeV_um	dEdx_Nucl_MeV_um	Range_um
1.000000e-05	9.042735e-03	4.600514e-02	2.211720e-03
1.150000e-05	9.697253e-03	4.809623e-02	2.371806e-03
1.322500e-05	1.039915e-02	5.280464e-02	2.543478e-03
1.520875e-05	1.115184e-02	5.866897e-02	2.727576e-03
1.749006e-05	1.195902e-02	6.497253e-02	2.925000e-03
2.011357e-05	1.282462e-02	7.210237e-02	3.136713e-03
2.313061e-05	1.375287e-02	8.014959e-02	3.363750e-03
2.660020e-05	1.474831e-02	8.877140e-02	3.607220e-03
3.059023e-05	1.581580e-02	9.844661e-02	3.868312e-03
3.517876e-05	1.696056e-02	1.089399e-01	4.148303e-03
4.045558e-05	1.818817e-02	1.205698e-01	4.448559e-03
4.652391e-05	1.950464e-02	1.333087e-01	4.770548e-03
5.350250e-05	2.091640e-02	1.471430e-01	5.115843e-03
6.152788e-05	2.243034e-02	1.626808e-01	5.486131e-03
7.075706e-05	2.405386e-02	1.794796e-01	5.883220e-03
8.137062e-05	2.579489e-02	1.975969e-01	6.309050e-03
9.357621e-05	2.766193e-02	2.171982e-01	6.765703e-03
1.076126e-04	2.966412e-02	2.396471e-01	7.255408e-03
1.237545e-04	3.181122e-02	2.637587e-01	7.780558e-03
1.423177e-04	3.411374e-02	2.899460e-01	8.343719e-03
1.636654e-04	3.658291e-02	3.179999e-01	8.947642e-03
1.882152e-04	3.923080e-02	3.481077e-01	9.595277e-03
2.164475e-04	4.207034e-02	3.825791e-01	1.028979e-02
2.489146e-04	4.511542e-02	4.191257e-01	1.103457e-02
2.862518e-04	4.838090e-02	4.586935e-01	1.183326e-02
3.291895e-04	5.188273e-02	5.014831e-01	1.268975e-02
3.785680e-04	5.563803e-02	5.477996e-01	1.360824e-02
4.353531e-04	5.966514e-02	5.974019e-01	1.459322e-02
5.006561e-04	6.398373e-02	6.497123e-01	1.564948e-02
5.757545e-04	6.861491e-02	7.072173e-01	1.678220e-02
6.621177e-04	7.358129e-02	7.686574e-01	1.799690e-02
7.614354e-04	7.890715e-02	8.341504e-01	1.929953e-02
8.756507e-04	8.461849e-02	9.004653e-01	2.069644e-02
1.006998e-03	9.074322e-02	9.745586e-01	2.219446e-02
1.158048e-03	9.731126e-02	1.056727e+00	2.380090e-02
1.331755e-03	1.043547e-01	1.138982e+00	2.552363e-02
1.531519e-03	1.119080e-01	1.228366e+00	2.737104e-02
1.761246e-03	1.200079e-01	1.316073e+00	2.935217e-02
2.025433e-03	1.286941e-01	1.413532e+00	3.147670e-02
2.329248e-03	1.380091e-01	1.520366e+00	3.375500e-02
2.678635e-03	1.479983e-01	1.624924e+00	3.619820e-02
3.080431e-03	1.587105e-01	1.738304e+00	3.881825e-02
3.542495e-03	1.701980e-01	1.852375e+00	4.162793e-02
4.073870e-03	1.825170e-01	1.971194e+00	4.464098e-02
4.684950e-03	1.957277e-01	2.091268e+00	4.787212e-02
5.387693e-03	2.098946e-01	2.211117e+00	5.133713e-02
6.195847e-03	2.250869e-01	2.340382e+00	5.505294e-02
7.125224e-03	2.413788e-01	2.466575e+00	5.903770e-02
8.194007e-03	2.588499e-01	2.587815e+00	6.331088e-02
9.423108e-03	2.775856e-01	2.706100e+00	6.789335e-02
1.083657e-02	2.976774e-01	2.840677e+00	7.280751e-02
1.246206e-02	3.192234e-01	2.966239e+00	7.807736e-02
1.433137e-02	3.423290e-01	3.088100e+00	8.372864e-02
1.648108e-02	3.671069e-01	3.200516e+00	8.976198e-02
1.895324e-02	3.936783e-01	3.304948e+00	9.627098e-02
2.179622e-02	4.221730e-01	3.423510e+00	1.032606e-01
2.506566e-02	4.527301e-01	3.527088e+00	1.107333e-01
2.882550e-02	4.854989e-01	3.624757e+00	1.187484e-01
3.314933e-02	5.206396e-01	3.715360e+00	1.273434e-01
3.812173e-02	5.583238e-01	3.799405e+00	1.365604e-01
4.383999e-02	5.987355e-01	3.874697e+00	1.464445e-01
5.041599e-02	6.420723e-01	3.938024e+00	1.570440e-01
5.797838e-02	6.885459e-01	4.000455e+00	1.684107e-01
6.667514e-02	7.383832e-01	4.053795e+00	1.806003e-01
7.667641e-02	7.918277e-01	4.098449e+00	1.936720e-01
8.817787e-02	8.491406e-01	4.128245e+00	2.076899e-01
1.014046e-01	9.106019e-01	4.157815e+00	2.227224e-01
1.166152e-01	9.765117e-01	4.185577e+00	2.388430e-01
1.341075e-01	1.047192e+00	4.196545e+00	2.561304e-01
1.542237e-01	1.122989e+00	4.201944e+00	2.746691e-01
1.773572e-01	1.204271e+00	4.192537e+00	2.945495e-01
2.039608e-01	1.291437e+00	4.178571e+00	3.158690e-01
2.345549e-01	1.384912e+00	4.158426e+00	3.387316e-01
2.697381e-01	1.485152e+00	4.123233e+00	3.632491e-01
3.101989e-01	1.592648e+00	4.079554e+00	3.895410e-01
3.567287e-01	1.707925e+00	4.024201e+00	4.177359e-01
4.102380e-01	1.831546e+00	3.958831e+00	4.479716e-01
4.717737e-01	1.964114e+00	3.883135e+00	4.803960e-01
5.425397e-01	2.106278e+00	3.797020e+00	5.151672e-01
6.239207e-01	2.258731e+00	3.700028e+00	5.524550e-01
7.175088e-01	2.422219e+00	3.594766e+00	5.924416e-01
8.251351e-01	2.597541e+00	3.484839e+00	6.353228e-01
9.489054e-01	2.785552e+00	3.367609e+00	6.813077e-01
1.091241e+00	2.987172e+00	3.233335e+00	7.306213e-01
1.254927e+00	3.203385e+00	3.099911e+00	7.835021e-01
1.443166e+00	3.435248e+00	2.959678e+00	8.402163e-01
1.659641e+00	3.679358e+00	2.824040e+00	9.010258e-01
1.908588e+00	3.908130e+00	2.687887e+00	9.666172e-01
2.194876e+00	4.148298e+00	2.532266e+00	1.037684e+00
2.524107e+00	4.399427e+00	2.388823e+00	1.114701e+00
2.902723e+00	4.660675e+00	2.242611e+00	1.198262e+00
3.338132e+00	4.930650e+00	2.101430e+00	1.289031e+00
3.838852e+00	5.207251e+00	1.961688e+00	1.387783e+00
4.414679e+00	5.487475e+00	1.826654e+00	1.495430e+00
5.076881e+00	2.925221e+00	1.704044e+00	1.613056e+00
5.838413e+00	3.192652e+00	1.575339e+00	1.741976e+00
6.714175e+00	3.493286e+00	1.455783e+00	1.883797e+00
7.721302e+00	3.822996e+00	1.342299e+00	2.040513e+00
8.879497e+00	4.182506e+00	1.246882e+00	2.214627e+00
1.021142e+01	4.585050e+00	1.144031e+00	2.409306e+00
1.174313e+01	5.015653e+00	1.042755e+00	2.628600e+00
1.350460e+01	5.492057e+00	9.762612e-01	2.877709e+00
1.553030e+01	6.008343e+00	9.073733e-01	3.163351e+00
1.785984e+01	6.532191e+00	8.287154e-01	3.494237e+00
2.053882e+01	7.105968e+00	7.382589e-01	3.659657e+00
2.361964e+01	7.738901e+00	6.494455e-01	3.425055e+00
2.716258e+01	8.418971e+00	5.883274e-01	3.242658e+00
3.123697e+01	9.137842e+00	5.286167e-01	3.107558e+00
3.592252e+01	9.895077e+00	4.770198e-01	3.016014e+00
4.131089e+01	1.073566e+01	4.293155e-01	2.965210e+00
4.750753e+01	1.163295e+01	3.870591e-01	2.953070e+00
5.463366e+01	1.263233e+01	3.499680e-01	2.978116e+00
6.282871e+01	1.374752e+01	3.123646e-01	3.039533e+00
7.225301e+01	1.492451e+01	2.801183e-01	3.137150e+00
8.309096e+01	1.621434e+01	2.533556e-01	3.271508e+00
9.555461e+01	1.751678e+01	2.294657e-01	3.444010e+00
1.098878e+02	1.883997e+01	2.022993e-01	3.657063e+00
1.263710e+02	2.021653e+01	1.807339e-01	3.914234e+00
1.453266e+02	2.140422e+01	1.608301e-01	4.220417e+00
1.671256e+02	2.257808e+01	1.447507e-01	4.582032e+00
1.921945e+02	2.348063e+01	1.305324e-01	5.007219e+00
2.210236e+02	2.443312e+01	1.143846e-01	5.506263e+00
2.541772e+02	2.547260e+01	1.020106e-01	6.091678e+00
2.923037e+02	2.615835e+01	9.037425e-02	6.779183e+00
3.361493e+02	2.871463e+01	8.039436e-02	7.588898e+00
3.865717e+02	2.867492e+01	7.127095e-02	8.561862e+00
4.445574e+02	2.845255e+01	6.318834e-02	9.716264e+00
5.112411e+02	2.808173e+01	5.669015e-02	1.109234e+01
5.879272e+02	2.756305e+01	5.004656e-02	1.273700e+01
6.761163e+02	2.705058e+01	4.445463e-02	1.468571e+01
7.775337e+02	2.632899e+01	3.946222e-02	1.699229e+01
8.941638e+02	2.554566e+01	3.563049e-02	1.974589e+01
1.028288e+03	2.473404e+01	3.155192e-02	2.304846e+01
1.182532e+03	2.393088e+01	2.750435e-02	2.702594e+01
1.359911e+03	2.313830e+01	2.447785e-02	3.183872e+01
1.563898e+03	2.227422e+01	2.158023e-02	3.769540e+01
1.798483e+03	2.136812e+01	1.943738e-02	4.485107e+01
2.068255e+03	2.046733e+01	1.715616e-02	5.361369e+01
2.378493e+03	1.953133e+01	1.492676e-02	6.437479e+01
2.735268e+03	1.857547e+01	1.326442e-02	7.764885e+01
3.145558e+03	1.762102e+01	1.163095e-02	9.407867e+01
3.617391e+03	1.666055e+01	1.026978e-02	1.144762e+02
4.160000e+03	1.570228e+01	9.055878e-03	1.398876e+02
4.784000e+03	1.474832e+01	8.015636e-03	1.716493e+02
5.501600e+03	1.380393e+01	7.122948e-03	2.114682e+02
6.326840e+03	1.288089e+01	6.235437e-03	2.615236e+02
7.275866e+03	1.199017e+01	5.495653e-03	3.246030e+02
8.367246e+03	1.113386e+01	4.909274e-03	4.042641e+02
9.622333e+03	1.031358e+01	4.383353e-03	5.050460e+02
