# Energy_MeV	dEdx_Elec_MeV_um	dEdx_Nucl_MeV_um	Range_um
1.000000e-05	7.921785e-03	6.433560e-02	2.524684e-03
1.150000e-05	8.495168e-03	7.103215e-02	2.707422e-03
1.322500e-05	9.110053e-03	7.816480e-02	2.903386e-03
1.520875e-05	9.769443e-03	8.599131e-02	3.113535e-03
1.749006e-05	1.047656e-02	9.484779e-02	3.338894e-03
2.011357e-05	1.123486e-02	1.043591e-01	3.580565e-03
2.313061e-05	1.204804e-02	1.147886e-01	3.839728e-03
2.660020e-05	1.292009e-02	1.258432e-01	4.117650e-03
3.059023e-05	1.385525e-02	1.378799e-01	4.415687e-03
3.517876e-05	1.485810e-02	1.514837e-01	4.735297e-03
4.045558e-05	1.593354e-02	1.659214e-01	5.078040e-03
4.652391e-05	1.708682e-02	1.816838e-01	5.445592e-03
5.350250e-05	1.832357e-02	1.985703e-01	5.839747e-03
6.152788e-05	1.964984e-02	2.169442e-01	6.262430e-03
7.075706e-05	2.107211e-02	2.367131e-01	6.715708e-03
8.137062e-05	2.259732e-02	2.574534e-01	7.201795e-03
9.357621e-05	2.423292e-02	2.803078e-01	7.723065e-03
1.076126e-04	2.598691e-02	3.045782e-01	8.282064e-03
1.237545e-04	2.786786e-02	3.304783e-01	8.881524e-03
1.423177e-04	2.988495e-02	3.571822e-01	9.524374e-03
1.636654e-04	3.204804e-02	3.865245e-01	1.021375e-02
1.882152e-04	3.436769e-02	4.186662e-01	1.095303e-02
2.164475e-04	3.685524e-02	4.519398e-01	1.174582e-02
2.489146e-04	3.952285e-02	4.869142e-01	1.259598e-02
2.862518e-04	4.238353e-02	5.225302e-01	1.350769e-02
3.291895e-04	4.545127e-02	5.611077e-01	1.448538e-02
3.785680e-04	4.874106e-02	6.028496e-01	1.553384e-02
4.353531e-04	5.226896e-02	6.454132e-01	1.665819e-02
5.006561e-04	5.605222e-02	6.898108e-01	1.786392e-02
5.757545e-04	6.010931e-02	7.360068e-01	1.915692e-02
6.621177e-04	6.446005e-02	7.828446e-01	2.054351e-02
7.614354e-04	6.912570e-02	8.306606e-01	2.203046e-02
8.756507e-04	7.412906e-02	8.793567e-01	2.362503e-02
1.006998e-03	7.949456e-02	9.298747e-01	2.533502e-02
1.158048e-03	8.524842e-02	9.813481e-01	2.716879e-02
1.331755e-03	9.141874e-02	1.029150e+00	2.913528e-02
1.531519e-03	9.803568e-02	1.077512e+00	3.124410e-02
1.761246e-03	5.259754e-02	1.130758e+00	3.350557e-02
2.025433e-03	5.646311e-02	1.180632e+00	3.593072e-02
2.329248e-03	6.060841e-02	1.230215e+00	3.853140e-02
2.678635e-03	6.505370e-02	1.274800e+00	4.132033e-02
3.080431e-03	6.982068e-02	1.317922e+00	4.431112e-02
3.542495e-03	7.493266e-02	1.364925e+00	4.751838e-02
4.073870e-03	8.041460e-02	1.406463e+00	5.095778e-02
4.684950e-03	8.629329e-02	1.446314e+00	5.464613e-02
5.387693e-03	9.259744e-02	1.482444e+00	5.860145e-02
6.195847e-03	9.935785e-02	1.516449e+00	6.282040e-02
7.125224e-03	1.066076e-01	1.547576e+00	6.737971e-02
8.194007e-03	1.143820e-01	1.573331e+00	7.227176e-02
9.423108e-03	1.227191e-01	1.598698e+00	7.750201e-02
1.083657e-02	1.316596e-01	1.620132e+00	8.311170e-02
1.246206e-02	1.412472e-01	1.638149e+00	8.912730e-02
1.433137e-02	1.515287e-01	1.651423e+00	9.557824e-02
1.648108e-02	1.625544e-01	1.663403e+00	1.024961e-01
1.895324e-02	1.743781e-01	1.673967e+00	1.099147e-01
2.179622e-02	1.870577e-01	1.679878e+00	1.178702e-01
2.506566e-02	2.006549e-01	1.681752e+00	1.264016e-01
2.882550e-02	2.152363e-01	1.679285e+00	1.355505e-01
3.314933e-02	2.308731e-01	1.673923e+00	1.453616e-01
3.812173e-02	2.476417e-01	1.665788e+00	1.558828e-01
4.383999e-02	2.656240e-01	1.652883e+00	1.671656e-01
5.041599e-02	2.849079e-01	1.635591e+00	1.792650e-01
5.797838e-02	3.055875e-01	1.614247e+00	1.922402e-01
6.667514e-02	3.277639e-01	1.588522e+00	2.061544e-01
7.667641e-02	3.515454e-01	1.558830e+00	2.210758e-01
8.817787e-02	3.770483e-01	1.524830e+00	2.370773e-01
1.014046e-01	4.043970e-01	1.486785e+00	2.542370e-01
1.166152e-01	4.337253e-01	1.444819e+00	2.726387e-01
1.341075e-01	4.651763e-01	1.401462e+00	2.923722e-01
1.542237e-01	4.989038e-01	1.354561e+00	3.135342e-01
1.773572e-01	5.350725e-01	1.301550e+00	3.362279e-01
2.039608e-01	5.738591e-01	1.248527e+00	3.605641e-01
2.345549e-01	6.154531e-01	1.192453e+00	3.866617e-01
2.697381e-01	6.600577e-01	1.138634e+00	4.146483e-01
3.101989e-01	7.078907e-01	1.083500e+00	4.446607e-01
3.567287e-01	7.591860e-01	1.021934e+00	4.768454e-01
4.102380e-01	8.141940e-01	9.644724e-01	5.113599e-01
4.717737e-01	8.731835e-01	9.057361e-01	5.483710e-01
5.425397e-01	9.364428e-01	8.494124e-01	5.880646e-01
6.239207e-01	1.004282e+00	7.936561e-01	6.306281e-01
7.175088e-01	1.077038e+00	7.385703e-01	6.765521e-01
8.251351e-01	1.155059e+00	6.892196e-01	7.263105e-01
9.489054e-01	1.238728e+00	6.375462e-01	7.802374e-01
1.091241e+00	1.328453e+00	5.895906e-01	8.387481e-01
1.254927e+00	1.424673e+00	5.447022e-01	9.023100e-01
1.443166e+00	1.527858e+00	5.044601e-01	9.714664e-01
1.659641e+00	1.644818e+00	4.635215e-01	1.046858e+00
1.908588e+00	1.781503e+00	4.247026e-01	1.129247e+00
2.194876e+00	1.950648e+00	3.945089e-01	1.219558e+00
2.524107e+00	2.140126e+00	3.671724e-01	1.318922e+00
2.902723e+00	2.348643e+00	3.357678e-01	1.356716e+00
3.338132e+00	2.576427e+00	3.001283e-01	1.345513e+00
3.838852e+00	2.832261e+00	2.663132e-01	1.334148e+00
4.414679e+00	3.110964e+00	2.388950e-01	1.323658e+00
5.076881e+00	3.423226e+00	2.156380e-01	1.315156e+00
5.838413e+00	3.770367e+00	1.936714e-01	1.309847e+00
6.714175e+00	4.139028e+00	1.747796e-01	1.308986e+00
7.721302e+00	4.551508e+00	1.577566e-01	1.314050e+00
8.879497e+00	5.010563e+00	1.421300e-01	1.326576e+00
1.021142e+01	5.507232e+00	1.275090e-01	1.348254e+00
1.174313e+01	6.042634e+00	1.138389e-01	1.380916e+00
1.350460e+01	6.576939e+00	1.031726e-01	1.426534e+00
1.553030e+01	7.147532e+00	9.319991e-02	1.487208e+00
1.785984e+01	7.680632e+00	8.240893e-02	1.565168e+00
2.053882e+01	8.220834e+00	7.364217e-02	1.662791e+00
2.361964e+01	8.776160e+00	6.550200e-02	1.782660e+00
2.716258e+01	9.233552e+00	5.897355e-02	1.927692e+00
3.123697e+01	9.690183e+00	5.306195e-02	2.101257e+00
3.592252e+01	1.006359e+01	4.665739e-02	2.307393e+00
4.131089e+01	1.039745e+01	4.158347e-02	2.551034e+00
4.750753e+01	1.071328e+01	3.683240e-02	2.838283e+00
5.463366e+01	1.091870e+01	3.277753e-02	3.176732e+00
6.282871e+01	1.109482e+01	2.911456e-02	3.575836e+00
7.225301e+01	1.117131e+01	2.577357e-02	4.047354e+00
8.309096e+01	1.123851e+01	2.308593e-02	4.605971e+00
9.555461e+01	1.130301e+01	2.039384e-02	5.269818e+00
1.098878e+02	1.126095e+01	1.812526e-02	6.061630e+00
1.263710e+02	1.183650e+01	1.614355e-02	7.011275e+00
1.453266e+02	1.142649e+01	1.447743e-02	8.170873e+00
1.671256e+02	1.096510e+01	1.285242e-02	9.575331e+00
1.921945e+02	1.047246e+01	1.128893e-02	1.128767e+01
2.210236e+02	9.974134e+00	9.963378e-03	1.338208e+01
2.541772e+02	9.514689e+00	8.846356e-03	1.592906e+01
2.923037e+02	9.020072e+00	7.895892e-03	1.902862e+01
3.361493e+02	8.522223e+00	6.992652e-03	2.283007e+01
3.865717e+02	8.031084e+00	6.131681e-03	2.751448e+01
4.445574e+02	7.554617e+00	5.401508e-03	3.331137e+01
5.112411e+02	7.086384e+00	4.767809e-03	4.051844e+01
5.879272e+02	6.618703e+00	4.183256e-03	4.952675e+01
6.761163e+02	6.160927e+00	3.699788e-03	6.082922e+01
7.775337e+02	5.724844e+00	3.280026e-03	7.504089e+01
8.941638e+02	5.299834e+00	2.900931e-03	9.295646e+01
1.028288e+03	4.889856e+00	2.556282e-03	1.156240e+02
1.182532e+03	4.500493e+00	2.239538e-03	1.443792e+02
1.359911e+03	4.130167e+00	2.002822e-03	1.809340e+02
1.563898e+03	3.779064e+00	1.784354e-03	2.275122e+02
1.798483e+03	3.448027e+00	1.548160e-03	2.869801e+02
2.068255e+03	3.138316e+00	1.364126e-03	3.630246e+02
2.378493e+03	2.850548e+00	1.193914e-03	4.603794e+02
2.735268e+03	2.585090e+00	1.062877e-03	5.851185e+02
3.145558e+03	2.341633e+00	9.446705e-04	7.450065e+02
3.617391e+03	2.119229e+00	8.180751e-04	9.499490e+02
4.160000e+03	1.916683e+00	7.190026e-04	1.212541e+03
4.784000e+03	1.733335e+00	6.272437e-04	1.548742e+03
5.501600e+03	1.568394e+00	5.512666e-04	1.978688e+03
6.326840e+03	1.420443e+00	4.831973e-04	2.527675e+03
7.275866e+03	1.288125e+00	4.221207e-04	3.227316e+03
8.367246e+03	1.170257e+00	3.734765e-04	4.116936e+03
9.622333e+03	1.065494e+00	3.252815e-04	5.245156e+03
