# Energy_MeV	dEdx_Elec_MeV_um	dEdx_Nucl_MeV_um	Range_um
1.000000e-05	8.311681e-03	6.350785e-02	2.406252e-03
1.150000e-05	8.913285e-03	7.020644e-02	2.580418e-03
1.322500e-05	9.558433e-03	7.747937e-02	2.767190e-03
1.520875e-05	1.025028e-02	8.533628e-02	2.967481e-03
1.749006e-05	1.099220e-02	9.386423e-02	3.182268e-03
2.011357e-05	1.178782e-02	1.034470e-01	3.412603e-03
2.313061e-05	1.264103e-02	1.139232e-01	3.659609e-03
2.660020e-05	1.355599e-02	1.252941e-01	3.924493e-03
3.059023e-05	1.453718e-02	1.374910e-01	4.208550e-03
3.517876e-05	1.558939e-02	1.506282e-01	4.513167e-03
4.045558e-05	1.671776e-02	1.653463e-01	4.839833e-03
4.652391e-05	1.792780e-02	1.812834e-01	5.190142e-03
5.350250e-05	1.922542e-02	1.984851e-01	5.565807e-03
6.152788e-05	2.061697e-02	2.170453e-01	5.968664e-03
7.075706e-05	2.210924e-02	2.373186e-01	6.400679e-03
8.137062e-05	2.370951e-02	2.588108e-01	6.863963e-03
9.357621e-05	2.542562e-02	2.816570e-01	7.360780e-03
1.076126e-04	2.726594e-02	3.065541e-01	7.893558e-03
1.237545e-04	2.923947e-02	3.332935e-01	8.464897e-03
1.423177e-04	3.135583e-02	3.622249e-01	9.077591e-03
1.636654e-04	3.362538e-02	3.913448e-01	9.734632e-03
1.882152e-04	3.605921e-02	4.232029e-01	1.043923e-02
2.164475e-04	3.866919e-02	4.589521e-01	1.119483e-02
2.489146e-04	4.146809e-02	4.952829e-01	1.200511e-02
2.862518e-04	4.446957e-02	5.344402e-01	1.287405e-02
3.291895e-04	4.768830e-02	5.733665e-01	1.380588e-02
3.785680e-04	5.114001e-02	6.152972e-01	1.480516e-02
4.353531e-04	5.484155e-02	6.619349e-01	1.587676e-02
5.006561e-04	5.881101e-02	7.084879e-01	1.702593e-02
5.757545e-04	6.306778e-02	7.580244e-01	1.825828e-02
6.621177e-04	6.763266e-02	8.084352e-01	1.957982e-02
7.614354e-04	7.252795e-02	8.604686e-01	2.099702e-02
8.756507e-04	7.777756e-02	9.141728e-01	2.251680e-02
1.006998e-03	8.340714e-02	9.673465e-01	2.414657e-02
1.158048e-03	8.944419e-02	1.024021e+00	2.589431e-02
1.331755e-03	9.591821e-02	1.080318e+00	2.776856e-02
1.531519e-03	1.028608e-01	1.134643e+00	2.977846e-02
1.761246e-03	1.103059e-01	1.188077e+00	3.193384e-02
2.025433e-03	1.182899e-01	1.245709e+00	3.424523e-02
2.329248e-03	1.268518e-01	1.302621e+00	3.672392e-02
2.678635e-03	1.360334e-01	1.357649e+00	3.938202e-02
3.080431e-03	1.458796e-01	1.408834e+00	4.223251e-02
3.542495e-03	1.564385e-01	1.456921e+00	4.528932e-02
4.073870e-03	1.677615e-01	1.507782e+00	4.856738e-02
4.684950e-03	1.799042e-01	1.555825e+00	5.208272e-02
5.387693e-03	1.929258e-01	1.600387e+00	5.585249e-02
6.195847e-03	2.068899e-01	1.641619e+00	5.989512e-02
7.125224e-03	2.218646e-01	1.681046e+00	6.421740e-02
8.194007e-03	2.379233e-01	1.715263e+00	6.888150e-02
9.423108e-03	2.551443e-01	1.745043e+00	7.386609e-02
1.083657e-02	2.736118e-01	1.773215e+00	7.921325e-02
1.246206e-02	2.934160e-01	1.798158e+00	8.494640e-02
1.433137e-02	3.146536e-01	1.820132e+00	9.109475e-02
1.648108e-02	3.374284e-01	1.835051e+00	9.768811e-02
1.895324e-02	3.618516e-01	1.848294e+00	1.047587e-01
2.179622e-02	3.880427e-01	1.861423e+00	1.123411e-01
2.506566e-02	4.161294e-01	1.868401e+00	1.204723e-01
2.882550e-02	4.462491e-01	1.871913e+00	1.291919e-01
3.314933e-02	4.785488e-01	1.869663e+00	1.385428e-01
3.812173e-02	5.131864e-01	1.864069e+00	1.485705e-01
4.383999e-02	5.503311e-01	1.856258e+00	1.593240e-01
5.041599e-02	5.901644e-01	1.842638e+00	1.708558e-01
5.797838e-02	6.328808e-01	1.824485e+00	1.832223e-01
6.667514e-02	6.786890e-01	1.801539e+00	1.964839e-01
7.667641e-02	7.278129e-01	1.773866e+00	2.107054e-01
8.817787e-02	7.804924e-01	1.741707e+00	2.259563e-01
1.014046e-01	8.369848e-01	1.704898e+00	2.423109e-01
1.166152e-01	8.975662e-01	1.663221e+00	2.598494e-01
1.341075e-01	9.625326e-01	1.617648e+00	2.786574e-01
1.542237e-01	1.032201e+00	1.569570e+00	2.988266e-01
1.773572e-01	1.106912e+00	1.518305e+00	3.204556e-01
2.039608e-01	1.187031e+00	1.460948e+00	3.436502e-01
2.345549e-01	1.272949e+00	1.401637e+00	3.685237e-01
2.697381e-01	1.365086e+00	1.340059e+00	3.951976e-01
3.101989e-01	1.463892e+00	1.279289e+00	4.238021e-01
3.567287e-01	1.569849e+00	1.218415e+00	4.544769e-01
4.102380e-01	1.683475e+00	1.151801e+00	4.873720e-01
4.717737e-01	1.805326e+00	1.086421e+00	5.226478e-01
5.425397e-01	1.935997e+00	1.021543e+00	5.604802e-01
6.239207e-01	2.076125e+00	9.581308e-01	6.010353e-01
7.175088e-01	2.211455e+00	8.946525e-01	6.446393e-01
8.251351e-01	2.348069e+00	8.343938e-01	6.918448e-01
9.489054e-01	2.491173e+00	7.782112e-01	7.429860e-01
1.091241e+00	1.326745e+00	7.214974e-01	7.984503e-01
1.254927e+00	1.422844e+00	6.671028e-01	8.586648e-01
1.443166e+00	1.525899e+00	6.146322e-01	9.241304e-01
1.659641e+00	1.638388e+00	5.701734e-01	9.954310e-01
1.908588e+00	1.772535e+00	5.254225e-01	1.073258e+00
2.194876e+00	1.933593e+00	4.793140e-01	1.158444e+00
2.524107e+00	2.124556e+00	4.452133e-01	1.252001e+00
2.902723e+00	2.330332e+00	4.150362e-01	1.355180e+00
3.338132e+00	2.560855e+00	3.810102e-01	1.428815e+00
3.838852e+00	2.812027e+00	3.424459e-01	1.408094e+00
4.414679e+00	3.089549e+00	3.024528e-01	1.388122e+00
5.076881e+00	3.401208e+00	2.714953e-01	1.370036e+00
5.838413e+00	3.737361e+00	2.446040e-01	1.355027e+00
6.714175e+00	4.111842e+00	2.203378e-01	1.344348e+00
7.721302e+00	4.516959e+00	1.987304e-01	1.339307e+00
8.879497e+00	4.972425e+00	1.789147e-01	1.341354e+00
1.021142e+01	5.489224e+00	1.616117e-01	1.352037e+00
1.174313e+01	6.024556e+00	1.448149e-01	1.373011e+00
1.350460e+01	6.606796e+00	1.296854e-01	1.406043e+00
1.553030e+01	7.218447e+00	1.171523e-01	1.453004e+00
1.785984e+01	7.817685e+00	1.059332e-01	1.515868e+00
2.053882e+01	8.455138e+00	9.425585e-02	1.596714e+00
2.361964e+01	9.060973e+00	8.389225e-02	1.697774e+00
2.716258e+01	9.664824e+00	7.474132e-02	1.821493e+00
3.123697e+01	1.023288e+01	6.706305e-02	1.970686e+00
3.592252e+01	1.071063e+01	6.036809e-02	2.148675e+00
4.131089e+01	1.118493e+01	5.341681e-02	2.359496e+00
4.750753e+01	1.156641e+01	4.738152e-02	2.608132e+00
5.463366e+01	1.191042e+01	4.206942e-02	2.900772e+00
6.282871e+01	1.220407e+01	3.738952e-02	3.245130e+00
7.225301e+01	1.235823e+01	3.310755e-02	3.650803e+00
8.309096e+01	1.249334e+01	2.939046e-02	4.129718e+00
9.555461e+01	1.261573e+01	2.627761e-02	4.696622e+00
1.098878e+02	1.267603e+01	2.331575e-02	5.370329e+00
1.263710e+02	1.267671e+01	2.067901e-02	6.172021e+00
1.453266e+02	1.315168e+01	1.832048e-02	7.142224e+00
1.671256e+02	1.270040e+01	1.646719e-02	8.321087e+00
1.921945e+02	1.220769e+01	1.468354e-02	9.744654e+00
2.210236e+02	1.166097e+01	1.285535e-02	1.148236e+01
2.541772e+02	1.117758e+01	1.136734e-02	1.359505e+01
2.923037e+02	1.065873e+01	1.004925e-02	1.615062e+01
3.361493e+02	1.011697e+01	8.986886e-03	1.926566e+01
3.865717e+02	9.577593e+00	7.994828e-03	2.308301e+01
4.445574e+02	9.047401e+00	6.986123e-03	2.778288e+01
5.112411e+02	8.533719e+00	6.163489e-03	3.359372e+01
5.879272e+02	8.014067e+00	5.430970e-03	4.081709e+01
6.761163e+02	7.498732e+00	4.781792e-03	4.983906e+01
7.775337e+02	7.000413e+00	4.225973e-03	6.113966e+01
8.941638e+02	6.514978e+00	3.732510e-03	7.532443e+01
1.028288e+03	6.042001e+00	3.310458e-03	9.319451e+01
1.182532e+03	5.586630e+00	2.913248e-03	1.157805e+02
1.359911e+03	5.151433e+00	2.560650e-03	1.443971e+02
1.563898e+03	4.735688e+00	2.281300e-03	1.807414e+02
1.798483e+03	4.339169e+00	2.034506e-03	2.270118e+02
2.068255e+03	3.965342e+00	1.777314e-03	2.860370e+02
2.378493e+03	3.615192e+00	1.557724e-03	3.614499e+02
2.735268e+03	3.289547e+00	1.367274e-03	4.579180e+02
3.145558e+03	2.988401e+00	1.211636e-03	5.814201e+02
3.617391e+03	2.711042e+00	1.077770e-03	7.395943e+02
4.160000e+03	2.457036e+00	9.380118e-04	9.421743e+02
4.784000e+03	2.225791e+00	8.208685e-04	1.201520e+03
5.501600e+03	2.016312e+00	7.189134e-04	1.533269e+03
6.326840e+03	1.827372e+00	6.303922e-04	1.957113e+03
7.275866e+03	1.657894e+00	5.508871e-04	2.497729e+03
8.367246e+03	1.506342e+00	4.820577e-04	3.185888e+03
9.622333e+03	1.371093e+00	4.259965e-04	4.059753e+03
