# Energy_MeV	dEdx_Elec_MeV_um	dEdx_Nucl_MeV_um	Range_um
1.000000e-05	8.590969e-03	5.630324e-02	2.328026e-03
1.150000e-05	9.212788e-03	6.238507e-02	2.496530e-03
1.322500e-05	9.879615e-03	6.908049e-02	2.677230e-03
1.520875e-05	1.059471e-02	7.641627e-02	2.871009e-03
1.749006e-05	1.136156e-02	8.441546e-02	3.078814e-03
2.011357e-05	1.218391e-02	9.324944e-02	3.301661e-03
2.313061e-05	1.306579e-02	1.030010e-01	3.540637e-03
2.660020e-05	1.401150e-02	1.136825e-01	3.796910e-03
3.059023e-05	1.502566e-02	1.249568e-01	4.071732e-03
3.517876e-05	1.611322e-02	1.375040e-01	4.366446e-03
4.045558e-05	1.727951e-02	1.517373e-01	4.682492e-03
4.652391e-05	1.853021e-02	1.667998e-01	5.021413e-03
5.350250e-05	1.987143e-02	1.834401e-01	5.384866e-03
6.152788e-05	2.130974e-02	2.008530e-01	5.774625e-03
7.075706e-05	2.285215e-02	2.201201e-01	6.192596e-03
8.137062e-05	2.450620e-02	2.418696e-01	6.640819e-03
9.357621e-05	2.627997e-02	2.646904e-01	7.121485e-03
1.076126e-04	2.818213e-02	2.898118e-01	7.636942e-03
1.237545e-04	3.022197e-02	3.166201e-01	8.189708e-03
1.423177e-04	3.240945e-02	3.455931e-01	8.782483e-03
1.636654e-04	3.475526e-02	3.767253e-01	9.418164e-03
1.882152e-04	3.727087e-02	4.096646e-01	1.009986e-02
2.164475e-04	3.996855e-02	4.460202e-01	1.083089e-02
2.489146e-04	4.286150e-02	4.844646e-01	1.161483e-02
2.862518e-04	4.596383e-02	5.246848e-01	1.245552e-02
3.291895e-04	4.929072e-02	5.668040e-01	1.335706e-02
3.785680e-04	5.285841e-02	6.143484e-01	1.432385e-02
4.353531e-04	5.668433e-02	6.645295e-01	1.536062e-02
5.006561e-04	6.078717e-02	7.166597e-01	1.647243e-02
5.757545e-04	6.518698e-02	7.710494e-01	1.766471e-02
6.621177e-04	6.990525e-02	8.265448e-01	1.894329e-02
7.614354e-04	7.496502e-02	8.891033e-01	2.031442e-02
8.756507e-04	8.039103e-02	9.538046e-01	2.178478e-02
1.006998e-03	8.620978e-02	1.019933e+00	2.336158e-02
1.158048e-03	9.244969e-02	1.089464e+00	2.505250e-02
1.331755e-03	9.914125e-02	1.161408e+00	2.686582e-02
1.531519e-03	1.063171e-01	1.234600e+00	2.881038e-02
1.761246e-03	1.140124e-01	1.307623e+00	3.089569e-02
2.025433e-03	1.222647e-01	1.383817e+00	3.313193e-02
2.329248e-03	1.311143e-01	1.462212e+00	3.553004e-02
2.678635e-03	1.406044e-01	1.540617e+00	3.810173e-02
3.080431e-03	1.507814e-01	1.612844e+00	4.085955e-02
3.542495e-03	1.616951e-01	1.688335e+00	4.381698e-02
4.073870e-03	1.733987e-01	1.771191e+00	4.698848e-02
4.684950e-03	1.859493e-01	1.846161e+00	5.038953e-02
5.387693e-03	1.994085e-01	1.921679e+00	5.403675e-02
6.195847e-03	2.138417e-01	1.987543e+00	5.794796e-02
7.125224e-03	2.293197e-01	2.054138e+00	6.214227e-02
8.194007e-03	2.459180e-01	2.125795e+00	6.664016e-02
9.423108e-03	2.637177e-01	2.187205e+00	7.143982e-02
1.083657e-02	2.828057e-01	2.247385e+00	7.662259e-02
1.246206e-02	3.032753e-01	2.301447e+00	8.218575e-02
1.433137e-02	3.252266e-01	2.351158e+00	8.813338e-02
1.648108e-02	3.487666e-01	2.395756e+00	9.451263e-02
1.895324e-02	3.740106e-01	2.434271e+00	1.013534e-01
2.179622e-02	4.010816e-01	2.471894e+00	1.086893e-01
2.506566e-02	4.301121e-01	2.503163e+00	1.165561e-01
2.882550e-02	4.612439e-01	2.527555e+00	1.249923e-01
3.314933e-02	4.946290e-01	2.545744e+00	1.340392e-01
3.812173e-02	5.304305e-01	2.564811e+00	1.437409e-01
4.383999e-02	5.688233e-01	2.578241e+00	1.541448e-01
5.041599e-02	6.099950e-01	2.584252e+00	1.653017e-01
5.797838e-02	6.541468e-01	2.584710e+00	1.772661e-01
6.667514e-02	7.014943e-01	2.577923e+00	1.900966e-01
7.667641e-02	7.522688e-01	2.569053e+00	2.038558e-01
8.817787e-02	8.067184e-01	2.553493e+00	2.186109e-01
1.014046e-01	8.651091e-01	2.530446e+00	2.344338e-01
1.166152e-01	9.277262e-01	2.501486e+00	2.514021e-01
1.341075e-01	9.948755e-01	2.465693e+00	2.695986e-01
1.542237e-01	1.066885e+00	2.423595e+00	2.891122e-01
1.773572e-01	1.144107e+00	2.375283e+00	3.100382e-01
2.039608e-01	1.226918e+00	2.320114e+00	3.324786e-01
2.345549e-01	1.315723e+00	2.259273e+00	3.565435e-01
2.697381e-01	1.410956e+00	2.193075e+00	3.823502e-01
3.101989e-01	1.513081e+00	2.124900e+00	4.100248e-01
3.567287e-01	1.622599e+00	2.049859e+00	4.397024e-01
4.102380e-01	1.740043e+00	1.966705e+00	4.715281e-01
4.717737e-01	1.865989e+00	1.884198e+00	5.056574e-01
5.425397e-01	2.001050e+00	1.797320e+00	5.422571e-01
6.239207e-01	2.145887e+00	1.715145e+00	5.815062e-01
7.175088e-01	2.301207e+00	1.627956e+00	6.235943e-01
8.251351e-01	2.467770e+00	1.533596e+00	6.687332e-01
9.489054e-01	2.642653e+00	1.445635e+00	7.171336e-01
1.091241e+00	2.806933e+00	1.355469e+00	7.693480e-01
1.254927e+00	2.979383e+00	1.268942e+00	8.259218e-01
1.443166e+00	3.159689e+00	1.184391e+00	8.872335e-01
1.659641e+00	3.347238e+00	1.103501e+00	9.537557e-01
1.908588e+00	3.541025e+00	1.027063e+00	1.026019e+00
2.194876e+00	1.887496e+00	9.487494e-01	1.104640e+00
2.524107e+00	2.030301e+00	8.755032e-01	1.190345e+00
2.902723e+00	2.196282e+00	8.097657e-01	1.284002e+00
3.338132e+00	2.401151e+00	7.501385e-01	1.386657e+00
3.838852e+00	2.630166e+00	6.840128e-01	1.499595e+00
4.414679e+00	2.880250e+00	6.302125e-01	1.624405e+00
5.076881e+00	3.150050e+00	5.895011e-01	1.763087e+00
5.838413e+00	3.450765e+00	5.450387e-01	1.918171e+00
6.714175e+00	3.769583e+00	4.946113e-01	2.000505e+00
7.721302e+00	4.121525e+00	4.366198e-01	1.934861e+00
8.879497e+00	4.503533e+00	3.893047e-01	1.877552e+00
1.021142e+01	4.905078e+00	3.513408e-01	1.829893e+00
1.174313e+01	5.352767e+00	3.164298e-01	1.793204e+00
1.350460e+01	5.856067e+00	2.849917e-01	1.768841e+00
1.553030e+01	6.413160e+00	2.563070e-01	1.758223e+00
1.785984e+01	7.027170e+00	2.320328e-01	1.762780e+00
2.053882e+01	7.679994e+00	2.084076e-01	1.784132e+00
2.361964e+01	8.400157e+00	1.867287e-01	1.823874e+00
2.716258e+01	9.135356e+00	1.675160e-01	1.883675e+00
3.123697e+01	9.923363e+00	1.519514e-01	1.965289e+00
3.592252e+01	1.077370e+01	1.366560e-01	2.070621e+00
4.131089e+01	1.156065e+01	1.207292e-01	2.201834e+00
4.750753e+01	1.237682e+01	1.079273e-01	2.361494e+00
5.463366e+01	1.309916e+01	9.608857e-02	2.552744e+00
6.282871e+01	1.378237e+01	8.672952e-02	2.779514e+00
7.225301e+01	1.445480e+01	7.762215e-02	3.046758e+00
8.309096e+01	1.496169e+01	6.829848e-02	3.360677e+00
9.555461e+01	1.543160e+01	6.085099e-02	3.729025e+00
1.098878e+02	1.572458e+01	5.389023e-02	4.161429e+00
1.263710e+02	1.601878e+01	4.785640e-02	4.669864e+00
1.453266e+02	1.633141e+01	4.248354e-02	5.268979e+00
1.671256e+02	1.644185e+01	3.782851e-02	5.977080e+00
1.921945e+02	1.823593e+01	3.377576e-02	6.817898e+00
2.210236e+02	1.786349e+01	2.984769e-02	7.835401e+00
2.541772e+02	1.739574e+01	2.643584e-02	9.054851e+00
2.923037e+02	1.685900e+01	2.362251e-02	1.052504e+01
3.361493e+02	1.627655e+01	2.124806e-02	1.230306e+01
3.865717e+02	1.573122e+01	1.862264e-02	1.443876e+01
4.445574e+02	1.509881e+01	1.641433e-02	1.700430e+01
5.112411e+02	1.444608e+01	1.451910e-02	2.011146e+01
5.879272e+02	1.379018e+01	1.290970e-02	2.389273e+01
6.761163e+02	1.314722e+01	1.158304e-02	2.851422e+01
7.775337e+02	1.251003e+01	1.011359e-02	3.418978e+01
8.941638e+02	1.185186e+01	8.909524e-03	4.119911e+01
1.028288e+03	1.118926e+01	7.860658e-03	4.989066e+01
1.182532e+03	1.054547e+01	6.925887e-03	6.069385e+01
1.359911e+03	9.900524e+00	6.105614e-03	7.416017e+01
1.563898e+03	9.262422e+00	5.375053e-03	9.101628e+01
1.798483e+03	8.642882e+00	4.785759e-03	1.121820e+02
2.068255e+03	8.038029e+00	4.215641e-03	1.388310e+02
2.378493e+03	7.448171e+00	3.712745e-03	1.724850e+02
2.735268e+03	6.878766e+00	3.278322e-03	2.151014e+02
3.145558e+03	6.335770e+00	2.934066e-03	2.691956e+02
3.617391e+03	5.821410e+00	2.597132e-03	3.379952e+02
4.160000e+03	5.336754e+00	2.254835e-03	4.256446e+02
4.784000e+03	4.880967e+00	1.986537e-03	5.374474e+02
5.501600e+03	4.455071e+00	1.743894e-03	6.801808e+02
6.326840e+03	4.062033e+00	1.555882e-03	8.624801e+02
7.275866e+03	3.701004e+00	1.372747e-03	1.095311e+03
8.367246e+03	3.369474e+00	1.189709e-03	1.392542e+03
9.622333e+03	3.067905e+00	1.046018e-03	1.771632e+03
