# Energy_MeV	dEdx_Elec_MeV_um	dEdx_Nucl_MeV_um	Range_um
1.000000e-05	9.257983e-03	5.375201e-02	2.160298e-03
1.150000e-05	9.928081e-03	5.969583e-02	2.316661e-03
1.322500e-05	1.064668e-02	6.614438e-02	2.484342e-03
1.520875e-05	1.141729e-02	7.331477e-02	2.664160e-03
1.749006e-05	1.224368e-02	8.116506e-02	2.856994e-03
2.011357e-05	1.312989e-02	8.980411e-02	3.063784e-03
2.313061e-05	1.408024e-02	9.924027e-02	3.285543e-03
2.660020e-05	1.509937e-02	1.095951e-01	3.523352e-03
3.059023e-05	1.619227e-02	1.210994e-01	3.778374e-03
3.517876e-05	1.736428e-02	1.336663e-01	4.051855e-03
4.045558e-05	1.862111e-02	1.470096e-01	4.345130e-03
4.652391e-05	1.996892e-02	1.616907e-01	4.659633e-03
5.350250e-05	2.141428e-02	1.785182e-01	4.996900e-03
6.152788e-05	2.296425e-02	1.962357e-01	5.358578e-03
7.075706e-05	2.462642e-02	2.158520e-01	5.746435e-03
8.137062e-05	2.640889e-02	2.364439e-01	6.162365e-03
9.357621e-05	2.832038e-02	2.589944e-01	6.608400e-03
1.076126e-04	3.037023e-02	2.848096e-01	7.086720e-03
1.237545e-04	3.256844e-02	3.116282e-01	7.599660e-03
1.423177e-04	3.492576e-02	3.412718e-01	8.149728e-03
1.636654e-04	3.745371e-02	3.728108e-01	8.739609e-03
1.882152e-04	4.016462e-02	4.070612e-01	9.372187e-03
2.164475e-04	4.307176e-02	4.440447e-01	1.005055e-02
2.489146e-04	4.618932e-02	4.827308e-01	1.077801e-02
2.862518e-04	4.953253e-02	5.258030e-01	1.155813e-02
3.291895e-04	5.311772e-02	5.709628e-01	1.239472e-02
3.785680e-04	5.696240e-02	6.188980e-01	1.329185e-02
4.353531e-04	6.108537e-02	6.684751e-01	1.425392e-02
5.006561e-04	6.550677e-02	7.240289e-01	1.528563e-02
5.757545e-04	7.024818e-02	7.839477e-01	1.639201e-02
6.621177e-04	7.533278e-02	8.453755e-01	1.757848e-02
7.614354e-04	8.078541e-02	9.104687e-01	1.885082e-02
8.756507e-04	8.663270e-02	9.759350e-01	2.021525e-02
1.006998e-03	9.290322e-02	1.049032e+00	2.167844e-02
1.158048e-03	9.962760e-02	1.126581e+00	2.324753e-02
1.331755e-03	1.068387e-01	1.204628e+00	2.493020e-02
1.531519e-03	1.145717e-01	1.287555e+00	2.673466e-02
1.761246e-03	1.228645e-01	1.372755e+00	2.866973e-02
2.025433e-03	1.317575e-01	1.459740e+00	3.074486e-02
2.329248e-03	1.412942e-01	1.547277e+00	3.297019e-02
2.678635e-03	1.515211e-01	1.636909e+00	3.535659e-02
3.080431e-03	1.624883e-01	1.730869e+00	3.791572e-02
3.542495e-03	1.742493e-01	1.825062e+00	4.066008e-02
4.073870e-03	1.868616e-01	1.911721e+00	4.360308e-02
4.684950e-03	2.003867e-01	2.000307e+00	4.675909e-02
5.387693e-03	2.148908e-01	2.100869e+00	5.014354e-02
6.195847e-03	2.304447e-01	2.189949e+00	5.377296e-02
7.125224e-03	2.471244e-01	2.281290e+00	5.766507e-02
8.194007e-03	2.650114e-01	2.360276e+00	6.183890e-02
9.423108e-03	2.841931e-01	2.438506e+00	6.631484e-02
1.083657e-02	3.047631e-01	2.526164e+00	7.107832e-02
1.246206e-02	3.268220e-01	2.599589e+00	7.625168e-02
1.433137e-02	3.504776e-01	2.672671e+00	8.178405e-02
1.648108e-02	3.758453e-01	2.736853e+00	8.770344e-02
1.895324e-02	4.030492e-01	2.797201e+00	9.405119e-02
2.179622e-02	4.322221e-01	2.852223e+00	1.008586e-01
2.506566e-02	4.635066e-01	2.898102e+00	1.081586e-01
2.882550e-02	4.970554e-01	2.944299e+00	1.159870e-01
3.314933e-02	5.330326e-01	2.981769e+00	1.243821e-01
3.812173e-02	5.716138e-01	3.012466e+00	1.333848e-01
4.383999e-02	6.129875e-01	3.034596e+00	1.430392e-01
5.041599e-02	6.573558e-01	3.056881e+00	1.533922e-01
5.797838e-02	7.049356e-01	3.074832e+00	1.644947e-01
6.667514e-02	7.559592e-01	3.082739e+00	1.764008e-01
7.667641e-02	8.106759e-01	3.084892e+00	1.891687e-01
8.817787e-02	8.693531e-01	3.077614e+00	2.028606e-01
1.014046e-01	9.322773e-01	3.067255e+00	2.175436e-01
1.166152e-01	9.997560e-01	3.050508e+00	2.332893e-01
1.341075e-01	1.072119e+00	3.023973e+00	2.501749e-01
1.542237e-01	1.149719e+00	2.990670e+00	2.682826e-01
1.773572e-01	1.232937e+00	2.949135e+00	2.877008e-01
2.039608e-01	1.322177e+00	2.900033e+00	3.085245e-01
2.345549e-01	1.417877e+00	2.843472e+00	3.308555e-01
2.697381e-01	1.520504e+00	2.778991e+00	3.548030e-01
3.101989e-01	1.630559e+00	2.707191e+00	3.804837e-01
3.567287e-01	1.748580e+00	2.628437e+00	4.080231e-01
4.102380e-01	1.875143e+00	2.548084e+00	4.375558e-01
4.717737e-01	2.010867e+00	2.460268e+00	4.692262e-01
5.425397e-01	2.156414e+00	2.360629e+00	5.031891e-01
6.239207e-01	2.312496e+00	2.263175e+00	5.396099e-01
7.175088e-01	2.479876e+00	2.158390e+00	5.786672e-01
8.251351e-01	2.659371e+00	2.061126e+00	6.205507e-01
9.489054e-01	2.851858e+00	1.959095e+00	6.654642e-01
1.091241e+00	3.048285e+00	1.844905e+00	7.136543e-01
1.254927e+00	3.237379e+00	1.740466e+00	7.657180e-01
1.443166e+00	3.435736e+00	1.631918e+00	8.221277e-01
1.659641e+00	3.642937e+00	1.529482e+00	8.832786e-01
1.908588e+00	3.858204e+00	1.428085e+00	9.496389e-01
2.194876e+00	4.080285e+00	1.329684e+00	1.021747e+00
2.524107e+00	4.307316e+00	1.239168e+00	1.100226e+00
2.902723e+00	2.278288e+00	1.144472e+00	1.185816e+00
3.338132e+00	2.471963e+00	1.057556e+00	1.279398e+00
3.838852e+00	2.707948e+00	9.771107e-01	1.382042e+00
4.414679e+00	2.968375e+00	9.059923e-01	1.495059e+00
5.076881e+00	3.258196e+00	8.287231e-01	1.620084e+00
5.838413e+00	3.566359e+00	7.597787e-01	1.759171e+00
6.714175e+00	3.909910e+00	7.106897e-01	1.914925e+00
7.721302e+00	4.280184e+00	6.587306e-01	2.090680e+00
8.879497e+00	4.678257e+00	5.998125e-01	2.282029e+00
1.021142e+01	5.116714e+00	5.320568e-01	2.175973e+00
1.174313e+01	5.549589e+00	4.713008e-01	2.086494e+00
1.350460e+01	6.039138e+00	4.260975e-01	2.014081e+00
1.553030e+01	6.590064e+00	3.833571e-01	1.959282e+00
1.785984e+01	7.182283e+00	3.449501e-01	1.922738e+00
2.053882e+01	7.840077e+00	3.108756e-01	1.905188e+00
2.361964e+01	8.538654e+00	2.808404e-01	1.907434e+00
2.716258e+01	9.309932e+00	2.530789e-01	1.930403e+00
3.123697e+01	1.013856e+01	2.263502e-01	1.975098e+00
3.592252e+01	1.102655e+01	2.024995e-01	2.042621e+00
4.131089e+01	1.200777e+01	1.838633e-01	2.134253e+00
4.750753e+01	1.296245e+01	1.659499e-01	2.251557e+00
5.463366e+01	1.394458e+01	1.462829e-01	2.396521e+00
6.282871e+01	1.490895e+01	1.308780e-01	2.571717e+00
7.225301e+01	1.578881e+01	1.162508e-01	2.780482e+00
8.309096e+01	1.668845e+01	1.049840e-01	3.027083e+00
9.555461e+01	1.742140e+01	9.433707e-02	3.316978e+00
1.098878e+02	1.806032e+01	8.280500e-02	3.657009e+00
1.263710e+02	1.856478e+01	7.383466e-02	4.055687e+00
1.453266e+02	1.906746e+01	6.533042e-02	4.523585e+00
1.671256e+02	1.956722e+01	5.812736e-02	5.073727e+00
1.921945e+02	1.986052e+01	5.160185e-02	5.721515e+00
2.210236e+02	2.192667e+01	4.583628e-02	6.491140e+00
2.541772e+02	2.161098e+01	4.100486e-02	7.419631e+00
2.923037e+02	2.116455e+01	3.620184e-02	8.525223e+00
3.361493e+02	2.061565e+01	3.212705e-02	9.855484e+00
3.865717e+02	2.004697e+01	2.863734e-02	1.145436e+01
4.445574e+02	1.945388e+01	2.578558e-02	1.336140e+01
5.112411e+02	1.875653e+01	2.271766e-02	1.564350e+01
5.879272e+02	1.803539e+01	1.991573e-02	1.839428e+01
6.761163e+02	1.730540e+01	1.767154e-02	2.172589e+01
7.775337e+02	1.659897e+01	1.565081e-02	2.577778e+01
8.941638e+02	1.587686e+01	1.406265e-02	3.073096e+01
1.028288e+03	1.512536e+01	1.234553e-02	3.681928e+01
1.182532e+03	1.436570e+01	1.081072e-02	4.433018e+01
1.359911e+03	1.361455e+01	9.572185e-03	5.361676e+01
1.563898e+03	1.285502e+01	8.413158e-03	6.513741e+01
1.798483e+03	1.209566e+01	7.407441e-03	7.948923e+01
2.068255e+03	1.135353e+01	6.539185e-03	9.742460e+01
2.378493e+03	1.061860e+01	5.806792e-03	1.199033e+02
2.735268e+03	9.892928e+00	5.136378e-03	1.481681e+02
3.145558e+03	9.187468e+00	4.509436e-03	1.838125e+02
3.617391e+03	8.508906e+00	3.970322e-03	2.288796e+02
4.160000e+03	7.859521e+00	3.556378e-03	2.859892e+02
4.784000e+03	7.241239e+00	3.162499e-03	3.585003e+02
5.501600e+03	6.655635e+00	2.737988e-03	4.507086e+02
6.326840e+03	6.105133e+00	2.414178e-03	5.681010e+02
7.275866e+03	5.592202e+00	2.113391e-03	7.176668e+02
8.367246e+03	5.116627e+00	1.886567e-03	9.082818e+02
9.622333e+03	4.677031e+00	1.672462e-03	1.151172e+03
