# Energy_MeV	dEdx_Elec_MeV_um	dEdx_Nucl_MeV_um	Range_um
1.000000e-05	9.936310e-03	4.776983e-02	2.012820e-03
1.150000e-05	1.065551e-02	5.267737e-02	2.158509e-03
1.322500e-05	1.142676e-02	5.848487e-02	2.314743e-03
1.520875e-05	1.225383e-02	6.477786e-02	2.482285e-03
1.749006e-05	1.314077e-02	7.193704e-02	2.661954e-03
2.011357e-05	1.409191e-02	7.990566e-02	2.854628e-03
2.313061e-05	1.511189e-02	8.851337e-02	3.061247e-03
2.660020e-05	1.620569e-02	9.812009e-02	3.282822e-03
3.059023e-05	1.737867e-02	1.086083e-01	3.520434e-03
3.517876e-05	1.863655e-02	1.201673e-01	3.775245e-03
4.045558e-05	1.998547e-02	1.328056e-01	4.048499e-03
4.652391e-05	2.143203e-02	1.466353e-01	4.341532e-03
5.350250e-05	2.298329e-02	1.620509e-01	4.655774e-03
6.152788e-05	2.464683e-02	1.788362e-01	4.992761e-03
7.075706e-05	2.643078e-02	1.966634e-01	5.354140e-03
8.137062e-05	2.834386e-02	2.163056e-01	5.741676e-03
9.357621e-05	3.039540e-02	2.388480e-01	6.157261e-03
1.076126e-04	3.259544e-02	2.624938e-01	6.602927e-03
1.237545e-04	3.495471e-02	2.887660e-01	7.080850e-03
1.423177e-04	3.748475e-02	3.162411e-01	7.593366e-03
1.636654e-04	4.019792e-02	3.464108e-01	8.142978e-03
1.882152e-04	4.310746e-02	3.809699e-01	8.732371e-03
2.164475e-04	4.622760e-02	4.167331e-01	9.364425e-03
2.489146e-04	4.957358e-02	4.564533e-01	1.004223e-02
2.862518e-04	5.316174e-02	4.985426e-01	1.076909e-02
3.291895e-04	5.700962e-02	5.444059e-01	1.154856e-02
3.785680e-04	6.113601e-02	5.937359e-01	1.238445e-02
4.353531e-04	6.556106e-02	6.453239e-01	1.328084e-02
5.006561e-04	7.030641e-02	7.030622e-01	1.424212e-02
5.757545e-04	7.539522e-02	7.632701e-01	1.527297e-02
6.621177e-04	8.085237e-02	8.274845e-01	1.637844e-02
7.614354e-04	8.670451e-02	8.933946e-01	1.756392e-02
8.756507e-04	9.298022e-02	9.677919e-01	1.883520e-02
1.006998e-03	9.971018e-02	1.048129e+00	2.019850e-02
1.158048e-03	1.069273e-01	1.129759e+00	2.166048e-02
1.331755e-03	1.146667e-01	1.216913e+00	2.322828e-02
1.531519e-03	1.229663e-01	1.303822e+00	2.490956e-02
1.761246e-03	1.318667e-01	1.401680e+00	2.671252e-02
2.025433e-03	1.414113e-01	1.505667e+00	2.864599e-02
2.329248e-03	1.516467e-01	1.609201e+00	3.071940e-02
2.678635e-03	1.626230e-01	1.720212e+00	3.294289e-02
3.080431e-03	1.743937e-01	1.833492e+00	3.532731e-02
3.542495e-03	1.870164e-01	1.949495e+00	3.788432e-02
4.073870e-03	2.005528e-01	2.066366e+00	4.062641e-02
4.684950e-03	2.150689e-01	2.185482e+00	4.356697e-02
5.387693e-03	2.306357e-01	2.311304e+00	4.672037e-02
6.195847e-03	2.473292e-01	2.436256e+00	5.010201e-02
7.125224e-03	2.652311e-01	2.551133e+00	5.372842e-02
8.194007e-03	2.844286e-01	2.669341e+00	5.761732e-02
9.423108e-03	3.050157e-01	2.803694e+00	6.178769e-02
1.083657e-02	3.270929e-01	2.921294e+00	6.625991e-02
1.246206e-02	3.507681e-01	3.043617e+00	7.105584e-02
1.433137e-02	3.761569e-01	3.147552e+00	7.616156e-02
1.648108e-02	4.033833e-01	3.251985e+00	8.170833e-02
1.895324e-02	4.325804e-01	3.368969e+00	8.763077e-02
2.179622e-02	4.638908e-01	3.465318e+00	9.397366e-02
2.506566e-02	4.974675e-01	3.563158e+00	1.007751e-01
2.882550e-02	5.334744e-01	3.647657e+00	1.080692e-01
3.314933e-02	5.720876e-01	3.728397e+00	1.158911e-01
3.812173e-02	6.134956e-01	3.800682e+00	1.242792e-01
4.383999e-02	6.579007e-01	3.860914e+00	1.332745e-01
5.041599e-02	7.055199e-01	3.922728e+00	1.429208e-01
5.797838e-02	7.565858e-01	3.971658e+00	1.532653e-01
6.667514e-02	8.113479e-01	4.012815e+00	1.643586e-01
7.667641e-02	8.700737e-01	4.041100e+00	1.762548e-01
8.817787e-02	9.330501e-01	4.070787e+00	1.890121e-01
1.014046e-01	1.000585e+00	4.094885e+00	2.026928e-01
1.166152e-01	1.073008e+00	4.104229e+00	2.173636e-01
1.341075e-01	1.150672e+00	4.106932e+00	2.330963e-01
1.542237e-01	1.233959e+00	4.096278e+00	2.499678e-01
1.773572e-01	1.323273e+00	4.082253e+00	2.680605e-01
2.039608e-01	1.419053e+00	4.059677e+00	2.874627e-01
2.345549e-01	1.521764e+00	4.023521e+00	3.082691e-01
2.697381e-01	1.631910e+00	3.978768e+00	3.305816e-01
3.101989e-01	1.750029e+00	3.922791e+00	3.545092e-01
3.567287e-01	1.876697e+00	3.856877e+00	3.801687e-01
4.102380e-01	2.012533e+00	3.781057e+00	4.076853e-01
4.717737e-01	2.158202e+00	3.694640e+00	4.371935e-01
5.425397e-01	2.314413e+00	3.598426e+00	4.688377e-01
6.239207e-01	2.481932e+00	3.493191e+00	5.027724e-01
7.175088e-01	2.661575e+00	3.386159e+00	5.391632e-01
8.251351e-01	2.854222e+00	3.268581e+00	5.781878e-01
9.489054e-01	3.060812e+00	3.135239e+00	6.200372e-01
1.091241e+00	3.282355e+00	3.005910e+00	6.649165e-01
1.254927e+00	3.519933e+00	2.865593e+00	7.130362e-01
1.443166e+00	3.757777e+00	2.736919e+00	7.646982e-01
1.659641e+00	3.990548e+00	2.600288e+00	8.205602e-01
1.908588e+00	4.234603e+00	2.447626e+00	8.810823e-01
2.194876e+00	4.489379e+00	2.309717e+00	9.467029e-01
2.524107e+00	4.753859e+00	2.164385e+00	1.017923e+00
2.902723e+00	5.026424e+00	2.028991e+00	1.095327e+00
3.338132e+00	5.304680e+00	1.893048e+00	1.179591e+00
3.838852e+00	5.585263e+00	1.762898e+00	1.271516e+00
4.414679e+00	3.013726e+00	1.643300e+00	1.372063e+00
5.076881e+00	3.294918e+00	1.516538e+00	1.482396e+00
5.838413e+00	3.602777e+00	1.401861e+00	1.603948e+00
6.714175e+00	3.948072e+00	1.294017e+00	1.738506e+00
7.721302e+00	4.316617e+00	1.200909e+00	1.888317e+00
8.879497e+00	4.728127e+00	1.097638e+00	2.056237e+00
1.021142e+01	5.180223e+00	1.005884e+00	2.245921e+00
1.174313e+01	5.663660e+00	9.423600e-01	2.462077e+00
1.350460e+01	6.197564e+00	8.731869e-01	2.710795e+00
1.553030e+01	6.723849e+00	7.942037e-01	2.999976e+00
1.785984e+01	7.316410e+00	7.033730e-01	2.958104e+00
2.053882e+01	7.980913e+00	6.230273e-01	2.779399e+00
2.361964e+01	8.657988e+00	5.637771e-01	2.642391e+00
2.716258e+01	9.400401e+00	5.070116e-01	2.543379e+00
3.123697e+01	1.017846e+01	4.563777e-01	2.479550e+00
3.592252e+01	1.103403e+01	4.114243e-01	2.448799e+00
4.131089e+01	1.197609e+01	3.716618e-01	2.449598e+00
4.750753e+01	1.300318e+01	3.348383e-01	2.480881e+00
5.463366e+01	1.414978e+01	2.993458e-01	2.542186e+00
6.282871e+01	1.536844e+01	2.678411e-01	2.633554e+00
7.225301e+01	1.664751e+01	2.435131e-01	2.755671e+00
8.309096e+01	1.801495e+01	2.195352e-01	2.909974e+00
9.555461e+01	1.929783e+01	1.933015e-01	3.098776e+00
1.098878e+02	2.063414e+01	1.732143e-01	3.325397e+00
1.263710e+02	2.184561e+01	1.536542e-01	3.594311e+00
1.453266e+02	2.287831e+01	1.390319e-01	3.911321e+00
1.671256e+02	2.382591e+01	1.247608e-01	4.283718e+00
1.921945e+02	2.477892e+01	1.093790e-01	4.720663e+00
2.210236e+02	2.570930e+01	9.769584e-02	5.233580e+00
2.541772e+02	2.641580e+01	8.632562e-02	5.835175e+00
2.923037e+02	2.872828e+01	7.689757e-02	6.549416e+00
3.361493e+02	2.863563e+01	6.815178e-02	7.406918e+00
3.865717e+02	2.835392e+01	6.058899e-02	8.421045e+00
4.445574e+02	2.789341e+01	5.425634e-02	9.634853e+00
5.112411e+02	2.741147e+01	4.783263e-02	1.108170e+01
5.879272e+02	2.681262e+01	4.249287e-02	1.279140e+01
6.761163e+02	2.606017e+01	3.781658e-02	1.482239e+01
7.775337e+02	2.526547e+01	3.411723e-02	1.725079e+01
8.941638e+02	2.444964e+01	3.002192e-02	2.016792e+01
1.028288e+03	2.366695e+01	2.631464e-02	2.368620e+01
1.182532e+03	2.284298e+01	2.335473e-02	2.795198e+01
1.359911e+03	2.196240e+01	2.067444e-02	3.315159e+01
1.563898e+03	2.105876e+01	1.860210e-02	3.951027e+01
1.798483e+03	2.014355e+01	1.631145e-02	4.730272e+01
2.068255e+03	1.920027e+01	1.428591e-02	5.688737e+01
2.378493e+03	1.824264e+01	1.264813e-02	6.872532e+01
2.735268e+03	1.728639e+01	1.111574e-02	8.339329e+01
3.145558e+03	1.632587e+01	9.787137e-03	1.016245e+02
3.617391e+03	1.536919e+01	8.646115e-03	1.243640e+02
4.160000e+03	1.441761e+01	7.675589e-03	1.528172e+02
4.784000e+03	1.347917e+01	6.787469e-03	1.885228e+02
5.501600e+03	1.256659e+01	5.959968e-03	2.334476e+02
6.326840e+03	1.168783e+01	5.245196e-03	2.901058e+02
7.275866e+03	1.084371e+01	4.707623e-03	3.617052e+02
8.367246e+03	1.003687e+01	4.179730e-03	4.523367e+02
9.622333e+03	9.271366e+00	3.613340e-03	5.672065e+02
