# Energy_MeV	dEdx_Elec_MeV_um	dEdx_Nucl_MeV_um	Range_um
1.000000e-05	8.515543e-03	6.867841e-02	2.348647e-03
1.150000e-05	9.131902e-03	7.567713e-02	2.518643e-03
1.322500e-05	9.792874e-03	8.332389e-02	2.700943e-03
1.520875e-05	1.050169e-02	9.168874e-02	2.896439e-03
1.749006e-05	1.126181e-02	1.006111e-01	3.106085e-03
2.011357e-05	1.207694e-02	1.102719e-01	3.330905e-03
2.313061e-05	1.295108e-02	1.210204e-01	3.571998e-03
2.660020e-05	1.388848e-02	1.326572e-01	3.830541e-03
3.059023e-05	1.489374e-02	1.453385e-01	4.107797e-03
3.517876e-05	1.597175e-02	1.589001e-01	4.405122e-03
4.045558e-05	1.712780e-02	1.737880e-01	4.723967e-03
4.652391e-05	1.836752e-02	1.895232e-01	5.065890e-03
5.350250e-05	1.969697e-02	2.063235e-01	5.432562e-03
6.152788e-05	2.112265e-02	2.246358e-01	5.825774e-03
7.075706e-05	2.265151e-02	2.441788e-01	6.247446e-03
8.137062e-05	2.429104e-02	2.655376e-01	6.699640e-03
9.357621e-05	2.604924e-02	2.868794e-01	7.184563e-03
1.076126e-04	1.398097e-02	3.103672e-01	7.704586e-03
1.237545e-04	1.506819e-02	3.365536e-01	8.262248e-03
1.423177e-04	1.623375e-02	3.632317e-01	8.860274e-03
1.636654e-04	1.748335e-02	3.922350e-01	9.501585e-03
1.882152e-04	1.882308e-02	4.206932e-01	1.018931e-02
2.164475e-04	2.025950e-02	4.517201e-01	1.092682e-02
2.489146e-04	2.179962e-02	4.858818e-01	1.171771e-02
2.862518e-04	2.345099e-02	5.202159e-01	1.256585e-02
3.291895e-04	2.522166e-02	5.568633e-01	1.347537e-02
3.785680e-04	2.712028e-02	5.937527e-01	1.445072e-02
4.353531e-04	2.915614e-02	6.322918e-01	1.549667e-02
5.006561e-04	3.133918e-02	6.720270e-01	1.661833e-02
5.757545e-04	3.368006e-02	7.113884e-01	1.782118e-02
6.621177e-04	3.619023e-02	7.532696e-01	1.911108e-02
7.614354e-04	3.888195e-02	7.946885e-01	2.049435e-02
8.756507e-04	4.176837e-02	8.351139e-01	2.197774e-02
1.006998e-03	4.486358e-02	8.749447e-01	2.356850e-02
1.158048e-03	4.818272e-02	9.172943e-01	2.527441e-02
1.331755e-03	5.174200e-02	9.590795e-01	2.710378e-02
1.531519e-03	5.555880e-02	1.000673e+00	2.906557e-02
1.761246e-03	5.965177e-02	1.038448e+00	3.116935e-02
2.025433e-03	6.404092e-02	1.074831e+00	3.342540e-02
2.329248e-03	6.874767e-02	1.112237e+00	3.584475e-02
2.678635e-03	7.379503e-02	1.147591e+00	3.843921e-02
3.080431e-03	7.920766e-02	1.181750e+00	4.122146e-02
3.542495e-03	8.501199e-02	1.212099e+00	4.420509e-02
4.073870e-03	9.123638e-02	1.242107e+00	4.740468e-02
4.684950e-03	9.791125e-02	1.267468e+00	5.081163e-02
5.387693e-03	1.050692e-01	1.290029e+00	5.451213e-02
6.195847e-03	1.127452e-01	1.311478e+00	5.846252e-02
7.125224e-03	1.209767e-01	1.329930e+00	6.269424e-02
8.194007e-03	1.298040e-01	1.347147e+00	6.723181e-02
9.423108e-03	1.392702e-01	1.358356e+00	7.209803e-02
1.083657e-02	1.494216e-01	1.368648e+00	7.731639e-02
1.246206e-02	1.603076e-01	1.378516e+00	8.291249e-02
1.433137e-02	1.719816e-01	1.384164e+00	8.891366e-02
1.648108e-02	1.845005e-01	1.387347e+00	9.534918e-02
1.895324e-02	1.979255e-01	1.385918e+00	1.022505e-01
2.179622e-02	2.123222e-01	1.382357e+00	1.096513e-01
2.506566e-02	2.277609e-01	1.376812e+00	1.175878e-01
2.882550e-02	2.443170e-01	1.367268e+00	1.260988e-01
3.314933e-02	2.620715e-01	1.354355e+00	1.352258e-01
3.812173e-02	2.811110e-01	1.337742e+00	1.450134e-01
4.383999e-02	3.015286e-01	1.317795e+00	1.555094e-01
5.041599e-02	3.234240e-01	1.294414e+00	1.667652e-01
5.797838e-02	3.469042e-01	1.267644e+00	1.788357e-01
6.667514e-02	3.720840e-01	1.237216e+00	1.917798e-01
7.667641e-02	3.990862e-01	1.203914e+00	2.056608e-01
8.817787e-02	4.280428e-01	1.168671e+00	2.205465e-01
1.014046e-01	4.590953e-01	1.130875e+00	2.365097e-01
1.166152e-01	4.923954e-01	1.089003e+00	2.536284e-01
1.341075e-01	5.281058e-01	1.045610e+00	2.719860e-01
1.542237e-01	5.664009e-01	9.997286e-01	2.916723e-01
1.773572e-01	6.074678e-01	9.551634e-01	3.127836e-01
2.039608e-01	6.515072e-01	9.095756e-01	3.354230e-01
2.345549e-01	6.987341e-01	8.608760e-01	3.597010e-01
2.697381e-01	7.493793e-01	8.129162e-01	3.857361e-01
3.101989e-01	8.036903e-01	7.638853e-01	4.136559e-01
3.567287e-01	8.619323e-01	7.174730e-01	4.435971e-01
4.102380e-01	9.243899e-01	6.695688e-01	4.756994e-01
4.717737e-01	9.913728e-01	6.252414e-01	5.101690e-01
5.425397e-01	1.063208e+00	5.833627e-01	5.474457e-01
6.239207e-01	1.140244e+00	5.407622e-01	5.878318e-01
7.175088e-01	1.222854e+00	5.008128e-01	6.316212e-01
8.251351e-01	1.311445e+00	4.607356e-01	6.791487e-01
9.489054e-01	1.406448e+00	4.277402e-01	7.308039e-01
1.091241e+00	1.508328e+00	3.942584e-01	7.870396e-01
1.254927e+00	1.626403e+00	3.600191e-01	8.483918e-01
1.443166e+00	1.766159e+00	3.338383e-01	9.155022e-01
1.659641e+00	1.934878e+00	3.109165e-01	9.891499e-01
1.908588e+00	2.119868e+00	2.862222e-01	1.000910e+00
2.194876e+00	2.327719e+00	2.578707e-01	9.991010e-01
2.524107e+00	2.552313e+00	2.282401e-01	9.965973e-01
2.902723e+00	2.804956e+00	2.047293e-01	9.940960e-01
3.338132e+00	3.086543e+00	1.841371e-01	9.923727e-01
3.838852e+00	3.395809e+00	1.661358e-01	9.922636e-01
4.414679e+00	3.741762e+00	1.497448e-01	9.947410e-01
5.076881e+00	4.098541e+00	1.347625e-01	1.000863e+00
5.838413e+00	4.500262e+00	1.217250e-01	1.011800e+00
6.714175e+00	4.951528e+00	1.091215e-01	1.028855e+00
7.721302e+00	5.410908e+00	9.782278e-02	1.053462e+00
8.879497e+00	5.908035e+00	8.832715e-02	1.087195e+00
1.021142e+01	6.391171e+00	7.974160e-02	1.131756e+00
1.174313e+01	6.869573e+00	7.113056e-02	1.188973e+00
1.350460e+01	7.343686e+00	6.348147e-02	1.260798e+00
1.553030e+01	7.773964e+00	5.632071e-02	1.349355e+00
1.785984e+01	8.212043e+00	5.067276e-02	1.456982e+00
2.053882e+01	8.573405e+00	4.545260e-02	1.586340e+00
2.361964e+01	8.893894e+00	4.035182e-02	1.740553e+00
2.716258e+01	9.188639e+00	3.589289e-02	1.923381e+00
3.123697e+01	9.401577e+00	3.171963e-02	2.139446e+00
3.592252e+01	9.600392e+00	2.829082e-02	2.394470e+00
4.131089e+01	9.731506e+00	2.496735e-02	2.695576e+00
4.750753e+01	9.796161e+00	2.220842e-02	3.051648e+00
5.463366e+01	9.818183e+00	1.986212e-02	3.473755e+00
6.282871e+01	9.820031e+00	1.759798e-02	3.975709e+00
7.225301e+01	9.793811e+00	1.565206e-02	4.574922e+00
8.309096e+01	9.706040e+00	1.380922e-02	5.291872e+00
9.555461e+01	1.012557e+01	1.241799e-02	6.160415e+00
1.098878e+02	9.723785e+00	1.107745e-02	7.224140e+00
1.263710e+02	9.274121e+00	9.724065e-03	8.515213e+00
1.453266e+02	8.802724e+00	8.591559e-03	1.010025e+01
1.671256e+02	8.366790e+00	7.584946e-03	1.204292e+01
1.921945e+02	7.934392e+00	6.786052e-03	1.441058e+01
2.210236e+02	7.484724e+00	6.032409e-03	1.731195e+01
2.541772e+02	7.039366e+00	5.288497e-03	2.088898e+01
2.923037e+02	6.603588e+00	4.661016e-03	2.531959e+01
3.361493e+02	6.184563e+00	4.103267e-03	3.082960e+01
3.865717e+02	5.767810e+00	3.619374e-03	3.771626e+01
4.445574e+02	5.359036e+00	3.196810e-03	4.636553e+01
5.112411e+02	4.965976e+00	2.820640e-03	5.726153e+01
5.879272e+02	4.590339e+00	2.501717e-03	7.101340e+01
6.761163e+02	4.228495e+00	2.202333e-03	8.842176e+01
7.775337e+02	3.883164e+00	1.938086e-03	1.105282e+02
8.941638e+02	3.557656e+00	1.725302e-03	1.386619e+02
1.028288e+03	3.250712e+00	1.534572e-03	1.745344e+02
1.182532e+03	2.961825e+00	1.345365e-03	2.203675e+02
1.359911e+03	2.691980e+00	1.183047e-03	2.790207e+02
1.563898e+03	2.441379e+00	1.032693e-03	3.541669e+02
1.798483e+03	2.210276e+00	9.183018e-04	4.505214e+02
2.068255e+03	1.998747e+00	8.126948e-04	5.741234e+02
2.378493e+03	1.806291e+00	7.105672e-04	7.326820e+02
2.735268e+03	1.631480e+00	6.238988e-04	9.360162e+02
3.145558e+03	1.472941e+00	5.432904e-04	1.196589e+03
3.617391e+03	1.330358e+00	4.784465e-04	1.530161e+03
4.160000e+03	1.202793e+00	4.162847e-04	1.956586e+03
4.784000e+03	1.088699e+00	3.650038e-04	2.500751e+03
5.501600e+03	9.869406e-01	3.228357e-04	3.193707e+03
6.326840e+03	8.966606e-01	2.819593e-04	4.074003e+03
7.275866e+03	8.166383e-01	2.476024e-04	5.189206e+03
8.367246e+03	7.457766e-01	2.157053e-04	6.597628e+03
9.622333e+03	6.834804e-01	1.916912e-04	8.370233e+03
