# Energy_MeV	dEdx_Elec_MeV_um	dEdx_Nucl_MeV_um	Range_um
1.000000e-05	9.394006e-03	5.375041e-02	2.129017e-03
1.150000e-05	1.007395e-02	5.972651e-02	2.283117e-03
1.322500e-05	1.080311e-02	6.617806e-02	2.448370e-03
1.520875e-05	1.158504e-02	7.337184e-02	2.625584e-03
1.749006e-05	1.242357e-02	8.121677e-02	2.815625e-03
2.011357e-05	1.332280e-02	8.988108e-02	3.019422e-03
2.313061e-05	1.428711e-02	9.935711e-02	3.237969e-03
2.660020e-05	1.532122e-02	1.097044e-01	3.472335e-03
3.059023e-05	1.643018e-02	1.212534e-01	3.723664e-03
3.517876e-05	1.761940e-02	1.338152e-01	3.993185e-03
4.045558e-05	1.889470e-02	1.473104e-01	4.282214e-03
4.652391e-05	2.026231e-02	1.619444e-01	4.592163e-03
5.350250e-05	2.172891e-02	1.786818e-01	4.924546e-03
6.152788e-05	2.330166e-02	1.966275e-01	5.280987e-03
7.075706e-05	2.498824e-02	2.161831e-01	5.663228e-03
8.137062e-05	2.679691e-02	2.370874e-01	6.073135e-03
9.357621e-05	2.873648e-02	2.595748e-01	6.512712e-03
1.076126e-04	3.081644e-02	2.852820e-01	6.984106e-03
1.237545e-04	3.304695e-02	3.124791e-01	7.489619e-03
1.423177e-04	3.543891e-02	3.420405e-01	8.031721e-03
1.636654e-04	3.800399e-02	3.739299e-01	8.613062e-03
1.882152e-04	4.075474e-02	4.084102e-01	9.236480e-03
2.164475e-04	4.370459e-02	4.455495e-01	9.905021e-03
2.489146e-04	4.686795e-02	4.845201e-01	1.062195e-02
2.862518e-04	5.026028e-02	5.274540e-01	1.139077e-02
3.291895e-04	5.389815e-02	5.732223e-01	1.221524e-02
3.785680e-04	5.779932e-02	6.218914e-01	1.309939e-02
4.353531e-04	6.198287e-02	6.717427e-01	1.404753e-02
5.006561e-04	6.646922e-02	7.269856e-01	1.506430e-02
5.757545e-04	7.128030e-02	7.878410e-01	1.615466e-02
6.621177e-04	7.643961e-02	8.496873e-01	1.732394e-02
7.614354e-04	8.197235e-02	9.159402e-01	1.857786e-02
8.756507e-04	8.790555e-02	9.819659e-01	1.992254e-02
1.006998e-03	9.426820e-02	1.054666e+00	2.136454e-02
1.158048e-03	1.010914e-01	1.133699e+00	2.291092e-02
1.331755e-03	1.084084e-01	1.212464e+00	2.456922e-02
1.531519e-03	1.162551e-01	1.296614e+00	2.634755e-02
1.761246e-03	1.246697e-01	1.382336e+00	2.825460e-02
2.025433e-03	1.336934e-01	1.470902e+00	3.029969e-02
2.329248e-03	1.433701e-01	1.560100e+00	3.249279e-02
2.678635e-03	1.537474e-01	1.650385e+00	3.484464e-02
3.080431e-03	1.648757e-01	1.746161e+00	3.736671e-02
3.542495e-03	1.768095e-01	1.841223e+00	4.007133e-02
4.073870e-03	1.896070e-01	1.931585e+00	4.297172e-02
4.684950e-03	2.033309e-01	2.020314e+00	4.608203e-02
5.387693e-03	2.180481e-01	2.120869e+00	4.941748e-02
6.195847e-03	2.338305e-01	2.214171e+00	5.299434e-02
7.125224e-03	2.507553e-01	2.305789e+00	5.683010e-02
8.194007e-03	2.689051e-01	2.389672e+00	6.094349e-02
9.423108e-03	2.883686e-01	2.468259e+00	6.535461e-02
1.083657e-02	3.092408e-01	2.556961e+00	7.004913e-02
1.246206e-02	3.316239e-01	2.634065e+00	7.514756e-02
1.433137e-02	3.556270e-01	2.707547e+00	8.059983e-02
1.648108e-02	3.813674e-01	2.775219e+00	8.643351e-02
1.895324e-02	4.089710e-01	2.837850e+00	9.268935e-02
2.179622e-02	4.385726e-01	2.895129e+00	9.939822e-02
2.506566e-02	4.703167e-01	2.942515e+00	1.065925e-01
2.882550e-02	5.043584e-01	2.989365e+00	1.143076e-01
3.314933e-02	5.408642e-01	3.029186e+00	1.225811e-01
3.812173e-02	5.800122e-01	3.062293e+00	1.314535e-01
4.383999e-02	6.219938e-01	3.085662e+00	1.409680e-01
5.041599e-02	6.670140e-01	3.107848e+00	1.511712e-01
5.797838e-02	7.152929e-01	3.127909e+00	1.621128e-01
6.667514e-02	7.670661e-01	3.137102e+00	1.738465e-01
7.667641e-02	8.225868e-01	3.140875e+00	1.864295e-01
8.817787e-02	8.821261e-01	3.134597e+00	1.999233e-01
1.014046e-01	9.459748e-01	3.124329e+00	2.143936e-01
1.166152e-01	1.014445e+00	3.108955e+00	2.299114e-01
1.341075e-01	1.087871e+00	3.083342e+00	2.465524e-01
1.542237e-01	1.166612e+00	3.050781e+00	2.643979e-01
1.773572e-01	1.251052e+00	3.009795e+00	2.835350e-01
2.039608e-01	1.341603e+00	2.961149e+00	3.040572e-01
2.345549e-01	1.438709e+00	2.904829e+00	3.260648e-01
2.697381e-01	1.542844e+00	2.840652e+00	3.496655e-01
3.101989e-01	1.654516e+00	2.768600e+00	3.749744e-01
3.567287e-01	1.774271e+00	2.689891e+00	4.021150e-01
4.102380e-01	1.902693e+00	2.608028e+00	4.312201e-01
4.717737e-01	2.040411e+00	2.520411e+00	4.624319e-01
5.425397e-01	2.188097e+00	2.420258e+00	4.959030e-01
6.239207e-01	2.346473e+00	2.320881e+00	5.317965e-01
7.175088e-01	2.516312e+00	2.215994e+00	5.702882e-01
8.251351e-01	2.698444e+00	2.114942e+00	6.115653e-01
9.489054e-01	2.893759e+00	2.012799e+00	6.558285e-01
1.091241e+00	3.093087e+00	1.896578e+00	7.033206e-01
1.254927e+00	3.284962e+00	1.789541e+00	7.546302e-01
1.443166e+00	3.486236e+00	1.680111e+00	8.102228e-01
1.659641e+00	3.696484e+00	1.574714e+00	8.704879e-01
1.908588e+00	3.914918e+00	1.470738e+00	9.358869e-01
2.194876e+00	4.140268e+00	1.368723e+00	1.006950e+00
2.524107e+00	4.370640e+00	1.276919e+00	1.084293e+00
2.902723e+00	4.603358e+00	1.180755e+00	1.168642e+00
3.338132e+00	2.448222e+00	1.091416e+00	1.260868e+00
3.838852e+00	2.684571e+00	1.007437e+00	1.362024e+00
4.414679e+00	2.945748e+00	9.344770e-01	1.473404e+00
5.076881e+00	3.236702e+00	8.575666e-01	1.596616e+00
5.838413e+00	3.546756e+00	7.837227e-01	1.733686e+00
6.714175e+00	3.892744e+00	7.316938e-01	1.887181e+00
7.721302e+00	4.266416e+00	6.798645e-01	2.060386e+00
8.879497e+00	4.668680e+00	6.212796e-01	2.257527e+00
1.021142e+01	5.112118e+00	5.539069e-01	2.194756e+00
1.174313e+01	5.549706e+00	4.891268e-01	2.099631e+00
1.350460e+01	6.044420e+00	4.415066e-01	2.022373e+00
1.553030e+01	6.600862e+00	3.971282e-01	1.963368e+00
1.785984e+01	7.197978e+00	3.578716e-01	1.923103e+00
2.053882e+01	7.860590e+00	3.222363e-01	1.902181e+00
2.361964e+01	8.564165e+00	2.908762e-01	1.901302e+00
2.716258e+01	9.341654e+00	2.625477e-01	1.921192e+00
3.123697e+01	1.017814e+01	2.347786e-01	1.962817e+00
3.592252e+01	1.107630e+01	2.102087e-01	2.027149e+00
4.131089e+01	1.206995e+01	1.902260e-01	2.115365e+00
4.750753e+01	1.304212e+01	1.721749e-01	2.228927e+00
5.463366e+01	1.404446e+01	1.518343e-01	2.369715e+00
6.282871e+01	1.503181e+01	1.357066e-01	2.540187e+00
7.225301e+01	1.593480e+01	1.207498e-01	2.743549e+00
8.309096e+01	1.685910e+01	1.086998e-01	2.983927e+00
9.555461e+01	1.761411e+01	9.796328e-02	3.266591e+00
1.098878e+02	1.827324e+01	8.586762e-02	3.598175e+00
1.263710e+02	1.879463e+01	7.657985e-02	3.986924e+00
1.453266e+02	1.931449e+01	6.786069e-02	4.443088e+00
1.671256e+02	1.983178e+01	6.036838e-02	4.979290e+00
1.921945e+02	2.013653e+01	5.359094e-02	5.610447e+00
2.210236e+02	2.237391e+01	4.747656e-02	6.360029e+00
2.541772e+02	2.207004e+01	4.253249e-02	7.264024e+00
2.923037e+02	2.163183e+01	3.757373e-02	8.339912e+00
3.361493e+02	2.108731e+01	3.337555e-02	9.633784e+00
3.865717e+02	2.052036e+01	2.969397e-02	1.118807e+01
4.445574e+02	1.992638e+01	2.673380e-02	1.304076e+01
5.112411e+02	1.922399e+01	2.367720e-02	1.525638e+01
5.879272e+02	1.849644e+01	2.071724e-02	1.792533e+01
6.761163e+02	1.775908e+01	1.837936e-02	2.115575e+01
7.775337e+02	1.704564e+01	1.624148e-02	2.508201e+01
8.941638e+02	1.631576e+01	1.458694e-02	2.987850e+01
1.028288e+03	1.555460e+01	1.287569e-02	3.577040e+01
1.182532e+03	1.478397e+01	1.124642e-02	4.303424e+01
1.359911e+03	1.402110e+01	9.960945e-03	5.200950e+01
1.563898e+03	1.324854e+01	8.751308e-03	6.313668e+01
1.798483e+03	1.247509e+01	7.711542e-03	7.698953e+01
2.068255e+03	1.171836e+01	6.803704e-03	9.429054e+01
2.378493e+03	1.096782e+01	6.030195e-03	1.159611e+02
2.735268e+03	1.022563e+01	5.347513e-03	1.431937e+02
3.145558e+03	9.503239e+00	4.692647e-03	1.775174e+02
3.617391e+03	8.807608e+00	4.127150e-03	2.208916e+02
4.160000e+03	8.140978e+00	3.687326e-03	2.758290e+02
4.784000e+03	7.505447e+00	3.290760e-03	3.455504e+02
5.501600e+03	6.903027e+00	2.843587e-03	4.341742e+02
6.326840e+03	6.336182e+00	2.508107e-03	5.469612e+02
7.275866e+03	5.807267e+00	2.196448e-03	6.906126e+02
8.367246e+03	5.316316e+00	1.956418e-03	8.736385e+02
9.622333e+03	4.862112e+00	1.741343e-03	1.106803e+03
