# Energy_MeV	dEdx_Elec_MeV_um	dEdx_Nucl_MeV_um	Range_um
1.000000e-05	7.255220e-03	5.870425e-02	2.756636e-03
1.150000e-05	7.780357e-03	6.480810e-02	2.956163e-03
1.322500e-05	8.343503e-03	7.164763e-02	3.170131e-03
1.520875e-05	8.947410e-03	7.906384e-02	3.399587e-03
1.749006e-05	9.595029e-03	8.709236e-02	3.645651e-03
2.011357e-05	1.028952e-02	9.576713e-02	3.909525e-03
2.313061e-05	1.103428e-02	1.055529e-01	4.192499e-03
2.660020e-05	1.183295e-02	1.162693e-01	4.495954e-03
3.059023e-05	1.268943e-02	1.278333e-01	4.821373e-03
3.517876e-05	1.360789e-02	1.403204e-01	5.170347e-03
4.045558e-05	1.459284e-02	1.536669e-01	5.544579e-03
4.652391e-05	1.564908e-02	1.686998e-01	5.945899e-03
5.350250e-05	1.678177e-02	1.850053e-01	6.376266e-03
6.152788e-05	1.799644e-02	2.024894e-01	6.837784e-03
7.075706e-05	1.929903e-02	2.214836e-01	7.332706e-03
8.137062e-05	2.069590e-02	2.420972e-01	7.863451e-03
9.357621e-05	2.219388e-02	2.640440e-01	8.432612e-03
1.076126e-04	2.380029e-02	2.873795e-01	9.042969e-03
1.237545e-04	2.552297e-02	3.127077e-01	9.697504e-03
1.423177e-04	2.737033e-02	3.400712e-01	1.039941e-02
1.636654e-04	2.935141e-02	3.695372e-01	1.115213e-02
1.882152e-04	3.147588e-02	3.992074e-01	1.195933e-02
2.164475e-04	3.375412e-02	4.316418e-01	1.282495e-02
2.489146e-04	3.619727e-02	4.682371e-01	1.375323e-02
2.862518e-04	3.881724e-02	5.052128e-01	1.474869e-02
3.291895e-04	4.162685e-02	5.451975e-01	1.581621e-02
3.785680e-04	4.463983e-02	5.847991e-01	1.696099e-02
4.353531e-04	4.787088e-02	6.274702e-01	1.818864e-02
5.006561e-04	5.133580e-02	6.752257e-01	1.950514e-02
5.757545e-04	5.505152e-02	7.225770e-01	2.091694e-02
6.621177e-04	5.903617e-02	7.731144e-01	2.243092e-02
7.614354e-04	6.330924e-02	8.244104e-01	2.405448e-02
8.756507e-04	6.789160e-02	8.775253e-01	2.579555e-02
1.006998e-03	7.280563e-02	9.321936e-01	2.766265e-02
1.158048e-03	7.807534e-02	9.863281e-01	2.966489e-02
1.331755e-03	8.372647e-02	1.044163e+00	3.181205e-02
1.531519e-03	8.978664e-02	1.101406e+00	3.411462e-02
1.761246e-03	9.628544e-02	1.156958e+00	3.658385e-02
2.025433e-03	1.032546e-01	1.210877e+00	3.923181e-02
2.329248e-03	1.107283e-01	1.269736e+00	4.207143e-02
2.678635e-03	1.187428e-01	1.328135e+00	4.511658e-02
3.080431e-03	1.273375e-01	1.383562e+00	4.838215e-02
3.542495e-03	1.365543e-01	1.436242e+00	5.188407e-02
4.073870e-03	1.464381e-01	1.484451e+00	5.563947e-02
4.684950e-03	1.570374e-01	1.536425e+00	5.966668e-02
5.387693e-03	1.684038e-01	1.585763e+00	6.398539e-02
6.195847e-03	1.805930e-01	1.630460e+00	6.861668e-02
7.125224e-03	1.936644e-01	1.672880e+00	7.358320e-02
8.194007e-03	2.076820e-01	1.712590e+00	7.888500e-02
9.423108e-03	2.227141e-01	1.747386e+00	8.460575e-02
1.083657e-02	2.388342e-01	1.777738e+00	9.074849e-02
1.246206e-02	2.561212e-01	1.806060e+00	9.731571e-02
1.433137e-02	2.746594e-01	1.831739e+00	1.043596e-01
1.648108e-02	2.945394e-01	1.853804e+00	1.119131e-01
1.895324e-02	3.158583e-01	1.868882e+00	1.200133e-01
2.179622e-02	3.387203e-01	1.882136e+00	1.286998e-01
2.506566e-02	3.632370e-01	1.895686e+00	1.380149e-01
2.882550e-02	3.895283e-01	1.902590e+00	1.480043e-01
3.314933e-02	4.177226e-01	1.906097e+00	1.587168e-01
3.812173e-02	4.479576e-01	1.903611e+00	1.702047e-01
4.383999e-02	4.803810e-01	1.897743e+00	1.825240e-01
5.041599e-02	5.151512e-01	1.889839e+00	1.957350e-01
5.797838e-02	5.524381e-01	1.875802e+00	2.099022e-01
6.667514e-02	5.924239e-01	1.857187e+00	2.250950e-01
7.667641e-02	6.353038e-01	1.833673e+00	2.413873e-01
8.817787e-02	6.812875e-01	1.805376e+00	2.588588e-01
1.014046e-01	7.305994e-01	1.772491e+00	2.775950e-01
1.166152e-01	7.834806e-01	1.734908e+00	2.976873e-01
1.341075e-01	8.401893e-01	1.692299e+00	3.192340e-01
1.542237e-01	9.010027e-01	1.645820e+00	3.423401e-01
1.773572e-01	9.662177e-01	1.596642e+00	3.671186e-01
2.039608e-01	1.036153e+00	1.544593e+00	3.936907e-01
2.345549e-01	1.111150e+00	1.486010e+00	4.221862e-01
2.697381e-01	1.191576e+00	1.425231e+00	4.527441e-01
3.101989e-01	1.277823e+00	1.362860e+00	4.855137e-01
3.567287e-01	1.370312e+00	1.300447e+00	5.206552e-01
4.102380e-01	1.469496e+00	1.239037e+00	5.583404e-01
4.717737e-01	1.575859e+00	1.170980e+00	5.987533e-01
5.425397e-01	1.689921e+00	1.103910e+00	6.420916e-01
6.239207e-01	1.812238e+00	1.038476e+00	6.885647e-01
7.175088e-01	1.943409e+00	9.733541e-01	7.384068e-01
8.251351e-01	2.081441e+00	9.091380e-01	7.918483e-01
9.489054e-01	2.210854e+00	8.477841e-01	8.494940e-01
1.091241e+00	1.176232e+00	7.904409e-01	9.119520e-01
1.254927e+00	1.261421e+00	7.331577e-01	9.796394e-01
1.443166e+00	1.352777e+00	6.772878e-01	1.053078e+00
1.659641e+00	1.450744e+00	6.241982e-01	1.132853e+00
1.908588e+00	1.555803e+00	5.790655e-01	1.219644e+00
2.194876e+00	1.675402e+00	5.337990e-01	1.314252e+00
2.524107e+00	1.815732e+00	4.863536e-01	1.417633e+00
2.902723e+00	1.989297e+00	4.520271e-01	1.530941e+00
3.338132e+00	2.184402e+00	4.216973e-01	1.655590e+00
3.838852e+00	2.398587e+00	3.871111e-01	1.793332e+00
4.414679e+00	2.632565e+00	3.477370e-01	1.773831e+00
5.076881e+00	2.894973e+00	3.065316e-01	1.751764e+00
5.838413e+00	3.179113e+00	2.753794e-01	1.731061e+00
6.714175e+00	3.497698e+00	2.481068e-01	1.713177e+00
7.721302e+00	3.850458e+00	2.236189e-01	1.699651e+00
8.879497e+00	4.228601e+00	2.015912e-01	1.692129e+00
1.021142e+01	4.651859e+00	1.815522e-01	1.692307e+00
1.174313e+01	5.123735e+00	1.640413e-01	1.702187e+00
1.350460e+01	5.639164e+00	1.468901e-01	1.723804e+00
1.553030e+01	6.196237e+00	1.315848e-01	1.759379e+00
1.785984e+01	6.762726e+00	1.187729e-01	1.811284e+00
2.053882e+01	7.373169e+00	1.075842e-01	1.882029e+00
2.361964e+01	7.950025e+00	9.564896e-02	1.974265e+00
2.716258e+01	8.545092e+00	8.499275e-02	2.090808e+00
3.123697e+01	9.158634e+00	7.586806e-02	2.234705e+00
3.592252e+01	9.680949e+00	6.793531e-02	2.409368e+00
4.131089e+01	1.020626e+01	6.129911e-02	2.618766e+00
4.750753e+01	1.063805e+01	5.419324e-02	2.867638e+00
5.463366e+01	1.103489e+01	4.798874e-02	3.161787e+00
6.282871e+01	1.140952e+01	4.269791e-02	3.508392e+00
7.225301e+01	1.166956e+01	3.787400e-02	3.916391e+00
8.309096e+01	1.189970e+01	3.358253e-02	4.396908e+00
9.555461e+01	1.201254e+01	2.980349e-02	4.963776e+00
1.098878e+02	1.211922e+01	2.664239e-02	5.634241e+00
1.263710e+02	1.222704e+01	2.366267e-02	6.429550e+00
1.453266e+02	1.221611e+01	2.094757e-02	7.376445e+00
1.671256e+02	1.287961e+01	1.857652e-02	8.509267e+00
1.921945e+02	1.246616e+01	1.669853e-02	9.889819e+00
2.210236e+02	1.199600e+01	1.490254e-02	1.155911e+01
2.541772e+02	1.148890e+01	1.302586e-02	1.358913e+01
2.923037e+02	1.096648e+01	1.152723e-02	1.606719e+01
3.361493e+02	1.048844e+01	1.018310e-02	1.907452e+01
3.865717e+02	9.966734e+00	9.114558e-03	2.272464e+01
4.445574e+02	9.438922e+00	8.112850e-03	2.719042e+01
5.112411e+02	8.916457e+00	7.078045e-03	3.268023e+01
5.879272e+02	8.407834e+00	6.252428e-03	3.945783e+01
6.761163e+02	7.908401e+00	5.503562e-03	4.786440e+01
7.775337e+02	7.406152e+00	4.849193e-03	5.834820e+01
8.941638e+02	6.911656e+00	4.282344e-03	7.147382e+01
1.028288e+03	6.439350e+00	3.784614e-03	8.794417e+01
1.182532e+03	5.976653e+00	3.359096e-03	1.086650e+02
1.359911e+03	5.528257e+00	2.952429e-03	1.348323e+02
1.563898e+03	5.100552e+00	2.597374e-03	1.679687e+02
1.798483e+03	4.691936e+00	2.310758e-03	2.100249e+02
2.068255e+03	4.302670e+00	2.065384e-03	2.635332e+02
2.378493e+03	3.934016e+00	1.802487e-03	3.317587e+02
2.735268e+03	3.587891e+00	1.576545e-03	4.189015e+02
3.145558e+03	3.265172e+00	1.387218e-03	5.303547e+02
3.617391e+03	2.966372e+00	1.226231e-03	6.730412e+02
4.160000e+03	2.691107e+00	1.093988e-03	8.558149e+02
4.784000e+03	2.438638e+00	9.511088e-04	1.089976e+03
5.501600e+03	2.208234e+00	8.312749e-04	1.389901e+03
6.326840e+03	1.999166e+00	7.293215e-04	1.773814e+03
7.275866e+03	1.810429e+00	6.380056e-04	2.264723e+03
8.367246e+03	1.640773e+00	5.584673e-04	2.891543e+03
9.622333e+03	1.488901e+00	4.885180e-04	3.690425e+03
