# Energy_MeV	dEdx_Elec_MeV_um	dEdx_Nucl_MeV_um	Range_um
1.000000e-05	7.323419e-03	6.810352e-02	2.730965e-03
1.150000e-05	7.853492e-03	7.475751e-02	2.928634e-03
1.322500e-05	8.421932e-03	8.190478e-02	3.140610e-03
1.520875e-05	9.031516e-03	8.976346e-02	3.367929e-03
1.749006e-05	9.685221e-03	9.814089e-02	3.611701e-03
2.011357e-05	1.038624e-02	1.073492e-01	3.873118e-03
2.313061e-05	5.576845e-03	1.170597e-01	4.153456e-03
2.660020e-05	6.044163e-03	1.274498e-01	4.454086e-03
3.059023e-05	6.544664e-03	1.387950e-01	4.776475e-03
3.517876e-05	7.080811e-03	1.508476e-01	5.122198e-03
4.045558e-05	7.655236e-03	1.640771e-01	5.492946e-03
4.652391e-05	8.270759e-03	1.772252e-01	5.890528e-03
5.350250e-05	8.930395e-03	1.918745e-01	6.316888e-03
6.152788e-05	9.637376e-03	2.079884e-01	6.774107e-03
7.075706e-05	1.039516e-02	2.243638e-01	7.264421e-03
8.137062e-05	1.120746e-02	2.424976e-01	7.790224e-03
9.357621e-05	1.207825e-02	2.599507e-01	8.354084e-03
1.076126e-04	1.301178e-02	2.793882e-01	8.958757e-03
1.237545e-04	1.401263e-02	3.004049e-01	9.607197e-03
1.423177e-04	1.508567e-02	3.214552e-01	1.030257e-02
1.636654e-04	1.623616e-02	3.444593e-01	1.104828e-02
1.882152e-04	1.746972e-02	3.670961e-01	1.184796e-02
2.164475e-04	1.879238e-02	3.911301e-01	1.270552e-02
2.489146e-04	2.021060e-02	4.157332e-01	1.362515e-02
2.862518e-04	2.173131e-02	4.400431e-01	1.461135e-02
3.291895e-04	2.336195e-02	4.662042e-01	1.566892e-02
3.785680e-04	2.511047e-02	4.916149e-01	1.680305e-02
4.353531e-04	2.698542e-02	5.169052e-01	1.801926e-02
5.006561e-04	2.899596e-02	5.417807e-01	1.932350e-02
5.757545e-04	3.115192e-02	5.681389e-01	2.072215e-02
6.621177e-04	3.346383e-02	5.937107e-01	2.222203e-02
7.614354e-04	3.594298e-02	6.197637e-01	2.383047e-02
8.756507e-04	3.860149e-02	6.432241e-01	2.555533e-02
1.006998e-03	4.145234e-02	6.660036e-01	2.740504e-02
1.158048e-03	4.450946e-02	6.894657e-01	2.938863e-02
1.331755e-03	4.778778e-02	7.110228e-01	3.151580e-02
1.531519e-03	5.130333e-02	7.325337e-01	3.379693e-02
1.761246e-03	5.507328e-02	7.514940e-01	3.624317e-02
2.025433e-03	5.911603e-02	7.702255e-01	3.886647e-02
2.329248e-03	6.345136e-02	7.860379e-01	4.167964e-02
2.678635e-03	6.810043e-02	8.002464e-01	4.469644e-02
3.080431e-03	7.308595e-02	8.137423e-01	4.792989e-02
3.542495e-03	7.843229e-02	8.251904e-01	5.139361e-02
4.073870e-03	8.416556e-02	8.360090e-01	5.512327e-02
4.684950e-03	9.031377e-02	8.430648e-01	5.911207e-02
5.387693e-03	9.690696e-02	8.498729e-01	6.339094e-02
6.195847e-03	1.039773e-01	8.559091e-01	6.797908e-02
7.125224e-03	1.115594e-01	8.592838e-01	7.289934e-02
8.194007e-03	1.196903e-01	8.617542e-01	7.817575e-02
9.423108e-03	1.284097e-01	8.607840e-01	8.383404e-02
1.083657e-02	1.377601e-01	8.589381e-01	8.990187e-02
1.246206e-02	1.477873e-01	8.555209e-01	9.640892e-02
1.433137e-02	1.585403e-01	8.495924e-01	1.033870e-01
1.648108e-02	1.700716e-01	8.419313e-01	1.108701e-01
1.895324e-02	1.824375e-01	8.316625e-01	1.188948e-01
2.179622e-02	1.956984e-01	8.194815e-01	1.275003e-01
2.506566e-02	2.099191e-01	8.051197e-01	1.367288e-01
2.882550e-02	2.251691e-01	7.886354e-01	1.466252e-01
3.314933e-02	2.415230e-01	7.699050e-01	1.572379e-01
3.812173e-02	2.590604e-01	7.494159e-01	1.686188e-01
4.383999e-02	2.778673e-01	7.276342e-01	1.808234e-01
5.041599e-02	2.980354e-01	7.042047e-01	1.939114e-01
5.797838e-02	3.196633e-01	6.782766e-01	2.079468e-01
6.667514e-02	3.428566e-01	6.516815e-01	2.229979e-01
7.667641e-02	3.677286e-01	6.231325e-01	2.391385e-01
8.817787e-02	3.944009e-01	5.956082e-01	2.564473e-01
1.014046e-01	4.230037e-01	5.671990e-01	2.750091e-01
1.166152e-01	4.536768e-01	5.368394e-01	2.949143e-01
1.341075e-01	4.865700e-01	5.075376e-01	3.162602e-01
1.542237e-01	5.218441e-01	4.768597e-01	3.391511e-01
1.773572e-01	5.596713e-01	4.480417e-01	3.636990e-01
2.039608e-01	6.002364e-01	4.183001e-01	3.900239e-01
2.345549e-01	6.437377e-01	3.907287e-01	4.182531e-01
2.697381e-01	6.903876e-01	3.645403e-01	4.485293e-01
3.101989e-01	7.404141e-01	3.379265e-01	4.809855e-01
3.567287e-01	7.940688e-01	3.132455e-01	5.159605e-01
4.102380e-01	8.516069e-01	2.882824e-01	5.538516e-01
4.717737e-01	9.133096e-01	2.677573e-01	5.949092e-01
5.425397e-01	9.794785e-01	2.463396e-01	6.394500e-01
6.239207e-01	1.050437e+00	2.254002e-01	6.878251e-01
7.175088e-01	1.126532e+00	2.094013e-01	7.404439e-01
8.251351e-01	1.207867e+00	1.940912e-01	7.834473e-01
9.489054e-01	1.299515e+00	1.789090e-01	7.988814e-01
1.091241e+00	1.415830e+00	1.614495e-01	8.128179e-01
1.254927e+00	1.550665e+00	1.432395e-01	8.254590e-01
1.443166e+00	1.701666e+00	1.287501e-01	8.370678e-01
1.659641e+00	1.872387e+00	1.153247e-01	8.480299e-01
1.908588e+00	2.066223e+00	1.043234e-01	8.588144e-01
2.194876e+00	2.282596e+00	9.391209e-02	8.699933e-01
2.524107e+00	2.526870e+00	8.451615e-02	8.822548e-01
2.902723e+00	2.796163e+00	7.634071e-02	8.964171e-01
3.338132e+00	3.082726e+00	6.839468e-02	9.134452e-01
3.838852e+00	3.396858e+00	6.143455e-02	9.344687e-01
4.414679e+00	3.722041e+00	5.541033e-02	9.608013e-01
5.076881e+00	4.069671e+00	4.998521e-02	9.939519e-01
5.838413e+00	4.412889e+00	4.457351e-02	1.035634e+00
6.714175e+00	4.734716e+00	3.990689e-02	1.087788e+00
7.721302e+00	5.063413e+00	3.536429e-02	1.152561e+00
8.879497e+00	5.299795e+00	3.181930e-02	1.232328e+00
1.021142e+01	5.525367e+00	2.852776e-02	1.329714e+00
1.174313e+01	5.704555e+00	2.528784e-02	1.447651e+00
1.350460e+01	5.838995e+00	2.258156e-02	1.589488e+00
1.553030e+01	5.958638e+00	1.992097e-02	1.759138e+00
1.785984e+01	6.015053e+00	1.777009e-02	1.961282e+00
2.053882e+01	6.053254e+00	1.569603e-02	2.201645e+00
2.361964e+01	6.060897e+00	1.395814e-02	2.487307e+00
2.716258e+01	6.032861e+00	1.247363e-02	2.827100e+00
3.123697e+01	5.984831e+00	1.104275e-02	3.232091e+00
3.592252e+01	5.895012e+00	9.839577e-03	3.716173e+00
4.131089e+01	5.788607e+00	8.682551e-03	4.296857e+00
4.750753e+01	5.662891e+00	7.809859e-03	4.996038e+00
5.463366e+01	5.511402e+00	6.940519e-03	5.841880e+00
6.282871e+01	6.053419e+00	6.110150e-03	6.868946e+00
7.225301e+01	5.748673e+00	5.411105e-03	8.138754e+00
8.309096e+01	5.427953e+00	4.759554e-03	9.703339e+00
9.555461e+01	5.097415e+00	4.272114e-03	1.163646e+01
1.098878e+02	4.767519e+00	3.781524e-03	1.403965e+01
1.263710e+02	4.478948e+00	3.324150e-03	1.701412e+01
1.453266e+02	4.182295e+00	2.934622e-03	2.069056e+01
1.671256e+02	3.889738e+00	2.575088e-03	2.526877e+01
1.921945e+02	3.607037e+00	2.277804e-03	3.099464e+01
2.210236e+02	3.336661e+00	2.009091e-03	3.818356e+01
2.541772e+02	3.077552e+00	1.773345e-03	4.724417e+01
2.923037e+02	2.826567e+00	1.571568e-03	5.871707e+01
3.361493e+02	2.587497e+00	1.383090e-03	7.329362e+01
3.865717e+02	2.366144e+00	1.219245e-03	9.184379e+01
4.445574e+02	2.156745e+00	1.084434e-03	1.154855e+02
5.112411e+02	1.960429e+00	9.635960e-04	1.456968e+02
5.879272e+02	1.778590e+00	8.443493e-04	1.843696e+02
6.761163e+02	1.610437e+00	7.454605e-04	2.339277e+02
7.775337e+02	1.455479e+00	6.493451e-04	2.975100e+02
8.941638e+02	1.313065e+00	5.776819e-04	3.791616e+02
1.028288e+03	1.182886e+00	5.109757e-04	4.840773e+02
1.182532e+03	1.064390e+00	4.458383e-04	6.189099e+02
1.359911e+03	9.570834e-01	3.933657e-04	7.921777e+02
1.563898e+03	8.605839e-01	3.415574e-04	1.014747e+03
1.798483e+03	7.740904e-01	3.010367e-04	1.300454e+03
2.068255e+03	6.963838e-01	2.621602e-04	1.666864e+03
2.378493e+03	6.268048e-01	2.298161e-04	2.136213e+03
2.735268e+03	5.650027e-01	2.030680e-04	2.736549e+03
3.145558e+03	5.100975e-01	1.771098e-04	3.503113e+03
3.617391e+03	4.612421e-01	1.559416e-04	4.479975e+03
4.160000e+03	4.179926e-01	1.358153e-04	5.722010e+03
4.784000e+03	3.798448e-01	1.206835e-04	7.297165e+03
5.501600e+03	3.461580e-01	1.058438e-04	9.289039e+03
6.326840e+03	3.164874e-01	9.189181e-05	1.179978e+04
7.275866e+03	2.904921e-01	8.010452e-05	1.495327e+04
8.367246e+03	2.677163e-01	0.000000e+00	1.889849e+04
9.622333e+03	2.477664e-01	0.000000e+00	2.381300e+04
