# Energy_MeV	dEdx_Elec_MeV_um	dEdx_Nucl_MeV_um	Range_um
1.000000e-05	9.273654e-03	4.624591e-02	2.156647e-03
1.150000e-05	9.944886e-03	4.907617e-02	2.312747e-03
1.322500e-05	1.066470e-02	5.430337e-02	2.480144e-03
1.520875e-05	1.143662e-02	6.029446e-02	2.659658e-03
1.749006e-05	1.226441e-02	6.677491e-02	2.852166e-03
2.011357e-05	1.315211e-02	7.418621e-02	3.058607e-03
2.313061e-05	1.410407e-02	8.236455e-02	3.279991e-03
2.660020e-05	1.512493e-02	9.124781e-02	3.517398e-03
3.059023e-05	1.621968e-02	1.011319e-01	3.771990e-03
3.517876e-05	1.739367e-02	1.119519e-01	4.045008e-03
4.045558e-05	1.865263e-02	1.238371e-01	4.337788e-03
4.652391e-05	2.000272e-02	1.368156e-01	4.651759e-03
5.350250e-05	2.145052e-02	1.511080e-01	4.988456e-03
6.152788e-05	2.300313e-02	1.669496e-01	5.349523e-03
7.075706e-05	2.466810e-02	1.842750e-01	5.736725e-03
8.137062e-05	2.645359e-02	2.024684e-01	6.151952e-03
9.357621e-05	2.836832e-02	2.228000e-01	6.597233e-03
1.076126e-04	3.042163e-02	2.459781e-01	7.074744e-03
1.237545e-04	3.262357e-02	2.702442e-01	7.586818e-03
1.423177e-04	3.498488e-02	2.973665e-01	8.135956e-03
1.636654e-04	3.751710e-02	3.253947e-01	8.724841e-03
1.882152e-04	4.023261e-02	3.566250e-01	9.356350e-03
2.164475e-04	4.314467e-02	3.920613e-01	1.003357e-02
2.489146e-04	4.626750e-02	4.287920e-01	1.075980e-02
2.862518e-04	4.961637e-02	4.696958e-01	1.153860e-02
3.291895e-04	5.320763e-02	5.128829e-01	1.237377e-02
3.785680e-04	5.705882e-02	5.600611e-01	1.326939e-02
4.353531e-04	6.118877e-02	6.104758e-01	1.422984e-02
5.006561e-04	6.561765e-02	6.635245e-01	1.525980e-02
5.757545e-04	7.036709e-02	7.227558e-01	1.636431e-02
6.621177e-04	7.546029e-02	7.846434e-01	1.754877e-02
7.614354e-04	8.092215e-02	8.503451e-01	1.881896e-02
8.756507e-04	8.677934e-02	9.179263e-01	2.018109e-02
1.006998e-03	9.306047e-02	9.949153e-01	2.164181e-02
1.158048e-03	9.979624e-02	1.076632e+00	2.320825e-02
1.331755e-03	1.070195e-01	1.160599e+00	2.488808e-02
1.531519e-03	1.147657e-01	1.249269e+00	2.668949e-02
1.761246e-03	1.230725e-01	1.338307e+00	2.862129e-02
2.025433e-03	1.319805e-01	1.439548e+00	3.069291e-02
2.329248e-03	1.415333e-01	1.544748e+00	3.291448e-02
2.678635e-03	1.517776e-01	1.651355e+00	3.529685e-02
3.080431e-03	1.627633e-01	1.764336e+00	3.785165e-02
3.542495e-03	1.745442e-01	1.880812e+00	4.059137e-02
4.073870e-03	1.871778e-01	1.998435e+00	4.352940e-02
4.684950e-03	2.007259e-01	2.116915e+00	4.668008e-02
5.387693e-03	2.152545e-01	2.239722e+00	5.005881e-02
6.195847e-03	2.308348e-01	2.367009e+00	5.368209e-02
7.125224e-03	2.475427e-01	2.494611e+00	5.756763e-02
8.194007e-03	2.654600e-01	2.609446e+00	6.173441e-02
9.423108e-03	2.846741e-01	2.731706e+00	6.620278e-02
1.083657e-02	3.052790e-01	2.867547e+00	7.099457e-02
1.246206e-02	3.273752e-01	2.986471e+00	7.613319e-02
1.433137e-02	3.510708e-01	3.110531e+00	8.164375e-02
1.648108e-02	3.764815e-01	3.214359e+00	8.751092e-02
1.895324e-02	4.037314e-01	3.322266e+00	9.388422e-02
2.179622e-02	4.329537e-01	3.440003e+00	1.006884e-01
2.506566e-02	4.642912e-01	3.536775e+00	1.079765e-01
2.882550e-02	4.978968e-01	3.635447e+00	1.157915e-01
3.314933e-02	5.339348e-01	3.720867e+00	1.241724e-01
3.812173e-02	5.725813e-01	3.802458e+00	1.331599e-01
4.383999e-02	6.140251e-01	3.874009e+00	1.427979e-01
5.041599e-02	6.584685e-01	3.934662e+00	1.531335e-01
5.797838e-02	7.061288e-01	3.996608e+00	1.642172e-01
6.667514e-02	7.572388e-01	4.045583e+00	1.761032e-01
7.667641e-02	8.120481e-01	4.085877e+00	1.888494e-01
8.817787e-02	8.708246e-01	4.113861e+00	2.025182e-01
1.014046e-01	9.338554e-01	4.144454e+00	2.171765e-01
1.166152e-01	1.001448e+00	4.166477e+00	2.328957e-01
1.341075e-01	1.073934e+00	4.175505e+00	2.497525e-01
1.542237e-01	1.151666e+00	4.176324e+00	2.678295e-01
1.773572e-01	1.235024e+00	4.164525e+00	2.872151e-01
2.039608e-01	1.324415e+00	4.149883e+00	3.080037e-01
2.345549e-01	1.420277e+00	4.124787e+00	3.302970e-01
2.697381e-01	1.523078e+00	4.086975e+00	3.542038e-01
3.101989e-01	1.633319e+00	4.039865e+00	3.798411e-01
3.567287e-01	1.751539e+00	3.981661e+00	4.073341e-01
4.102380e-01	1.878317e+00	3.913208e+00	4.368170e-01
4.717737e-01	2.014270e+00	3.834817e+00	4.684338e-01
5.425397e-01	2.160064e+00	3.745345e+00	5.023390e-01
6.239207e-01	2.316411e+00	3.646595e+00	5.386984e-01
7.175088e-01	2.484074e+00	3.538779e+00	5.776897e-01
8.251351e-01	2.663872e+00	3.429291e+00	6.195030e-01
9.489054e-01	2.856685e+00	3.307610e+00	6.643426e-01
1.091241e+00	3.063453e+00	3.171665e+00	7.124279e-01
1.254927e+00	3.285188e+00	3.039623e+00	7.639948e-01
1.443166e+00	3.522971e+00	2.897311e+00	8.192841e-01
1.659641e+00	3.760580e+00	2.766537e+00	8.786475e-01
1.908588e+00	3.993493e+00	2.625251e+00	9.428419e-01
2.194876e+00	4.237685e+00	2.470552e+00	1.012391e+00
2.524107e+00	4.492588e+00	2.330744e+00	1.087800e+00
2.902723e+00	4.757178e+00	2.183251e+00	1.169646e+00
3.338132e+00	5.029830e+00	2.045450e+00	1.258599e+00
3.838852e+00	5.308138e+00	1.907537e+00	1.355438e+00
4.414679e+00	5.588724e+00	1.776674e+00	1.461085e+00
5.076881e+00	3.017124e+00	1.655175e+00	1.576645e+00
5.838413e+00	3.298809e+00	1.526834e+00	1.703457e+00
6.714175e+00	3.606925e+00	1.410495e+00	1.843172e+00
7.721302e+00	3.952471e+00	1.303198e+00	1.997846e+00
8.879497e+00	4.321657e+00	1.208374e+00	2.170066e+00
1.021142e+01	4.733484e+00	1.101677e+00	2.363122e+00
1.174313e+01	5.186363e+00	1.013790e+00	2.581222e+00
1.350460e+01	5.670041e+00	9.495241e-01	2.829788e+00
1.553030e+01	6.203741e+00	8.782770e-01	3.115835e+00
1.785984e+01	6.730933e+00	7.964746e-01	3.448460e+00
2.053882e+01	7.324182e+00	7.024017e-01	3.393109e+00
2.361964e+01	7.989851e+00	6.251161e-01	3.188575e+00
2.716258e+01	8.666814e+00	5.650212e-01	3.031849e+00
3.123697e+01	9.409495e+00	5.089289e-01	2.918698e+00
3.592252e+01	1.018891e+01	4.579466e-01	2.845904e+00
4.131089e+01	1.104502e+01	4.125769e-01	2.811058e+00
4.750753e+01	1.198873e+01	3.730944e-01	2.812414e+00
5.463366e+01	1.301683e+01	3.353041e-01	2.848754e+00
6.282871e+01	1.416397e+01	3.002028e-01	2.919558e+00
7.225301e+01	1.538475e+01	2.688943e-01	3.024880e+00
8.309096e+01	1.666341e+01	2.446500e-01	3.165516e+00
9.555461e+01	1.803322e+01	2.198932e-01	3.343129e+00
1.098878e+02	1.931460e+01	1.936388e-01	3.560387e+00
1.263710e+02	2.064819e+01	1.736465e-01	3.821117e+00
1.453266e+02	2.186176e+01	1.541444e-01	4.130473e+00
1.671256e+02	2.288928e+01	1.396025e-01	4.495130e+00
1.921945e+02	2.383852e+01	1.248758e-01	4.923501e+00
2.210236e+02	2.479155e+01	1.094956e-01	5.426108e+00
2.541772e+02	2.571747e+01	9.788569e-02	6.016124e+00
2.923037e+02	2.642519e+01	8.647086e-02	6.708123e+00
3.361493e+02	2.872805e+01	7.698686e-02	7.529950e+00
3.865717e+02	2.863149e+01	6.824459e-02	8.516487e+00
4.445574e+02	2.834980e+01	6.070963e-02	9.683220e+00
5.112411e+02	2.788639e+01	5.434391e-02	1.107978e+01
5.879272e+02	2.740552e+01	4.788928e-02	1.274431e+01
6.761163e+02	2.680385e+01	4.252113e-02	1.471110e+01
7.775337e+02	2.605054e+01	3.795355e-02	1.704781e+01
8.941638e+02	2.525548e+01	3.417928e-02	1.984189e+01
1.028288e+03	2.443989e+01	2.995217e-02	2.319848e+01
1.182532e+03	2.365732e+01	2.634850e-02	2.724700e+01
1.359911e+03	2.283239e+01	2.333353e-02	3.215603e+01
1.563898e+03	2.195127e+01	2.073807e-02	3.814004e+01
1.798483e+03	2.104774e+01	1.862746e-02	4.545817e+01
2.068255e+03	2.013203e+01	1.626429e-02	5.442666e+01
2.378493e+03	1.918848e+01	1.429856e-02	6.545849e+01
2.735268e+03	1.823094e+01	1.263101e-02	7.908442e+01
3.145558e+03	1.727453e+01	1.112457e-02	9.596844e+01
3.617391e+03	1.631402e+01	9.795399e-03	1.169549e+02
4.160000e+03	1.535740e+01	8.645094e-03	1.431321e+02
4.784000e+03	1.440592e+01	7.687223e-03	1.758880e+02
5.501600e+03	1.346772e+01	6.776794e-03	2.169944e+02
6.326840e+03	1.255553e+01	5.962450e-03	2.687162e+02
7.275866e+03	1.167719e+01	5.254769e-03	3.339482e+02
8.367246e+03	1.083352e+01	4.721352e-03	4.163843e+02
9.622333e+03	1.002716e+01	4.176501e-03	5.207350e+02
