# Energy_MeV	dEdx_Elec_MeV_um	dEdx_Nucl_MeV_um	Range_um
1.000000e-05	8.584548e-03	6.395571e-02	2.329767e-03
1.150000e-05	9.205902e-03	7.070472e-02	2.498397e-03
1.322500e-05	9.872231e-03	7.803419e-02	2.679232e-03
1.520875e-05	1.058679e-02	8.601105e-02	2.873157e-03
1.749006e-05	1.135307e-02	9.459387e-02	3.081117e-03
2.011357e-05	1.217481e-02	1.041840e-01	3.304130e-03
2.313061e-05	1.305602e-02	1.148140e-01	3.543285e-03
2.660020e-05	1.400103e-02	1.262764e-01	3.799750e-03
3.059023e-05	1.501443e-02	1.386666e-01	4.074778e-03
3.517876e-05	1.610118e-02	1.519214e-01	4.369712e-03
4.045558e-05	1.726659e-02	1.666406e-01	4.685994e-03
4.652391e-05	1.851636e-02	1.828403e-01	5.025169e-03
5.350250e-05	1.985658e-02	2.001984e-01	5.388893e-03
6.152788e-05	2.129381e-02	2.189943e-01	5.778944e-03
7.075706e-05	2.283507e-02	2.394190e-01	6.197227e-03
8.137062e-05	2.448788e-02	2.611734e-01	6.645786e-03
9.357621e-05	2.626033e-02	2.844160e-01	7.126811e-03
1.076126e-04	2.816107e-02	3.094913e-01	7.642654e-03
1.237545e-04	3.019938e-02	3.366269e-01	8.195833e-03
1.423177e-04	3.238523e-02	3.658980e-01	8.789052e-03
1.636654e-04	3.472929e-02	3.956474e-01	9.425208e-03
1.882152e-04	3.724301e-02	4.277014e-01	1.010741e-02
2.164475e-04	3.993868e-02	4.640295e-01	1.083899e-02
2.489146e-04	4.282946e-02	5.009235e-01	1.162352e-02
2.862518e-04	4.592948e-02	5.406292e-01	1.246484e-02
3.291895e-04	4.925388e-02	5.805020e-01	1.336705e-02
3.785680e-04	5.281890e-02	6.226892e-01	1.433456e-02
4.353531e-04	5.664196e-02	6.704891e-01	1.537211e-02
5.006561e-04	6.074174e-02	7.176150e-01	1.648475e-02
5.757545e-04	6.513826e-02	7.680661e-01	1.767792e-02
6.621177e-04	6.985300e-02	8.192957e-01	1.895746e-02
7.614354e-04	7.490900e-02	8.725377e-01	2.032961e-02
8.756507e-04	8.033095e-02	9.279456e-01	2.180108e-02
1.006998e-03	8.614534e-02	9.816717e-01	2.337905e-02
1.158048e-03	9.238059e-02	1.039887e+00	2.507124e-02
1.331755e-03	9.906715e-02	1.096991e+00	2.688591e-02
1.531519e-03	1.062377e-01	1.153589e+00	2.883193e-02
1.761246e-03	1.139272e-01	1.208168e+00	3.091880e-02
2.025433e-03	1.221733e-01	1.265860e+00	3.315672e-02
2.329248e-03	1.310163e-01	1.325240e+00	3.555662e-02
2.678635e-03	1.404993e-01	1.381748e+00	3.813022e-02
3.080431e-03	1.506687e-01	1.435356e+00	4.089011e-02
3.542495e-03	1.615742e-01	1.485010e+00	4.384976e-02
4.073870e-03	1.732691e-01	1.535856e+00	4.702363e-02
4.684950e-03	1.858104e-01	1.586498e+00	5.042722e-02
5.387693e-03	1.992594e-01	1.632615e+00	5.407717e-02
6.195847e-03	2.136819e-01	1.675602e+00	5.799130e-02
7.125224e-03	2.291483e-01	1.716477e+00	6.218957e-02
8.194007e-03	2.457342e-01	1.752129e+00	6.669233e-02
9.423108e-03	2.635206e-01	1.783702e+00	7.151816e-02
1.083657e-02	2.825943e-01	1.812684e+00	7.669534e-02
1.246206e-02	3.030487e-01	1.839094e+00	8.224629e-02
1.433137e-02	3.249835e-01	1.862600e+00	8.819920e-02
1.648108e-02	3.485060e-01	1.878819e+00	9.458301e-02
1.895324e-02	3.737310e-01	1.892415e+00	1.014289e-01
2.179622e-02	4.007819e-01	1.906959e+00	1.087702e-01
2.506566e-02	4.297907e-01	1.914544e+00	1.166429e-01
2.882550e-02	4.608991e-01	1.919048e+00	1.250855e-01
3.314933e-02	4.942593e-01	1.917539e+00	1.341391e-01
3.812173e-02	5.300340e-01	1.912212e+00	1.438481e-01
4.383999e-02	5.683982e-01	1.905226e+00	1.542597e-01
5.041599e-02	6.095391e-01	1.891971e+00	1.654250e-01
5.797838e-02	6.536579e-01	1.874302e+00	1.773984e-01
6.667514e-02	7.009700e-01	1.851528e+00	1.902385e-01
7.667641e-02	7.517066e-01	1.824037e+00	2.040080e-01
8.817787e-02	8.061155e-01	1.791864e+00	2.187740e-01
1.014046e-01	8.644625e-01	1.755048e+00	2.346088e-01
1.166152e-01	9.270328e-01	1.712942e+00	2.515899e-01
1.341075e-01	9.941319e-01	1.667210e+00	2.698000e-01
1.542237e-01	1.066088e+00	1.618143e+00	2.893281e-01
1.773572e-01	1.143252e+00	1.566333e+00	3.102696e-01
2.039608e-01	1.226001e+00	1.508978e+00	3.327270e-01
2.345549e-01	1.314739e+00	1.448055e+00	3.568099e-01
2.697381e-01	1.409901e+00	1.385506e+00	3.826359e-01
3.101989e-01	1.511950e+00	1.322650e+00	4.103311e-01
3.567287e-01	1.621386e+00	1.260444e+00	4.400309e-01
4.102380e-01	1.738743e+00	1.193849e+00	4.718805e-01
4.717737e-01	1.864594e+00	1.125885e+00	5.060348e-01
5.425397e-01	1.999554e+00	1.059458e+00	5.426653e-01
6.239207e-01	2.144283e+00	9.940226e-01	5.819302e-01
7.175088e-01	2.281628e+00	9.284068e-01	6.241811e-01
8.251351e-01	2.422390e+00	8.666848e-01	6.699388e-01
9.489054e-01	2.569772e+00	8.082729e-01	7.195131e-01
1.091241e+00	2.723355e+00	7.504462e-01	7.732840e-01
1.254927e+00	1.447595e+00	6.939745e-01	8.316686e-01
1.443166e+00	1.552445e+00	6.385380e-01	8.951559e-01
1.659641e+00	1.667977e+00	5.925504e-01	9.643170e-01
1.908588e+00	1.805052e+00	5.472539e-01	1.039830e+00
2.194876e+00	1.970884e+00	4.977246e-01	1.122510e+00
2.524107e+00	2.165616e+00	4.621932e-01	1.213354e+00
2.902723e+00	2.374227e+00	4.312845e-01	1.313592e+00
3.338132e+00	2.607229e+00	3.972703e-01	1.405476e+00
3.838852e+00	2.862804e+00	3.586064e-01	1.382193e+00
4.414679e+00	3.142904e+00	3.157710e-01	1.359913e+00
5.076881e+00	3.457716e+00	2.836861e-01	1.339758e+00
5.838413e+00	3.797987e+00	2.550484e-01	1.322890e+00
6.714175e+00	4.174333e+00	2.303263e-01	1.310522e+00
7.721302e+00	4.586175e+00	2.076076e-01	1.303942e+00
8.879497e+00	5.048216e+00	1.865312e-01	1.304469e+00
1.021142e+01	5.568675e+00	1.688871e-01	1.313643e+00
1.174313e+01	6.117292e+00	1.511481e-01	1.333019e+00
1.350460e+01	6.706321e+00	1.357150e-01	1.364269e+00
1.553030e+01	7.337393e+00	1.222770e-01	1.409157e+00
1.785984e+01	7.944806e+00	1.106108e-01	1.469537e+00
2.053882e+01	8.594374e+00	9.891396e-02	1.547364e+00
2.361964e+01	9.229571e+00	8.784954e-02	1.644732e+00
2.716258e+01	9.841345e+00	7.828053e-02	1.763953e+00
3.123697e+01	1.044115e+01	7.009843e-02	1.907687e+00
3.592252e+01	1.092317e+01	6.307113e-02	2.079097e+00
4.131089e+01	1.140573e+01	5.612206e-02	2.282038e+00
4.750753e+01	1.181122e+01	4.966230e-02	2.521278e+00
5.463366e+01	1.215581e+01	4.409810e-02	2.802744e+00
6.282871e+01	1.246835e+01	3.918436e-02	3.133826e+00
7.225301e+01	1.260874e+01	3.462425e-02	3.523712e+00
8.309096e+01	1.274803e+01	3.081205e-02	3.983827e+00
9.555461e+01	1.287818e+01	2.751285e-02	4.528249e+00
1.098878e+02	1.292591e+01	2.446140e-02	5.175013e+00
1.263710e+02	1.292458e+01	2.168473e-02	5.944474e+00
1.453266e+02	1.360410e+01	1.911223e-02	6.876974e+00
1.671256e+02	1.314551e+01	1.720940e-02	8.007300e+00
1.921945e+02	1.264399e+01	1.539481e-02	9.372849e+00
2.210236e+02	1.208375e+01	1.345366e-02	1.103812e+01
2.541772e+02	1.160231e+01	1.191682e-02	1.305926e+01
2.923037e+02	1.106695e+01	1.049416e-02	1.550209e+01
3.361493e+02	1.051208e+01	9.399538e-03	1.847903e+01
3.865717e+02	9.959701e+00	8.387420e-03	2.212533e+01
4.445574e+02	9.417251e+00	7.315420e-03	2.661201e+01
5.112411e+02	8.889831e+00	6.465094e-03	3.215660e+01
5.879272e+02	8.354983e+00	5.683700e-03	3.904633e+01
6.761163e+02	7.823665e+00	5.019919e-03	4.764672e+01
7.775337e+02	7.311511e+00	4.432313e-03	5.841153e+01
8.941638e+02	6.809562e+00	3.903369e-03	7.191548e+01
1.028288e+03	6.320060e+00	3.471917e-03	8.892023e+01
1.182532e+03	5.848918e+00	3.049922e-03	1.104010e+02
1.359911e+03	5.397418e+00	2.689254e-03	1.376028e+02
1.563898e+03	4.965199e+00	2.387764e-03	1.721352e+02
1.798483e+03	4.552578e+00	2.129943e-03	2.160803e+02
2.068255e+03	4.163231e+00	1.872384e-03	2.721172e+02
2.378493e+03	3.798291e+00	1.636517e-03	3.436856e+02
2.735268e+03	3.458614e+00	1.436363e-03	4.352053e+02
3.145558e+03	3.143991e+00	1.269801e-03	5.523355e+02
3.617391e+03	2.853728e+00	1.128691e-03	7.023059e+02
4.160000e+03	2.587773e+00	9.889775e-04	8.943283e+02
4.784000e+03	2.345596e+00	8.629809e-04	1.140098e+03
5.501600e+03	2.125947e+00	7.557721e-04	1.454405e+03
6.326840e+03	1.927676e+00	6.625924e-04	1.855869e+03
7.275866e+03	1.749837e+00	5.768486e-04	2.367815e+03
8.367246e+03	1.590728e+00	5.068111e-04	3.019314e+03
9.622333e+03	1.448580e+00	4.471987e-04	3.846398e+03
