# Energy_MeV	dEdx_Elec_MeV_um	dEdx_Nucl_MeV_um	Range_um
1.000000e-05	9.168401e-03	4.645652e-02	2.181406e-03
1.150000e-05	9.832014e-03	4.838839e-02	2.339297e-03
1.322500e-05	1.054366e-02	5.299645e-02	2.508616e-03
1.520875e-05	1.130682e-02	5.889046e-02	2.690191e-03
1.749006e-05	1.212521e-02	6.521808e-02	2.884909e-03
2.011357e-05	1.300284e-02	7.235270e-02	3.093720e-03
2.313061e-05	1.394399e-02	8.044848e-02	3.317645e-03
2.660020e-05	1.495326e-02	8.910316e-02	3.557778e-03
3.059023e-05	1.603559e-02	9.882810e-02	3.815292e-03
3.517876e-05	1.719625e-02	1.093544e-01	4.091445e-03
4.045558e-05	1.844093e-02	1.210431e-01	4.387586e-03
4.652391e-05	1.977569e-02	1.338522e-01	4.705162e-03
5.350250e-05	2.120707e-02	1.477305e-01	5.045724e-03
6.152788e-05	2.274205e-02	1.633523e-01	5.410936e-03
7.075706e-05	2.438813e-02	1.802071e-01	5.802582e-03
8.137062e-05	2.615335e-02	1.984937e-01	6.222576e-03
9.357621e-05	2.804635e-02	2.181300e-01	6.672969e-03
1.076126e-04	3.007636e-02	2.405944e-01	7.155963e-03
1.237545e-04	3.225330e-02	2.649473e-01	7.673915e-03
1.423177e-04	3.458781e-02	2.911863e-01	8.229357e-03
1.636654e-04	3.709129e-02	3.195527e-01	8.825002e-03
1.882152e-04	3.977598e-02	3.497228e-01	9.463760e-03
2.164475e-04	4.265499e-02	3.842192e-01	1.014875e-02
2.489146e-04	4.574238e-02	4.211743e-01	1.088332e-02
2.862518e-04	4.905324e-02	4.608318e-01	1.167107e-02
3.291895e-04	5.260374e-02	5.040061e-01	1.251582e-02
3.785680e-04	5.641122e-02	5.506424e-01	1.342173e-02
4.353531e-04	6.049430e-02	6.004306e-01	1.439320e-02
5.006561e-04	6.487290e-02	6.532480e-01	1.543498e-02
5.757545e-04	6.956844e-02	7.108415e-01	1.655218e-02
6.621177e-04	7.460384e-02	7.729056e-01	1.775023e-02
7.614354e-04	8.000371e-02	8.391388e-01	1.903500e-02
8.756507e-04	8.579442e-02	9.058812e-01	2.041277e-02
1.006998e-03	9.200426e-02	9.800339e-01	2.189025e-02
1.158048e-03	9.866358e-02	1.063107e+00	2.347468e-02
1.331755e-03	1.058049e-01	1.145957e+00	2.517379e-02
1.531519e-03	1.134631e-01	1.236453e+00	2.699588e-02
1.761246e-03	1.216756e-01	1.324868e+00	2.894986e-02
2.025433e-03	1.304826e-01	1.422413e+00	3.104527e-02
2.329248e-03	1.399270e-01	1.530608e+00	3.329234e-02
2.678635e-03	1.500550e-01	1.636055e+00	3.570206e-02
3.080431e-03	1.609160e-01	1.750669e+00	3.828619e-02
3.542495e-03	1.725632e-01	1.865521e+00	4.105736e-02
4.073870e-03	1.850534e-01	1.985867e+00	4.402912e-02
4.684950e-03	1.984477e-01	2.107487e+00	4.721597e-02
5.387693e-03	2.128114e-01	2.228240e+00	5.063349e-02
6.195847e-03	2.282149e-01	2.359196e+00	5.429836e-02
7.125224e-03	2.447332e-01	2.486466e+00	5.822851e-02
8.194007e-03	2.624471e-01	2.610710e+00	6.244312e-02
9.423108e-03	2.814431e-01	2.729515e+00	6.696278e-02
1.083657e-02	3.018141e-01	2.864236e+00	7.180959e-02
1.246206e-02	3.236596e-01	2.993487e+00	7.700720e-02
1.433137e-02	3.470863e-01	3.116068e+00	8.258102e-02
1.648108e-02	3.722086e-01	3.232205e+00	8.852552e-02
1.895324e-02	3.991492e-01	3.337294e+00	9.495134e-02
2.179622e-02	4.280398e-01	3.455992e+00	1.018452e-01
2.506566e-02	4.590216e-01	3.563685e+00	1.092157e-01
2.882550e-02	4.922458e-01	3.661843e+00	1.171208e-01
3.314933e-02	5.278748e-01	3.755137e+00	1.255980e-01
3.812173e-02	5.660827e-01	3.841104e+00	1.346886e-01
4.383999e-02	6.070560e-01	3.917362e+00	1.444373e-01
5.041599e-02	6.509951e-01	3.983043e+00	1.548915e-01
5.797838e-02	6.981145e-01	4.045588e+00	1.661024e-01
6.667514e-02	7.486443e-01	4.101180e+00	1.781249e-01
7.667641e-02	8.028316e-01	4.147633e+00	1.910175e-01
8.817787e-02	8.609410e-01	4.178380e+00	2.048432e-01
1.014046e-01	9.232564e-01	4.208018e+00	2.196696e-01
1.166152e-01	9.900822e-01	4.237293e+00	2.355693e-01
1.341075e-01	1.061745e+00	4.249228e+00	2.526198e-01
1.542237e-01	1.138594e+00	4.255765e+00	2.709044e-01
1.773572e-01	1.221007e+00	4.247045e+00	2.905123e-01
2.039608e-01	1.309384e+00	4.233112e+00	3.115395e-01
2.345549e-01	1.404158e+00	4.213828e+00	3.340888e-01
2.697381e-01	1.505791e+00	4.179175e+00	3.582702e-01
3.101989e-01	1.614781e+00	4.135860e+00	3.842018e-01
3.567287e-01	1.731660e+00	4.080707e+00	4.120102e-01
4.102380e-01	1.856998e+00	4.015431e+00	4.418316e-01
4.717737e-01	1.991409e+00	3.939643e+00	4.738115e-01
5.425397e-01	2.135548e+00	3.853440e+00	5.081061e-01
6.239207e-01	2.290120e+00	3.755945e+00	5.448828e-01
7.175088e-01	2.455880e+00	3.650341e+00	5.843214e-01
8.251351e-01	2.633638e+00	3.538985e+00	6.266148e-01
9.489054e-01	2.824262e+00	3.421468e+00	6.719694e-01
1.091241e+00	3.028684e+00	3.287102e+00	7.206072e-01
1.254927e+00	3.247902e+00	3.151006e+00	7.727631e-01
1.443166e+00	3.482987e+00	3.010467e+00	8.286991e-01
1.659641e+00	3.728956e+00	2.871613e+00	8.886803e-01
1.908588e+00	3.960706e+00	2.734826e+00	9.534004e-01
2.194876e+00	4.203961e+00	2.579106e+00	1.023524e+00
2.524107e+00	4.458268e+00	2.431185e+00	1.099524e+00
2.902723e+00	4.722752e+00	2.284802e+00	1.181983e+00
3.338132e+00	4.995981e+00	2.140326e+00	1.271563e+00
3.838852e+00	5.275794e+00	1.998378e+00	1.369028e+00
4.414679e+00	5.559108e+00	1.862166e+00	1.475281e+00
5.076881e+00	5.841719e+00	1.736255e+00	1.591399e+00
5.838413e+00	6.118103e+00	1.607415e+00	1.718685e+00
6.714175e+00	3.264268e+00	1.484350e+00	1.858734e+00
7.721302e+00	3.593502e+00	1.368213e+00	2.013526e+00
8.879497e+00	3.952188e+00	1.271196e+00	2.185546e+00
1.021142e+01	4.354245e+00	1.168205e+00	2.377945e+00
1.174313e+01	4.786722e+00	1.063251e+00	2.594745e+00
1.350460e+01	5.263432e+00	9.943975e-01	2.841118e+00
1.553030e+01	5.782763e+00	9.253420e-01	3.123748e+00
1.785984e+01	6.306372e+00	8.466445e-01	3.451295e+00
2.053882e+01	6.883190e+00	7.561423e-01	3.673590e+00
2.361964e+01	7.520487e+00	6.642716e-01	3.430704e+00
2.716258e+01	8.199882e+00	6.011903e-01	3.241962e+00
3.123697e+01	8.921986e+00	5.401365e-01	3.101891e+00
3.592252e+01	9.676939e+00	4.877424e-01	3.006319e+00
4.131089e+01	1.051527e+01	4.387840e-01	2.952091e+00
4.750753e+01	1.141385e+01	3.954821e-01	2.936866e+00
5.463366e+01	1.241311e+01	3.578266e-01	2.958993e+00
6.282871e+01	1.353231e+01	3.193779e-01	3.017375e+00
7.225301e+01	1.471351e+01	2.866046e-01	3.111807e+00
8.309096e+01	1.600718e+01	2.587079e-01	3.242681e+00
9.555461e+01	1.733053e+01	2.346072e-01	3.411294e+00
1.098878e+02	1.866655e+01	2.074229e-01	3.619955e+00
1.263710e+02	2.007434e+01	1.846637e-01	3.872124e+00
1.453266e+02	2.127825e+01	1.647236e-01	4.172576e+00
1.671256e+02	2.246473e+01	1.478234e-01	4.527593e+00
1.921945e+02	2.340596e+01	1.335113e-01	4.945150e+00
2.210236e+02	2.439546e+01	1.173554e-01	5.435319e+00
2.541772e+02	2.547439e+01	1.042623e-01	6.010388e+00
2.923037e+02	2.619310e+01	9.260425e-02	6.685612e+00
3.361493e+02	2.911237e+01	8.221538e-02	7.481450e+00
3.865717e+02	2.908551e+01	7.290910e-02	8.437831e+00
4.445574e+02	2.887063e+01	6.471725e-02	9.571448e+00
5.112411e+02	2.850064e+01	5.795536e-02	1.092329e+01
5.879272e+02	2.799590e+01	5.130277e-02	1.253791e+01
6.761163e+02	2.747584e+01	4.547198e-02	1.444940e+01
7.775337e+02	2.674991e+01	4.033874e-02	1.671188e+01
8.941638e+02	2.596308e+01	3.641975e-02	1.941218e+01
1.028288e+03	2.514735e+01	3.233425e-02	2.265003e+01
1.182532e+03	2.434498e+01	2.816471e-02	2.654842e+01
1.359911e+03	2.354469e+01	2.505977e-02	3.126445e+01
1.563898e+03	2.267314e+01	2.207133e-02	3.700195e+01
1.798483e+03	2.176036e+01	1.987292e-02	4.400951e+01
2.068255e+03	2.085005e+01	1.758744e-02	5.258726e+01
2.378493e+03	1.990386e+01	1.528971e-02	6.311805e+01
2.735268e+03	1.893705e+01	1.358342e-02	7.610380e+01
3.145558e+03	1.797101e+01	1.190932e-02	9.217108e+01
3.617391e+03	1.699818e+01	1.052352e-02	1.121116e+02
4.160000e+03	1.602805e+01	9.272615e-03	1.369453e+02
4.784000e+03	1.506115e+01	8.201412e-03	1.679749e+02
5.501600e+03	1.410219e+01	7.295838e-03	2.068632e+02
6.326840e+03	1.316444e+01	6.386389e-03	2.557328e+02
7.275866e+03	1.225967e+01	5.632977e-03	3.172984e+02
8.367246e+03	1.138920e+01	5.016676e-03	3.950237e+02
9.622333e+03	1.055457e+01	4.487915e-03	4.933271e+02
