# Energy_MeV	dEdx_Elec_MeV_um	dEdx_Nucl_MeV_um	Range_um
1.000000e-05	8.871161e-03	4.615346e-02	2.254496e-03
1.150000e-05	9.513261e-03	4.772030e-02	2.417678e-03
1.322500e-05	1.020184e-02	5.113010e-02	2.592671e-03
1.520875e-05	1.094025e-02	5.670718e-02	2.780330e-03
1.749006e-05	1.173211e-02	6.292753e-02	2.981571e-03
2.011357e-05	1.258129e-02	6.971688e-02	3.197379e-03
2.313061e-05	1.349193e-02	7.749804e-02	3.428807e-03
2.660020e-05	1.446848e-02	8.596745e-02	3.676986e-03
3.059023e-05	1.551572e-02	9.527381e-02	3.943128e-03
3.517876e-05	1.663875e-02	1.055349e-01	4.228534e-03
4.045558e-05	1.784307e-02	1.168329e-01	4.534597e-03
4.652391e-05	1.913457e-02	1.292397e-01	4.862814e-03
5.350250e-05	2.051954e-02	1.427153e-01	5.214787e-03
6.152788e-05	2.200475e-02	1.576981e-01	5.592236e-03
7.075706e-05	2.359747e-02	1.741329e-01	5.997005e-03
8.137062e-05	2.530546e-02	1.921003e-01	6.431071e-03
9.357621e-05	2.713709e-02	2.110340e-01	6.896556e-03
1.076126e-04	2.910128e-02	2.323784e-01	7.395732e-03
1.237545e-04	3.120765e-02	2.564275e-01	7.931039e-03
1.423177e-04	3.346647e-02	2.816883e-01	8.505092e-03
1.636654e-04	3.588879e-02	3.097775e-01	9.120695e-03
1.882152e-04	3.848644e-02	3.389257e-01	9.780856e-03
2.164475e-04	4.127211e-02	3.717076e-01	1.048880e-02
2.489146e-04	4.425941e-02	4.084248e-01	1.124798e-02
2.862518e-04	4.746293e-02	4.466177e-01	1.206212e-02
3.291895e-04	5.089832e-02	4.890851e-01	1.293518e-02
3.785680e-04	5.458237e-02	5.340901e-01	1.387144e-02
4.353531e-04	5.853307e-02	5.830137e-01	1.487546e-02
5.006561e-04	6.276973e-02	6.352235e-01	1.595215e-02
5.757545e-04	6.731303e-02	6.904710e-01	1.710678e-02
6.621177e-04	7.218519e-02	7.518838e-01	1.834498e-02
7.614354e-04	7.740999e-02	8.162995e-01	1.967279e-02
8.756507e-04	8.301296e-02	8.836201e-01	2.109672e-02
1.006998e-03	8.902149e-02	9.542958e-01	2.262371e-02
1.158048e-03	9.546491e-02	1.035098e+00	2.426123e-02
1.331755e-03	1.023747e-01	1.118583e+00	2.601727e-02
1.531519e-03	1.097846e-01	1.206299e+00	2.790041e-02
1.761246e-03	1.177309e-01	1.296554e+00	2.991986e-02
2.025433e-03	1.262523e-01	1.389526e+00	3.208548e-02
2.329248e-03	1.353906e-01	1.495771e+00	3.440784e-02
2.678635e-03	1.451902e-01	1.602645e+00	3.689830e-02
3.080431e-03	1.556991e-01	1.713945e+00	3.956902e-02
3.542495e-03	1.669687e-01	1.829473e+00	4.243304e-02
4.073870e-03	1.790540e-01	1.949356e+00	4.550437e-02
4.684950e-03	1.920140e-01	2.071386e+00	4.879800e-02
5.387693e-03	2.059121e-01	2.192100e+00	5.233002e-02
6.195847e-03	2.208161e-01	2.320555e+00	5.611770e-02
7.125224e-03	2.367989e-01	2.449888e+00	6.017953e-02
8.194007e-03	2.539386e-01	2.579288e+00	6.453535e-02
9.423108e-03	2.723188e-01	2.696936e+00	6.920646e-02
1.083657e-02	2.920293e-01	2.825135e+00	7.421566e-02
1.246206e-02	3.131666e-01	2.963124e+00	7.958742e-02
1.433137e-02	3.358337e-01	3.084420e+00	8.534800e-02
1.648108e-02	3.601416e-01	3.209712e+00	9.152554e-02
1.895324e-02	3.862088e-01	3.315135e+00	9.812851e-02
2.179622e-02	4.141628e-01	3.428196e+00	1.052575e-01
2.506566e-02	4.441401e-01	3.546952e+00	1.128745e-01
2.882550e-02	4.762872e-01	3.644805e+00	1.210455e-01
3.314933e-02	5.107611e-01	3.744720e+00	1.298063e-01
3.812173e-02	5.477303e-01	3.831804e+00	1.392016e-01
4.383999e-02	5.873753e-01	3.913454e+00	1.492769e-01
5.041599e-02	6.298898e-01	3.985310e+00	1.600815e-01
5.797838e-02	6.754816e-01	4.046880e+00	1.716681e-01
6.667514e-02	7.243733e-01	4.109014e+00	1.840932e-01
7.667641e-02	7.768038e-01	4.158314e+00	1.974178e-01
8.817787e-02	8.330293e-01	4.196493e+00	2.117068e-01
1.014046e-01	8.933244e-01	4.225102e+00	2.270301e-01
1.166152e-01	9.579837e-01	4.257100e+00	2.434625e-01
1.341075e-01	1.027323e+00	4.276030e+00	2.610842e-01
1.542237e-01	1.101681e+00	4.284762e+00	2.799814e-01
1.773572e-01	1.181422e+00	4.282599e+00	3.002464e-01
2.039608e-01	1.266933e+00	4.269604e+00	3.219783e-01
2.345549e-01	1.358635e+00	4.254140e+00	3.452830e-01
2.697381e-01	1.456973e+00	4.225246e+00	3.702745e-01
3.101989e-01	1.562430e+00	4.185169e+00	3.970750e-01
3.567287e-01	1.675519e+00	4.134674e+00	4.258154e-01
4.102380e-01	1.796794e+00	4.073196e+00	4.566359e-01
4.717737e-01	1.926847e+00	4.001156e+00	4.896872e-01
5.425397e-01	2.066314e+00	3.919023e+00	5.251307e-01
6.239207e-01	2.215875e+00	3.825064e+00	5.631399e-01
7.175088e-01	2.376261e+00	3.722629e+00	6.039002e-01
8.251351e-01	2.548256e+00	3.611343e+00	6.476106e-01
9.489054e-01	2.732700e+00	3.497708e+00	6.944846e-01
1.091241e+00	2.930494e+00	3.370000e+00	7.447515e-01
1.254927e+00	3.142605e+00	3.230300e+00	7.986564e-01
1.443166e+00	3.370068e+00	3.093998e+00	8.564678e-01
1.659641e+00	3.613996e+00	2.948781e+00	9.184402e-01
1.908588e+00	3.849960e+00	2.814558e+00	9.850667e-01
2.194876e+00	4.087824e+00	2.666396e+00	1.057193e+00
2.524107e+00	4.336999e+00	2.508808e+00	1.135333e+00
2.902723e+00	4.596825e+00	2.365754e+00	1.220078e+00
3.338132e+00	4.866150e+00	2.215085e+00	1.312079e+00
3.838852e+00	5.143181e+00	2.073393e+00	1.412101e+00
4.414679e+00	5.425294e+00	1.933493e+00	1.521036e+00
5.076881e+00	5.708840e+00	1.800508e+00	1.639940e+00
5.838413e+00	5.988939e+00	1.675784e+00	1.770082e+00
6.714175e+00	6.259313e+00	1.545144e+00	1.913007e+00
7.721302e+00	3.432557e+00	1.425999e+00	2.070624e+00
8.879497e+00	3.780235e+00	1.320129e+00	2.245316e+00
1.021142e+01	4.158939e+00	1.221882e+00	2.440086e+00
1.174313e+01	4.575282e+00	1.109982e+00	2.658760e+00
1.350460e+01	5.040913e+00	1.028308e+00	2.906241e+00
1.553030e+01	5.528842e+00	9.622209e-01	3.188853e+00
1.785984e+01	6.059444e+00	8.875021e-01	3.514780e+00
2.053882e+01	6.603168e+00	8.015756e-01	3.894642e+00
2.361964e+01	7.208868e+00	7.027600e-01	3.779185e+00
2.716258e+01	7.892856e+00	6.307387e-01	3.551133e+00
3.123697e+01	8.568898e+00	5.685231e-01	3.377633e+00
3.592252e+01	9.314112e+00	5.131259e-01	3.253615e+00
4.131089e+01	1.011301e+01	4.616299e-01	3.175225e+00
4.750753e+01	1.097447e+01	4.152051e-01	3.139577e+00
5.463366e+01	1.193723e+01	3.764124e-01	3.144570e+00
6.282871e+01	1.298503e+01	3.368909e-01	3.188740e+00
7.225301e+01	1.414113e+01	3.024040e-01	3.271458e+00
8.309096e+01	1.540139e+01	2.712033e-01	3.392779e+00
9.555461e+01	1.668341e+01	2.468461e-01	3.553632e+00
1.098878e+02	1.806793e+01	2.209272e-01	3.755955e+00
1.263710e+02	1.938592e+01	1.946666e-01	4.002841e+00
1.453266e+02	2.069735e+01	1.746880e-01	4.298710e+00
1.671256e+02	2.197630e+01	1.552657e-01	4.649481e+00
1.921945e+02	2.294568e+01	1.407492e-01	5.062799e+00
2.210236e+02	2.393288e+01	1.253400e-01	5.548295e+00
2.541772e+02	2.495132e+01	1.099775e-01	6.117893e+00
2.923037e+02	2.584163e+01	9.839871e-02	6.786887e+00
3.361493e+02	2.661543e+01	8.691348e-02	7.571305e+00
3.865717e+02	2.912299e+01	7.730448e-02	8.507644e+00
4.445574e+02	2.897628e+01	6.859635e-02	9.627782e+00
5.112411e+02	2.870918e+01	6.105692e-02	1.095385e+01
5.879272e+02	2.820682e+01	5.460191e-02	1.254137e+01
6.761163e+02	2.775309e+01	4.810224e-02	1.442941e+01
7.775337e+02	2.710595e+01	4.266743e-02	1.665811e+01
8.941638e+02	2.633855e+01	3.825937e-02	1.931016e+01
1.028288e+03	2.553503e+01	3.436117e-02	2.248295e+01
1.182532e+03	2.471988e+01	2.992802e-02	2.629605e+01
1.359911e+03	2.393563e+01	2.651028e-02	3.089744e+01
1.563898e+03	2.309054e+01	2.337701e-02	3.648113e+01
1.798483e+03	2.219408e+01	2.089964e-02	4.329015e+01
2.068255e+03	2.128524e+01	1.871744e-02	5.161707e+01
2.378493e+03	2.035296e+01	1.623824e-02	6.182250e+01
2.735268e+03	1.939487e+01	1.438663e-02	7.438197e+01
3.145558e+03	1.842809e+01	1.264757e-02	8.989816e+01
3.617391e+03	1.745705e+01	1.117787e-02	1.091271e+02
4.160000e+03	1.648473e+01	9.838355e-03	1.330344e+02
4.784000e+03	1.551667e+01	8.665282e-03	1.628614e+02
5.501600e+03	1.455273e+01	7.735104e-03	2.001911e+02
6.326840e+03	1.360310e+01	6.781206e-03	2.470431e+02
7.275866e+03	1.268207e+01	5.990383e-03	3.060003e+02
8.367246e+03	1.179546e+01	5.286105e-03	3.803610e+02
9.622333e+03	1.094347e+01	4.752395e-03	4.743331e+02
