# Energy_MeV	dEdx_Elec_MeV_um	dEdx_Nucl_MeV_um	Range_um
1.000000e-05	8.330616e-03	6.756886e-02	2.400783e-03
1.150000e-05	8.933590e-03	7.434658e-02	2.574553e-03
1.322500e-05	9.580208e-03	8.194286e-02	2.760900e-03
1.520875e-05	1.027363e-02	9.019868e-02	2.960736e-03
1.749006e-05	1.101724e-02	9.925318e-02	3.175035e-03
2.011357e-05	1.181467e-02	1.088568e-01	3.404846e-03
2.313061e-05	1.266983e-02	1.193202e-01	3.651291e-03
2.660020e-05	1.358687e-02	1.309785e-01	3.915573e-03
3.059023e-05	1.457030e-02	1.435310e-01	4.198984e-03
3.517876e-05	1.562490e-02	1.572385e-01	4.502909e-03
4.045558e-05	1.675584e-02	1.718666e-01	4.828832e-03
4.652391e-05	1.796864e-02	1.879656e-01	5.178345e-03
5.350250e-05	1.926922e-02	2.049873e-01	5.553157e-03
6.152788e-05	2.066394e-02	2.230431e-01	5.955097e-03
7.075706e-05	2.215960e-02	2.428541e-01	6.386130e-03
8.137062e-05	2.376353e-02	2.639274e-01	6.848362e-03
9.357621e-05	2.548354e-02	2.868462e-01	7.344050e-03
1.076126e-04	2.732806e-02	3.099680e-01	7.875616e-03
1.237545e-04	2.930608e-02	3.352854e-01	8.445657e-03
1.423177e-04	1.571680e-02	3.634050e-01	9.056959e-03
1.636654e-04	1.692484e-02	3.923021e-01	9.712506e-03
1.882152e-04	1.822004e-02	4.232043e-01	1.041550e-02
2.164475e-04	1.960872e-02	4.541301e-01	1.116938e-02
2.489146e-04	2.109768e-02	4.875142e-01	1.197783e-02
2.862518e-04	2.269418e-02	5.241430e-01	1.284479e-02
3.291895e-04	2.440604e-02	5.612094e-01	1.377450e-02
3.785680e-04	2.624161e-02	6.003673e-01	1.477151e-02
4.353531e-04	2.820987e-02	6.403925e-01	1.584068e-02
5.006561e-04	3.032043e-02	6.815643e-01	1.698723e-02
5.757545e-04	3.258360e-02	7.240372e-01	1.821678e-02
6.621177e-04	3.501045e-02	7.663787e-01	1.953532e-02
7.614354e-04	3.761282e-02	8.110996e-01	2.094930e-02
8.756507e-04	4.040343e-02	8.558669e-01	2.246562e-02
1.006998e-03	4.339592e-02	8.986488e-01	2.409169e-02
1.158048e-03	4.660490e-02	9.415065e-01	2.583546e-02
1.331755e-03	5.004605e-02	9.872208e-01	2.770544e-02
1.531519e-03	5.373619e-02	1.031663e+00	2.971078e-02
1.761246e-03	5.769334e-02	1.076043e+00	3.186126e-02
2.025433e-03	6.193683e-02	1.115879e+00	3.416739e-02
2.329248e-03	6.648740e-02	1.154796e+00	3.664045e-02
2.678635e-03	7.136727e-02	1.195069e+00	3.929250e-02
3.080431e-03	7.660029e-02	1.232470e+00	4.213652e-02
3.542495e-03	8.221203e-02	1.268609e+00	4.518638e-02
4.073870e-03	8.822989e-02	1.300737e+00	4.845699e-02
4.684950e-03	9.468327e-02	1.332319e+00	5.196434e-02
5.387693e-03	1.016037e-01	1.359565e+00	5.571642e-02
6.195847e-03	1.090250e-01	1.383012e+00	5.976087e-02
7.125224e-03	1.169834e-01	1.405752e+00	6.408537e-02
8.194007e-03	1.255178e-01	1.425160e+00	6.872452e-02
9.423108e-03	1.346700e-01	1.442763e+00	7.369854e-02
1.083657e-02	1.444845e-01	1.454724e+00	7.903278e-02
1.246206e-02	1.550093e-01	1.465457e+00	8.475311e-02
1.433137e-02	1.662959e-01	1.475518e+00	9.088749e-02
1.648108e-02	1.783995e-01	1.481292e+00	9.746587e-02
1.895324e-02	1.913790e-01	1.484042e+00	1.045204e-01
2.179622e-02	2.052980e-01	1.482360e+00	1.120855e-01
2.506566e-02	2.202245e-01	1.478155e+00	1.201982e-01
2.882550e-02	2.362313e-01	1.471760e+00	1.288981e-01
3.314933e-02	2.533967e-01	1.461134e+00	1.382277e-01
3.812173e-02	2.718045e-01	1.446799e+00	1.482326e-01
4.383999e-02	2.915447e-01	1.428657e+00	1.589616e-01
5.041599e-02	3.127136e-01	1.406820e+00	1.704673e-01
5.797838e-02	3.354148e-01	1.381390e+00	1.828057e-01
6.667514e-02	3.597590e-01	1.352253e+00	1.960371e-01
7.667641e-02	3.858653e-01	1.319343e+00	2.102262e-01
8.817787e-02	4.138612e-01	1.283207e+00	2.254424e-01
1.014046e-01	4.438834e-01	1.245317e+00	2.417600e-01
1.166152e-01	4.760787e-01	1.204450e+00	2.592586e-01
1.341075e-01	5.106042e-01	1.159020e+00	2.780237e-01
1.542237e-01	5.476287e-01	1.112477e+00	2.981470e-01
1.773572e-01	5.873331e-01	1.063192e+00	3.197270e-01
2.039608e-01	6.299112e-01	1.015673e+00	3.428690e-01
2.345549e-01	6.755712e-01	9.667456e-01	3.676859e-01
2.697381e-01	7.245361e-01	9.140142e-01	3.942990e-01
3.101989e-01	7.770451e-01	8.628921e-01	4.228385e-01
3.567287e-01	8.333547e-01	8.106755e-01	4.534434e-01
4.102380e-01	8.937400e-01	7.610687e-01	4.862664e-01
4.717737e-01	9.584960e-01	7.104066e-01	5.214513e-01
5.425397e-01	1.027945e+00	6.625190e-01	5.592867e-01
6.239207e-01	1.102424e+00	6.182497e-01	6.002503e-01
7.175088e-01	1.182293e+00	5.727533e-01	6.446293e-01
8.251351e-01	1.267943e+00	5.301927e-01	6.927609e-01
9.489054e-01	1.359793e+00	4.884212e-01	7.450159e-01
1.091241e+00	1.458292e+00	4.529736e-01	8.018297e-01
1.254927e+00	1.565121e+00	4.171247e-01	8.637099e-01
1.443166e+00	1.689247e+00	3.814509e-01	9.312578e-01
1.659641e+00	1.838696e+00	3.538976e-01	1.005197e+00
1.908588e+00	2.015809e+00	3.295090e-01	1.086408e+00
2.194876e+00	2.206737e+00	3.026180e-01	1.104745e+00
2.524107e+00	2.420980e+00	2.718797e-01	1.100342e+00
2.902723e+00	2.655735e+00	2.408973e-01	1.095371e+00
3.338132e+00	2.916275e+00	2.160306e-01	1.090630e+00
3.838852e+00	3.210147e+00	1.945908e-01	1.086996e+00
4.414679e+00	3.528810e+00	1.752717e-01	1.085414e+00
5.076881e+00	3.880830e+00	1.580551e-01	1.086953e+00
5.838413e+00	4.256361e+00	1.423260e-01	1.092787e+00
6.714175e+00	4.675527e+00	1.284718e-01	1.104202e+00
7.721302e+00	5.148371e+00	1.152128e-01	1.122620e+00
8.879497e+00	5.623812e+00	1.031309e-01	1.149598e+00
1.021142e+01	6.130962e+00	9.325886e-02	1.186831e+00
1.174313e+01	6.650903e+00	8.415757e-02	1.236145e+00
1.350460e+01	7.135533e+00	7.487745e-02	1.299492e+00
1.553030e+01	7.639727e+00	6.683921e-02	1.378951e+00
1.785984e+01	8.098054e+00	5.936447e-02	1.476784e+00
2.053882e+01	8.541217e+00	5.343608e-02	1.595498e+00
2.361964e+01	8.945453e+00	4.794104e-02	1.737963e+00
2.716258e+01	9.266911e+00	4.244236e-02	1.907569e+00
3.123697e+01	9.578671e+00	3.776118e-02	2.108422e+00
3.592252e+01	9.815228e+00	3.341709e-02	2.345580e+00
4.131089e+01	1.001489e+01	2.978411e-02	2.625320e+00
4.750753e+01	1.017254e+01	2.633243e-02	2.955453e+00
5.463366e+01	1.022405e+01	2.337392e-02	3.345718e+00
6.282871e+01	1.025724e+01	2.091925e-02	3.808256e+00
7.225301e+01	1.027480e+01	1.852721e-02	4.358125e+00
8.309096e+01	1.024195e+01	1.647166e-02	5.014593e+00
9.555461e+01	1.016246e+01	1.458179e-02	5.799640e+00
1.098878e+02	1.056209e+01	1.310102e-02	6.754421e+00
1.263710e+02	1.013414e+01	1.166378e-02	7.919851e+00
1.453266e+02	9.677005e+00	1.024545e-02	9.335133e+00
1.671256e+02	9.184899e+00	9.045790e-03	1.107188e+01
1.921945e+02	8.752230e+00	8.004542e-03	1.319518e+01
2.210236e+02	8.297615e+00	7.154746e-03	1.577911e+01
2.541772e+02	7.830632e+00	6.351414e-03	1.894767e+01
2.923037e+02	7.369528e+00	5.569492e-03	2.285336e+01
3.361493e+02	6.919426e+00	4.905391e-03	2.768969e+01
3.865717e+02	6.484688e+00	4.324465e-03	3.370318e+01
4.445574e+02	6.050164e+00	3.806433e-03	4.121974e+01
5.112411e+02	5.624589e+00	3.364351e-03	5.065782e+01
5.879272e+02	5.217449e+00	2.972141e-03	6.254032e+01
6.761163e+02	4.824965e+00	2.633539e-03	7.752951e+01
7.775337e+02	4.446941e+00	2.319740e-03	9.650207e+01
8.941638e+02	4.086944e+00	2.037825e-03	1.205869e+02
1.028288e+03	3.746355e+00	1.817748e-03	1.512266e+02
1.182532e+03	3.424885e+00	1.616867e-03	1.902855e+02
1.359911e+03	3.121863e+00	1.412433e-03	2.401778e+02
1.563898e+03	2.838728e+00	1.242383e-03	3.040104e+02
1.798483e+03	2.575732e+00	1.086299e-03	3.857721e+02
2.068255e+03	2.333195e+00	9.664139e-04	4.905843e+02
2.378493e+03	2.111123e+00	8.560713e-04	6.250011e+02
2.735268e+03	1.908822e+00	7.455608e-04	7.973877e+02
3.145558e+03	1.724815e+00	6.547906e-04	1.018392e+03
3.617391e+03	1.558030e+00	5.712135e-04	1.301522e+03
4.160000e+03	1.408097e+00	5.025968e-04	1.663848e+03
4.784000e+03	1.273819e+00	4.383932e-04	2.126850e+03
5.501600e+03	1.153686e+00	3.835845e-04	2.717426e+03
6.326840e+03	1.046615e+00	3.393329e-04	3.469104e+03
7.275866e+03	9.515959e-01	2.962096e-04	4.423451e+03
8.367246e+03	8.672947e-01	2.599943e-04	5.631679e+03
9.622333e+03	7.927040e-01	2.274326e-04	7.156461e+03
