# Energy_MeV	dEdx_Elec_MeV_um	dEdx_Nucl_MeV_um	Range_um
1.000000e-05	8.381936e-03	4.611325e-02	2.386084e-03
1.150000e-05	8.988625e-03	5.113922e-02	2.558790e-03
1.322500e-05	9.639226e-03	5.667161e-02	2.743996e-03
1.520875e-05	1.033692e-02	6.301542e-02	2.942608e-03
1.749006e-05	1.108511e-02	6.986538e-02	3.155596e-03
2.011357e-05	1.188746e-02	7.745040e-02	3.383999e-03
2.313061e-05	1.274788e-02	8.576329e-02	3.628935e-03
2.660020e-05	1.367057e-02	9.493425e-02	3.891599e-03
3.059023e-05	1.466006e-02	1.050405e-01	4.173275e-03
3.517876e-05	1.572116e-02	1.159578e-01	4.475339e-03
4.045558e-05	1.685907e-02	1.281713e-01	4.799266e-03
4.652391e-05	1.807934e-02	1.414785e-01	5.146640e-03
5.350250e-05	1.938793e-02	1.560102e-01	5.519156e-03
6.152788e-05	2.079124e-02	1.714205e-01	5.918636e-03
7.075706e-05	2.229612e-02	1.888221e-01	6.347030e-03
8.137062e-05	2.390992e-02	2.082591e-01	6.806431e-03
9.357621e-05	2.564053e-02	2.288147e-01	7.299084e-03
1.076126e-04	2.749641e-02	2.515059e-01	7.827396e-03
1.237545e-04	2.948661e-02	2.752197e-01	8.393947e-03
1.423177e-04	3.162087e-02	3.019477e-01	9.001505e-03
1.636654e-04	3.390961e-02	3.315935e-01	9.653039e-03
1.882152e-04	3.636400e-02	3.626669e-01	1.035173e-02
2.164475e-04	3.899605e-02	3.970341e-01	1.110099e-02
2.489146e-04	4.181860e-02	4.336631e-01	1.190449e-02
2.862518e-04	4.484545e-02	4.732672e-01	1.276614e-02
3.291895e-04	4.809139e-02	5.154873e-01	1.369016e-02
3.785680e-04	5.157227e-02	5.604656e-01	1.468107e-02
4.353531e-04	5.530510e-02	6.101084e-01	1.574369e-02
5.006561e-04	5.930811e-02	6.625251e-01	1.688323e-02
5.757545e-04	6.360086e-02	7.166954e-01	1.810524e-02
6.621177e-04	6.820433e-02	7.742770e-01	1.941571e-02
7.614354e-04	7.314099e-02	8.401653e-01	2.082103e-02
8.756507e-04	7.843498e-02	9.071788e-01	2.232807e-02
1.006998e-03	8.411214e-02	9.786707e-01	2.394418e-02
1.158048e-03	9.020022e-02	1.051016e+00	2.567728e-02
1.331755e-03	9.672896e-02	1.126769e+00	2.753581e-02
1.531519e-03	1.037303e-01	1.213403e+00	2.952887e-02
1.761246e-03	1.112383e-01	1.298925e+00	3.166618e-02
2.025433e-03	1.192898e-01	1.389681e+00	3.395820e-02
2.329248e-03	1.279241e-01	1.482502e+00	3.641611e-02
2.678635e-03	1.371833e-01	1.579188e+00	3.905193e-02
3.080431e-03	1.471127e-01	1.678461e+00	4.187853e-02
3.542495e-03	1.577608e-01	1.775363e+00	4.490972e-02
4.073870e-03	1.691796e-01	1.880106e+00	4.816031e-02
4.684950e-03	1.814249e-01	1.983602e+00	5.164617e-02
5.387693e-03	1.945565e-01	2.087046e+00	5.538435e-02
6.195847e-03	2.086386e-01	2.182523e+00	5.939310e-02
7.125224e-03	2.237400e-01	2.287098e+00	6.369200e-02
8.194007e-03	2.399344e-01	2.396953e+00	6.830206e-02
9.423108e-03	2.573010e-01	2.495295e+00	7.324580e-02
1.083657e-02	2.759245e-01	2.594908e+00	7.854737e-02
1.246206e-02	2.958961e-01	2.680298e+00	8.423267e-02
1.433137e-02	3.173132e-01	2.772559e+00	9.030453e-02
1.648108e-02	3.402805e-01	2.866605e+00	9.685066e-02
1.895324e-02	3.649102e-01	2.945821e+00	1.038823e-01
2.179622e-02	3.913226e-01	3.025472e+00	1.113999e-01
2.506566e-02	4.196467e-01	3.096068e+00	1.194633e-01
2.882550e-02	4.500210e-01	3.161018e+00	1.281100e-01
3.314933e-02	4.825938e-01	3.218094e+00	1.373825e-01
3.812173e-02	5.175242e-01	3.268064e+00	1.473261e-01
4.383999e-02	5.549828e-01	3.317221e+00	1.579894e-01
5.041599e-02	5.951528e-01	3.357097e+00	1.694246e-01
5.797838e-02	6.382302e-01	3.386542e+00	1.816874e-01
6.667514e-02	6.844257e-01	3.409829e+00	1.948379e-01
7.667641e-02	7.339648e-01	3.435958e+00	2.089402e-01
8.817787e-02	7.870895e-01	3.449565e+00	2.240631e-01
1.014046e-01	8.440595e-01	3.456731e+00	2.402808e-01
1.166152e-01	9.051530e-01	3.453679e+00	2.576723e-01
1.341075e-01	9.706684e-01	3.443081e+00	2.763226e-01
1.542237e-01	1.040926e+00	3.430499e+00	2.963227e-01
1.773572e-01	1.116269e+00	3.405890e+00	3.177705e-01
2.039608e-01	1.197065e+00	3.373255e+00	3.407707e-01
2.345549e-01	1.283709e+00	3.331667e+00	3.654358e-01
2.697381e-01	1.376625e+00	3.281486e+00	3.918860e-01
3.101989e-01	1.476265e+00	3.222757e+00	4.202506e-01
3.567287e-01	1.583118e+00	3.155903e+00	4.506684e-01
4.102380e-01	1.697705e+00	3.079317e+00	4.832879e-01
4.717737e-01	1.820586e+00	2.996374e+00	5.182684e-01
5.425397e-01	1.952361e+00	2.906627e+00	5.557807e-01
6.239207e-01	2.093674e+00	2.814207e+00	5.960081e-01
7.175088e-01	2.245215e+00	2.710075e+00	6.391473e-01
8.251351e-01	2.407725e+00	2.597946e+00	6.854091e-01
9.489054e-01	2.581997e+00	2.487189e+00	7.350196e-01
1.091241e+00	2.768884e+00	2.371021e+00	7.882187e-01
1.254927e+00	2.969297e+00	2.262076e+00	8.452745e-01
1.443166e+00	3.180699e+00	2.141218e+00	9.064486e-01
1.659641e+00	3.378493e+00	2.015534e+00	9.724264e-01
1.908588e+00	3.586150e+00	1.899467e+00	1.043912e+00
2.194876e+00	3.803298e+00	1.778750e+00	1.121380e+00
2.524107e+00	4.029214e+00	1.663698e+00	1.205430e+00
2.902723e+00	4.262700e+00	1.551643e+00	1.296729e+00
3.338132e+00	4.501949e+00	1.445279e+00	1.396055e+00
3.838852e+00	4.744373e+00	1.343945e+00	1.504323e+00
4.414679e+00	4.986433e+00	1.239594e+00	1.622625e+00
5.076881e+00	5.223469e+00	1.142913e+00	1.752279e+00
5.838413e+00	2.839358e+00	1.059418e+00	1.894901e+00
6.714175e+00	3.125614e+00	9.793459e-01	2.052491e+00
7.721302e+00	3.438517e+00	8.880991e-01	2.227561e+00
8.879497e+00	3.789112e+00	8.259409e-01	2.423291e+00
1.021142e+01	4.162803e+00	7.719480e-01	2.643745e+00
1.174313e+01	4.575942e+00	7.110472e-01	2.894141e+00
1.350460e+01	5.021474e+00	6.410114e-01	3.128221e+00
1.553030e+01	5.477459e+00	5.608395e-01	2.966575e+00
1.785984e+01	5.977941e+00	5.054344e-01	2.833280e+00
2.053882e+01	6.535713e+00	4.546166e-01	2.728013e+00
2.361964e+01	7.147352e+00	4.109263e-01	2.650679e+00
2.716258e+01	7.809037e+00	3.697642e-01	2.601409e+00
3.123697e+01	8.525184e+00	3.325169e-01	2.580545e+00
3.592252e+01	9.324886e+00	3.014450e-01	2.588573e+00
4.131089e+01	1.017257e+01	2.692023e-01	2.626199e+00
4.750753e+01	1.110775e+01	2.420620e-01	2.694309e+00
5.463366e+01	1.213926e+01	2.173902e-01	2.794018e+00
6.282871e+01	1.318296e+01	1.976948e-01	2.926808e+00
7.225301e+01	1.430366e+01	1.765357e-01	3.094682e+00
8.309096e+01	1.536763e+01	1.558734e-01	3.300362e+00
9.555461e+01	1.642400e+01	1.397314e-01	3.547494e+00
1.098878e+02	1.749196e+01	1.244172e-01	3.840874e+00
1.263710e+02	1.838256e+01	1.126931e-01	4.186655e+00
1.453266e+02	1.924981e+01	1.001099e-01	4.592680e+00
1.671256e+02	1.987786e+01	8.803710e-02	5.068740e+00
1.921945e+02	2.053626e+01	7.868392e-02	5.627034e+00
2.210236e+02	2.124919e+01	6.955881e-02	6.282421e+00
2.541772e+02	2.168667e+01	6.177624e-02	7.053555e+00
2.923037e+02	2.372333e+01	5.486359e-02	7.963992e+00
3.361493e+02	2.348267e+01	4.889803e-02	9.060453e+00
3.865717e+02	2.310526e+01	4.364499e-02	1.036696e+01
4.445574e+02	2.261997e+01	3.848836e-02	1.193101e+01
5.112411e+02	2.203504e+01	3.408673e-02	1.380975e+01
5.879272e+02	2.148327e+01	3.064899e-02	1.604922e+01
6.761163e+02	2.078375e+01	2.746731e-02	1.871635e+01
7.775337e+02	2.004382e+01	2.387927e-02	2.191984e+01
8.941638e+02	1.928917e+01	2.121414e-02	2.578588e+01
1.028288e+03	1.854393e+01	1.865600e-02	3.047150e+01
1.182532e+03	1.780845e+01	1.674007e-02	3.617734e+01
1.359911e+03	1.702691e+01	1.495847e-02	4.316523e+01
1.563898e+03	1.622238e+01	1.297804e-02	5.175848e+01
1.798483e+03	1.543151e+01	1.151044e-02	6.235111e+01
2.068255e+03	1.462321e+01	1.009209e-02	7.544564e+01
2.378493e+03	1.380931e+01	8.938040e-03	9.170384e+01
2.735268e+03	1.300732e+01	7.869817e-03	1.119580e+02
3.145558e+03	1.221032e+01	6.940921e-03	1.372644e+02
3.617391e+03	1.141824e+01	6.186884e-03	1.689880e+02
4.160000e+03	1.064070e+01	5.417399e-03	2.088795e+02
4.784000e+03	9.888528e+00	4.789136e-03	2.591821e+02
5.501600e+03	9.164269e+00	4.233558e-03	3.227681e+02
6.326840e+03	8.470021e+00	3.802304e-03	4.033201e+02
7.275866e+03	7.809416e+00	3.336707e-03	5.055470e+02
8.367246e+03	7.185180e+00	2.894792e-03	6.354650e+02
9.622333e+03	6.599323e+00	2.560247e-03	8.007425e+02
