# Energy_MeV	dEdx_Elec_MeV_um	dEdx_Nucl_MeV_um	Range_um
1.000000e-05	8.095114e-03	5.968032e-02	2.470626e-03
1.150000e-05	8.681043e-03	6.600653e-02	2.649451e-03
1.322500e-05	9.309381e-03	7.288561e-02	2.841220e-03
1.520875e-05	9.983199e-03	8.055597e-02	3.046869e-03
1.749006e-05	1.070579e-02	8.891259e-02	3.267403e-03
2.011357e-05	1.148068e-02	9.789965e-02	3.503899e-03
2.313061e-05	1.231166e-02	1.076555e-01	3.757513e-03
2.660020e-05	1.320278e-02	1.187060e-01	4.029484e-03
3.059023e-05	1.415841e-02	1.307036e-01	4.321140e-03
3.517876e-05	1.518320e-02	1.437054e-01	4.633907e-03
4.045558e-05	1.628217e-02	1.576748e-01	4.969312e-03
4.652391e-05	1.746068e-02	1.726711e-01	5.328993e-03
5.350250e-05	1.872449e-02	1.896469e-01	5.714708e-03
6.152788e-05	2.007978e-02	2.078828e-01	6.128342e-03
7.075706e-05	2.153316e-02	2.275299e-01	6.571914e-03
8.137062e-05	2.309175e-02	2.488178e-01	7.047593e-03
9.357621e-05	2.476314e-02	2.718963e-01	7.557702e-03
1.076126e-04	2.655551e-02	2.965804e-01	8.104732e-03
1.237545e-04	2.847761e-02	3.226996e-01	8.691357e-03
1.423177e-04	3.053883e-02	3.511870e-01	9.320442e-03
1.636654e-04	3.274925e-02	3.818219e-01	9.995060e-03
1.882152e-04	3.511966e-02	4.145651e-01	1.071851e-02
2.164475e-04	3.766164e-02	4.479280e-01	1.149432e-02
2.489146e-04	4.038761e-02	4.844764e-01	1.232628e-02
2.862518e-04	4.331089e-02	5.252497e-01	1.321847e-02
3.291895e-04	4.644575e-02	5.668021e-01	1.417523e-02
3.785680e-04	4.980752e-02	6.111998e-01	1.520124e-02
4.353531e-04	5.341261e-02	6.556650e-01	1.630151e-02
5.006561e-04	5.727865e-02	7.037271e-01	1.748142e-02
5.757545e-04	6.142450e-02	7.568180e-01	1.874674e-02
6.621177e-04	6.587044e-02	8.099532e-01	2.010364e-02
7.614354e-04	7.063818e-02	8.661857e-01	2.155875e-02
8.756507e-04	7.575101e-02	9.238287e-01	2.311918e-02
1.006998e-03	8.123391e-02	9.830367e-01	2.479256e-02
1.158048e-03	8.711366e-02	1.043608e+00	2.658706e-02
1.331755e-03	9.341899e-02	1.104351e+00	2.851144e-02
1.531519e-03	1.001807e-01	1.168594e+00	3.057512e-02
1.761246e-03	1.074318e-01	1.232847e+00	3.278816e-02
2.025433e-03	1.152078e-01	1.294101e+00	3.516139e-02
2.329248e-03	1.235466e-01	1.354250e+00	3.770639e-02
2.678635e-03	1.324890e-01	1.420715e+00	4.043559e-02
3.080431e-03	1.420786e-01	1.485012e+00	4.336234e-02
3.542495e-03	1.523623e-01	1.546703e+00	4.650093e-02
4.073870e-03	1.633904e-01	1.604557e+00	4.986670e-02
4.684950e-03	1.752167e-01	1.658057e+00	5.347607e-02
5.387693e-03	1.878990e-01	1.716745e+00	5.734670e-02
6.195847e-03	2.014992e-01	1.770726e+00	6.149748e-02
7.125224e-03	2.160838e-01	1.820258e+00	6.594870e-02
8.194007e-03	2.317241e-01	1.866974e+00	7.068666e-02
9.423108e-03	2.484964e-01	1.910237e+00	7.582976e-02
1.083657e-02	2.664827e-01	1.949197e+00	8.133258e-02
1.246206e-02	2.857708e-01	1.982312e+00	8.721918e-02
1.433137e-02	3.064551e-01	2.013860e+00	9.353193e-02
1.648108e-02	3.286365e-01	2.041896e+00	1.003018e-01
1.895324e-02	3.524233e-01	2.065344e+00	1.075615e-01
2.179622e-02	3.779319e-01	2.082027e+00	1.153467e-01
2.506566e-02	4.052868e-01	2.096798e+00	1.236954e-01
2.882550e-02	4.346217e-01	2.111134e+00	1.326484e-01
3.314933e-02	4.660799e-01	2.118526e+00	1.422494e-01
3.812173e-02	4.998150e-01	2.121678e+00	1.525454e-01
4.383999e-02	5.359918e-01	2.118597e+00	1.635865e-01
5.041599e-02	5.747872e-01	2.111840e+00	1.754268e-01
5.797838e-02	6.163906e-01	2.102351e+00	1.881242e-01
6.667514e-02	6.610053e-01	2.086220e+00	2.017406e-01
7.667641e-02	7.088492e-01	2.064945e+00	2.163425e-01
8.817787e-02	7.601561e-01	2.038293e+00	2.320013e-01
1.014046e-01	8.151766e-01	2.006248e+00	2.487936e-01
1.166152e-01	8.741795e-01	1.969125e+00	2.668013e-01
1.341075e-01	9.374531e-01	1.926710e+00	2.861124e-01
1.542237e-01	1.005306e+00	1.878878e+00	3.068211e-01
1.773572e-01	1.078071e+00	1.826526e+00	3.290289e-01
2.039608e-01	1.156102e+00	1.771624e+00	3.528441e-01
2.345549e-01	1.239782e+00	1.713190e+00	3.783830e-01
2.697381e-01	1.329518e+00	1.647036e+00	4.057704e-01
3.101989e-01	1.425749e+00	1.579486e+00	4.351400e-01
3.567287e-01	1.528945e+00	1.509647e+00	4.666356e-01
4.102380e-01	1.639611e+00	1.440577e+00	5.004109e-01
4.717737e-01	1.758287e+00	1.372033e+00	5.366307e-01
5.425397e-01	1.885553e+00	1.295183e+00	5.754724e-01
6.239207e-01	2.022030e+00	1.221378e+00	6.171244e-01
7.175088e-01	2.168386e+00	1.148223e+00	6.617909e-01
8.251351e-01	2.318433e+00	1.076055e+00	7.097098e-01
9.489054e-01	2.462302e+00	1.005424e+00	7.614689e-01
1.091241e+00	2.613237e+00	9.365491e-01	8.175492e-01
1.254927e+00	1.397881e+00	8.735884e-01	8.783402e-01
1.443166e+00	1.499125e+00	8.092726e-01	9.443079e-01
1.659641e+00	1.607699e+00	7.476259e-01	1.015986e+00
1.908588e+00	1.724131e+00	6.899077e-01	1.093993e+00
2.194876e+00	1.856634e+00	6.395121e-01	1.179061e+00
2.524107e+00	2.011940e+00	5.887141e-01	1.272065e+00
2.902723e+00	2.201105e+00	5.374566e-01	1.374062e+00
3.338132e+00	2.409833e+00	4.998971e-01	1.486353e+00
3.838852e+00	2.641024e+00	4.657290e-01	1.610554e+00
4.414679e+00	2.888502e+00	4.267229e-01	1.726365e+00
5.076881e+00	3.165393e+00	3.822595e-01	1.690791e+00
5.838413e+00	3.466300e+00	3.376280e-01	1.657568e+00
6.714175e+00	3.797229e+00	3.035133e-01	1.628073e+00
7.721302e+00	4.165829e+00	2.734770e-01	1.603714e+00
8.879497e+00	4.554504e+00	2.462380e-01	1.585952e+00
1.021142e+01	4.994797e+00	2.219476e-01	1.576319e+00
1.174313e+01	5.490804e+00	2.001486e-01	1.576381e+00
1.350460e+01	6.027980e+00	1.806657e-01	1.587937e+00
1.553030e+01	6.625106e+00	1.618119e-01	1.612800e+00
1.785984e+01	7.230451e+00	1.448210e-01	1.652899e+00
2.053882e+01	7.881872e+00	1.308422e-01	1.710249e+00
2.361964e+01	8.539971e+00	1.184894e-01	1.786961e+00
2.716258e+01	9.206417e+00	1.050124e-01	1.885265e+00
3.123697e+01	9.920243e+00	9.351635e-02	2.007588e+00
3.592252e+01	1.052415e+01	8.339437e-02	2.156653e+00
4.131089e+01	1.112561e+01	7.477649e-02	2.335660e+00
4.750753e+01	1.166584e+01	6.748034e-02	2.548484e+00
5.463366e+01	1.213081e+01	5.945665e-02	2.799893e+00
6.282871e+01	1.258823e+01	5.281654e-02	3.095819e+00
7.225301e+01	1.291313e+01	4.691015e-02	3.443654e+00
8.309096e+01	1.317715e+01	4.163549e-02	3.852609e+00
9.555461e+01	1.334007e+01	3.697148e-02	4.334115e+00
1.098878e+02	1.348970e+01	3.274280e-02	4.902392e+00
1.263710e+02	1.362604e+01	2.932999e-02	5.575033e+00
1.453266e+02	1.363618e+01	2.598615e-02	6.373305e+00
1.671256e+02	1.478981e+01	2.303440e-02	7.328671e+00
1.921945e+02	1.437457e+01	2.047023e-02	8.490179e+00
2.210236e+02	1.388267e+01	1.838570e-02	9.887237e+00
2.541772e+02	1.334220e+01	1.637066e-02	1.158415e+01
2.923037e+02	1.280693e+01	1.432891e-02	1.364589e+01
3.361493e+02	1.228448e+01	1.267893e-02	1.613469e+01
3.865717e+02	1.171257e+01	1.121475e-02	1.914789e+01
4.445574e+02	1.113395e+01	1.003705e-02	2.282249e+01
5.112411e+02	1.055860e+01	8.908698e-03	2.732522e+01
5.879272e+02	1.000148e+01	7.783734e-03	3.286591e+01
6.761163e+02	9.442627e+00	6.875130e-03	3.971797e+01
7.775337e+02	8.878950e+00	6.053089e-03	4.823753e+01
8.941638e+02	8.322777e+00	5.328257e-03	5.886894e+01
1.028288e+03	7.784782e+00	4.703614e-03	7.216481e+01
1.182532e+03	7.254458e+00	4.164860e-03	8.884393e+01
1.359911e+03	6.736804e+00	3.692321e-03	1.098477e+02
1.563898e+03	6.240778e+00	3.246479e-03	1.363719e+02
1.798483e+03	5.762516e+00	2.853139e-03	1.699496e+02
2.068255e+03	5.302628e+00	2.541365e-03	2.125717e+02
2.378493e+03	4.864920e+00	2.271142e-03	2.668006e+02
2.735268e+03	4.451948e+00	1.974287e-03	3.359304e+02
3.145558e+03	4.065120e+00	1.733582e-03	4.241924e+02
3.617391e+03	3.704848e+00	1.522041e-03	5.370161e+02
4.160000e+03	3.370173e+00	1.348579e-03	6.813461e+02
4.784000e+03	3.061266e+00	1.202592e-03	8.660472e+02
5.501600e+03	2.778769e+00	1.041259e-03	1.102398e+03
6.326840e+03	2.521473e+00	9.139013e-04	1.404698e+03
7.275866e+03	2.287697e+00	7.998622e-04	1.790996e+03
8.367246e+03	2.077029e+00	7.008480e-04	2.283970e+03
9.622333e+03	1.888231e+00	6.139991e-04	2.911962e+03
