# Energy_MeV	dEdx_Elec_MeV_um	dEdx_Nucl_MeV_um	Range_um
1.000000e-05	9.560474e-03	4.685166e-02	2.091946e-03
1.150000e-05	1.025247e-02	5.008906e-02	2.243363e-03
1.322500e-05	1.099455e-02	5.550162e-02	2.405738e-03
1.520875e-05	1.179034e-02	6.158953e-02	2.579867e-03
1.749006e-05	1.264373e-02	6.823016e-02	2.766599e-03
2.011357e-05	1.355889e-02	7.583579e-02	2.966847e-03
2.313061e-05	1.454029e-02	8.413744e-02	3.181589e-03
2.660020e-05	1.559272e-02	9.324178e-02	3.411874e-03
3.059023e-05	1.672133e-02	1.032953e-01	3.658827e-03
3.517876e-05	1.793163e-02	1.143550e-01	3.923655e-03
4.045558e-05	1.922953e-02	1.264991e-01	4.207651e-03
4.652391e-05	2.062137e-02	1.397031e-01	4.512203e-03
5.350250e-05	2.211396e-02	1.543560e-01	4.838799e-03
6.152788e-05	2.371458e-02	1.704595e-01	5.189034e-03
7.075706e-05	2.543105e-02	1.880661e-01	5.564619e-03
8.137062e-05	2.727176e-02	2.066270e-01	5.967389e-03
9.357621e-05	2.924571e-02	2.274907e-01	6.399312e-03
1.076126e-04	3.136253e-02	2.510358e-01	6.862497e-03
1.237545e-04	3.363257e-02	2.758020e-01	7.359209e-03
1.423177e-04	3.606691e-02	3.033206e-01	7.891872e-03
1.636654e-04	3.867745e-02	3.319084e-01	8.463090e-03
1.882152e-04	4.147695e-02	3.639549e-01	9.075653e-03
2.164475e-04	4.447907e-02	3.999098e-01	9.732554e-03
2.489146e-04	4.769849e-02	4.373716e-01	1.043700e-02
2.862518e-04	5.115093e-02	4.789605e-01	1.119244e-02
3.291895e-04	5.485326e-02	5.230667e-01	1.200255e-02
3.785680e-04	5.882357e-02	5.710298e-01	1.287130e-02
4.353531e-04	6.308125e-02	6.221822e-01	1.380293e-02
5.006561e-04	6.764710e-02	6.763490e-01	1.480200e-02
5.757545e-04	7.254344e-02	7.364991e-01	1.587337e-02
6.621177e-04	7.779417e-02	7.996574e-01	1.702230e-02
7.614354e-04	8.342495e-02	8.658245e-01	1.825438e-02
8.756507e-04	8.946329e-02	9.350085e-01	1.957564e-02
1.006998e-03	9.593869e-02	1.014007e+00	2.099254e-02
1.158048e-03	1.028828e-01	1.096087e+00	2.251199e-02
1.331755e-03	1.103295e-01	1.182012e+00	2.414142e-02
1.531519e-03	1.183152e-01	1.270845e+00	2.588879e-02
1.761246e-03	1.268789e-01	1.361923e+00	2.776263e-02
2.025433e-03	1.360625e-01	1.465800e+00	2.977210e-02
2.329248e-03	1.459108e-01	1.571063e+00	3.192702e-02
2.678635e-03	1.564719e-01	1.680094e+00	3.423792e-02
3.080431e-03	1.677974e-01	1.793670e+00	3.671608e-02
3.542495e-03	1.799426e-01	1.911379e+00	3.937361e-02
4.073870e-03	1.929670e-01	2.031183e+00	4.222349e-02
4.684950e-03	2.069340e-01	2.150140e+00	4.527965e-02
5.387693e-03	2.219120e-01	2.275814e+00	4.855701e-02
6.195847e-03	2.379741e-01	2.403136e+00	5.207160e-02
7.125224e-03	2.551988e-01	2.530564e+00	5.584057e-02
8.194007e-03	2.736703e-01	2.646615e+00	5.988233e-02
9.423108e-03	2.934787e-01	2.772026e+00	6.421665e-02
1.083657e-02	3.147208e-01	2.907583e+00	6.886468e-02
1.246206e-02	3.375005e-01	3.027435e+00	7.384915e-02
1.433137e-02	3.619289e-01	3.150788e+00	7.919439e-02
1.648108e-02	3.881255e-01	3.255130e+00	8.491961e-02
1.895324e-02	4.162183e-01	3.365791e+00	9.107658e-02
2.179622e-02	4.463444e-01	3.482582e+00	9.766700e-02
2.506566e-02	4.786510e-01	3.579595e+00	1.047371e-01
2.882550e-02	5.132960e-01	3.677955e+00	1.123176e-01
3.314933e-02	5.504486e-01	3.764016e+00	1.204471e-01
3.812173e-02	5.902904e-01	3.844767e+00	1.291649e-01
4.383999e-02	6.330159e-01	3.915668e+00	1.385138e-01
5.041599e-02	6.788340e-01	3.976667e+00	1.485394e-01
5.797838e-02	7.279683e-01	4.037911e+00	1.592905e-01
6.667514e-02	7.806591e-01	4.086872e+00	1.708199e-01
7.667641e-02	8.371636e-01	4.125148e+00	1.831838e-01
8.817787e-02	8.977579e-01	4.153438e+00	1.964426e-01
1.014046e-01	9.627381e-01	4.184788e+00	2.106610e-01
1.166152e-01	1.032422e+00	4.204280e+00	2.259085e-01
1.341075e-01	1.107149e+00	4.213102e+00	2.422597e-01
1.542237e-01	1.187285e+00	4.211652e+00	2.597945e-01
1.773572e-01	1.273221e+00	4.199222e+00	2.785984e-01
2.039608e-01	1.365378e+00	4.184158e+00	2.987633e-01
2.345549e-01	1.464204e+00	4.156592e+00	3.203877e-01
2.697381e-01	1.570184e+00	4.117526e+00	3.435774e-01
3.101989e-01	1.683835e+00	4.068409e+00	3.684457e-01
3.567287e-01	1.805712e+00	4.008444e+00	3.951138e-01
4.102380e-01	1.936410e+00	3.938104e+00	4.237120e-01
4.717737e-01	2.076569e+00	3.857798e+00	4.543803e-01
5.425397e-01	2.226872e+00	3.765985e+00	4.872686e-01
6.239207e-01	2.388054e+00	3.665569e+00	5.225373e-01
7.175088e-01	2.560903e+00	3.556490e+00	5.603585e-01
8.251351e-01	2.746262e+00	3.444956e+00	6.009173e-01
9.489054e-01	2.945038e+00	3.320101e+00	6.444119e-01
1.091241e+00	3.158201e+00	3.183126e+00	6.910540e-01
1.254927e+00	3.386794e+00	3.049059e+00	7.410772e-01
1.443166e+00	3.631932e+00	2.906408e+00	7.946987e-01
1.659641e+00	3.866431e+00	2.774103e+00	8.523765e-01
1.908588e+00	4.105110e+00	2.629169e+00	9.148319e-01
2.194876e+00	4.355066e+00	2.474444e+00	9.824953e-01
2.524107e+00	4.615609e+00	2.333258e+00	1.055883e+00
2.902723e+00	4.885548e+00	2.185229e+00	1.135562e+00
3.338132e+00	5.163036e+00	2.045654e+00	1.222198e+00
3.838852e+00	5.445384e+00	1.907776e+00	1.316567e+00
4.414679e+00	5.728863e+00	1.776899e+00	1.419591e+00
5.076881e+00	6.008496e+00	1.653917e+00	1.532375e+00
5.838413e+00	3.144098e+00	1.525519e+00	1.656271e+00
6.714175e+00	3.455910e+00	1.407971e+00	1.792948e+00
7.721302e+00	3.805201e+00	1.302943e+00	1.944489e+00
8.879497e+00	4.187671e+00	1.206335e+00	2.113526e+00
1.021142e+01	4.606019e+00	1.096904e+00	2.303409e+00
1.174313e+01	5.074757e+00	1.014234e+00	2.518437e+00
1.350460e+01	5.565795e+00	9.493454e-01	2.764154e+00
1.553030e+01	6.095396e+00	8.763371e-01	3.047738e+00
1.785984e+01	6.644533e+00	7.923775e-01	3.378502e+00
2.053882e+01	7.254262e+00	6.958240e-01	3.238302e+00
2.361964e+01	7.937581e+00	6.230127e-01	3.045447e+00
2.716258e+01	8.620335e+00	5.620181e-01	2.899213e+00
3.123697e+01	9.366972e+00	5.069929e-01	2.795314e+00
3.592252e+01	1.017381e+01	4.562854e-01	2.730501e+00
4.131089e+01	1.103849e+01	4.104814e-01	2.702339e+00
4.750753e+01	1.200658e+01	3.718506e-01	2.709065e+00
5.463366e+01	1.306480e+01	3.331779e-01	2.749455e+00
6.282871e+01	1.422457e+01	2.988356e-01	2.823020e+00
7.225301e+01	1.549736e+01	2.680770e-01	2.929852e+00
8.309096e+01	1.677777e+01	2.438765e-01	3.070810e+00
9.555461e+01	1.815523e+01	2.184941e-01	3.247627e+00
1.098878e+02	1.948632e+01	1.926355e-01	3.463044e+00
1.263710e+02	2.078209e+01	1.727357e-01	3.720951e+00
1.453266e+02	2.207375e+01	1.535534e-01	4.026545e+00
1.671256e+02	2.301283e+01	1.390894e-01	4.386517e+00
1.921945e+02	2.400037e+01	1.239932e-01	4.809301e+00
2.210236e+02	2.502894e+01	1.088636e-01	5.305296e+00
2.541772e+02	2.589292e+01	9.732077e-02	5.887909e+00
2.923037e+02	2.667443e+01	8.599628e-02	6.571186e+00
3.361493e+02	2.911851e+01	7.647659e-02	7.388083e+00
3.865717e+02	2.895849e+01	6.785296e-02	8.363961e+00
4.445574e+02	2.868172e+01	6.040220e-02	9.520252e+00
5.112411e+02	2.816359e+01	5.400717e-02	1.090436e+01
5.879272e+02	2.771682e+01	4.760490e-02	1.254942e+01
6.761163e+02	2.705352e+01	4.221880e-02	1.449143e+01
7.775337e+02	2.628262e+01	3.781206e-02	1.680369e+01
8.941638e+02	2.547712e+01	3.397764e-02	1.957089e+01
1.028288e+03	2.466311e+01	2.964345e-02	2.289747e+01
1.182532e+03	2.387792e+01	2.620689e-02	2.691315e+01
1.359911e+03	2.302852e+01	2.313723e-02	3.178808e+01
1.563898e+03	2.212862e+01	2.065125e-02	3.773438e+01
1.798483e+03	2.122081e+01	1.851009e-02	4.500733e+01
2.068255e+03	2.028584e+01	1.608739e-02	5.392292e+01
2.378493e+03	1.932615e+01	1.422381e-02	6.489856e+01
2.735268e+03	1.835988e+01	1.251997e-02	7.846123e+01
3.145558e+03	1.738812e+01	1.105369e-02	9.527272e+01
3.617391e+03	1.641619e+01	9.735429e-03	1.161798e+02
4.160000e+03	1.544818e+01	8.576523e-03	1.422696e+02
4.784000e+03	1.448481e+01	7.647630e-03	1.749290e+02
5.501600e+03	1.353674e+01	6.714016e-03	2.159272e+02
6.326840e+03	1.261813e+01	5.924579e-03	2.675272e+02
7.275866e+03	1.173395e+01	5.229774e-03	3.326182e+02
8.367246e+03	1.088450e+01	4.698489e-03	4.148863e+02
9.622333e+03	1.007328e+01	4.139927e-03	5.190293e+02
