# Energy_MeV	dEdx_Elec_MeV_um	dEdx_Nucl_MeV_um	Range_um
1.000000e-05	8.576773e-03	4.790145e-02	2.331879e-03
1.150000e-05	9.197565e-03	5.305777e-02	2.500662e-03
1.322500e-05	9.863290e-03	5.892036e-02	2.681661e-03
1.520875e-05	1.057720e-02	6.544555e-02	2.875761e-03
1.749006e-05	1.134278e-02	7.249857e-02	3.083910e-03
2.011357e-05	1.216378e-02	8.036582e-02	3.307125e-03
2.313061e-05	1.304420e-02	8.895847e-02	3.546497e-03
2.660020e-05	1.398835e-02	9.842639e-02	3.803194e-03
3.059023e-05	1.500083e-02	1.087769e-01	4.078471e-03
3.517876e-05	1.608660e-02	1.201076e-01	4.373673e-03
4.045558e-05	1.725096e-02	1.327317e-01	4.690242e-03
4.652391e-05	1.849959e-02	1.464839e-01	5.029724e-03
5.350250e-05	1.983860e-02	1.610901e-01	5.393778e-03
6.152788e-05	2.127453e-02	1.771785e-01	5.784183e-03
7.075706e-05	2.281439e-02	1.956387e-01	6.202845e-03
8.137062e-05	2.446571e-02	2.150195e-01	6.651810e-03
9.357621e-05	2.623655e-02	2.365314e-01	7.133272e-03
1.076126e-04	2.813556e-02	2.590554e-01	7.649582e-03
1.237545e-04	3.017203e-02	2.837585e-01	8.203263e-03
1.423177e-04	3.235590e-02	3.120645e-01	8.797019e-03
1.636654e-04	3.469783e-02	3.413760e-01	9.433752e-03
1.882152e-04	3.720928e-02	3.739027e-01	1.011657e-02
2.164475e-04	3.990251e-02	4.083973e-01	1.084881e-02
2.489146e-04	4.279067e-02	4.459525e-01	1.163406e-02
2.862518e-04	4.588788e-02	4.863798e-01	1.247614e-02
3.291895e-04	4.920927e-02	5.286570e-01	1.337917e-02
3.785680e-04	5.277107e-02	5.759395e-01	1.434756e-02
4.353531e-04	5.659066e-02	6.252877e-01	1.538604e-02
5.006561e-04	6.068673e-02	6.778756e-01	1.649969e-02
5.757545e-04	6.507926e-02	7.319126e-01	1.769395e-02
6.621177e-04	6.978973e-02	7.928398e-01	1.897465e-02
7.614354e-04	7.484115e-02	8.586275e-01	2.034804e-02
8.756507e-04	8.025819e-02	9.255618e-01	2.182084e-02
1.006998e-03	8.606733e-02	9.969478e-01	2.340025e-02
1.158048e-03	9.229692e-02	1.068222e+00	2.509397e-02
1.331755e-03	9.897742e-02	1.148367e+00	2.691028e-02
1.531519e-03	1.061415e-01	1.233522e+00	2.885806e-02
1.761246e-03	1.138240e-01	1.318441e+00	3.094683e-02
2.025433e-03	1.220627e-01	1.409368e+00	3.318677e-02
2.329248e-03	1.308976e-01	1.502247e+00	3.558885e-02
2.678635e-03	1.403721e-01	1.597320e+00	3.816479e-02
3.080431e-03	1.505323e-01	1.693154e+00	4.092718e-02
3.542495e-03	1.614279e-01	1.790760e+00	4.388951e-02
4.073870e-03	1.731121e-01	1.893816e+00	4.706625e-02
4.684950e-03	1.856421e-01	1.996302e+00	5.047293e-02
5.387693e-03	1.990790e-01	2.090633e+00	5.412619e-02
6.195847e-03	2.134884e-01	2.187415e+00	5.804387e-02
7.125224e-03	2.289408e-01	2.297505e+00	6.224512e-02
8.194007e-03	2.455117e-01	2.394058e+00	6.675045e-02
9.423108e-03	2.632819e-01	2.494254e+00	7.158189e-02
1.083657e-02	2.823384e-01	2.579664e+00	7.676302e-02
1.246206e-02	3.027742e-01	2.665165e+00	8.231917e-02
1.433137e-02	3.246892e-01	2.761042e+00	8.824903e-02
1.648108e-02	3.481903e-01	2.840208e+00	9.466941e-02
1.895324e-02	3.733925e-01	2.920391e+00	1.015208e-01
2.179622e-02	4.004189e-01	2.989770e+00	1.088698e-01
2.506566e-02	4.294014e-01	3.055909e+00	1.167494e-01
2.882550e-02	4.604817e-01	3.115282e+00	1.251996e-01
3.314933e-02	4.938116e-01	3.164766e+00	1.342614e-01
3.812173e-02	5.295540e-01	3.215426e+00	1.439792e-01
4.383999e-02	5.678834e-01	3.255644e+00	1.544003e-01
5.041599e-02	6.089871e-01	3.289378e+00	1.655757e-01
5.797838e-02	6.530659e-01	3.312696e+00	1.775599e-01
6.667514e-02	7.003351e-01	3.337027e+00	1.904117e-01
7.667641e-02	7.510258e-01	3.356768e+00	2.041936e-01
8.817787e-02	8.053854e-01	3.364584e+00	2.189731e-01
1.014046e-01	8.636796e-01	3.366829e+00	2.348223e-01
1.166152e-01	9.261932e-01	3.358223e+00	2.518186e-01
1.341075e-01	9.932316e-01	3.346755e+00	2.700452e-01
1.542237e-01	1.065122e+00	3.328334e+00	2.895911e-01
1.773572e-01	1.142216e+00	3.298766e+00	3.105517e-01
2.039608e-01	1.224891e+00	3.262137e+00	3.330294e-01
2.345549e-01	1.313549e+00	3.216341e+00	3.571340e-01
2.697381e-01	1.408624e+00	3.162384e+00	3.829834e-01
3.101989e-01	1.510581e+00	3.100296e+00	4.107039e-01
3.567287e-01	1.619918e+00	3.029534e+00	4.404306e-01
4.102380e-01	1.737168e+00	2.950718e+00	4.723089e-01
4.717737e-01	1.862905e+00	2.864530e+00	5.064947e-01
5.425397e-01	1.997743e+00	2.776770e+00	5.431550e-01
6.239207e-01	2.142341e+00	2.680495e+00	5.824688e-01
7.175088e-01	2.297405e+00	2.571271e+00	6.246279e-01
8.251351e-01	2.463692e+00	2.465201e+00	6.698384e-01
9.489054e-01	2.642016e+00	2.350245e+00	7.183213e-01
1.091241e+00	2.833246e+00	2.244659e+00	7.703168e-01
1.254927e+00	3.038318e+00	2.132758e+00	8.260574e-01
1.443166e+00	3.238606e+00	2.007709e+00	8.859593e-01
1.659641e+00	3.438844e+00	1.894511e+00	9.507884e-01
1.908588e+00	3.648656e+00	1.775437e+00	1.021023e+00
2.194876e+00	3.867505e+00	1.664353e+00	1.097188e+00
2.524107e+00	4.094450e+00	1.552996e+00	1.179869e+00
2.902723e+00	4.328012e+00	1.446211e+00	1.269750e+00
3.338132e+00	4.566025e+00	1.348056e+00	1.367629e+00
3.838852e+00	4.805467e+00	1.244199e+00	1.474448e+00
4.414679e+00	5.042284e+00	1.150078e+00	1.591341e+00
5.076881e+00	2.760295e+00	1.061725e+00	1.719687e+00
5.838413e+00	3.028394e+00	9.852223e-01	1.861187e+00
6.714175e+00	3.328676e+00	9.006240e-01	2.017962e+00
7.721302e+00	3.652650e+00	8.252302e-01	2.192688e+00
8.879497e+00	4.008914e+00	7.730587e-01	2.388767e+00
1.021142e+01	4.404176e+00	7.163603e-01	2.610562e+00
1.174313e+01	4.817381e+00	6.516873e-01	2.863694e+00
1.350460e+01	5.268729e+00	5.773132e-01	2.797351e+00
1.553030e+01	5.728169e+00	5.113067e-01	2.668707e+00
1.785984e+01	6.245486e+00	4.626604e-01	2.565022e+00
2.053882e+01	6.832710e+00	4.160432e-01	2.486364e+00
2.361964e+01	7.441580e+00	3.745314e-01	2.432984e+00
2.716258e+01	8.121505e+00	3.376043e-01	2.405311e+00
3.123697e+01	8.862556e+00	3.049857e-01	2.403933e+00
3.592252e+01	9.660032e+00	2.747876e-01	2.429501e+00
4.131089e+01	1.054610e+01	2.456544e-01	2.482979e+00
4.750753e+01	1.148099e+01	2.198104e-01	2.565399e+00
5.463366e+01	1.249453e+01	1.997990e-01	2.678085e+00
6.282871e+01	1.354716e+01	1.801548e-01	2.822775e+00
7.225301e+01	1.456142e+01	1.586635e-01	3.001783e+00
8.309096e+01	1.562519e+01	1.421414e-01	3.218201e+00
9.555461e+01	1.656096e+01	1.261065e-01	3.476100e+00
1.098878e+02	1.748663e+01	1.140788e-01	3.780743e+00
1.263710e+02	1.833457e+01	1.023857e-01	4.138848e+00
1.453266e+02	1.894933e+01	8.978474e-02	4.558868e+00
1.671256e+02	1.953431e+01	8.017337e-02	5.051308e+00
1.921945e+02	2.011705e+01	7.085318e-02	5.629111e+00
2.210236e+02	2.060995e+01	6.310772e-02	6.308694e+00
2.541772e+02	2.097473e+01	5.594179e-02	7.107845e+00
2.923037e+02	2.318162e+01	4.972927e-02	8.063013e+00
3.361493e+02	2.285083e+01	4.452525e-02	9.211057e+00
3.865717e+02	2.241642e+01	3.926106e-02	1.057666e+01
4.445574e+02	2.183484e+01	3.487391e-02	1.222021e+01
5.112411e+02	2.130134e+01	3.104198e-02	1.418838e+01
5.879272e+02	2.066200e+01	2.799826e-02	1.652878e+01
6.761163e+02	1.993787e+01	2.464283e-02	1.933240e+01
7.775337e+02	1.919467e+01	2.159858e-02	2.271001e+01
8.941638e+02	1.844764e+01	1.916972e-02	2.679831e+01
1.028288e+03	1.772538e+01	1.696691e-02	3.176751e+01
1.182532e+03	1.696655e+01	1.526637e-02	3.784091e+01
1.359911e+03	1.618061e+01	1.338938e-02	4.530157e+01
1.563898e+03	1.539393e+01	1.172601e-02	5.449446e+01
1.798483e+03	1.460304e+01	1.038201e-02	6.584713e+01
2.068255e+03	1.380367e+01	9.123459e-03	7.992280e+01
2.378493e+03	1.300748e+01	8.033546e-03	9.744203e+01
2.735268e+03	1.222330e+01	7.096176e-03	1.193140e+02
3.145558e+03	1.144450e+01	6.299546e-03	1.467038e+02
3.617391e+03	1.067326e+01	5.571339e-03	1.811157e+02
4.160000e+03	9.924901e+00	4.891906e-03	2.244764e+02
4.784000e+03	9.203928e+00	4.305437e-03	2.792526e+02
5.501600e+03	8.511904e+00	3.863010e-03	3.486086e+02
6.326840e+03	7.851803e+00	3.430497e-03	4.365953e+02
7.275866e+03	7.226418e+00	2.966493e-03	5.483906e+02
8.367246e+03	6.638181e+00	2.620117e-03	6.906034e+02
9.622333e+03	6.088800e+00	2.290605e-03	8.716450e+02
