# Energy_MeV	dEdx_Elec_MeV_um	dEdx_Nucl_MeV_um	Range_um
1.000000e-05	7.808633e-03	6.699600e-02	2.561268e-03
1.150000e-05	8.373826e-03	7.377398e-02	2.746654e-03
1.322500e-05	8.979928e-03	8.130986e-02	2.945458e-03
1.520875e-05	9.629900e-03	8.943809e-02	3.158652e-03
1.749006e-05	1.032692e-02	9.826479e-02	3.387277e-03
2.011357e-05	1.107438e-02	1.076581e-01	3.632450e-03
2.313061e-05	1.187595e-02	1.180716e-01	3.895368e-03
2.660020e-05	1.273554e-02	1.295659e-01	4.177317e-03
3.059023e-05	1.365735e-02	1.418962e-01	4.479673e-03
3.517876e-05	1.464587e-02	1.552615e-01	4.803914e-03
4.045558e-05	1.570595e-02	1.697200e-01	5.151624e-03
4.652391e-05	1.684276e-02	1.851730e-01	5.524502e-03
5.350250e-05	1.806184e-02	2.017803e-01	5.924368e-03
6.152788e-05	9.698063e-03	2.195654e-01	6.353177e-03
7.075706e-05	1.046537e-02	2.388643e-01	6.813023e-03
8.137062e-05	1.128783e-02	2.596209e-01	7.306153e-03
9.357621e-05	1.216945e-02	2.808412e-01	7.834977e-03
1.076126e-04	1.311456e-02	3.037614e-01	8.402076e-03
1.237545e-04	1.412778e-02	3.293329e-01	9.010223e-03
1.423177e-04	1.521405e-02	3.556485e-01	9.662388e-03
1.636654e-04	1.637869e-02	3.840612e-01	1.036176e-02
1.882152e-04	1.762739e-02	4.124341e-01	1.111175e-02
2.164475e-04	1.896625e-02	4.427968e-01	1.191602e-02
2.489146e-04	2.040182e-02	4.764144e-01	1.277851e-02
2.862518e-04	2.194111e-02	5.101976e-01	1.370342e-02
3.291895e-04	2.359165e-02	5.463370e-01	1.469528e-02
3.785680e-04	2.536149e-02	5.827645e-01	1.575894e-02
4.353531e-04	2.725928e-02	6.213141e-01	1.689958e-02
5.006561e-04	2.929430e-02	6.607600e-01	1.812278e-02
5.757545e-04	3.147650e-02	6.993347e-01	1.943451e-02
6.621177e-04	3.381652e-02	7.408312e-01	2.084119e-02
7.614354e-04	3.632581e-02	7.816998e-01	2.234969e-02
8.756507e-04	3.901661e-02	8.231450e-01	2.396737e-02
1.006998e-03	4.190209e-02	8.621846e-01	2.570214e-02
1.158048e-03	4.499634e-02	9.033564e-01	2.756248e-02
1.331755e-03	4.831446e-02	9.460346e-01	2.955747e-02
1.531519e-03	5.187268e-02	9.869114e-01	3.169685e-02
1.761246e-03	5.568837e-02	1.025996e+00	3.399109e-02
2.025433e-03	5.978018e-02	1.061847e+00	3.645138e-02
2.329248e-03	6.416810e-02	1.098298e+00	3.908975e-02
2.678635e-03	6.887356e-02	1.134873e+00	4.191908e-02
3.080431e-03	7.391956e-02	1.168596e+00	4.495321e-02
3.542495e-03	7.933074e-02	1.199887e+00	4.820695e-02
4.073870e-03	8.513353e-02	1.229391e+00	5.169619e-02
4.684950e-03	9.135630e-02	1.255390e+00	5.543799e-02
5.387693e-03	9.802943e-02	1.278957e+00	5.944106e-02
6.195847e-03	1.051855e-01	1.300064e+00	6.375571e-02
7.125224e-03	1.128596e-01	1.319408e+00	6.836928e-02
8.194007e-03	1.210890e-01	1.336606e+00	7.331854e-02
9.423108e-03	1.299141e-01	1.348772e+00	7.862505e-02
1.083657e-02	1.393779e-01	1.359244e+00	8.431587e-02
1.246206e-02	1.495267e-01	1.369527e+00	9.041859e-02
1.433137e-02	1.604100e-01	1.375616e+00	9.696304e-02
1.648108e-02	1.720810e-01	1.379504e+00	1.039812e-01
1.895324e-02	1.845968e-01	1.378822e+00	1.115072e-01
2.179622e-02	1.980185e-01	1.375768e+00	1.195780e-01
2.506566e-02	2.124116e-01	1.370977e+00	1.282331e-01
2.882550e-02	2.278465e-01	1.362020e+00	1.375146e-01
3.314933e-02	2.443985e-01	1.349954e+00	1.474678e-01
3.812173e-02	2.621486e-01	1.334071e+00	1.581414e-01
4.383999e-02	2.811834e-01	1.314990e+00	1.695877e-01
5.041599e-02	3.015959e-01	1.292353e+00	1.818625e-01
5.797838e-02	3.234860e-01	1.266473e+00	1.950257e-01
6.667514e-02	3.469604e-01	1.236782e+00	2.091416e-01
7.667641e-02	3.721339e-01	1.204435e+00	2.242792e-01
8.817787e-02	3.991294e-01	1.169367e+00	2.405125e-01
1.014046e-01	4.280789e-01	1.132581e+00	2.579209e-01
1.166152e-01	4.591238e-01	1.091998e+00	2.765892e-01
1.341075e-01	4.924157e-01	1.048542e+00	2.966087e-01
1.542237e-01	5.281173e-01	1.003750e+00	3.180772e-01
1.773572e-01	5.664030e-01	9.585108e-01	3.410998e-01
2.039608e-01	6.074598e-01	9.138595e-01	3.657887e-01
2.345549e-01	6.514884e-01	8.665355e-01	3.922646e-01
2.697381e-01	6.987037e-01	8.177730e-01	4.206567e-01
3.101989e-01	7.493365e-01	7.696786e-01	4.511039e-01
3.567287e-01	8.036341e-01	7.226012e-01	4.837546e-01
4.102380e-01	8.618618e-01	6.754774e-01	5.187718e-01
4.717737e-01	9.243041e-01	6.310687e-01	5.563086e-01
5.425397e-01	9.912717e-01	5.882379e-01	5.966736e-01
6.239207e-01	1.063088e+00	5.465125e-01	6.403762e-01
7.175088e-01	1.140103e+00	5.057882e-01	6.877226e-01
8.251351e-01	1.222693e+00	4.657563e-01	7.390724e-01
9.489054e-01	1.311260e+00	4.321592e-01	7.948216e-01
1.091241e+00	1.406238e+00	3.989320e-01	8.554346e-01
1.254927e+00	1.509291e+00	3.633335e-01	9.214528e-01
1.443166e+00	1.629144e+00	3.370030e-01	9.935182e-01
1.659641e+00	1.773640e+00	3.137850e-01	1.072402e+00
1.908588e+00	1.944957e+00	2.898990e-01	1.123976e+00
2.194876e+00	2.130265e+00	2.624749e-01	1.125203e+00
2.524107e+00	2.338545e+00	2.312870e-01	1.125106e+00
2.902723e+00	2.567529e+00	2.080227e-01	1.124388e+00
3.338132e+00	2.822146e+00	1.866768e-01	1.123844e+00
3.838852e+00	3.109680e+00	1.688755e-01	1.124351e+00
4.414679e+00	3.420460e+00	1.518891e-01	1.126910e+00
5.076881e+00	3.761945e+00	1.364613e-01	1.132650e+00
5.838413e+00	4.122513e+00	1.235913e-01	1.142812e+00
6.714175e+00	4.523610e+00	1.106458e-01	1.158790e+00
7.721302e+00	4.974993e+00	9.954050e-02	1.182133e+00
8.879497e+00	5.421532e+00	8.946583e-02	1.214559e+00
1.021142e+01	5.893680e+00	8.096333e-02	1.257949e+00
1.174313e+01	6.371000e+00	7.255086e-02	1.314343e+00
1.350460e+01	6.806408e+00	6.451084e-02	1.385933e+00
1.553030e+01	7.254657e+00	5.740073e-02	1.475079e+00
1.785984e+01	7.654019e+00	5.138591e-02	1.584359e+00
2.053882e+01	8.036293e+00	4.619788e-02	1.716633e+00
2.361964e+01	8.379818e+00	4.120682e-02	1.875186e+00
2.716258e+01	8.646958e+00	3.650637e-02	2.063901e+00
3.123697e+01	8.902959e+00	3.234818e-02	2.287479e+00
3.592252e+01	9.090440e+00	2.877554e-02	2.551710e+00
4.131089e+01	9.243410e+00	2.544155e-02	2.863776e+00
4.750753e+01	9.357439e+00	2.265330e-02	3.232623e+00
5.463366e+01	9.379069e+00	2.018776e-02	3.669416e+00
6.282871e+01	9.382359e+00	1.794935e-02	4.188090e+00
7.225301e+01	9.369468e+00	1.593107e-02	4.805970e+00
8.309096e+01	9.311668e+00	1.404466e-02	5.545237e+00
9.555461e+01	9.211610e+00	1.263077e-02	6.431351e+00
1.098878e+02	9.500825e+00	1.128758e-02	7.511423e+00
1.263710e+02	9.091237e+00	9.873138e-03	8.832776e+00
1.453266e+02	8.656303e+00	8.758556e-03	1.044148e+01
1.671256e+02	8.193560e+00	7.703904e-03	1.242042e+01
1.921945e+02	7.787037e+00	6.905726e-03	1.484612e+01
2.210236e+02	7.363994e+00	6.150727e-03	1.780619e+01
2.541772e+02	6.931956e+00	5.372178e-03	2.144562e+01
2.923037e+02	6.506807e+00	4.750476e-03	2.594341e+01
3.361493e+02	6.093038e+00	4.170381e-03	3.152707e+01
3.865717e+02	5.694156e+00	3.694891e-03	3.848699e+01
4.445574e+02	5.297518e+00	3.255275e-03	4.720729e+01
5.112411e+02	4.911079e+00	2.865339e-03	5.818185e+01
5.879272e+02	4.543013e+00	2.548270e-03	7.202903e+01
6.761163e+02	4.189885e+00	2.238047e-03	8.953304e+01
7.775337e+02	3.851431e+00	1.978458e-03	1.117318e+02
8.941638e+02	3.530600e+00	1.752162e-03	1.399626e+02
1.028288e+03	3.228422e+00	1.562859e-03	1.759353e+02
1.182532e+03	2.944623e+00	1.377819e-03	2.218594e+02
1.359911e+03	2.678405e+00	1.205904e-03	2.805959e+02
1.563898e+03	2.430629e+00	1.055679e-03	3.558261e+02
1.798483e+03	2.201311e+00	9.334735e-04	4.522744e+02
2.068255e+03	1.990579e+00	8.283118e-04	5.760047e+02
2.378493e+03	1.798381e+00	7.282892e-04	7.347737e+02
2.735268e+03	1.624016e+00	6.363687e-04	9.384765e+02
3.145558e+03	1.465851e+00	5.555293e-04	1.199704e+03
3.617391e+03	1.322759e+00	4.880123e-04	1.534419e+03
4.160000e+03	1.194484e+00	4.247813e-04	1.962794e+03
4.784000e+03	1.079891e+00	3.735212e-04	2.510200e+03
5.501600e+03	9.774712e-01	3.289798e-04	3.208409e+03
6.326840e+03	8.862969e-01	2.884206e-04	4.097016e+03
7.275866e+03	8.055364e-01	2.527272e-04	5.225116e+03
8.367246e+03	7.339900e-01	2.193969e-04	6.653196e+03
9.622333e+03	6.707400e-01	1.953573e-04	8.455287e+03
