# Energy_MeV	dEdx_Elec_MeV_um	dEdx_Nucl_MeV_um	Range_um
1.000000e-05	8.205354e-03	5.668161e-02	2.437433e-03
1.150000e-05	8.799262e-03	6.275587e-02	2.613856e-03
1.322500e-05	9.436157e-03	6.943930e-02	2.803048e-03
1.520875e-05	1.011915e-02	7.674234e-02	3.005934e-03
1.749006e-05	1.085158e-02	8.475372e-02	3.223505e-03
2.011357e-05	1.163702e-02	9.364954e-02	3.456824e-03
2.313061e-05	1.247932e-02	1.033750e-01	3.707031e-03
2.660020e-05	1.338258e-02	1.137376e-01	3.975348e-03
3.059023e-05	1.435122e-02	1.250773e-01	4.263085e-03
3.517876e-05	1.538996e-02	1.380515e-01	4.571650e-03
4.045558e-05	1.650390e-02	1.518199e-01	4.902548e-03
4.652391e-05	1.769846e-02	1.669705e-01	5.257397e-03
5.350250e-05	1.897948e-02	1.829961e-01	5.637931e-03
6.152788e-05	2.035323e-02	2.004171e-01	6.046007e-03
7.075706e-05	2.182640e-02	2.203452e-01	6.483620e-03
8.137062e-05	2.340621e-02	2.411852e-01	6.952908e-03
9.357621e-05	2.510037e-02	2.640869e-01	7.456163e-03
1.076126e-04	2.691714e-02	2.885882e-01	7.995844e-03
1.237545e-04	2.886542e-02	3.151298e-01	8.574588e-03
1.423177e-04	3.095471e-02	3.438799e-01	9.195221e-03
1.636654e-04	3.319523e-02	3.738060e-01	9.860776e-03
1.882152e-04	3.559792e-02	4.070768e-01	1.057450e-02
2.164475e-04	3.817452e-02	4.421931e-01	1.133989e-02
2.489146e-04	4.093761e-02	4.794591e-01	1.216068e-02
2.862518e-04	4.390070e-02	5.180056e-01	1.304088e-02
3.291895e-04	4.707825e-02	5.608135e-01	1.398478e-02
3.785680e-04	5.048580e-02	6.073602e-01	1.499701e-02
4.353531e-04	5.413999e-02	6.551559e-01	1.608250e-02
5.006561e-04	5.805867e-02	7.057375e-01	1.724656e-02
5.757545e-04	6.226099e-02	7.567658e-01	1.849487e-02
6.621177e-04	6.676747e-02	8.130985e-01	1.983354e-02
7.614354e-04	7.160014e-02	8.734175e-01	2.126910e-02
8.756507e-04	7.678259e-02	9.342577e-01	2.280857e-02
1.006998e-03	8.234016e-02	9.986339e-01	2.445947e-02
1.158048e-03	8.829998e-02	1.064928e+00	2.622986e-02
1.331755e-03	9.469118e-02	1.132688e+00	2.812839e-02
1.531519e-03	1.015450e-01	1.200884e+00	3.016434e-02
1.761246e-03	1.088949e-01	1.270684e+00	3.234765e-02
2.025433e-03	1.167767e-01	1.343745e+00	3.468899e-02
2.329248e-03	1.252291e-01	1.417198e+00	3.719980e-02
2.678635e-03	1.342932e-01	1.485455e+00	3.989234e-02
3.080431e-03	1.440134e-01	1.554194e+00	4.277977e-02
3.542495e-03	1.544372e-01	1.632169e+00	4.587619e-02
4.073870e-03	1.656155e-01	1.702262e+00	4.919673e-02
4.684950e-03	1.776028e-01	1.773184e+00	5.275762e-02
5.387693e-03	1.904578e-01	1.836024e+00	5.657624e-02
6.195847e-03	2.042432e-01	1.896842e+00	6.067126e-02
7.125224e-03	2.190265e-01	1.965643e+00	6.506268e-02
8.194007e-03	2.348797e-01	2.023074e+00	6.977195e-02
9.423108e-03	2.518804e-01	2.079938e+00	7.478502e-02
1.083657e-02	2.701117e-01	2.130828e+00	8.022550e-02
1.246206e-02	2.896625e-01	2.178278e+00	8.604770e-02
1.433137e-02	3.106284e-01	2.222104e+00	9.227553e-02
1.648108e-02	3.331119e-01	2.257973e+00	9.895425e-02
1.895324e-02	3.572227e-01	2.294276e+00	1.061166e-01
2.179622e-02	3.830786e-01	2.323858e+00	1.137972e-01
2.506566e-02	4.108061e-01	2.348401e+00	1.220337e-01
2.882550e-02	4.405404e-01	2.366310e+00	1.308664e-01
3.314933e-02	4.724270e-01	2.383488e+00	1.403384e-01
3.812173e-02	5.066215e-01	2.397970e+00	1.504961e-01
4.383999e-02	5.432910e-01	2.404861e+00	1.613889e-01
5.041599e-02	5.826147e-01	2.406976e+00	1.730701e-01
5.797838e-02	6.247847e-01	2.401980e+00	1.855969e-01
6.667514e-02	6.700069e-01	2.394010e+00	1.990304e-01
7.667641e-02	7.185024e-01	2.381480e+00	2.134361e-01
8.817787e-02	7.705080e-01	2.361495e+00	2.288846e-01
1.014046e-01	8.262777e-01	2.335996e+00	2.454511e-01
1.166152e-01	8.860842e-01	2.304192e+00	2.632169e-01
1.341075e-01	9.502194e-01	2.266417e+00	2.822686e-01
1.542237e-01	1.018997e+00	2.222828e+00	3.026992e-01
1.773572e-01	1.092752e+00	2.173102e+00	3.246085e-01
2.039608e-01	1.171846e+00	2.117593e+00	3.481036e-01
2.345549e-01	1.256665e+00	2.056660e+00	3.732995e-01
2.697381e-01	1.347623e+00	1.994045e+00	4.003190e-01
3.101989e-01	1.445165e+00	1.926162e+00	4.292941e-01
3.567287e-01	1.549767e+00	1.848622e+00	4.603664e-01
4.102380e-01	1.661940e+00	1.772969e+00	4.936878e-01
4.717737e-01	1.782232e+00	1.691732e+00	5.294212e-01
5.425397e-01	1.911231e+00	1.615302e+00	5.677408e-01
6.239207e-01	2.049566e+00	1.536212e+00	6.088342e-01
7.175088e-01	2.197915e+00	1.446982e+00	6.529009e-01
8.251351e-01	2.357001e+00	1.365465e+00	7.001572e-01
9.489054e-01	2.520394e+00	1.280736e+00	7.508521e-01
1.091241e+00	2.676817e+00	1.200862e+00	8.056049e-01
1.254927e+00	2.840929e+00	1.121615e+00	8.649289e-01
1.443166e+00	3.012394e+00	1.043955e+00	9.292350e-01
1.659641e+00	3.190583e+00	9.733335e-01	9.990162e-01
1.908588e+00	1.698791e+00	8.992736e-01	1.074836e+00
2.194876e+00	1.821817e+00	8.314049e-01	1.157350e+00
2.524107e+00	1.962280e+00	7.681638e-01	1.247330e+00
2.902723e+00	2.126981e+00	7.119523e-01	1.345699e+00
3.338132e+00	2.327725e+00	6.523725e-01	1.453577e+00
3.838852e+00	2.549355e+00	5.977594e-01	1.572336e+00
4.414679e+00	2.794506e+00	5.579934e-01	1.703683e+00
5.076881e+00	3.056354e+00	5.178266e-01	1.849762e+00
5.838413e+00	3.348789e+00	4.723574e-01	1.974264e+00
6.714175e+00	3.664474e+00	4.201417e-01	1.918791e+00
7.721302e+00	4.009650e+00	3.721726e-01	1.868928e+00
8.879497e+00	4.391743e+00	3.357231e-01	1.826147e+00
1.021142e+01	4.791489e+00	3.021933e-01	1.791925e+00
1.174313e+01	5.243953e+00	2.719258e-01	1.767772e+00
1.350460e+01	5.754518e+00	2.450372e-01	1.755262e+00
1.553030e+01	6.311673e+00	2.213476e-01	1.755998e+00
1.785984e+01	6.932787e+00	1.994975e-01	1.771779e+00
2.053882e+01	7.575495e+00	1.785524e-01	1.804408e+00
2.361964e+01	8.274524e+00	1.596307e-01	1.855770e+00
2.716258e+01	8.994293e+00	1.448079e-01	1.927820e+00
3.123697e+01	9.739680e+00	1.308329e-01	2.022622e+00
3.592252e+01	1.054835e+01	1.153369e-01	2.142418e+00
4.131089e+01	1.125641e+01	1.031784e-01	2.289750e+00
4.750753e+01	1.197166e+01	9.161030e-02	2.467615e+00
5.463366e+01	1.262439e+01	8.271773e-02	2.679665e+00
6.282871e+01	1.319874e+01	7.441380e-02	2.930453e+00
7.225301e+01	1.376994e+01	6.531862e-02	3.225658e+00
8.309096e+01	1.418802e+01	5.820720e-02	3.572381e+00
9.555461e+01	1.453985e+01	5.153117e-02	3.979476e+00
1.098878e+02	1.477040e+01	4.586203e-02	4.457929e+00
1.263710e+02	1.498939e+01	4.073760e-02	5.021396e+00
1.453266e+02	1.519850e+01	3.613022e-02	5.686721e+00
1.671256e+02	1.525369e+01	3.232452e-02	6.474243e+00
1.921945e+02	1.670168e+01	2.856008e-02	7.413962e+00
2.210236e+02	1.630536e+01	2.534877e-02	8.553527e+00
2.541772e+02	1.581866e+01	2.259787e-02	9.919988e+00
2.923037e+02	1.527011e+01	2.032110e-02	1.157432e+01
3.361493e+02	1.471686e+01	1.795362e-02	1.357776e+01
3.865717e+02	1.417198e+01	1.574503e-02	1.598753e+01
4.445574e+02	1.356271e+01	1.395126e-02	1.889390e+01
5.112411e+02	1.294160e+01	1.235598e-02	2.242516e+01
5.879272e+02	1.232050e+01	1.108585e-02	2.673632e+01
6.761163e+02	1.171792e+01	9.759795e-03	3.202188e+01
7.775337e+02	1.111084e+01	8.545534e-03	3.853467e+01
8.941638e+02	1.049231e+01	7.559297e-03	4.660356e+01
1.028288e+03	9.876833e+00	6.648286e-03	5.663749e+01
1.182532e+03	9.277854e+00	5.848123e-03	6.914304e+01
1.359911e+03	8.682441e+00	5.165408e-03	8.477790e+01
1.563898e+03	8.096812e+00	4.583155e-03	1.044032e+02
1.798483e+03	7.531943e+00	4.056844e-03	1.291105e+02
2.068255e+03	6.982767e+00	3.564273e-03	1.602970e+02
2.378493e+03	6.450078e+00	3.130341e-03	1.997762e+02
2.735268e+03	5.939644e+00	2.804176e-03	2.498805e+02
3.145558e+03	5.455412e+00	2.497361e-03	3.136070e+02
3.617391e+03	4.999245e+00	2.162323e-03	3.948046e+02
4.160000e+03	4.571557e+00	1.904916e-03	4.984131e+02
4.784000e+03	4.170905e+00	1.667802e-03	6.307521e+02
5.501600e+03	3.798552e+00	1.487539e-03	7.998926e+02
6.326840e+03	3.456884e+00	1.321209e-03	1.016110e+03
7.275866e+03	3.144189e+00	1.141800e-03	1.292439e+03
8.367246e+03	2.858119e+00	1.003459e-03	1.645348e+03
9.622333e+03	2.599333e+00	8.764481e-04	2.095541e+03
