# Energy_MeV	dEdx_Elec_MeV_um	dEdx_Nucl_MeV_um	Range_um
1.000000e-05	8.644380e-03	5.914404e-02	2.313642e-03
1.150000e-05	9.270065e-03	6.545224e-02	2.481105e-03
1.322500e-05	9.941037e-03	7.242601e-02	2.660688e-03
1.520875e-05	1.066057e-02	7.994868e-02	2.853270e-03
1.749006e-05	1.143219e-02	8.839678e-02	3.059792e-03
2.011357e-05	1.225966e-02	9.753748e-02	3.281261e-03
2.313061e-05	1.314702e-02	1.074624e-01	3.518760e-03
2.660020e-05	1.409861e-02	1.181601e-01	3.773450e-03
3.059023e-05	1.511907e-02	1.302125e-01	4.046574e-03
3.517876e-05	1.621340e-02	1.434609e-01	4.339467e-03
4.045558e-05	1.738694e-02	1.577230e-01	4.653560e-03
4.652391e-05	1.864541e-02	1.731663e-01	4.990388e-03
5.350250e-05	1.999498e-02	1.896296e-01	5.351594e-03
6.152788e-05	2.144222e-02	2.081446e-01	5.738946e-03
7.075706e-05	2.299422e-02	2.283117e-01	6.154334e-03
8.137062e-05	2.465856e-02	2.498788e-01	6.599788e-03
9.357621e-05	2.644336e-02	2.733510e-01	7.077484e-03
1.076126e-04	2.835734e-02	2.987701e-01	7.589756e-03
1.237545e-04	3.040986e-02	3.258938e-01	8.139106e-03
1.423177e-04	3.261094e-02	3.547410e-01	8.728219e-03
1.636654e-04	3.497134e-02	3.859741e-01	9.359972e-03
1.882152e-04	3.750258e-02	4.198051e-01	1.003745e-02
2.164475e-04	4.021704e-02	4.561870e-01	1.076397e-02
2.489146e-04	4.312797e-02	4.929267e-01	1.154307e-02
2.862518e-04	4.624959e-02	5.328962e-01	1.237856e-02
3.291895e-04	4.959716e-02	5.782290e-01	1.327453e-02
3.785680e-04	5.318703e-02	6.238473e-01	1.423535e-02
4.353531e-04	5.703674e-02	6.734372e-01	1.526571e-02
5.006561e-04	6.116509e-02	7.223067e-01	1.637065e-02
5.757545e-04	6.559225e-02	7.748999e-01	1.755557e-02
6.621177e-04	7.033985e-02	8.341125e-01	1.882625e-02
7.614354e-04	7.543109e-02	8.925496e-01	2.018890e-02
8.756507e-04	8.089083e-02	9.551815e-01	2.165018e-02
1.006998e-03	8.674575e-02	1.018463e+00	2.321724e-02
1.158048e-03	9.302445e-02	1.084231e+00	2.489771e-02
1.331755e-03	9.975761e-02	1.152068e+00	2.669982e-02
1.531519e-03	1.069781e-01	1.218856e+00	2.863237e-02
1.761246e-03	1.147213e-01	1.290611e+00	3.070479e-02
2.025433e-03	1.230248e-01	1.361258e+00	3.292722e-02
2.329248e-03	1.319294e-01	1.430361e+00	3.531051e-02
2.678635e-03	1.414786e-01	1.497021e+00	3.786631e-02
3.080431e-03	1.517189e-01	1.569516e+00	4.060709e-02
3.542495e-03	1.627004e-01	1.642232e+00	4.354625e-02
4.073870e-03	1.744767e-01	1.710809e+00	4.669816e-02
4.684950e-03	1.871054e-01	1.776488e+00	5.007819e-02
5.387693e-03	2.006482e-01	1.836179e+00	5.370288e-02
6.195847e-03	2.151712e-01	1.900195e+00	5.758992e-02
7.125224e-03	2.307454e-01	1.961790e+00	6.175831e-02
8.194007e-03	2.474469e-01	2.017165e+00	6.621916e-02
9.423108e-03	2.653572e-01	2.069991e+00	7.101075e-02
1.083657e-02	2.845639e-01	2.119308e+00	7.616529e-02
1.246206e-02	3.051608e-01	2.162540e+00	8.167685e-02
1.433137e-02	3.272485e-01	2.200409e+00	8.758899e-02
1.648108e-02	3.509349e-01	2.235464e+00	9.392858e-02
1.895324e-02	3.763358e-01	2.267560e+00	1.007270e-01
2.179622e-02	4.035752e-01	2.295360e+00	1.080176e-01
2.506566e-02	4.327862e-01	2.314067e+00	1.158358e-01
2.882550e-02	4.641115e-01	2.330446e+00	1.242199e-01
3.314933e-02	4.977041e-01	2.347589e+00	1.332109e-01
3.812173e-02	5.337282e-01	2.356229e+00	1.428527e-01
4.383999e-02	5.723597e-01	2.360930e+00	1.531923e-01
5.041599e-02	6.137874e-01	2.357970e+00	1.642802e-01
5.797838e-02	6.582137e-01	2.350783e+00	1.761708e-01
6.667514e-02	7.058555e-01	2.341314e+00	1.889220e-01
7.667641e-02	7.569457e-01	2.324104e+00	2.025962e-01
8.817787e-02	8.117338e-01	2.301318e+00	2.172600e-01
1.014046e-01	8.704876e-01	2.272392e+00	2.329852e-01
1.166152e-01	9.334939e-01	2.237578e+00	2.498487e-01
1.341075e-01	1.001061e+00	2.197065e+00	2.679328e-01
1.542237e-01	1.073518e+00	2.150770e+00	2.873258e-01
1.773572e-01	1.151220e+00	2.098155e+00	3.081224e-01
2.039608e-01	1.234546e+00	2.040870e+00	3.304242e-01
2.345549e-01	1.323903e+00	1.979990e+00	3.543404e-01
2.697381e-01	1.419728e+00	1.915768e+00	3.799877e-01
3.101989e-01	1.522488e+00	1.843615e+00	4.074913e-01
3.567287e-01	1.632687e+00	1.768236e+00	4.369855e-01
4.102380e-01	1.750861e+00	1.691214e+00	4.686145e-01
4.717737e-01	1.877590e+00	1.613656e+00	5.025330e-01
5.425397e-01	2.013491e+00	1.537752e+00	5.389069e-01
6.239207e-01	2.159228e+00	1.453929e+00	5.779118e-01
7.175088e-01	2.315514e+00	1.370493e+00	6.197451e-01
8.251351e-01	2.481887e+00	1.289580e+00	6.645928e-01
9.489054e-01	2.636329e+00	1.208703e+00	7.129371e-01
1.091241e+00	2.798510e+00	1.128829e+00	7.653144e-01
1.254927e+00	2.968153e+00	1.053102e+00	8.220715e-01
1.443166e+00	3.144712e+00	9.818120e-01	8.836461e-01
1.659641e+00	1.668791e+00	9.110268e-01	9.505254e-01
1.908588e+00	1.789652e+00	8.415445e-01	1.023277e+00
2.194876e+00	1.924317e+00	7.751670e-01	1.102567e+00
2.524107e+00	2.081452e+00	7.193561e-01	1.189189e+00
2.902723e+00	2.273918e+00	6.635143e-01	1.284103e+00
3.338132e+00	2.492229e+00	6.039767e-01	1.388482e+00
3.838852e+00	2.728819e+00	5.613709e-01	1.503779e+00
4.414679e+00	2.987039e+00	5.238816e-01	1.631814e+00
5.076881e+00	3.274206e+00	4.812811e-01	1.774895e+00
5.838413e+00	3.579917e+00	4.327878e-01	1.741114e+00
6.714175e+00	3.920659e+00	3.811234e-01	1.694777e+00
7.721302e+00	4.289402e+00	3.423858e-01	1.654485e+00
8.879497e+00	4.685337e+00	3.084182e-01	1.621563e+00
1.021142e+01	5.125055e+00	2.781465e-01	1.597363e+00
1.174313e+01	5.617787e+00	2.507140e-01	1.583288e+00
1.350460e+01	6.167048e+00	2.256799e-01	1.580771e+00
1.553030e+01	6.766474e+00	2.040089e-01	1.591395e+00
1.785984e+01	7.403892e+00	1.826417e-01	1.616778e+00
2.053882e+01	8.106961e+00	1.637124e-01	1.658601e+00
2.361964e+01	8.801606e+00	1.476719e-01	1.718610e+00
2.716258e+01	9.549848e+00	1.337972e-01	1.798634e+00
3.123697e+01	1.033692e+01	1.190961e-01	1.900644e+00
3.592252e+01	1.106690e+01	1.057484e-01	2.026850e+00
4.131089e+01	1.181975e+01	9.442353e-02	2.179834e+00
4.750753e+01	1.244970e+01	8.448635e-02	2.362708e+00
5.463366e+01	1.306069e+01	7.624823e-02	2.579359e+00
6.282871e+01	1.363323e+01	6.749551e-02	2.834619e+00
7.225301e+01	1.407614e+01	5.971917e-02	3.134535e+00
8.309096e+01	1.448620e+01	5.315079e-02	3.486651e+00
9.555461e+01	1.470871e+01	4.713158e-02	3.900338e+00
1.098878e+02	1.493376e+01	4.176655e-02	4.387258e+00
1.263710e+02	1.516452e+01	3.709680e-02	4.961674e+00
1.453266e+02	1.523893e+01	3.313915e-02	5.641688e+00
1.671256e+02	1.678819e+01	2.946060e-02	6.449232e+00
1.921945e+02	1.640555e+01	2.607175e-02	7.427242e+00
2.210236e+02	1.594360e+01	2.309399e-02	8.603295e+00
2.541772e+02	1.541888e+01	2.076865e-02	1.002194e+01
2.923037e+02	1.483902e+01	1.855173e-02	1.174219e+01
3.361493e+02	1.432046e+01	1.620378e-02	1.381510e+01
3.865717e+02	1.371970e+01	1.434301e-02	1.630939e+01
4.445574e+02	1.309963e+01	1.266157e-02	1.933616e+01
5.112411e+02	1.247817e+01	1.133771e-02	2.302688e+01
5.879272e+02	1.186714e+01	1.010084e-02	2.754705e+01
6.761163e+02	1.126710e+01	8.805810e-03	3.310877e+01
7.775337e+02	1.064978e+01	7.780566e-03	3.999065e+01
8.941638e+02	1.002909e+01	6.846787e-03	4.854205e+01
1.028288e+03	9.430426e+00	6.036647e-03	5.919427e+01
1.182532e+03	8.832916e+00	5.330376e-03	7.249847e+01
1.359911e+03	8.244159e+00	4.707495e-03	8.918344e+01
1.563898e+03	7.674070e+00	4.180565e-03	1.101742e+02
1.798483e+03	7.120648e+00	3.673376e-03	1.366515e+02
2.068255e+03	6.583728e+00	3.233481e-03	1.701452e+02
2.378493e+03	6.066930e+00	2.874648e-03	2.126267e+02
2.735268e+03	5.575839e+00	2.570155e-03	2.666308e+02
3.145558e+03	5.112431e+00	2.246332e-03	3.354110e+02
3.617391e+03	4.677629e+00	1.962871e-03	4.231463e+02
4.160000e+03	4.270179e+00	1.727690e-03	5.351857e+02
4.784000e+03	3.890315e+00	1.525783e-03	6.783648e+02
5.501600e+03	3.540848e+00	1.361512e-03	8.613935e+02
6.326840e+03	3.221086e+00	1.185517e-03	1.095332e+03
7.275866e+03	2.928268e+00	1.034389e-03	1.394167e+03
8.367246e+03	2.662483e+00	9.084689e-04	1.775509e+03
9.622333e+03	2.423640e+00	7.944445e-04	2.261407e+03
