# Energy_MeV	dEdx_Elec_MeV_um	dEdx_Nucl_MeV_um	Range_um
1.000000e-05	9.343312e-03	4.663353e-02	2.140569e-03
1.150000e-05	1.001959e-02	4.908865e-02	2.295504e-03
1.322500e-05	1.074481e-02	5.411367e-02	2.461654e-03
1.520875e-05	1.152252e-02	6.010220e-02	2.639830e-03
1.749006e-05	1.235653e-02	6.656163e-02	2.830902e-03
2.011357e-05	1.325090e-02	7.390625e-02	3.035804e-03
2.313061e-05	1.421001e-02	8.211408e-02	3.255537e-03
2.660020e-05	1.523854e-02	9.094921e-02	3.491175e-03
3.059023e-05	1.634151e-02	1.008349e-01	3.743868e-03
3.517876e-05	1.752432e-02	1.115996e-01	4.014851e-03
4.045558e-05	1.879274e-02	1.234865e-01	4.305448e-03
4.652391e-05	2.015297e-02	1.364938e-01	4.617079e-03
5.350250e-05	2.161165e-02	1.506859e-01	4.951265e-03
6.152788e-05	2.317591e-02	1.665534e-01	5.309640e-03
7.075706e-05	2.485340e-02	1.837814e-01	5.693955e-03
8.137062e-05	2.665230e-02	2.021570e-01	6.106086e-03
9.357621e-05	2.858140e-02	2.223096e-01	6.548048e-03
1.076126e-04	3.065014e-02	2.454363e-01	7.021999e-03
1.237545e-04	3.286862e-02	2.698220e-01	7.530255e-03
1.423177e-04	3.524766e-02	2.967739e-01	8.075299e-03
1.636654e-04	3.779891e-02	3.251235e-01	8.659794e-03
1.882152e-04	4.053481e-02	3.560774e-01	9.286594e-03
2.164475e-04	4.346874e-02	3.915919e-01	9.958763e-03
2.489146e-04	4.661503e-02	4.284397e-01	1.067958e-02
2.862518e-04	4.998906e-02	4.691865e-01	1.145258e-02
3.291895e-04	5.360729e-02	5.125671e-01	1.228152e-02
3.785680e-04	5.748741e-02	5.597843e-01	1.317046e-02
4.353531e-04	6.164838e-02	6.106299e-01	1.412375e-02
5.006561e-04	6.611053e-02	6.635821e-01	1.514603e-02
5.757545e-04	7.089564e-02	7.228164e-01	1.624231e-02
6.621177e-04	7.602711e-02	7.849124e-01	1.741794e-02
7.614354e-04	8.152999e-02	8.512081e-01	1.867866e-02
8.756507e-04	8.743117e-02	9.188794e-01	2.003063e-02
1.006998e-03	9.375949e-02	9.951925e-01	2.148046e-02
1.158048e-03	1.005458e-01	1.078233e+00	2.303522e-02
1.331755e-03	1.078234e-01	1.162047e+00	2.470253e-02
1.531519e-03	1.156277e-01	1.252162e+00	2.649051e-02
1.761246e-03	1.239969e-01	1.341408e+00	2.840790e-02
2.025433e-03	1.329719e-01	1.441775e+00	3.046408e-02
2.329248e-03	1.425965e-01	1.549399e+00	3.266909e-02
2.678635e-03	1.529177e-01	1.655714e+00	3.503370e-02
3.080431e-03	1.639859e-01	1.770356e+00	3.756945e-02
3.542495e-03	1.758553e-01	1.886664e+00	4.028875e-02
4.073870e-03	1.885838e-01	2.006428e+00	4.320487e-02
4.684950e-03	2.022336e-01	2.127288e+00	4.633206e-02
5.387693e-03	2.168714e-01	2.249485e+00	4.968560e-02
6.195847e-03	2.325687e-01	2.379649e+00	5.328187e-02
7.125224e-03	2.494021e-01	2.507958e+00	5.713844e-02
8.194007e-03	2.674540e-01	2.627309e+00	6.127415e-02
9.423108e-03	2.868124e-01	2.748565e+00	6.570921e-02
1.083657e-02	3.075720e-01	2.887207e+00	7.046528e-02
1.246206e-02	3.298343e-01	3.009006e+00	7.556559e-02
1.433137e-02	3.537079e-01	3.134429e+00	8.103507e-02
1.648108e-02	3.793094e-01	3.243032e+00	8.685648e-02
1.895324e-02	4.067640e-01	3.350102e+00	9.318189e-02
2.179622e-02	4.362058e-01	3.471940e+00	9.993789e-02
2.506566e-02	4.677786e-01	3.571039e+00	1.071715e-01
2.882550e-02	5.016367e-01	3.671542e+00	1.149282e-01
3.314933e-02	5.379454e-01	3.759458e+00	1.232467e-01
3.812173e-02	5.768822e-01	3.843222e+00	1.321671e-01
4.383999e-02	6.186372e-01	3.918437e+00	1.417332e-01
5.041599e-02	6.634145e-01	3.980301e+00	1.519918e-01
5.797838e-02	7.114328e-01	4.044559e+00	1.629929e-01
6.667514e-02	7.629267e-01	4.095034e+00	1.747903e-01
7.667641e-02	8.181478e-01	4.138233e+00	1.874414e-01
8.817787e-02	8.773657e-01	4.167351e+00	2.010084e-01
1.014046e-01	9.408699e-01	4.197752e+00	2.155573e-01
1.166152e-01	1.008971e+00	4.223540e+00	2.311593e-01
1.341075e-01	1.082000e+00	4.233217e+00	2.478906e-01
1.542237e-01	1.160316e+00	4.236684e+00	2.658328e-01
1.773572e-01	1.244300e+00	4.225821e+00	2.850737e-01
2.039608e-01	1.334364e+00	4.211383e+00	3.057074e-01
2.345549e-01	1.430946e+00	4.188884e+00	3.278345e-01
2.697381e-01	1.534518e+00	4.151789e+00	3.515631e-01
3.101989e-01	1.645587e+00	4.106079e+00	3.770092e-01
3.567287e-01	1.764696e+00	4.048663e+00	4.042972e-01
4.102380e-01	1.892425e+00	3.981075e+00	4.335604e-01
4.717737e-01	2.029400e+00	3.903219e+00	4.649415e-01
5.425397e-01	2.176289e+00	3.814547e+00	4.985939e-01
6.239207e-01	2.333810e+00	3.715481e+00	5.346822e-01
7.175088e-01	2.502733e+00	3.607497e+00	5.733828e-01
8.251351e-01	2.683882e+00	3.496966e+00	6.148844e-01
9.489054e-01	2.878143e+00	3.376353e+00	6.593897e-01
1.091241e+00	3.086464e+00	3.238393e+00	7.071166e-01
1.254927e+00	3.309864e+00	3.105542e+00	7.582983e-01
1.443166e+00	3.549434e+00	2.961137e+00	8.131775e-01
1.659641e+00	3.790481e+00	2.827905e+00	8.720863e-01
1.908588e+00	4.025367e+00	2.687788e+00	9.357709e-01
2.194876e+00	4.271671e+00	2.529330e+00	1.004769e+00
2.524107e+00	4.528837e+00	2.387594e+00	1.079576e+00
2.902723e+00	4.795855e+00	2.237119e+00	1.160765e+00
3.338132e+00	5.071112e+00	2.098001e+00	1.248997e+00
3.838852e+00	5.352219e+00	1.957374e+00	1.345043e+00
4.414679e+00	5.635810e+00	1.822402e+00	1.449814e+00
5.076881e+00	5.917340e+00	1.699598e+00	1.564400e+00
5.838413e+00	6.190905e+00	1.568144e+00	1.690123e+00
6.714175e+00	3.348772e+00	1.450289e+00	1.828610e+00
7.721302e+00	3.690689e+00	1.338006e+00	1.981887e+00
8.879497e+00	4.056023e+00	1.242317e+00	2.152503e+00
1.021142e+01	4.465264e+00	1.136456e+00	2.343697e+00
1.174313e+01	4.914402e+00	1.039535e+00	2.559612e+00
1.350460e+01	5.396757e+00	9.743375e-01	2.805582e+00
1.553030e+01	5.931012e+00	9.035236e-01	3.088510e+00
1.785984e+01	6.455482e+00	8.224797e-01	3.417347e+00
2.053882e+01	7.046814e+00	7.292792e-01	3.468587e+00
2.361964e+01	7.708658e+00	6.445273e-01	3.249412e+00
2.716258e+01	8.385280e+00	5.837218e-01	3.080805e+00
3.123697e+01	9.125433e+00	5.246948e-01	2.957869e+00
3.592252e+01	9.896033e+00	4.727341e-01	2.876872e+00
4.131089e+01	1.074598e+01	4.260256e-01	2.835005e+00
4.750753e+01	1.167918e+01	3.846232e-01	2.830201e+00
5.463366e+01	1.270047e+01	3.468374e-01	2.860995e+00
6.282871e+01	1.384352e+01	3.098473e-01	2.926625e+00
7.225301e+01	1.505915e+01	2.772638e-01	3.026970e+00
8.309096e+01	1.634697e+01	2.520054e-01	3.162656e+00
9.555461e+01	1.772129e+01	2.274294e-01	3.335181e+00
1.098878e+02	1.902803e+01	2.000238e-01	3.547053e+00
1.263710e+02	2.039537e+01	1.793515e-01	3.801931e+00
1.453266e+02	2.162902e+01	1.589476e-01	4.104785e+00
1.671256e+02	2.270641e+01	1.438967e-01	4.462093e+00
1.921945e+02	2.368390e+01	1.292726e-01	4.882018e+00
2.210236e+02	2.467479e+01	1.131945e-01	5.374823e+00
2.541772e+02	2.565894e+01	1.011707e-01	5.953280e+00
2.923037e+02	2.640534e+01	8.935205e-02	6.631757e+00
3.361493e+02	2.912841e+01	7.965667e-02	7.436500e+00
3.865717e+02	2.906090e+01	7.057624e-02	8.402837e+00
4.445574e+02	2.879813e+01	6.270013e-02	9.545381e+00
5.112411e+02	2.835609e+01	5.619702e-02	1.091218e+01
5.879272e+02	2.787892e+01	4.951417e-02	1.254123e+01
6.761163e+02	2.729151e+01	4.402310e-02	1.446572e+01
7.775337e+02	2.654082e+01	3.913596e-02	1.675005e+01
8.941638e+02	2.574488e+01	3.533211e-02	1.947971e+01
1.028288e+03	2.492507e+01	3.113586e-02	2.275676e+01
1.182532e+03	2.413925e+01	2.723985e-02	2.670670e+01
1.359911e+03	2.331419e+01	2.420238e-02	3.149262e+01
1.563898e+03	2.242937e+01	2.139274e-02	3.732259e+01
1.798483e+03	2.151834e+01	1.926594e-02	4.444810e+01
2.068255e+03	2.059639e+01	1.691936e-02	5.317525e+01
2.378493e+03	1.964429e+01	1.478928e-02	6.390255e+01
2.735268e+03	1.867570e+01	1.310865e-02	7.714365e+01
3.145558e+03	1.770799e+01	1.151082e-02	9.354047e+01
3.617391e+03	1.673509e+01	1.013674e-02	1.139082e+02
4.160000e+03	1.576621e+01	8.959821e-03	1.392975e+02
4.784000e+03	1.480057e+01	7.947475e-03	1.710483e+02
5.501600e+03	1.384588e+01	7.036170e-03	2.108703e+02
6.326840e+03	1.291635e+01	6.172276e-03	2.609484e+02
7.275866e+03	1.202089e+01	5.426197e-03	3.240750e+02
8.367246e+03	1.115979e+01	4.873922e-03	4.038125e+02
9.622333e+03	1.033554e+01	4.332939e-03	5.047038e+02
