# Energy_MeV	dEdx_Elec_MeV_um	dEdx_Nucl_MeV_um	Range_um
1.000000e-05	9.454051e-03	4.894731e-02	2.115495e-03
1.150000e-05	1.013834e-02	5.428268e-02	2.268616e-03
1.322500e-05	1.087216e-02	6.015035e-02	2.432820e-03
1.520875e-05	1.165909e-02	6.687419e-02	2.608908e-03
1.749006e-05	1.250298e-02	7.415803e-02	2.797743e-03
2.011357e-05	1.340795e-02	8.220278e-02	3.000245e-03
2.313061e-05	1.437843e-02	9.103862e-02	3.217404e-03
2.660020e-05	1.541915e-02	1.007754e-01	3.450281e-03
3.059023e-05	1.653519e-02	1.115019e-01	3.700015e-03
3.517876e-05	1.773202e-02	1.231063e-01	3.967824e-03
4.045558e-05	1.901547e-02	1.360548e-01	4.255017e-03
4.652391e-05	2.039182e-02	1.502012e-01	4.562997e-03
5.350250e-05	2.186779e-02	1.656475e-01	4.893269e-03
6.152788e-05	2.345060e-02	1.820282e-01	5.247447e-03
7.075706e-05	2.514796e-02	2.004728e-01	5.627260e-03
8.137062e-05	2.696819e-02	2.211201e-01	6.034564e-03
9.357621e-05	2.892016e-02	2.429709e-01	6.471349e-03
1.076126e-04	3.101341e-02	2.670898e-01	6.939748e-03
1.237545e-04	3.325818e-02	2.923063e-01	7.442051e-03
1.423177e-04	3.566543e-02	3.206383e-01	7.980710e-03
1.636654e-04	3.824691e-02	3.521386e-01	8.558358e-03
1.882152e-04	4.101524e-02	3.851835e-01	9.177817e-03
2.164475e-04	4.398394e-02	4.216949e-01	9.842112e-03
2.489146e-04	4.716753e-02	4.606170e-01	1.055449e-02
2.862518e-04	5.058154e-02	5.027324e-01	1.131843e-02
3.291895e-04	5.424265e-02	5.476085e-01	1.213766e-02
3.785680e-04	5.816877e-02	5.954188e-01	1.301619e-02
4.353531e-04	6.237905e-02	6.481702e-01	1.395831e-02
5.006561e-04	6.689408e-02	7.038926e-01	1.496862e-02
5.757545e-04	7.173591e-02	7.616613e-01	1.605206e-02
6.621177e-04	7.692819e-02	8.227770e-01	1.721392e-02
7.614354e-04	8.249630e-02	8.926271e-01	1.845987e-02
8.756507e-04	8.846742e-02	9.641302e-01	1.979600e-02
1.006998e-03	9.487074e-02	1.040030e+00	2.122885e-02
1.158048e-03	1.017375e-01	1.117332e+00	2.276540e-02
1.331755e-03	1.091014e-01	1.197775e+00	2.441318e-02
1.531519e-03	1.169982e-01	1.289632e+00	2.618021e-02
1.761246e-03	1.254666e-01	1.381088e+00	2.807515e-02
2.025433e-03	1.345479e-01	1.477388e+00	3.010725e-02
2.329248e-03	1.442865e-01	1.576464e+00	3.228642e-02
2.678635e-03	1.547301e-01	1.679429e+00	3.462333e-02
3.080431e-03	1.659295e-01	1.785115e+00	3.712939e-02
3.542495e-03	1.779396e-01	1.888760e+00	3.981683e-02
4.073870e-03	1.908189e-01	1.999775e+00	4.269880e-02
4.684950e-03	2.046305e-01	2.110449e+00	4.578936e-02
5.387693e-03	2.194418e-01	2.220937e+00	4.910362e-02
6.195847e-03	2.353251e-01	2.323070e+00	5.265776e-02
7.125224e-03	2.523581e-01	2.433982e+00	5.646916e-02
8.194007e-03	2.706239e-01	2.551194e+00	6.055643e-02
9.423108e-03	2.902118e-01	2.656506e+00	6.493953e-02
1.083657e-02	3.112174e-01	2.763009e+00	6.963989e-02
1.246206e-02	3.337435e-01	2.854599e+00	7.468046e-02
1.433137e-02	3.579001e-01	2.952492e+00	8.007922e-02
1.648108e-02	3.838051e-01	3.052985e+00	8.588562e-02
1.895324e-02	4.115851e-01	3.138087e+00	9.210024e-02
2.179622e-02	4.413758e-01	3.223217e+00	9.876720e-02
2.506566e-02	4.733228e-01	3.298828e+00	1.059157e-01
2.882550e-02	5.075822e-01	3.368558e+00	1.135818e-01
3.314933e-02	5.443213e-01	3.429709e+00	1.218028e-01
3.812173e-02	5.837195e-01	3.483347e+00	1.306188e-01
4.383999e-02	6.259694e-01	3.535983e+00	1.400729e-01
5.041599e-02	6.712774e-01	3.578893e+00	1.502112e-01
5.797838e-02	7.198649e-01	3.611008e+00	1.610835e-01
6.667514e-02	7.719691e-01	3.635930e+00	1.727427e-01
7.667641e-02	8.278446e-01	3.663698e+00	1.852457e-01
8.817787e-02	8.877644e-01	3.679105e+00	1.986537e-01
1.014046e-01	9.520213e-01	3.686821e+00	2.130322e-01
1.166152e-01	1.020929e+00	3.684292e+00	2.284514e-01
1.341075e-01	1.094824e+00	3.673244e+00	2.449867e-01
1.542237e-01	1.174068e+00	3.659973e+00	2.627188e-01
1.773572e-01	1.259048e+00	3.634548e+00	2.817343e-01
2.039608e-01	1.350179e+00	3.599971e+00	3.021263e-01
2.345549e-01	1.447905e+00	3.556164e+00	3.239942e-01
2.697381e-01	1.552706e+00	3.503060e+00	3.474450e-01
3.101989e-01	1.665091e+00	3.440881e+00	3.725930e-01
3.567287e-01	1.785611e+00	3.369993e+00	3.995612e-01
4.102380e-01	1.914855e+00	3.288841e+00	4.284816e-01
4.717737e-01	2.053453e+00	3.200630e+00	4.594953e-01
5.425397e-01	2.202083e+00	3.105211e+00	4.927536e-01
6.239207e-01	2.361471e+00	3.006845e+00	5.284190e-01
7.175088e-01	2.532396e+00	2.896457e+00	5.666661e-01
8.251351e-01	2.715692e+00	2.777113e+00	6.076819e-01
9.489054e-01	2.912255e+00	2.659019e+00	6.516650e-01
1.091241e+00	3.123045e+00	2.535135e+00	6.988376e-01
1.254927e+00	3.349093e+00	2.418734e+00	7.494033e-01
1.443166e+00	3.560355e+00	2.290557e+00	8.038541e-01
1.659641e+00	3.779749e+00	2.156545e+00	8.628371e-01
1.908588e+00	4.009371e+00	2.032390e+00	9.267438e-01
2.194876e+00	4.248532e+00	1.903659e+00	9.960664e-01
2.524107e+00	4.496068e+00	1.780811e+00	1.071347e+00
2.902723e+00	4.750193e+00	1.660970e+00	1.153219e+00
3.338132e+00	5.008327e+00	1.547375e+00	1.242426e+00
3.838852e+00	5.266913e+00	1.439058e+00	1.339848e+00
4.414679e+00	2.795220e+00	1.327710e+00	1.446549e+00
5.076881e+00	3.065054e+00	1.224326e+00	1.563829e+00
5.838413e+00	3.356653e+00	1.134355e+00	1.693293e+00
6.714175e+00	3.679551e+00	1.049099e+00	1.836954e+00
7.721302e+00	4.035888e+00	9.522753e-01	1.997352e+00
8.879497e+00	4.419170e+00	8.836858e-01	2.177730e+00
1.021142e+01	4.845835e+00	8.264569e-01	2.382249e+00
1.174313e+01	5.296343e+00	7.617718e-01	2.616280e+00
1.350460e+01	5.769841e+00	6.875605e-01	2.830169e+00
1.553030e+01	6.271844e+00	6.022174e-01	2.665859e+00
1.785984e+01	6.828394e+00	5.416377e-01	2.533470e+00
2.053882e+01	7.445715e+00	4.877346e-01	2.431349e+00
2.361964e+01	8.086653e+00	4.404744e-01	2.358281e+00
2.716258e+01	8.786454e+00	3.965683e-01	2.313434e+00
3.123697e+01	9.563185e+00	3.564093e-01	2.296293e+00
3.592252e+01	1.038419e+01	3.230974e-01	2.306588e+00
4.131089e+01	1.130289e+01	2.889058e-01	2.344335e+00
4.750753e+01	1.230620e+01	2.595364e-01	2.409845e+00
5.463366e+01	1.336791e+01	2.331409e-01	2.503759e+00
6.282871e+01	1.453468e+01	2.119103e-01	2.627181e+00
7.225301e+01	1.562245e+01	1.894501e-01	2.781819e+00
8.309096e+01	1.676678e+01	1.673324e-01	2.970137e+00
9.555461e+01	1.787218e+01	1.499140e-01	3.195520e+00
1.098878e+02	1.886977e+01	1.334812e-01	3.462449e+00
1.263710e+02	1.986585e+01	1.208257e-01	3.776671e+00
1.453266e+02	2.051429e+01	1.074646e-01	4.145470e+00
1.671256e+02	2.121365e+01	9.453812e-02	4.577942e+00
1.921945e+02	2.194600e+01	8.443741e-02	5.085169e+00
2.210236e+02	2.246080e+01	7.466776e-02	5.681427e+00
2.541772e+02	2.585719e+01	6.631277e-02	6.382417e+00
2.923037e+02	2.573112e+01	5.888103e-02	7.223729e+00
3.361493e+02	2.543841e+01	5.246437e-02	8.227896e+00
3.865717e+02	2.503140e+01	4.684109e-02	9.423585e+00
4.445574e+02	2.444131e+01	4.132431e-02	1.085820e+01
5.112411e+02	2.395094e+01	3.659747e-02	1.256691e+01
5.879272e+02	2.325787e+01	3.285918e-02	1.459316e+01
6.761163e+02	2.250069e+01	2.947720e-02	1.701745e+01
7.775337e+02	2.172168e+01	2.564069e-02	1.993213e+01
8.941638e+02	2.094393e+01	2.275354e-02	2.345193e+01
1.028288e+03	2.018621e+01	2.004028e-02	2.772119e+01
1.182532e+03	1.937425e+01	1.794326e-02	3.292923e+01
1.359911e+03	1.852676e+01	1.605522e-02	3.931118e+01
1.563898e+03	1.768759e+01	1.393065e-02	4.715190e+01
1.798483e+03	1.682541e+01	1.234734e-02	5.680878e+01
2.068255e+03	1.595040e+01	1.084037e-02	6.875450e+01
2.378493e+03	1.507973e+01	9.590310e-03	8.358446e+01
2.735268e+03	1.421175e+01	8.450150e-03	1.020507e+02
3.145558e+03	1.334507e+01	7.446735e-03	1.251207e+02
3.617391e+03	1.248617e+01	6.636995e-03	1.540366e+02
4.160000e+03	1.164730e+01	5.813692e-03	1.903875e+02
4.784000e+03	1.083353e+01	5.139312e-03	2.362049e+02
5.501600e+03	1.004893e+01	4.544144e-03	2.940918e+02
6.326840e+03	9.298074e+00	4.078671e-03	3.673757e+02
7.275866e+03	8.584102e+00	3.584341e-03	4.603059e+02
8.367246e+03	7.909099e+00	3.110887e-03	5.783006e+02
9.622333e+03	7.275304e+00	2.749135e-03	7.282502e+02
