# Energy_MeV	dEdx_Elec_MeV_um	dEdx_Nucl_MeV_um	Range_um
1.000000e-05	8.241210e-03	6.896221e-02	2.426828e-03
1.150000e-05	8.837713e-03	7.590345e-02	2.602483e-03
1.322500e-05	9.477391e-03	8.353649e-02	2.790852e-03
1.520875e-05	1.016337e-02	9.162967e-02	2.992856e-03
1.749006e-05	1.089900e-02	1.004429e-01	3.209480e-03
2.011357e-05	1.168788e-02	1.102594e-01	3.441784e-03
2.313061e-05	1.253385e-02	1.208137e-01	3.690902e-03
2.660020e-05	1.344106e-02	1.323845e-01	3.958052e-03
3.059023e-05	1.441393e-02	1.447016e-01	4.244538e-03
3.517876e-05	1.545721e-02	1.582804e-01	4.551760e-03
4.045558e-05	1.657602e-02	1.725931e-01	4.881218e-03
4.652391e-05	8.897303e-03	1.878419e-01	5.234524e-03
5.350250e-05	9.617035e-03	2.045536e-01	5.613401e-03
6.152788e-05	1.038829e-02	2.222890e-01	6.019702e-03
7.075706e-05	1.121484e-02	2.416738e-01	6.455411e-03
8.137062e-05	1.210075e-02	2.611042e-01	6.922657e-03
9.357621e-05	1.305034e-02	2.825301e-01	7.423723e-03
1.076126e-04	1.406826e-02	3.062271e-01	7.961056e-03
1.237545e-04	1.515949e-02	3.305728e-01	8.537281e-03
1.423177e-04	1.632937e-02	3.567698e-01	9.155214e-03
1.636654e-04	1.758362e-02	3.827374e-01	9.817874e-03
1.882152e-04	1.892836e-02	4.110329e-01	1.052850e-02
2.164475e-04	2.037017e-02	4.419005e-01	1.129055e-02
2.489146e-04	2.191609e-02	4.732255e-01	1.210777e-02
2.862518e-04	2.357369e-02	5.063689e-01	1.298414e-02
3.291895e-04	2.535105e-02	5.400336e-01	1.392394e-02
3.785680e-04	2.725687e-02	5.749267e-01	1.493176e-02
4.353531e-04	2.930046e-02	6.108466e-01	1.601253e-02
5.006561e-04	3.149179e-02	6.467252e-01	1.717152e-02
5.757545e-04	3.384159e-02	6.845648e-01	1.841441e-02
6.621177e-04	3.636132e-02	7.223628e-01	1.974725e-02
7.614354e-04	3.906330e-02	7.586911e-01	2.117657e-02
8.756507e-04	4.196073e-02	7.949708e-01	2.270934e-02
1.006998e-03	4.506777e-02	8.336391e-01	2.435305e-02
1.158048e-03	4.839959e-02	8.711194e-01	2.611574e-02
1.331755e-03	5.197247e-02	9.090034e-01	2.800601e-02
1.531519e-03	5.580387e-02	9.428074e-01	3.003310e-02
1.761246e-03	5.991250e-02	9.759109e-01	3.220691e-02
2.025433e-03	6.431845e-02	1.010075e+00	3.453807e-02
2.329248e-03	6.904322e-02	1.041641e+00	3.703795e-02
2.678635e-03	7.410991e-02	1.072734e+00	3.971877e-02
3.080431e-03	7.954326e-02	1.099943e+00	4.259364e-02
3.542495e-03	8.536982e-02	1.126964e+00	4.567659e-02
4.073870e-03	9.161807e-02	1.150039e+00	4.898122e-02
4.684950e-03	9.831851e-02	1.170206e+00	5.252068e-02
5.387693e-03	1.055039e-01	1.189740e+00	5.633208e-02
6.195847e-03	1.132093e-01	1.206178e+00	6.040835e-02
7.125224e-03	1.214724e-01	1.221470e+00	6.478105e-02
8.194007e-03	1.303335e-01	1.231678e+00	6.946980e-02
9.423108e-03	1.398360e-01	1.241016e+00	7.449796e-02
1.083657e-02	1.500263e-01	1.249649e+00	7.989008e-02
1.246206e-02	1.609541e-01	1.254750e+00	8.567245e-02
1.433137e-02	1.726728e-01	1.257357e+00	9.187334e-02
1.648108e-02	1.852397e-01	1.256025e+00	9.852308e-02
1.895324e-02	1.987162e-01	1.252737e+00	1.056542e-01
2.179622e-02	2.131680e-01	1.247446e+00	1.133014e-01
2.506566e-02	2.286659e-01	1.238685e+00	1.215021e-01
2.882550e-02	2.452856e-01	1.226799e+00	1.302963e-01
3.314933e-02	2.631081e-01	1.211616e+00	1.397271e-01
3.812173e-02	2.822207e-01	1.193367e+00	1.498406e-01
4.383999e-02	3.027166e-01	1.172027e+00	1.606860e-01
5.041599e-02	3.246959e-01	1.147582e+00	1.723164e-01
5.797838e-02	3.482662e-01	1.119909e+00	1.847887e-01
6.667514e-02	3.735425e-01	1.089516e+00	1.981637e-01
7.667641e-02	4.006482e-01	1.057586e+00	2.125068e-01
8.817787e-02	4.297159e-01	1.023111e+00	2.278881e-01
1.014046e-01	4.608875e-01	9.848722e-01	2.443825e-01
1.166152e-01	4.943153e-01	9.456949e-01	2.620710e-01
1.341075e-01	5.301626e-01	9.038606e-01	2.810398e-01
1.542237e-01	5.686046e-01	8.637581e-01	3.013815e-01
1.773572e-01	6.098290e-01	8.222279e-01	3.231955e-01
2.039608e-01	6.540372e-01	7.777509e-01	3.465884e-01
2.345549e-01	7.014453e-01	7.346741e-01	3.716746e-01
2.697381e-01	7.522847e-01	6.899985e-01	3.985768e-01
3.101989e-01	8.068040e-01	6.481977e-01	4.274250e-01
3.567287e-01	8.652694e-01	6.049925e-01	4.583652e-01
4.102380e-01	9.279665e-01	5.645368e-01	4.915330e-01
4.717737e-01	9.952106e-01	5.268835e-01	5.272743e-01
5.425397e-01	1.067322e+00	4.880548e-01	5.659955e-01
6.239207e-01	1.144652e+00	4.521570e-01	6.079524e-01
7.175088e-01	1.227580e+00	4.162607e-01	6.534688e-01
8.251351e-01	1.316511e+00	3.861732e-01	7.029033e-01
9.489054e-01	1.411879e+00	3.556944e-01	7.566743e-01
1.091241e+00	1.516868e+00	3.253493e-01	8.152726e-01
1.254927e+00	1.638569e+00	3.016165e-01	8.792823e-01
1.443166e+00	1.788358e+00	2.807025e-01	9.483555e-01
1.659641e+00	1.960063e+00	2.581591e-01	9.523585e-01
1.908588e+00	2.147724e+00	2.322472e-01	9.548765e-01
2.194876e+00	2.356029e+00	2.059629e-01	9.564316e-01
2.524107e+00	2.589160e+00	1.846364e-01	9.576285e-01
2.902723e+00	2.844814e+00	1.661649e-01	9.591586e-01
3.338132e+00	3.132329e+00	1.497916e-01	9.617690e-01
3.838852e+00	3.447359e+00	1.350398e-01	9.663824e-01
4.414679e+00	3.779697e+00	1.216107e-01	9.739808e-01
5.076881e+00	4.141769e+00	1.097420e-01	9.856798e-01
5.838413e+00	4.538485e+00	9.844572e-02	1.002733e+00
6.714175e+00	4.970186e+00	8.816244e-02	1.026542e+00
7.721302e+00	5.412515e+00	7.969801e-02	1.058660e+00
8.879497e+00	5.850016e+00	7.189381e-02	1.100793e+00
1.021142e+01	6.312429e+00	6.402938e-02	1.154794e+00
1.174313e+01	6.697344e+00	5.723888e-02	1.222646e+00
1.350460e+01	7.094651e+00	5.072590e-02	1.306522e+00
1.553030e+01	7.472196e+00	4.571382e-02	1.408788e+00
1.785984e+01	7.789105e+00	4.097241e-02	1.532105e+00
2.053882e+01	8.095857e+00	3.631172e-02	1.679559e+00
2.361964e+01	8.312681e+00	3.235775e-02	1.854819e+00
2.716258e+01	8.512781e+00	2.856250e-02	2.062361e+00
3.123697e+01	8.675299e+00	2.549880e-02	2.307704e+00
3.592252e+01	8.773908e+00	2.251778e-02	2.597706e+00
4.131089e+01	8.847129e+00	1.999966e-02	2.940926e+00
4.750753e+01	8.834244e+00	1.790569e-02	3.348040e+00
5.463366e+01	8.810653e+00	1.584355e-02	3.832421e+00
6.282871e+01	8.773989e+00	1.410529e-02	4.410641e+00
7.225301e+01	8.676425e+00	1.246267e-02	5.103924e+00
8.309096e+01	9.236467e+00	1.119622e-02	5.937961e+00
9.555461e+01	8.862187e+00	9.975294e-03	6.960238e+00
1.098878e+02	8.456234e+00	8.769635e-03	8.208066e+00
1.263710e+02	8.027707e+00	7.740575e-03	9.735003e+00
1.453266e+02	7.586924e+00	6.844018e-03	1.161522e+01
1.671256e+02	7.200383e+00	6.118882e-03	1.391925e+01
1.921945e+02	6.789145e+00	5.430741e-03	1.673834e+01
2.210236e+02	6.377023e+00	4.768978e-03	2.021529e+01
2.541772e+02	5.973323e+00	4.198708e-03	2.452369e+01
2.923037e+02	5.582557e+00	3.699503e-03	2.988499e+01
3.361493e+02	5.203867e+00	3.259566e-03	3.658502e+01
3.865717e+02	4.829440e+00	2.880104e-03	4.500151e+01
4.445574e+02	4.465908e+00	2.543607e-03	5.561528e+01
5.112411e+02	4.124062e+00	2.253349e-03	6.902855e+01
5.879272e+02	3.794625e+00	1.985520e-03	8.601413e+01
6.761163e+02	3.480300e+00	1.745088e-03	1.075953e+02
7.775337e+02	3.184393e+00	1.555810e-03	1.350810e+02
8.941638e+02	2.906202e+00	1.382512e-03	1.701482e+02
1.028288e+03	2.645723e+00	1.209692e-03	2.149718e+02
1.182532e+03	2.402460e+00	1.065998e-03	2.723587e+02
1.359911e+03	2.176793e+00	9.293122e-04	3.459192e+02
1.563898e+03	1.968717e+00	8.279959e-04	4.402841e+02
1.798483e+03	1.778244e+00	7.321108e-04	5.613929e+02
2.068255e+03	1.605189e+00	6.387760e-04	7.168334e+02
2.378493e+03	1.448555e+00	5.620982e-04	9.162783e+02
2.735268e+03	1.306637e+00	4.888025e-04	1.172021e+03
3.145558e+03	1.178660e+00	4.309385e-04	1.499631e+03
3.617391e+03	1.064309e+00	3.752570e-04	1.918757e+03
4.160000e+03	9.622345e-01	3.285328e-04	2.454082e+03
4.784000e+03	8.710849e-01	2.908565e-04	3.136473e+03
5.501600e+03	7.901358e-01	2.536267e-04	4.004352e+03
6.326840e+03	7.185186e-01	2.229722e-04	5.105278e+03
7.275866e+03	6.551031e-01	1.945881e-04	6.497748e+03
8.367246e+03	5.991619e-01	1.727598e-04	8.253223e+03
9.622333e+03	5.501551e-01	1.518201e-04	1.045835e+04
