# Energy_MeV	dEdx_Elec_MeV_um	dEdx_Nucl_MeV_um	Range_um
1.000000e-05	9.693115e-03	5.199636e-02	2.063320e-03
1.150000e-05	1.039471e-02	5.765075e-02	2.212665e-03
1.322500e-05	1.114708e-02	6.411595e-02	2.372818e-03
1.520875e-05	1.195391e-02	7.103594e-02	2.544564e-03
1.749006e-05	1.281914e-02	7.879219e-02	2.728741e-03
2.011357e-05	1.374700e-02	8.719454e-02	2.926249e-03
2.313061e-05	1.474202e-02	9.649928e-02	3.138052e-03
2.660020e-05	1.580905e-02	1.067607e-01	3.365186e-03
3.059023e-05	1.695332e-02	1.178405e-01	3.608760e-03
3.517876e-05	1.818041e-02	1.303041e-01	3.869964e-03
4.045558e-05	1.949632e-02	1.437642e-01	4.150074e-03
4.652391e-05	2.090747e-02	1.584069e-01	4.450459e-03
5.350250e-05	2.242076e-02	1.741006e-01	4.772585e-03
6.152788e-05	2.404359e-02	1.919092e-01	5.118027e-03
7.075706e-05	2.578388e-02	2.114773e-01	5.488473e-03
8.137062e-05	2.765013e-02	2.323991e-01	5.885732e-03
9.357621e-05	2.965146e-02	2.552112e-01	6.311744e-03
1.076126e-04	3.179765e-02	2.793320e-01	6.768591e-03
1.237545e-04	3.409918e-02	3.066862e-01	7.258506e-03
1.423177e-04	3.656729e-02	3.364740e-01	7.783880e-03
1.636654e-04	3.921405e-02	3.680808e-01	8.347281e-03
1.882152e-04	4.205239e-02	4.027500e-01	8.951462e-03
2.164475e-04	4.509616e-02	4.400546e-01	9.599374e-03
2.489146e-04	4.836025e-02	4.799973e-01	1.029418e-02
2.862518e-04	5.186059e-02	5.225190e-01	1.103928e-02
3.291895e-04	5.561428e-02	5.683359e-01	1.183831e-02
3.785680e-04	5.963967e-02	6.183099e-01	1.269517e-02
4.353531e-04	6.395643e-02	6.716573e-01	1.361405e-02
5.006561e-04	6.858563e-02	7.256018e-01	1.459945e-02
5.757545e-04	7.354989e-02	7.843996e-01	1.565616e-02
6.621177e-04	7.887347e-02	8.512342e-01	1.678936e-02
7.614354e-04	8.458237e-02	9.181352e-01	1.800459e-02
8.756507e-04	9.070449e-02	9.911041e-01	1.930777e-02
1.006998e-03	9.726973e-02	1.062709e+00	2.070528e-02
1.158048e-03	1.043102e-01	1.140049e+00	2.220393e-02
1.331755e-03	1.118602e-01	1.227304e+00	2.381107e-02
1.531519e-03	1.199567e-01	1.312771e+00	2.553452e-02
1.761246e-03	1.286392e-01	1.405007e+00	2.738273e-02
2.025433e-03	1.379502e-01	1.497701e+00	2.936470e-02
2.329248e-03	1.479351e-01	1.594555e+00	3.149014e-02
2.678635e-03	1.586427e-01	1.693603e+00	3.376941e-02
3.080431e-03	1.701254e-01	1.791307e+00	3.621366e-02
3.542495e-03	1.824391e-01	1.897010e+00	3.883482e-02
4.073870e-03	1.956442e-01	2.000204e+00	4.164571e-02
4.684950e-03	2.098050e-01	2.101988e+00	4.466004e-02
5.387693e-03	2.249908e-01	2.198330e+00	4.789256e-02
6.195847e-03	2.412757e-01	2.305383e+00	5.135905e-02
7.125224e-03	2.587394e-01	2.412701e+00	5.507645e-02
8.194007e-03	2.774671e-01	2.511573e+00	5.906291e-02
9.423108e-03	2.975503e-01	2.608461e+00	6.333791e-02
1.083657e-02	3.190872e-01	2.694057e+00	6.792234e-02
1.246206e-02	3.421829e-01	2.788525e+00	7.283970e-02
1.433137e-02	3.669503e-01	2.879309e+00	7.811341e-02
1.648108e-02	3.935103e-01	2.958643e+00	8.376568e-02
1.895324e-02	4.219928e-01	3.036505e+00	8.982945e-02
2.179622e-02	4.525369e-01	3.107459e+00	9.633101e-02
2.506566e-02	4.852917e-01	3.170471e+00	1.033034e-01
2.882550e-02	5.204174e-01	3.225516e+00	1.107804e-01
3.314933e-02	5.580855e-01	3.276019e+00	1.187986e-01
3.812173e-02	5.984800e-01	3.323343e+00	1.273972e-01
4.383999e-02	6.417983e-01	3.362775e+00	1.366181e-01
5.041599e-02	6.882520e-01	3.389586e+00	1.465064e-01
5.797838e-02	7.380680e-01	3.413197e+00	1.571105e-01
6.667514e-02	7.914898e-01	3.438207e+00	1.684821e-01
7.667641e-02	8.487782e-01	3.449920e+00	1.806768e-01
8.817787e-02	9.102133e-01	3.456547e+00	1.937541e-01
1.014046e-01	9.760950e-01	3.451323e+00	2.077780e-01
1.166152e-01	1.046745e+00	3.440410e+00	2.228170e-01
1.341075e-01	1.122509e+00	3.426199e+00	2.389444e-01
1.542237e-01	1.203757e+00	3.400077e+00	2.562391e-01
1.773572e-01	1.290886e+00	3.366313e+00	2.747857e-01
2.039608e-01	1.384321e+00	3.323198e+00	2.946747e-01
2.345549e-01	1.484518e+00	3.271683e+00	3.160034e-01
2.697381e-01	1.591969e+00	3.211687e+00	3.388757e-01
3.101989e-01	1.707196e+00	3.143332e+00	3.634034e-01
3.567287e-01	1.830764e+00	3.065601e+00	3.897066e-01
4.102380e-01	1.963276e+00	2.981295e+00	4.179138e-01
4.717737e-01	2.105379e+00	2.891369e+00	4.481625e-01
5.425397e-01	2.257767e+00	2.797446e+00	4.806005e-01
6.239207e-01	2.421185e+00	2.690870e+00	5.153864e-01
7.175088e-01	2.596432e+00	2.579632e+00	5.526903e-01
8.251351e-01	2.784363e+00	2.467326e+00	5.926936e-01
9.489054e-01	2.985897e+00	2.352829e+00	6.355970e-01
1.091241e+00	3.202018e+00	2.242876e+00	6.815860e-01
1.254927e+00	3.407344e+00	2.119152e+00	7.310699e-01
1.443166e+00	3.617573e+00	1.996525e+00	7.846597e-01
1.659641e+00	3.837696e+00	1.878955e+00	8.427192e-01
1.908588e+00	4.067090e+00	1.759671e+00	9.056931e-01
2.194876e+00	4.304685e+00	1.643960e+00	9.740698e-01
2.524107e+00	4.548831e+00	1.533110e+00	1.048422e+00
2.902723e+00	4.797128e+00	1.429120e+00	1.129417e+00
3.338132e+00	5.046254e+00	1.325918e+00	1.217849e+00
3.838852e+00	2.656609e+00	1.223745e+00	1.314674e+00
4.414679e+00	2.915211e+00	1.127652e+00	1.421055e+00
5.076881e+00	3.193084e+00	1.046824e+00	1.538433e+00
5.838413e+00	3.503270e+00	9.649942e-01	1.668608e+00
6.714175e+00	3.842818e+00	8.776036e-01	1.813853e+00
7.721302e+00	4.211512e+00	8.175871e-01	1.977062e+00
8.879497e+00	4.623269e+00	7.623707e-01	2.161954e+00
1.021142e+01	5.053777e+00	6.999651e-01	2.373319e+00
1.174313e+01	5.514441e+00	6.283009e-01	2.424532e+00
1.350460e+01	5.995009e+00	5.521253e-01	2.299268e+00
1.553030e+01	6.531293e+00	4.975937e-01	2.198357e+00
1.785984e+01	7.133145e+00	4.473827e-01	2.121189e+00
2.053882e+01	7.755947e+00	4.040387e-01	2.067400e+00
2.361964e+01	8.443766e+00	3.635987e-01	2.036849e+00
2.716258e+01	9.202577e+00	3.276291e-01	2.029591e+00
3.123697e+01	1.000901e+01	2.964013e-01	2.045805e+00
3.592252e+01	1.090848e+01	2.649036e-01	2.085921e+00
4.131089e+01	1.187810e+01	2.377432e-01	2.150524e+00
4.750753e+01	1.290912e+01	2.140313e-01	2.240466e+00
5.463366e+01	1.401936e+01	1.943921e-01	2.356983e+00
6.282871e+01	1.505902e+01	1.727215e-01	2.501823e+00
7.225301e+01	1.615137e+01	1.532112e-01	2.677400e+00
8.309096e+01	1.716866e+01	1.369881e-01	2.886956e+00
9.555461e+01	1.811531e+01	1.223878e-01	3.134728e+00
1.098878e+02	1.904589e+01	1.107335e-01	3.426111e+00
1.263710e+02	1.964467e+01	9.784368e-02	3.767951e+00
1.453266e+02	2.027720e+01	8.654441e-02	4.168747e+00
1.671256e+02	2.092684e+01	7.708108e-02	4.638903e+00
1.921945e+02	2.141208e+01	6.827820e-02	5.191789e+00
2.210236e+02	2.182218e+01	6.056561e-02	5.841766e+00
2.541772e+02	2.443159e+01	5.379013e-02	6.620980e+00
2.923037e+02	2.410978e+01	4.807170e-02	7.553752e+00
3.361493e+02	2.369152e+01	4.272317e-02	8.664069e+00
3.865717e+02	2.309647e+01	3.778083e-02	9.998412e+00
4.445574e+02	2.259237e+01	3.348162e-02	1.159152e+01
5.112411e+02	2.192177e+01	3.015494e-02	1.348295e+01
5.879272e+02	2.118036e+01	2.690242e-02	1.574805e+01
6.761163e+02	2.041912e+01	2.345928e-02	1.847444e+01
7.775337e+02	1.965742e+01	2.081813e-02	2.177102e+01
8.941638e+02	1.891734e+01	1.833468e-02	2.577418e+01
1.028288e+03	1.813104e+01	1.646414e-02	3.066308e+01
1.182532e+03	1.731403e+01	1.464209e-02	3.666197e+01
1.359911e+03	1.650173e+01	1.274442e-02	4.404317e+01
1.563898e+03	1.567467e+01	1.129065e-02	5.314672e+01
1.798483e+03	1.483745e+01	9.910714e-03	6.442234e+01
2.068255e+03	1.400457e+01	8.756650e-03	7.843957e+01
2.378493e+03	1.317920e+01	7.711991e-03	9.591775e+01
2.735268e+03	1.235572e+01	6.821674e-03	1.177813e+02
3.145558e+03	1.153999e+01	6.065481e-03	1.452196e+02
3.617391e+03	1.074741e+01	5.317952e-03	1.797557e+02
4.160000e+03	9.981804e+00	4.689855e-03	2.233377e+02
4.784000e+03	9.244525e+00	4.159853e-03	2.784634e+02
5.501600e+03	8.540075e+00	3.729805e-03	3.483275e+02
6.326840e+03	7.872308e+00	3.252884e-03	4.370122e+02
7.275866e+03	7.242806e+00	2.841837e-03	5.497244e+02
8.367246e+03	6.653082e+00	2.503066e-03	6.930880e+02
9.622333e+03	6.104012e+00	2.209035e-03	8.755022e+02
