# Energy_MeV	dEdx_Elec_MeV_um	dEdx_Nucl_MeV_um	Range_um
1.000000e-05	2.965664e-03	6.177933e-02	3.996556e-03
1.150000e-05	3.215938e-03	6.732810e-02	4.285829e-03
1.322500e-05	3.483950e-03	7.328439e-02	4.596040e-03
1.520875e-05	3.771019e-03	7.974737e-02	4.928704e-03
1.749006e-05	4.078557e-03	8.665282e-02	5.285446e-03
2.011357e-05	4.408074e-03	9.376661e-02	5.668009e-03
2.313061e-05	4.761185e-03	1.015008e-01	6.078263e-03
2.660020e-05	5.139621e-03	1.100559e-01	6.518211e-03
3.059023e-05	5.545234e-03	1.187211e-01	6.990002e-03
3.517876e-05	5.980010e-03	1.283687e-01	7.495942e-03
4.045558e-05	6.446076e-03	1.378067e-01	8.038502e-03
4.652391e-05	6.945712e-03	1.481032e-01	8.620334e-03
5.350250e-05	7.481360e-03	1.593881e-01	9.244278e-03
6.152788e-05	8.055639e-03	1.704915e-01	9.913384e-03
7.075706e-05	8.671356e-03	1.828371e-01	1.063092e-02
8.137062e-05	9.331521e-03	1.949760e-01	1.140039e-02
9.357621e-05	1.003936e-02	2.079968e-01	1.222556e-02
1.076126e-04	1.079833e-02	2.212270e-01	1.311045e-02
1.237545e-04	1.161214e-02	2.342151e-01	1.405939e-02
1.423177e-04	1.248478e-02	2.483565e-01	1.507702e-02
1.636654e-04	1.342049e-02	2.619182e-01	1.616830e-02
1.882152e-04	1.442386e-02	2.760285e-01	1.733857e-02
2.164475e-04	1.549978e-02	2.892071e-01	1.859354e-02
2.489146e-04	1.665351e-02	3.034317e-01	1.993936e-02
2.862518e-04	1.789070e-02	3.175383e-01	2.138258e-02
3.291895e-04	1.921738e-02	3.313021e-01	2.293026e-02
3.785680e-04	2.064003e-02	3.448851e-01	2.458996e-02
4.353531e-04	2.216561e-02	3.568603e-01	2.636980e-02
5.006561e-04	2.380156e-02	3.696705e-01	2.827846e-02
5.757545e-04	2.555589e-02	3.817473e-01	3.032527e-02
6.621177e-04	2.743716e-02	3.931902e-01	3.252023e-02
7.614354e-04	2.945456e-02	4.042022e-01	3.487406e-02
8.756507e-04	3.161795e-02	4.140802e-01	3.739826e-02
1.006998e-03	3.393790e-02	4.231218e-01	4.010517e-02
1.158048e-03	3.642574e-02	4.312481e-01	4.300800e-02
1.331755e-03	3.909362e-02	4.385952e-01	4.612094e-02
1.531519e-03	4.195458e-02	4.452942e-01	4.945920e-02
1.761246e-03	4.502260e-02	4.511411e-01	5.303908e-02
2.025433e-03	4.831266e-02	4.554877e-01	5.687808e-02
2.329248e-03	5.184083e-02	4.593267e-01	6.099494e-02
2.678635e-03	5.562436e-02	4.629185e-01	6.541003e-02
3.080431e-03	5.968173e-02	4.648505e-01	7.014664e-02
3.542495e-03	6.403275e-02	4.665762e-01	7.522242e-02
4.073870e-03	6.869869e-02	4.664424e-01	8.066774e-02
4.684950e-03	7.370234e-02	4.656884e-01	8.650621e-02
5.387693e-03	7.906815e-02	4.642536e-01	9.276745e-02
6.195847e-03	8.482232e-02	4.612300e-01	9.948191e-02
7.125224e-03	9.099297e-02	4.575014e-01	1.066823e-01
8.194007e-03	9.761024e-02	4.523039e-01	1.144039e-01
9.423108e-03	1.047065e-01	4.460657e-01	1.226844e-01
1.083657e-02	1.123163e-01	4.386226e-01	1.315642e-01
1.246206e-02	1.204770e-01	4.300838e-01	1.410868e-01
1.433137e-02	1.292283e-01	4.202322e-01	1.512986e-01
1.648108e-02	1.386130e-01	4.095474e-01	1.622495e-01
1.895324e-02	1.486770e-01	3.978321e-01	1.739931e-01
2.179622e-02	1.594694e-01	3.855551e-01	1.865867e-01
2.506566e-02	1.710430e-01	3.718461e-01	2.000919e-01
2.882550e-02	1.834542e-01	3.575032e-01	2.145745e-01
3.314933e-02	1.967638e-01	3.424836e-01	2.301053e-01
3.812173e-02	2.110368e-01	3.271448e-01	2.467603e-01
4.383999e-02	2.263428e-01	3.122111e-01	2.646209e-01
5.041599e-02	2.427567e-01	2.959394e-01	2.837742e-01
5.797838e-02	2.603586e-01	2.798627e-01	3.043137e-01
6.667514e-02	2.792346e-01	2.635916e-01	3.263399e-01
7.667641e-02	2.994768e-01	2.474331e-01	3.499605e-01
8.817787e-02	3.211841e-01	2.316482e-01	3.752908e-01
1.014046e-01	3.444627e-01	2.164993e-01	4.024544e-01
1.166152e-01	3.694261e-01	2.019222e-01	4.315840e-01
1.341075e-01	3.961964e-01	1.876091e-01	4.628221e-01
1.542237e-01	4.249044e-01	1.737771e-01	4.963214e-01
1.773572e-01	4.556902e-01	1.602528e-01	5.322447e-01
2.039608e-01	4.887044e-01	1.487542e-01	5.707725e-01
2.345549e-01	5.241081e-01	1.371043e-01	6.120711e-01
2.697381e-01	5.620777e-01	1.250293e-01	6.565131e-01
3.101989e-01	6.027962e-01	1.165526e-01	7.046447e-01
3.567287e-01	6.464620e-01	1.077730e-01	7.567912e-01
4.102380e-01	6.932864e-01	9.951875e-02	8.097174e-01
4.717737e-01	7.434833e-01	9.045406e-02	8.324107e-01
5.425397e-01	7.973179e-01	8.002965e-02	8.625267e-01
6.239207e-01	8.537549e-01	7.251521e-02	8.929205e-01
7.175088e-01	9.142319e-01	6.455109e-02	9.224481e-01
8.251351e-01	9.890853e-01	5.852396e-02	9.511437e-01
9.489054e-01	1.077697e+00	5.260112e-02	9.791255e-01
1.091241e+00	1.172592e+00	4.727195e-02	1.006614e+00
1.254927e+00	1.277593e+00	4.281421e-02	1.033949e+00
1.443166e+00	1.391181e+00	3.824958e-02	1.061615e+00
1.659641e+00	1.511025e+00	3.455832e-02	1.090264e+00
1.908588e+00	1.643011e+00	3.099514e-02	1.120721e+00
2.194876e+00	1.776217e+00	2.803725e-02	1.154062e+00
2.524107e+00	1.915506e+00	2.504905e-02	1.191604e+00
2.902723e+00	2.056813e+00	2.240137e-02	1.234958e+00
3.338132e+00	2.200503e+00	1.994062e-02	1.286081e+00
3.838852e+00	2.354042e+00	1.779496e-02	1.347301e+00
4.414679e+00	2.490355e+00	1.603157e-02	1.421382e+00
5.076881e+00	2.620675e+00	1.424306e-02	1.511538e+00
5.838413e+00	2.742248e+00	1.269077e-02	1.621476e+00
6.714175e+00	2.824662e+00	1.124577e-02	1.755445e+00
7.721302e+00	2.898288e+00	9.973986e-03	1.918300e+00
8.879497e+00	2.939272e+00	8.844734e-03	2.115632e+00
1.021142e+01	2.965183e+00	7.872442e-03	2.353967e+00
1.174313e+01	2.977051e+00	7.012326e-03	2.641064e+00
1.350460e+01	2.963442e+00	6.225529e-03	2.986327e+00
1.553030e+01	2.940724e+00	5.530713e-03	3.401343e+00
1.785984e+01	2.901935e+00	4.883920e-03	3.900577e+00
2.053882e+01	2.851776e+00	4.391604e-03	4.502247e+00
2.361964e+01	2.790407e+00	3.908563e-03	5.229423e+00
2.716258e+01	2.716820e+00	3.426116e-03	6.111443e+00
3.123697e+01	2.633425e+00	3.063486e-03	7.185725e+00
3.592252e+01	2.540515e+00	2.674950e-03	8.499842e+00
4.131089e+01	2.439526e+00	2.406521e-03	1.011570e+01
4.750753e+01	2.326857e+00	2.133077e-03	1.210849e+01
5.463366e+01	2.424076e+00	1.865431e-03	1.460611e+01
6.282871e+01	2.251251e+00	1.663728e-03	1.774158e+01
7.225301e+01	2.077220e+00	1.448500e-03	2.167243e+01
8.309096e+01	1.907276e+00	1.288644e-03	2.664008e+01
9.555461e+01	1.761786e+00	1.133066e-03	3.289612e+01
1.098878e+02	1.619690e+00	9.977357e-04	4.074669e+01
1.263710e+02	1.482669e+00	8.876744e-04	5.065781e+01
1.453266e+02	1.353370e+00	7.771366e-04	6.321293e+01
1.671256e+02	1.232431e+00	6.908776e-04	7.916318e+01
1.921945e+02	1.119514e+00	6.096630e-04	9.947765e+01
2.210236e+02	1.013201e+00	5.431470e-04	1.254381e+02
2.541772e+02	9.148706e-01	4.773407e-04	1.586963e+02
2.923037e+02	8.256268e-01	4.207733e-04	2.013357e+02
3.361493e+02	7.437357e-01	3.680996e-04	2.560119e+02
3.865717e+02	6.688195e-01	3.244273e-04	3.262226e+02
4.445574e+02	6.008310e-01	2.883605e-04	4.164536e+02
5.112411e+02	5.393702e-01	2.525101e-04	5.324325e+02
5.879272e+02	4.837709e-01	2.221780e-04	6.815394e+02
6.761163e+02	4.336127e-01	1.937363e-04	8.732814e+02
7.775337e+02	3.885718e-01	1.697345e-04	1.119846e+03
8.941638e+02	3.481883e-01	1.481831e-04	1.436821e+03
1.028288e+03	3.119993e-01	1.303354e-04	1.844152e+03
1.182532e+03	2.796782e-01	1.146734e-04	2.367288e+03
1.359911e+03	2.508937e-01	1.003383e-04	3.038633e+03
1.563898e+03	2.252687e-01	8.807241e-05	3.899362e+03
1.798483e+03	2.024781e-01	7.654426e-05	5.001644e+03
2.068255e+03	1.822648e-01	0.000000e+00	6.411362e+03
2.378493e+03	1.643504e-01	0.000000e+00	8.211386e+03
2.735268e+03	1.484743e-01	0.000000e+00	1.050548e+04
3.145558e+03	1.344347e-01	0.000000e+00	1.342298e+04
3.617391e+03	1.220497e-01	0.000000e+00	1.712425e+04
4.160000e+03	1.111282e-01	0.000000e+00	2.180682e+04
4.784000e+03	1.015119e-01	0.000000e+00	2.771239e+04
5.501600e+03	9.307336e-02	0.000000e+00	3.513444e+04
6.326840e+03	8.568255e-02	0.000000e+00	4.442647e+04
7.275866e+03	7.921956e-02	0.000000e+00	5.601046e+04
8.367246e+03	7.359393e-02	0.000000e+00	7.038542e+04
9.622333e+03	6.872228e-02	0.000000e+00	8.813561e+04
