# Energy_MeV	dEdx_Elec_MeV_um	dEdx_Nucl_MeV_um	Range_um
1.000000e-05	9.871000e-03	4.876466e-02	2.026137e-03
1.150000e-05	1.058547e-02	5.416125e-02	2.172790e-03
1.322500e-05	1.135165e-02	5.999158e-02	2.330058e-03
1.520875e-05	1.217329e-02	6.655777e-02	2.498709e-03
1.749006e-05	1.305440e-02	7.398762e-02	2.679566e-03
2.011357e-05	1.399928e-02	8.196251e-02	2.873515e-03
2.313061e-05	1.501256e-02	9.089556e-02	3.081501e-03
2.660020e-05	1.609917e-02	1.005917e-01	3.304542e-03
3.059023e-05	1.726444e-02	1.113381e-01	3.543727e-03
3.517876e-05	1.851405e-02	1.231050e-01	3.800223e-03
4.045558e-05	1.985411e-02	1.358921e-01	4.075286e-03
4.652391e-05	2.129116e-02	1.502385e-01	4.370257e-03
5.350250e-05	2.283222e-02	1.657657e-01	4.686578e-03
6.152788e-05	2.448483e-02	1.825654e-01	5.025795e-03
7.075706e-05	2.625706e-02	2.006456e-01	5.389565e-03
8.137062e-05	2.815756e-02	2.213222e-01	5.779665e-03
9.357621e-05	3.019561e-02	2.436822e-01	6.198000e-03
1.076126e-04	3.238119e-02	2.678443e-01	6.646614e-03
1.237545e-04	3.472496e-02	2.939003e-01	7.127700e-03
1.423177e-04	3.723837e-02	3.216849e-01	7.643607e-03
1.636654e-04	3.993370e-02	3.534397e-01	8.196855e-03
1.882152e-04	4.282412e-02	3.873618e-01	8.790148e-03
2.164475e-04	4.592376e-02	4.238853e-01	9.426383e-03
2.489146e-04	4.924774e-02	4.635618e-01	1.010867e-02
2.862518e-04	5.281232e-02	5.064091e-01	1.084034e-02
3.291895e-04	5.663490e-02	5.523024e-01	1.162497e-02
3.785680e-04	6.073417e-02	6.008237e-01	1.246639e-02
4.353531e-04	6.513014e-02	6.538561e-01	1.336872e-02
5.006561e-04	6.984429e-02	7.108675e-01	1.433635e-02
5.757545e-04	7.489966e-02	7.716219e-01	1.537402e-02
6.621177e-04	8.032094e-02	8.332323e-01	1.648680e-02
7.614354e-04	8.613461e-02	9.014982e-01	1.768013e-02
8.756507e-04	9.236908e-02	9.775728e-01	1.895982e-02
1.006998e-03	9.905480e-02	1.054042e+00	2.033215e-02
1.158048e-03	1.062244e-01	1.136953e+00	2.180380e-02
1.331755e-03	1.139130e-01	1.218586e+00	2.338197e-02
1.531519e-03	1.221581e-01	1.308408e+00	2.507437e-02
1.761246e-03	1.310000e-01	1.407408e+00	2.688926e-02
2.025433e-03	1.404818e-01	1.504799e+00	2.883552e-02
2.329248e-03	1.506500e-01	1.609893e+00	3.092265e-02
2.678635e-03	1.615541e-01	1.715878e+00	3.316085e-02
3.080431e-03	1.732475e-01	1.826419e+00	3.556105e-02
3.542495e-03	1.857872e-01	1.937922e+00	3.813498e-02
4.073870e-03	1.992346e-01	2.049477e+00	4.089521e-02
4.684950e-03	2.136553e-01	2.169413e+00	4.385522e-02
5.387693e-03	2.291198e-01	2.286959e+00	4.702949e-02
6.195847e-03	2.457036e-01	2.400844e+00	5.043351e-02
7.125224e-03	2.634877e-01	2.510428e+00	5.408391e-02
8.194007e-03	2.825591e-01	2.634556e+00	5.799853e-02
9.423108e-03	3.030109e-01	2.752759e+00	6.219650e-02
1.083657e-02	3.249430e-01	2.865902e+00	6.669831e-02
1.246206e-02	3.484625e-01	2.972292e+00	7.152597e-02
1.433137e-02	3.736844e-01	3.069337e+00	7.670088e-02
1.648108e-02	4.007319e-01	3.178777e+00	8.225779e-02
1.895324e-02	4.297371e-01	3.277108e+00	8.820990e-02
2.179622e-02	4.608417e-01	3.367829e+00	9.459533e-02
2.506566e-02	4.941977e-01	3.453380e+00	1.014419e-01
2.882550e-02	5.299679e-01	3.532178e+00	1.087841e-01
3.314933e-02	5.683273e-01	3.602908e+00	1.166579e-01
3.812173e-02	6.094631e-01	3.663052e+00	1.251015e-01
4.383999e-02	6.535764e-01	3.720835e+00	1.341562e-01
5.041599e-02	7.008826e-01	3.771661e+00	1.438663e-01
5.797838e-02	7.516129e-01	3.814039e+00	1.542793e-01
6.667514e-02	8.060150e-01	3.842883e+00	1.654460e-01
7.667641e-02	8.643548e-01	3.870267e+00	1.774210e-01
8.817787e-02	9.269172e-01	3.896582e+00	1.902626e-01
1.014046e-01	9.940080e-01	3.908003e+00	2.040337e-01
1.166152e-01	1.065955e+00	3.913704e+00	2.188017e-01
1.341075e-01	1.143109e+00	3.905995e+00	2.346385e-01
1.542237e-01	1.225848e+00	3.893265e+00	2.516216e-01
1.773572e-01	1.314576e+00	3.875162e+00	2.698339e-01
2.039608e-01	1.409725e+00	3.843542e+00	2.893645e-01
2.345549e-01	1.511762e+00	3.803622e+00	3.103088e-01
2.697381e-01	1.621184e+00	3.752987e+00	3.327690e-01
3.101989e-01	1.738526e+00	3.692942e+00	3.568547e-01
3.567287e-01	1.864362e+00	3.623261e+00	3.826838e-01
4.102380e-01	1.999305e+00	3.543944e+00	4.103826e-01
4.717737e-01	2.144016e+00	3.454432e+00	4.400863e-01
5.425397e-01	2.299201e+00	3.357146e+00	4.719398e-01
6.239207e-01	2.465618e+00	3.254924e+00	5.060988e-01
7.175088e-01	2.644081e+00	3.146675e+00	5.427302e-01
8.251351e-01	2.835461e+00	3.022973e+00	5.820134e-01
9.489054e-01	3.040693e+00	2.898240e+00	6.241389e-01
1.091241e+00	3.260780e+00	2.768676e+00	6.693188e-01
1.254927e+00	3.496797e+00	2.641402e+00	7.177478e-01
1.443166e+00	3.719466e+00	2.515242e+00	7.698744e-01
1.659641e+00	3.948831e+00	2.371772e+00	8.263325e-01
1.908588e+00	4.188946e+00	2.236440e+00	8.875011e-01
2.194876e+00	4.439116e+00	2.101300e+00	9.538501e-01
2.524107e+00	4.698152e+00	1.968798e+00	1.025895e+00
2.902723e+00	4.964224e+00	1.838576e+00	1.104242e+00
3.338132e+00	5.234683e+00	1.712574e+00	1.189597e+00
3.838852e+00	5.505861e+00	1.596960e+00	1.282799e+00
4.414679e+00	2.902880e+00	1.478245e+00	1.384859e+00
5.076881e+00	3.188329e+00	1.365525e+00	1.497013e+00
5.838413e+00	3.495332e+00	1.259298e+00	1.620785e+00
6.714175e+00	3.837078e+00	1.169180e+00	1.758083e+00
7.721302e+00	4.212832e+00	1.074234e+00	1.911320e+00
8.879497e+00	4.619832e+00	9.791921e-01	2.083567e+00
1.021142e+01	5.074023e+00	9.147650e-01	2.278770e+00
1.174313e+01	5.551532e+00	8.509306e-01	2.502016e+00
1.350460e+01	6.057961e+00	7.785315e-01	2.759894e+00
1.553030e+01	6.589042e+00	6.952725e-01	2.819027e+00
1.785984e+01	7.177412e+00	6.120252e-01	2.651283e+00
2.053882e+01	7.831778e+00	5.530807e-01	2.520082e+00
2.361964e+01	8.498675e+00	4.971554e-01	2.422718e+00
2.716258e+01	9.225874e+00	4.485970e-01	2.357146e+00
3.123697e+01	1.002435e+01	4.036836e-01	2.321861e+00
3.592252e+01	1.087438e+01	3.640779e-01	2.315800e+00
4.131089e+01	1.182685e+01	3.291052e-01	2.338240e+00
4.750753e+01	1.286863e+01	2.939969e-01	2.388909e+00
5.463366e+01	1.399154e+01	2.636068e-01	2.467927e+00
6.282871e+01	1.522638e+01	2.380869e-01	2.575913e+00
7.225301e+01	1.642391e+01	2.158032e-01	2.714102e+00
8.309096e+01	1.769700e+01	1.907208e-01	2.884483e+00
9.555461e+01	1.893080e+01	1.699690e-01	3.089930e+00
1.098878e+02	2.008677e+01	1.515113e-01	3.334355e+00
1.263710e+02	2.126144e+01	1.360642e-01	3.622872e+00
1.453266e+02	2.204760e+01	1.228137e-01	3.961964e+00
1.671256e+02	2.290662e+01	1.079043e-01	4.359815e+00
1.921945e+02	2.380716e+01	9.593025e-02	4.826399e+00
2.210236e+02	2.450750e+01	8.517151e-02	5.374601e+00
2.541772e+02	2.749555e+01	7.566116e-02	6.018230e+00
2.923037e+02	2.745787e+01	6.712316e-02	6.789403e+00
3.361493e+02	2.722647e+01	5.952108e-02	7.709861e+00
3.865717e+02	2.687613e+01	5.330371e-02	8.803271e+00
4.445574e+02	2.630970e+01	4.717792e-02	1.011348e+01
5.112411e+02	2.584394e+01	4.183741e-02	1.167201e+01
5.879272e+02	2.515863e+01	3.715351e-02	1.351585e+01
6.761163e+02	2.439095e+01	3.350054e-02	1.571665e+01
7.775337e+02	2.359574e+01	2.973097e-02	1.835650e+01
8.941638e+02	2.279790e+01	2.594586e-02	2.153712e+01
1.028288e+03	2.202396e+01	2.305301e-02	2.538574e+01
1.182532e+03	2.118968e+01	2.032884e-02	3.006928e+01
1.359911e+03	2.031263e+01	1.828104e-02	3.579520e+01
1.563898e+03	1.943745e+01	1.617133e-02	4.281395e+01
1.798483e+03	1.853584e+01	1.408624e-02	5.143793e+01
2.068255e+03	1.761596e+01	1.249586e-02	6.208028e+01
2.378493e+03	1.669556e+01	1.096564e-02	7.526141e+01
2.735268e+03	1.577379e+01	9.679481e-03	9.163702e+01
3.145558e+03	1.485264e+01	8.532214e-03	1.120486e+02
3.617391e+03	1.393660e+01	7.552941e-03	1.375763e+02
4.160000e+03	1.303378e+01	6.710504e-03	1.696001e+02
4.784000e+03	1.215216e+01	5.880660e-03	2.098822e+02
5.501600e+03	1.130009e+01	5.181232e-03	2.606791e+02
6.326840e+03	1.048201e+01	4.617683e-03	3.248729e+02
7.275866e+03	9.700083e+00	4.128231e-03	4.061433e+02
8.367246e+03	8.957182e+00	3.576457e-03	5.091805e+02
9.622333e+03	8.256699e+00	3.143274e-03	6.399494e+02
