# Energy_MeV	dEdx_Elec_MeV_um	dEdx_Nucl_MeV_um	Range_um
1.000000e-05	8.728348e-03	4.811303e-02	2.291384e-03
1.150000e-05	9.360111e-03	5.329223e-02	2.457236e-03
1.322500e-05	1.003760e-02	5.915797e-02	2.635092e-03
1.520875e-05	1.076413e-02	6.573083e-02	2.825821e-03
1.749006e-05	1.154324e-02	7.281513e-02	3.030356e-03
2.011357e-05	1.237875e-02	8.073079e-02	3.249694e-03
2.313061e-05	1.327473e-02	8.935440e-02	3.484909e-03
2.660020e-05	1.423556e-02	9.887940e-02	3.737149e-03
3.059023e-05	1.526594e-02	1.092985e-01	4.007645e-03
3.517876e-05	1.637089e-02	1.206705e-01	4.297721e-03
4.045558e-05	1.755583e-02	1.333767e-01	4.608792e-03
4.652391e-05	1.882653e-02	1.471817e-01	4.942379e-03
5.350250e-05	2.018920e-02	1.619559e-01	5.300111e-03
6.152788e-05	2.165050e-02	1.780752e-01	5.683736e-03
7.075706e-05	2.321758e-02	1.965456e-01	6.095128e-03
8.137062e-05	2.489808e-02	2.161857e-01	6.536296e-03
9.357621e-05	2.670022e-02	2.377229e-01	7.009397e-03
1.076126e-04	2.863279e-02	2.605604e-01	7.516741e-03
1.237545e-04	3.070525e-02	2.853194e-01	8.060806e-03
1.423177e-04	3.292771e-02	3.136839e-01	8.644252e-03
1.636654e-04	3.531104e-02	3.434168e-01	9.269927e-03
1.882152e-04	3.786687e-02	3.759622e-01	9.940890e-03
2.164475e-04	4.060769e-02	4.108665e-01	1.066042e-02
2.489146e-04	4.354690e-02	4.487151e-01	1.143202e-02
2.862518e-04	4.669885e-02	4.894871e-01	1.225948e-02
3.291895e-04	5.007893e-02	5.321494e-01	1.314683e-02
3.785680e-04	5.370367e-02	5.794506e-01	1.409840e-02
4.353531e-04	5.759077e-02	6.294973e-01	1.511885e-02
5.006561e-04	6.175922e-02	6.827472e-01	1.621316e-02
5.757545e-04	6.622939e-02	7.372098e-01	1.738668e-02
6.621177e-04	7.102311e-02	7.981793e-01	1.864514e-02
7.614354e-04	7.616380e-02	8.648713e-01	1.999468e-02
8.756507e-04	8.167657e-02	9.323891e-01	2.144191e-02
1.006998e-03	8.758837e-02	1.004888e+00	2.299388e-02
1.158048e-03	9.392806e-02	1.076859e+00	2.465819e-02
1.331755e-03	1.007266e-01	1.157068e+00	2.644296e-02
1.531519e-03	1.080173e-01	1.243585e+00	2.835692e-02
1.761246e-03	1.158356e-01	1.329382e+00	3.040941e-02
2.025433e-03	1.242199e-01	1.421540e+00	3.261046e-02
2.329248e-03	1.332110e-01	1.515183e+00	3.497082e-02
2.678635e-03	1.428528e-01	1.611783e+00	3.750203e-02
3.080431e-03	1.531926e-01	1.709213e+00	4.021644e-02
3.542495e-03	1.642808e-01	1.807657e+00	4.312733e-02
4.073870e-03	1.761715e-01	1.912408e+00	4.624891e-02
4.684950e-03	1.889229e-01	2.015955e+00	4.959643e-02
5.387693e-03	2.025972e-01	2.113351e+00	5.318625e-02
6.195847e-03	2.172613e-01	2.210598e+00	5.703589e-02
7.125224e-03	2.329868e-01	2.321408e+00	6.116418e-02
8.194007e-03	2.498505e-01	2.421645e+00	6.559128e-02
9.423108e-03	2.679348e-01	2.521898e+00	7.033881e-02
1.083657e-02	2.873281e-01	2.611408e+00	7.542997e-02
1.246206e-02	3.081250e-01	2.697271e+00	8.088963e-02
1.433137e-02	3.304273e-01	2.794927e+00	8.672424e-02
1.648108e-02	3.543438e-01	2.876955e+00	9.302582e-02
1.895324e-02	3.799914e-01	2.957330e+00	9.975773e-02
2.179622e-02	4.074954e-01	3.029703e+00	1.069792e-01
2.506566e-02	4.369901e-01	3.097392e+00	1.147219e-01
2.882550e-02	4.686197e-01	3.159166e+00	1.230254e-01
3.314933e-02	5.025386e-01	3.209665e+00	1.319299e-01
3.812173e-02	5.389126e-01	3.261056e+00	1.414789e-01
4.383999e-02	5.779194e-01	3.303158e+00	1.517190e-01
5.041599e-02	6.197495e-01	3.338403e+00	1.627003e-01
5.797838e-02	6.646073e-01	3.362722e+00	1.744765e-01
6.667514e-02	7.127119e-01	3.387114e+00	1.871050e-01
7.667641e-02	7.642984e-01	3.408394e+00	2.006476e-01
8.817787e-02	8.196187e-01	3.417186e+00	2.151705e-01
1.014046e-01	8.789432e-01	3.420590e+00	2.307444e-01
1.166152e-01	9.425615e-01	3.412683e+00	2.474456e-01
1.341075e-01	1.010785e+00	3.401250e+00	2.653557e-01
1.542237e-01	1.083946e+00	3.383776e+00	2.845622e-01
1.773572e-01	1.162402e+00	3.354700e+00	3.051587e-01
2.039608e-01	1.246538e+00	3.318453e+00	3.272460e-01
2.345549e-01	1.336763e+00	3.272872e+00	3.509321e-01
2.697381e-01	1.433518e+00	3.219029e+00	3.763327e-01
3.101989e-01	1.537277e+00	3.156844e+00	4.035717e-01
3.567287e-01	1.648546e+00	3.086031e+00	4.327821e-01
4.102380e-01	1.767869e+00	3.006722e+00	4.641069e-01
4.717737e-01	1.895828e+00	2.920214e+00	4.976991e-01
5.425397e-01	2.033049e+00	2.830910e+00	5.337227e-01
6.239207e-01	2.180202e+00	2.734498e+00	5.723537e-01
7.175088e-01	2.338006e+00	2.624011e+00	6.137807e-01
8.251351e-01	2.507232e+00	2.516267e+00	6.582061e-01
9.489054e-01	2.688707e+00	2.400894e+00	7.058470e-01
1.091241e+00	2.883317e+00	2.291930e+00	7.569402e-01
1.254927e+00	3.092013e+00	2.179932e+00	8.117112e-01
1.443166e+00	3.294111e+00	2.052015e+00	8.705927e-01
1.659641e+00	3.497649e+00	1.937036e+00	9.343330e-01
1.908588e+00	3.710872e+00	1.816690e+00	1.003388e+00
2.194876e+00	3.933217e+00	1.703094e+00	1.078278e+00
2.524107e+00	4.163701e+00	1.589908e+00	1.159581e+00
2.902723e+00	4.400793e+00	1.479925e+00	1.247971e+00
3.338132e+00	4.642255e+00	1.380418e+00	1.344236e+00
3.838852e+00	4.884967e+00	1.274477e+00	1.449309e+00
4.414679e+00	5.124760e+00	1.178693e+00	1.564311e+00
5.076881e+00	2.728609e+00	1.087790e+00	1.690605e+00
5.838413e+00	3.000280e+00	1.009659e+00	1.829877e+00
6.714175e+00	3.304800e+00	9.249449e-01	1.984231e+00
7.721302e+00	3.635991e+00	8.454242e-01	2.156318e+00
8.879497e+00	3.999215e+00	7.912736e-01	2.349515e+00
1.021142e+01	4.404438e+00	7.344248e-01	2.568151e+00
1.174313e+01	4.826465e+00	6.697300e-01	2.817807e+00
1.350460e+01	5.286412e+00	5.953309e-01	2.795244e+00
1.553030e+01	5.759701e+00	5.254336e-01	2.661374e+00
1.785984e+01	6.291572e+00	4.756031e-01	2.553451e+00
2.053882e+01	6.895513e+00	4.275821e-01	2.471298e+00
2.361964e+01	7.519419e+00	3.853250e-01	2.414951e+00
2.716258e+01	8.216694e+00	3.470168e-01	2.384647e+00
3.123697e+01	8.980969e+00	3.131291e-01	2.380799e+00
3.592252e+01	9.801559e+00	2.826983e-01	2.403912e+00
4.131089e+01	1.071518e+01	2.525569e-01	2.454792e+00
4.750753e+01	1.168781e+01	2.261518e-01	2.534347e+00
5.463366e+01	1.273689e+01	2.050110e-01	2.643784e+00
6.282871e+01	1.384212e+01	1.853545e-01	2.784729e+00
7.225301e+01	1.490199e+01	1.630909e-01	2.959392e+00
8.309096e+01	1.601759e+01	1.460956e-01	3.170751e+00
9.555461e+01	1.702460e+01	1.296988e-01	3.422756e+00
1.098878e+02	1.800772e+01	1.171015e-01	3.720531e+00
1.263710e+02	1.893652e+01	1.053980e-01	4.070615e+00
1.453266e+02	1.960302e+01	9.233589e-02	4.481254e+00
1.671256e+02	2.026498e+01	8.243934e-02	4.962694e+00
1.921945e+02	2.093721e+01	7.284999e-02	5.527533e+00
2.210236e+02	2.150171e+01	6.493567e-02	6.191835e+00
2.541772e+02	2.196003e+01	5.759358e-02	6.972848e+00
2.923037e+02	2.360327e+01	5.111107e-02	7.907247e+00
3.361493e+02	2.327137e+01	4.579873e-02	9.028967e+00
3.865717e+02	2.284684e+01	4.038014e-02	1.036334e+01
4.445574e+02	2.226122e+01	3.589816e-02	1.196864e+01
5.112411e+02	2.173659e+01	3.192381e-02	1.388916e+01
5.879272e+02	2.108736e+01	2.879257e-02	1.617147e+01
6.761163e+02	2.035729e+01	2.543120e-02	1.890521e+01
7.775337e+02	1.960783e+01	2.222766e-02	2.219752e+01
8.941638e+02	1.885548e+01	1.975577e-02	2.618109e+01
1.028288e+03	1.812706e+01	1.745452e-02	3.102131e+01
1.182532e+03	1.735900e+01	1.570475e-02	3.693536e+01
1.359911e+03	1.656279e+01	1.382405e-02	4.419744e+01
1.563898e+03	1.576699e+01	1.206312e-02	5.314124e+01
1.798483e+03	1.496393e+01	1.070331e-02	6.418121e+01
2.068255e+03	1.415178e+01	9.395155e-03	7.786420e+01
2.378493e+03	1.334308e+01	8.281073e-03	9.488749e+01
2.735268e+03	1.254499e+01	7.309402e-03	1.161311e+02
3.145558e+03	1.175115e+01	6.479925e-03	1.427236e+02
3.617391e+03	1.096482e+01	5.745506e-03	1.761209e+02
4.160000e+03	1.020145e+01	5.035974e-03	2.181871e+02
4.784000e+03	9.465364e+00	4.430467e-03	2.713085e+02
5.501600e+03	8.758044e+00	3.969159e-03	3.385451e+02
6.326840e+03	8.082885e+00	3.536220e-03	4.238140e+02
7.275866e+03	7.443084e+00	3.054581e-03	5.321209e+02
8.367246e+03	6.840861e+00	2.697240e-03	6.698537e+02
9.622333e+03	6.277831e+00	2.355129e-03	8.451415e+02
