# Energy_MeV	dEdx_Elec_MeV_um	dEdx_Nucl_MeV_um	Range_um
1.000000e-05	7.952366e-03	6.168256e-02	2.514975e-03
1.150000e-05	8.527963e-03	6.814949e-02	2.697010e-03
1.322500e-05	9.145221e-03	7.526463e-02	2.892221e-03
1.520875e-05	9.807157e-03	8.311552e-02	3.101561e-03
1.749006e-05	1.051700e-02	9.136045e-02	3.326054e-03
2.011357e-05	1.127823e-02	1.005265e-01	3.566796e-03
2.313061e-05	1.209456e-02	1.109365e-01	3.824962e-03
2.660020e-05	1.296997e-02	1.219567e-01	4.101815e-03
3.059023e-05	1.390874e-02	1.341625e-01	4.398706e-03
3.517876e-05	1.491546e-02	1.469141e-01	4.717087e-03
4.045558e-05	1.599505e-02	1.609905e-01	5.058512e-03
4.652391e-05	1.715278e-02	1.769078e-01	5.424650e-03
5.350250e-05	1.839431e-02	1.936267e-01	5.817289e-03
6.152788e-05	1.972570e-02	2.120313e-01	6.238348e-03
7.075706e-05	2.115345e-02	2.316466e-01	6.689883e-03
8.137062e-05	2.268455e-02	2.528535e-01	7.174100e-03
9.357621e-05	2.432647e-02	2.757609e-01	7.693365e-03
1.076126e-04	2.608723e-02	2.998703e-01	8.250215e-03
1.237545e-04	2.797544e-02	3.265075e-01	8.847370e-03
1.423177e-04	3.000032e-02	3.546678e-01	9.487747e-03
1.636654e-04	3.217176e-02	3.841659e-01	1.017448e-02
1.882152e-04	3.450037e-02	4.152276e-01	1.091091e-02
2.164475e-04	3.699752e-02	4.498240e-01	1.170065e-02
2.489146e-04	3.967542e-02	4.865871e-01	1.254755e-02
2.862518e-04	4.254715e-02	5.250715e-01	1.345574e-02
3.291895e-04	4.562673e-02	5.648894e-01	1.442968e-02
3.785680e-04	4.892922e-02	6.059850e-01	1.547410e-02
4.353531e-04	5.247074e-02	6.515079e-01	1.659413e-02
5.006561e-04	5.626860e-02	6.989614e-01	1.779522e-02
5.757545e-04	6.034136e-02	7.479162e-01	1.908325e-02
6.621177e-04	6.470890e-02	7.987788e-01	2.046450e-02
7.614354e-04	6.939256e-02	8.522082e-01	2.194574e-02
8.756507e-04	7.441523e-02	9.057915e-01	2.353418e-02
1.006998e-03	7.980144e-02	9.596283e-01	2.523760e-02
1.158048e-03	8.557751e-02	1.015855e+00	2.706431e-02
1.331755e-03	9.177166e-02	1.073282e+00	2.902324e-02
1.531519e-03	9.841414e-02	1.131966e+00	3.112395e-02
1.761246e-03	1.055374e-01	1.185179e+00	3.337672e-02
2.025433e-03	1.131763e-01	1.240743e+00	3.579255e-02
2.329248e-03	1.213680e-01	1.301863e+00	3.838323e-02
2.678635e-03	1.301527e-01	1.357462e+00	4.116143e-02
3.080431e-03	1.395732e-01	1.413566e+00	4.414071e-02
3.542495e-03	1.496756e-01	1.462550e+00	4.733564e-02
4.073870e-03	1.605092e-01	1.511636e+00	5.076182e-02
4.684950e-03	1.721269e-01	1.564678e+00	5.443599e-02
5.387693e-03	1.845856e-01	1.610570e+00	5.837609e-02
6.195847e-03	1.979460e-01	1.655216e+00	6.260139e-02
7.125224e-03	2.122734e-01	1.695474e+00	6.711861e-02
8.194007e-03	2.276379e-01	1.732339e+00	7.197949e-02
9.423108e-03	2.441144e-01	1.766169e+00	7.720498e-02
1.083657e-02	2.617836e-01	1.794869e+00	8.279189e-02
1.246206e-02	2.807316e-01	1.822883e+00	8.878467e-02
1.433137e-02	3.010511e-01	1.846392e+00	9.521082e-02
1.648108e-02	3.228413e-01	1.864697e+00	1.021021e-01
1.895324e-02	3.462088e-01	1.878957e+00	1.094922e-01
2.179622e-02	3.712675e-01	1.892820e+00	1.174171e-01
2.506566e-02	3.981401e-01	1.903034e+00	1.259156e-01
2.882550e-02	4.269577e-01	1.908343e+00	1.350294e-01
3.314933e-02	4.578611e-01	1.908920e+00	1.448028e-01
3.812173e-02	4.910013e-01	1.904746e+00	1.552835e-01
4.383999e-02	5.265403e-01	1.898286e+00	1.665228e-01
5.041599e-02	5.646515e-01	1.887296e+00	1.785757e-01
5.797838e-02	6.055213e-01	1.870991e+00	1.915010e-01
6.667514e-02	6.493493e-01	1.849998e+00	2.053618e-01
7.667641e-02	6.963495e-01	1.824238e+00	2.202259e-01
8.817787e-02	7.467517e-01	1.793622e+00	2.361657e-01
1.014046e-01	8.008019e-01	1.758471e+00	2.532594e-01
1.166152e-01	8.587644e-01	1.718286e+00	2.715904e-01
1.341075e-01	9.209222e-01	1.673881e+00	2.912481e-01
1.542237e-01	9.875791e-01	1.625177e+00	3.123286e-01
1.773572e-01	1.059061e+00	1.575222e+00	3.349349e-01
2.039608e-01	1.135716e+00	1.520357e+00	3.591776e-01
2.345549e-01	1.217920e+00	1.459323e+00	3.851750e-01
2.697381e-01	1.306073e+00	1.398497e+00	4.130540e-01
3.101989e-01	1.400608e+00	1.334472e+00	4.429508e-01
3.567287e-01	1.501984e+00	1.273668e+00	4.750117e-01
4.102380e-01	1.610699e+00	1.209796e+00	5.093932e-01
4.717737e-01	1.727282e+00	1.140266e+00	5.462636e-01
5.425397e-01	1.852304e+00	1.074891e+00	5.858009e-01
6.239207e-01	1.986374e+00	1.008499e+00	6.282051e-01
7.175088e-01	2.128495e+00	9.443735e-01	6.736669e-01
8.251351e-01	2.260906e+00	8.821451e-01	7.226849e-01
9.489054e-01	2.399936e+00	8.215427e-01	7.757936e-01
1.091241e+00	2.545343e+00	7.648549e-01	8.333451e-01
1.254927e+00	1.361361e+00	7.071123e-01	8.957835e-01
1.443166e+00	1.459960e+00	6.526074e-01	9.636038e-01
1.659641e+00	1.565696e+00	6.040270e-01	1.037382e+00
1.908588e+00	1.685608e+00	5.589483e-01	1.117798e+00
2.194876e+00	1.826833e+00	5.108226e-01	1.205656e+00
2.524107e+00	2.000795e+00	4.703416e-01	1.301935e+00
2.902723e+00	2.197766e+00	4.388136e-01	1.407827e+00
3.338132e+00	2.413092e+00	4.064015e-01	1.524813e+00
3.838852e+00	2.649222e+00	3.694998e-01	1.552510e+00
4.414679e+00	2.913649e+00	3.272886e-01	1.530033e+00
5.076881e+00	3.199192e+00	2.916450e-01	1.508826e+00
5.838413e+00	3.519868e+00	2.626840e-01	1.490150e+00
6.714175e+00	3.873105e+00	2.368725e-01	1.475329e+00
7.721302e+00	4.254347e+00	2.129499e-01	1.465763e+00
8.879497e+00	4.680187e+00	1.917635e-01	1.462904e+00
1.021142e+01	5.154782e+00	1.734490e-01	1.468407e+00
1.174313e+01	5.677506e+00	1.558958e-01	1.483993e+00
1.350460e+01	6.241077e+00	1.398045e-01	1.511516e+00
1.553030e+01	6.821897e+00	1.252035e-01	1.552950e+00
1.785984e+01	7.451864e+00	1.135533e-01	1.610381e+00
2.053882e+01	8.045854e+00	1.022459e-01	1.686004e+00
2.361964e+01	8.668160e+00	9.041311e-02	1.782144e+00
2.716258e+01	9.305940e+00	8.072454e-02	1.901319e+00
3.123697e+01	9.864544e+00	7.192205e-02	2.046314e+00
3.592252e+01	1.042844e+01	6.481578e-02	2.220399e+00
4.131089e+01	1.088658e+01	5.811749e-02	2.427459e+00
4.750753e+01	1.131904e+01	5.118224e-02	2.672250e+00
5.463366e+01	1.172063e+01	4.551742e-02	2.960668e+00
6.282871e+01	1.201365e+01	4.037855e-02	3.300040e+00
7.225301e+01	1.227759e+01	3.583021e-02	3.699501e+00
8.309096e+01	1.240849e+01	3.186280e-02	4.170400e+00
9.555461e+01	1.253636e+01	2.831477e-02	4.726876e+00
1.098878e+02	1.266520e+01	2.527174e-02	5.386329e+00
1.263710e+02	1.267627e+01	2.236810e-02	6.170798e+00
1.453266e+02	1.340510e+01	1.979484e-02	7.107654e+00
1.671256e+02	1.299306e+01	1.771191e-02	8.247971e+00
1.921945e+02	1.252359e+01	1.588992e-02	9.626350e+00
2.210236e+02	1.201273e+01	1.397819e-02	1.129964e+01
2.541772e+02	1.147624e+01	1.231246e-02	1.334065e+01
2.923037e+02	1.099312e+01	1.088239e-02	1.581581e+01
3.361493e+02	1.045982e+01	9.682736e-03	1.881536e+01
3.865717e+02	9.918105e+00	8.665633e-03	2.248023e+01
4.445574e+02	9.380813e+00	7.595024e-03	2.697953e+01
5.112411e+02	8.856192e+00	6.680287e-03	3.252720e+01
5.879272e+02	8.342592e+00	5.894025e-03	3.939913e+01
6.761163e+02	7.823832e+00	5.197445e-03	4.795819e+01
7.775337e+02	7.310928e+00	4.574177e-03	5.866181e+01
8.941638e+02	6.820985e+00	4.031740e-03	7.207870e+01
1.028288e+03	6.339548e+00	3.583863e-03	8.893923e+01
1.182532e+03	5.871826e+00	3.161274e-03	1.102091e+02
1.359911e+03	5.424530e+00	2.784849e-03	1.371180e+02
1.563898e+03	4.996297e+00	2.455267e-03	1.712398e+02
1.798483e+03	4.587374e+00	2.195613e-03	2.146171e+02
2.068255e+03	4.199076e+00	1.947240e-03	2.698840e+02
2.378493e+03	3.833815e+00	1.692519e-03	3.404294e+02
2.735268e+03	3.492598e+00	1.487660e-03	4.306049e+02
3.145558e+03	3.176034e+00	1.307931e-03	5.459978e+02
3.617391e+03	2.883708e+00	1.163928e-03	6.937559e+02
4.160000e+03	2.614979e+00	1.029763e-03	8.830048e+02
4.784000e+03	2.369434e+00	8.934331e-04	1.125358e+03
5.501600e+03	2.146329e+00	7.833935e-04	1.435545e+03
6.326840e+03	1.944526e+00	6.858129e-04	1.832168e+03
7.275866e+03	1.762882e+00	5.996032e-04	2.338614e+03
8.367246e+03	1.600186e+00	5.263198e-04	2.984134e+03
9.622333e+03	1.454815e+00	4.620947e-04	3.805138e+03
