# Energy_MeV	dEdx_Elec_MeV_um	dEdx_Nucl_MeV_um	Range_um
1.000000e-05	4.848196e-03	2.790753e-02	4.125246e-03
1.150000e-05	5.199111e-03	3.098001e-02	4.423834e-03
1.322500e-05	5.575425e-03	3.440248e-02	4.744033e-03
1.520875e-05	5.978977e-03	3.813122e-02	5.087409e-03
1.749006e-05	6.411739e-03	4.225274e-02	5.455638e-03
2.011357e-05	6.875824e-03	4.679011e-02	5.850520e-03
2.313061e-05	7.373499e-03	5.177880e-02	6.273984e-03
2.660020e-05	7.907197e-03	5.720428e-02	6.728098e-03
3.059023e-05	8.479524e-03	6.318170e-02	7.215081e-03
3.517876e-05	9.093277e-03	6.979828e-02	7.737313e-03
4.045558e-05	9.751453e-03	7.706150e-02	8.297343e-03
4.652391e-05	1.045727e-02	8.480190e-02	8.897910e-03
5.350250e-05	1.121417e-02	9.322105e-02	9.541945e-03
6.152788e-05	1.202586e-02	1.028758e-01	1.023260e-02
7.075706e-05	1.289630e-02	1.131838e-01	1.097324e-02
8.137062e-05	1.382974e-02	1.244452e-01	1.176749e-02
9.357621e-05	1.483074e-02	1.364075e-01	1.261922e-02
1.076126e-04	1.590420e-02	1.493364e-01	1.353261e-02
1.237545e-04	1.705535e-02	1.641094e-01	1.451211e-02
1.423177e-04	1.828983e-02	1.797512e-01	1.556250e-02
1.636654e-04	1.961366e-02	1.967509e-01	1.668892e-02
1.882152e-04	2.103330e-02	2.150487e-01	1.789687e-02
2.164475e-04	2.255570e-02	2.346922e-01	1.919226e-02
2.489146e-04	2.418830e-02	2.559944e-01	2.058141e-02
2.862518e-04	2.593906e-02	2.784450e-01	2.207110e-02
3.291895e-04	2.781654e-02	3.030923e-01	2.366862e-02
3.785680e-04	2.982992e-02	3.293847e-01	2.538176e-02
4.353531e-04	3.198902e-02	3.568707e-01	2.721891e-02
5.006561e-04	3.430441e-02	3.856423e-01	2.918903e-02
5.757545e-04	3.678738e-02	4.175481e-01	3.130175e-02
6.621177e-04	3.945007e-02	4.520505e-01	3.356738e-02
7.614354e-04	4.230548e-02	4.877141e-01	3.599701e-02
8.756507e-04	4.536758e-02	5.250482e-01	3.860249e-02
1.006998e-03	4.865131e-02	5.631393e-01	4.139656e-02
1.158048e-03	5.217271e-02	6.050916e-01	4.439286e-02
1.331755e-03	5.594900e-02	6.497773e-01	4.760604e-02
1.531519e-03	5.999862e-02	6.951207e-01	5.105179e-02
1.761246e-03	6.434135e-02	7.426986e-01	5.474695e-02
2.025433e-03	6.899841e-02	7.921557e-01	5.870956e-02
2.329248e-03	7.399255e-02	8.426877e-01	6.295899e-02
2.678635e-03	7.934817e-02	8.928456e-01	6.751600e-02
3.080431e-03	8.509144e-02	9.447321e-01	7.240284e-02
3.542495e-03	9.125040e-02	9.987089e-01	7.764339e-02
4.073870e-03	9.785515e-02	1.053454e+00	8.326326e-02
4.684950e-03	1.049380e-01	1.104255e+00	8.928990e-02
5.387693e-03	1.125334e-01	1.154727e+00	9.575275e-02
6.195847e-03	1.206787e-01	1.211779e+00	1.026834e-01
7.125224e-03	1.294134e-01	1.264874e+00	1.101157e-01
8.194007e-03	1.387805e-01	1.316714e+00	1.180859e-01
9.423108e-03	1.488255e-01	1.363663e+00	1.266330e-01
1.083657e-02	1.595975e-01	1.408135e+00	1.357988e-01
1.246206e-02	1.711493e-01	1.457763e+00	1.455528e-01
1.433137e-02	1.835371e-01	1.501780e+00	1.561497e-01
1.648108e-02	1.968217e-01	1.542951e+00	1.674763e-01
1.895324e-02	2.110677e-01	1.581151e+00	1.795982e-01
2.179622e-02	2.263449e-01	1.615482e+00	1.925970e-01
2.506566e-02	2.427279e-01	1.647298e+00	2.065372e-01
2.882550e-02	2.602967e-01	1.674386e+00	2.214860e-01
3.314933e-02	2.791371e-01	1.700389e+00	2.375170e-01
3.812173e-02	2.993411e-01	1.722909e+00	2.547083e-01
4.383999e-02	3.210076e-01	1.740326e+00	2.731440e-01
5.041599e-02	3.442423e-01	1.753534e+00	2.929140e-01
5.797838e-02	3.691588e-01	1.766169e+00	3.141149e-01
6.667514e-02	3.958787e-01	1.776546e+00	3.368504e-01
7.667641e-02	4.245326e-01	1.781547e+00	3.612316e-01
8.817787e-02	4.552605e-01	1.782594e+00	3.873775e-01
1.014046e-01	4.882125e-01	1.778771e+00	4.154157e-01
1.166152e-01	5.235495e-01	1.772665e+00	4.454833e-01
1.341075e-01	5.614443e-01	1.763065e+00	4.777273e-01
1.542237e-01	6.020820e-01	1.748018e+00	5.123053e-01
1.773572e-01	6.456610e-01	1.728743e+00	5.493860e-01
2.039608e-01	6.923943e-01	1.704935e+00	5.891505e-01
2.345549e-01	7.425101e-01	1.676657e+00	6.317930e-01
2.697381e-01	7.962534e-01	1.644059e+00	6.775223e-01
3.101989e-01	8.538866e-01	1.606904e+00	7.265616e-01
3.567287e-01	9.156914e-01	1.565546e+00	7.791503e-01
4.102380e-01	9.819696e-01	1.520232e+00	8.355451e-01
4.717737e-01	1.053045e+00	1.473388e+00	8.960218e-01
5.425397e-01	1.129265e+00	1.423024e+00	9.608763e-01
6.239207e-01	1.211002e+00	1.366129e+00	1.030425e+00
7.175088e-01	1.298655e+00	1.308926e+00	1.105007e+00
8.251351e-01	1.392652e+00	1.249452e+00	1.184988e+00
9.489054e-01	1.493453e+00	1.191928e+00	1.270757e+00
1.091241e+00	1.601550e+00	1.133556e+00	1.362729e+00
1.254927e+00	1.711494e+00	1.068534e+00	1.461422e+00
1.443166e+00	1.818239e+00	1.006750e+00	1.568047e+00
1.659641e+00	1.930414e+00	9.451807e-01	1.683526e+00
1.908588e+00	1.027314e+00	8.848915e-01	1.808658e+00
2.194876e+00	1.101695e+00	8.268464e-01	1.944372e+00
2.524107e+00	1.181460e+00	7.700536e-01	2.091736e+00
2.902723e+00	1.266998e+00	7.170337e-01	2.251982e+00
3.338132e+00	1.348787e+00	6.632889e-01	2.426556e+00
3.838852e+00	1.448244e+00	6.119555e-01	2.617181e+00
4.414679e+00	1.588426e+00	5.659376e-01	2.825932e+00
5.076881e+00	1.741347e+00	5.242677e-01	3.055349e+00
5.838413e+00	1.910911e+00	4.800826e-01	3.308592e+00
6.714175e+00	2.087446e+00	4.401730e-01	3.589636e+00
7.721302e+00	2.282941e+00	4.109588e-01	3.903538e+00
8.879497e+00	2.491504e+00	3.814551e-01	4.256789e+00
1.021142e+01	2.711286e+00	3.475259e-01	4.657783e+00
1.174313e+01	2.952098e+00	3.085074e-01	4.564595e+00
1.350460e+01	3.184292e+00	2.732735e-01	4.382254e+00
1.553030e+01	3.448066e+00	2.465488e-01	4.235196e+00
1.785984e+01	3.745249e+00	2.222106e-01	4.124496e+00
2.053882e+01	4.063722e+00	1.999425e-01	4.051475e+00
2.361964e+01	4.418149e+00	1.798908e-01	4.017704e+00
2.716258e+01	4.803314e+00	1.626537e-01	4.024902e+00
3.123697e+01	5.226202e+00	1.465780e-01	4.075111e+00
3.592252e+01	5.681134e+00	1.312147e-01	4.170533e+00
4.131089e+01	6.155586e+00	1.175013e-01	4.313572e+00
4.750753e+01	6.672489e+00	1.063192e-01	4.506950e+00
5.463366e+01	7.163320e+00	9.612945e-02	4.753893e+00
6.282871e+01	7.667981e+00	8.500646e-02	5.058388e+00
7.225301e+01	8.174385e+00	7.569927e-02	5.425523e+00
8.309096e+01	8.651802e+00	6.751429e-02	5.861858e+00
9.555461e+01	9.150609e+00	6.070830e-02	6.375788e+00
1.098878e+02	9.592725e+00	5.465145e-02	6.978133e+00
1.263710e+02	9.986115e+00	4.812315e-02	7.682499e+00
1.453266e+02	1.032559e+01	4.270703e-02	8.505922e+00
1.671256e+02	1.066669e+01	3.792903e-02	9.469563e+00
1.921945e+02	1.100582e+01	3.364154e-02	1.059956e+01
2.210236e+02	1.122959e+01	2.991805e-02	1.192844e+01
2.541772e+02	1.432984e+01	2.658203e-02	1.349458e+01
2.923037e+02	1.397508e+01	2.373577e-02	1.534921e+01
3.361493e+02	1.360595e+01	2.102206e-02	1.756070e+01
3.865717e+02	1.315966e+01	1.859500e-02	2.019363e+01
4.445574e+02	1.267106e+01	1.660196e-02	2.333943e+01
5.112411e+02	1.213997e+01	1.492533e-02	2.711519e+01
5.879272e+02	1.159556e+01	1.317485e-02	3.166554e+01
6.761163e+02	1.103815e+01	1.155080e-02	3.716656e+01
7.775337e+02	1.047553e+01	1.023168e-02	4.385403e+01
8.941638e+02	9.921195e+00	9.076591e-03	5.204494e+01
1.028288e+03	9.400144e+00	8.139334e-03	6.210083e+01
1.182532e+03	8.937944e+00	7.160390e-03	7.441152e+01
1.359911e+03	8.478927e+00	6.265685e-03	8.951755e+01
1.563898e+03	8.015506e+00	5.542805e-03	1.081448e+02
1.798483e+03	7.553528e+00	4.879393e-03	1.312200e+02
2.068255e+03	7.094806e+00	4.298081e-03	1.599274e+02
2.378493e+03	6.644392e+00	3.785568e-03	1.957705e+02
2.735268e+03	6.197470e+00	3.361536e-03	2.406934e+02
3.145558e+03	5.756947e+00	2.976021e-03	2.972411e+02
3.617391e+03	5.333738e+00	2.614785e-03	3.686288e+02
4.160000e+03	4.940670e+00	2.305060e-03	4.588409e+02
4.784000e+03	4.564064e+00	2.056875e-03	5.729797e+02
5.501600e+03	4.205289e+00	1.832657e-03	7.177328e+02
6.326840e+03	3.865363e+00	1.592323e-03	9.016199e+02
7.275866e+03	3.545860e+00	1.396328e-03	1.135530e+03
8.367246e+03	3.248600e+00	1.228121e-03	1.433315e+03
9.622333e+03	2.972531e+00	1.090931e-03	1.812540e+03
