# Energy_MeV	dEdx_Elec_MeV_um	dEdx_Nucl_MeV_um	Range_um
1.000000e-05	4.801208e-03	2.865336e-02	4.165618e-03
1.150000e-05	5.148722e-03	3.182037e-02	4.467128e-03
1.322500e-05	5.521389e-03	3.527486e-02	4.790461e-03
1.520875e-05	5.921031e-03	3.908682e-02	5.137197e-03
1.749006e-05	6.349598e-03	4.328715e-02	5.509030e-03
2.011357e-05	6.809185e-03	4.789779e-02	5.907776e-03
2.313061e-05	7.302038e-03	5.292652e-02	6.335384e-03
2.660020e-05	7.830563e-03	5.845966e-02	6.793943e-03
3.059023e-05	8.397343e-03	6.458013e-02	7.285692e-03
3.517876e-05	9.005147e-03	7.130539e-02	7.813034e-03
4.045558e-05	9.656945e-03	7.847485e-02	8.378546e-03
4.652391e-05	1.035592e-02	8.627321e-02	8.984990e-03
5.350250e-05	1.110549e-02	9.520859e-02	9.635328e-03
6.152788e-05	1.190931e-02	1.047758e-01	1.033274e-02
7.075706e-05	1.277131e-02	1.151688e-01	1.108063e-02
8.137062e-05	1.369570e-02	1.262868e-01	1.188265e-02
9.357621e-05	1.468701e-02	1.382422e-01	1.274272e-02
1.076126e-04	1.575006e-02	1.519309e-01	1.366505e-02
1.237545e-04	1.689006e-02	1.664464e-01	1.465413e-02
1.423177e-04	1.811257e-02	1.821566e-01	1.571480e-02
1.636654e-04	1.942357e-02	1.991465e-01	1.685225e-02
1.882152e-04	2.082945e-02	2.173211e-01	1.807202e-02
2.164475e-04	2.233710e-02	2.371140e-01	1.938009e-02
2.489146e-04	2.395387e-02	2.579254e-01	2.078283e-02
2.862518e-04	2.568766e-02	2.807557e-01	2.228710e-02
3.291895e-04	2.754695e-02	3.051419e-01	2.390025e-02
3.785680e-04	2.954081e-02	3.306243e-01	2.563016e-02
4.353531e-04	3.167899e-02	3.573566e-01	2.748529e-02
5.006561e-04	3.397194e-02	3.868019e-01	2.947469e-02
5.757545e-04	3.643084e-02	4.188079e-01	3.160808e-02
6.621177e-04	3.906773e-02	4.519795e-01	3.389589e-02
7.614354e-04	4.189547e-02	4.866325e-01	3.634929e-02
8.756507e-04	4.492789e-02	5.220946e-01	3.898028e-02
1.006998e-03	4.817979e-02	5.608118e-01	4.180169e-02
1.158048e-03	5.166707e-02	6.022987e-01	4.482732e-02
1.331755e-03	5.540676e-02	6.445371e-01	4.807194e-02
1.531519e-03	5.941713e-02	6.886610e-01	5.155141e-02
1.761246e-03	6.371777e-02	7.346414e-01	5.528273e-02
2.025433e-03	6.832970e-02	7.815450e-01	5.928413e-02
2.329248e-03	7.327544e-02	8.282967e-01	6.357514e-02
2.678635e-03	7.857915e-02	8.765600e-01	6.817674e-02
3.080431e-03	8.426675e-02	9.266742e-01	7.311141e-02
3.542495e-03	9.036603e-02	9.776710e-01	7.840326e-02
4.073870e-03	9.690677e-02	1.025388e+00	8.407813e-02
4.684950e-03	1.039209e-01	1.072132e+00	9.016374e-02
5.387693e-03	1.114428e-01	1.125295e+00	9.668984e-02
6.195847e-03	1.195091e-01	1.175040e+00	1.036883e-01
7.125224e-03	1.281592e-01	1.223195e+00	1.111933e-01
8.194007e-03	1.374354e-01	1.267473e+00	1.192416e-01
9.423108e-03	1.473831e-01	1.308514e+00	1.278723e-01
1.083657e-02	1.580507e-01	1.354848e+00	1.371278e-01
1.246206e-02	1.694905e-01	1.396252e+00	1.470457e-01
1.433137e-02	1.817584e-01	1.434621e+00	1.577026e-01
1.648108e-02	1.949141e-01	1.470417e+00	1.691138e-01
1.895324e-02	2.090221e-01	1.502371e+00	1.813557e-01
2.179622e-02	2.241512e-01	1.532430e+00	1.944818e-01
2.506566e-02	2.403754e-01	1.557839e+00	2.085582e-01
2.882550e-02	2.577739e-01	1.582138e+00	2.236535e-01
3.314933e-02	2.764317e-01	1.603362e+00	2.398414e-01
3.812173e-02	2.964400e-01	1.619714e+00	2.572009e-01
4.383999e-02	3.178965e-01	1.632339e+00	2.758169e-01
5.041599e-02	3.409060e-01	1.643999e+00	2.957804e-01
5.797838e-02	3.655810e-01	1.653860e+00	3.171890e-01
6.667514e-02	3.920419e-01	1.658925e+00	3.401470e-01
7.667641e-02	4.204181e-01	1.660097e+00	3.647666e-01
8.817787e-02	4.508482e-01	1.656891e+00	3.911683e-01
1.014046e-01	4.834808e-01	1.651256e+00	4.194810e-01
1.166152e-01	5.184754e-01	1.642561e+00	4.498431e-01
1.341075e-01	5.560030e-01	1.628936e+00	4.824026e-01
1.542237e-01	5.962468e-01	1.611215e+00	5.173187e-01
1.773572e-01	6.394034e-01	1.589349e+00	5.547623e-01
2.039608e-01	6.856838e-01	1.563287e+00	5.949161e-01
2.345549e-01	7.353139e-01	1.533193e+00	6.379762e-01
2.697381e-01	7.885363e-01	1.498881e+00	6.841529e-01
3.101989e-01	8.456110e-01	1.460628e+00	7.336718e-01
3.567287e-01	9.068168e-01	1.418520e+00	7.867752e-01
4.102380e-01	9.724527e-01	1.374972e+00	8.437223e-01
4.717737e-01	1.042839e+00	1.328492e+00	9.047910e-01
5.425397e-01	1.118321e+00	1.275649e+00	9.702797e-01
6.239207e-01	1.199265e+00	1.222364e+00	1.040509e+00
7.175088e-01	1.286069e+00	1.167033e+00	1.115821e+00
8.251351e-01	1.379155e+00	1.113300e+00	1.196583e+00
9.489054e-01	1.478979e+00	1.059429e+00	1.283201e+00
1.091241e+00	1.586028e+00	9.988917e-01	1.376049e+00
1.254927e+00	1.687124e+00	9.410882e-01	1.475991e+00
1.443166e+00	1.791815e+00	8.838383e-01	1.584205e+00
1.659641e+00	9.543529e-01	8.275701e-01	1.701400e+00
1.908588e+00	1.023452e+00	7.736703e-01	1.828455e+00
2.194876e+00	1.097553e+00	7.203594e-01	1.966329e+00
2.524107e+00	1.177018e+00	6.708622e-01	2.116140e+00
2.902723e+00	1.257757e+00	6.208346e-01	2.279189e+00
3.338132e+00	1.340636e+00	5.728301e-01	2.457010e+00
3.838852e+00	1.458522e+00	5.299008e-01	2.651441e+00
4.414679e+00	1.601879e+00	4.907204e-01	2.864719e+00
5.076881e+00	1.753311e+00	4.499427e-01	3.099603e+00
5.838413e+00	1.919287e+00	4.124280e-01	3.359539e+00
6.714175e+00	2.098833e+00	3.843744e-01	3.648892e+00
7.721302e+00	2.288019e+00	3.571460e-01	3.973242e+00
8.879497e+00	2.496566e+00	3.258333e-01	4.339782e+00
1.021142e+01	2.709975e+00	2.898237e-01	4.255775e+00
1.174313e+01	2.936740e+00	2.567422e-01	4.102444e+00
1.350460e+01	3.177069e+00	2.311687e-01	3.977175e+00
1.553030e+01	3.446849e+00	2.084806e-01	3.881740e+00
1.785984e+01	3.750370e+00	1.874029e-01	3.818079e+00
2.053882e+01	4.075963e+00	1.686523e-01	3.788316e+00
2.361964e+01	4.437067e+00	1.525911e-01	3.794665e+00
2.716258e+01	4.840744e+00	1.375062e-01	3.839663e+00
3.123697e+01	5.250702e+00	1.231781e-01	3.925932e+00
3.592252e+01	5.698971e+00	1.101285e-01	4.056243e+00
4.131089e+01	6.161667e+00	9.958486e-02	4.233602e+00
4.750753e+01	6.625221e+00	9.018087e-02	4.461386e+00
5.463366e+01	7.111317e+00	7.977345e-02	4.743574e+00
6.282871e+01	7.546749e+00	7.097356e-02	5.085042e+00
7.225301e+01	8.005305e+00	6.331343e-02	5.491939e+00
8.309096e+01	8.446299e+00	5.687633e-02	5.972030e+00
9.555461e+01	8.856710e+00	5.128657e-02	6.535308e+00
1.098878e+02	9.273033e+00	4.517633e-02	7.194315e+00
1.263710e+02	9.542184e+00	4.005073e-02	7.964792e+00
1.453266e+02	9.833223e+00	3.559193e-02	8.866338e+00
1.671256e+02	1.013457e+01	3.156237e-02	9.923271e+00
1.921945e+02	1.034407e+01	2.809486e-02	1.116548e+01
2.210236e+02	1.360173e+01	2.493664e-02	1.263034e+01
2.541772e+02	1.314846e+01	2.226438e-02	1.436140e+01
2.923037e+02	1.281114e+01	1.973162e-02	1.642334e+01
3.361493e+02	1.240236e+01	1.744968e-02	1.888448e+01
3.865717e+02	1.194589e+01	1.558515e-02	2.182356e+01
4.445574e+02	1.144687e+01	1.399788e-02	2.534915e+01
5.112411e+02	1.092839e+01	1.238238e-02	2.959840e+01
5.879272e+02	1.040568e+01	1.086112e-02	3.473685e+01
6.761163e+02	9.867580e+00	9.607491e-03	4.097554e+01
7.775337e+02	9.340073e+00	8.525471e-03	4.860434e+01
8.941638e+02	8.818052e+00	7.634922e-03	5.798716e+01
1.028288e+03	8.361784e+00	6.731470e-03	6.951412e+01
1.182532e+03	7.929438e+00	5.893230e-03	8.366049e+01
1.359911e+03	7.493571e+00	5.205731e-03	1.010990e+02
1.563898e+03	7.057177e+00	4.586475e-03	1.226964e+02
1.798483e+03	6.625121e+00	4.033874e-03	1.495647e+02
2.068255e+03	6.199848e+00	3.553803e-03	1.831188e+02
2.378493e+03	5.783906e+00	3.158288e-03	2.251682e+02
2.735268e+03	5.370778e+00	2.795657e-03	2.780832e+02
3.145558e+03	4.970735e+00	2.458418e-03	3.449205e+02
3.617391e+03	4.595583e+00	2.162610e-03	4.294939e+02
4.160000e+03	4.242212e+00	1.928108e-03	5.365784e+02
4.784000e+03	3.905875e+00	1.721181e-03	6.724205e+02
5.501600e+03	3.587398e+00	1.496098e-03	8.450776e+02
6.326840e+03	3.287278e+00	1.310323e-03	1.064824e+03
7.275866e+03	3.007987e+00	1.152792e-03	1.344765e+03
8.367246e+03	2.749515e+00	1.022789e-03	1.701539e+03
9.622333e+03	2.510467e+00	9.105003e-04	2.156211e+03
