# Energy_MeV	dEdx_Elec_MeV_um	dEdx_Nucl_MeV_um	Range_um
1.000000e-05	5.448287e-03	2.686484e-02	3.670879e-03
1.150000e-05	5.842636e-03	2.889070e-02	3.936579e-03
1.322500e-05	6.265530e-03	3.210549e-02	4.221511e-03
1.520875e-05	6.719032e-03	3.562108e-02	4.527066e-03
1.749006e-05	7.205359e-03	3.946172e-02	4.854737e-03
2.011357e-05	7.726887e-03	4.387845e-02	5.206126e-03
2.313061e-05	8.286163e-03	4.865774e-02	5.582948e-03
2.660020e-05	8.885920e-03	5.392960e-02	5.987045e-03
3.059023e-05	9.529087e-03	5.973093e-02	6.420390e-03
3.517876e-05	1.021881e-02	6.608701e-02	6.885101e-03
4.045558e-05	1.095845e-02	7.314131e-02	7.383449e-03
4.652391e-05	1.175163e-02	8.075122e-02	7.917866e-03
5.350250e-05	1.260222e-02	8.924531e-02	8.490966e-03
6.152788e-05	1.351437e-02	9.852935e-02	9.105546e-03
7.075706e-05	1.449255e-02	1.085814e-01	9.764611e-03
8.137062e-05	1.554153e-02	1.193713e-01	1.047138e-02
9.357621e-05	1.666643e-02	1.314739e-01	1.122930e-02
1.076126e-04	1.787276e-02	1.449515e-01	1.204209e-02
1.237545e-04	1.916640e-02	1.593375e-01	1.291370e-02
1.423177e-04	2.055367e-02	1.750353e-01	1.384840e-02
1.636654e-04	2.204136e-02	1.916525e-01	1.485075e-02
1.882152e-04	2.363672e-02	2.102379e-01	1.592566e-02
2.164475e-04	2.534756e-02	2.307925e-01	1.707837e-02
2.489146e-04	2.718223e-02	2.525420e-01	1.831451e-02
2.862518e-04	2.914970e-02	2.763482e-01	1.964012e-02
3.291895e-04	3.125957e-02	3.019728e-01	2.106168e-02
3.785680e-04	3.352215e-02	3.296191e-01	2.258614e-02
4.353531e-04	3.594850e-02	3.588275e-01	2.422093e-02
5.006561e-04	3.855047e-02	3.902542e-01	2.597406e-02
5.757545e-04	4.134078e-02	4.246477e-01	2.785407e-02
6.621177e-04	4.433304e-02	4.613253e-01	2.987017e-02
7.614354e-04	4.754189e-02	4.992092e-01	3.203219e-02
8.756507e-04	5.098300e-02	5.390918e-01	3.435069e-02
1.006998e-03	5.467318e-02	5.849568e-01	3.683701e-02
1.158048e-03	5.863045e-02	6.317851e-01	3.950330e-02
1.331755e-03	6.287415e-02	6.813822e-01	4.236257e-02
1.531519e-03	6.742502e-02	7.320439e-01	4.542879e-02
1.761246e-03	7.230528e-02	7.844848e-01	4.871695e-02
2.025433e-03	7.753877e-02	8.446418e-01	5.224311e-02
2.329248e-03	8.315107e-02	9.045624e-01	5.602449e-02
2.678635e-03	8.916959e-02	9.674949e-01	6.007958e-02
3.080431e-03	9.562373e-02	1.032374e+00	6.442817e-02
3.542495e-03	1.025450e-01	1.098995e+00	6.909151e-02
4.073870e-03	1.099673e-01	1.168199e+00	7.409239e-02
4.684950e-03	1.179268e-01	1.236175e+00	7.945524e-02
5.387693e-03	1.264624e-01	1.308847e+00	8.520625e-02
6.195847e-03	1.356158e-01	1.381202e+00	9.137353e-02
7.125224e-03	1.454317e-01	1.452100e+00	9.798719e-02
8.194007e-03	1.559582e-01	1.519569e+00	1.050796e-01
9.423108e-03	1.672465e-01	1.592124e+00	1.126853e-01
1.083657e-02	1.793519e-01	1.667799e+00	1.208415e-01
1.246206e-02	1.923335e-01	1.737281e+00	1.295881e-01
1.433137e-02	2.062547e-01	1.805412e+00	1.389290e-01
1.648108e-02	2.211835e-01	1.866028e+00	1.490002e-01
1.895324e-02	2.371929e-01	1.929956e+00	1.598181e-01
2.179622e-02	2.543610e-01	1.994667e+00	1.713836e-01
2.506566e-02	2.727718e-01	2.050770e+00	1.837887e-01
2.882550e-02	2.925152e-01	2.105328e+00	1.970913e-01
3.314933e-02	3.136876e-01	2.155251e+00	2.113565e-01
3.812173e-02	3.363924e-01	2.200731e+00	2.266543e-01
4.383999e-02	3.607407e-01	2.239624e+00	2.430594e-01
5.041599e-02	3.868513e-01	2.274811e+00	2.606518e-01
5.797838e-02	4.148518e-01	2.308446e+00	2.795177e-01
6.667514e-02	4.448790e-01	2.336772e+00	2.997491e-01
7.667641e-02	4.770796e-01	2.357499e+00	3.214448e-01
8.817787e-02	5.116109e-01	2.373293e+00	3.447107e-01
1.014046e-01	5.486415e-01	2.391202e+00	3.696608e-01
1.166152e-01	5.883525e-01	2.401172e+00	3.964169e-01
1.341075e-01	6.309378e-01	2.405851e+00	4.251095e-01
1.542237e-01	6.766054e-01	2.403939e+00	4.558787e-01
1.773572e-01	7.255784e-01	2.396307e+00	4.888751e-01
2.039608e-01	7.780962e-01	2.387176e+00	5.242599e-01
2.345549e-01	8.344152e-01	2.370524e+00	5.622060e-01
2.697381e-01	8.948106e-01	2.347599e+00	6.028984e-01
3.101989e-01	9.595775e-01	2.318718e+00	6.465361e-01
3.567287e-01	1.029032e+00	2.283667e+00	6.933323e-01
4.102380e-01	1.103514e+00	2.242849e+00	7.435160e-01
4.717737e-01	1.183387e+00	2.196225e+00	7.973319e-01
5.425397e-01	1.269041e+00	2.143040e+00	8.550428e-01
6.239207e-01	1.360895e+00	2.085071e+00	9.169308e-01
7.175088e-01	1.459397e+00	2.023009e+00	9.832985e-01
8.251351e-01	1.565029e+00	1.958228e+00	1.054470e+00
9.489054e-01	1.678307e+00	1.885828e+00	1.130794e+00
1.091241e+00	1.799784e+00	1.808221e+00	1.212638e+00
1.254927e+00	1.930053e+00	1.730515e+00	1.300415e+00
1.443166e+00	2.067507e+00	1.650522e+00	1.394530e+00
1.659641e+00	2.196775e+00	1.573769e+00	1.496016e+00
1.908588e+00	2.332733e+00	1.489859e+00	1.605934e+00
2.194876e+00	2.475231e+00	1.403009e+00	1.724999e+00
2.524107e+00	1.317684e+00	1.321375e+00	1.854104e+00
2.902723e+00	1.413087e+00	1.238206e+00	1.994246e+00
3.338132e+00	1.515397e+00	1.157311e+00	2.146575e+00
3.838852e+00	1.613732e+00	1.079073e+00	2.312436e+00
4.414679e+00	1.717502e+00	1.005907e+00	2.493425e+00
5.076881e+00	1.876366e+00	9.348727e-01	2.691459e+00
5.838413e+00	2.055337e+00	8.629444e-01	2.908879e+00
6.714175e+00	2.249333e+00	7.949299e-01	3.148576e+00
7.721302e+00	2.458157e+00	7.365526e-01	3.414182e+00
8.879497e+00	2.690286e+00	6.813207e-01	3.710303e+00
1.021142e+01	2.933648e+00	6.194757e-01	4.042843e+00
1.174313e+01	3.201245e+00	5.739698e-01	4.419421e+00
1.350460e+01	3.487334e+00	5.370899e-01	4.849908e+00
1.553030e+01	3.773439e+00	4.946780e-01	5.347134e+00
1.785984e+01	4.084193e+00	4.459043e-01	5.906467e+00
2.053882e+01	4.425804e+00	3.919206e-01	5.516301e+00
2.361964e+01	4.791869e+00	3.510569e-01	5.212266e+00
2.716258e+01	5.175694e+00	3.166707e-01	4.985525e+00
3.123697e+01	5.580341e+00	2.856304e-01	4.829395e+00
3.592252e+01	6.030949e+00	2.575046e-01	4.738880e+00
4.131089e+01	6.521861e+00	2.316869e-01	4.710311e+00
4.750753e+01	7.073473e+00	2.095593e-01	4.741110e+00
5.463366e+01	7.693603e+00	1.877286e-01	4.829511e+00
6.282871e+01	8.336438e+00	1.682383e-01	4.975084e+00
7.225301e+01	9.036158e+00	1.514603e-01	5.178196e+00
8.309096e+01	9.729076e+00	1.374451e-01	5.440514e+00
9.555461e+01	1.044152e+01	1.227972e-01	5.765178e+00
1.098878e+02	1.118720e+01	1.085845e-01	6.157049e+00
1.263710e+02	1.186768e+01	9.713409e-02	6.622985e+00
1.453266e+02	1.255888e+01	8.669199e-02	7.172141e+00
1.671256e+02	1.313241e+01	7.834076e-02	7.816286e+00
1.921945e+02	1.374447e+01	6.963397e-02	8.570316e+00
2.210236e+02	1.441567e+01	6.131899e-02	9.452761e+00
2.541772e+02	1.489935e+01	5.469700e-02	1.048641e+01
2.923037e+02	1.964516e+01	4.844340e-02	1.169905e+01
3.361493e+02	1.933845e+01	4.294686e-02	1.312440e+01
3.865717e+02	1.909631e+01	3.812931e-02	1.481269e+01
4.445574e+02	1.870296e+01	3.402347e-02	1.680956e+01
5.112411e+02	1.821257e+01	3.034776e-02	1.917452e+01
5.879272e+02	1.762967e+01	2.680107e-02	2.198683e+01
6.761163e+02	1.699683e+01	2.372054e-02	2.534497e+01
7.775337e+02	1.632954e+01	2.129455e-02	2.936558e+01
8.941638e+02	1.563333e+01	1.910642e-02	3.420063e+01
1.028288e+03	1.494510e+01	1.668054e-02	4.005916e+01
1.182532e+03	1.426039e+01	1.473484e-02	4.718673e+01
1.359911e+03	1.368582e+01	1.301094e-02	5.583276e+01
1.563898e+03	1.311904e+01	1.162880e-02	6.632326e+01
1.798483e+03	1.253359e+01	1.040510e-02	7.911472e+01
2.068255e+03	1.193703e+01	9.064686e-03	9.478616e+01
2.378493e+03	1.133371e+01	7.994918e-03	1.140741e+02
2.735268e+03	1.072865e+01	7.042481e-03	1.379052e+02
3.145558e+03	1.012176e+01	6.210257e-03	1.674626e+02
3.617391e+03	9.514005e+00	5.481213e-03	2.042934e+02
4.160000e+03	8.915763e+00	4.837414e-03	2.503590e+02
4.784000e+03	8.346012e+00	4.299873e-03	3.080726e+02
5.501600e+03	7.792566e+00	3.780091e-03	3.804694e+02
6.326840e+03	7.257767e+00	3.327547e-03	4.715362e+02
7.275866e+03	6.743467e+00	2.949769e-03	5.863656e+02
8.367246e+03	6.250333e+00	2.643096e-03	7.314505e+02
9.622333e+03	5.781887e+00	2.320779e-03	9.150543e+02
