# Energy_MeV	dEdx_Elec_MeV_um	dEdx_Nucl_MeV_um	Range_um
1.000000e-05	5.036629e-03	2.940772e-02	3.970910e-03
1.150000e-05	5.401183e-03	3.264117e-02	4.258326e-03
1.322500e-05	5.792123e-03	3.618155e-02	4.566546e-03
1.520875e-05	6.211360e-03	4.008225e-02	4.897075e-03
1.749006e-05	6.660942e-03	4.438599e-02	5.251528e-03
2.011357e-05	7.143064e-03	4.911757e-02	5.631637e-03
2.313061e-05	7.660083e-03	5.424955e-02	6.039258e-03
2.660020e-05	8.214524e-03	5.992999e-02	6.476382e-03
3.059023e-05	8.809096e-03	6.618888e-02	6.945146e-03
3.517876e-05	9.446703e-03	7.304681e-02	7.447840e-03
4.045558e-05	1.013046e-02	8.036048e-02	7.986918e-03
4.652391e-05	1.086371e-02	8.838557e-02	8.565016e-03
5.350250e-05	1.165003e-02	9.748645e-02	9.184956e-03
6.152788e-05	1.249326e-02	1.072586e-01	9.849768e-03
7.075706e-05	1.339753e-02	1.178792e-01	1.056270e-02
8.137062e-05	1.436725e-02	1.291959e-01	1.132723e-02
9.357621e-05	1.540716e-02	1.415196e-01	1.214710e-02
1.076126e-04	1.652234e-02	1.554274e-01	1.302632e-02
1.237545e-04	1.771824e-02	1.702465e-01	1.396917e-02
1.423177e-04	1.900069e-02	1.862904e-01	1.498027e-02
1.636654e-04	2.037597e-02	2.036477e-01	1.606455e-02
1.882152e-04	2.185080e-02	2.222189e-01	1.722731e-02
2.164475e-04	2.343237e-02	2.422487e-01	1.847423e-02
2.489146e-04	2.512842e-02	2.635449e-01	1.981140e-02
2.862518e-04	2.694722e-02	2.867746e-01	2.124536e-02
3.291895e-04	2.889768e-02	3.116985e-01	2.278311e-02
3.785680e-04	3.098931e-02	3.375088e-01	2.443217e-02
4.353531e-04	3.323233e-02	3.647440e-01	2.620058e-02
5.006561e-04	3.563770e-02	3.951564e-01	2.809699e-02
5.757545e-04	3.821718e-02	4.274842e-01	3.013067e-02
6.621177e-04	4.098336e-02	4.612105e-01	3.231154e-02
7.614354e-04	4.394976e-02	4.961283e-01	3.465027e-02
8.756507e-04	4.713086e-02	5.321129e-01	3.715827e-02
1.006998e-03	5.054222e-02	5.721016e-01	3.984780e-02
1.158048e-03	5.420049e-02	6.138471e-01	4.273201e-02
1.331755e-03	5.812355e-02	6.566646e-01	4.582498e-02
1.531519e-03	6.233057e-02	7.012848e-01	4.914181e-02
1.761246e-03	6.684209e-02	7.476543e-01	5.269872e-02
2.025433e-03	7.168015e-02	7.952764e-01	5.651308e-02
2.329248e-03	7.686840e-02	8.422675e-01	6.060353e-02
2.678635e-03	8.243218e-02	8.913387e-01	6.499005e-02
3.080431e-03	8.839866e-02	9.417635e-01	6.969406e-02
3.542495e-03	9.479700e-02	9.922621e-01	7.473855e-02
4.073870e-03	1.016585e-01	1.039924e+00	8.014817e-02
4.684950e-03	1.090166e-01	1.088034e+00	8.594934e-02
5.387693e-03	1.169072e-01	1.140799e+00	9.217039e-02
6.195847e-03	1.253690e-01	1.190568e+00	9.884174e-02
7.125224e-03	1.344433e-01	1.238359e+00	1.059960e-01
8.194007e-03	1.441744e-01	1.282260e+00	1.136680e-01
9.423108e-03	1.546098e-01	1.324649e+00	1.218953e-01
1.083657e-02	1.658006e-01	1.370257e+00	1.306512e-01
1.246206e-02	1.778013e-01	1.411338e+00	1.401606e-01
1.433137e-02	1.906706e-01	1.449403e+00	1.503298e-01
1.648108e-02	2.044715e-01	1.485201e+00	1.612104e-01
1.895324e-02	2.192712e-01	1.517015e+00	1.728784e-01
2.179622e-02	2.351422e-01	1.546010e+00	1.853914e-01
2.506566e-02	2.521619e-01	1.571374e+00	1.988097e-01
2.882550e-02	2.704135e-01	1.595202e+00	2.131994e-01
3.314933e-02	2.899862e-01	1.616173e+00	2.286306e-01
3.812173e-02	3.109756e-01	1.631830e+00	2.451788e-01
4.383999e-02	3.334841e-01	1.643965e+00	2.629247e-01
5.041599e-02	3.576219e-01	1.656009e+00	2.819550e-01
5.797838e-02	3.835067e-01	1.664925e+00	3.023627e-01
6.667514e-02	4.112652e-01	1.669229e+00	3.242477e-01
7.667641e-02	4.410328e-01	1.669527e+00	3.477167e-01
8.817787e-02	4.729549e-01	1.665547e+00	3.728844e-01
1.014046e-01	5.071877e-01	1.659727e+00	3.998736e-01
1.166152e-01	5.438982e-01	1.650009e+00	4.288163e-01
1.341075e-01	5.832658e-01	1.635398e+00	4.598541e-01
1.542237e-01	6.254829e-01	1.616796e+00	4.931384e-01
1.773572e-01	6.707557e-01	1.593941e+00	5.288317e-01
2.039608e-01	7.193054e-01	1.566960e+00	5.671084e-01
2.345549e-01	7.713691e-01	1.535935e+00	6.081558e-01
2.697381e-01	8.272012e-01	1.500541e+00	6.521743e-01
3.101989e-01	8.870744e-01	1.461413e+00	6.993788e-01
3.567287e-01	9.512813e-01	1.418963e+00	7.499998e-01
4.102380e-01	1.020136e+00	1.374628e+00	8.042848e-01
4.717737e-01	1.093974e+00	1.326621e+00	8.624992e-01
5.425397e-01	1.173156e+00	1.273460e+00	9.249273e-01
6.239207e-01	1.258070e+00	1.219486e+00	9.918736e-01
7.175088e-01	1.349129e+00	1.164199e+00	1.063666e+00
8.251351e-01	1.446780e+00	1.110098e+00	1.140653e+00
9.489054e-01	1.551499e+00	1.054458e+00	1.223210e+00
1.091241e+00	1.658527e+00	9.941819e-01	1.311789e+00
1.254927e+00	1.762003e+00	9.361607e-01	1.407464e+00
1.443166e+00	1.870754e+00	8.788390e-01	1.511086e+00
1.659641e+00	1.984631e+00	8.220778e-01	1.623363e+00
1.908588e+00	1.051848e+00	7.678705e-01	1.745133e+00
2.194876e+00	1.128006e+00	7.155064e-01	1.877350e+00
2.524107e+00	1.209676e+00	6.655936e-01	2.021116e+00
2.902723e+00	1.289449e+00	6.157329e-01	2.177727e+00
3.338132e+00	1.384986e+00	5.675052e-01	2.348721e+00
3.838852e+00	1.520385e+00	5.252102e-01	2.535953e+00
4.414679e+00	1.668555e+00	4.862422e-01	2.741694e+00
5.076881e+00	1.832350e+00	4.441252e-01	2.968764e+00
5.838413e+00	2.003552e+00	4.084492e-01	3.220710e+00
6.714175e+00	2.193136e+00	3.817152e-01	3.502045e+00
7.721302e+00	2.394549e+00	3.535924e-01	3.818560e+00
8.879497e+00	2.607949e+00	3.212513e-01	4.106972e+00
1.021142e+01	2.840786e+00	2.840589e-01	3.939274e+00
1.174313e+01	3.069478e+00	2.524440e-01	3.798454e+00
1.350460e+01	3.328331e+00	2.278898e-01	3.685831e+00
1.553030e+01	3.620218e+00	2.054743e-01	3.602888e+00
1.785984e+01	3.936112e+00	1.851460e-01	3.551284e+00
2.053882e+01	4.288358e+00	1.663089e-01	3.532865e+00
2.361964e+01	4.669446e+00	1.504175e-01	3.549541e+00
2.716258e+01	5.087147e+00	1.353438e-01	3.603588e+00
3.123697e+01	5.530291e+00	1.212197e-01	3.697300e+00
3.592252e+01	5.990835e+00	1.088785e-01	3.833164e+00
4.131089e+01	6.492004e+00	9.847285e-02	4.013939e+00
4.750753e+01	6.959784e+00	8.875999e-02	4.242815e+00
5.463366e+01	7.443310e+00	7.861486e-02	4.523658e+00
6.282871e+01	7.921944e+00	6.997710e-02	4.861315e+00
7.225301e+01	8.374702e+00	6.251422e-02	5.261947e+00
8.309096e+01	8.846920e+00	5.620182e-02	5.733431e+00
9.555461e+01	9.257007e+00	5.042847e-02	6.285808e+00
1.098878e+02	9.625247e+00	4.448193e-02	6.931709e+00
1.263710e+02	9.932236e+00	3.945959e-02	7.686932e+00
1.453266e+02	1.024052e+01	3.506321e-02	8.571086e+00
1.671256e+02	1.054945e+01	3.105742e-02	9.608433e+00
1.921945e+02	1.074078e+01	2.761463e-02	1.082910e+01
2.210236e+02	1.369694e+01	2.458444e-02	1.226889e+01
2.541772e+02	1.333040e+01	2.192124e-02	1.397501e+01
2.923037e+02	1.296061e+01	1.942590e-02	1.601128e+01
3.361493e+02	1.252045e+01	1.715899e-02	1.843829e+01
3.865717e+02	1.204160e+01	1.534577e-02	2.134102e+01
4.445574e+02	1.152414e+01	1.378870e-02	2.482868e+01
5.112411e+02	1.099511e+01	1.212014e-02	2.903664e+01
5.879272e+02	1.045598e+01	1.065057e-02	3.412967e+01
6.761163e+02	9.912047e+00	9.429755e-03	4.032768e+01
7.775337e+02	9.376632e+00	8.384110e-03	4.792736e+01
8.941638e+02	8.871088e+00	7.516812e-03	5.727030e+01
1.028288e+03	8.424082e+00	6.583687e-03	6.872487e+01
1.182532e+03	7.981377e+00	5.774939e-03	8.279780e+01
1.359911e+03	7.535541e+00	5.106281e-03	1.001723e+02
1.563898e+03	7.091864e+00	4.498317e-03	1.217214e+02
1.798483e+03	6.652313e+00	3.971016e-03	1.485620e+02
2.068255e+03	6.221585e+00	3.490480e-03	1.821134e+02
2.378493e+03	5.795705e+00	3.101108e-03	2.242101e+02
2.735268e+03	5.376721e+00	2.740437e-03	2.772556e+02
3.145558e+03	4.974382e+00	2.409646e-03	3.442932e+02
3.617391e+03	4.601700e+00	2.132559e-03	4.290970e+02
4.160000e+03	4.245547e+00	1.902103e-03	5.364930e+02
4.784000e+03	3.907059e+00	1.688380e-03	6.728092e+02
5.501600e+03	3.586822e+00	1.469926e-03	8.461125e+02
6.326840e+03	3.286261e+00	1.288497e-03	1.066712e+03
7.275866e+03	3.007363e+00	1.135535e-03	1.347726e+03
8.367246e+03	2.748946e+00	1.008540e-03	1.705784e+03
9.622333e+03	2.510424e+00	8.925636e-04	2.161914e+03
