# Energy_MeV	dEdx_Elec_MeV_um	dEdx_Nucl_MeV_um	Range_um
1.000000e-05	5.635008e-03	2.729151e-02	3.549241e-03
1.150000e-05	6.042873e-03	3.004840e-02	3.806136e-03
1.322500e-05	6.480260e-03	3.336602e-02	4.081627e-03
1.520875e-05	6.949304e-03	3.697259e-02	4.377057e-03
1.749006e-05	7.452299e-03	4.105885e-02	4.693871e-03
2.011357e-05	7.991700e-03	4.559067e-02	5.033615e-03
2.313061e-05	8.570143e-03	5.051968e-02	5.397951e-03
2.660020e-05	9.190455e-03	5.598167e-02	5.788658e-03
3.059023e-05	9.855665e-03	6.198711e-02	6.207644e-03
3.517876e-05	1.056902e-02	6.858592e-02	6.656956e-03
4.045558e-05	1.133401e-02	7.577197e-02	7.138790e-03
4.652391e-05	1.215438e-02	8.368403e-02	7.655500e-03
5.350250e-05	1.303412e-02	9.245054e-02	8.209609e-03
6.152788e-05	1.397753e-02	1.020461e-01	8.803825e-03
7.075706e-05	1.498923e-02	1.122298e-01	9.441050e-03
8.137062e-05	1.607416e-02	1.234269e-01	1.012440e-02
9.357621e-05	1.723762e-02	1.361914e-01	1.085721e-02
1.076126e-04	1.848529e-02	1.497945e-01	1.164306e-02
1.237545e-04	1.982326e-02	1.646973e-01	1.248579e-02
1.423177e-04	2.125808e-02	1.804477e-01	1.338952e-02
1.636654e-04	2.279675e-02	1.976425e-01	1.435866e-02
1.882152e-04	2.444679e-02	2.171614e-01	1.539794e-02
2.164475e-04	2.621626e-02	2.377833e-01	1.651246e-02
2.489146e-04	2.811381e-02	2.602728e-01	1.770764e-02
2.862518e-04	3.014870e-02	2.844415e-01	1.898932e-02
3.291895e-04	3.233088e-02	3.104589e-01	2.036378e-02
3.785680e-04	3.467101e-02	3.384834e-01	2.183772e-02
4.353531e-04	3.718052e-02	3.681333e-01	2.341835e-02
5.006561e-04	3.987166e-02	4.007174e-01	2.511338e-02
5.757545e-04	4.275759e-02	4.354104e-01	2.693110e-02
6.621177e-04	4.585241e-02	4.716932e-01	2.888039e-02
7.614354e-04	4.917123e-02	5.095528e-01	3.097077e-02
8.756507e-04	5.273027e-02	5.519860e-01	3.321245e-02
1.006998e-03	5.654692e-02	5.974867e-01	3.561638e-02
1.158048e-03	6.063981e-02	6.443348e-01	3.819431e-02
1.331755e-03	6.502895e-02	6.935222e-01	4.095884e-02
1.531519e-03	6.973578e-02	7.434853e-01	4.392346e-02
1.761246e-03	7.478330e-02	7.992799e-01	4.710266e-02
2.025433e-03	8.019615e-02	8.581281e-01	5.051198e-02
2.329248e-03	8.600079e-02	9.175489e-01	5.416806e-02
2.678635e-03	9.222557e-02	9.803201e-01	5.808878e-02
3.080431e-03	9.890091e-02	1.045152e+00	6.229327e-02
3.542495e-03	1.060594e-01	1.111409e+00	6.680209e-02
4.073870e-03	1.137360e-01	1.177559e+00	7.163727e-02
4.684950e-03	1.219683e-01	1.245712e+00	7.682241e-02
5.387693e-03	1.307965e-01	1.316794e+00	8.238286e-02
6.195847e-03	1.402636e-01	1.387696e+00	8.834577e-02
7.125224e-03	1.504159e-01	1.453809e+00	9.474028e-02
8.194007e-03	1.613031e-01	1.520934e+00	1.015976e-01
9.423108e-03	1.729783e-01	1.595618e+00	1.089513e-01
1.083657e-02	1.854986e-01	1.664549e+00	1.168373e-01
1.246206e-02	1.989251e-01	1.732286e+00	1.252940e-01
1.433137e-02	2.133234e-01	1.793039e+00	1.343448e-01
1.648108e-02	2.287638e-01	1.852184e+00	1.440928e-01
1.895324e-02	2.453219e-01	1.916941e+00	1.545197e-01
2.179622e-02	2.630784e-01	1.973716e+00	1.657054e-01
2.506566e-02	2.821201e-01	2.027600e+00	1.776985e-01
2.882550e-02	3.025401e-01	2.077177e+00	1.905602e-01
3.314933e-02	3.244382e-01	2.122200e+00	2.043528e-01
3.812173e-02	3.479212e-01	2.162918e+00	2.191438e-01
4.383999e-02	3.731039e-01	2.198019e+00	2.350052e-01
5.041599e-02	4.001093e-01	2.231897e+00	2.520147e-01
5.797838e-02	4.290695e-01	2.260852e+00	2.702554e-01
6.667514e-02	4.601257e-01	2.283360e+00	2.898164e-01
7.667641e-02	4.934299e-01	2.299944e+00	3.107932e-01
8.817787e-02	5.291446e-01	2.316748e+00	3.332883e-01
1.014046e-01	5.674444e-01	2.329882e+00	3.574115e-01
1.166152e-01	6.085163e-01	2.335517e+00	3.832809e-01
1.341075e-01	6.525610e-01	2.336427e+00	4.110228e-01
1.542237e-01	6.997937e-01	2.330614e+00	4.407726e-01
1.773572e-01	7.504452e-01	2.322493e+00	4.726756e-01
2.039608e-01	8.047628e-01	2.309340e+00	5.068878e-01
2.345549e-01	8.630120e-01	2.288737e+00	5.435764e-01
2.697381e-01	9.254772e-01	2.262945e+00	5.829206e-01
3.101989e-01	9.924638e-01	2.231003e+00	6.251124e-01
3.567287e-01	1.064299e+00	2.193342e+00	6.703580e-01
4.102380e-01	1.141333e+00	2.150020e+00	7.188785e-01
4.717737e-01	1.223944e+00	2.100655e+00	7.709112e-01
5.425397e-01	1.312533e+00	2.045851e+00	8.267101e-01
6.239207e-01	1.407535e+00	1.986341e+00	8.865474e-01
7.175088e-01	1.509413e+00	1.924669e+00	9.507157e-01
8.251351e-01	1.618665e+00	1.857686e+00	1.019529e+00
9.489054e-01	1.735825e+00	1.782804e+00	1.093322e+00
1.091241e+00	1.861465e+00	1.707841e+00	1.172463e+00
1.254927e+00	1.996199e+00	1.629779e+00	1.257300e+00
1.443166e+00	2.126088e+00	1.554735e+00	1.348529e+00
1.659641e+00	2.258206e+00	1.477104e+00	1.447273e+00
1.908588e+00	2.396873e+00	1.391869e+00	1.554207e+00
2.194876e+00	2.541821e+00	1.311469e+00	1.670124e+00
2.524107e+00	2.692538e+00	1.230589e+00	1.795891e+00
2.902723e+00	2.848186e+00	1.151827e+00	1.932522e+00
3.338132e+00	3.007495e+00	1.075408e+00	2.081190e+00
3.838852e+00	3.168647e+00	1.001934e+00	2.243279e+00
4.414679e+00	1.707333e+00	9.327000e-01	2.420441e+00
5.076881e+00	1.877890e+00	8.622220e-01	2.614684e+00
5.838413e+00	2.058773e+00	7.953750e-01	2.828481e+00
6.714175e+00	2.259901e+00	7.352549e-01	3.064915e+00
7.721302e+00	2.476308e+00	6.814697e-01	3.327884e+00
8.879497e+00	2.710096e+00	6.227057e-01	3.622366e+00
1.021142e+01	2.970199e+00	5.712342e-01	3.954770e+00
1.174313e+01	3.236098e+00	5.348444e-01	4.333394e+00
1.350460e+01	3.521400e+00	4.956059e-01	4.769014e+00
1.553030e+01	3.810613e+00	4.504817e-01	5.275621e+00
1.785984e+01	4.131522e+00	3.985889e-01	5.115569e+00
2.053882e+01	4.491682e+00	3.530589e-01	4.824519e+00
2.361964e+01	4.847331e+00	3.195679e-01	4.603935e+00
2.716258e+01	5.238267e+00	2.877327e-01	4.447833e+00
3.123697e+01	5.660961e+00	2.593249e-01	4.351736e+00
3.592252e+01	6.124651e+00	2.332060e-01	4.312361e+00
4.131089e+01	6.647528e+00	2.106429e-01	4.327391e+00
4.750753e+01	7.224180e+00	1.898241e-01	4.395227e+00
5.463366e+01	7.848204e+00	1.697437e-01	4.515366e+00
6.282871e+01	8.519729e+00	1.524064e-01	4.688017e+00
7.225301e+01	9.180430e+00	1.380412e-01	4.914466e+00
8.309096e+01	9.889127e+00	1.244893e-01	5.197255e+00
9.555461e+01	1.057622e+01	1.100290e-01	5.540418e+00
1.098878e+02	1.126707e+01	9.812669e-02	5.949734e+00
1.263710e+02	1.196870e+01	8.748984e-02	6.433006e+00
1.453266e+02	1.252513e+01	7.879089e-02	7.000342e+00
1.671256e+02	1.311308e+01	7.073558e-02	7.664591e+00
1.921945e+02	1.372897e+01	6.225316e-02	8.441813e+00
2.210236e+02	1.426933e+01	5.533740e-02	9.351715e+00
2.541772e+02	1.476658e+01	4.909818e-02	1.041906e+01
2.923037e+02	1.912433e+01	4.356040e-02	1.167175e+01
3.361493e+02	1.889998e+01	3.868158e-02	1.315214e+01
3.865717e+02	1.855457e+01	3.442674e-02	1.490619e+01
4.445574e+02	1.809407e+01	3.074419e-02	1.698136e+01
5.112411e+02	1.754087e+01	2.720137e-02	1.944615e+01
5.879272e+02	1.692581e+01	2.406857e-02	2.238655e+01
6.761163e+02	1.628471e+01	2.147712e-02	2.590503e+01
7.775337e+02	1.558846e+01	1.933741e-02	3.012936e+01
8.941638e+02	1.490981e+01	1.700935e-02	3.523546e+01
1.028288e+03	1.422467e+01	1.490232e-02	4.144676e+01
1.182532e+03	1.361823e+01	1.322967e-02	4.899617e+01
1.359911e+03	1.305906e+01	1.173111e-02	5.815091e+01
1.563898e+03	1.248568e+01	1.054228e-02	6.929850e+01
1.798483e+03	1.189763e+01	9.240327e-03	8.293916e+01
2.068255e+03	1.130505e+01	8.079933e-03	9.970884e+01
2.378493e+03	1.070836e+01	7.164451e-03	1.204106e+02
2.735268e+03	1.011280e+01	6.298630e-03	1.460610e+02
3.145558e+03	9.510400e+00	5.562268e-03	1.779829e+02
3.617391e+03	8.917438e+00	4.896664e-03	2.178816e+02
4.160000e+03	8.344935e+00	4.343169e-03	2.678716e+02
4.784000e+03	7.796061e+00	3.845295e-03	3.305695e+02
5.501600e+03	7.263426e+00	3.373960e-03	4.093824e+02
6.326840e+03	6.751037e+00	2.984832e-03	5.087215e+02
7.275866e+03	6.259521e+00	2.667095e-03	6.341935e+02
8.367246e+03	5.791540e+00	2.368896e-03	7.929488e+02
9.622333e+03	5.348429e+00	2.056947e-03	9.940688e+02
