# Energy_MeV	dEdx_Elec_MeV_um	dEdx_Nucl_MeV_um	Range_um
1.000000e-05	4.896454e-03	2.592234e-02	4.084588e-03
1.150000e-05	5.250862e-03	2.721571e-02	4.380233e-03
1.322500e-05	5.630923e-03	2.984338e-02	4.697276e-03
1.520875e-05	6.038492e-03	3.315914e-02	5.037268e-03
1.749006e-05	6.475561e-03	3.673975e-02	5.401868e-03
2.011357e-05	6.944266e-03	4.077465e-02	5.792858e-03
2.313061e-05	7.446895e-03	4.530427e-02	6.212148e-03
2.660020e-05	7.985905e-03	5.019747e-02	6.661787e-03
3.059023e-05	8.563929e-03	5.564380e-02	7.143970e-03
3.517876e-05	9.183791e-03	6.159932e-02	7.661055e-03
4.045558e-05	9.848519e-03	6.818075e-02	8.215566e-03
4.652391e-05	1.056136e-02	7.534550e-02	8.810213e-03
5.350250e-05	1.132580e-02	8.319061e-02	9.447901e-03
6.152788e-05	1.214556e-02	9.193811e-02	1.013174e-02
7.075706e-05	1.302467e-02	1.014707e-01	1.086509e-02
8.137062e-05	1.396740e-02	1.117147e-01	1.165151e-02
9.357621e-05	1.497837e-02	1.227710e-01	1.249485e-02
1.076126e-04	1.606251e-02	1.354858e-01	1.339923e-02
1.237545e-04	1.722512e-02	1.491018e-01	1.436908e-02
1.423177e-04	1.847188e-02	1.638908e-01	1.540912e-02
1.636654e-04	1.980889e-02	1.797478e-01	1.652444e-02
1.882152e-04	2.124267e-02	1.967265e-01	1.772048e-02
2.164475e-04	2.278022e-02	2.162519e-01	1.900310e-02
2.489146e-04	2.442907e-02	2.368640e-01	2.037856e-02
2.862518e-04	2.619726e-02	2.592191e-01	2.185357e-02
3.291895e-04	2.809343e-02	2.833988e-01	2.343534e-02
3.785680e-04	3.012684e-02	3.093796e-01	2.513160e-02
4.353531e-04	3.230744e-02	3.375566e-01	2.695064e-02
5.006561e-04	3.464587e-02	3.670470e-01	2.890134e-02
5.757545e-04	3.715356e-02	3.995619e-01	3.099324e-02
6.621177e-04	3.984275e-02	4.342405e-01	3.323655e-02
7.614354e-04	4.272659e-02	4.708064e-01	3.564222e-02
8.756507e-04	4.581916e-02	5.085487e-01	3.822203e-02
1.006998e-03	4.913558e-02	5.504486e-01	4.098856e-02
1.158048e-03	5.269204e-02	5.964406e-01	4.395533e-02
1.331755e-03	5.650592e-02	6.432062e-01	4.713684e-02
1.531519e-03	6.059584e-02	6.930454e-01	5.054863e-02
1.761246e-03	6.498180e-02	7.429921e-01	5.420737e-02
2.025433e-03	6.968522e-02	7.980855e-01	5.813093e-02
2.329248e-03	7.472907e-02	8.578062e-01	6.233847e-02
2.678635e-03	8.013800e-02	9.172420e-01	6.685057e-02
3.080431e-03	8.593844e-02	9.806125e-01	7.168924e-02
3.542495e-03	9.215871e-02	1.045473e+00	7.687815e-02
4.073870e-03	9.882920e-02	1.112549e+00	8.244263e-02
4.684950e-03	1.059825e-01	1.179424e+00	8.840987e-02
5.387693e-03	1.136536e-01	1.247450e+00	9.480903e-02
6.195847e-03	1.218799e-01	1.319587e+00	1.016714e-01
7.125224e-03	1.307016e-01	1.391350e+00	1.090304e-01
8.194007e-03	1.401619e-01	1.459511e+00	1.169221e-01
9.423108e-03	1.503069e-01	1.525793e+00	1.253849e-01
1.083657e-02	1.611862e-01	1.602016e+00	1.344604e-01
1.246206e-02	1.728529e-01	1.672262e+00	1.441927e-01
1.433137e-02	1.853641e-01	1.740786e+00	1.546294e-01
1.648108e-02	1.987808e-01	1.803827e+00	1.658018e-01
1.895324e-02	2.131687e-01	1.862228e+00	1.777961e-01
2.179622e-02	2.285979e-01	1.929390e+00	1.907014e-01
2.506566e-02	2.451440e-01	1.987113e+00	2.045011e-01
2.882550e-02	2.628876e-01	2.041937e+00	2.193039e-01
3.314933e-02	2.819156e-01	2.092673e+00	2.351768e-01
3.812173e-02	3.023208e-01	2.138858e+00	2.521987e-01
4.383999e-02	3.242029e-01	2.181588e+00	2.704527e-01
5.041599e-02	3.476689e-01	2.217110e+00	2.900278e-01
5.797838e-02	3.728334e-01	2.252224e+00	3.110197e-01
6.667514e-02	3.998192e-01	2.281909e+00	3.335312e-01
7.667641e-02	4.287584e-01	2.305925e+00	3.576721e-01
8.817787e-02	4.597921e-01	2.323162e+00	3.835602e-01
1.014046e-01	4.930721e-01	2.339755e+00	4.113221e-01
1.166152e-01	5.287609e-01	2.354576e+00	4.410934e-01
1.341075e-01	5.670329e-01	2.361013e+00	4.730197e-01
1.542237e-01	6.080751e-01	2.363241e+00	5.072569e-01
1.773572e-01	6.520879e-01	2.358135e+00	5.439720e-01
2.039608e-01	6.992864e-01	2.350117e+00	5.833445e-01
2.345549e-01	7.499011e-01	2.338207e+00	6.255669e-01
2.697381e-01	8.041793e-01	2.318367e+00	6.708456e-01
3.101989e-01	8.623862e-01	2.293337e+00	7.194015e-01
3.567287e-01	9.248062e-01	2.262040e+00	7.714717e-01
4.102380e-01	9.917442e-01	2.224962e+00	8.273106e-01
4.717737e-01	1.063527e+00	2.182095e+00	8.871916e-01
5.425397e-01	1.140506e+00	2.133308e+00	9.514069e-01
6.239207e-01	1.223056e+00	2.078635e+00	1.020270e+00
7.175088e-01	1.311582e+00	2.018950e+00	1.094117e+00
8.251351e-01	1.406515e+00	1.956969e+00	1.173309e+00
9.489054e-01	1.508319e+00	1.890829e+00	1.258234e+00
1.091241e+00	1.617492e+00	1.814856e+00	1.349306e+00
1.254927e+00	1.734567e+00	1.739789e+00	1.446966e+00
1.443166e+00	1.860116e+00	1.660665e+00	1.551707e+00
1.659641e+00	1.993954e+00	1.584564e+00	1.663996e+00
1.908588e+00	2.118707e+00	1.507908e+00	1.785011e+00
2.194876e+00	2.249947e+00	1.420514e+00	1.916072e+00
2.524107e+00	2.387542e+00	1.339475e+00	2.058029e+00
2.902723e+00	2.531167e+00	1.257126e+00	2.211948e+00
3.338132e+00	2.680237e+00	1.177913e+00	2.379008e+00
3.838852e+00	2.833818e+00	1.100324e+00	2.560575e+00
4.414679e+00	1.507761e+00	1.024419e+00	2.758243e+00
5.076881e+00	1.608095e+00	9.548718e-01	2.973900e+00
5.838413e+00	1.757048e+00	8.826828e-01	3.209813e+00
6.714175e+00	1.929006e+00	8.153455e-01	3.468745e+00
7.721302e+00	2.114280e+00	7.530010e-01	3.754110e+00
8.879497e+00	2.315212e+00	6.984727e-01	4.070186e+00
1.021142e+01	2.537485e+00	6.404472e-01	4.422396e+00
1.174313e+01	2.770565e+00	5.851285e-01	4.817690e+00
1.350460e+01	3.027702e+00	5.470960e-01	5.265027e+00
1.553030e+01	3.299565e+00	5.083507e-01	5.776019e+00
1.785984e+01	3.574790e+00	4.637936e-01	6.365750e+00
2.053882e+01	3.870021e+00	4.125530e-01	6.646611e+00
2.361964e+01	4.193774e+00	3.638528e-01	6.251382e+00
2.716258e+01	4.545728e+00	3.290476e-01	5.943755e+00
3.123697e+01	4.911613e+00	2.961241e-01	5.716693e+00
3.592252e+01	5.303412e+00	2.667538e-01	5.564936e+00
4.131089e+01	5.739654e+00	2.400608e-01	5.484640e+00
4.750753e+01	6.213656e+00	2.167575e-01	5.473108e+00
5.463366e+01	6.745798e+00	1.957295e-01	5.528497e+00
6.282871e+01	7.338364e+00	1.749133e-01	5.650070e+00
7.225301e+01	7.950431e+00	1.565843e-01	5.837946e+00
8.309096e+01	8.616163e+00	1.417472e-01	6.093339e+00
9.555461e+01	9.259365e+00	1.283656e-01	6.418828e+00
1.098878e+02	9.929132e+00	1.132195e-01	6.818658e+00
1.263710e+02	1.061653e+01	1.010243e-01	7.299074e+00
1.453266e+02	1.125317e+01	8.987800e-02	7.868683e+00
1.671256e+02	1.190360e+01	8.095705e-02	8.538850e+00
1.921945e+02	1.242046e+01	7.300297e-02	9.324068e+00
2.210236e+02	1.297594e+01	6.410301e-02	1.024272e+01
2.541772e+02	1.357813e+01	5.700878e-02	1.131757e+01
2.923037e+02	1.402228e+01	5.054822e-02	1.257659e+01
3.361493e+02	1.880811e+01	4.492670e-02	1.405425e+01
3.865717e+02	1.845436e+01	3.990708e-02	1.579140e+01
4.445574e+02	1.819861e+01	3.542211e-02	1.784967e+01
5.112411e+02	1.780200e+01	3.169157e-02	2.028710e+01
5.879272e+02	1.731461e+01	2.801991e-02	2.317603e+01
6.761163e+02	1.674163e+01	2.483843e-02	2.661424e+01
7.775337e+02	1.612241e+01	2.211516e-02	3.072377e+01
8.941638e+02	1.547529e+01	1.992480e-02	3.564935e+01
1.028288e+03	1.479811e+01	1.762600e-02	4.157789e+01
1.182532e+03	1.413090e+01	1.539639e-02	4.876707e+01
1.359911e+03	1.346019e+01	1.367577e-02	5.752560e+01
1.563898e+03	1.290038e+01	1.209084e-02	6.816909e+01
1.798483e+03	1.235193e+01	1.086771e-02	8.109954e+01
2.068255e+03	1.178700e+01	9.582121e-03	9.688465e+01
2.378493e+03	1.121168e+01	8.352554e-03	1.162467e+02
2.735268e+03	1.063175e+01	7.410123e-03	1.401056e+02
3.145558e+03	1.005154e+01	6.508833e-03	1.696210e+02
3.617391e+03	9.471492e+00	5.735188e-03	2.062717e+02
4.160000e+03	8.888922e+00	5.058635e-03	2.519919e+02
4.784000e+03	8.316815e+00	4.483365e-03	3.092452e+02
5.501600e+03	7.773199e+00	3.979508e-03	3.810702e+02
6.326840e+03	7.248242e+00	3.488375e-03	4.712771e+02
7.275866e+03	6.740870e+00	3.069789e-03	5.848673e+02
8.367246e+03	6.253880e+00	2.744474e-03	7.282473e+02
9.622333e+03	5.788364e+00	2.450022e-03	9.095841e+02
