# Energy_MeV	dEdx_Elec_MeV_um	dEdx_Nucl_MeV_um	Range_um
1.000000e-05	4.458342e-03	2.840156e-02	4.485972e-03
1.150000e-05	4.781039e-03	3.149451e-02	4.810669e-03
1.322500e-05	5.127094e-03	3.490841e-02	5.158868e-03
1.520875e-05	5.498195e-03	3.865759e-02	5.532270e-03
1.749006e-05	5.896158e-03	4.276721e-02	5.932698e-03
2.011357e-05	6.322925e-03	4.730759e-02	6.362110e-03
2.313061e-05	6.780581e-03	5.224503e-02	6.822603e-03
2.660020e-05	7.271363e-03	5.773227e-02	7.316427e-03
3.059023e-05	7.797669e-03	6.374045e-02	7.845994e-03
3.517876e-05	8.362068e-03	7.019814e-02	8.413891e-03
4.045558e-05	8.967319e-03	7.719168e-02	9.022893e-03
4.652391e-05	9.616378e-03	8.506981e-02	9.675974e-03
5.350250e-05	1.031242e-02	9.371720e-02	1.037633e-02
6.152788e-05	1.105883e-02	1.030389e-01	1.112737e-02
7.075706e-05	1.185928e-02	1.130966e-01	1.193278e-02
8.137062e-05	1.271766e-02	1.238579e-01	1.279648e-02
9.357621e-05	1.363817e-02	1.359559e-01	1.372269e-02
1.076126e-04	1.462531e-02	1.491211e-01	1.471595e-02
1.237545e-04	1.568390e-02	1.632067e-01	1.578110e-02
1.423177e-04	1.681911e-02	1.785058e-01	1.692334e-02
1.636654e-04	1.803648e-02	1.950847e-01	1.814826e-02
1.882152e-04	1.934197e-02	2.128673e-01	1.946184e-02
2.164475e-04	2.074195e-02	2.316329e-01	2.087050e-02
2.489146e-04	2.224327e-02	2.520078e-01	2.238112e-02
2.862518e-04	2.385325e-02	2.740702e-01	2.400107e-02
3.291895e-04	2.557976e-02	2.976576e-01	2.573828e-02
3.785680e-04	2.743123e-02	3.218675e-01	2.760123e-02
4.353531e-04	2.941672e-02	3.478288e-01	2.959903e-02
5.006561e-04	3.154592e-02	3.771065e-01	3.174142e-02
5.757545e-04	3.382923e-02	4.072691e-01	3.403888e-02
6.621177e-04	3.627781e-02	4.390911e-01	3.650263e-02
7.614354e-04	3.890361e-02	4.714554e-01	3.914471e-02
8.756507e-04	4.171948e-02	5.055914e-01	4.197803e-02
1.006998e-03	4.473915e-02	5.437712e-01	4.501642e-02
1.158048e-03	4.797740e-02	5.823970e-01	4.827473e-02
1.331755e-03	5.145003e-02	6.226841e-01	5.176888e-02
1.531519e-03	2.760091e-02	6.644212e-01	5.551594e-02
1.761246e-03	2.961699e-02	7.070119e-01	5.953422e-02
2.025433e-03	3.177899e-02	7.508422e-01	6.384333e-02
2.329248e-03	3.409747e-02	7.947287e-01	6.846435e-02
2.678635e-03	3.658375e-02	8.408510e-01	7.341983e-02
3.080431e-03	3.924998e-02	8.874897e-01	7.873400e-02
3.542495e-03	4.210918e-02	9.320644e-01	8.443281e-02
4.073870e-03	4.517533e-02	9.754383e-01	9.054410e-02
4.684950e-03	4.846340e-02	1.022667e+00	9.709773e-02
5.387693e-03	5.198945e-02	1.069930e+00	1.041257e-01
6.195847e-03	5.577072e-02	1.114491e+00	1.116624e-01
7.125224e-03	5.982567e-02	1.156840e+00	1.197446e-01
8.194007e-03	6.417411e-02	1.195615e+00	1.284117e-01
9.423108e-03	6.883729e-02	1.237228e+00	1.377063e-01
1.083657e-02	7.383799e-02	1.277254e+00	1.476735e-01
1.246206e-02	7.920064e-02	1.313080e+00	1.583416e-01
1.433137e-02	8.495144e-02	1.347139e+00	1.698300e-01
1.648108e-02	9.111848e-02	1.378681e+00	1.821193e-01
1.895324e-02	9.773189e-02	1.407284e+00	1.953030e-01
2.179622e-02	1.048240e-01	1.431501e+00	2.094383e-01
2.506566e-02	1.124294e-01	1.454047e+00	2.245972e-01
2.882550e-02	1.205853e-01	1.474759e+00	2.408534e-01
3.314933e-02	1.293315e-01	1.492100e+00	2.582863e-01
3.812173e-02	1.387108e-01	1.504779e+00	2.769809e-01
4.383999e-02	1.487689e-01	1.515060e+00	2.970285e-01
5.041599e-02	1.595551e-01	1.525593e+00	3.185272e-01
5.797838e-02	1.711220e-01	1.531648e+00	3.415822e-01
6.667514e-02	1.835260e-01	1.534006e+00	3.663058e-01
7.667641e-02	1.968279e-01	1.532327e+00	3.928188e-01
8.817787e-02	2.110926e-01	1.527358e+00	4.212509e-01
1.014046e-01	2.263898e-01	1.520760e+00	4.517409e-01
1.166152e-01	2.427942e-01	1.509670e+00	4.844380e-01
1.341075e-01	2.603859e-01	1.494481e+00	5.195016e-01
1.542237e-01	2.792510e-01	1.475578e+00	5.571030e-01
1.773572e-01	2.994815e-01	1.452699e+00	5.974259e-01
2.039608e-01	3.211763e-01	1.426163e+00	6.406677e-01
2.345549e-01	3.444413e-01	1.395834e+00	6.870394e-01
2.697381e-01	3.693904e-01	1.361553e+00	7.367674e-01
3.101989e-01	3.961452e-01	1.323948e+00	7.900945e-01
3.567287e-01	4.248366e-01	1.284294e+00	8.472815e-01
4.102380e-01	4.556046e-01	1.242378e+00	9.086081e-01
4.717737e-01	4.885997e-01	1.195250e+00	9.743735e-01
5.425397e-01	5.239830e-01	1.146057e+00	1.044899e+00
6.239207e-01	5.619273e-01	1.095910e+00	1.120528e+00
7.175088e-01	6.026181e-01	1.045572e+00	1.201633e+00
8.251351e-01	6.462540e-01	9.961914e-01	1.288606e+00
9.489054e-01	6.930484e-01	9.415708e-01	1.381884e+00
1.091241e+00	7.432298e-01	8.871430e-01	1.481873e+00
1.254927e+00	7.970450e-01	8.346892e-01	1.589399e+00
1.443166e+00	8.547560e-01	7.822381e-01	1.705783e+00
1.659641e+00	9.166441e-01	7.310377e-01	1.831820e+00
1.908588e+00	9.830117e-01	6.810133e-01	1.968444e+00
2.194876e+00	1.054183e+00	6.349095e-01	2.116680e+00
2.524107e+00	1.130506e+00	5.891590e-01	2.277720e+00
2.902723e+00	1.209042e+00	5.440306e-01	2.452948e+00
3.338132e+00	1.286111e+00	5.019387e-01	2.643995e+00
3.838852e+00	1.392335e+00	4.648271e-01	2.852811e+00
4.414679e+00	1.527097e+00	4.288743e-01	3.081761e+00
5.076881e+00	1.668294e+00	3.913488e-01	3.333760e+00
5.838413e+00	1.824376e+00	3.627673e-01	3.612446e+00
6.714175e+00	1.990292e+00	3.387606e-01	3.922412e+00
7.721302e+00	2.167277e+00	3.111529e-01	4.269528e+00
8.879497e+00	2.362829e+00	2.794040e-01	4.408703e+00
1.021142e+01	2.561269e+00	2.465404e-01	4.267962e+00
1.174313e+01	2.778452e+00	2.207973e-01	4.148384e+00
1.350460e+01	3.007472e+00	1.993184e-01	4.052542e+00
1.553030e+01	3.266175e+00	1.794591e-01	3.983147e+00
1.785984e+01	3.560130e+00	1.618019e-01	3.943077e+00
2.053882e+01	3.875210e+00	1.458401e-01	3.935314e+00
2.361964e+01	4.224910e+00	1.316681e-01	3.963125e+00
2.716258e+01	4.608406e+00	1.180584e-01	4.029927e+00
3.123697e+01	4.993968e+00	1.055987e-01	4.139256e+00
3.592252e+01	5.411147e+00	9.527817e-02	4.294816e+00
4.131089e+01	5.825392e+00	8.635634e-02	4.500546e+00
4.750753e+01	6.249392e+00	7.682136e-02	4.760762e+00
5.463366e+01	6.675815e+00	6.813565e-02	5.080406e+00
6.282871e+01	7.066230e+00	6.086560e-02	5.465378e+00
7.225301e+01	7.473517e+00	5.448738e-02	5.922903e+00
8.309096e+01	7.846907e+00	4.918968e-02	6.462124e+00
9.555461e+01	8.204768e+00	4.352206e-02	7.094512e+00
1.098878e+02	8.550015e+00	3.845168e-02	7.834496e+00
1.263710e+02	8.776392e+00	3.425061e-02	8.700137e+00
1.453266e+02	9.003594e+00	3.037533e-02	9.713899e+00
1.671256e+02	9.230200e+00	2.697737e-02	1.090371e+01
1.921945e+02	9.394640e+00	2.389578e-02	1.230392e+01
2.210236e+02	9.513298e+00	2.134566e-02	1.395770e+01
2.541772e+02	1.185815e+01	1.899164e-02	1.591512e+01
2.923037e+02	1.150912e+01	1.679609e-02	1.824933e+01
3.361493e+02	1.111702e+01	1.492711e-02	2.104298e+01
3.865717e+02	1.068278e+01	1.338647e-02	2.438609e+01
4.445574e+02	1.021580e+01	1.196213e-02	2.840474e+01
5.112411e+02	9.731828e+00	1.047372e-02	3.325885e+01
5.879272e+02	9.248099e+00	9.241217e-03	3.914306e+01
6.761163e+02	8.750676e+00	8.183005e-03	4.630290e+01
7.775337e+02	8.262958e+00	7.307715e-03	5.507429e+01
8.941638e+02	7.782290e+00	6.511162e-03	6.588917e+01
1.028288e+03	7.353747e+00	5.689621e-03	7.922105e+01
1.182532e+03	6.954026e+00	5.012182e-03	9.562804e+01
1.359911e+03	6.554775e+00	4.420393e-03	1.159014e+02
1.563898e+03	6.156625e+00	3.889299e-03	1.410692e+02
1.798483e+03	5.764401e+00	3.433745e-03	1.724517e+02
2.068255e+03	5.379674e+00	3.038166e-03	2.117345e+02
2.378493e+03	5.005819e+00	2.694545e-03	2.610719e+02
2.735268e+03	4.636426e+00	2.371853e-03	3.232816e+02
3.145558e+03	4.279599e+00	2.083111e-03	4.020183e+02
3.617391e+03	3.944696e+00	1.851859e-03	5.018646e+02
4.160000e+03	3.631963e+00	1.657062e-03	6.285414e+02
4.784000e+03	3.335780e+00	1.447253e-03	7.895009e+02
5.501600e+03	3.056559e+00	1.262317e-03	9.943998e+02
6.326840e+03	2.794137e+00	1.112272e-03	1.255542e+03
7.275866e+03	2.550671e+00	9.826567e-04	1.588628e+03
8.367246e+03	2.326602e+00	8.774953e-04	2.013599e+03
9.622333e+03	2.120154e+00	7.636427e-04	2.555693e+03
