# Energy_MeV	dEdx_Elec_MeV_um	dEdx_Nucl_MeV_um	Range_um
1.000000e-05	5.114398e-03	3.157797e-02	3.910528e-03
1.150000e-05	5.484581e-03	3.497705e-02	4.193575e-03
1.322500e-05	5.881558e-03	3.868774e-02	4.497108e-03
1.520875e-05	6.307268e-03	4.280244e-02	4.822611e-03
1.749006e-05	6.763792e-03	4.728281e-02	5.171674e-03
2.011357e-05	7.253359e-03	5.223484e-02	5.546002e-03
2.313061e-05	7.778361e-03	5.768950e-02	5.947425e-03
2.660020e-05	8.341362e-03	6.351446e-02	6.377903e-03
3.059023e-05	8.945115e-03	6.987831e-02	6.839539e-03
3.517876e-05	9.592567e-03	7.698632e-02	7.334588e-03
4.045558e-05	1.028688e-02	8.478506e-02	7.865469e-03
4.652391e-05	1.103145e-02	9.327529e-02	8.434776e-03
5.350250e-05	1.182991e-02	1.023465e-01	9.045290e-03
6.152788e-05	1.268617e-02	1.121573e-01	9.699993e-03
7.075706e-05	1.360440e-02	1.230727e-01	1.040208e-02
8.137062e-05	1.458910e-02	1.349445e-01	1.115499e-02
9.357621e-05	1.564506e-02	1.477897e-01	1.196240e-02
1.076126e-04	1.677746e-02	1.615884e-01	1.282824e-02
1.237545e-04	1.799182e-02	1.766774e-01	1.375676e-02
1.423177e-04	1.929408e-02	1.927609e-01	1.475248e-02
1.636654e-04	2.069059e-02	2.097509e-01	1.582027e-02
1.882152e-04	2.218819e-02	2.282921e-01	1.696535e-02
2.164475e-04	2.379418e-02	2.481884e-01	1.819331e-02
2.489146e-04	2.551642e-02	2.696900e-01	1.951015e-02
2.862518e-04	2.736331e-02	2.917060e-01	2.092230e-02
3.291895e-04	2.934388e-02	3.152289e-01	2.243667e-02
3.785680e-04	3.146781e-02	3.416568e-01	2.406065e-02
4.353531e-04	3.374546e-02	3.692660e-01	2.580217e-02
5.006561e-04	3.618798e-02	3.979962e-01	2.766975e-02
5.757545e-04	3.880728e-02	4.276188e-01	2.967250e-02
6.621177e-04	4.161617e-02	4.584654e-01	3.182021e-02
7.614354e-04	4.462838e-02	4.929277e-01	3.412337e-02
8.756507e-04	4.785860e-02	5.283792e-01	3.659324e-02
1.006998e-03	5.132263e-02	5.647454e-01	3.924188e-02
1.158048e-03	5.503739e-02	6.029177e-01	4.208223e-02
1.331755e-03	5.902103e-02	6.413310e-01	4.512816e-02
1.531519e-03	6.329300e-02	6.813767e-01	4.839456e-02
1.761246e-03	6.787418e-02	7.215559e-01	5.189739e-02
2.025433e-03	7.278695e-02	7.631894e-01	5.565375e-02
2.329248e-03	7.805531e-02	8.059948e-01	5.968199e-02
2.678635e-03	4.186315e-02	8.461776e-01	6.400181e-02
3.080431e-03	4.491727e-02	8.863084e-01	6.863429e-02
3.542495e-03	4.819244e-02	9.289202e-01	7.360208e-02
4.073870e-03	5.170465e-02	9.715010e-01	7.892944e-02
4.684950e-03	5.547106e-02	1.012977e+00	8.464239e-02
5.387693e-03	5.951009e-02	1.051135e+00	9.076885e-02
6.195847e-03	6.384144e-02	1.087389e+00	9.733875e-02
7.125224e-03	6.848630e-02	1.124934e+00	1.043842e-01
8.194007e-03	7.346735e-02	1.160973e+00	1.119396e-01
9.423108e-03	7.880891e-02	1.194638e+00	1.200278e-01
1.083657e-02	8.453710e-02	1.225324e+00	1.287351e-01
1.246206e-02	9.067989e-02	1.254737e+00	1.380504e-01
1.433137e-02	9.726729e-02	1.280987e+00	1.480434e-01
1.648108e-02	1.043315e-01	1.302988e+00	1.587585e-01
1.895324e-02	1.119070e-01	1.324035e+00	1.702493e-01
2.179622e-02	1.200308e-01	1.342682e+00	1.825719e-01
2.506566e-02	1.287426e-01	1.359108e+00	1.957863e-01
2.882550e-02	1.380850e-01	1.371184e+00	2.099571e-01
3.314933e-02	1.481036e-01	1.380487e+00	2.251537e-01
3.812173e-02	1.588473e-01	1.390006e+00	2.414502e-01
4.383999e-02	1.703687e-01	1.396161e+00	2.589263e-01
5.041599e-02	1.827239e-01	1.398305e+00	2.776673e-01
5.797838e-02	1.959735e-01	1.397283e+00	2.977646e-01
6.667514e-02	2.101820e-01	1.392800e+00	3.193168e-01
7.667641e-02	2.254190e-01	1.386853e+00	3.424290e-01
8.817787e-02	2.417589e-01	1.377252e+00	3.672139e-01
1.014046e-01	2.592814e-01	1.363552e+00	3.937928e-01
1.166152e-01	2.780722e-01	1.346660e+00	4.222954e-01
1.341075e-01	2.982231e-01	1.326016e+00	4.528612e-01
1.542237e-01	3.198325e-01	1.302113e+00	4.856394e-01
1.773572e-01	3.430061e-01	1.274714e+00	5.207900e-01
2.039608e-01	3.678569e-01	1.243780e+00	5.584846e-01
2.345549e-01	3.945065e-01	1.209643e+00	5.989078e-01
2.697381e-01	4.230849e-01	1.173885e+00	6.422570e-01
3.101989e-01	4.537319e-01	1.135594e+00	6.887437e-01
3.567287e-01	4.865972e-01	1.093073e+00	7.385950e-01
4.102380e-01	5.218412e-01	1.048736e+00	7.920545e-01
4.717737e-01	5.596362e-01	1.002646e+00	8.493836e-01
5.425397e-01	6.001668e-01	9.572807e-01	9.108628e-01
6.239207e-01	6.436311e-01	9.116246e-01	9.767894e-01
7.175088e-01	6.902413e-01	8.623434e-01	1.047497e+00
8.251351e-01	7.402252e-01	8.133202e-01	1.123293e+00
9.489054e-01	7.938299e-01	7.646432e-01	1.204931e+00
1.091241e+00	8.513146e-01	7.173774e-01	1.293338e+00
1.254927e+00	9.129600e-01	6.700753e-01	1.389088e+00
1.443166e+00	9.790673e-01	6.241525e-01	1.492900e+00
1.659641e+00	1.049960e+00	5.826222e-01	1.605564e+00
1.908588e+00	1.125983e+00	5.403645e-01	1.727997e+00
2.194876e+00	1.202066e+00	4.997122e-01	1.861268e+00
2.524107e+00	1.280955e+00	4.606168e-01	2.006641e+00
2.902723e+00	1.395302e+00	4.260252e-01	2.165630e+00
3.338132e+00	1.530490e+00	3.935869e-01	2.340083e+00
3.838852e+00	1.673998e+00	3.597041e-01	2.532278e+00
4.414679e+00	1.829599e+00	3.322305e-01	2.745065e+00
5.076881e+00	1.999105e+00	3.105705e-01	2.982057e+00
5.838413e+00	2.175730e+00	2.856616e-01	3.247879e+00
6.714175e+00	2.370465e+00	2.570163e-01	3.197424e+00
7.721302e+00	2.574127e+00	2.273527e-01	3.104731e+00
8.879497e+00	2.791337e+00	2.027167e-01	3.027181e+00
1.021142e+01	3.027684e+00	1.833275e-01	2.966820e+00
1.174313e+01	3.293374e+00	1.648520e-01	2.925813e+00
1.350460e+01	3.591893e+00	1.489388e-01	2.906449e+00
1.553030e+01	3.917264e+00	1.341228e-01	2.911066e+00
1.785984e+01	4.270306e+00	1.209492e-01	2.942317e+00
2.053882e+01	4.663191e+00	1.086656e-01	3.002866e+00
2.361964e+01	5.039744e+00	9.705236e-02	3.095502e+00
2.716258e+01	5.447260e+00	8.775956e-02	3.223149e+00
3.123697e+01	5.864842e+00	7.932699e-02	3.388925e+00
3.592252e+01	6.268291e+00	7.072409e-02	3.596270e+00
4.131089e+01	6.690562e+00	6.291054e-02	3.849141e+00
4.750753e+01	7.060590e+00	5.598802e-02	4.152271e+00
5.463366e+01	7.443092e+00	5.024806e-02	4.511499e+00
6.282871e+01	7.812749e+00	4.520052e-02	4.934170e+00
7.225301e+01	8.138538e+00	4.008693e-02	5.429495e+00
8.309096e+01	8.459587e+00	3.552748e-02	6.009040e+00
9.555461e+01	8.658598e+00	3.151686e-02	6.687252e+00
1.098878e+02	8.868559e+00	2.802805e-02	7.482103e+00
1.263710e+02	9.085671e+00	2.483480e-02	8.415903e+00
1.453266e+02	9.207920e+00	2.197924e-02	9.516128e+00
1.671256e+02	1.186692e+01	1.968434e-02	1.081704e+01
1.921945e+02	1.143450e+01	1.748135e-02	1.235930e+01
2.210236e+02	1.108985e+01	1.550528e-02	1.420270e+01
2.541772e+02	1.068895e+01	1.374488e-02	1.640936e+01
2.923037e+02	1.025525e+01	1.229345e-02	1.905428e+01
3.361493e+02	9.789877e+00	1.100834e-02	2.223910e+01
3.865717e+02	9.313627e+00	9.665013e-03	2.609241e+01
4.445574e+02	8.836921e+00	8.496810e-03	3.077010e+01
5.112411e+02	8.352597e+00	7.541392e-03	3.647290e+01
5.879272e+02	7.877152e+00	6.712224e-03	4.347633e+01
6.761163e+02	7.409480e+00	5.993537e-03	5.212303e+01
7.775337e+02	7.004764e+00	5.252271e-03	6.278321e+01
8.941638e+02	6.615849e+00	4.609365e-03	7.591987e+01
1.028288e+03	6.226464e+00	4.075249e-03	9.218192e+01
1.182532e+03	5.839596e+00	3.578630e-03	1.124047e+02
1.359911e+03	5.458921e+00	3.168221e-03	1.376624e+02
1.563898e+03	5.087188e+00	2.799247e-03	1.693243e+02
1.798483e+03	4.725420e+00	2.478526e-03	2.091479e+02
2.068255e+03	4.369633e+00	2.187340e-03	2.594394e+02
2.378493e+03	4.027875e+00	1.917109e-03	3.231681e+02
2.735268e+03	3.709840e+00	1.708993e-03	4.040405e+02
3.145558e+03	3.411302e+00	1.523865e-03	5.067179e+02
3.617391e+03	3.129379e+00	1.334565e-03	6.373051e+02
4.160000e+03	2.863995e+00	1.168307e-03	8.036563e+02
4.784000e+03	2.615271e+00	1.024445e-03	1.015792e+03
5.501600e+03	2.385539e+00	9.078645e-04	1.286482e+03
6.326840e+03	2.174361e+00	8.071332e-04	1.631930e+03
7.275866e+03	1.980088e+00	7.044101e-04	2.072630e+03
8.367246e+03	1.803122e+00	6.155391e-04	2.634403e+03
9.622333e+03	1.643586e+00	5.387336e-04	3.349587e+03
