# Energy_MeV	dEdx_Elec_MeV_um	dEdx_Nucl_MeV_um	Range_um
1.000000e-05	4.959419e-03	2.812046e-02	4.032730e-03
1.150000e-05	5.318384e-03	3.120810e-02	4.324622e-03
1.322500e-05	5.703332e-03	3.466073e-02	4.637640e-03
1.520875e-05	6.116142e-03	3.842084e-02	4.973315e-03
1.749006e-05	6.558832e-03	4.257559e-02	5.333286e-03
2.011357e-05	7.033563e-03	4.714794e-02	5.719312e-03
2.313061e-05	7.542656e-03	5.217201e-02	6.133279e-03
2.660020e-05	8.088598e-03	5.765148e-02	6.577209e-03
3.059023e-05	8.674055e-03	6.367463e-02	7.053271e-03
3.517876e-05	9.301888e-03	7.034598e-02	7.563790e-03
4.045558e-05	9.975163e-03	7.766667e-02	8.111261e-03
4.652391e-05	1.069717e-02	8.548441e-02	8.698359e-03
5.350250e-05	1.147144e-02	9.397159e-02	9.327950e-03
6.152788e-05	1.230175e-02	1.037014e-01	1.000311e-02
7.075706e-05	1.319215e-02	1.141284e-01	1.072714e-02
8.137062e-05	1.414701e-02	1.254454e-01	1.150358e-02
9.357621e-05	1.517098e-02	1.375724e-01	1.233621e-02
1.076126e-04	1.626906e-02	1.505821e-01	1.322912e-02
1.237545e-04	1.744662e-02	1.655108e-01	1.418665e-02
1.423177e-04	1.870942e-02	1.813096e-01	1.521348e-02
1.636654e-04	2.006362e-02	1.984165e-01	1.631464e-02
1.882152e-04	2.151583e-02	2.169316e-01	1.749551e-02
2.164475e-04	2.307316e-02	2.367432e-01	1.876184e-02
2.489146e-04	2.474321e-02	2.583148e-01	2.011983e-02
2.862518e-04	2.653413e-02	2.809680e-01	2.157612e-02
3.291895e-04	2.845469e-02	3.058495e-01	2.313781e-02
3.785680e-04	3.051425e-02	3.324064e-01	2.481253e-02
4.353531e-04	3.272289e-02	3.602084e-01	2.660848e-02
5.006561e-04	3.509139e-02	3.892979e-01	2.853441e-02
5.757545e-04	3.763132e-02	4.213611e-01	3.059975e-02
6.621177e-04	4.035510e-02	4.562913e-01	3.281458e-02
7.614354e-04	4.327602e-02	4.923828e-01	3.518971e-02
8.756507e-04	4.640836e-02	5.302101e-01	3.773676e-02
1.006998e-03	4.976743e-02	5.687910e-01	4.046817e-02
1.158048e-03	5.336962e-02	6.109503e-01	4.339728e-02
1.331755e-03	5.723254e-02	6.562457e-01	4.653839e-02
1.531519e-03	6.137506e-02	7.021942e-01	4.990687e-02
1.761246e-03	6.581742e-02	7.503436e-01	5.351915e-02
2.025433e-03	7.058132e-02	8.003740e-01	5.739290e-02
2.329248e-03	7.569003e-02	8.515463e-01	6.154703e-02
2.678635e-03	8.116852e-02	9.025302e-01	6.600183e-02
3.080431e-03	8.704354e-02	9.550401e-01	7.077908e-02
3.542495e-03	9.334380e-02	1.009754e+00	7.590211e-02
4.073870e-03	1.001001e-01	1.065231e+00	8.139594e-02
4.684950e-03	1.073454e-01	1.117392e+00	8.728742e-02
5.387693e-03	1.151151e-01	1.168207e+00	9.360533e-02
6.195847e-03	1.234472e-01	1.226311e+00	1.003805e-01
7.125224e-03	1.323823e-01	1.280411e+00	1.076461e-01
8.194007e-03	1.419642e-01	1.332848e+00	1.154376e-01
9.423108e-03	1.522397e-01	1.381210e+00	1.237931e-01
1.083657e-02	1.632589e-01	1.425901e+00	1.327533e-01
1.246206e-02	1.750756e-01	1.476579e+00	1.422947e-01
1.433137e-02	1.877477e-01	1.521593e+00	1.526576e-01
1.648108e-02	2.013370e-01	1.563529e+00	1.637199e-01
1.895324e-02	2.159099e-01	1.602459e+00	1.755705e-01
2.179622e-02	2.315375e-01	1.637381e+00	1.882776e-01
2.506566e-02	2.482964e-01	1.670186e+00	2.019051e-01
2.882550e-02	2.662682e-01	1.697815e+00	2.165188e-01
3.314933e-02	2.855408e-01	1.724401e+00	2.321902e-01
3.812173e-02	3.062084e-01	1.747472e+00	2.489960e-01
4.383999e-02	3.283719e-01	1.765410e+00	2.670183e-01
5.041599e-02	3.521397e-01	1.779109e+00	2.863448e-01
5.797838e-02	3.776277e-01	1.791806e+00	3.070703e-01
6.667514e-02	4.049606e-01	1.802682e+00	3.292959e-01
7.667641e-02	4.342719e-01	1.808145e+00	3.531303e-01
8.817787e-02	4.657047e-01	1.809519e+00	3.786898e-01
1.014046e-01	4.994127e-01	1.805993e+00	4.060992e-01
1.166152e-01	5.355604e-01	1.799857e+00	4.354925e-01
1.341075e-01	5.743245e-01	1.790469e+00	4.670135e-01
1.542237e-01	6.158945e-01	1.775602e+00	5.008160e-01
1.773572e-01	6.604732e-01	1.756338e+00	5.370650e-01
2.039608e-01	7.082786e-01	1.732516e+00	5.759376e-01
2.345549e-01	7.595442e-01	1.704146e+00	6.176240e-01
2.697381e-01	8.145204e-01	1.671366e+00	6.623278e-01
3.101989e-01	8.734758e-01	1.634006e+00	7.102672e-01
3.567287e-01	9.366985e-01	1.592310e+00	7.616763e-01
4.102380e-01	1.004497e+00	1.546474e+00	8.168064e-01
4.717737e-01	1.077203e+00	1.499000e+00	8.759271e-01
5.425397e-01	1.155172e+00	1.448387e+00	9.393271e-01
6.239207e-01	1.238784e+00	1.390704e+00	1.007316e+00
7.175088e-01	1.328448e+00	1.332726e+00	1.080225e+00
8.251351e-01	1.424601e+00	1.272291e+00	1.158412e+00
9.489054e-01	1.527715e+00	1.213838e+00	1.242261e+00
1.091241e+00	1.638292e+00	1.155179e+00	1.332161e+00
1.254927e+00	1.748808e+00	1.089031e+00	1.428689e+00
1.443166e+00	1.857750e+00	1.026162e+00	1.533053e+00
1.659641e+00	9.879430e-01	9.636409e-01	1.646077e+00
1.908588e+00	1.059475e+00	9.024275e-01	1.768565e+00
2.194876e+00	1.136185e+00	8.435787e-01	1.901428e+00
2.524107e+00	1.218447e+00	7.854201e-01	2.045720e+00
2.902723e+00	1.306643e+00	7.315766e-01	2.202657e+00
3.338132e+00	1.388850e+00	6.769186e-01	2.373670e+00
3.838852e+00	1.494854e+00	6.247049e-01	2.560466e+00
4.414679e+00	1.639173e+00	5.777381e-01	2.765103e+00
5.076881e+00	1.794820e+00	5.351561e-01	2.990110e+00
5.838413e+00	1.968110e+00	4.907531e-01	3.238635e+00
6.714175e+00	2.148472e+00	4.495660e-01	3.514642e+00
7.721302e+00	2.346894e+00	4.191470e-01	3.823182e+00
8.879497e+00	2.561359e+00	3.894978e-01	4.170745e+00
1.021142e+01	2.783568e+00	3.554013e-01	4.565728e+00
1.174313e+01	3.025869e+00	3.161903e-01	4.498135e+00
1.350460e+01	3.262948e+00	2.798855e-01	4.311709e+00
1.553030e+01	3.531163e+00	2.521474e-01	4.161676e+00
1.785984e+01	3.834277e+00	2.273308e-01	4.048781e+00
2.053882e+01	4.153682e+00	2.044215e-01	3.974046e+00
2.361964e+01	4.510372e+00	1.839557e-01	3.938756e+00
2.716258e+01	4.900864e+00	1.663890e-01	3.944372e+00
3.123697e+01	5.325265e+00	1.499933e-01	3.992661e+00
3.592252e+01	5.789730e+00	1.343171e-01	4.085593e+00
4.131089e+01	6.268862e+00	1.200714e-01	4.225339e+00
4.750753e+01	6.786560e+00	1.086105e-01	4.414411e+00
5.463366e+01	7.292734e+00	9.837041e-02	4.655842e+00
6.282871e+01	7.798402e+00	8.697643e-02	4.953445e+00
7.225301e+01	8.322097e+00	7.741405e-02	5.312139e+00
8.309096e+01	8.801558e+00	6.902782e-02	5.738310e+00
9.555461e+01	9.300486e+00	6.203270e-02	6.240165e+00
1.098878e+02	9.759802e+00	5.594599e-02	6.828279e+00
1.263710e+02	1.014303e+01	4.925530e-02	7.515960e+00
1.453266e+02	1.049782e+01	4.368626e-02	8.319865e+00
1.671256e+02	1.084791e+01	3.880993e-02	9.260680e+00
1.921945e+02	1.117806e+01	3.442893e-02	1.036390e+01
2.210236e+02	1.141331e+01	3.063814e-02	1.166139e+01
2.541772e+02	1.460178e+01	2.719132e-02	1.319015e+01
2.923037e+02	1.425661e+01	2.428596e-02	1.500168e+01
3.361493e+02	1.388188e+01	2.151574e-02	1.716096e+01
3.865717e+02	1.342599e+01	1.903494e-02	1.973063e+01
4.445574e+02	1.292871e+01	1.699239e-02	2.280073e+01
5.112411e+02	1.238877e+01	1.526861e-02	2.648566e+01
5.879272e+02	1.183689e+01	1.350949e-02	3.092550e+01
6.761163e+02	1.126918e+01	1.184173e-02	3.629218e+01
7.775337e+02	1.069752e+01	1.048100e-02	4.281824e+01
8.941638e+02	1.013447e+01	9.294902e-03	5.081196e+01
1.028288e+03	9.614782e+00	8.328181e-03	6.061711e+01
1.182532e+03	9.146794e+00	7.344409e-03	7.261116e+01
1.359911e+03	8.679181e+00	6.425290e-03	8.732749e+01
1.563898e+03	8.206801e+00	5.679160e-03	1.054724e+02
1.798483e+03	7.736268e+00	5.001357e-03	1.279477e+02
2.068255e+03	7.268813e+00	4.398934e-03	1.559039e+02
2.378493e+03	6.809754e+00	3.876820e-03	1.908021e+02
2.735268e+03	6.352483e+00	3.443996e-03	2.345377e+02
3.145558e+03	5.902547e+00	3.049976e-03	2.895843e+02
3.617391e+03	5.472488e+00	2.680808e-03	3.590534e+02
4.160000e+03	5.071042e+00	2.357881e-03	4.468013e+02
4.784000e+03	4.686053e+00	2.103033e-03	5.577977e+02
5.501600e+03	4.319143e+00	1.877709e-03	6.985365e+02
6.326840e+03	3.971479e+00	1.631180e-03	8.772841e+02
7.275866e+03	3.644893e+00	1.429363e-03	1.104603e+03
8.367246e+03	3.340746e+00	1.256840e-03	1.393926e+03
9.622333e+03	3.058029e+00	1.115597e-03	1.762277e+03
