# Energy_MeV	dEdx_Elec_MeV_um	dEdx_Nucl_MeV_um	Range_um
1.000000e-05	5.003401e-03	3.332102e-02	3.997281e-03
1.150000e-05	5.365550e-03	3.682704e-02	4.286606e-03
1.322500e-05	5.753911e-03	4.065792e-02	4.596873e-03
1.520875e-05	6.170382e-03	4.492328e-02	4.929597e-03
1.749006e-05	6.616998e-03	4.940367e-02	5.286404e-03
2.011357e-05	7.095940e-03	5.437180e-02	5.669037e-03
2.313061e-05	7.609548e-03	5.997270e-02	6.079365e-03
2.660020e-05	8.160331e-03	6.595738e-02	6.519392e-03
3.059023e-05	8.750980e-03	7.258087e-02	6.991269e-03
3.517876e-05	9.384380e-03	7.952346e-02	7.497301e-03
4.045558e-05	1.006363e-02	8.716785e-02	8.039960e-03
4.652391e-05	1.079204e-02	9.574135e-02	8.621896e-03
5.350250e-05	1.157317e-02	1.048497e-01	9.245954e-03
6.152788e-05	1.241084e-02	1.148588e-01	9.915181e-03
7.075706e-05	1.330915e-02	1.254797e-01	1.063285e-02
8.137062e-05	1.427247e-02	1.370378e-01	1.140246e-02
9.357621e-05	1.530552e-02	1.495919e-01	1.222777e-02
1.076126e-04	1.641334e-02	1.626767e-01	1.311283e-02
1.237545e-04	1.760135e-02	1.771360e-01	1.406194e-02
1.423177e-04	9.438931e-03	1.924200e-01	1.507975e-02
1.636654e-04	1.014636e-02	2.086140e-01	1.617123e-02
1.882152e-04	1.090493e-02	2.257711e-01	1.734171e-02
2.164475e-04	1.171836e-02	2.442281e-01	1.859692e-02
2.489146e-04	1.259062e-02	2.642226e-01	1.994297e-02
2.862518e-04	1.352597e-02	2.855979e-01	2.138645e-02
3.291895e-04	1.452898e-02	3.072450e-01	2.293442e-02
3.785680e-04	1.560455e-02	3.301650e-01	2.459442e-02
4.353531e-04	1.675793e-02	3.544338e-01	2.637458e-02
5.006561e-04	1.799477e-02	3.803305e-01	2.828358e-02
5.757545e-04	1.932109e-02	4.076937e-01	3.033077e-02
6.621177e-04	2.074339e-02	4.352655e-01	3.252612e-02
7.614354e-04	2.226860e-02	4.648463e-01	3.488038e-02
8.756507e-04	2.390419e-02	4.941223e-01	3.740504e-02
1.006998e-03	2.565814e-02	5.240425e-01	4.011244e-02
1.158048e-03	2.753902e-02	5.551552e-01	4.301580e-02
1.331755e-03	2.955602e-02	5.864402e-01	4.612930e-02
1.531519e-03	3.171900e-02	6.194763e-01	4.946817e-02
1.761246e-03	3.403851e-02	6.491253e-01	5.304870e-02
2.025433e-03	3.652590e-02	6.799029e-01	5.688839e-02
2.329248e-03	3.919331e-02	7.131602e-01	6.100600e-02
2.678635e-03	4.205377e-02	7.444848e-01	6.542165e-02
3.080431e-03	4.512126e-02	7.761219e-01	7.015690e-02
3.542495e-03	4.841077e-02	8.036352e-01	7.523490e-02
4.073870e-03	5.193836e-02	8.311407e-01	8.068044e-02
4.684950e-03	5.572127e-02	8.601019e-01	8.652013e-02
5.387693e-03	5.977798e-02	8.864485e-01	9.278250e-02
6.195847e-03	6.412831e-02	9.117431e-01	9.949815e-02
7.125224e-03	6.879351e-02	9.342115e-01	1.066895e-01
8.194007e-03	7.379637e-02	9.552751e-01	1.144270e-01
9.423108e-03	7.916134e-02	9.750058e-01	1.227069e-01
1.083657e-02	8.491461e-02	9.912656e-01	1.315893e-01
1.246206e-02	9.108431e-02	1.007005e+00	1.411135e-01
1.433137e-02	9.770056e-02	1.020471e+00	1.513271e-01
1.648108e-02	1.047957e-01	1.031400e+00	1.622801e-01
1.895324e-02	1.124044e-01	1.040290e+00	1.740258e-01
2.179622e-02	1.205638e-01	1.047599e+00	1.866216e-01
2.506566e-02	1.293137e-01	1.053654e+00	2.001292e-01
2.882550e-02	1.386970e-01	1.057849e+00	2.146145e-01
3.314933e-02	1.487595e-01	1.058500e+00	2.301482e-01
3.812173e-02	1.595503e-01	1.057219e+00	2.468062e-01
4.383999e-02	1.711221e-01	1.053687e+00	2.646699e-01
5.041599e-02	1.835315e-01	1.048159e+00	2.838266e-01
5.797838e-02	1.968391e-01	1.040215e+00	3.043700e-01
6.667514e-02	2.111099e-01	1.029078e+00	3.264003e-01
7.667641e-02	2.264136e-01	1.015613e+00	3.500251e-01
8.817787e-02	2.428250e-01	9.992663e-01	3.753598e-01
1.014046e-01	2.604243e-01	9.804679e-01	4.025284e-01
1.166152e-01	2.792974e-01	9.589103e-01	4.316635e-01
1.341075e-01	2.995366e-01	9.349712e-01	4.629073e-01
1.542237e-01	3.212407e-01	9.082688e-01	4.964124e-01
1.773572e-01	3.445157e-01	8.810426e-01	5.323428e-01
2.039608e-01	3.694754e-01	8.512647e-01	5.708739e-01
2.345549e-01	3.962417e-01	8.181949e-01	6.121940e-01
2.697381e-01	4.249454e-01	7.845107e-01	6.565046e-01
3.101989e-01	4.557266e-01	7.491049e-01	7.040224e-01
3.567287e-01	4.887358e-01	7.153410e-01	7.549797e-01
4.102380e-01	5.241342e-01	6.802736e-01	8.096258e-01
4.717737e-01	5.620948e-01	6.424232e-01	8.682252e-01
5.425397e-01	6.028030e-01	6.054958e-01	9.310739e-01
6.239207e-01	6.464576e-01	5.686717e-01	9.984447e-01
7.175088e-01	6.932748e-01	5.331258e-01	1.070993e+00
8.251351e-01	7.434807e-01	4.983914e-01	1.149554e+00
9.489054e-01	7.973206e-01	4.638909e-01	1.234637e+00
1.091241e+00	8.550574e-01	4.321867e-01	1.326883e+00
1.254927e+00	9.169733e-01	4.003479e-01	1.426991e+00
1.443166e+00	9.833709e-01	3.697854e-01	1.535775e+00
1.659641e+00	1.050203e+00	3.421765e-01	1.654183e+00
1.908588e+00	1.119300e+00	3.159842e-01	1.783335e+00
2.194876e+00	1.218398e+00	2.904238e-01	1.924573e+00
2.524107e+00	1.336537e+00	2.672341e-01	2.079533e+00
2.902723e+00	1.461464e+00	2.471604e-01	2.250232e+00
3.338132e+00	1.597561e+00	2.300930e-01	2.439192e+00
3.838852e+00	1.745608e+00	2.104655e-01	2.505260e+00
4.414679e+00	1.903305e+00	1.878938e-01	2.464496e+00
5.076881e+00	2.079074e+00	1.674420e-01	2.428096e+00
5.838413e+00	2.267613e+00	1.493302e-01	2.397968e+00
6.714175e+00	2.472320e+00	1.352142e-01	2.376171e+00
7.721302e+00	2.697023e+00	1.211963e-01	2.364938e+00
8.879497e+00	2.948512e+00	1.094713e-01	2.366584e+00
1.021142e+01	3.229835e+00	9.894002e-02	2.383819e+00
1.174313e+01	3.530985e+00	8.891252e-02	2.419396e+00
1.350460e+01	3.844011e+00	8.000490e-02	2.476274e+00
1.553030e+01	4.180791e+00	7.129672e-02	2.557582e+00
1.785984e+01	4.484300e+00	6.464291e-02	2.666617e+00
2.053882e+01	4.808057e+00	5.831274e-02	2.806852e+00
2.361964e+01	5.129588e+00	5.181563e-02	2.981994e+00
2.716258e+01	5.435810e+00	4.609786e-02	3.196087e+00
3.123697e+01	5.751976e+00	4.105811e-02	3.453726e+00
3.592252e+01	6.018402e+00	3.694350e-02	3.760320e+00
4.131089e+01	6.292525e+00	3.318329e-02	4.122404e+00
4.750753e+01	6.548715e+00	2.937113e-02	4.548054e+00
5.463366e+01	6.767472e+00	2.599679e-02	5.047315e+00
6.282871e+01	6.977946e+00	2.309515e-02	5.632741e+00
7.225301e+01	7.089710e+00	2.050958e-02	6.319983e+00
8.309096e+01	7.206062e+00	1.825149e-02	7.128526e+00
9.555461e+01	7.322365e+00	1.616803e-02	8.082626e+00
1.098878e+02	7.372274e+00	1.442104e-02	9.212299e+00
1.263710e+02	9.169103e+00	1.281152e-02	1.055518e+01
1.453266e+02	8.764796e+00	1.133350e-02	1.215622e+01
1.671256e+02	8.431981e+00	1.013219e-02	1.408077e+01
1.921945e+02	8.067948e+00	9.046673e-03	1.639920e+01
2.210236e+02	7.687354e+00	8.034043e-03	1.919623e+01
2.541772e+02	7.289988e+00	7.091932e-03	2.258663e+01
2.923037e+02	6.890493e+00	6.223132e-03	2.671646e+01
3.361493e+02	6.496211e+00	5.552434e-03	3.176459e+01
3.865717e+02	6.100968e+00	4.936002e-03	3.796163e+01
4.445574e+02	5.713785e+00	4.369697e-03	4.562353e+01
5.112411e+02	5.336733e+00	3.851003e-03	5.514840e+01
5.879272e+02	5.007446e+00	3.373229e-03	6.697618e+01
6.761163e+02	4.693455e+00	2.988551e-03	8.165566e+01
7.775337e+02	4.383523e+00	2.617073e-03	9.995257e+01
8.941638e+02	4.079672e+00	2.314226e-03	1.228569e+02
1.028288e+03	3.784509e+00	2.055392e-03	1.516463e+02
1.182532e+03	3.499952e+00	1.812278e-03	1.879555e+02
1.359911e+03	3.226752e+00	1.602917e-03	2.338876e+02
1.563898e+03	2.962367e+00	1.403732e-03	2.922038e+02
1.798483e+03	2.711688e+00	1.253561e-03	3.664695e+02
2.068255e+03	2.480161e+00	1.115264e-03	4.611501e+02
2.378493e+03	2.265091e+00	9.748822e-04	5.818630e+02
2.735268e+03	2.064386e+00	8.518639e-04	7.359512e+02
3.145558e+03	1.878165e+00	7.494348e-04	9.328628e+02
3.617391e+03	1.706101e+00	6.649132e-04	1.184642e+03
4.160000e+03	1.548447e+00	5.902103e-04	1.506624e+03
4.784000e+03	1.404693e+00	5.150140e-04	1.918244e+03
5.501600e+03	1.274082e+00	4.483395e-04	2.444055e+03
6.326840e+03	1.156214e+00	3.937641e-04	3.114952e+03
7.275866e+03	1.050472e+00	3.442965e-04	3.969586e+03
8.367246e+03	9.557743e-01	3.027319e-04	5.056082e+03
9.622333e+03	8.711195e-01	2.647392e-04	6.433996e+03
