# Energy_MeV	dEdx_Elec_MeV_um	dEdx_Nucl_MeV_um	Range_um
1.000000e-05	4.711119e-03	2.726682e-02	4.245276e-03
1.150000e-05	5.052112e-03	3.023102e-02	4.552551e-03
1.322500e-05	5.417787e-03	3.359871e-02	4.882067e-03
1.520875e-05	5.809929e-03	3.724981e-02	5.235434e-03
1.749006e-05	6.230455e-03	4.128997e-02	5.614377e-03
2.011357e-05	6.681419e-03	4.571969e-02	6.020749e-03
2.313061e-05	7.165023e-03	5.058643e-02	6.456534e-03
2.660020e-05	7.683632e-03	5.594667e-02	6.923861e-03
3.059023e-05	8.239777e-03	6.178062e-02	7.425014e-03
3.517876e-05	8.836176e-03	6.827372e-02	7.962440e-03
4.045558e-05	9.475743e-03	7.537062e-02	8.538766e-03
4.652391e-05	1.016160e-02	8.300937e-02	9.156806e-03
5.350250e-05	1.089710e-02	9.125968e-02	9.819581e-03
6.152788e-05	1.168584e-02	1.006005e-01	1.053033e-02
7.075706e-05	1.253167e-02	1.108279e-01	1.129252e-02
8.137062e-05	1.343872e-02	1.218190e-01	1.210988e-02
9.357621e-05	1.441142e-02	1.337110e-01	1.298640e-02
1.076126e-04	1.545453e-02	1.463919e-01	1.392636e-02
1.237545e-04	1.657313e-02	1.607362e-01	1.493435e-02
1.423177e-04	1.777271e-02	1.763027e-01	1.601531e-02
1.636654e-04	1.905910e-02	1.928988e-01	1.717451e-02
1.882152e-04	2.043861e-02	2.109982e-01	1.841761e-02
2.164475e-04	2.191797e-02	2.305167e-01	1.975068e-02
2.489146e-04	2.350440e-02	2.515158e-01	2.118025e-02
2.862518e-04	2.520567e-02	2.737165e-01	2.271329e-02
3.291895e-04	2.703007e-02	2.977536e-01	2.435729e-02
3.785680e-04	2.898652e-02	3.238466e-01	2.612028e-02
4.353531e-04	3.108458e-02	3.515477e-01	2.801088e-02
5.006561e-04	3.333449e-02	3.800357e-01	3.003832e-02
5.757545e-04	3.574726e-02	4.108172e-01	3.221251e-02
6.621177e-04	3.833467e-02	4.453810e-01	3.454407e-02
7.614354e-04	4.110935e-02	4.808309e-01	3.704439e-02
8.756507e-04	4.408487e-02	5.183796e-01	3.972568e-02
1.006998e-03	4.727575e-02	5.563798e-01	4.260105e-02
1.158048e-03	5.069760e-02	5.968537e-01	4.568453e-02
1.331755e-03	5.436712e-02	6.418973e-01	4.899120e-02
1.531519e-03	5.830224e-02	6.872198e-01	5.253721e-02
1.761246e-03	6.252218e-02	7.347903e-01	5.633988e-02
2.025433e-03	6.704757e-02	7.838683e-01	6.041780e-02
2.329248e-03	7.190051e-02	8.342047e-01	6.479087e-02
2.678635e-03	7.710471e-02	8.855799e-01	6.948046e-02
3.080431e-03	8.268559e-02	9.371556e-01	7.450950e-02
3.542495e-03	8.867041e-02	9.915682e-01	7.990253e-02
4.073870e-03	9.508843e-02	1.046293e+00	8.568592e-02
4.684950e-03	1.019710e-01	1.098818e+00	9.188791e-02
5.387693e-03	1.093517e-01	1.149477e+00	9.853881e-02
6.195847e-03	1.172666e-01	1.205475e+00	1.056711e-01
7.125224e-03	1.257544e-01	1.261114e+00	1.133196e-01
8.194007e-03	1.348566e-01	1.312973e+00	1.215218e-01
9.423108e-03	1.446176e-01	1.362778e+00	1.303176e-01
1.083657e-02	1.550851e-01	1.407777e+00	1.397500e-01
1.246206e-02	1.663103e-01	1.457117e+00	1.498652e-01
1.433137e-02	1.783479e-01	1.504159e+00	1.606928e-01
1.648108e-02	1.912568e-01	1.545613e+00	1.723511e-01
1.895324e-02	2.051001e-01	1.585703e+00	1.848225e-01
2.179622e-02	2.199453e-01	1.622143e+00	1.982012e-01
2.506566e-02	2.358651e-01	1.655549e+00	2.125466e-01
2.882550e-02	2.529371e-01	1.684048e+00	2.279306e-01
3.314933e-02	2.712448e-01	1.710243e+00	2.444281e-01
3.812173e-02	2.908777e-01	1.734565e+00	2.621196e-01
4.383999e-02	3.119315e-01	1.754293e+00	2.810915e-01
5.041599e-02	3.345093e-01	1.768800e+00	3.014368e-01
5.797838e-02	3.587213e-01	1.780990e+00	3.232547e-01
6.667514e-02	3.846857e-01	1.793220e+00	3.466518e-01
7.667641e-02	4.125295e-01	1.799855e+00	3.717422e-01
8.817787e-02	4.423886e-01	1.802463e+00	3.986487e-01
1.014046e-01	4.744089e-01	1.800080e+00	4.275028e-01
1.166152e-01	5.087469e-01	1.794189e+00	4.584455e-01
1.341075e-01	5.455702e-01	1.786217e+00	4.916277e-01
1.542237e-01	5.850589e-01	1.772750e+00	5.272116e-01
1.773572e-01	6.274058e-01	1.754680e+00	5.653710e-01
2.039608e-01	6.728177e-01	1.732139e+00	6.062927e-01
2.345549e-01	7.215166e-01	1.704999e+00	6.501763e-01
2.697381e-01	7.737404e-01	1.673517e+00	6.972360e-01
3.101989e-01	8.297441e-01	1.637584e+00	7.477018e-01
3.567287e-01	8.898014e-01	1.597015e+00	8.018206e-01
4.102380e-01	9.542057e-01	1.552594e+00	8.598567e-01
4.717737e-01	1.023272e+00	1.505728e+00	9.220933e-01
5.425397e-01	1.097337e+00	1.456393e+00	9.888344e-01
6.239207e-01	1.176762e+00	1.400514e+00	1.060406e+00
7.175088e-01	1.261937e+00	1.342448e+00	1.137159e+00
8.251351e-01	1.353277e+00	1.283638e+00	1.219467e+00
9.489054e-01	1.451228e+00	1.224301e+00	1.307730e+00
1.091241e+00	1.556268e+00	1.166597e+00	1.402394e+00
1.254927e+00	1.668912e+00	1.101835e+00	1.503870e+00
1.443166e+00	1.773767e+00	1.037711e+00	1.613176e+00
1.659641e+00	1.883724e+00	9.765474e-01	1.731548e+00
1.908588e+00	1.999036e+00	9.146922e-01	1.859752e+00
2.194876e+00	1.070552e+00	8.551121e-01	1.998751e+00
2.524107e+00	1.148061e+00	7.964256e-01	2.149605e+00
2.902723e+00	1.231181e+00	7.420545e-01	2.313542e+00
3.338132e+00	1.314544e+00	6.885539e-01	2.491994e+00
3.838852e+00	1.401579e+00	6.353778e-01	2.686654e+00
4.414679e+00	1.528530e+00	5.867174e-01	2.899554e+00
5.076881e+00	1.678347e+00	5.435923e-01	3.133170e+00
5.838413e+00	1.838457e+00	5.009643e-01	3.390555e+00
6.714175e+00	2.012497e+00	4.570893e-01	3.675533e+00
7.721302e+00	2.202964e+00	4.245275e-01	3.992948e+00
8.879497e+00	2.402380e+00	3.960635e-01	4.349002e+00
1.021142e+01	2.621791e+00	3.633300e-01	4.751691e+00
1.174313e+01	2.849192e+00	3.256864e-01	4.923944e+00
1.350460e+01	3.085131e+00	2.872302e-01	4.715772e+00
1.553030e+01	3.337108e+00	2.578132e-01	4.544570e+00
1.785984e+01	3.618250e+00	2.325519e-01	4.411376e+00
2.053882e+01	3.931573e+00	2.094444e-01	4.317482e+00
2.361964e+01	4.267369e+00	1.886407e-01	4.264441e+00
2.716258e+01	4.638713e+00	1.701706e-01	4.254060e+00
3.123697e+01	5.056965e+00	1.536702e-01	4.288220e+00
3.592252e+01	5.486715e+00	1.376687e-01	4.369331e+00
4.131089e+01	5.958978e+00	1.231874e-01	4.499793e+00
4.750753e+01	6.458544e+00	1.110709e-01	4.682330e+00
5.463366e+01	6.953554e+00	1.007858e-01	4.920112e+00
6.282871e+01	7.479788e+00	8.948047e-02	5.216992e+00
7.225301e+01	7.957961e+00	7.929191e-02	5.577832e+00
8.309096e+01	8.457130e+00	7.094847e-02	6.008890e+00
9.555461e+01	8.951759e+00	6.346881e-02	6.518206e+00
1.098878e+02	9.403773e+00	5.739201e-02	7.116126e+00
1.263710e+02	9.859952e+00	5.067210e-02	7.815773e+00
1.453266e+02	1.018051e+01	4.472587e-02	8.633614e+00
1.671256e+02	1.052373e+01	3.991203e-02	9.590169e+00
1.921945e+02	1.088697e+01	3.535537e-02	1.071087e+01
2.210236e+02	1.113395e+01	3.145039e-02	1.202699e+01
2.541772e+02	1.453806e+01	2.785614e-02	1.357736e+01
2.923037e+02	1.410147e+01	2.487120e-02	1.540776e+01
3.361493e+02	1.376899e+01	2.212454e-02	1.758633e+01
3.865717e+02	1.335109e+01	1.954315e-02	2.018182e+01
4.445574e+02	1.288088e+01	1.740531e-02	2.327712e+01
5.112411e+02	1.236111e+01	1.562707e-02	2.698490e+01
5.879272e+02	1.181933e+01	1.393827e-02	3.144699e+01
6.761163e+02	1.126942e+01	1.219375e-02	3.683384e+01
7.775337e+02	1.070377e+01	1.077647e-02	4.336455e+01
8.941638e+02	1.014819e+01	9.536273e-03	5.134038e+01
1.028288e+03	9.597093e+00	8.529511e-03	6.113232e+01
1.182532e+03	9.123909e+00	7.585064e-03	7.313304e+01
1.359911e+03	8.668056e+00	6.622239e-03	8.783336e+01
1.563898e+03	8.206378e+00	5.843804e-03	1.059247e+02
1.798483e+03	7.742887e+00	5.148459e-03	1.282936e+02
2.068255e+03	7.282308e+00	4.532450e-03	1.560764e+02
2.378493e+03	6.827988e+00	3.996106e-03	1.907155e+02
2.735268e+03	6.381129e+00	3.540098e-03	2.340568e+02
3.145558e+03	5.936208e+00	3.141017e-03	2.885200e+02
3.617391e+03	5.504513e+00	2.761881e-03	3.572115e+02
4.160000e+03	5.100028e+00	2.427136e-03	4.439939e+02
4.784000e+03	4.716589e+00	2.155837e-03	5.537170e+02
5.501600e+03	4.350306e+00	1.932029e-03	6.927383e+02
6.326840e+03	4.002538e+00	1.683265e-03	8.692324e+02
7.275866e+03	3.674259e+00	1.466509e-03	1.093629e+03
8.367246e+03	3.367971e+00	1.295045e-03	1.379224e+03
9.622333e+03	3.083354e+00	1.143139e-03	1.742899e+03
