# Energy_MeV	dEdx_Elec_MeV_um	dEdx_Nucl_MeV_um	Range_um
1.000000e-05	4.807176e-03	2.712893e-02	4.160447e-03
1.150000e-05	5.155122e-03	3.005910e-02	4.461583e-03
1.322500e-05	5.528252e-03	3.339730e-02	4.784514e-03
1.520875e-05	5.928390e-03	3.707092e-02	5.130820e-03
1.749006e-05	6.357490e-03	4.107556e-02	5.502191e-03
2.011357e-05	6.817648e-03	4.550992e-02	5.900443e-03
2.313061e-05	7.311113e-03	5.037447e-02	6.327520e-03
2.660020e-05	7.840295e-03	5.574406e-02	6.785509e-03
3.059023e-05	8.407780e-03	6.157884e-02	7.276648e-03
3.517876e-05	9.016340e-03	6.801494e-02	7.803336e-03
4.045558e-05	9.668947e-03	7.512898e-02	8.368145e-03
4.652391e-05	1.036879e-02	8.286038e-02	8.973836e-03
5.350250e-05	1.111929e-02	9.112403e-02	9.623367e-03
6.152788e-05	1.192411e-02	1.002713e-01	1.031991e-02
7.075706e-05	1.278718e-02	1.105959e-01	1.106687e-02
8.137062e-05	1.371273e-02	1.216276e-01	1.186790e-02
9.357621e-05	1.470526e-02	1.336698e-01	1.272690e-02
1.076126e-04	1.576963e-02	1.464326e-01	1.364808e-02
1.237545e-04	1.691105e-02	1.604796e-01	1.463594e-02
1.423177e-04	1.813508e-02	1.762495e-01	1.569530e-02
1.636654e-04	1.944771e-02	1.929583e-01	1.683133e-02
1.882152e-04	2.085534e-02	2.111685e-01	1.804959e-02
2.164475e-04	2.236486e-02	2.307852e-01	1.935603e-02
2.489146e-04	2.398364e-02	2.518872e-01	2.075703e-02
2.862518e-04	2.571959e-02	2.744612e-01	2.225943e-02
3.291895e-04	2.758119e-02	2.985248e-01	2.387058e-02
3.785680e-04	2.957753e-02	3.248768e-01	2.559835e-02
4.353531e-04	3.171837e-02	3.530088e-01	2.745117e-02
5.006561e-04	3.401416e-02	3.822622e-01	2.943810e-02
5.757545e-04	3.647612e-02	4.128913e-01	3.156885e-02
6.621177e-04	3.911628e-02	4.475565e-01	3.385381e-02
7.614354e-04	4.194754e-02	4.841729e-01	3.630417e-02
8.756507e-04	4.498373e-02	5.220170e-01	3.893189e-02
1.006998e-03	4.823967e-02	5.615355e-01	4.174980e-02
1.158048e-03	5.173129e-02	6.018387e-01	4.477167e-02
1.331755e-03	5.547562e-02	6.474192e-01	4.801227e-02
1.531519e-03	5.949098e-02	6.946547e-01	5.148742e-02
1.761246e-03	6.379697e-02	7.425513e-01	5.521411e-02
2.025433e-03	6.841463e-02	7.931063e-01	5.921053e-02
2.329248e-03	7.336651e-02	8.448695e-01	6.349622e-02
2.678635e-03	7.867682e-02	8.984916e-01	6.809211e-02
3.080431e-03	8.437149e-02	9.517225e-01	7.302066e-02
3.542495e-03	9.047834e-02	1.006777e+00	7.830593e-02
4.073870e-03	9.702721e-02	1.063831e+00	8.397376e-02
4.684950e-03	1.040501e-01	1.119672e+00	9.005182e-02
5.387693e-03	1.115813e-01	1.172660e+00	9.656982e-02
6.195847e-03	1.196576e-01	1.227497e+00	1.035596e-01
7.125224e-03	1.283185e-01	1.286874e+00	1.110553e-01
8.194007e-03	1.376062e-01	1.341904e+00	1.190935e-01
9.423108e-03	1.475663e-01	1.395597e+00	1.277136e-01
1.083657e-02	1.582472e-01	1.443937e+00	1.369576e-01
1.246206e-02	1.697012e-01	1.492254e+00	1.468706e-01
1.433137e-02	1.819843e-01	1.543443e+00	1.574965e-01
1.648108e-02	1.951564e-01	1.588483e+00	1.689072e-01
1.895324e-02	2.092819e-01	1.631310e+00	1.811292e-01
2.179622e-02	2.244298e-01	1.670876e+00	1.942410e-01
2.506566e-02	2.406742e-01	1.706751e+00	2.082996e-01
2.882550e-02	2.580943e-01	1.738419e+00	2.233761e-01
3.314933e-02	2.767753e-01	1.766394e+00	2.395440e-01
3.812173e-02	2.968085e-01	1.793103e+00	2.568820e-01
4.383999e-02	3.182916e-01	1.816000e+00	2.754749e-01
5.041599e-02	3.413297e-01	1.833450e+00	2.954135e-01
5.797838e-02	3.660354e-01	1.846275e+00	3.167954e-01
6.667514e-02	3.925292e-01	1.860003e+00	3.397250e-01
7.667641e-02	4.209407e-01	1.869768e+00	3.643142e-01
8.817787e-02	4.514086e-01	1.873630e+00	3.906830e-01
1.014046e-01	4.840818e-01	1.873679e+00	4.189605e-01
1.166152e-01	5.191199e-01	1.868394e+00	4.492849e-01
1.341075e-01	5.566940e-01	1.861761e+00	4.818041e-01
1.542237e-01	5.969878e-01	1.850455e+00	5.166770e-01
1.773572e-01	6.401981e-01	1.833193e+00	5.540739e-01
2.039608e-01	6.865360e-01	1.811894e+00	5.941778e-01
2.345549e-01	7.362278e-01	1.785573e+00	6.371845e-01
2.697381e-01	7.895164e-01	1.754766e+00	6.833040e-01
3.101989e-01	8.466620e-01	1.719430e+00	7.327615e-01
3.567287e-01	9.079439e-01	1.679129e+00	7.857987e-01
4.102380e-01	9.736613e-01	1.634649e+00	8.426750e-01
4.717737e-01	1.044135e+00	1.586867e+00	9.036682e-01
5.425397e-01	1.119711e+00	1.536965e+00	9.690758e-01
6.239207e-01	1.200756e+00	1.482245e+00	1.039217e+00
7.175088e-01	1.287667e+00	1.422152e+00	1.114436e+00
8.251351e-01	1.380869e+00	1.361757e+00	1.195100e+00
9.489054e-01	1.480817e+00	1.299405e+00	1.281600e+00
1.091241e+00	1.587999e+00	1.239212e+00	1.374371e+00
1.254927e+00	1.702940e+00	1.175792e+00	1.473816e+00
1.443166e+00	1.811836e+00	1.107875e+00	1.580842e+00
1.659641e+00	1.924291e+00	1.043534e+00	1.696721e+00
1.908588e+00	2.042271e+00	9.788382e-01	1.822216e+00
2.194876e+00	2.165530e+00	9.155758e-01	1.958266e+00
2.524107e+00	1.160998e+00	8.542587e-01	2.105898e+00
2.902723e+00	1.245054e+00	7.963313e-01	2.266308e+00
3.338132e+00	1.330574e+00	7.407368e-01	2.440885e+00
3.838852e+00	1.417760e+00	6.845399e-01	2.631270e+00
4.414679e+00	1.541438e+00	6.310097e-01	2.839426e+00
5.076881e+00	1.693041e+00	5.834505e-01	3.067743e+00
5.838413e+00	1.853546e+00	5.407104e-01	3.319166e+00
6.714175e+00	2.030181e+00	4.927040e-01	3.597376e+00
7.721302e+00	2.221340e+00	4.529900e-01	3.907029e+00
8.879497e+00	2.424186e+00	4.250552e-01	4.254082e+00
1.021142e+01	2.648304e+00	3.929999e-01	4.646207e+00
1.174313e+01	2.877488e+00	3.561363e-01	5.093345e+00
1.350460e+01	3.119168e+00	3.137432e-01	4.881384e+00
1.553030e+01	3.371116e+00	2.789306e-01	4.679300e+00
1.785984e+01	3.652557e+00	2.526173e-01	4.519027e+00
2.053882e+01	3.968029e+00	2.273840e-01	4.401105e+00
2.361964e+01	4.299746e+00	2.053056e-01	4.326404e+00
2.716258e+01	4.668792e+00	1.843880e-01	4.296112e+00
3.123697e+01	5.081460e+00	1.667409e-01	4.311606e+00
3.592252e+01	5.515500e+00	1.498836e-01	4.374668e+00
4.131089e+01	5.995214e+00	1.340513e-01	4.487269e+00
4.750753e+01	6.499357e+00	1.207140e-01	4.651662e+00
5.463366e+01	7.013614e+00	1.093645e-01	4.870540e+00
6.282871e+01	7.556105e+00	9.829347e-02	5.147260e+00
7.225301e+01	8.052476e+00	8.694065e-02	5.486140e+00
8.309096e+01	8.577461e+00	7.757709e-02	5.892825e+00
9.555461e+01	9.085044e+00	6.922951e-02	6.374690e+00
1.098878e+02	9.567294e+00	6.239105e-02	6.941198e+00
1.263710e+02	1.006259e+01	5.581038e-02	7.604541e+00
1.453266e+02	1.039698e+01	4.915835e-02	8.380001e+00
1.671256e+02	1.076143e+01	4.372534e-02	9.286659e+00
1.921945e+02	1.114105e+01	3.878743e-02	1.034821e+01
2.210236e+02	1.142441e+01	3.438794e-02	1.159370e+01
2.541772e+02	1.523204e+01	3.050769e-02	1.305950e+01
2.923037e+02	1.478074e+01	2.721215e-02	1.478761e+01
3.361493e+02	1.446051e+01	2.428102e-02	1.684089e+01
3.865717e+02	1.405266e+01	2.147864e-02	1.928550e+01
4.445574e+02	1.358227e+01	1.899113e-02	2.219631e+01
5.112411e+02	1.305743e+01	1.695968e-02	2.567737e+01
5.879272e+02	1.250429e+01	1.527754e-02	2.985985e+01
6.761163e+02	1.194193e+01	1.337566e-02	3.490135e+01
7.775337e+02	1.135645e+01	1.175376e-02	4.100190e+01
8.941638e+02	1.078316e+01	1.042441e-02	4.843661e+01
1.028288e+03	1.021274e+01	9.254868e-03	5.755066e+01
1.182532e+03	9.714045e+00	8.325679e-03	6.871031e+01
1.359911e+03	9.243430e+00	7.262071e-03	8.235737e+01
1.563898e+03	8.766067e+00	6.380899e-03	9.912068e+01
1.798483e+03	8.284964e+00	5.642723e-03	1.198097e+02
2.068255e+03	7.805982e+00	4.963644e-03	1.454606e+02
2.378493e+03	7.331469e+00	4.391887e-03	1.773886e+02
2.735268e+03	6.864848e+00	3.861980e-03	2.172718e+02
3.145558e+03	6.397667e+00	3.433811e-03	2.673055e+02
3.617391e+03	5.942375e+00	3.027080e-03	3.303189e+02
4.160000e+03	5.513319e+00	2.661061e-03	4.098348e+02
4.784000e+03	5.107343e+00	2.359619e-03	5.102537e+02
5.501600e+03	4.718150e+00	2.109418e-03	6.373301e+02
6.326840e+03	4.347704e+00	1.865808e-03	7.984909e+02
7.275866e+03	3.997237e+00	1.621647e-03	1.003202e+03
8.367246e+03	3.669035e+00	1.426077e-03	1.263540e+03
9.622333e+03	3.363193e+00	1.255134e-03	1.594842e+03
