# Energy_MeV	dEdx_Elec_MeV_um	dEdx_Nucl_MeV_um	Range_um
1.000000e-05	5.464381e-03	2.758431e-02	3.660067e-03
1.150000e-05	5.859896e-03	3.063112e-02	3.924984e-03
1.322500e-05	6.284039e-03	3.394589e-02	4.209077e-03
1.520875e-05	6.738881e-03	3.769076e-02	4.513732e-03
1.749006e-05	7.226644e-03	4.185259e-02	4.840438e-03
2.011357e-05	7.749713e-03	4.638288e-02	5.190792e-03
2.313061e-05	8.310641e-03	5.139696e-02	5.566504e-03
2.660020e-05	8.912170e-03	5.691332e-02	5.969410e-03
3.059023e-05	9.557237e-03	6.297850e-02	6.401480e-03
3.517876e-05	1.024899e-02	6.957493e-02	6.864822e-03
4.045558e-05	1.099082e-02	7.684236e-02	7.361701e-03
4.652391e-05	1.178634e-02	8.489086e-02	7.894545e-03
5.350250e-05	1.263945e-02	9.371952e-02	8.465957e-03
6.152788e-05	1.355430e-02	1.030936e-01	9.078727e-03
7.075706e-05	1.453536e-02	1.133553e-01	9.735850e-03
8.137062e-05	1.558744e-02	1.250862e-01	1.044054e-02
9.357621e-05	1.671567e-02	1.375990e-01	1.119623e-02
1.076126e-04	1.792556e-02	1.512990e-01	1.200662e-02
1.237545e-04	1.922302e-02	1.657925e-01	1.287566e-02
1.423177e-04	2.061439e-02	1.815508e-01	1.380761e-02
1.636654e-04	2.210647e-02	1.994946e-01	1.480701e-02
1.882152e-04	2.370655e-02	2.184724e-01	1.587875e-02
2.164475e-04	2.542244e-02	2.391346e-01	1.702806e-02
2.489146e-04	2.726253e-02	2.613566e-01	1.826056e-02
2.862518e-04	2.923581e-02	2.852470e-01	1.958227e-02
3.291895e-04	3.135191e-02	3.110631e-01	2.099965e-02
3.785680e-04	3.362118e-02	3.383266e-01	2.251961e-02
4.353531e-04	3.605470e-02	3.682731e-01	2.414959e-02
5.006561e-04	3.866435e-02	4.001871e-01	2.589755e-02
5.757545e-04	4.146290e-02	4.335566e-01	2.777203e-02
6.621177e-04	4.446401e-02	4.684295e-01	2.978219e-02
7.614354e-04	4.768234e-02	5.073176e-01	3.193784e-02
8.756507e-04	5.113361e-02	5.491840e-01	3.424952e-02
1.006998e-03	5.483469e-02	5.923716e-01	3.672851e-02
1.158048e-03	5.880365e-02	6.376510e-01	3.938694e-02
1.331755e-03	6.305989e-02	6.837427e-01	4.223779e-02
1.531519e-03	6.762420e-02	7.348761e-01	4.529499e-02
1.761246e-03	7.251887e-02	7.890595e-01	4.857346e-02
2.025433e-03	7.776783e-02	8.439003e-01	5.208923e-02
2.329248e-03	8.339670e-02	9.016459e-01	5.585948e-02
2.678635e-03	8.943300e-02	9.615598e-01	5.990262e-02
3.080431e-03	9.590621e-02	1.022605e+00	6.423840e-02
3.542495e-03	1.028480e-01	1.083470e+00	6.888801e-02
4.073870e-03	1.102921e-01	1.146300e+00	7.387416e-02
4.684950e-03	1.182751e-01	1.211748e+00	7.922121e-02
5.387693e-03	1.268360e-01	1.277605e+00	8.495529e-02
6.195847e-03	1.360164e-01	1.338773e+00	9.110439e-02
7.125224e-03	1.458614e-01	1.400291e+00	9.769858e-02
8.194007e-03	1.564189e-01	1.469252e+00	1.047701e-01
9.423108e-03	1.677406e-01	1.533156e+00	1.123534e-01
1.083657e-02	1.798817e-01	1.595756e+00	1.204856e-01
1.246206e-02	1.929016e-01	1.652167e+00	1.291777e-01
1.433137e-02	2.068640e-01	1.706371e+00	1.385349e-01
1.648108e-02	2.218369e-01	1.766257e+00	1.485923e-01
1.895324e-02	2.378936e-01	1.819057e+00	1.593452e-01
2.179622e-02	2.551124e-01	1.868816e+00	1.708791e-01
2.506566e-02	2.735776e-01	1.914785e+00	1.832472e-01
2.882550e-02	2.933793e-01	1.956321e+00	1.965105e-01
3.314933e-02	3.146142e-01	1.994330e+00	2.107338e-01
3.812173e-02	3.373862e-01	2.026900e+00	2.259864e-01
4.383999e-02	3.618064e-01	2.058253e+00	2.423432e-01
5.041599e-02	3.879941e-01	2.085222e+00	2.598839e-01
5.797838e-02	4.160773e-01	2.106133e+00	2.786942e-01
6.667514e-02	4.461932e-01	2.121759e+00	2.988659e-01
7.667641e-02	4.784889e-01	2.137159e+00	3.204977e-01
8.817787e-02	5.131222e-01	2.149484e+00	3.436952e-01
1.014046e-01	5.502623e-01	2.155090e+00	3.685718e-01
1.166152e-01	5.900905e-01	2.156132e+00	3.952490e-01
1.341075e-01	6.328016e-01	2.151121e+00	4.238570e-01
1.542237e-01	6.786041e-01	2.143679e+00	4.545356e-01
1.773572e-01	7.277218e-01	2.131792e+00	4.874350e-01
2.039608e-01	7.803947e-01	2.113167e+00	5.227156e-01
2.345549e-01	8.368801e-01	2.089598e+00	5.605498e-01
2.697381e-01	8.974539e-01	2.060445e+00	6.011223e-01
3.101989e-01	9.624121e-01	2.025953e+00	6.446314e-01
3.567287e-01	1.032072e+00	1.986237e+00	6.912901e-01
4.102380e-01	1.106774e+00	1.940974e+00	7.413259e-01
4.717737e-01	1.186883e+00	1.890662e+00	7.949831e-01
5.425397e-01	1.272790e+00	1.835797e+00	8.525239e-01
6.239207e-01	1.364915e+00	1.779004e+00	9.142298e-01
7.175088e-01	1.463709e+00	1.717617e+00	9.804021e-01
8.251351e-01	1.569653e+00	1.648652e+00	1.051365e+00
9.489054e-01	1.683265e+00	1.579466e+00	1.127460e+00
1.091241e+00	1.805100e+00	1.507478e+00	1.209073e+00
1.254927e+00	1.934171e+00	1.438069e+00	1.296572e+00
1.443166e+00	2.055135e+00	1.366923e+00	1.390905e+00
1.659641e+00	2.182369e+00	1.288272e+00	1.493072e+00
1.908588e+00	2.315741e+00	1.213819e+00	1.603739e+00
2.194876e+00	2.454925e+00	1.139261e+00	1.723735e+00
2.524107e+00	2.599341e+00	1.066462e+00	1.853983e+00
2.902723e+00	2.748069e+00	9.960907e-01	1.995552e+00
3.338132e+00	1.460508e+00	9.278626e-01	2.149689e+00
3.838852e+00	1.557620e+00	8.638560e-01	2.317871e+00
4.414679e+00	1.703039e+00	7.988334e-01	2.501877e+00
5.076881e+00	1.868404e+00	7.369519e-01	2.703872e+00
5.838413e+00	2.047263e+00	6.813866e-01	2.926535e+00
6.714175e+00	2.240232e+00	6.313845e-01	3.173223e+00
7.721302e+00	2.454566e+00	5.775298e-01	3.448199e+00
8.879497e+00	2.677960e+00	5.296637e-01	3.756923e+00
1.021142e+01	2.923832e+00	4.952429e-01	4.106437e+00
1.174313e+01	3.184667e+00	4.592825e-01	4.505869e+00
1.350460e+01	3.445430e+00	4.179281e-01	4.967080e+00
1.553030e+01	3.726634e+00	3.703705e-01	4.816205e+00
1.785984e+01	4.036329e+00	3.280694e-01	4.565943e+00
2.053882e+01	4.371609e+00	2.964843e-01	4.373104e+00
2.361964e+01	4.724465e+00	2.670781e-01	4.234513e+00
2.716258e+01	5.104040e+00	2.405193e-01	4.147904e+00
3.123697e+01	5.528528e+00	2.163438e-01	4.111753e+00
3.592252e+01	5.990179e+00	1.955095e-01	4.125156e+00
4.131089e+01	6.503785e+00	1.761859e-01	4.187609e+00
4.750753e+01	7.073005e+00	1.576309e-01	4.299460e+00
5.463366e+01	7.648062e+00	1.413511e-01	4.461452e+00
6.282871e+01	8.268078e+00	1.279658e-01	4.675148e+00
7.225301e+01	8.864367e+00	1.155461e-01	4.943113e+00
8.309096e+01	9.475679e+00	1.021500e-01	5.269175e+00
9.555461e+01	1.010552e+01	9.103510e-02	5.658712e+00
1.098878e+02	1.067423e+01	8.117928e-02	6.118959e+00
1.263710e+02	1.124732e+01	7.305372e-02	6.659305e+00
1.453266e+02	1.169807e+01	6.567137e-02	7.291757e+00
1.671256e+02	1.217659e+01	5.781114e-02	8.031332e+00
1.921945e+02	1.269587e+01	5.134817e-02	8.896684e+00
2.210236e+02	1.304715e+01	4.558033e-02	9.910731e+00
2.541772e+02	1.789036e+01	4.043372e-02	1.110153e+01
2.923037e+02	1.752888e+01	3.593082e-02	1.250293e+01
3.361493e+02	1.724282e+01	3.195251e-02	1.416521e+01
3.865717e+02	1.683035e+01	2.853290e-02	1.613542e+01
4.445574e+02	1.633806e+01	2.525738e-02	1.847380e+01
5.112411e+02	1.577011e+01	2.234498e-02	2.126087e+01
5.879272e+02	1.516288e+01	1.994442e-02	2.459705e+01
6.761163e+02	1.453173e+01	1.794429e-02	2.860183e+01
7.775337e+02	1.387708e+01	1.581072e-02	3.343042e+01
8.941638e+02	1.323142e+01	1.385685e-02	3.929631e+01
1.028288e+03	1.258897e+01	1.228841e-02	4.645347e+01
1.182532e+03	1.204878e+01	1.089876e-02	5.516331e+01
1.359911e+03	1.151730e+01	9.784171e-03	6.576392e+01
1.563898e+03	1.097201e+01	8.590991e-03	7.872898e+01
1.798483e+03	1.041908e+01	7.514775e-03	9.466121e+01
2.068255e+03	9.862884e+00	6.655812e-03	1.143292e+02
2.378493e+03	9.308640e+00	5.855196e-03	1.387028e+02
2.735268e+03	8.755492e+00	5.164397e-03	1.690218e+02
3.145558e+03	8.200597e+00	4.547437e-03	2.069090e+02
3.617391e+03	7.657268e+00	4.035381e-03	2.544298e+02
4.160000e+03	7.144678e+00	3.572930e-03	3.141333e+02
4.784000e+03	6.650649e+00	3.137041e-03	3.892270e+02
5.501600e+03	6.173828e+00	2.770532e-03	4.839233e+02
6.326840e+03	5.717339e+00	2.473976e-03	6.036123e+02
7.275866e+03	5.282662e+00	2.200689e-03	7.551708e+02
8.367246e+03	4.872195e+00	1.911477e-03	9.473562e+02
9.622333e+03	4.485838e+00	1.677920e-03	1.191283e+03
