# Energy_MeV	dEdx_Elec_MeV_um	dEdx_Nucl_MeV_um	Range_um
1.000000e-05	4.496330e-03	3.174243e-02	4.448072e-03
1.150000e-05	4.821777e-03	3.509699e-02	4.770026e-03
1.322500e-05	5.170779e-03	3.877780e-02	5.115283e-03
1.520875e-05	5.545043e-03	4.282762e-02	5.485530e-03
1.749006e-05	5.946396e-03	4.730629e-02	5.882575e-03
2.011357e-05	6.376800e-03	5.205559e-02	6.308359e-03
2.313061e-05	6.838356e-03	5.727191e-02	6.764962e-03
2.660020e-05	7.333320e-03	6.314560e-02	7.254613e-03
3.059023e-05	7.864109e-03	6.949637e-02	7.779706e-03
3.517876e-05	8.433318e-03	7.645073e-02	8.342805e-03
4.045558e-05	9.043726e-03	8.382663e-02	8.946662e-03
4.652391e-05	9.698315e-03	9.185456e-02	9.594226e-03
5.350250e-05	1.040028e-02	1.008745e-01	1.028866e-02
6.152788e-05	1.115306e-02	1.105251e-01	1.103336e-02
7.075706e-05	1.196033e-02	1.210352e-01	1.183196e-02
8.137062e-05	1.282602e-02	1.322905e-01	1.268836e-02
9.357621e-05	1.375438e-02	1.445273e-01	1.360675e-02
1.076126e-04	1.474993e-02	1.577808e-01	1.459162e-02
1.237545e-04	7.920013e-03	1.715812e-01	1.564777e-02
1.423177e-04	8.512813e-03	1.867828e-01	1.678036e-02
1.636654e-04	9.148477e-03	2.029815e-01	1.799493e-02
1.882152e-04	9.830111e-03	2.202467e-01	1.929742e-02
2.164475e-04	1.056104e-02	2.382868e-01	2.069417e-02
2.489146e-04	1.134485e-02	2.576427e-01	2.219203e-02
2.862518e-04	1.218535e-02	2.789889e-01	2.379830e-02
3.291895e-04	1.308667e-02	3.014691e-01	2.552083e-02
3.785680e-04	1.405319e-02	3.246207e-01	2.736804e-02
4.353531e-04	1.508964e-02	3.487363e-01	2.934896e-02
5.006561e-04	1.620109e-02	3.741871e-01	3.147325e-02
5.757545e-04	1.739296e-02	4.019191e-01	3.375130e-02
6.621177e-04	1.867108e-02	4.307091e-01	3.619424e-02
7.614354e-04	2.004169e-02	4.601168e-01	3.881399e-02
8.756507e-04	2.151150e-02	4.912226e-01	4.162337e-02
1.006998e-03	2.308767e-02	5.223841e-01	4.463609e-02
1.158048e-03	2.477790e-02	5.543726e-01	4.786688e-02
1.331755e-03	2.659047e-02	5.870888e-01	5.133151e-02
1.531519e-03	2.853421e-02	6.205906e-01	5.504691e-02
1.761246e-03	3.061863e-02	6.553509e-01	5.903123e-02
2.025433e-03	3.285392e-02	6.873781e-01	6.330395e-02
2.329248e-03	3.525098e-02	7.197639e-01	6.788592e-02
2.678635e-03	3.782153e-02	7.549761e-01	7.279954e-02
3.080431e-03	4.057813e-02	7.886780e-01	7.806881e-02
3.542495e-03	4.353425e-02	8.219805e-01	8.371947e-02
4.073870e-03	4.670433e-02	8.520207e-01	8.977913e-02
4.684950e-03	5.010385e-02	8.809987e-01	9.627739e-02
5.387693e-03	5.374942e-02	9.120244e-01	1.032460e-01
6.195847e-03	5.765885e-02	9.402485e-01	1.107190e-01
7.125224e-03	6.185124e-02	9.670519e-01	1.187329e-01
8.194007e-03	6.634708e-02	9.913269e-01	1.272613e-01
9.423108e-03	7.116832e-02	1.014121e+00	1.365278e-01
1.083657e-02	7.633852e-02	1.035423e+00	1.464295e-01
1.246206e-02	8.188294e-02	1.052629e+00	1.570280e-01
1.433137e-02	8.782866e-02	1.069492e+00	1.683932e-01
1.648108e-02	9.420473e-02	1.084023e+00	1.805815e-01
1.895324e-02	1.010423e-01	1.096191e+00	1.936518e-01
2.179622e-02	1.083748e-01	1.105625e+00	2.076681e-01
2.506566e-02	1.162380e-01	1.113291e+00	2.226990e-01
2.882550e-02	1.246703e-01	1.120300e+00	2.388179e-01
3.314933e-02	1.337130e-01	1.124807e+00	2.561034e-01
3.812173e-02	1.434102e-01	1.125962e+00	2.746400e-01
4.383999e-02	1.538093e-01	1.124699e+00	2.945183e-01
5.041599e-02	1.649610e-01	1.120994e+00	3.158355e-01
5.797838e-02	1.769199e-01	1.115582e+00	3.386956e-01
6.667514e-02	1.897445e-01	1.107312e+00	3.632103e-01
7.667641e-02	2.034972e-01	1.095788e+00	3.894992e-01
8.817787e-02	2.182454e-01	1.081693e+00	4.176912e-01
1.014046e-01	2.340611e-01	1.064587e+00	4.479237e-01
1.166152e-01	2.510215e-01	1.044845e+00	4.803445e-01
1.341075e-01	2.692095e-01	1.022233e+00	5.151117e-01
1.542237e-01	2.887140e-01	9.969286e-01	5.523954e-01
1.773572e-01	3.096302e-01	9.688939e-01	5.923779e-01
2.039608e-01	3.320604e-01	9.398999e-01	6.352544e-01
2.345549e-01	3.561140e-01	9.086227e-01	6.812341e-01
2.697381e-01	3.819087e-01	8.734854e-01	7.305418e-01
3.101989e-01	4.095704e-01	8.378296e-01	7.834184e-01
3.567287e-01	4.392342e-01	8.003827e-01	8.401226e-01
4.102380e-01	4.710452e-01	7.641838e-01	9.009311e-01
4.717737e-01	5.051586e-01	7.272994e-01	9.661404e-01
5.425397e-01	5.417412e-01	6.865759e-01	1.036070e+00
6.239207e-01	5.809717e-01	6.476245e-01	1.111061e+00
7.175088e-01	6.230417e-01	6.084134e-01	1.191473e+00
8.251351e-01	6.681577e-01	5.706078e-01	1.277771e+00
9.489054e-01	7.165406e-01	5.333249e-01	1.371019e+00
1.091241e+00	7.684254e-01	4.961962e-01	1.472009e+00
1.254927e+00	8.240657e-01	4.628560e-01	1.581443e+00
1.443166e+00	8.837333e-01	4.286651e-01	1.700135e+00
1.659641e+00	9.477198e-01	3.963261e-01	1.829020e+00
1.908588e+00	1.016338e+00	3.662161e-01	1.969176e+00
2.194876e+00	1.081590e+00	3.385694e-01	2.121873e+00
2.524107e+00	1.161558e+00	3.117641e-01	2.288619e+00
2.902723e+00	1.272782e+00	2.858404e-01	2.471233e+00
3.338132e+00	1.393261e+00	2.645378e-01	2.671945e+00
3.838852e+00	1.526690e+00	2.466392e-01	2.893528e+00
4.414679e+00	1.664776e+00	2.260557e-01	3.130319e+00
5.076881e+00	1.818385e+00	2.023847e-01	3.077882e+00
5.838413e+00	1.984491e+00	1.795981e-01	3.029668e+00
6.714175e+00	2.164657e+00	1.604014e-01	2.987945e+00
7.721302e+00	2.365621e+00	1.450668e-01	2.955165e+00
8.879497e+00	2.574311e+00	1.302643e-01	2.933978e+00
1.021142e+01	2.811555e+00	1.175994e-01	2.927177e+00
1.174313e+01	3.079403e+00	1.061459e-01	2.937907e+00
1.350460e+01	3.366504e+00	9.557626e-02	2.969500e+00
1.553030e+01	3.684056e+00	8.588165e-02	3.025503e+00
1.785984e+01	3.996831e+00	7.659223e-02	3.109684e+00
2.053882e+01	4.320337e+00	6.935996e-02	3.226011e+00
2.361964e+01	4.640917e+00	6.268403e-02	3.378666e+00
2.716258e+01	4.953935e+00	5.557504e-02	3.572073e+00
3.123697e+01	5.284872e+00	4.953696e-02	3.811008e+00
3.592252e+01	5.579947e+00	4.408838e-02	4.100731e+00
4.131089e+01	5.872838e+00	3.965604e-02	4.447393e+00
4.750753e+01	6.157389e+00	3.568775e-02	4.858282e+00
5.463366e+01	6.408736e+00	3.150643e-02	5.342322e+00
6.282871e+01	6.662811e+00	2.794707e-02	5.910589e+00
7.225301e+01	6.867388e+00	2.479642e-02	6.576893e+00
8.309096e+01	7.028639e+00	2.205816e-02	7.358492e+00
9.555461e+01	7.148006e+00	1.960713e-02	8.276881e+00
1.098878e+02	7.258812e+00	1.734438e-02	9.358786e+00
1.263710e+02	7.357055e+00	1.550488e-02	1.063743e+01
1.453266e+02	7.386800e+00	1.375021e-02	1.215437e+01
1.671256e+02	8.961958e+00	1.219338e-02	1.395945e+01
1.921945e+02	8.611456e+00	1.086889e-02	1.611921e+01
2.210236e+02	8.263492e+00	9.720988e-03	1.872161e+01
2.541772e+02	7.888160e+00	8.659039e-03	2.185567e+01
2.923037e+02	7.500860e+00	7.617701e-03	2.564527e+01
3.361493e+02	7.101438e+00	6.698564e-03	3.024977e+01
3.865717e+02	6.704531e+00	5.957652e-03	3.586843e+01
4.445574e+02	6.310581e+00	5.305279e-03	4.274816e+01
5.112411e+02	5.917536e+00	4.711393e-03	5.121986e+01
5.879272e+02	5.534849e+00	4.137410e-03	6.172828e+01
6.761163e+02	5.178919e+00	3.631999e-03	7.479427e+01
7.775337e+02	4.859316e+00	3.212013e-03	9.100194e+01
8.941638e+02	4.546809e+00	2.816027e-03	1.111541e+02
1.028288e+03	4.239288e+00	2.491014e-03	1.363249e+02
1.182532e+03	3.939582e+00	2.208290e-03	1.678961e+02
1.359911e+03	3.649067e+00	1.951916e-03	2.076463e+02
1.563898e+03	3.370109e+00	1.723144e-03	2.578500e+02
1.798483e+03	3.100716e+00	1.507792e-03	3.214624e+02
2.068255e+03	2.842460e+00	1.346687e-03	4.023586e+02
2.378493e+03	2.599601e+00	1.200793e-03	5.054597e+02
2.735268e+03	2.377133e+00	1.046506e-03	6.368999e+02
3.145558e+03	2.168755e+00	9.166999e-04	8.045471e+02
3.617391e+03	1.974918e+00	8.041083e-04	1.018687e+03
4.160000e+03	1.795390e+00	7.145230e-04	1.292421e+03
4.784000e+03	1.630085e+00	6.356703e-04	1.642475e+03
5.501600e+03	1.479071e+00	5.529706e-04	2.090089e+03
6.326840e+03	1.341584e+00	4.826152e-04	2.662136e+03
7.275866e+03	1.217013e+00	4.229334e-04	3.392518e+03
8.367246e+03	1.104976e+00	3.708204e-04	4.323775e+03
9.622333e+03	1.004573e+00	3.255850e-04	5.509008e+03
