# Energy_MeV	dEdx_Elec_MeV_um	dEdx_Nucl_MeV_um	Range_um
1.000000e-05	5.332226e-03	3.092172e-02	3.750779e-03
1.150000e-05	5.718175e-03	3.428338e-02	4.022262e-03
1.322500e-05	6.132060e-03	3.797358e-02	4.313395e-03
1.520875e-05	6.575902e-03	4.205533e-02	4.625601e-03
1.749006e-05	7.051869e-03	4.654191e-02	4.960405e-03
2.011357e-05	7.562287e-03	5.139749e-02	5.319442e-03
2.313061e-05	8.109649e-03	5.678819e-02	5.704466e-03
2.660020e-05	8.696630e-03	6.270873e-02	6.117358e-03
3.059023e-05	9.326097e-03	6.921021e-02	6.560135e-03
3.517876e-05	1.000112e-02	7.615581e-02	7.034961e-03
4.045558e-05	1.072501e-02	8.375602e-02	7.544156e-03
4.652391e-05	1.150129e-02	9.236300e-02	8.090206e-03
5.350250e-05	1.233376e-02	1.016462e-01	8.675779e-03
6.152788e-05	1.322649e-02	1.116896e-01	9.303736e-03
7.075706e-05	1.418383e-02	1.224432e-01	9.977146e-03
8.137062e-05	1.521046e-02	1.341145e-01	1.069930e-02
9.357621e-05	1.631140e-02	1.472650e-01	1.147372e-02
1.076126e-04	1.749203e-02	1.613484e-01	1.230419e-02
1.237545e-04	1.875811e-02	1.765241e-01	1.319478e-02
1.423177e-04	2.011583e-02	1.930070e-01	1.414982e-02
1.636654e-04	2.157183e-02	2.105737e-01	1.517399e-02
1.882152e-04	2.313321e-02	2.295639e-01	1.627229e-02
2.164475e-04	2.480760e-02	2.497893e-01	1.745009e-02
2.489146e-04	2.660319e-02	2.717575e-01	1.871314e-02
2.862518e-04	2.852874e-02	2.954360e-01	2.006760e-02
3.291895e-04	3.059367e-02	3.198248e-01	2.152011e-02
3.785680e-04	3.280805e-02	3.457343e-01	2.307774e-02
4.353531e-04	3.518272e-02	3.745366e-01	2.474812e-02
5.006561e-04	3.772926e-02	4.050707e-01	2.653941e-02
5.757545e-04	4.046013e-02	4.371811e-01	2.846034e-02
6.621177e-04	4.338865e-02	4.701543e-01	3.052032e-02
7.614354e-04	4.652915e-02	5.044347e-01	3.272939e-02
8.756507e-04	4.989695e-02	5.423063e-01	3.509836e-02
1.006998e-03	5.350852e-02	5.817151e-01	3.763880e-02
1.158048e-03	5.738149e-02	6.225247e-01	4.036312e-02
1.331755e-03	6.153480e-02	6.646759e-01	4.328462e-02
1.531519e-03	6.598872e-02	7.087400e-01	4.641759e-02
1.761246e-03	7.076502e-02	7.540147e-01	4.977732e-02
2.025433e-03	7.588702e-02	7.983940e-01	5.338023e-02
2.329248e-03	8.137977e-02	8.451187e-01	5.724391e-02
2.678635e-03	8.727008e-02	8.927220e-01	6.138726e-02
3.080431e-03	9.358673e-02	9.407113e-01	6.583050e-02
3.542495e-03	1.003606e-01	9.862050e-01	7.059535e-02
4.073870e-03	1.076247e-01	1.031767e+00	7.570508e-02
4.684950e-03	1.154147e-01	1.081543e+00	8.118465e-02
5.387693e-03	1.237685e-01	1.129133e+00	8.706084e-02
6.195847e-03	1.327269e-01	1.174203e+00	9.336235e-02
7.125224e-03	1.423337e-01	1.216232e+00	1.001200e-01
8.194007e-03	1.526359e-01	1.256378e+00	1.073667e-01
9.423108e-03	1.636838e-01	1.299362e+00	1.150785e-01
1.083657e-02	1.755313e-01	1.338749e+00	1.234567e-01
1.246206e-02	1.882363e-01	1.374658e+00	1.324119e-01
1.433137e-02	2.018610e-01	1.408891e+00	1.419959e-01
1.648108e-02	2.164718e-01	1.438892e+00	1.522731e-01
1.895324e-02	2.321401e-01	1.466513e+00	1.632946e-01
2.179622e-02	2.489426e-01	1.490788e+00	1.751137e-01
2.506566e-02	2.669612e-01	1.513238e+00	1.877882e-01
2.882550e-02	2.862840e-01	1.533369e+00	2.013802e-01
3.314933e-02	3.070053e-01	1.548062e+00	2.159561e-01
3.812173e-02	3.292265e-01	1.559838e+00	2.315868e-01
4.383999e-02	3.530561e-01	1.571244e+00	2.483489e-01
5.041599e-02	3.786105e-01	1.579542e+00	2.663243e-01
5.797838e-02	4.060146e-01	1.583916e+00	2.856008e-01
6.667514e-02	4.354021e-01	1.584096e+00	3.062726e-01
7.667641e-02	4.669167e-01	1.580539e+00	3.284405e-01
8.817787e-02	5.007124e-01	1.575027e+00	3.522128e-01
1.014046e-01	5.369543e-01	1.565738e+00	3.777059e-01
1.166152e-01	5.758193e-01	1.552075e+00	4.050444e-01
1.341075e-01	6.174974e-01	1.534423e+00	4.343615e-01
1.542237e-01	6.621922e-01	1.512843e+00	4.658005e-01
1.773572e-01	7.101220e-01	1.487305e+00	4.995150e-01
2.039608e-01	7.615210e-01	1.457930e+00	5.356700e-01
2.345549e-01	8.166403e-01	1.424395e+00	5.744420e-01
2.697381e-01	8.757492e-01	1.387383e+00	6.160202e-01
3.101989e-01	9.391363e-01	1.347161e+00	6.606077e-01
3.567287e-01	1.007112e+00	1.305005e+00	7.084225e-01
4.102380e-01	1.080007e+00	1.259539e+00	7.596984e-01
4.717737e-01	1.158178e+00	1.209326e+00	8.146857e-01
5.425397e-01	1.242008e+00	1.157905e+00	8.736527e-01
6.239207e-01	1.331905e+00	1.105714e+00	9.368881e-01
7.175088e-01	1.428309e+00	1.054082e+00	1.004700e+00
8.251351e-01	1.531691e+00	1.001388e+00	1.077415e+00
9.489054e-01	1.636849e+00	9.445177e-01	1.155445e+00
1.091241e+00	1.738939e+00	8.890817e-01	1.239746e+00
1.254927e+00	1.846223e+00	8.349624e-01	1.331046e+00
1.443166e+00	9.883145e-01	7.808194e-01	1.429978e+00
1.659641e+00	1.059877e+00	7.296442e-01	1.537277e+00
1.908588e+00	1.136620e+00	6.798718e-01	1.653787e+00
2.194876e+00	1.218918e+00	6.322478e-01	1.780481e+00
2.524107e+00	1.297789e+00	5.851978e-01	1.918504e+00
2.902723e+00	1.393572e+00	5.391332e-01	2.069215e+00
3.338132e+00	1.528332e+00	4.993077e-01	2.234257e+00
3.838852e+00	1.675048e+00	4.619268e-01	2.415639e+00
4.414679e+00	1.837466e+00	4.220397e-01	2.615856e+00
5.076881e+00	2.006056e+00	3.886124e-01	2.838052e+00
5.838413e+00	2.192496e+00	3.625655e-01	3.086225e+00
6.714175e+00	2.390787e+00	3.359317e-01	3.365507e+00
7.721302e+00	2.599727e+00	3.053029e-01	3.520452e+00
8.879497e+00	2.828607e+00	2.700797e-01	3.385288e+00
1.021142e+01	3.052913e+00	2.404426e-01	3.272206e+00
1.174313e+01	3.308055e+00	2.165783e-01	3.182580e+00
1.350460e+01	3.596209e+00	1.954680e-01	3.117910e+00
1.553030e+01	3.907770e+00	1.760381e-01	3.079845e+00
1.785984e+01	4.255745e+00	1.580505e-01	3.070179e+00
2.053882e+01	4.632228e+00	1.430848e-01	3.090738e+00
2.361964e+01	5.041698e+00	1.286413e-01	3.143717e+00
2.716258e+01	5.475686e+00	1.153448e-01	3.231262e+00
3.123697e+01	5.922688e+00	1.035552e-01	3.355706e+00
3.592252e+01	6.406912e+00	9.356324e-02	3.519619e+00
4.131089e+01	6.860267e+00	8.436463e-02	3.725956e+00
4.750753e+01	7.324183e+00	7.481438e-02	3.978271e+00
5.463366e+01	7.786402e+00	6.650299e-02	4.280998e+00
6.282871e+01	8.218559e+00	5.947699e-02	4.639735e+00
7.225301e+01	8.667942e+00	5.340259e-02	5.061638e+00
8.309096e+01	9.059998e+00	4.793491e-02	5.555784e+00
9.555461e+01	9.403195e+00	4.233871e-02	6.133582e+00
1.098878e+02	9.691874e+00	3.750266e-02	6.809295e+00
1.263710e+02	9.978958e+00	3.335885e-02	7.600611e+00
1.453266e+02	1.026086e+01	2.952003e-02	8.529425e+00
1.671256e+02	1.043370e+01	2.627518e-02	9.622959e+00
1.921945e+02	1.335014e+01	2.338601e-02	1.091344e+01
2.210236e+02	1.298694e+01	2.083515e-02	1.244384e+01
2.541772e+02	1.261414e+01	1.848358e-02	1.427147e+01
2.923037e+02	1.217467e+01	1.631043e-02	1.645109e+01
3.361493e+02	1.169941e+01	1.460615e-02	1.905994e+01
3.865717e+02	1.118819e+01	1.310506e-02	2.219701e+01
4.445574e+02	1.066725e+01	1.152484e-02	2.598485e+01
5.112411e+02	1.013705e+01	1.014523e-02	3.057307e+01
5.879272e+02	9.602898e+00	8.964716e-03	3.616192e+01
6.761163e+02	9.077539e+00	7.982832e-03	4.302073e+01
7.775337e+02	8.584233e+00	7.144423e-03	5.145832e+01
8.941638e+02	8.145691e+00	6.260702e-03	6.180982e+01
1.028288e+03	7.711181e+00	5.501697e-03	7.453883e+01
1.182532e+03	7.274290e+00	4.854689e-03	9.026780e+01
1.359911e+03	6.840250e+00	4.282667e-03	1.097924e+02
1.563898e+03	6.410872e+00	3.777607e-03	1.341312e+02
1.798483e+03	5.990722e+00	3.318166e-03	1.645787e+02
2.068255e+03	5.575632e+00	2.951769e-03	2.028105e+02
2.378493e+03	5.168171e+00	2.605544e-03	2.510213e+02
2.735268e+03	4.777979e+00	2.294380e-03	3.119873e+02
3.145558e+03	4.416423e+00	2.029217e-03	3.891535e+02
3.617391e+03	4.071428e+00	1.807593e-03	4.869327e+02
4.160000e+03	3.744037e+00	1.605185e-03	6.111077e+02
4.784000e+03	3.434610e+00	1.399670e-03	7.690475e+02
5.501600e+03	3.144621e+00	1.224777e-03	9.701702e+02
6.326840e+03	2.875951e+00	1.080841e-03	1.226456e+03
7.275866e+03	2.627306e+00	9.584618e-04	1.553092e+03
8.367246e+03	2.398085e+00	8.486256e-04	1.969277e+03
9.622333e+03	2.189211e+00	7.385744e-04	2.499155e+03
