# Energy_MeV	dEdx_Elec_MeV_um	dEdx_Nucl_MeV_um	Range_um
1.000000e-05	4.942327e-03	2.897643e-02	4.046677e-03
1.150000e-05	5.300055e-03	3.217988e-02	4.339578e-03
1.322500e-05	5.683676e-03	3.567545e-02	4.653678e-03
1.520875e-05	6.095063e-03	3.953049e-02	4.990514e-03
1.749006e-05	6.536227e-03	4.377952e-02	5.351730e-03
2.011357e-05	7.009323e-03	4.844093e-02	5.739091e-03
2.313061e-05	7.516661e-03	5.353056e-02	6.154490e-03
2.660020e-05	8.060721e-03	5.912773e-02	6.599955e-03
3.059023e-05	8.644161e-03	6.531773e-02	7.077663e-03
3.517876e-05	9.269830e-03	7.212154e-02	7.589948e-03
4.045558e-05	9.940785e-03	7.937399e-02	8.139313e-03
4.652391e-05	1.066030e-02	8.726662e-02	8.728440e-03
5.350250e-05	1.143190e-02	9.629518e-02	9.360210e-03
6.152788e-05	1.225935e-02	1.059892e-01	1.003771e-02
7.075706e-05	1.314669e-02	1.164944e-01	1.076424e-02
8.137062e-05	1.409825e-02	1.277436e-01	1.154336e-02
9.357621e-05	1.511869e-02	1.398480e-01	1.237888e-02
1.076126e-04	1.621299e-02	1.537015e-01	1.327487e-02
1.237545e-04	1.738649e-02	1.683988e-01	1.423571e-02
1.423177e-04	1.864494e-02	1.842727e-01	1.526610e-02
1.636654e-04	1.999447e-02	2.014663e-01	1.637106e-02
1.882152e-04	2.144168e-02	2.198710e-01	1.755601e-02
2.164475e-04	2.299364e-02	2.399222e-01	1.882672e-02
2.489146e-04	2.465793e-02	2.609857e-01	2.018941e-02
2.862518e-04	2.644268e-02	2.840740e-01	2.165073e-02
3.291895e-04	2.835662e-02	3.087744e-01	2.321782e-02
3.785680e-04	3.040909e-02	3.345692e-01	2.489834e-02
4.353531e-04	3.261011e-02	3.616485e-01	2.670050e-02
5.006561e-04	3.497045e-02	3.914009e-01	2.863309e-02
5.757545e-04	3.750163e-02	4.238067e-01	3.070557e-02
6.621177e-04	4.021602e-02	4.574225e-01	3.292806e-02
7.614354e-04	4.312688e-02	4.925166e-01	3.531141e-02
8.756507e-04	4.624842e-02	5.284658e-01	3.786727e-02
1.006998e-03	4.959591e-02	5.675866e-01	4.060812e-02
1.158048e-03	5.318568e-02	6.096059e-01	4.354736e-02
1.331755e-03	5.703529e-02	6.524336e-01	4.669934e-02
1.531519e-03	6.116354e-02	6.971043e-01	5.007946e-02
1.761246e-03	6.559059e-02	7.436923e-01	5.370424e-02
2.025433e-03	7.033807e-02	7.911595e-01	5.759138e-02
2.329248e-03	7.542917e-02	8.386117e-01	6.175988e-02
2.678635e-03	8.088878e-02	8.875220e-01	6.623009e-02
3.080431e-03	8.674355e-02	9.382795e-01	7.102386e-02
3.542495e-03	9.302209e-02	9.899881e-01	7.616460e-02
4.073870e-03	9.975508e-02	1.038353e+00	8.167744e-02
4.684950e-03	1.069754e-01	1.085822e+00	8.758929e-02
5.387693e-03	1.147183e-01	1.139745e+00	9.392905e-02
6.195847e-03	1.230217e-01	1.190291e+00	1.007277e-01
7.125224e-03	1.319261e-01	1.238948e+00	1.080184e-01
8.194007e-03	1.414750e-01	1.284042e+00	1.158368e-01
9.423108e-03	1.517150e-01	1.325649e+00	1.242212e-01
1.083657e-02	1.626962e-01	1.372679e+00	1.331855e-01
1.246206e-02	1.744723e-01	1.414812e+00	1.428304e-01
1.433137e-02	1.871007e-01	1.453731e+00	1.531994e-01
1.648108e-02	2.006431e-01	1.490106e+00	1.642856e-01
1.895324e-02	2.151658e-01	1.522503e+00	1.761772e-01
2.179622e-02	2.307396e-01	1.553146e+00	1.889287e-01
2.506566e-02	2.474406e-01	1.578975e+00	2.026032e-01
2.882550e-02	2.653505e-01	1.603648e+00	2.172675e-01
3.314933e-02	2.845567e-01	1.625261e+00	2.329931e-01
3.812173e-02	3.051531e-01	1.641896e+00	2.498569e-01
4.383999e-02	3.272402e-01	1.654818e+00	2.679415e-01
5.041599e-02	3.509260e-01	1.666600e+00	2.873350e-01
5.797838e-02	3.763263e-01	1.676678e+00	3.081322e-01
6.667514e-02	4.035649e-01	1.681967e+00	3.304346e-01
7.667641e-02	4.327752e-01	1.683234e+00	3.543513e-01
8.817787e-02	4.640997e-01	1.680118e+00	3.799993e-01
1.014046e-01	4.976915e-01	1.674424e+00	4.075036e-01
1.166152e-01	5.337146e-01	1.665704e+00	4.369986e-01
1.341075e-01	5.723452e-01	1.652036e+00	4.686283e-01
1.542237e-01	6.137718e-01	1.634158e+00	5.025477e-01
1.773572e-01	6.581970e-01	1.612104e+00	5.389222e-01
2.039608e-01	7.058376e-01	1.585777e+00	5.779294e-01
2.345549e-01	7.569265e-01	1.555373e+00	6.197598e-01
2.697381e-01	8.117133e-01	1.520695e+00	6.646180e-01
3.101989e-01	8.704655e-01	1.482008e+00	7.127233e-01
3.567287e-01	9.334702e-01	1.439410e+00	7.643104e-01
4.102380e-01	1.001035e+00	1.395244e+00	8.196313e-01
4.717737e-01	1.073491e+00	1.348260e+00	8.789561e-01
5.425397e-01	1.151191e+00	1.294731e+00	9.425751e-01
6.239207e-01	1.234514e+00	1.240703e+00	1.010799e+00
7.175088e-01	1.323869e+00	1.184617e+00	1.083962e+00
8.251351e-01	1.419692e+00	1.130078e+00	1.162417e+00
9.489054e-01	1.522450e+00	1.075646e+00	1.246560e+00
1.091241e+00	1.631452e+00	1.014264e+00	1.336771e+00
1.254927e+00	1.733492e+00	9.555598e-01	1.434019e+00
1.443166e+00	1.840825e+00	8.975410e-01	1.539345e+00
1.659641e+00	1.953340e+00	8.404469e-01	1.653431e+00
1.908588e+00	2.070764e+00	7.858518e-01	1.777133e+00
2.194876e+00	1.106890e+00	7.316356e-01	1.911404e+00
2.524107e+00	1.187031e+00	6.814067e-01	2.057342e+00
2.902723e+00	1.267282e+00	6.306860e-01	2.216232e+00
3.338132e+00	1.353630e+00	5.819412e-01	2.389598e+00
3.838852e+00	1.481891e+00	5.383788e-01	2.579269e+00
4.414679e+00	1.628061e+00	4.985146e-01	2.787476e+00
5.076881e+00	1.785780e+00	4.573117e-01	3.016976e+00
5.838413e+00	1.955360e+00	4.191304e-01	3.271225e+00
6.714175e+00	2.143048e+00	3.903692e-01	3.554611e+00
7.721302e+00	2.337278e+00	3.628569e-01	3.872753e+00
8.879497e+00	2.550373e+00	3.312176e-01	4.232898e+00
1.021142e+01	2.774578e+00	2.948325e-01	4.135441e+00
1.174313e+01	3.004861e+00	2.611782e-01	3.981516e+00
1.350460e+01	3.256159e+00	2.349924e-01	3.856488e+00
1.553030e+01	3.537218e+00	2.119762e-01	3.761851e+00
1.785984e+01	3.848905e+00	1.905413e-01	3.699277e+00
2.053882e+01	4.188509e+00	1.714356e-01	3.670628e+00
2.361964e+01	4.561078e+00	1.551450e-01	3.677869e+00
2.716258e+01	4.977570e+00	1.398082e-01	3.723274e+00
3.123697e+01	5.404274e+00	1.252704e-01	3.809209e+00
3.592252e+01	5.864812e+00	1.119318e-01	3.938199e+00
4.131089e+01	6.355545e+00	1.011930e-01	4.113019e+00
4.750753e+01	6.826758e+00	9.169094e-02	4.336839e+00
5.463366e+01	7.324950e+00	8.111795e-02	4.613457e+00
6.282871e+01	7.785829e+00	7.214618e-02	4.947595e+00
7.225301e+01	8.253144e+00	6.436353e-02	5.345259e+00
8.309096e+01	8.726470e+00	5.779991e-02	5.814067e+00
9.555461e+01	9.140384e+00	5.215186e-02	6.363833e+00
1.098878e+02	9.549331e+00	4.594365e-02	7.006877e+00
1.263710e+02	9.844931e+00	4.071619e-02	7.758656e+00
1.453266e+02	1.015510e+01	3.619114e-02	8.638386e+00
1.671256e+02	1.048769e+01	3.209188e-02	9.669896e+00
1.921945e+02	1.068637e+01	2.857565e-02	1.088252e+01
2.210236e+02	1.383369e+01	2.535365e-02	1.231238e+01
2.541772e+02	1.341793e+01	2.263620e-02	1.400318e+01
2.923037e+02	1.306914e+01	2.006567e-02	1.601890e+01
3.361493e+02	1.264555e+01	1.774392e-02	1.842229e+01
3.865717e+02	1.217739e+01	1.584980e-02	2.129320e+01
4.445574e+02	1.166669e+01	1.423079e-02	2.473804e+01
5.112411e+02	1.113828e+01	1.259845e-02	2.889050e+01
5.879272e+02	1.060307e+01	1.105226e-02	3.391165e+01
6.761163e+02	1.005753e+01	9.771794e-03	4.001089e+01
7.775337e+02	9.520916e+00	8.672036e-03	4.747549e+01
8.941638e+02	8.992565e+00	7.762484e-03	5.665299e+01
1.028288e+03	8.542687e+00	6.849611e-03	6.791232e+01
1.182532e+03	8.101567e+00	5.997570e-03	8.172914e+01
1.359911e+03	7.656583e+00	5.295166e-03	9.876553e+01
1.563898e+03	7.211734e+00	4.666627e-03	1.198691e+02
1.798483e+03	6.770488e+00	4.102038e-03	1.461266e+02
2.068255e+03	6.337034e+00	3.614264e-03	1.789186e+02
2.378493e+03	5.910795e+00	3.212935e-03	2.200172e+02
2.735268e+03	5.488731e+00	2.843922e-03	2.717479e+02
3.145558e+03	5.080929e+00	2.501609e-03	3.370856e+02
3.617391e+03	4.700889e+00	2.198851e-03	4.197268e+02
4.160000e+03	4.340188e+00	1.959826e-03	5.243364e+02
4.784000e+03	3.996826e+00	1.750741e-03	6.570373e+02
5.501600e+03	3.671594e+00	1.521994e-03	8.256785e+02
6.326840e+03	3.365364e+00	1.332418e-03	1.040282e+03
7.275866e+03	3.080713e+00	1.172324e-03	1.313615e+03
8.367246e+03	2.816909e+00	1.039673e-03	1.661881e+03
9.622333e+03	2.572919e+00	9.262133e-04	2.105581e+03
