# Energy_MeV	dEdx_Elec_MeV_um	dEdx_Nucl_MeV_um	Range_um
1.000000e-05	5.216731e-03	3.431896e-02	3.833819e-03
1.150000e-05	5.594320e-03	3.771560e-02	4.111313e-03
1.322500e-05	5.999240e-03	4.153627e-02	4.408892e-03
1.520875e-05	6.433469e-03	4.578628e-02	4.728009e-03
1.749006e-05	6.899126e-03	5.034912e-02	5.070225e-03
2.011357e-05	7.398489e-03	5.543317e-02	5.437211e-03
2.313061e-05	7.933995e-03	6.070084e-02	5.830759e-03
2.660020e-05	4.283625e-03	6.658816e-02	6.252792e-03
3.059023e-05	4.623094e-03	7.308656e-02	6.705373e-03
3.517876e-05	4.986955e-03	8.003043e-02	7.190711e-03
4.045558e-05	5.376988e-03	8.770353e-02	7.711179e-03
4.652391e-05	5.795100e-03	9.579416e-02	8.269318e-03
5.350250e-05	6.243337e-03	1.046325e-01	8.867856e-03
6.152788e-05	6.723889e-03	1.141787e-01	9.509716e-03
7.075706e-05	7.239107e-03	1.241883e-01	1.019803e-02
8.137062e-05	7.791508e-03	1.352295e-01	1.093617e-02
9.357621e-05	8.383792e-03	1.468842e-01	1.172774e-02
1.076126e-04	9.018854e-03	1.592234e-01	1.257660e-02
1.237545e-04	9.699797e-03	1.724131e-01	1.348690e-02
1.423177e-04	1.042995e-02	1.865524e-01	1.446309e-02
1.636654e-04	1.121288e-02	2.016407e-01	1.550993e-02
1.882152e-04	1.205240e-02	2.181425e-01	1.663255e-02
2.164475e-04	1.295263e-02	2.344594e-01	1.783643e-02
2.489146e-04	1.391797e-02	2.521713e-01	1.912744e-02
2.862518e-04	1.495312e-02	2.707170e-01	2.051189e-02
3.291895e-04	1.606314e-02	2.902147e-01	2.199655e-02
3.785680e-04	1.725347e-02	3.113812e-01	2.358867e-02
4.353531e-04	1.852990e-02	3.322025e-01	2.529603e-02
5.006561e-04	1.989869e-02	3.550231e-01	2.712697e-02
5.757545e-04	2.136651e-02	3.771503e-01	2.909044e-02
6.621177e-04	2.294054e-02	3.999494e-01	3.119602e-02
7.614354e-04	2.462847e-02	4.239748e-01	3.345400e-02
8.756507e-04	2.643854e-02	4.475304e-01	3.587542e-02
1.006998e-03	2.837960e-02	4.729113e-01	3.847210e-02
1.158048e-03	3.046113e-02	4.952365e-01	4.125674e-02
1.331755e-03	3.269329e-02	5.192048e-01	4.424292e-02
1.531519e-03	3.508700e-02	5.441225e-01	4.744525e-02
1.761246e-03	3.765395e-02	5.679063e-01	5.087936e-02
2.025433e-03	4.040667e-02	5.922290e-01	5.456203e-02
2.329248e-03	4.335862e-02	6.130428e-01	5.851126e-02
2.678635e-03	4.652422e-02	6.346360e-01	6.274634e-02
3.080431e-03	4.991892e-02	6.562412e-01	6.728795e-02
3.542495e-03	5.355933e-02	6.762127e-01	7.215829e-02
4.073870e-03	5.746321e-02	6.957961e-01	7.738114e-02
4.684950e-03	6.164965e-02	7.128540e-01	8.293986e-02
5.387693e-03	6.613910e-02	7.290668e-01	8.897570e-02
6.195847e-03	7.095348e-02	7.440725e-01	9.543182e-02
7.125224e-03	7.611632e-02	7.564725e-01	1.023390e-01
8.194007e-03	8.165283e-02	7.685297e-01	1.097460e-01
9.423108e-03	8.759008e-02	7.787283e-01	1.176894e-01
1.083657e-02	9.395706e-02	7.871068e-01	1.262076e-01
1.246206e-02	1.007849e-01	7.941787e-01	1.353424e-01
1.433137e-02	1.081069e-01	7.997643e-01	1.451384e-01
1.648108e-02	1.159589e-01	8.040551e-01	1.556435e-01
1.895324e-02	1.243792e-01	8.075557e-01	1.669089e-01
2.179622e-02	1.334089e-01	8.078148e-01	1.789896e-01
2.506566e-02	1.430922e-01	8.070444e-01	1.919448e-01
2.882550e-02	1.534765e-01	8.043452e-01	2.058377e-01
3.314933e-02	1.646123e-01	7.999237e-01	2.207362e-01
3.812173e-02	1.765541e-01	7.940264e-01	2.367131e-01
4.383999e-02	1.893603e-01	7.854367e-01	2.538462e-01
5.041599e-02	2.030934e-01	7.752075e-01	2.722196e-01
5.797838e-02	2.178205e-01	7.627044e-01	2.919229e-01
6.667514e-02	2.336136e-01	7.483734e-01	3.130523e-01
7.667641e-02	2.505497e-01	7.318849e-01	3.357110e-01
8.817787e-02	2.687117e-01	7.136930e-01	3.600096e-01
1.014046e-01	2.881883e-01	6.933780e-01	3.860672e-01
1.166152e-01	3.090746e-01	6.726329e-01	4.140108e-01
1.341075e-01	3.314727e-01	6.496632e-01	4.439770e-01
1.542237e-01	3.554919e-01	6.247248e-01	4.761121e-01
1.773572e-01	3.812497e-01	5.990863e-01	5.105730e-01
2.039608e-01	4.088719e-01	5.720715e-01	5.475285e-01
2.345549e-01	4.384933e-01	5.464032e-01	5.871589e-01
2.697381e-01	4.702587e-01	5.191032e-01	6.296575e-01
3.101989e-01	5.043234e-01	4.907125e-01	6.752325e-01
3.567287e-01	5.408536e-01	4.626565e-01	7.241052e-01
4.102380e-01	5.800280e-01	4.343157e-01	7.765142e-01
4.717737e-01	6.220389e-01	4.072825e-01	8.327426e-01
5.425397e-01	6.670929e-01	3.806253e-01	8.934702e-01
6.239207e-01	7.154078e-01	3.543183e-01	9.592419e-01
7.175088e-01	7.672198e-01	3.302089e-01	1.030506e+00
8.251351e-01	8.227820e-01	3.058517e-01	1.107795e+00
9.489054e-01	8.823659e-01	2.826274e-01	1.191713e+00
1.091241e+00	9.462627e-01	2.615658e-01	1.282959e+00
1.254927e+00	1.006455e+00	2.410813e-01	1.382354e+00
1.443166e+00	1.077421e+00	2.215485e-01	1.490874e+00
1.659641e+00	1.178554e+00	2.046519e-01	1.609695e+00
1.908588e+00	1.288852e+00	1.885874e-01	1.740254e+00
2.194876e+00	1.410092e+00	1.755449e-01	1.850581e+00
2.524107e+00	1.538191e+00	1.605459e-01	1.839145e+00
2.902723e+00	1.681350e+00	1.432971e-01	1.827910e+00
3.338132e+00	1.837075e+00	1.283605e-01	1.818119e+00
3.838852e+00	2.007900e+00	1.139106e-01	1.811176e+00
4.414679e+00	2.198280e+00	1.033955e-01	1.808658e+00
5.076881e+00	2.395067e+00	9.260496e-02	1.812249e+00
5.838413e+00	2.617040e+00	8.369501e-02	1.824012e+00
6.714175e+00	2.864800e+00	7.565060e-02	1.846083e+00
7.721302e+00	3.124039e+00	6.781950e-02	1.880833e+00
8.879497e+00	3.407166e+00	6.119459e-02	1.930842e+00
1.021142e+01	3.666188e+00	5.452936e-02	1.998893e+00
1.174313e+01	3.935433e+00	4.949095e-02	2.087965e+00
1.350460e+01	4.189777e+00	4.447896e-02	2.201228e+00
1.553030e+01	4.437968e+00	3.965772e-02	2.342059e+00
1.785984e+01	4.699124e+00	3.533217e-02	2.514140e+00
2.053882e+01	4.921487e+00	3.141831e-02	2.721562e+00
2.361964e+01	5.144408e+00	2.830637e-02	2.969020e+00
2.716258e+01	5.351254e+00	2.531016e-02	3.262092e+00
3.123697e+01	5.532187e+00	2.248461e-02	3.607555e+00
3.592252e+01	5.712069e+00	1.993259e-02	4.013793e+00
4.131089e+01	5.842650e+00	1.766244e-02	4.491233e+00
4.750753e+01	5.944433e+00	1.570173e-02	5.052888e+00
5.463366e+01	6.003732e+00	1.395482e-02	5.715005e+00
6.282871e+01	6.054884e+00	1.236243e-02	6.497837e+00
7.225301e+01	6.096992e+00	1.103696e-02	7.426644e+00
8.309096e+01	6.081856e+00	9.798955e-03	8.533074e+00
9.555461e+01	7.250845e+00	8.678263e-03	9.855631e+00
1.098878e+02	6.922566e+00	7.756415e-03	1.144471e+01
1.263710e+02	6.607163e+00	6.900699e-03	1.336843e+01
1.453266e+02	6.276149e+00	6.126868e-03	1.569703e+01
1.671256e+02	5.939289e+00	5.434552e-03	1.852669e+01
1.921945e+02	5.596460e+00	4.746311e-03	2.198191e+01
2.210236e+02	5.258342e+00	4.253045e-03	2.621980e+01
2.541772e+02	4.926362e+00	3.765053e-03	3.143550e+01
2.923037e+02	4.596994e+00	3.332294e-03	3.788917e+01
3.361493e+02	4.277380e+00	2.951570e-03	4.593272e+01
3.865717e+02	3.978800e+00	2.572665e-03	5.598673e+01
4.445574e+02	3.712652e+00	2.287262e-03	6.852541e+01
5.112411e+02	3.454664e+00	2.000595e-03	8.419118e+01
5.879272e+02	3.203314e+00	1.770632e-03	1.038485e+02
6.761163e+02	2.960474e+00	1.572605e-03	1.286120e+02
7.775337e+02	2.727282e+00	1.382140e-03	1.599199e+02
8.941638e+02	2.505342e+00	1.226939e-03	1.996146e+02
1.028288e+03	2.293542e+00	1.074193e-03	2.500871e+02
1.182532e+03	2.092490e+00	9.605673e-04	3.144764e+02
1.359911e+03	1.904513e+00	8.505819e-04	3.967822e+02
1.563898e+03	1.733691e+00	7.466846e-04	5.019947e+02
1.798483e+03	1.574837e+00	6.537006e-04	6.364900e+02
2.068255e+03	1.428298e+00	5.737952e-04	8.086015e+02
2.378493e+03	1.294038e+00	5.099121e-04	1.028944e+03
2.735268e+03	1.171404e+00	4.501267e-04	1.311057e+03
3.145558e+03	1.059769e+00	3.945136e-04	1.672122e+03
3.617391e+03	9.587446e-01	3.441198e-04	2.133862e+03
4.160000e+03	8.679365e-01	3.012550e-04	2.723666e+03
4.784000e+03	7.865363e-01	2.637564e-04	3.475893e+03
5.501600e+03	7.137355e-01	2.315617e-04	4.433426e+03
6.326840e+03	6.489211e-01	2.024877e-04	5.649514e+03
7.275866e+03	5.913286e-01	1.782783e-04	7.189888e+03
8.367246e+03	5.401892e-01	1.563848e-04	9.135170e+03
9.622333e+03	4.951159e-01	1.363676e-04	1.158354e+04
