# Energy_MeV	dEdx_Elec_MeV_um	dEdx_Nucl_MeV_um	Range_um
1.000000e-05	5.188594e-03	3.007389e-02	3.854609e-03
1.150000e-05	5.564147e-03	3.335912e-02	4.133608e-03
1.322500e-05	5.966883e-03	3.697412e-02	4.432800e-03
1.520875e-05	6.398769e-03	4.094580e-02	4.753649e-03
1.749006e-05	6.861915e-03	4.529568e-02	5.097720e-03
2.011357e-05	7.358584e-03	5.012611e-02	5.466696e-03
2.313061e-05	7.891203e-03	5.536120e-02	5.862378e-03
2.660020e-05	8.462372e-03	6.117506e-02	6.286700e-03
3.059023e-05	9.074883e-03	6.754924e-02	6.741735e-03
3.517876e-05	9.731728e-03	7.440056e-02	7.229705e-03
4.045558e-05	1.043612e-02	8.183682e-02	7.752995e-03
4.652391e-05	1.119149e-02	9.013581e-02	8.314161e-03
5.350250e-05	1.200153e-02	9.931546e-02	8.915945e-03
6.152788e-05	1.287021e-02	1.092363e-01	9.561285e-03
7.075706e-05	1.380176e-02	1.199221e-01	1.025334e-02
8.137062e-05	1.480074e-02	1.313877e-01	1.099548e-02
9.357621e-05	1.587203e-02	1.441320e-01	1.179134e-02
1.076126e-04	1.702085e-02	1.581198e-01	1.264480e-02
1.237545e-04	1.825283e-02	1.731305e-01	1.356004e-02
1.423177e-04	1.957398e-02	1.893576e-01	1.454152e-02
1.636654e-04	2.099076e-02	2.070167e-01	1.559404e-02
1.882152e-04	2.251008e-02	2.258800e-01	1.672275e-02
2.164475e-04	2.413937e-02	2.458701e-01	1.793315e-02
2.489146e-04	2.588659e-02	2.675324e-01	1.923116e-02
2.862518e-04	2.776027e-02	2.909549e-01	2.062312e-02
3.291895e-04	2.976958e-02	3.162517e-01	2.211583e-02
3.785680e-04	3.192432e-02	3.420746e-01	2.371659e-02
4.353531e-04	3.423501e-02	3.695553e-01	2.543321e-02
5.006561e-04	3.671296e-02	4.007861e-01	2.727408e-02
5.757545e-04	3.937027e-02	4.330849e-01	2.924819e-02
6.621177e-04	4.221991e-02	4.670754e-01	3.136519e-02
7.614354e-04	4.527581e-02	5.017148e-01	3.363542e-02
8.756507e-04	4.855289e-02	5.377557e-01	3.606997e-02
1.006998e-03	5.206718e-02	5.785617e-01	3.868073e-02
1.158048e-03	5.583583e-02	6.200469e-01	4.148046e-02
1.331755e-03	5.987726e-02	6.629954e-01	4.448284e-02
1.531519e-03	6.421120e-02	7.076478e-01	4.770253e-02
1.761246e-03	6.885884e-02	7.529541e-01	5.115527e-02
2.025433e-03	7.384288e-02	8.003155e-01	5.485791e-02
2.329248e-03	7.918767e-02	8.473147e-01	5.882856e-02
2.678635e-03	8.491932e-02	8.966116e-01	6.308660e-02
3.080431e-03	9.106582e-02	9.467039e-01	6.765284e-02
3.542495e-03	9.765721e-02	9.945483e-01	7.254959e-02
4.073870e-03	1.047257e-01	1.041510e+00	7.780077e-02
4.684950e-03	1.123058e-01	1.091262e+00	8.343203e-02
5.387693e-03	1.204345e-01	1.142158e+00	8.947088e-02
6.195847e-03	1.291517e-01	1.190705e+00	9.594683e-02
7.125224e-03	1.384997e-01	1.236436e+00	1.028915e-01
8.194007e-03	1.485244e-01	1.278894e+00	1.103389e-01
9.423108e-03	1.592747e-01	1.322730e+00	1.183252e-01
1.083657e-02	1.708031e-01	1.366050e+00	1.268796e-01
1.246206e-02	1.831659e-01	1.405476e+00	1.360786e-01
1.433137e-02	1.964235e-01	1.442164e+00	1.459254e-01
1.648108e-02	2.106408e-01	1.477051e+00	1.564889e-01
1.895324e-02	2.258871e-01	1.507922e+00	1.678150e-01
2.179622e-02	2.422369e-01	1.534299e+00	1.799613e-01
2.506566e-02	2.597701e-01	1.558933e+00	1.929868e-01
2.882550e-02	2.785724e-01	1.581404e+00	2.069551e-01
3.314933e-02	2.987356e-01	1.601282e+00	2.219344e-01
3.812173e-02	3.203583e-01	1.615457e+00	2.379978e-01
4.383999e-02	3.435460e-01	1.626354e+00	2.552239e-01
5.041599e-02	3.684120e-01	1.638122e+00	2.736970e-01
5.797838e-02	3.950779e-01	1.645416e+00	2.935071e-01
6.667514e-02	4.236738e-01	1.648387e+00	3.147510e-01
7.667641e-02	4.543396e-01	1.647274e+00	3.375325e-01
8.817787e-02	4.872249e-01	1.642040e+00	3.619631e-01
1.014046e-01	5.224905e-01	1.635479e+00	3.881620e-01
1.166152e-01	5.603087e-01	1.624329e+00	4.162571e-01
1.341075e-01	6.008641e-01	1.608488e+00	4.463857e-01
1.542237e-01	6.443549e-01	1.588792e+00	4.786950e-01
1.773572e-01	6.909937e-01	1.564726e+00	5.133430e-01
2.039608e-01	7.410082e-01	1.536789e+00	5.504989e-01
2.345549e-01	7.946428e-01	1.504795e+00	5.903440e-01
2.697381e-01	8.521594e-01	1.468481e+00	6.330730e-01
3.101989e-01	9.138392e-01	1.428592e+00	6.788949e-01
3.567287e-01	9.799833e-01	1.386403e+00	7.280336e-01
4.102380e-01	1.050915e+00	1.341648e+00	7.807289e-01
4.717737e-01	1.126981e+00	1.292003e+00	8.372381e-01
5.425397e-01	1.208552e+00	1.239453e+00	8.978374e-01
6.239207e-01	1.296028e+00	1.185564e+00	9.628232e-01
7.175088e-01	1.389835e+00	1.131575e+00	1.032512e+00
8.251351e-01	1.490432e+00	1.078162e+00	1.107252e+00
9.489054e-01	1.598310e+00	1.020624e+00	1.187369e+00
1.091241e+00	1.701894e+00	9.621376e-01	1.273539e+00
1.254927e+00	1.807624e+00	9.051905e-01	1.366816e+00
1.443166e+00	1.918583e+00	8.490065e-01	1.467830e+00
1.659641e+00	2.034554e+00	7.929312e-01	1.577331e+00
1.908588e+00	1.083577e+00	7.392051e-01	1.696142e+00
2.194876e+00	1.162033e+00	6.897896e-01	1.825220e+00
2.524107e+00	1.243300e+00	6.403732e-01	1.965676e+00
2.902723e+00	1.326052e+00	5.919064e-01	2.118820e+00
3.338132e+00	1.440256e+00	5.451159e-01	2.286219e+00
3.838852e+00	1.583949e+00	5.045500e-01	2.469774e+00
4.414679e+00	1.735420e+00	4.666765e-01	2.671829e+00
5.076881e+00	1.903253e+00	4.255242e-01	2.895310e+00
5.838413e+00	2.083128e+00	3.931974e-01	3.143912e+00
6.714175e+00	2.275365e+00	3.679083e-01	3.422358e+00
7.721302e+00	2.488130e+00	3.388257e-01	3.736733e+00
8.879497e+00	2.703012e+00	3.053808e-01	3.799685e+00
1.021142e+01	2.935015e+00	2.694183e-01	3.652297e+00
1.174313e+01	3.176174e+00	2.404529e-01	3.530746e+00
1.350460e+01	3.447504e+00	2.172881e-01	3.436338e+00
1.553030e+01	3.754646e+00	1.956331e-01	3.370542e+00
1.785984e+01	4.080112e+00	1.766691e-01	3.334998e+00
2.053882e+01	4.443955e+00	1.589651e-01	3.331463e+00
2.361964e+01	4.848387e+00	1.435309e-01	3.361905e+00
2.716258e+01	5.268085e+00	1.288386e-01	3.428456e+00
3.123697e+01	5.728621e+00	1.152256e-01	3.533356e+00
3.592252e+01	6.198928e+00	1.040204e-01	3.679043e+00
4.131089e+01	6.683008e+00	9.413851e-02	3.868265e+00
4.750753e+01	7.179442e+00	8.409416e-02	4.104269e+00
5.463366e+01	7.638749e+00	7.463573e-02	4.391052e+00
6.282871e+01	8.121796e+00	6.652303e-02	4.733671e+00
7.225301e+01	8.575423e+00	5.957328e-02	5.138555e+00
8.309096e+01	9.014374e+00	5.365581e-02	5.613965e+00
9.555461e+01	9.449580e+00	4.768542e-02	6.170333e+00
1.098878e+02	9.750604e+00	4.215877e-02	6.820759e+00
1.263710e+02	1.006282e+01	3.745884e-02	7.581578e+00
1.453266e+02	1.038156e+01	3.326960e-02	8.473040e+00
1.671256e+02	1.062758e+01	2.945930e-02	9.520070e+00
1.921945e+02	1.083063e+01	2.611327e-02	1.075391e+01
2.210236e+02	1.352294e+01	2.336097e-02	1.221057e+01
2.541772e+02	1.318271e+01	2.078302e-02	1.394327e+01
2.923037e+02	1.278112e+01	1.840870e-02	1.601086e+01
3.361493e+02	1.232461e+01	1.628936e-02	1.847740e+01
3.865717e+02	1.182411e+01	1.458525e-02	2.143288e+01
4.445574e+02	1.129939e+01	1.308482e-02	2.499109e+01
5.112411e+02	1.077060e+01	1.146346e-02	2.928966e+01
5.879272e+02	1.022090e+01	1.009156e-02	3.450211e+01
6.761163e+02	9.683639e+00	8.938794e-03	4.086632e+01
7.775337e+02	9.150794e+00	7.964809e-03	4.868602e+01
8.941638e+02	8.678039e+00	7.125703e-03	5.828941e+01
1.028288e+03	8.236393e+00	6.230423e-03	7.006359e+01
1.182532e+03	7.792076e+00	5.475468e-03	8.455971e+01
1.359911e+03	7.346057e+00	4.835408e-03	1.024917e+02
1.563898e+03	6.904051e+00	4.253066e-03	1.247745e+02
1.798483e+03	6.467748e+00	3.762649e-03	1.525728e+02
2.068255e+03	6.041182e+00	3.320671e-03	1.873730e+02
2.378493e+03	5.616108e+00	2.944807e-03	2.311178e+02
2.735268e+03	5.203091e+00	2.595685e-03	2.863223e+02
3.145558e+03	4.813875e+00	2.278826e-03	3.561304e+02
3.617391e+03	4.448180e+00	2.027158e-03	4.444638e+02
4.160000e+03	4.099356e+00	1.810175e-03	5.564364e+02
4.784000e+03	3.768573e+00	1.589157e-03	6.986697e+02
5.501600e+03	3.456349e+00	1.387214e-03	8.796007e+02
6.326840e+03	3.165027e+00	1.218589e-03	1.109997e+03
7.275866e+03	2.895037e+00	1.077066e-03	1.403537e+03
8.367246e+03	2.644995e+00	9.589631e-04	1.777543e+03
9.622333e+03	2.415256e+00	8.390282e-04	2.253880e+03
