# Energy_MeV	dEdx_Elec_MeV_um	dEdx_Nucl_MeV_um	Range_um
1.000000e-05	4.376876e-03	3.281748e-02	4.569469e-03
1.150000e-05	4.693677e-03	3.621940e-02	4.900210e-03
1.322500e-05	5.033408e-03	3.996261e-02	5.254889e-03
1.520875e-05	5.397728e-03	4.398235e-02	5.635241e-03
1.749006e-05	2.904634e-03	4.839586e-02	6.043123e-03
2.011357e-05	3.135648e-03	5.332881e-02	6.480527e-03
2.313061e-05	3.383250e-03	5.872438e-02	6.949591e-03
2.660020e-05	3.648653e-03	6.447568e-02	7.452606e-03
3.059023e-05	3.933156e-03	7.071576e-02	7.992030e-03
3.517876e-05	4.238148e-03	7.748253e-02	8.570497e-03
4.045558e-05	4.565123e-03	8.501042e-02	9.190834e-03
4.652391e-05	4.915678e-03	9.320093e-02	9.856072e-03
5.350250e-05	5.291527e-03	1.019081e-01	1.056946e-02
6.152788e-05	5.694507e-03	1.114833e-01	1.133448e-02
7.075706e-05	6.126588e-03	1.215730e-01	1.215488e-02
8.137062e-05	6.589880e-03	1.325072e-01	1.303465e-02
9.357621e-05	7.086649e-03	1.442590e-01	1.397811e-02
1.076126e-04	7.619320e-03	1.568474e-01	1.498985e-02
1.237545e-04	8.190497e-03	1.706112e-01	1.607483e-02
1.423177e-04	8.802970e-03	1.845294e-01	1.723833e-02
1.636654e-04	9.459733e-03	1.996269e-01	1.848605e-02
1.882152e-04	1.016399e-02	2.162956e-01	1.982408e-02
2.164475e-04	1.091919e-02	2.336801e-01	2.125896e-02
2.489146e-04	1.172902e-02	2.524162e-01	2.279769e-02
2.862518e-04	1.259743e-02	2.711594e-01	2.444780e-02
3.291895e-04	1.352867e-02	2.911776e-01	2.621735e-02
3.785680e-04	1.452728e-02	3.130950e-01	2.811497e-02
4.353531e-04	1.559815e-02	3.354651e-01	3.014995e-02
5.006561e-04	1.674651e-02	3.593176e-01	3.233222e-02
5.757545e-04	1.797796e-02	3.833386e-01	3.467244e-02
6.621177e-04	1.929853e-02	4.087443e-01	3.718205e-02
7.614354e-04	2.071466e-02	4.349654e-01	3.987331e-02
8.756507e-04	2.223327e-02	4.603433e-01	4.275936e-02
1.006998e-03	2.386179e-02	4.876138e-01	4.585430e-02
1.158048e-03	2.560817e-02	5.146366e-01	4.917326e-02
1.331755e-03	2.748093e-02	5.420913e-01	5.273245e-02
1.531519e-03	2.948923e-02	5.686200e-01	5.654925e-02
1.761246e-03	3.164289e-02	5.950725e-01	6.064232e-02
2.025433e-03	3.395241e-02	6.231090e-01	6.503164e-02
2.329248e-03	3.642909e-02	6.510241e-01	6.973866e-02
2.678635e-03	3.908502e-02	6.763415e-01	7.478639e-02
3.080431e-03	4.193318e-02	7.010315e-01	8.019946e-02
3.542495e-03	4.498748e-02	7.242649e-01	8.600434e-02
4.073870e-03	4.826285e-02	7.483273e-01	9.222938e-02
4.684950e-03	5.177528e-02	7.715200e-01	9.890500e-02
5.387693e-03	5.554194e-02	7.917414e-01	1.060638e-01
6.195847e-03	5.958122e-02	8.118236e-01	1.137407e-01
7.125224e-03	6.391287e-02	8.287263e-01	1.219751e-01
8.194007e-03	6.855803e-02	8.445235e-01	1.308064e-01
9.423108e-03	7.353941e-02	8.587839e-01	1.402715e-01
1.083657e-02	7.888134e-02	8.713187e-01	1.504257e-01
1.246206e-02	8.460992e-02	8.831921e-01	1.613131e-01
1.433137e-02	9.075312e-02	8.912160e-01	1.729887e-01
1.648108e-02	9.734098e-02	8.982844e-01	1.855096e-01
1.895324e-02	1.044057e-01	9.048854e-01	1.989366e-01
2.179622e-02	1.119817e-01	9.091855e-01	2.133355e-01
2.506566e-02	1.201061e-01	9.119871e-01	2.287766e-01
2.882550e-02	1.288185e-01	9.117335e-01	2.453353e-01
3.314933e-02	1.381615e-01	9.098655e-01	2.630926e-01
3.812173e-02	1.481808e-01	9.066755e-01	2.821352e-01
4.383999e-02	1.589253e-01	9.010051e-01	3.025560e-01
5.041599e-02	1.704474e-01	8.932576e-01	3.244548e-01
5.797838e-02	1.828036e-01	8.829236e-01	3.479388e-01
6.667514e-02	1.960541e-01	8.704743e-01	3.731227e-01
7.667641e-02	2.102636e-01	8.557038e-01	4.001292e-01
8.817787e-02	2.255017e-01	8.387301e-01	4.290905e-01
1.014046e-01	2.418427e-01	8.193090e-01	4.601480e-01
1.166152e-01	2.593665e-01	7.980410e-01	4.934536e-01
1.341075e-01	2.781586e-01	7.749668e-01	5.291699e-01
1.542237e-01	2.983109e-01	7.504329e-01	5.674712e-01
1.773572e-01	3.199219e-01	7.241206e-01	6.085446e-01
2.039608e-01	3.430971e-01	6.955747e-01	6.525912e-01
2.345549e-01	3.679497e-01	6.655639e-01	6.998260e-01
2.697381e-01	3.946011e-01	6.360267e-01	7.504796e-01
3.101989e-01	4.231816e-01	6.058231e-01	8.047993e-01
3.567287e-01	4.538308e-01	5.753277e-01	8.630507e-01
4.102380e-01	4.866983e-01	5.432371e-01	9.255188e-01
4.717737e-01	5.219449e-01	5.107481e-01	9.925071e-01
5.425397e-01	5.597426e-01	4.800813e-01	1.064352e+00
6.239207e-01	6.002761e-01	4.484280e-01	1.141364e+00
7.175088e-01	6.437454e-01	4.193818e-01	1.224224e+00
8.251351e-01	6.903614e-01	3.908727e-01	1.313931e+00
9.489054e-01	7.403516e-01	3.630132e-01	1.411079e+00
1.091241e+00	7.939600e-01	3.364432e-01	1.516395e+00
1.254927e+00	8.514487e-01	3.094595e-01	1.630671e+00
1.443166e+00	9.130985e-01	2.872145e-01	1.754831e+00
1.659641e+00	9.757369e-01	2.651527e-01	1.889947e+00
1.908588e+00	1.038042e+00	2.420688e-01	2.037285e+00
2.194876e+00	1.125143e+00	2.239520e-01	2.198359e+00
2.524107e+00	1.233161e+00	2.082111e-01	2.375009e+00
2.902723e+00	1.346040e+00	1.927973e-01	2.569505e+00
3.338132e+00	1.471207e+00	1.750715e-01	2.621053e+00
3.838852e+00	1.606945e+00	1.546867e-01	2.604739e+00
4.414679e+00	1.754785e+00	1.385639e-01	2.589545e+00
5.076881e+00	1.920418e+00	1.241906e-01	2.577346e+00
5.838413e+00	2.097664e+00	1.123793e-01	2.570256e+00
6.714175e+00	2.291680e+00	1.011648e-01	2.570567e+00
7.721302e+00	2.501114e+00	9.070779e-02	2.580988e+00
8.879497e+00	2.733823e+00	8.225687e-02	2.604442e+00
1.021142e+01	2.993754e+00	7.374222e-02	2.644147e+00
1.174313e+01	3.257588e+00	6.631813e-02	2.703617e+00
1.350460e+01	3.529214e+00	5.957939e-02	2.786659e+00
1.553030e+01	3.806529e+00	5.368431e-02	2.897360e+00
1.785984e+01	4.055250e+00	4.836080e-02	3.040086e+00
2.053882e+01	4.315611e+00	4.305498e-02	3.219489e+00
2.361964e+01	4.563257e+00	3.813535e-02	3.440526e+00
2.716258e+01	4.803846e+00	3.423170e-02	3.708715e+00
3.123697e+01	5.041907e+00	3.063677e-02	4.030234e+00
3.592252e+01	5.241808e+00	2.747246e-02	4.412313e+00
4.131089e+01	5.444929e+00	2.436822e-02	4.863644e+00
4.750753e+01	5.621472e+00	2.150227e-02	5.394890e+00
5.463366e+01	5.773547e+00	1.918034e-02	6.019297e+00
6.282871e+01	5.913347e+00	1.692108e-02	6.753367e+00
7.225301e+01	5.972349e+00	1.509774e-02	7.617695e+00
8.309096e+01	6.029584e+00	1.344494e-02	8.637986e+00
9.555461e+01	6.080762e+00	1.194430e-02	9.846321e+00
1.098878e+02	6.089867e+00	1.062772e-02	1.128255e+01
1.263710e+02	6.072883e+00	9.347973e-03	1.299700e+01
1.453266e+02	7.081023e+00	8.406282e-03	1.504963e+01
1.671256e+02	6.770889e+00	7.513542e-03	1.752668e+01
1.921945e+02	6.447366e+00	6.601168e-03	2.052624e+01
2.210236e+02	6.113788e+00	5.841639e-03	2.416221e+01
2.541772e+02	5.771819e+00	5.135978e-03	2.859064e+01
2.923037e+02	5.430382e+00	4.596459e-03	3.401110e+01
3.361493e+02	5.096525e+00	4.095679e-03	4.067020e+01
3.865717e+02	4.764462e+00	3.591644e-03	4.888392e+01
4.445574e+02	4.439628e+00	3.168176e-03	5.908408e+01
5.112411e+02	4.125447e+00	2.780953e-03	7.182643e+01
5.879272e+02	3.847168e+00	2.462636e-03	8.773822e+01
6.761163e+02	3.586004e+00	2.170740e-03	1.075846e+02
7.775337e+02	3.331149e+00	1.905851e-03	1.324337e+02
8.941638e+02	3.083568e+00	1.697075e-03	1.636749e+02
1.028288e+03	2.845298e+00	1.493789e-03	2.031038e+02
1.182532e+03	2.617551e+00	1.319379e-03	2.530255e+02
1.359911e+03	2.401218e+00	1.167712e-03	3.164036e+02
1.563898e+03	2.193881e+00	1.036660e-03	3.971238e+02
1.798483e+03	1.999028e+00	9.195208e-04	5.002256e+02
2.068255e+03	1.819662e+00	8.057659e-04	6.320438e+02
2.378493e+03	1.654660e+00	7.019550e-04	8.005213e+02
2.735268e+03	1.501765e+00	6.222164e-04	1.016000e+03
3.145558e+03	1.361258e+00	5.496307e-04	1.291823e+03
3.617391e+03	1.232757e+00	4.860652e-04	1.644971e+03
4.160000e+03	1.115583e+00	4.252045e-04	2.097062e+03
4.784000e+03	1.009154e+00	3.696543e-04	2.675478e+03
5.501600e+03	9.131917e-01	3.255234e-04	3.414786e+03
6.326840e+03	8.270888e-01	2.828410e-04	4.358483e+03
7.275866e+03	7.499670e-01	2.491213e-04	5.560980e+03
8.367246e+03	6.811415e-01	2.192318e-04	7.090035e+03
9.622333e+03	6.199638e-01	1.921448e-04	9.029550e+03
