# Energy_MeV	dEdx_Elec_MeV_um	dEdx_Nucl_MeV_um	Range_um
1.000000e-05	4.926230e-03	2.989055e-02	4.059900e-03
1.150000e-05	5.282793e-03	3.314012e-02	4.353758e-03
1.322500e-05	5.665164e-03	3.671598e-02	4.668885e-03
1.520875e-05	6.075212e-03	4.066680e-02	5.006821e-03
1.749006e-05	6.514939e-03	4.499463e-02	5.369218e-03
2.011357e-05	6.986494e-03	4.971334e-02	5.757844e-03
2.313061e-05	7.492180e-03	5.491792e-02	6.174600e-03
2.660020e-05	8.034468e-03	6.065826e-02	6.621521e-03
3.059023e-05	8.616007e-03	6.698422e-02	7.100790e-03
3.517876e-05	9.239638e-03	7.370204e-02	7.614749e-03
4.045558e-05	9.908408e-03	8.103943e-02	8.165909e-03
4.652391e-05	1.062558e-02	8.941808e-02	8.756961e-03
5.350250e-05	1.139467e-02	9.840950e-02	9.390795e-03
6.152788e-05	1.221942e-02	1.081826e-01	1.007051e-02
7.075706e-05	1.310387e-02	1.185923e-01	1.079941e-02
8.137062e-05	1.405233e-02	1.298427e-01	1.158108e-02
9.357621e-05	1.506945e-02	1.426627e-01	1.241933e-02
1.076126e-04	1.616018e-02	1.563155e-01	1.331824e-02
1.237545e-04	1.732987e-02	1.710686e-01	1.428223e-02
1.423177e-04	1.858421e-02	1.870167e-01	1.531598e-02
1.636654e-04	1.992935e-02	2.040628e-01	1.642456e-02
1.882152e-04	2.137184e-02	2.226198e-01	1.761338e-02
2.164475e-04	2.291875e-02	2.421939e-01	1.888824e-02
2.489146e-04	2.457762e-02	2.635831e-01	2.025538e-02
2.862518e-04	2.635656e-02	2.865195e-01	2.172148e-02
3.291895e-04	2.826426e-02	3.103606e-01	2.329369e-02
3.785680e-04	3.031005e-02	3.355122e-01	2.497970e-02
4.353531e-04	3.250390e-02	3.632011e-01	2.678775e-02
5.006561e-04	3.485655e-02	3.931220e-01	2.872666e-02
5.757545e-04	3.737949e-02	4.243374e-01	3.080591e-02
6.621177e-04	4.008504e-02	4.567143e-01	3.303566e-02
7.614354e-04	4.298641e-02	4.900862e-01	3.542679e-02
8.756507e-04	4.609779e-02	5.264938e-01	3.799100e-02
1.006998e-03	4.943437e-02	5.652384e-01	4.074081e-02
1.158048e-03	5.301246e-02	6.049928e-01	4.368965e-02
1.331755e-03	5.684953e-02	6.462555e-01	4.685193e-02
1.531519e-03	6.096433e-02	6.895218e-01	5.024310e-02
1.761246e-03	6.537696e-02	7.334102e-01	5.387972e-02
2.025433e-03	7.010898e-02	7.771522e-01	5.777957e-02
2.329248e-03	7.518350e-02	8.225725e-01	6.196168e-02
2.678635e-03	8.062533e-02	8.693743e-01	6.644650e-02
3.080431e-03	8.646103e-02	9.173714e-01	7.125594e-02
3.542495e-03	9.271913e-02	9.617995e-01	7.641348e-02
4.073870e-03	9.943018e-02	1.005835e+00	8.194433e-02
4.684950e-03	1.066270e-01	1.055341e+00	8.787550e-02
5.387693e-03	1.143447e-01	1.102149e+00	9.423597e-02
6.195847e-03	1.226210e-01	1.147137e+00	1.010568e-01
7.125224e-03	1.314964e-01	1.188610e+00	1.083714e-01
8.194007e-03	1.410142e-01	1.227204e+00	1.162153e-01
9.423108e-03	1.512209e-01	1.270261e+00	1.246271e-01
1.083657e-02	1.621663e-01	1.309231e+00	1.336179e-01
1.246206e-02	1.739040e-01	1.344957e+00	1.433254e-01
1.433137e-02	1.864913e-01	1.378640e+00	1.536972e-01
1.648108e-02	1.999896e-01	1.408404e+00	1.648234e-01
1.895324e-02	2.144650e-01	1.436434e+00	1.767526e-01
2.179622e-02	2.299881e-01	1.460347e+00	1.895459e-01
2.506566e-02	2.466347e-01	1.482908e+00	2.032650e-01
2.882550e-02	2.644863e-01	1.502885e+00	2.179772e-01
3.314933e-02	2.836299e-01	1.517966e+00	2.337543e-01
3.812173e-02	3.041592e-01	1.529874e+00	2.506732e-01
4.383999e-02	3.261744e-01	1.540839e+00	2.688168e-01
5.041599e-02	3.497831e-01	1.549804e+00	2.882737e-01
5.797838e-02	3.751006e-01	1.554608e+00	3.091389e-01
6.667514e-02	4.022506e-01	1.555490e+00	3.315142e-01
7.667641e-02	4.313657e-01	1.552504e+00	3.555090e-01
8.817787e-02	4.625881e-01	1.547205e+00	3.812407e-01
1.014046e-01	4.960705e-01	1.538849e+00	4.088349e-01
1.166152e-01	5.319764e-01	1.526061e+00	4.384264e-01
1.341075e-01	5.704811e-01	1.509325e+00	4.701596e-01
1.542237e-01	6.117728e-01	1.488773e+00	5.041896e-01
1.773572e-01	6.560532e-01	1.464248e+00	5.406829e-01
2.039608e-01	7.035387e-01	1.435968e+00	5.798177e-01
2.345549e-01	7.544612e-01	1.403700e+00	6.217850e-01
2.697381e-01	8.090695e-01	1.367821e+00	6.667897e-01
3.101989e-01	8.676304e-01	1.328357e+00	7.150519e-01
3.567287e-01	9.304300e-01	1.287433e+00	7.668075e-01
4.102380e-01	9.977750e-01	1.243725e+00	8.223094e-01
4.717737e-01	1.069994e+00	1.194358e+00	8.818283e-01
5.425397e-01	1.147441e+00	1.144229e+00	9.456550e-01
6.239207e-01	1.230494e+00	1.092619e+00	1.014102e+00
7.175088e-01	1.319557e+00	1.042065e+00	1.087502e+00
8.251351e-01	1.415068e+00	9.914086e-01	1.166222e+00
9.489054e-01	1.517491e+00	9.349982e-01	1.250608e+00
1.091241e+00	1.616928e+00	8.806035e-01	1.341324e+00
1.254927e+00	1.717455e+00	8.271804e-01	1.439497e+00
1.443166e+00	9.141088e-01	7.742407e-01	1.545811e+00
1.659641e+00	9.802966e-01	7.239070e-01	1.661051e+00
1.908588e+00	1.051275e+00	6.741074e-01	1.786078e+00
2.194876e+00	1.127391e+00	6.275321e-01	1.921896e+00
2.524107e+00	1.206834e+00	5.809031e-01	2.069666e+00
2.902723e+00	1.286132e+00	5.357316e-01	2.230760e+00
3.338132e+00	1.393514e+00	4.958560e-01	2.406812e+00
3.838852e+00	1.531184e+00	4.589497e-01	2.599808e+00
4.414679e+00	1.676834e+00	4.206044e-01	2.812188e+00
5.076881e+00	1.838281e+00	3.860776e-01	3.047001e+00
5.838413e+00	2.009621e+00	3.595918e-01	3.308091e+00
6.714175e+00	2.193780e+00	3.339876e-01	3.600368e+00
7.721302e+00	2.396697e+00	3.045427e-01	3.918886e+00
8.879497e+00	2.602423e+00	2.706811e-01	3.775460e+00
1.021142e+01	2.827160e+00	2.401998e-01	3.652695e+00
1.174313e+01	3.060624e+00	2.160603e-01	3.552467e+00
1.350460e+01	3.324335e+00	1.949735e-01	3.476762e+00
1.553030e+01	3.624559e+00	1.752746e-01	3.427708e+00
1.785984e+01	3.943355e+00	1.576357e-01	3.407586e+00
2.053882e+01	4.299953e+00	1.427046e-01	3.418722e+00
2.361964e+01	4.691906e+00	1.284935e-01	3.463801e+00
2.716258e+01	5.094549e+00	1.151854e-01	3.545502e+00
3.123697e+01	5.532681e+00	1.030368e-01	3.666660e+00
3.592252e+01	5.968399e+00	9.311278e-02	3.830300e+00
4.131089e+01	6.421459e+00	8.426975e-02	4.039760e+00
4.750753e+01	6.874212e+00	7.462192e-02	4.298885e+00
5.463366e+01	7.297253e+00	6.633620e-02	4.612305e+00
6.282871e+01	7.739387e+00	5.923533e-02	4.985752e+00
7.225301e+01	8.142860e+00	5.317512e-02	5.426463e+00
8.309096e+01	8.539060e+00	4.791880e-02	5.943628e+00
9.555461e+01	8.918341e+00	4.225719e-02	6.548808e+00
1.098878e+02	9.184383e+00	3.743035e-02	7.256501e+00
1.263710e+02	9.446822e+00	3.328539e-02	8.084758e+00
1.453266e+02	9.708829e+00	2.949261e-02	9.055998e+00
1.671256e+02	9.914772e+00	2.626541e-02	1.019782e+01
1.921945e+02	1.006639e+01	2.332147e-02	1.154485e+01
2.210236e+02	1.255501e+01	2.080594e-02	1.313717e+01
2.541772e+02	1.220482e+01	1.845205e-02	1.503299e+01
2.923037e+02	1.181173e+01	1.630399e-02	1.729940e+01
3.361493e+02	1.136937e+01	1.457800e-02	2.000744e+01
3.865717e+02	1.089004e+01	1.308173e-02	2.325751e+01
4.445574e+02	1.038947e+01	1.156260e-02	2.717683e+01
5.112411e+02	9.886816e+00	1.015707e-02	3.192028e+01
5.879272e+02	9.370248e+00	8.974547e-03	3.768210e+01
6.761163e+02	8.859759e+00	7.974616e-03	4.472767e+01
7.775337e+02	8.357126e+00	7.134738e-03	5.340028e+01
8.941638e+02	7.906191e+00	6.285178e-03	6.407664e+01
1.028288e+03	7.488391e+00	5.511030e-03	7.719403e+01
1.182532e+03	7.070604e+00	4.862395e-03	9.337368e+01
1.359911e+03	6.652553e+00	4.287835e-03	1.134248e+02
1.563898e+03	6.239750e+00	3.771706e-03	1.383854e+02
1.798483e+03	5.833445e+00	3.319971e-03	1.695800e+02
2.068255e+03	5.437556e+00	2.952802e-03	2.086990e+02
2.378493e+03	5.045442e+00	2.611054e-03	2.579499e+02
2.735268e+03	4.664946e+00	2.298252e-03	3.201998e+02
3.145558e+03	4.306442e+00	2.023023e-03	3.990447e+02
3.617391e+03	3.971449e+00	1.802257e-03	4.989660e+02
4.160000e+03	3.653142e+00	1.607673e-03	6.257913e+02
4.784000e+03	3.352286e+00	1.399258e-03	7.870857e+02
5.501600e+03	3.068902e+00	1.224291e-03	9.924855e+02
6.326840e+03	2.805152e+00	1.078393e-03	1.254293e+03
7.275866e+03	2.561723e+00	9.559742e-04	1.588135e+03
8.367246e+03	2.336948e+00	8.503837e-04	2.013803e+03
9.622333e+03	2.130853e+00	7.387090e-04	2.556274e+03
