# Energy_MeV	dEdx_Elec_MeV_um	dEdx_Nucl_MeV_um	Range_um
1.000000e-05	5.002780e-03	3.021747e-02	3.997777e-03
1.150000e-05	5.364884e-03	3.349888e-02	4.287138e-03
1.322500e-05	5.753197e-03	3.710657e-02	4.597444e-03
1.520875e-05	6.169617e-03	4.109128e-02	4.930209e-03
1.749006e-05	6.616177e-03	4.547484e-02	5.287060e-03
2.011357e-05	7.095059e-03	5.022132e-02	5.669740e-03
2.313061e-05	7.608604e-03	5.548536e-02	6.080119e-03
2.660020e-05	8.159318e-03	6.127349e-02	6.520201e-03
3.059023e-05	8.749894e-03	6.761814e-02	6.992137e-03
3.517876e-05	9.383216e-03	7.439649e-02	7.498231e-03
4.045558e-05	1.006238e-02	8.182853e-02	8.040957e-03
4.652391e-05	1.079070e-02	9.024066e-02	8.622966e-03
5.350250e-05	1.157173e-02	9.929846e-02	9.247101e-03
6.152788e-05	1.240930e-02	1.091137e-01	9.916411e-03
7.075706e-05	1.330750e-02	1.196039e-01	1.063417e-02
8.137062e-05	1.427070e-02	1.310170e-01	1.140387e-02
9.357621e-05	1.530362e-02	1.438691e-01	1.222929e-02
1.076126e-04	1.641130e-02	1.576067e-01	1.311445e-02
1.237545e-04	1.759916e-02	1.724396e-01	1.406368e-02
1.423177e-04	1.887300e-02	1.885264e-01	1.508162e-02
1.636654e-04	2.023904e-02	2.056994e-01	1.617324e-02
1.882152e-04	2.170395e-02	2.242303e-01	1.734387e-02
2.164475e-04	2.327489e-02	2.439687e-01	1.859922e-02
2.489146e-04	2.495954e-02	2.654395e-01	1.994544e-02
2.862518e-04	2.676613e-02	2.885421e-01	2.138911e-02
3.291895e-04	2.870347e-02	3.123790e-01	2.293726e-02
3.785680e-04	3.078104e-02	3.376364e-01	2.459747e-02
4.353531e-04	3.300899e-02	3.658014e-01	2.637785e-02
5.006561e-04	3.539820e-02	3.956439e-01	2.828709e-02
5.757545e-04	3.796034e-02	4.269296e-01	3.033453e-02
6.621177e-04	4.070793e-02	4.591529e-01	3.253016e-02
7.614354e-04	4.365439e-02	4.925390e-01	3.488471e-02
8.756507e-04	4.681412e-02	5.295726e-01	3.740968e-02
1.006998e-03	5.020255e-02	5.680861e-01	4.011741e-02
1.158048e-03	5.383624e-02	6.078192e-01	4.302113e-02
1.331755e-03	5.773294e-02	6.490164e-01	4.613503e-02
1.531519e-03	6.191168e-02	6.919278e-01	4.947430e-02
1.761246e-03	6.639288e-02	7.360775e-01	5.305528e-02
2.025433e-03	7.119843e-02	7.794533e-01	5.689545e-02
2.329248e-03	7.635181e-02	8.249760e-01	6.101357e-02
2.678635e-03	8.187819e-02	8.714973e-01	6.542977e-02
3.080431e-03	8.780458e-02	9.181580e-01	7.016561e-02
3.542495e-03	9.415992e-02	9.623946e-01	7.524423e-02
4.073870e-03	1.009753e-01	1.006949e+00	8.069045e-02
4.684950e-03	1.082839e-01	1.055556e+00	8.653087e-02
5.387693e-03	1.161216e-01	1.101774e+00	9.279402e-02
6.195847e-03	1.245265e-01	1.145775e+00	9.951050e-02
7.125224e-03	1.335398e-01	1.186557e+00	1.067131e-01
8.194007e-03	1.432055e-01	1.225814e+00	1.144371e-01
9.423108e-03	1.535708e-01	1.267777e+00	1.227201e-01
1.083657e-02	1.646863e-01	1.305958e+00	1.315912e-01
1.246206e-02	1.766064e-01	1.341022e+00	1.411332e-01
1.433137e-02	1.893892e-01	1.374265e+00	1.513455e-01
1.648108e-02	2.030973e-01	1.403574e+00	1.623011e-01
1.895324e-02	2.177976e-01	1.430364e+00	1.740480e-01
2.179622e-02	2.335619e-01	1.453926e+00	1.866455e-01
2.506566e-02	2.504673e-01	1.475839e+00	2.001548e-01
2.882550e-02	2.685962e-01	1.495336e+00	2.146418e-01
3.314933e-02	2.880373e-01	1.509675e+00	2.301774e-01
3.812173e-02	3.088856e-01	1.520999e+00	2.468374e-01
4.383999e-02	3.312429e-01	1.532153e+00	2.647035e-01
5.041599e-02	3.552185e-01	1.540241e+00	2.838626e-01
5.797838e-02	3.809294e-01	1.544318e+00	3.044085e-01
6.667514e-02	4.085013e-01	1.544474e+00	3.264414e-01
7.667641e-02	4.380688e-01	1.540853e+00	3.500691e-01
8.817787e-02	4.697765e-01	1.535463e+00	3.754071e-01
1.014046e-01	5.037791e-01	1.526364e+00	4.025791e-01
1.166152e-01	5.402429e-01	1.512888e+00	4.317176e-01
1.341075e-01	5.793460e-01	1.495620e+00	4.629652e-01
1.542237e-01	6.212794e-01	1.474468e+00	4.964747e-01
1.773572e-01	6.662479e-01	1.449485e+00	5.324097e-01
2.039608e-01	7.144713e-01	1.420761e+00	5.709455e-01
2.345549e-01	7.661851e-01	1.387978e+00	6.122705e-01
2.697381e-01	8.216420e-01	1.351792e+00	6.565866e-01
3.101989e-01	8.811128e-01	1.312547e+00	7.041105e-01
3.567287e-01	9.448882e-01	1.271442e+00	7.550743e-01
4.102380e-01	1.013280e+00	1.226982e+00	8.097267e-01
4.717737e-01	1.086621e+00	1.177923e+00	8.683346e-01
5.425397e-01	1.165272e+00	1.127852e+00	9.311849e-01
6.239207e-01	1.249615e+00	1.076875e+00	9.985848e-01
7.175088e-01	1.340062e+00	1.026662e+00	1.070861e+00
8.251351e-01	1.437057e+00	9.751345e-01	1.148378e+00
9.489054e-01	1.541072e+00	9.195892e-01	1.231472e+00
1.091241e+00	1.638675e+00	8.657176e-01	1.320942e+00
1.254927e+00	1.740315e+00	8.128518e-01	1.417825e+00
1.443166e+00	9.283096e-01	7.601767e-01	1.522751e+00
1.659641e+00	9.955260e-01	7.101672e-01	1.636509e+00
1.908588e+00	1.067608e+00	6.617713e-01	1.759959e+00
2.194876e+00	1.144907e+00	6.154457e-01	1.894107e+00
2.524107e+00	1.223383e+00	5.694914e-01	2.040118e+00
2.902723e+00	1.305166e+00	5.247173e-01	2.199373e+00
3.338132e+00	1.422249e+00	4.858180e-01	2.373524e+00
3.838852e+00	1.562585e+00	4.495843e-01	2.564585e+00
4.414679e+00	1.711494e+00	4.105797e-01	2.775039e+00
5.076881e+00	1.874047e+00	3.779534e-01	3.007990e+00
5.838413e+00	2.050754e+00	3.529687e-01	3.267371e+00
6.714175e+00	2.236140e+00	3.269242e-01	3.558214e+00
7.721302e+00	2.440451e+00	2.969731e-01	3.767553e+00
8.879497e+00	2.651568e+00	2.625292e-01	3.632752e+00
1.021142e+01	2.875898e+00	2.335968e-01	3.518378e+00
1.174313e+01	3.116673e+00	2.106663e-01	3.426269e+00
1.350460e+01	3.387112e+00	1.900437e-01	3.358383e+00
1.553030e+01	3.691112e+00	1.712272e-01	3.316815e+00
1.785984e+01	4.019893e+00	1.537413e-01	3.303807e+00
2.053882e+01	4.381780e+00	1.391195e-01	3.321626e+00
2.361964e+01	4.786009e+00	1.251069e-01	3.372942e+00
2.716258e+01	5.187131e+00	1.121177e-01	3.460362e+00
3.123697e+01	5.623649e+00	1.007164e-01	3.586670e+00
3.592252e+01	6.073013e+00	9.104150e-02	3.754852e+00
4.131089e+01	6.515985e+00	8.204642e-02	3.968234e+00
4.750753e+01	6.982536e+00	7.272540e-02	4.230688e+00
5.463366e+01	7.392757e+00	6.468872e-02	4.546912e+00
6.282871e+01	7.823626e+00	5.783199e-02	4.922743e+00
7.225301e+01	8.239736e+00	5.195905e-02	5.365591e+00
8.309096e+01	8.618249e+00	4.661234e-02	5.884828e+00
9.555461e+01	8.997724e+00	4.115047e-02	6.492243e+00
1.098878e+02	9.241029e+00	3.647645e-02	7.202601e+00
1.263710e+02	9.501527e+00	3.243059e-02	8.034257e+00
1.453266e+02	9.771741e+00	2.870804e-02	9.010016e+00
1.671256e+02	9.946429e+00	2.553802e-02	1.015790e+01
1.921945e+02	1.291205e+01	2.273814e-02	1.151291e+01
2.210236e+02	1.246449e+01	2.026346e-02	1.311616e+01
2.541772e+02	1.212482e+01	1.796744e-02	1.502850e+01
2.923037e+02	1.171695e+01	1.586054e-02	1.731351e+01
3.361493e+02	1.126819e+01	1.419634e-02	2.004620e+01
3.865717e+02	1.078087e+01	1.274618e-02	2.332912e+01
4.445574e+02	1.027817e+01	1.120093e-02	2.729186e+01
5.112411e+02	9.772761e+00	9.853759e-03	3.209109e+01
5.879272e+02	9.255638e+00	8.715540e-03	3.792747e+01
6.761163e+02	8.748251e+00	7.756830e-03	4.507662e+01
7.775337e+02	8.247342e+00	6.948341e-03	5.388273e+01
8.941638e+02	7.811630e+00	6.084173e-03	6.471556e+01
1.028288e+03	7.396329e+00	5.342993e-03	7.803159e+01
1.182532e+03	6.978427e+00	4.719412e-03	9.447407e+01
1.359911e+03	6.561325e+00	4.160658e-03	1.148712e+02
1.563898e+03	6.149338e+00	3.672436e-03	1.402863e+02
1.798483e+03	5.745136e+00	3.226198e-03	1.720734e+02
2.068255e+03	5.350474e+00	2.868238e-03	2.119669e+02
2.378493e+03	4.960075e+00	2.532745e-03	2.622408e+02
2.735268e+03	4.583284e+00	2.228789e-03	3.258248e+02
3.145558e+03	4.231104e+00	1.972768e-03	4.063741e+02
3.617391e+03	3.899700e+00	1.758395e-03	5.084751e+02
4.160000e+03	3.585267e+00	1.560465e-03	6.381319e+02
4.784000e+03	3.288222e+00	1.359899e-03	8.030791e+02
5.501600e+03	3.008892e+00	1.190995e-03	1.013182e+03
6.326840e+03	2.749743e+00	1.050534e-03	1.281021e+03
7.275866e+03	2.510562e+00	9.323258e-04	1.622563e+03
8.367246e+03	2.289826e+00	8.249198e-04	2.058015e+03
9.622333e+03	2.088001e+00	7.175151e-04	2.612854e+03
