# Energy_MeV	dEdx_Elec_MeV_um	dEdx_Nucl_MeV_um	Range_um
1.000000e-05	5.231681e-03	2.676570e-02	3.822863e-03
1.150000e-05	5.610353e-03	2.814688e-02	4.099564e-03
1.322500e-05	6.016433e-03	3.088455e-02	4.396293e-03
1.520875e-05	6.451906e-03	3.431137e-02	4.714498e-03
1.749006e-05	6.918898e-03	3.801776e-02	5.055736e-03
2.011357e-05	7.419692e-03	4.219796e-02	5.421673e-03
2.313061e-05	7.956733e-03	4.687922e-02	5.814097e-03
2.660020e-05	8.532645e-03	5.194440e-02	6.234924e-03
3.059023e-05	9.150243e-03	5.757576e-02	6.686211e-03
3.517876e-05	9.812542e-03	6.374159e-02	7.170163e-03
4.045558e-05	1.052278e-02	7.054762e-02	7.689143e-03
4.652391e-05	1.128442e-02	7.795557e-02	8.245687e-03
5.350250e-05	1.210120e-02	8.607796e-02	8.842515e-03
6.152788e-05	1.297709e-02	9.512135e-02	9.482540e-03
7.075706e-05	1.391638e-02	1.049902e-01	1.016889e-02
8.137062e-05	1.492365e-02	1.155637e-01	1.090492e-02
9.357621e-05	1.600383e-02	1.270182e-01	1.169423e-02
1.076126e-04	1.716220e-02	1.401909e-01	1.254066e-02
1.237545e-04	1.840441e-02	1.542400e-01	1.344836e-02
1.423177e-04	1.973653e-02	1.695616e-01	1.442176e-02
1.636654e-04	2.116507e-02	1.859162e-01	1.546561e-02
1.882152e-04	2.269701e-02	2.035063e-01	1.658502e-02
2.164475e-04	2.433983e-02	2.237349e-01	1.778546e-02
2.489146e-04	2.610156e-02	2.449918e-01	1.907278e-02
2.862518e-04	2.799080e-02	2.681520e-01	2.045327e-02
3.291895e-04	3.001679e-02	2.931125e-01	2.193369e-02
3.785680e-04	3.218942e-02	3.199681e-01	2.352126e-02
4.353531e-04	3.451931e-02	3.490752e-01	2.522375e-02
5.006561e-04	3.701784e-02	3.795771e-01	2.704945e-02
5.757545e-04	3.969721e-02	4.132628e-01	2.900731e-02
6.621177e-04	4.257051e-02	4.490423e-01	3.110687e-02
7.614354e-04	4.565179e-02	4.867702e-01	3.335840e-02
8.756507e-04	4.895609e-02	5.258132e-01	3.577290e-02
1.006998e-03	5.249955e-02	5.692219e-01	3.836216e-02
1.158048e-03	5.629950e-02	6.166472e-01	4.113884e-02
1.331755e-03	6.037449e-02	6.650149e-01	4.411649e-02
1.531519e-03	6.474443e-02	7.163829e-01	4.730966e-02
1.761246e-03	6.943066e-02	7.680288e-01	5.073396e-02
2.025433e-03	7.445609e-02	8.251061e-01	5.440611e-02
2.329248e-03	7.984526e-02	8.866391e-01	5.834406e-02
2.678635e-03	8.562450e-02	9.480925e-01	6.256703e-02
3.080431e-03	9.182205e-02	1.013454e+00	6.709567e-02
3.542495e-03	9.846818e-02	1.080543e+00	7.195209e-02
4.073870e-03	1.055954e-01	1.149678e+00	7.716002e-02
4.684950e-03	1.132384e-01	1.218634e+00	8.274490e-02
5.387693e-03	1.214347e-01	1.288993e+00	8.873402e-02
6.195847e-03	1.302242e-01	1.363319e+00	9.515663e-02
7.125224e-03	1.396499e-01	1.437517e+00	1.020441e-01
8.194007e-03	1.497578e-01	1.507412e+00	1.094301e-01
9.423108e-03	1.605973e-01	1.576081e+00	1.173507e-01
1.083657e-02	1.722215e-01	1.655022e+00	1.258446e-01
1.246206e-02	1.846869e-01	1.726920e+00	1.349533e-01
1.433137e-02	1.980547e-01	1.797911e+00	1.447213e-01
1.648108e-02	2.123900e-01	1.862312e+00	1.551270e-01
1.895324e-02	2.277629e-01	1.922816e+00	1.664233e-01
2.179622e-02	2.442485e-01	1.991728e+00	1.784794e-01
2.506566e-02	2.619273e-01	2.051250e+00	1.913987e-01
2.882550e-02	2.808857e-01	2.108048e+00	2.052514e-01
3.314933e-02	3.012164e-01	2.159951e+00	2.201074e-01
3.812173e-02	3.230186e-01	2.207437e+00	2.360385e-01
4.383999e-02	3.463989e-01	2.251217e+00	2.531228e-01
5.041599e-02	3.714714e-01	2.287876e+00	2.714438e-01
5.797838e-02	3.983587e-01	2.324036e+00	2.910907e-01
6.667514e-02	4.271921e-01	2.354472e+00	3.121596e-01
7.667641e-02	4.581125e-01	2.378978e+00	3.347535e-01
8.817787e-02	4.912709e-01	2.396696e+00	3.589829e-01
1.014046e-01	5.268294e-01	2.413886e+00	3.849660e-01
1.166152e-01	5.649616e-01	2.428852e+00	4.128298e-01
1.341075e-01	6.058538e-01	2.435381e+00	4.427102e-01
1.542237e-01	6.497058e-01	2.437410e+00	4.747534e-01
1.773572e-01	6.967319e-01	2.432017e+00	5.091161e-01
2.039608e-01	7.471617e-01	2.423710e+00	5.459660e-01
2.345549e-01	8.012416e-01	2.411145e+00	5.854829e-01
2.697381e-01	8.592359e-01	2.390509e+00	6.278600e-01
3.101989e-01	9.214279e-01	2.364486e+00	6.733046e-01
3.567287e-01	9.881213e-01	2.332029e+00	7.220386e-01
4.102380e-01	1.059642e+00	2.293588e+00	7.742998e-01
4.717737e-01	1.136340e+00	2.249195e+00	8.303436e-01
5.425397e-01	1.218588e+00	2.198658e+00	8.904438e-01
6.239207e-01	1.306790e+00	2.142134e+00	9.548945e-01
7.175088e-01	1.401377e+00	2.080341e+00	1.024010e+00
8.251351e-01	1.502809e+00	2.016468e+00	1.098128e+00
9.489054e-01	1.611583e+00	1.947945e+00	1.177611e+00
1.091241e+00	1.728230e+00	1.869660e+00	1.262846e+00
1.254927e+00	1.853321e+00	1.792064e+00	1.354254e+00
1.443166e+00	1.987465e+00	1.710091e+00	1.452257e+00
1.659641e+00	2.120913e+00	1.632035e+00	1.557504e+00
1.908588e+00	2.252995e+00	1.552618e+00	1.671313e+00
2.194876e+00	2.391724e+00	1.462750e+00	1.794566e+00
2.524107e+00	2.536875e+00	1.379068e+00	1.928144e+00
2.902723e+00	1.356918e+00	1.294184e+00	2.073041e+00
3.338132e+00	1.455160e+00	1.212451e+00	2.230407e+00
3.838852e+00	1.559840e+00	1.132514e+00	2.401575e+00
4.414679e+00	1.655523e+00	1.054528e+00	2.588108e+00
5.076881e+00	1.780723e+00	9.826730e-01	2.791873e+00
5.838413e+00	1.950523e+00	9.084253e-01	3.015123e+00
6.714175e+00	2.133455e+00	8.388852e-01	3.260629e+00
7.721302e+00	2.337289e+00	7.749206e-01	3.531838e+00
8.879497e+00	2.551853e+00	7.186583e-01	3.833095e+00
1.021142e+01	2.788271e+00	6.585432e-01	4.169938e+00
1.174313e+01	3.046329e+00	6.021766e-01	4.549485e+00
1.350460e+01	3.316426e+00	5.631115e-01	4.980944e+00
1.553030e+01	3.611315e+00	5.229709e-01	5.476268e+00
1.785984e+01	3.899082e+00	4.768092e-01	6.050984e+00
2.053882e+01	4.221718e+00	4.237233e-01	6.216084e+00
2.361964e+01	4.583959e+00	3.740561e-01	5.833464e+00
2.716258e+01	4.946387e+00	3.382750e-01	5.539913e+00
3.123697e+01	5.344080e+00	3.044785e-01	5.326898e+00
3.592252e+01	5.763426e+00	2.741627e-01	5.187993e+00
4.131089e+01	6.228575e+00	2.468045e-01	5.118418e+00
4.750753e+01	6.749131e+00	2.228774e-01	5.114719e+00
5.463366e+01	7.323115e+00	2.011672e-01	5.174444e+00
6.282871e+01	7.959493e+00	1.798091e-01	5.296381e+00
7.225301e+01	8.628525e+00	1.609061e-01	5.480305e+00
8.309096e+01	9.315095e+00	1.457946e-01	5.727212e+00
9.555461e+01	1.004985e+01	1.319311e-01	6.039549e+00
1.098878e+02	1.074169e+01	1.164204e-01	6.421466e+00
1.263710e+02	1.147159e+01	1.038598e-01	6.879109e+00
1.453266e+02	1.217457e+01	9.244597e-02	7.420918e+00
1.671256e+02	1.278975e+01	8.325919e-02	8.057969e+00
1.921945e+02	1.339576e+01	7.501868e-02	8.804367e+00
2.210236e+02	1.401466e+01	6.590753e-02	9.677854e+00
2.541772e+02	1.461677e+01	5.860190e-02	1.070028e+01
2.923037e+02	1.511829e+01	5.197114e-02	1.189904e+01
3.361493e+02	1.947878e+01	4.617276e-02	1.330528e+01
3.865717e+02	1.925080e+01	4.101477e-02	1.496371e+01
4.445574e+02	1.894697e+01	3.642297e-02	1.692936e+01
5.112411e+02	1.850090e+01	3.257370e-02	1.925302e+01
5.879272e+02	1.797553e+01	2.880596e-02	2.200967e+01
6.761163e+02	1.736769e+01	2.552456e-02	2.529402e+01
7.775337e+02	1.672537e+01	2.273773e-02	2.922037e+01
8.941638e+02	1.603971e+01	2.048098e-02	3.392795e+01
1.028288e+03	1.534578e+01	1.809940e-02	3.960621e+01
1.182532e+03	1.465445e+01	1.582084e-02	4.650441e+01
1.359911e+03	1.401885e+01	1.404928e-02	5.489107e+01
1.563898e+03	1.345094e+01	1.242937e-02	6.505476e+01
1.798483e+03	1.287533e+01	1.117010e-02	7.741126e+01
2.068255e+03	1.228283e+01	9.838219e-03	9.250854e+01
2.378493e+03	1.168443e+01	8.581997e-03	1.110416e+02
2.735268e+03	1.108004e+01	7.611748e-03	1.338903e+02
3.145558e+03	1.047554e+01	6.687744e-03	1.621644e+02
3.617391e+03	9.865351e+00	5.891420e-03	1.972989e+02
4.160000e+03	9.261982e+00	5.197379e-03	2.411578e+02
4.784000e+03	8.673261e+00	4.607320e-03	2.960659e+02
5.501600e+03	8.112024e+00	4.087351e-03	3.648842e+02
6.326840e+03	7.565751e+00	3.583942e-03	4.512997e+02
7.275866e+03	7.039525e+00	3.156856e-03	5.601232e+02
8.367246e+03	6.533891e+00	2.821761e-03	6.974634e+02
9.622333e+03	6.050923e+00	2.516705e-03	8.711160e+02
