# Energy_MeV	dEdx_Elec_MeV_um	dEdx_Nucl_MeV_um	Range_um
1.000000e-05	4.679714e-03	3.353779e-02	4.273766e-03
1.150000e-05	5.018434e-03	3.706269e-02	4.583103e-03
1.322500e-05	5.381671e-03	4.074952e-02	4.914831e-03
1.520875e-05	5.771199e-03	4.485845e-02	5.270569e-03
1.749006e-05	6.188921e-03	4.946979e-02	5.652055e-03
2.011357e-05	3.331374e-03	5.440172e-02	6.061154e-03
2.313061e-05	3.596243e-03	5.988145e-02	6.499864e-03
2.660020e-05	3.880133e-03	6.559130e-02	6.970327e-03
3.059023e-05	4.184433e-03	7.191743e-02	7.474843e-03
3.517876e-05	4.510632e-03	7.897283e-02	8.015876e-03
4.045558e-05	4.860326e-03	8.647966e-02	8.596070e-03
4.652391e-05	5.235224e-03	9.475998e-02	9.218258e-03
5.350250e-05	5.637159e-03	1.035037e-01	9.885480e-03
6.152788e-05	6.068096e-03	1.130468e-01	1.060100e-02
7.075706e-05	6.530141e-03	1.234031e-01	1.136830e-02
8.137062e-05	7.025553e-03	1.341891e-01	1.219115e-02
9.357621e-05	7.556751e-03	1.461232e-01	1.307355e-02
1.076126e-04	8.126333e-03	1.587209e-01	1.401982e-02
1.237545e-04	8.737080e-03	1.720792e-01	1.503458e-02
1.423177e-04	9.391977e-03	1.862836e-01	1.612279e-02
1.636654e-04	1.009422e-02	2.015085e-01	1.728977e-02
1.882152e-04	1.084725e-02	2.179397e-01	1.854121e-02
2.164475e-04	1.165474e-02	2.356479e-01	1.988323e-02
2.489146e-04	1.252063e-02	2.534315e-01	2.132239e-02
2.862518e-04	1.344916e-02	2.724277e-01	2.286572e-02
3.291895e-04	1.444486e-02	2.924466e-01	2.452075e-02
3.785680e-04	1.551260e-02	3.137136e-01	2.629557e-02
4.353531e-04	1.665759e-02	3.364013e-01	2.819886e-02
5.006561e-04	1.788542e-02	3.590645e-01	3.023991e-02
5.757545e-04	1.920210e-02	3.835641e-01	3.242869e-02
6.621177e-04	2.061406e-02	4.076320e-01	3.477590e-02
7.614354e-04	2.212819e-02	4.323183e-01	3.729299e-02
8.756507e-04	2.375190e-02	4.580959e-01	3.999228e-02
1.006998e-03	2.549311e-02	4.837883e-01	4.288694e-02
1.158048e-03	2.736033e-02	5.111793e-01	4.599112e-02
1.331755e-03	2.936269e-02	5.354694e-01	4.931998e-02
1.531519e-03	3.150996e-02	5.610580e-01	5.288979e-02
1.761246e-03	3.381264e-02	5.883352e-01	5.671798e-02
2.025433e-03	3.628197e-02	6.141143e-01	6.082326e-02
2.329248e-03	3.893002e-02	6.403784e-01	6.522568e-02
2.678635e-03	4.176973e-02	6.629513e-01	6.994675e-02
3.080431e-03	4.481496e-02	6.858965e-01	7.500953e-02
3.542495e-03	4.808060e-02	7.096203e-01	8.043876e-02
4.073870e-03	5.158260e-02	7.312900e-01	8.626096e-02
4.684950e-03	5.533807e-02	7.523154e-01	9.250458e-02
5.387693e-03	5.936535e-02	7.708054e-01	9.920011e-02
6.195847e-03	6.368412e-02	7.882702e-01	1.063731e-01
7.125224e-03	6.831547e-02	8.045792e-01	1.140840e-01
8.194007e-03	7.328204e-02	8.179585e-01	1.223392e-01
9.423108e-03	7.860809e-02	8.309933e-01	1.311953e-01
1.083657e-02	8.431963e-02	8.420650e-01	1.406908e-01
1.246206e-02	9.044458e-02	8.511313e-01	1.508738e-01
1.433137e-02	9.701284e-02	8.585914e-01	1.617940e-01
1.648108e-02	1.040565e-01	8.646206e-01	1.735045e-01
1.895324e-02	1.116100e-01	8.695062e-01	1.860627e-01
2.179622e-02	1.197102e-01	8.731004e-01	1.995297e-01
2.506566e-02	1.283967e-01	8.735605e-01	2.139716e-01
2.882550e-02	1.377120e-01	8.725986e-01	2.294588e-01
3.314933e-02	1.477015e-01	8.696850e-01	2.460670e-01
3.812173e-02	1.584140e-01	8.650612e-01	2.638772e-01
4.383999e-02	1.699019e-01	8.585868e-01	2.829765e-01
5.041599e-02	1.822213e-01	8.493747e-01	3.034583e-01
5.797838e-02	1.954323e-01	8.382986e-01	3.254226e-01
6.667514e-02	2.095996e-01	8.248082e-01	3.489767e-01
7.667641e-02	2.247924e-01	8.093152e-01	3.742355e-01
8.817787e-02	2.410848e-01	7.915261e-01	4.013226e-01
1.014046e-01	2.585564e-01	7.718122e-01	4.303704e-01
1.166152e-01	2.772926e-01	7.497990e-01	4.615207e-01
1.341075e-01	2.973850e-01	7.273666e-01	4.949256e-01
1.542237e-01	3.189317e-01	7.027078e-01	5.307482e-01
1.773572e-01	3.420379e-01	6.755341e-01	5.691638e-01
2.039608e-01	3.668166e-01	6.477885e-01	6.103601e-01
2.345549e-01	3.933887e-01	6.185450e-01	6.545382e-01
2.697381e-01	4.218842e-01	5.907459e-01	7.019137e-01
3.101989e-01	4.524422e-01	5.615955e-01	7.527182e-01
3.567287e-01	4.852120e-01	5.305421e-01	8.072002e-01
4.102380e-01	5.203537e-01	5.001450e-01	8.656249e-01
4.717737e-01	5.580389e-01	4.696256e-01	9.282845e-01
5.425397e-01	5.984519e-01	4.403553e-01	9.954523e-01
6.239207e-01	6.417920e-01	4.116064e-01	1.067697e+00
7.175088e-01	6.882698e-01	3.831196e-01	1.145903e+00
8.251351e-01	7.381115e-01	3.570136e-01	1.230594e+00
9.489054e-01	7.915609e-01	3.306838e-01	1.322403e+00
1.091241e+00	8.488790e-01	3.055244e-01	1.422017e+00
1.254927e+00	9.103459e-01	2.827017e-01	1.530241e+00
1.443166e+00	9.732399e-01	2.608828e-01	1.648006e+00
1.659641e+00	1.035173e+00	2.397985e-01	1.776410e+00
1.908588e+00	1.120812e+00	2.209378e-01	1.916769e+00
2.194876e+00	1.228446e+00	2.040512e-01	2.070677e+00
2.524107e+00	1.340856e+00	1.899726e-01	2.240102e+00
2.902723e+00	1.465789e+00	1.737822e-01	2.293405e+00
3.338132e+00	1.600715e+00	1.551633e-01	2.279127e+00
3.838852e+00	1.748131e+00	1.385185e-01	2.265761e+00
4.414679e+00	1.913347e+00	1.233029e-01	2.254942e+00
5.076881e+00	2.089535e+00	1.117472e-01	2.248509e+00
5.838413e+00	2.283330e+00	1.001260e-01	2.248459e+00
6.714175e+00	2.491515e+00	9.047385e-02	2.257148e+00
7.721302e+00	2.723256e+00	8.176544e-02	2.277123e+00
8.879497e+00	2.983248e+00	7.341794e-02	2.311189e+00
1.021142e+01	3.245511e+00	6.612950e-02	2.362408e+00
1.174313e+01	3.518181e+00	5.892074e-02	2.434099e+00
1.350460e+01	3.793847e+00	5.345020e-02	2.529829e+00
1.553030e+01	4.044426e+00	4.815074e-02	2.653404e+00
1.785984e+01	4.305771e+00	4.283684e-02	2.808884e+00
2.053882e+01	4.551945e+00	3.813746e-02	3.000592e+00
2.361964e+01	4.794393e+00	3.393887e-02	3.233330e+00
2.716258e+01	5.031040e+00	3.055743e-02	3.512473e+00
3.123697e+01	5.233019e+00	2.740108e-02	3.844298e+00
3.592252e+01	5.437925e+00	2.428428e-02	4.236346e+00
4.131089e+01	5.613419e+00	2.151121e-02	4.697861e+00
4.750753e+01	5.768003e+00	1.908798e-02	5.240322e+00
5.463366e+01	5.906972e+00	1.696109e-02	5.878029e+00
6.282871e+01	5.969832e+00	1.508456e-02	6.628829e+00
7.225301e+01	6.027555e+00	1.336150e-02	7.514996e+00
8.309096e+01	6.078429e+00	1.192417e-02	8.564328e+00
9.555461e+01	6.090509e+00	1.058929e-02	9.811364e+00
1.098878e+02	6.074401e+00	9.373529e-03	1.129974e+01
1.263710e+02	7.095770e+00	8.377320e-03	1.308133e+01
1.453266e+02	6.784152e+00	7.470010e-03	1.523053e+01
1.671256e+02	6.461462e+00	6.634711e-03	1.783321e+01
1.921945e+02	6.128050e+00	5.866588e-03	2.098752e+01
2.210236e+02	5.786433e+00	5.138934e-03	2.482852e+01
2.541772e+02	5.444818e+00	4.591951e-03	2.952904e+01
2.923037e+02	5.110899e+00	4.075795e-03	3.530290e+01
3.361493e+02	4.778502e+00	3.608661e-03	4.242311e+01
3.865717e+02	4.453276e+00	3.185913e-03	5.126246e+01
4.445574e+02	4.138607e+00	2.785577e-03	6.230330e+01
5.112411e+02	3.858620e+00	2.471052e-03	7.609205e+01
5.879272e+02	3.597017e+00	2.162708e-03	9.328899e+01
6.761163e+02	3.341866e+00	1.913468e-03	1.148168e+02
7.775337e+02	3.093912e+00	1.699231e-03	1.418778e+02
8.941638e+02	2.855257e+00	1.496580e-03	1.760258e+02
1.028288e+03	2.627025e+00	1.325445e-03	2.192558e+02
1.182532e+03	2.410306e+00	1.160397e-03	2.741321e+02
1.359911e+03	2.202481e+00	1.036965e-03	3.440139e+02
1.563898e+03	2.007068e+00	9.209729e-04	4.332641e+02
1.798483e+03	1.826963e+00	8.062462e-04	5.473729e+02
2.068255e+03	1.661454e+00	7.051703e-04	6.932164e+02
2.378493e+03	1.508030e+00	6.196603e-04	8.797373e+02
2.735268e+03	1.366998e+00	5.502156e-04	1.118489e+03
3.145558e+03	1.238001e+00	4.873954e-04	1.424172e+03
3.617391e+03	1.120357e+00	4.259559e-04	1.815505e+03
4.160000e+03	1.013476e+00	3.711748e-04	2.316202e+03
4.784000e+03	9.170755e-01	3.255172e-04	2.956205e+03
5.501600e+03	8.305700e-01	2.848307e-04	3.773195e+03
6.326840e+03	7.530816e-01	2.502657e-04	4.814324e+03
7.275866e+03	6.839144e-01	2.188262e-04	6.138316e+03
8.367246e+03	6.224274e-01	1.925692e-04	7.817909e+03
9.622333e+03	5.677811e-01	1.689642e-04	9.942639e+03
