# Energy_MeV	dEdx_Elec_MeV_um	dEdx_Nucl_MeV_um	Range_um
1.000000e-05	4.430130e-03	2.971616e-02	4.514540e-03
1.150000e-05	4.750785e-03	3.291519e-02	4.841305e-03
1.322500e-05	5.094650e-03	3.644132e-02	5.191721e-03
1.520875e-05	5.463403e-03	4.033185e-02	5.567501e-03
1.749006e-05	5.858847e-03	4.454097e-02	5.970479e-03
2.011357e-05	6.282913e-03	4.921011e-02	6.402626e-03
2.313061e-05	6.737674e-03	5.434155e-02	6.866051e-03
2.660020e-05	7.225350e-03	5.994298e-02	7.363020e-03
3.059023e-05	7.748325e-03	6.594679e-02	7.895959e-03
3.517876e-05	8.309153e-03	7.255646e-02	8.467473e-03
4.045558e-05	8.910574e-03	8.000195e-02	9.080353e-03
4.652391e-05	9.555526e-03	8.802174e-02	9.737594e-03
5.350250e-05	1.024716e-02	9.670488e-02	1.044241e-02
6.152788e-05	1.098885e-02	1.059885e-01	1.119823e-02
7.075706e-05	1.178423e-02	1.161386e-01	1.200877e-02
8.137062e-05	1.263718e-02	1.275078e-01	1.287797e-02
9.357621e-05	1.355187e-02	1.396644e-01	1.381008e-02
1.076126e-04	1.453276e-02	1.527997e-01	1.480966e-02
1.237545e-04	1.558465e-02	1.670503e-01	1.588159e-02
1.423177e-04	1.671267e-02	1.822709e-01	1.703111e-02
1.636654e-04	1.792235e-02	1.986286e-01	1.826383e-02
1.882152e-04	1.921958e-02	2.161128e-01	1.958578e-02
2.164475e-04	2.061070e-02	2.351153e-01	2.100341e-02
2.489146e-04	2.210251e-02	2.555689e-01	2.252365e-02
2.862518e-04	2.370230e-02	2.766360e-01	2.415392e-02
3.291895e-04	2.541789e-02	2.989642e-01	2.590219e-02
3.785680e-04	2.725765e-02	3.240127e-01	2.777701e-02
4.353531e-04	2.923057e-02	3.503643e-01	2.978752e-02
5.006561e-04	3.134630e-02	3.779956e-01	3.194356e-02
5.757545e-04	3.361516e-02	4.064268e-01	3.425565e-02
6.621177e-04	3.604824e-02	4.358881e-01	3.673509e-02
7.614354e-04	3.865743e-02	4.688238e-01	3.939400e-02
8.756507e-04	4.145548e-02	5.027905e-01	4.224536e-02
1.006998e-03	2.224275e-02	5.378355e-01	4.530310e-02
1.158048e-03	2.387085e-02	5.742274e-01	4.858216e-02
1.331755e-03	2.561679e-02	6.119158e-01	5.209856e-02
1.531519e-03	2.748908e-02	6.509584e-01	5.586948e-02
1.761246e-03	2.949688e-02	6.892602e-01	5.991335e-02
2.025433e-03	3.164999e-02	7.294648e-01	6.424990e-02
2.329248e-03	3.395894e-02	7.704932e-01	6.890035e-02
2.678635e-03	3.643500e-02	8.111871e-01	7.388739e-02
3.080431e-03	3.909027e-02	8.500794e-01	7.923540e-02
3.542495e-03	4.193773e-02	8.897037e-01	8.497050e-02
4.073870e-03	4.499127e-02	9.323660e-01	9.112071e-02
4.684950e-03	4.826583e-02	9.729039e-01	9.771607e-02
5.387693e-03	5.177739e-02	1.011467e+00	1.047888e-01
6.195847e-03	5.554312e-02	1.047166e+00	1.123735e-01
7.125224e-03	5.958140e-02	1.082080e+00	1.205071e-01
8.194007e-03	6.391198e-02	1.118808e+00	1.292295e-01
9.423108e-03	6.855600e-02	1.152170e+00	1.385832e-01
1.083657e-02	7.353615e-02	1.182941e+00	1.485798e-01
1.246206e-02	7.887676e-02	1.212094e+00	1.593754e-01
1.433137e-02	8.460392e-02	1.237850e+00	1.709088e-01
1.648108e-02	9.074562e-02	1.261052e+00	1.832808e-01
1.895324e-02	9.733185e-02	1.281697e+00	1.965460e-01
2.179622e-02	1.043948e-01	1.300851e+00	2.107718e-01
2.506566e-02	1.119690e-01	1.317856e+00	2.260273e-01
2.882550e-02	1.200913e-01	1.330289e+00	2.423870e-01
3.314933e-02	1.288016e-01	1.340035e+00	2.599308e-01
3.812173e-02	1.381423e-01	1.349954e+00	2.787444e-01
4.383999e-02	1.481592e-01	1.356820e+00	2.989197e-01
5.041599e-02	1.589010e-01	1.360112e+00	3.205555e-01
5.797838e-02	1.704203e-01	1.360014e+00	3.437572e-01
6.667514e-02	1.827734e-01	1.356553e+00	3.686382e-01
7.667641e-02	1.960207e-01	1.351760e+00	3.953201e-01
8.817787e-02	2.102267e-01	1.343478e+00	4.239332e-01
1.014046e-01	2.254610e-01	1.331298e+00	4.546175e-01
1.166152e-01	2.417980e-01	1.315863e+00	4.875228e-01
1.341075e-01	2.593175e-01	1.296955e+00	5.228096e-01
1.542237e-01	2.781050e-01	1.274718e+00	5.606503e-01
1.773572e-01	2.982524e-01	1.249189e+00	6.012302e-01
2.039608e-01	3.198580e-01	1.220049e+00	6.447475e-01
2.345549e-01	3.430275e-01	1.187966e+00	6.914144e-01
2.697381e-01	3.678740e-01	1.153377e+00	7.414589e-01
3.101989e-01	3.945189e-01	1.117032e+00	7.951256e-01
3.567287e-01	4.230923e-01	1.077492e+00	8.526771e-01
4.102380e-01	4.537339e-01	1.034234e+00	9.143942e-01
4.717737e-01	4.865934e-01	9.900781e-01	9.805782e-01
5.425397e-01	5.218313e-01	9.452328e-01	1.051552e+00
6.239207e-01	5.596197e-01	9.010675e-01	1.127664e+00
7.175088e-01	6.001432e-01	8.552414e-01	1.209284e+00
8.251351e-01	6.435999e-01	8.064338e-01	1.296819e+00
9.489054e-01	6.902020e-01	7.591170e-01	1.390655e+00
1.091241e+00	7.401787e-01	7.125776e-01	1.491527e+00
1.254927e+00	7.937735e-01	6.662084e-01	1.600689e+00
1.443166e+00	8.512474e-01	6.221118e-01	1.718904e+00
1.659641e+00	9.128813e-01	5.798831e-01	1.847044e+00
1.908588e+00	9.789763e-01	5.391119e-01	1.986065e+00
2.194876e+00	1.049855e+00	4.987188e-01	2.137084e+00
2.524107e+00	1.123412e+00	4.593768e-01	2.301393e+00
2.902723e+00	1.194687e+00	4.253107e-01	2.480514e+00
3.338132e+00	1.291369e+00	3.936260e-01	2.676265e+00
3.838852e+00	1.415634e+00	3.589374e-01	2.890853e+00
4.414679e+00	1.546615e+00	3.307124e-01	3.126991e+00
5.076881e+00	1.691578e+00	3.093030e-01	3.388065e+00
5.838413e+00	1.844815e+00	2.861404e-01	3.678348e+00
6.714175e+00	2.009867e+00	2.595034e-01	3.910691e+00
7.721302e+00	2.191848e+00	2.288709e-01	3.809197e+00
8.879497e+00	2.380939e+00	2.037964e-01	3.719996e+00
1.021142e+01	2.589878e+00	1.840772e-01	3.645791e+00
1.174313e+01	2.812127e+00	1.659990e-01	3.589424e+00
1.350460e+01	3.063552e+00	1.497185e-01	3.553907e+00
1.553030e+01	3.350075e+00	1.343524e-01	3.542379e+00
1.785984e+01	3.655892e+00	1.215275e-01	3.558262e+00
2.053882e+01	3.992915e+00	1.092495e-01	3.605166e+00
2.361964e+01	4.353500e+00	9.787127e-02	3.686839e+00
2.716258e+01	4.710304e+00	8.807993e-02	3.807204e+00
3.123697e+01	5.091424e+00	7.964588e-02	3.970360e+00
3.592252e+01	5.459546e+00	7.164614e-02	4.180644e+00
4.131089e+01	5.838218e+00	6.351528e-02	4.442769e+00
4.750753e+01	6.209179e+00	5.652733e-02	4.762061e+00
5.463366e+01	6.548660e+00	5.054756e-02	5.144735e+00
6.282871e+01	6.899445e+00	4.544293e-02	5.598416e+00
7.225301e+01	7.209981e+00	4.068786e-02	6.132518e+00
8.309096e+01	7.508601e+00	3.592597e-02	6.758823e+00
9.555461e+01	7.785113e+00	3.186531e-02	7.492096e+00
1.098878e+02	7.962487e+00	2.832207e-02	8.350746e+00
1.263710e+02	8.130273e+00	2.506655e-02	9.357744e+00
1.453266e+02	8.292237e+00	2.228315e-02	1.054159e+01
1.671256e+02	8.405483e+00	1.986377e-02	1.193748e+01
1.921945e+02	8.469445e+00	1.769727e-02	1.358965e+01
2.210236e+02	1.049943e+01	1.568698e-02	1.554976e+01
2.541772e+02	1.015154e+01	1.384505e-02	1.789213e+01
2.923037e+02	9.776620e+00	1.239405e-02	2.070348e+01
3.361493e+02	9.368068e+00	1.113406e-02	2.407709e+01
3.865717e+02	8.934802e+00	9.759801e-03	2.814379e+01
4.445574e+02	8.489027e+00	8.587829e-03	3.307000e+01
5.112411e+02	8.045514e+00	7.602393e-03	3.905960e+01
5.879272e+02	7.595620e+00	6.768299e-03	4.636933e+01
6.761163e+02	7.150581e+00	6.068256e-03	5.534938e+01
7.775337e+02	6.715149e+00	5.299711e-03	6.645459e+01
8.941638e+02	6.324003e+00	4.655175e-03	8.019141e+01
1.028288e+03	5.961181e+00	4.115650e-03	9.715231e+01
1.182532e+03	5.601231e+00	3.626860e-03	1.181739e+02
1.359911e+03	5.244203e+00	3.206394e-03	1.443480e+02
1.563898e+03	4.894328e+00	2.817859e-03	1.770792e+02
1.798483e+03	4.552896e+00	2.502046e-03	2.181648e+02
2.068255e+03	4.222871e+00	2.208150e-03	2.699046e+02
2.378493e+03	3.899302e+00	1.942327e-03	3.353045e+02
2.735268e+03	3.588054e+00	1.723396e-03	4.182745e+02
3.145558e+03	3.296734e+00	1.536886e-03	5.237309e+02
3.617391e+03	3.026407e+00	1.360858e-03	6.578112e+02
4.160000e+03	2.771863e+00	1.186162e-03	8.284920e+02
4.784000e+03	2.533149e+00	1.039649e-03	1.046125e+03
5.501600e+03	2.309679e+00	9.172919e-04	1.323894e+03
6.326840e+03	2.103214e+00	8.147350e-04	1.678624e+03
7.275866e+03	1.914249e+00	7.192138e-04	2.131673e+03
8.367246e+03	1.740923e+00	6.256826e-04	2.710065e+03
9.622333e+03	1.582959e+00	5.473830e-04	3.447878e+03
