# Energy_MeV	dEdx_Elec_MeV_um	dEdx_Nucl_MeV_um	Range_um
1.000000e-05	5.083416e-03	3.023703e-02	3.934362e-03
1.150000e-05	5.451356e-03	3.352622e-02	4.219134e-03
1.322500e-05	5.845928e-03	3.714315e-02	4.524517e-03
1.520875e-05	6.269060e-03	4.114114e-02	4.852004e-03
1.749006e-05	6.722817e-03	4.551787e-02	5.203194e-03
2.011357e-05	7.209419e-03	5.029404e-02	5.579804e-03
2.313061e-05	7.731240e-03	5.556068e-02	5.983673e-03
2.660020e-05	8.290831e-03	6.136715e-02	6.416775e-03
3.059023e-05	8.890926e-03	6.776910e-02	6.881224e-03
3.517876e-05	9.534456e-03	7.456501e-02	7.379291e-03
4.045558e-05	1.022457e-02	8.199317e-02	7.913408e-03
4.652391e-05	1.096462e-02	9.047129e-02	8.486185e-03
5.350250e-05	1.175825e-02	9.956761e-02	9.100419e-03
6.152788e-05	1.260932e-02	1.094554e-01	9.759112e-03
7.075706e-05	1.352199e-02	1.199874e-01	1.046548e-02
8.137062e-05	1.450072e-02	1.313806e-01	1.122298e-02
9.357621e-05	1.555029e-02	1.443540e-01	1.203530e-02
1.076126e-04	1.667582e-02	1.581803e-01	1.290643e-02
1.237545e-04	1.788283e-02	1.731071e-01	1.384060e-02
1.423177e-04	1.917720e-02	1.892279e-01	1.484239e-02
1.636654e-04	2.056525e-02	2.064954e-01	1.591669e-02
1.882152e-04	2.205378e-02	2.252917e-01	1.706875e-02
2.164475e-04	2.365004e-02	2.451078e-01	1.830419e-02
2.489146e-04	2.536184e-02	2.667511e-01	1.962906e-02
2.862518e-04	2.719755e-02	2.899750e-01	2.104982e-02
3.291895e-04	2.916612e-02	3.141040e-01	2.257342e-02
3.785680e-04	3.127718e-02	3.395852e-01	2.420730e-02
4.353531e-04	3.354104e-02	3.675775e-01	2.595943e-02
5.006561e-04	3.596875e-02	3.978636e-01	2.783839e-02
5.757545e-04	3.857219e-02	4.294989e-01	2.985335e-02
6.621177e-04	4.136407e-02	4.622760e-01	3.201415e-02
7.614354e-04	4.435802e-02	4.961065e-01	3.433135e-02
8.756507e-04	4.756868e-02	5.329130e-01	3.681627e-02
1.006998e-03	5.101172e-02	5.721383e-01	3.948105e-02
1.158048e-03	5.470398e-02	6.124466e-01	4.233871e-02
1.331755e-03	5.866348e-02	6.542104e-01	4.540321e-02
1.531519e-03	6.290958e-02	6.980525e-01	4.868952e-02
1.761246e-03	6.746301e-02	7.424622e-01	5.221369e-02
2.025433e-03	7.234601e-02	7.868313e-01	5.599295e-02
2.329248e-03	7.758246e-02	8.328635e-01	6.004575e-02
2.678635e-03	8.319792e-02	8.802463e-01	6.439189e-02
3.080431e-03	8.921983e-02	9.289122e-01	6.905261e-02
3.542495e-03	9.567760e-02	9.739084e-01	7.405067e-02
4.073870e-03	1.026028e-01	1.018618e+00	7.941050e-02
4.684950e-03	1.100292e-01	1.068786e+00	8.515827e-02
5.387693e-03	1.179932e-01	1.116329e+00	9.132207e-02
6.195847e-03	1.265336e-01	1.161933e+00	9.793201e-02
7.125224e-03	1.356922e-01	1.203888e+00	1.050204e-01
8.194007e-03	1.455137e-01	1.243099e+00	1.126218e-01
9.423108e-03	1.560460e-01	1.286753e+00	1.207734e-01
1.083657e-02	1.673407e-01	1.326383e+00	1.295039e-01
1.246206e-02	1.794529e-01	1.362589e+00	1.388945e-01
1.433137e-02	1.924418e-01	1.396802e+00	1.489448e-01
1.648108e-02	2.063709e-01	1.426955e+00	1.597266e-01
1.895324e-02	2.213081e-01	1.455483e+00	1.712872e-01
2.179622e-02	2.373265e-01	1.479780e+00	1.836848e-01
2.506566e-02	2.545043e-01	1.502659e+00	1.969798e-01
2.882550e-02	2.729255e-01	1.522987e+00	2.112371e-01
3.314933e-02	2.926800e-01	1.538297e+00	2.265262e-01
3.812173e-02	3.138643e-01	1.550467e+00	2.429220e-01
4.383999e-02	3.365820e-01	1.561552e+00	2.605046e-01
5.041599e-02	3.609440e-01	1.570679e+00	2.793599e-01
5.797838e-02	3.870693e-01	1.575672e+00	2.995798e-01
6.667514e-02	4.150855e-01	1.576611e+00	3.212632e-01
7.667641e-02	4.451297e-01	1.573689e+00	3.445162e-01
8.817787e-02	4.773484e-01	1.568332e+00	3.694523e-01
1.014046e-01	5.118991e-01	1.559921e+00	3.961932e-01
1.166152e-01	5.489506e-01	1.547073e+00	4.248695e-01
1.341075e-01	5.886840e-01	1.530169e+00	4.556215e-01
1.542237e-01	6.312932e-01	1.509423e+00	4.885994e-01
1.773572e-01	6.769866e-01	1.484633e+00	5.239643e-01
2.039608e-01	7.259872e-01	1.456047e+00	5.618889e-01
2.345549e-01	7.785346e-01	1.423420e+00	6.025583e-01
2.697381e-01	8.348853e-01	1.387129e+00	6.461715e-01
3.101989e-01	8.953147e-01	1.347145e+00	6.929416e-01
3.567287e-01	9.601181e-01	1.305732e+00	7.430970e-01
4.102380e-01	1.029612e+00	1.261503e+00	7.968824e-01
4.717737e-01	1.104136e+00	1.211516e+00	8.545607e-01
5.425397e-01	1.184054e+00	1.160691e+00	9.164140e-01
6.239207e-01	1.269756e+00	1.108411e+00	9.827448e-01
7.175088e-01	1.361662e+00	1.057111e+00	1.053874e+00
8.251351e-01	1.460220e+00	1.005899e+00	1.130162e+00
9.489054e-01	1.565911e+00	9.487462e-01	1.211938e+00
1.091241e+00	1.665091e+00	8.935211e-01	1.299988e+00
1.254927e+00	1.768369e+00	8.394118e-01	1.395335e+00
1.443166e+00	9.388242e-01	7.857044e-01	1.498596e+00
1.659641e+00	1.006802e+00	7.347436e-01	1.610549e+00
1.908588e+00	1.079701e+00	6.841535e-01	1.732041e+00
2.194876e+00	1.157876e+00	6.368985e-01	1.864060e+00
2.524107e+00	1.236975e+00	5.896582e-01	2.007755e+00
2.902723e+00	1.318972e+00	5.438035e-01	2.164483e+00
3.338132e+00	1.436634e+00	5.033862e-01	2.335871e+00
3.838852e+00	1.577732e+00	4.658571e-01	2.523900e+00
4.414679e+00	1.727332e+00	4.270916e-01	2.731014e+00
5.076881e+00	1.890572e+00	3.920322e-01	2.960269e+00
5.838413e+00	2.067930e+00	3.649260e-01	3.215534e+00
6.714175e+00	2.253924e+00	3.390412e-01	3.501761e+00
7.721302e+00	2.458785e+00	3.092737e-01	3.796332e+00
8.879497e+00	2.669921e+00	2.750411e-01	3.651859e+00
1.021142e+01	2.893706e+00	2.440986e-01	3.529002e+00
1.174313e+01	3.133316e+00	2.194193e-01	3.429398e+00
1.350460e+01	3.402367e+00	1.980502e-01	3.354799e+00
1.553030e+01	3.704735e+00	1.779865e-01	3.307101e+00
1.785984e+01	4.031520e+00	1.600924e-01	3.288349e+00
2.053882e+01	4.392372e+00	1.449528e-01	3.300639e+00
2.361964e+01	4.796328e+00	1.305106e-01	3.346409e+00
2.716258e+01	5.201014e+00	1.170229e-01	3.428096e+00
3.123697e+01	5.642565e+00	1.046324e-01	3.548294e+00
3.592252e+01	6.099456e+00	9.453280e-02	3.709797e+00
4.131089e+01	6.551880e+00	8.559288e-02	3.915734e+00
4.750753e+01	7.029746e+00	7.580603e-02	4.169770e+00
5.463366e+01	7.452639e+00	6.736658e-02	4.476377e+00
6.282871e+01	7.897802e+00	6.016289e-02	4.841148e+00
7.225301e+01	8.329733e+00	5.398969e-02	5.271182e+00
8.309096e+01	8.725370e+00	4.867577e-02	5.775505e+00
9.555461e+01	9.123806e+00	4.293219e-02	6.365475e+00
1.098878e+02	9.384668e+00	3.801438e-02	7.055327e+00
1.263710e+02	9.664676e+00	3.381246e-02	7.862767e+00
1.453266e+02	9.956267e+00	2.995638e-02	8.809777e+00
1.671256e+02	1.015058e+01	2.668672e-02	9.923374e+00
1.921945e+02	1.324841e+01	2.368864e-02	1.123728e+01
2.210236e+02	1.279947e+01	2.113191e-02	1.279107e+01
2.541772e+02	1.246142e+01	1.874561e-02	1.464341e+01
2.923037e+02	1.205146e+01	1.656142e-02	1.685539e+01
3.361493e+02	1.159809e+01	1.481081e-02	1.949905e+01
3.865717e+02	1.110392e+01	1.328609e-02	2.267290e+01
4.445574e+02	1.059294e+01	1.175031e-02	2.650138e+01
5.112411e+02	1.007834e+01	1.032433e-02	3.113474e+01
5.879272e+02	9.550896e+00	9.117877e-03	3.676539e+01
6.761163e+02	9.033396e+00	8.103369e-03	4.365764e+01
7.775337e+02	8.521957e+00	7.246561e-03	5.214124e+01
8.941638e+02	8.077341e+00	6.387692e-03	6.256960e+01
1.028288e+03	7.653614e+00	5.602250e-03	7.537872e+01
1.182532e+03	7.226607e+00	4.940340e-03	9.118345e+01
1.359911e+03	6.799849e+00	4.357906e-03	1.107751e+02
1.563898e+03	6.377807e+00	3.831570e-03	1.351693e+02
1.798483e+03	5.963200e+00	3.372771e-03	1.656585e+02
2.068255e+03	5.557859e+00	3.000644e-03	2.038978e+02
2.378493e+03	5.156255e+00	2.653075e-03	2.520566e+02
2.735268e+03	4.768145e+00	2.335979e-03	3.129293e+02
3.145558e+03	4.405045e+00	2.054968e-03	3.900005e+02
3.617391e+03	4.062967e+00	1.830152e-03	4.876415e+02
4.160000e+03	3.737934e+00	1.633436e-03	6.115750e+02
4.784000e+03	3.430534e+00	1.421973e-03	7.691735e+02
5.501600e+03	3.141201e+00	1.243623e-03	9.698406e+02
6.326840e+03	2.872431e+00	1.095588e-03	1.225566e+03
7.275866e+03	2.624031e+00	9.708127e-04	1.551573e+03
8.367246e+03	2.394560e+00	8.640653e-04	1.967125e+03
9.622333e+03	2.184527e+00	7.507552e-04	2.496516e+03
