# Energy_MeV	dEdx_Elec_MeV_um	dEdx_Nucl_MeV_um	Range_um
1.000000e-05	5.540727e-03	2.921277e-02	3.609634e-03
1.150000e-05	5.941768e-03	3.238489e-02	3.870902e-03
1.322500e-05	6.371837e-03	3.598823e-02	4.151079e-03
1.520875e-05	6.833033e-03	3.990765e-02	4.451537e-03
1.749006e-05	7.327612e-03	4.423075e-02	4.773741e-03
2.011357e-05	7.857988e-03	4.898294e-02	5.119267e-03
2.313061e-05	8.426754e-03	5.419001e-02	5.489803e-03
2.660020e-05	9.036687e-03	5.993596e-02	5.887157e-03
3.059023e-05	9.690767e-03	6.619450e-02	6.313273e-03
3.517876e-05	1.039219e-02	7.314215e-02	6.770231e-03
4.045558e-05	1.114438e-02	8.075716e-02	7.260264e-03
4.652391e-05	1.195102e-02	8.892834e-02	7.785766e-03
5.350250e-05	1.281604e-02	9.778987e-02	8.349304e-03
6.152788e-05	1.374367e-02	1.077859e-01	8.953631e-03
7.075706e-05	1.473845e-02	1.187250e-01	9.601699e-03
8.137062e-05	1.580522e-02	1.305351e-01	1.029668e-02
9.357621e-05	1.694921e-02	1.432545e-01	1.104195e-02
1.076126e-04	1.817600e-02	1.568862e-01	1.184118e-02
1.237545e-04	1.949159e-02	1.722365e-01	1.269825e-02
1.423177e-04	2.090241e-02	1.888848e-01	1.361735e-02
1.636654e-04	2.241533e-02	2.067274e-01	1.460298e-02
1.882152e-04	2.403777e-02	2.260876e-01	1.565996e-02
2.164475e-04	2.577763e-02	2.470490e-01	1.679343e-02
2.489146e-04	2.764343e-02	2.695850e-01	1.800895e-02
2.862518e-04	2.964428e-02	2.933306e-01	1.931245e-02
3.291895e-04	3.178995e-02	3.191491e-01	2.071029e-02
3.785680e-04	3.409092e-02	3.470571e-01	2.220931e-02
4.353531e-04	3.655844e-02	3.768211e-01	2.381684e-02
5.006561e-04	3.920456e-02	4.074709e-01	2.554071e-02
5.757545e-04	4.204220e-02	4.404114e-01	2.738936e-02
6.621177e-04	4.508524e-02	4.773883e-01	2.937182e-02
7.614354e-04	4.834853e-02	5.155624e-01	3.149776e-02
8.756507e-04	5.184803e-02	5.557340e-01	3.377759e-02
1.006998e-03	5.560081e-02	5.966819e-01	3.622243e-02
1.158048e-03	5.962523e-02	6.399947e-01	3.884423e-02
1.331755e-03	6.394094e-02	6.881783e-01	4.165579e-02
1.531519e-03	6.856902e-02	7.370417e-01	4.467086e-02
1.761246e-03	7.353208e-02	7.879351e-01	4.790416e-02
2.025433e-03	7.885437e-02	8.407654e-01	5.137149e-02
2.329248e-03	8.456189e-02	8.946015e-01	5.508979e-02
2.678635e-03	9.068252e-02	9.498545e-01	5.907722e-02
3.080431e-03	9.724617e-02	1.005399e+00	6.335326e-02
3.542495e-03	1.042849e-01	1.063606e+00	6.793880e-02
4.073870e-03	1.118331e-01	1.122605e+00	7.285624e-02
4.684950e-03	1.199276e-01	1.178749e+00	7.812962e-02
5.387693e-03	1.286081e-01	1.233562e+00	8.378468e-02
6.195847e-03	1.379168e-01	1.293487e+00	8.984906e-02
7.125224e-03	1.478993e-01	1.352934e+00	9.635238e-02
8.194007e-03	1.586043e-01	1.409199e+00	1.033264e-01
9.423108e-03	1.700842e-01	1.462408e+00	1.108052e-01
1.083657e-02	1.823949e-01	1.511329e+00	1.187871e-01
1.246206e-02	1.955968e-01	1.564129e+00	1.274035e-01
1.433137e-02	2.097542e-01	1.614366e+00	1.366536e-01
1.648108e-02	2.249363e-01	1.659537e+00	1.465429e-01
1.895324e-02	2.412173e-01	1.702371e+00	1.571499e-01
2.179622e-02	2.586768e-01	1.741913e+00	1.685244e-01
2.506566e-02	2.773999e-01	1.778045e+00	1.807220e-01
2.882550e-02	2.974783e-01	1.808486e+00	1.938025e-01
3.314933e-02	3.190099e-01	1.836944e+00	2.078297e-01
3.812173e-02	3.421000e-01	1.862914e+00	2.228723e-01
4.383999e-02	3.668614e-01	1.884465e+00	2.390037e-01
5.041599e-02	3.934150e-01	1.900388e+00	2.563027e-01
5.797838e-02	4.218906e-01	1.913433e+00	2.748537e-01
6.667514e-02	4.524273e-01	1.926499e+00	2.947475e-01
7.667641e-02	4.851742e-01	1.934015e+00	3.160812e-01
8.817787e-02	5.202913e-01	1.936792e+00	3.389592e-01
1.014046e-01	5.579503e-01	1.934539e+00	3.634930e-01
1.166152e-01	5.983350e-01	1.928235e+00	3.898025e-01
1.341075e-01	6.416429e-01	1.919689e+00	4.180163e-01
1.542237e-01	6.880853e-01	1.905521e+00	4.482724e-01
1.773572e-01	7.378893e-01	1.886178e+00	4.807184e-01
2.039608e-01	7.912981e-01	1.862154e+00	5.155128e-01
2.345549e-01	8.485727e-01	1.833108e+00	5.528255e-01
2.697381e-01	9.099928e-01	1.799443e+00	5.928390e-01
3.101989e-01	9.758586e-01	1.760969e+00	6.357489e-01
3.567287e-01	1.046492e+00	1.717562e+00	6.817646e-01
4.102380e-01	1.122237e+00	1.669899e+00	7.311107e-01
4.717737e-01	1.203465e+00	1.619780e+00	7.840285e-01
5.425397e-01	1.290573e+00	1.566699e+00	8.407767e-01
6.239207e-01	1.383985e+00	1.506902e+00	9.016325e-01
7.175088e-01	1.484159e+00	1.444830e+00	9.668935e-01
8.251351e-01	1.591583e+00	1.381383e+00	1.036875e+00
9.489054e-01	1.706783e+00	1.317966e+00	1.111929e+00
1.091241e+00	1.827926e+00	1.255549e+00	1.192406e+00
1.254927e+00	1.942189e+00	1.186245e+00	1.279203e+00
1.443166e+00	2.062355e+00	1.117735e+00	1.373211e+00
1.659641e+00	1.096827e+00	1.051465e+00	1.475046e+00
1.908588e+00	1.176246e+00	9.853551e-01	1.585470e+00
2.194876e+00	1.261414e+00	9.209649e-01	1.705338e+00
2.524107e+00	1.352746e+00	8.576878e-01	1.835634e+00
2.902723e+00	1.441202e+00	7.995873e-01	1.977513e+00
3.338132e+00	1.535791e+00	7.417422e-01	2.132341e+00
3.838852e+00	1.680381e+00	6.849243e-01	2.301764e+00
4.414679e+00	1.841938e+00	6.322275e-01	2.487788e+00
5.076881e+00	2.017392e+00	5.854110e-01	2.692897e+00
5.838413e+00	2.205174e+00	5.397931e-01	2.920208e+00
6.714175e+00	2.413525e+00	4.929040e-01	3.173677e+00
7.721302e+00	2.631024e+00	4.570430e-01	3.458375e+00
8.879497e+00	2.868337e+00	4.265826e-01	3.780846e+00
1.021142e+01	3.120878e+00	3.915531e-01	4.149573e+00
1.174313e+01	3.370620e+00	3.512692e-01	4.168475e+00
1.350460e+01	3.642439e+00	3.101737e-01	3.966593e+00
1.553030e+01	3.943731e+00	2.778446e-01	3.806319e+00
1.785984e+01	4.269601e+00	2.508315e-01	3.686683e+00
2.053882e+01	4.618470e+00	2.257676e-01	3.607181e+00
2.361964e+01	4.997073e+00	2.035343e-01	3.567723e+00
2.716258e+01	5.421069e+00	1.835364e-01	3.568572e+00
3.123697e+01	5.877161e+00	1.656456e-01	3.610175e+00
3.592252e+01	6.375265e+00	1.485364e-01	3.693533e+00
4.131089e+01	6.921795e+00	1.328157e-01	3.819805e+00
4.750753e+01	7.454373e+00	1.198781e-01	3.990628e+00
5.463366e+01	8.022062e+00	1.086404e-01	4.208269e+00
6.282871e+01	8.564835e+00	9.654213e-02	4.475860e+00
7.225301e+01	9.110644e+00	8.566921e-02	4.797672e+00
8.309096e+01	9.676538e+00	7.652117e-02	5.179413e+00
9.555461e+01	1.017124e+01	6.853788e-02	5.628521e+00
1.098878e+02	1.066090e+01	6.187317e-02	6.154562e+00
1.263710e+02	1.104204e+01	5.468193e-02	6.769613e+00
1.453266e+02	1.144036e+01	4.833773e-02	7.488712e+00
1.671256e+02	1.187368e+01	4.305316e-02	8.330519e+00
1.921945e+02	1.213366e+01	3.818715e-02	9.317978e+00
2.210236e+02	1.632997e+01	3.393481e-02	1.047906e+01
2.541772e+02	1.595378e+01	3.004321e-02	1.184810e+01
2.923037e+02	1.562996e+01	2.683945e-02	1.347517e+01
3.361493e+02	1.520197e+01	2.386891e-02	1.540720e+01
3.865717e+02	1.471026e+01	2.111266e-02	1.770590e+01
4.445574e+02	1.415732e+01	1.878296e-02	2.045275e+01
5.112411e+02	1.357606e+01	1.684305e-02	2.374940e+01
5.879272e+02	1.297700e+01	1.503579e-02	2.771752e+01
6.761163e+02	1.236229e+01	1.317126e-02	3.251617e+01
7.775337e+02	1.175593e+01	1.162074e-02	3.836335e+01
8.941638e+02	1.116088e+01	1.029500e-02	4.551699e+01
1.028288e+03	1.065395e+01	9.193881e-03	5.424594e+01
1.182532e+03	1.015412e+01	8.183191e-03	6.490345e+01
1.359911e+03	9.644661e+00	7.154282e-03	7.797967e+01
1.563898e+03	9.131273e+00	6.302155e-03	9.409900e+01
1.798483e+03	8.617404e+00	5.558743e-03	1.140592e+02
2.068255e+03	8.108502e+00	4.889024e-03	1.388692e+02
2.378493e+03	7.602298e+00	4.315980e-03	1.698228e+02
2.735268e+03	7.096247e+00	3.821196e-03	2.086155e+02
3.145558e+03	6.603643e+00	3.387681e-03	2.574041e+02
3.617391e+03	6.143179e+00	2.982381e-03	3.188558e+02
4.160000e+03	5.701056e+00	2.618305e-03	3.963407e+02
4.784000e+03	5.275845e+00	2.328719e-03	4.942855e+02
5.501600e+03	4.870629e+00	2.083552e-03	6.183504e+02
6.326840e+03	4.487036e+00	1.817339e-03	7.757627e+02
7.275866e+03	4.126852e+00	1.586123e-03	9.757262e+02
8.367246e+03	3.789662e+00	1.397505e-03	1.229921e+03
9.622333e+03	3.475834e+00	1.235427e-03	1.553134e+03
