# Energy_MeV	dEdx_Elec_MeV_um	dEdx_Nucl_MeV_um	Range_um
1.000000e-05	5.084886e-03	2.669309e-02	3.933225e-03
1.150000e-05	5.452933e-03	2.769134e-02	4.217914e-03
1.322500e-05	5.847619e-03	3.004444e-02	4.523209e-03
1.520875e-05	6.270872e-03	3.340499e-02	4.850601e-03
1.749006e-05	6.724761e-03	3.702393e-02	5.201690e-03
2.011357e-05	7.211503e-03	4.104171e-02	5.578191e-03
2.313061e-05	7.733476e-03	4.563253e-02	5.981944e-03
2.660020e-05	8.293229e-03	5.057810e-02	6.414920e-03
3.059023e-05	8.893497e-03	5.607941e-02	6.879235e-03
3.517876e-05	9.537213e-03	6.208068e-02	7.377158e-03
4.045558e-05	1.022752e-02	6.869970e-02	7.911120e-03
4.652391e-05	1.096780e-02	7.599422e-02	8.483731e-03
5.350250e-05	1.176165e-02	8.389748e-02	9.097788e-03
6.152788e-05	1.261296e-02	9.274189e-02	9.756291e-03
7.075706e-05	1.352590e-02	1.023560e-01	1.046246e-02
8.137062e-05	1.450491e-02	1.127792e-01	1.121973e-02
9.357621e-05	1.555478e-02	1.239498e-01	1.203183e-02
1.076126e-04	1.668065e-02	1.366106e-01	1.290270e-02
1.237545e-04	1.788800e-02	1.505758e-01	1.383660e-02
1.423177e-04	1.918274e-02	1.654542e-01	1.483810e-02
1.636654e-04	2.057120e-02	1.817036e-01	1.591209e-02
1.882152e-04	2.206015e-02	1.988683e-01	1.706381e-02
2.164475e-04	2.365688e-02	2.183109e-01	1.829890e-02
2.489146e-04	2.536918e-02	2.395861e-01	1.962339e-02
2.862518e-04	2.720541e-02	2.620471e-01	2.104374e-02
3.291895e-04	2.917455e-02	2.867406e-01	2.256689e-02
3.785680e-04	3.128622e-02	3.132783e-01	2.420030e-02
4.353531e-04	3.355074e-02	3.417520e-01	2.595193e-02
5.006561e-04	3.597916e-02	3.720469e-01	2.783034e-02
5.757545e-04	3.858335e-02	4.045873e-01	2.984472e-02
6.621177e-04	4.137603e-02	4.402212e-01	3.200489e-02
7.614354e-04	4.437085e-02	4.780674e-01	3.432143e-02
8.756507e-04	4.758243e-02	5.166419e-01	3.680563e-02
1.006998e-03	5.102648e-02	5.583640e-01	3.946964e-02
1.158048e-03	5.471980e-02	6.057211e-01	4.232647e-02
1.331755e-03	5.868045e-02	6.537074e-01	4.539009e-02
1.531519e-03	6.292777e-02	7.052059e-01	4.867544e-02
1.761246e-03	6.748251e-02	7.566419e-01	5.219860e-02
2.025433e-03	7.236693e-02	8.115014e-01	5.597676e-02
2.329248e-03	7.760489e-02	8.733286e-01	6.002839e-02
2.678635e-03	8.322197e-02	9.346590e-01	6.437327e-02
3.080431e-03	8.924562e-02	9.998002e-01	6.903265e-02
3.542495e-03	9.570527e-02	1.066241e+00	7.402927e-02
4.073870e-03	1.026325e-01	1.135098e+00	7.938754e-02
4.684950e-03	1.100611e-01	1.205373e+00	8.513365e-02
5.387693e-03	1.180273e-01	1.275178e+00	9.129567e-02
6.195847e-03	1.265702e-01	1.349864e+00	9.790370e-02
7.125224e-03	1.357314e-01	1.423919e+00	1.049900e-01
8.194007e-03	1.455558e-01	1.496398e+00	1.125893e-01
9.423108e-03	1.560912e-01	1.564830e+00	1.207385e-01
1.083657e-02	1.673891e-01	1.640730e+00	1.294776e-01
1.246206e-02	1.795048e-01	1.717783e+00	1.388493e-01
1.433137e-02	1.924975e-01	1.787758e+00	1.488993e-01
1.648108e-02	2.064306e-01	1.856898e+00	1.596287e-01
1.895324e-02	2.213721e-01	1.917587e+00	1.712040e-01
2.179622e-02	2.373951e-01	1.984463e+00	1.836341e-01
2.506566e-02	2.545779e-01	2.049952e+00	1.969232e-01
2.882550e-02	2.730044e-01	2.105797e+00	2.111770e-01
3.314933e-02	2.927646e-01	2.161327e+00	2.264618e-01
3.812173e-02	3.139551e-01	2.211310e+00	2.428529e-01
4.383999e-02	3.366793e-01	2.256498e+00	2.604304e-01
5.041599e-02	3.610483e-01	2.296034e+00	2.792801e-01
5.797838e-02	3.871812e-01	2.331355e+00	2.994942e-01
6.667514e-02	4.152056e-01	2.365293e+00	3.211715e-01
7.667641e-02	4.452584e-01	2.392694e+00	3.444178e-01
8.817787e-02	4.774864e-01	2.412256e+00	3.693465e-01
1.014046e-01	5.120471e-01	2.428779e+00	3.960796e-01
1.166152e-01	5.491094e-01	2.446246e+00	4.247477e-01
1.341075e-01	5.888542e-01	2.455122e+00	4.554910e-01
1.542237e-01	6.314758e-01	2.459292e+00	4.884593e-01
1.773572e-01	6.771823e-01	2.455983e+00	5.238138e-01
2.039608e-01	7.261971e-01	2.447999e+00	5.617273e-01
2.345549e-01	7.787597e-01	2.437713e+00	6.023852e-01
2.697381e-01	8.351267e-01	2.419388e+00	6.459860e-01
3.101989e-01	8.955736e-01	2.395106e+00	6.927424e-01
3.567287e-01	9.603957e-01	2.364525e+00	7.428830e-01
4.102380e-01	1.029910e+00	2.327790e+00	7.966529e-01
4.717737e-01	1.104455e+00	2.285066e+00	8.543149e-01
5.425397e-01	1.184396e+00	2.236367e+00	9.161505e-01
6.239207e-01	1.270123e+00	2.181110e+00	9.824615e-01
7.175088e-01	1.362056e+00	2.120936e+00	1.053572e+00
8.251351e-01	1.460642e+00	2.056805e+00	1.129830e+00
9.489054e-01	1.566364e+00	1.990048e+00	1.211607e+00
1.091241e+00	1.679738e+00	1.914310e+00	1.299305e+00
1.254927e+00	1.801318e+00	1.834515e+00	1.393345e+00
1.443166e+00	1.931699e+00	1.755020e+00	1.494203e+00
1.659641e+00	2.069044e+00	1.673172e+00	1.602344e+00
1.908588e+00	2.198394e+00	1.595232e+00	1.718968e+00
2.194876e+00	2.334432e+00	1.507452e+00	1.845280e+00
2.524107e+00	2.477008e+00	1.418798e+00	1.982106e+00
2.902723e+00	1.318852e+00	1.336251e+00	2.130472e+00
3.338132e+00	1.414336e+00	1.251023e+00	2.291523e+00
3.838852e+00	1.516732e+00	1.169527e+00	2.466582e+00
4.414679e+00	1.614948e+00	1.090102e+00	2.657198e+00
5.076881e+00	1.718897e+00	1.015166e+00	2.865205e+00
5.838413e+00	1.878514e+00	9.428930e-01	3.092811e+00
6.714175e+00	2.057595e+00	8.694205e-01	3.342707e+00
7.721302e+00	2.251924e+00	8.023227e-01	3.618226e+00
8.879497e+00	2.460854e+00	7.440479e-01	3.923545e+00
1.021142e+01	2.693101e+00	6.862687e-01	4.263970e+00
1.174313e+01	2.936879e+00	6.246297e-01	4.646300e+00
1.350460e+01	3.204542e+00	5.807949e-01	5.079306e+00
1.553030e+01	3.491119e+00	5.422140e-01	5.574362e+00
1.785984e+01	3.777024e+00	4.978460e-01	6.146240e+00
2.053882e+01	4.088112e+00	4.468228e-01	6.774758e+00
2.361964e+01	4.430311e+00	3.928845e-01	6.328111e+00
2.716258e+01	4.796271e+00	3.532729e-01	5.980205e+00
3.123697e+01	5.180756e+00	3.183157e-01	5.720927e+00
3.592252e+01	5.585555e+00	2.870928e-01	5.542633e+00
4.131089e+01	6.036575e+00	2.583623e-01	5.439609e+00
4.750753e+01	6.528328e+00	2.329298e-01	5.407656e+00
5.463366e+01	7.080575e+00	2.106391e-01	5.443833e+00
6.282871e+01	7.701766e+00	1.884721e-01	5.546121e+00
7.225301e+01	8.344740e+00	1.689115e-01	5.714046e+00
8.309096e+01	9.044082e+00	1.519953e-01	5.948041e+00
9.555461e+01	9.738186e+00	1.381502e-01	6.250040e+00
1.098878e+02	1.045004e+01	1.228266e-01	6.623671e+00
1.263710e+02	1.119700e+01	1.085490e-01	7.074540e+00
1.453266e+02	1.187638e+01	9.733651e-02	7.610550e+00
1.671256e+02	1.256543e+01	8.685356e-02	8.242246e+00
1.921945e+02	1.313993e+01	7.868548e-02	8.983179e+00
2.210236e+02	1.375213e+01	6.957711e-02	9.850497e+00
2.541772e+02	1.442448e+01	6.126025e-02	1.086553e+01
2.923037e+02	1.490555e+01	5.476881e-02	1.205451e+01
3.361493e+02	1.963970e+01	4.843125e-02	1.344938e+01
3.865717e+02	1.933652e+01	4.307448e-02	1.508905e+01
4.445574e+02	1.909232e+01	3.821496e-02	1.703131e+01
5.112411e+02	1.869735e+01	3.408921e-02	1.932847e+01
5.879272e+02	1.820585e+01	3.036630e-02	2.204922e+01
6.761163e+02	1.762210e+01	2.677374e-02	2.528479e+01
7.775337e+02	1.698895e+01	2.381663e-02	2.914849e+01
8.941638e+02	1.632103e+01	2.141677e-02	3.377456e+01
1.028288e+03	1.562500e+01	1.912773e-02	3.933814e+01
1.182532e+03	1.493665e+01	1.669084e-02	4.608003e+01
1.359911e+03	1.425342e+01	1.478031e-02	5.428228e+01
1.563898e+03	1.367906e+01	1.304857e-02	6.423152e+01
1.798483e+03	1.311199e+01	1.169095e-02	7.630385e+01
2.068255e+03	1.252632e+01	1.041081e-02	9.102497e+01
2.378493e+03	1.192970e+01	9.064993e-03	1.090616e+02
2.735268e+03	1.132633e+01	8.016020e-03	1.312616e+02
3.145558e+03	1.072127e+01	7.051084e-03	1.586920e+02
3.617391e+03	1.011429e+01	6.219333e-03	1.927154e+02
4.160000e+03	9.506656e+00	5.476749e-03	2.351133e+02
4.784000e+03	8.908522e+00	4.847947e-03	2.881439e+02
5.501600e+03	8.339174e+00	4.309167e-03	3.545842e+02
6.326840e+03	7.785920e+00	3.782773e-03	4.379301e+02
7.275866e+03	7.251370e+00	3.330902e-03	5.427733e+02
8.367246e+03	6.737323e+00	2.951103e-03	6.749772e+02
9.622333e+03	6.244477e+00	2.650163e-03	8.420183e+02
