# Energy_MeV	dEdx_Elec_MeV_um	dEdx_Nucl_MeV_um	Range_um
1.000000e-05	5.401667e-03	3.227373e-02	3.702561e-03
1.150000e-05	5.792643e-03	3.575533e-02	3.970554e-03
1.322500e-05	6.211917e-03	3.954653e-02	4.257945e-03
1.520875e-05	6.661539e-03	4.372467e-02	4.566137e-03
1.749006e-05	7.143705e-03	4.831028e-02	4.896636e-03
2.011357e-05	7.660770e-03	5.335550e-02	5.251057e-03
2.313061e-05	8.215261e-03	5.893491e-02	5.631132e-03
2.660020e-05	8.809886e-03	6.485096e-02	6.038716e-03
3.059023e-05	9.447550e-03	7.134854e-02	6.475802e-03
3.517876e-05	1.013137e-02	7.866867e-02	6.944524e-03
4.045558e-05	1.086468e-02	8.657931e-02	7.447172e-03
4.652391e-05	1.165107e-02	9.524139e-02	7.986202e-03
5.350250e-05	1.249438e-02	1.044284e-01	8.564248e-03
6.152788e-05	1.339873e-02	1.144271e-01	9.184132e-03
7.075706e-05	1.436854e-02	1.256683e-01	9.848885e-03
8.137062e-05	1.540854e-02	1.376885e-01	1.056175e-02
9.357621e-05	1.652382e-02	1.507786e-01	1.132622e-02
1.076126e-04	1.771983e-02	1.647992e-01	1.214602e-02
1.237545e-04	1.900240e-02	1.800357e-01	1.302515e-02
1.423177e-04	2.037780e-02	1.965460e-01	1.396792e-02
1.636654e-04	2.185276e-02	2.137369e-01	1.497892e-02
1.882152e-04	2.343447e-02	2.326725e-01	1.606310e-02
2.164475e-04	2.513067e-02	2.528498e-01	1.722576e-02
2.489146e-04	2.694964e-02	2.743387e-01	1.847257e-02
2.862518e-04	2.890027e-02	2.968036e-01	1.980963e-02
3.291895e-04	3.099209e-02	3.209261e-01	2.124346e-02
3.785680e-04	3.323531e-02	3.475068e-01	2.278107e-02
4.353531e-04	3.564090e-02	3.754975e-01	2.442997e-02
5.006561e-04	3.822061e-02	4.043238e-01	2.619823e-02
5.757545e-04	4.098704e-02	4.343479e-01	2.809447e-02
6.621177e-04	4.395370e-02	4.660661e-01	3.012796e-02
7.614354e-04	4.713509e-02	5.005939e-01	3.230864e-02
8.756507e-04	5.054675e-02	5.364352e-01	3.464716e-02
1.006998e-03	5.420535e-02	5.730558e-01	3.715494e-02
1.158048e-03	5.812877e-02	6.117886e-01	3.984423e-02
1.331755e-03	6.233616e-02	6.505985e-01	4.272818e-02
1.531519e-03	6.684808e-02	6.904022e-01	4.582087e-02
1.761246e-03	7.168658e-02	7.311381e-01	4.913741e-02
2.025433e-03	3.843812e-02	7.728495e-01	5.269400e-02
2.329248e-03	4.124720e-02	8.161234e-01	5.650802e-02
2.678635e-03	4.425958e-02	8.559863e-01	6.059810e-02
3.080431e-03	4.748998e-02	8.962864e-01	6.498422e-02
3.542495e-03	5.095418e-02	9.401699e-01	6.968781e-02
4.073870e-03	5.466911e-02	9.821070e-01	7.473185e-02
4.684950e-03	5.865292e-02	1.023534e+00	8.014098e-02
5.387693e-03	6.292506e-02	1.060907e+00	8.594163e-02
6.195847e-03	6.750641e-02	1.096944e+00	9.216213e-02
7.125224e-03	7.241936e-02	1.135610e+00	9.883287e-02
8.194007e-03	7.768790e-02	1.170717e+00	1.059357e-01
9.423108e-03	8.333776e-02	1.204041e+00	1.136508e-01
1.083657e-02	8.939656e-02	1.234247e+00	1.218871e-01
1.246206e-02	9.589389e-02	1.262561e+00	1.307097e-01
1.433137e-02	1.028615e-01	1.289068e+00	1.401700e-01
1.648108e-02	1.103334e-01	1.310476e+00	1.503154e-01
1.895324e-02	1.183461e-01	1.331449e+00	1.611951e-01
2.179622e-02	1.269388e-01	1.349521e+00	1.728622e-01
2.506566e-02	1.361535e-01	1.364603e+00	1.853739e-01
2.882550e-02	1.460350e-01	1.376318e+00	1.987912e-01
3.314933e-02	1.566319e-01	1.385870e+00	2.131796e-01
3.812173e-02	1.679957e-01	1.394568e+00	2.286094e-01
4.383999e-02	1.801820e-01	1.400140e+00	2.451560e-01
5.041599e-02	1.932504e-01	1.401552e+00	2.629004e-01
5.797838e-02	2.072646e-01	1.399946e+00	2.819291e-01
6.667514e-02	2.222932e-01	1.395329e+00	3.023350e-01
7.667641e-02	2.384096e-01	1.388562e+00	3.242179e-01
8.817787e-02	2.556926e-01	1.378229e+00	3.476848e-01
1.014046e-01	2.742264e-01	1.363859e+00	3.728502e-01
1.166152e-01	2.941018e-01	1.346282e+00	3.998371e-01
1.341075e-01	3.154157e-01	1.324962e+00	4.287772e-01
1.542237e-01	3.382723e-01	1.300358e+00	4.598121e-01
1.773572e-01	3.627833e-01	1.272179e+00	4.930934e-01
2.039608e-01	3.890685e-01	1.240655e+00	5.287836e-01
2.345549e-01	4.172561e-01	1.205730e+00	5.670570e-01
2.697381e-01	4.474840e-01	1.169620e+00	6.081005e-01
3.101989e-01	4.798998e-01	1.130669e+00	6.521150e-01
3.567287e-01	5.146619e-01	1.086879e+00	6.993154e-01
4.102380e-01	5.519401e-01	1.042485e+00	7.499320e-01
4.717737e-01	5.919164e-01	9.958669e-01	8.042120e-01
5.425397e-01	6.347863e-01	9.508095e-01	8.624211e-01
6.239207e-01	6.807592e-01	9.049086e-01	9.248448e-01
7.175088e-01	7.300596e-01	8.541567e-01	9.917747e-01
8.251351e-01	7.829300e-01	8.056801e-01	1.063636e+00
9.489054e-01	8.396289e-01	7.568937e-01	1.141326e+00
1.091241e+00	9.004316e-01	7.098322e-01	1.225464e+00
1.254927e+00	9.656352e-01	6.634775e-01	1.316646e+00
1.443166e+00	1.035558e+00	6.173068e-01	1.415551e+00
1.659641e+00	1.110543e+00	5.757539e-01	1.522961e+00
1.908588e+00	1.190955e+00	5.332015e-01	1.639784e+00
2.194876e+00	1.265451e+00	4.929527e-01	1.767082e+00
2.524107e+00	1.360933e+00	4.555550e-01	1.906125e+00
2.902723e+00	1.490999e+00	4.211711e-01	2.058445e+00
3.338132e+00	1.630658e+00	3.877647e-01	2.225920e+00
3.838852e+00	1.785756e+00	3.555498e-01	2.410893e+00
4.414679e+00	1.945893e+00	3.291082e-01	2.616309e+00
5.076881e+00	2.121724e+00	3.068018e-01	2.845924e+00
5.838413e+00	2.310726e+00	2.811495e-01	3.029713e+00
6.714175e+00	2.508197e+00	2.516493e-01	2.930451e+00
7.721302e+00	2.725194e+00	2.233282e-01	2.845174e+00
8.879497e+00	2.946228e+00	1.994930e-01	2.775616e+00
1.021142e+01	3.197462e+00	1.804130e-01	2.723596e+00
1.174313e+01	3.482685e+00	1.620006e-01	2.691043e+00
1.350460e+01	3.790978e+00	1.462379e-01	2.680009e+00
1.553030e+01	4.135774e+00	1.320100e-01	2.692561e+00
1.785984e+01	4.505912e+00	1.188617e-01	2.731113e+00
2.053882e+01	4.894981e+00	1.068001e-01	2.798014e+00
2.361964e+01	5.306135e+00	9.524656e-02	2.895757e+00
2.716258e+01	5.714723e+00	8.625260e-02	3.026977e+00
3.123697e+01	6.150341e+00	7.795580e-02	3.194536e+00
3.592252e+01	6.561918e+00	6.910536e-02	3.401675e+00
4.131089e+01	6.967012e+00	6.158910e-02	3.652221e+00
4.750753e+01	7.379370e+00	5.482047e-02	3.950841e+00
5.463366e+01	7.747202e+00	4.931002e-02	4.303397e+00
6.282871e+01	8.124609e+00	4.438062e-02	4.717267e+00
7.225301e+01	8.457838e+00	3.918093e-02	5.201726e+00
8.309096e+01	8.721258e+00	3.474452e-02	5.768408e+00
9.555461e+01	8.950487e+00	3.083110e-02	6.431796e+00
1.098878e+02	9.169710e+00	2.742473e-02	7.209892e+00
1.263710e+02	9.367099e+00	2.438183e-02	8.124923e+00
1.453266e+02	9.481626e+00	2.157070e-02	9.204686e+00
1.671256e+02	1.195855e+01	1.927803e-02	1.048181e+01
1.921945e+02	1.159668e+01	1.709970e-02	1.200127e+01
2.210236e+02	1.122126e+01	1.515931e-02	1.382023e+01
2.541772e+02	1.079177e+01	1.351640e-02	1.599535e+01
2.923037e+02	1.033663e+01	1.208973e-02	1.860706e+01
3.361493e+02	9.855082e+00	1.076626e-02	2.175794e+01
3.865717e+02	9.369933e+00	9.471545e-03	2.557450e+01
4.445574e+02	8.878917e+00	8.329605e-03	3.021299e+01
5.112411e+02	8.386047e+00	7.408409e-03	3.588431e+01
5.879272e+02	7.903308e+00	6.597887e-03	4.286887e+01
6.761163e+02	7.457808e+00	5.857751e-03	5.148476e+01
7.775337e+02	7.055100e+00	5.144131e-03	6.208623e+01
8.941638e+02	6.655899e+00	4.516246e-03	7.516970e+01
1.028288e+03	6.257049e+00	3.993789e-03	9.139336e+01
1.182532e+03	5.863356e+00	3.501389e-03	1.116009e+02
1.359911e+03	5.476246e+00	3.096949e-03	1.368727e+02
1.563898e+03	5.099656e+00	2.745907e-03	1.685858e+02
1.798483e+03	4.729110e+00	2.427066e-03	2.085299e+02
2.068255e+03	4.368461e+00	2.142483e-03	2.590447e+02
2.378493e+03	4.026523e+00	1.874711e-03	3.230845e+02
2.735268e+03	3.709672e+00	1.674400e-03	4.043223e+02
3.145558e+03	3.409220e+00	1.493141e-03	5.074911e+02
3.617391e+03	3.125760e+00	1.301296e-03	6.387745e+02
4.160000e+03	2.858988e+00	1.139503e-03	8.060480e+02
4.784000e+03	2.610485e+00	9.996893e-04	1.019373e+03
5.501600e+03	2.381655e+00	8.883326e-04	1.291539e+03
6.326840e+03	2.170854e+00	7.904116e-04	1.638747e+03
7.275866e+03	1.977479e+00	6.875816e-04	2.081455e+03
8.367246e+03	1.802338e+00	5.998896e-04	2.645362e+03
9.622333e+03	1.644360e+00	5.259136e-04	3.362569e+03
