# Energy_MeV	dEdx_Elec_MeV_um	dEdx_Nucl_MeV_um	Range_um
1.000000e-05	5.163909e-03	2.845606e-02	3.873035e-03
1.150000e-05	5.537675e-03	3.155930e-02	4.153367e-03
1.322500e-05	5.938495e-03	3.506426e-02	4.453990e-03
1.520875e-05	6.368327e-03	3.887601e-02	4.776372e-03
1.749006e-05	6.829270e-03	4.308564e-02	5.122089e-03
2.011357e-05	7.323576e-03	4.771277e-02	5.492828e-03
2.313061e-05	7.853660e-03	5.279058e-02	5.890402e-03
2.660020e-05	8.422112e-03	5.836802e-02	6.316752e-03
3.059023e-05	9.031709e-03	6.446241e-02	6.773962e-03
3.517876e-05	9.685429e-03	7.122562e-02	7.264265e-03
4.045558e-05	1.038647e-02	7.863768e-02	7.790057e-03
4.652391e-05	1.113824e-02	8.658185e-02	8.353905e-03
5.350250e-05	1.194444e-02	9.519378e-02	8.958565e-03
6.152788e-05	1.280898e-02	1.049727e-01	9.606991e-03
7.075706e-05	1.373610e-02	1.156024e-01	1.030235e-02
8.137062e-05	1.473033e-02	1.270725e-01	1.104804e-02
9.357621e-05	1.579652e-02	1.394232e-01	1.184770e-02
1.076126e-04	1.693988e-02	1.526518e-01	1.270525e-02
1.237545e-04	1.816599e-02	1.676688e-01	1.362486e-02
1.423177e-04	1.948086e-02	1.838334e-01	1.461103e-02
1.636654e-04	2.089089e-02	2.011462e-01	1.566859e-02
1.882152e-04	2.240299e-02	2.199728e-01	1.680269e-02
2.164475e-04	2.402453e-02	2.402397e-01	1.801887e-02
2.489146e-04	2.576343e-02	2.621662e-01	1.932309e-02
2.862518e-04	2.762820e-02	2.852561e-01	2.072171e-02
3.291895e-04	2.962795e-02	3.103501e-01	2.222155e-02
3.785680e-04	3.177244e-02	3.374662e-01	2.382996e-02
4.353531e-04	3.407214e-02	3.660934e-01	2.555479e-02
5.006561e-04	3.653830e-02	3.957723e-01	2.740446e-02
5.757545e-04	3.918296e-02	4.279975e-01	2.938800e-02
6.621177e-04	4.201905e-02	4.637811e-01	3.151512e-02
7.614354e-04	4.506041e-02	5.006881e-01	3.379621e-02
8.756507e-04	4.832190e-02	5.395184e-01	3.624239e-02
1.006998e-03	5.181947e-02	5.790529e-01	3.886564e-02
1.158048e-03	5.557019e-02	6.214252e-01	4.167875e-02
1.331755e-03	5.959239e-02	6.679729e-01	4.469548e-02
1.531519e-03	6.390572e-02	7.151117e-01	4.793056e-02
1.761246e-03	6.853125e-02	7.643892e-01	5.139980e-02
2.025433e-03	7.349157e-02	8.155000e-01	5.512015e-02
2.329248e-03	7.881093e-02	8.677182e-01	5.910977e-02
2.678635e-03	8.451531e-02	9.206864e-01	6.338817e-02
3.080431e-03	9.063257e-02	9.743846e-01	6.797624e-02
3.542495e-03	9.719261e-02	1.030614e+00	7.289640e-02
4.073870e-03	1.042275e-01	1.087530e+00	7.817268e-02
4.684950e-03	1.117715e-01	1.141547e+00	8.383086e-02
5.387693e-03	1.198616e-01	1.194120e+00	8.989858e-02
6.195847e-03	1.285372e-01	1.252744e+00	9.640549e-02
7.125224e-03	1.378408e-01	1.309764e+00	1.033834e-01
8.194007e-03	1.478178e-01	1.363483e+00	1.108663e-01
9.423108e-03	1.585169e-01	1.414391e+00	1.188909e-01
1.083657e-02	1.699905e-01	1.460920e+00	1.274963e-01
1.246206e-02	1.822945e-01	1.512574e+00	1.366916e-01
1.433137e-02	1.954890e-01	1.560533e+00	1.466250e-01
1.648108e-02	2.096386e-01	1.603334e+00	1.572357e-01
1.895324e-02	2.248124e-01	1.644408e+00	1.686180e-01
2.179622e-02	2.410844e-01	1.681486e+00	1.808219e-01
2.506566e-02	2.585343e-01	1.716120e+00	1.939096e-01
2.882550e-02	2.772471e-01	1.745280e+00	2.079446e-01
3.314933e-02	2.973144e-01	1.772393e+00	2.229955e-01
3.812173e-02	3.188342e-01	1.797129e+00	2.391358e-01
4.383999e-02	3.419116e-01	1.816767e+00	2.564443e-01
5.041599e-02	3.666593e-01	1.831605e+00	2.750055e-01
5.797838e-02	3.931983e-01	1.844367e+00	2.949103e-01
6.667514e-02	4.216582e-01	1.856472e+00	3.162559e-01
7.667641e-02	4.521780e-01	1.863063e+00	3.391464e-01
8.817787e-02	4.849069e-01	1.865291e+00	3.636936e-01
1.014046e-01	5.200047e-01	1.862539e+00	3.900176e-01
1.166152e-01	5.576430e-01	1.856372e+00	4.182471e-01
1.341075e-01	5.980055e-01	1.847619e+00	4.485199e-01
1.542237e-01	6.412894e-01	1.833316e+00	4.809837e-01
1.773572e-01	6.877063e-01	1.814233e+00	5.157971e-01
2.039608e-01	7.374828e-01	1.790550e+00	5.531305e-01
2.345549e-01	7.908622e-01	1.762099e+00	5.931663e-01
2.697381e-01	8.481052e-01	1.729156e+00	6.360998e-01
3.101989e-01	9.094916e-01	1.691554e+00	6.821406e-01
3.567287e-01	9.753210e-01	1.649294e+00	7.315139e-01
4.102380e-01	1.045915e+00	1.602895e+00	7.844611e-01
4.717737e-01	1.121619e+00	1.554290e+00	8.412407e-01
5.425397e-01	1.202803e+00	1.502857e+00	9.021299e-01
6.239207e-01	1.289862e+00	1.444358e+00	9.674260e-01
7.175088e-01	1.383223e+00	1.384382e+00	1.037448e+00
8.251351e-01	1.483341e+00	1.323189e+00	1.112539e+00
9.489054e-01	1.590706e+00	1.262135e+00	1.193070e+00
1.091241e+00	1.705843e+00	1.202223e+00	1.279400e+00
1.254927e+00	1.817789e+00	1.134423e+00	1.372199e+00
1.443166e+00	1.930816e+00	1.068586e+00	1.472621e+00
1.659641e+00	2.049468e+00	1.005146e+00	1.581372e+00
1.908588e+00	2.173527e+00	9.414276e-01	1.699253e+00
2.194876e+00	1.157777e+00	8.803381e-01	1.827142e+00
2.524107e+00	1.241604e+00	8.193134e-01	1.966068e+00
2.902723e+00	1.329018e+00	7.635640e-01	2.117217e+00
3.338132e+00	1.415189e+00	7.077421e-01	2.281991e+00
3.838852e+00	1.532069e+00	6.531121e-01	2.462060e+00
4.414679e+00	1.682689e+00	6.037730e-01	2.659452e+00
5.076881e+00	1.842963e+00	5.592013e-01	2.876662e+00
5.838413e+00	2.020971e+00	5.145739e-01	3.116801e+00
6.714175e+00	2.210391e+00	4.703371e-01	3.383797e+00
7.721302e+00	2.415061e+00	4.371019e-01	3.682665e+00
8.879497e+00	2.640990e+00	4.073029e-01	4.019857e+00
1.021142e+01	2.869943e+00	3.730341e-01	4.403730e+00
1.174313e+01	3.117131e+00	3.336249e-01	4.418293e+00
1.350460e+01	3.366099e+00	2.947772e-01	4.220500e+00
1.553030e+01	3.645527e+00	2.646864e-01	4.061616e+00
1.785984e+01	3.962663e+00	2.388021e-01	3.941690e+00
2.053882e+01	4.288179e+00	2.148945e-01	3.861118e+00
2.361964e+01	4.653953e+00	1.935159e-01	3.820610e+00
2.716258e+01	5.058409e+00	1.747541e-01	3.821161e+00
3.123697e+01	5.492763e+00	1.576716e-01	3.863875e+00
3.592252e+01	5.975355e+00	1.412924e-01	3.950407e+00
4.131089e+01	6.474544e+00	1.263189e-01	4.082456e+00
4.750753e+01	7.002680e+00	1.140039e-01	4.262136e+00
5.463366e+01	7.542035e+00	1.034089e-01	4.492118e+00
6.282871e+01	8.058125e+00	9.157335e-02	4.775875e+00
7.225301e+01	8.602835e+00	8.125442e-02	5.117991e+00
8.309096e+01	9.109757e+00	7.267875e-02	5.524497e+00
9.555461e+01	9.617721e+00	6.510585e-02	6.003205e+00
1.098878e+02	1.011399e+01	5.886327e-02	6.564178e+00
1.263710e+02	1.048886e+01	5.182818e-02	7.220117e+00
1.453266e+02	1.086639e+01	4.588259e-02	7.986898e+00
1.671256e+02	1.124935e+01	4.086875e-02	8.884245e+00
1.921945e+02	1.156999e+01	3.621843e-02	9.936375e+00
2.210236e+02	1.182733e+01	3.226175e-02	1.117369e+01
2.541772e+02	1.516493e+01	2.855539e-02	1.263098e+01
2.923037e+02	1.484012e+01	2.552196e-02	1.435928e+01
3.361493e+02	1.445019e+01	2.264647e-02	1.641698e+01
3.865717e+02	1.398638e+01	2.002620e-02	1.886431e+01
4.445574e+02	1.346646e+01	1.786904e-02	2.178737e+01
5.112411e+02	1.291070e+01	1.603890e-02	2.529492e+01
5.879272e+02	1.234468e+01	1.427089e-02	2.951834e+01
6.761163e+02	1.175321e+01	1.250079e-02	3.462150e+01
7.775337e+02	1.116802e+01	1.104511e-02	4.082862e+01
8.941638e+02	1.058778e+01	9.786451e-03	4.842899e+01
1.028288e+03	1.006738e+01	8.752488e-03	5.773490e+01
1.182532e+03	9.587607e+00	7.763744e-03	6.910390e+01
1.359911e+03	9.103524e+00	6.787359e-03	8.304799e+01
1.563898e+03	8.613897e+00	5.988073e-03	1.002332e+02
1.798483e+03	8.126203e+00	5.277605e-03	1.215105e+02
2.068255e+03	7.641246e+00	4.641460e-03	1.479620e+02
2.378493e+03	7.164390e+00	4.091657e-03	1.809635e+02
2.735268e+03	6.686348e+00	3.630325e-03	2.223081e+02
3.145558e+03	6.217572e+00	3.217751e-03	2.743210e+02
3.617391e+03	5.772495e+00	2.830537e-03	3.399082e+02
4.160000e+03	5.353592e+00	2.484916e-03	4.226798e+02
4.784000e+03	4.951008e+00	2.209903e-03	5.273284e+02
5.501600e+03	4.567019e+00	1.979762e-03	6.599480e+02
6.326840e+03	4.203109e+00	1.719330e-03	8.282964e+02
7.275866e+03	3.861304e+00	1.503796e-03	1.042279e+03
8.367246e+03	3.542242e+00	1.324649e-03	1.314483e+03
9.622333e+03	3.245217e+00	1.171220e-03	1.660860e+03
