# Energy_MeV	dEdx_Elec_MeV_um	dEdx_Nucl_MeV_um	Range_um
1.000000e-05	4.627607e-03	3.276054e-02	4.321888e-03
1.150000e-05	4.962556e-03	3.620953e-02	4.634709e-03
1.322500e-05	5.321748e-03	3.997031e-02	4.970171e-03
1.520875e-05	5.706939e-03	4.413115e-02	5.329915e-03
1.749006e-05	6.120011e-03	4.854858e-02	5.715697e-03
2.011357e-05	6.562980e-03	5.341812e-02	6.129402e-03
2.313061e-05	7.038012e-03	5.888770e-02	6.573051e-03
2.660020e-05	7.547427e-03	6.482646e-02	7.048812e-03
3.059023e-05	8.093714e-03	7.122996e-02	7.559009e-03
3.517876e-05	8.679541e-03	7.808780e-02	8.106134e-03
4.045558e-05	9.307771e-03	8.556063e-02	8.692860e-03
4.652391e-05	5.003761e-03	9.391635e-02	9.322054e-03
5.350250e-05	5.387652e-03	1.029569e-01	9.996790e-03
6.152788e-05	5.799245e-03	1.126133e-01	1.072036e-02
7.075706e-05	6.240551e-03	1.231407e-01	1.149631e-02
8.137062e-05	6.713728e-03	1.343423e-01	1.232842e-02
9.357621e-05	7.221087e-03	1.464988e-01	1.322075e-02
1.076126e-04	7.765108e-03	1.594716e-01	1.417768e-02
1.237545e-04	8.348449e-03	1.734314e-01	1.520387e-02
1.423177e-04	8.973960e-03	1.886010e-01	1.630433e-02
1.636654e-04	9.644697e-03	2.041152e-01	1.748445e-02
1.882152e-04	1.036394e-02	2.208174e-01	1.874998e-02
2.164475e-04	1.113520e-02	2.391302e-01	2.010711e-02
2.489146e-04	1.196224e-02	2.585011e-01	2.156248e-02
2.862518e-04	1.284911e-02	2.792496e-01	2.312318e-02
3.291895e-04	1.380014e-02	3.001666e-01	2.479685e-02
3.785680e-04	1.481997e-02	3.223571e-01	2.659166e-02
4.353531e-04	1.591359e-02	3.464362e-01	2.851638e-02
5.006561e-04	1.708635e-02	3.714244e-01	3.058041e-02
5.757545e-04	1.834396e-02	3.978776e-01	3.279383e-02
6.621177e-04	1.969257e-02	4.246229e-01	3.516747e-02
7.614354e-04	2.113878e-02	4.530601e-01	3.771291e-02
8.756507e-04	2.268964e-02	4.818786e-01	4.044259e-02
1.006998e-03	2.435274e-02	5.103440e-01	4.336985e-02
1.158048e-03	2.613620e-02	5.405427e-01	4.650898e-02
1.331755e-03	2.804873e-02	5.707284e-01	4.987532e-02
1.531519e-03	3.009967e-02	6.018211e-01	5.348532e-02
1.761246e-03	3.229905e-02	6.309887e-01	5.735662e-02
2.025433e-03	3.465760e-02	6.604288e-01	6.150812e-02
2.329248e-03	3.718686e-02	6.920244e-01	6.596011e-02
2.678635e-03	3.989918e-02	7.231355e-01	7.073434e-02
3.080431e-03	4.280781e-02	7.518059e-01	7.585413e-02
3.542495e-03	4.592695e-02	7.790604e-01	8.134449e-02
4.073870e-03	4.927185e-02	8.049620e-01	8.723225e-02
4.684950e-03	5.285885e-02	8.322302e-01	9.354617e-02
5.387693e-03	5.670546e-02	8.582342e-01	1.003171e-01
6.195847e-03	6.083049e-02	8.810288e-01	1.075781e-01
7.125224e-03	6.525409e-02	9.033444e-01	1.153094e-01
8.194007e-03	6.999786e-02	9.224703e-01	1.237071e-01
9.423108e-03	7.508499e-02	9.405312e-01	1.326723e-01
1.083657e-02	8.054031e-02	9.564713e-01	1.422755e-01
1.246206e-02	8.639049e-02	9.707120e-01	1.525729e-01
1.433137e-02	9.266411e-02	9.840524e-01	1.636161e-01
1.648108e-02	9.939180e-02	9.933262e-01	1.754584e-01
1.895324e-02	1.066065e-01	1.001371e+00	1.881579e-01
2.179622e-02	1.143433e-01	1.008623e+00	2.017767e-01
2.506566e-02	1.226401e-01	1.013820e+00	2.163812e-01
2.882550e-02	1.315375e-01	1.017182e+00	2.320427e-01
3.314933e-02	1.410789e-01	1.017243e+00	2.488378e-01
3.812173e-02	1.513108e-01	1.015397e+00	2.668486e-01
4.383999e-02	1.622834e-01	1.011892e+00	2.861631e-01
5.041599e-02	1.740501e-01	1.005938e+00	3.068755e-01
5.797838e-02	1.866686e-01	9.975909e-01	3.290870e-01
6.667514e-02	2.002003e-01	9.863493e-01	3.529062e-01
7.667641e-02	2.147115e-01	9.727645e-01	3.784496e-01
8.817787e-02	2.302730e-01	9.565379e-01	4.058419e-01
1.014046e-01	2.469609e-01	9.378822e-01	4.352166e-01
1.166152e-01	2.648566e-01	9.165317e-01	4.667175e-01
1.341075e-01	2.840477e-01	8.930235e-01	5.004985e-01
1.542237e-01	3.046278e-01	8.672913e-01	5.367248e-01
1.773572e-01	3.266975e-01	8.402706e-01	5.755730e-01
2.039608e-01	3.503646e-01	8.112419e-01	6.172330e-01
2.345549e-01	3.757447e-01	7.793554e-01	6.619082e-01
2.697381e-01	4.029619e-01	7.460545e-01	7.098173e-01
3.101989e-01	4.321491e-01	7.129151e-01	7.611942e-01
3.567287e-01	4.634488e-01	6.793880e-01	8.162897e-01
4.102380e-01	4.970141e-01	6.457939e-01	8.753726e-01
4.717737e-01	5.330088e-01	6.097044e-01	9.387324e-01
5.425397e-01	5.716088e-01	5.734885e-01	1.006680e+00
6.239207e-01	6.130027e-01	5.391273e-01	1.079532e+00
7.175088e-01	6.573941e-01	5.039302e-01	1.157751e+00
8.251351e-01	7.049997e-01	4.714744e-01	1.242316e+00
9.489054e-01	7.560511e-01	4.392208e-01	1.333898e+00
1.091241e+00	8.107975e-01	4.082377e-01	1.433148e+00
1.254927e+00	8.695066e-01	3.783765e-01	1.540803e+00
1.443166e+00	9.324652e-01	3.483105e-01	1.657717e+00
1.659641e+00	9.999808e-01	3.231098e-01	1.784876e+00
1.908588e+00	1.063314e+00	2.984110e-01	1.923437e+00
2.194876e+00	1.144228e+00	2.730503e-01	2.074782e+00
2.524107e+00	1.253975e+00	2.520009e-01	2.240577e+00
2.902723e+00	1.371769e+00	2.340205e-01	2.422869e+00
3.338132e+00	1.502609e+00	2.170864e-01	2.624205e+00
3.838852e+00	1.638665e+00	1.976122e-01	2.689762e+00
4.414679e+00	1.789841e+00	1.752169e-01	2.656480e+00
5.076881e+00	1.955319e+00	1.565507e-01	2.626350e+00
5.838413e+00	2.134071e+00	1.401906e-01	2.601401e+00
6.714175e+00	2.333319e+00	1.268346e-01	2.583859e+00
7.721302e+00	2.541969e+00	1.140269e-01	2.576118e+00
8.879497e+00	2.778036e+00	1.023833e-01	2.580849e+00
1.021142e+01	3.044647e+00	9.282921e-02	2.600977e+00
1.174313e+01	3.324342e+00	8.331980e-02	2.639632e+00
1.350460e+01	3.629708e+00	7.491169e-02	2.700179e+00
1.553030e+01	3.928823e+00	6.711882e-02	2.786209e+00
1.785984e+01	4.229022e+00	6.050758e-02	2.901526e+00
2.053882e+01	4.530757e+00	5.464285e-02	3.050151e+00
2.361964e+01	4.817900e+00	4.858980e-02	3.236365e+00
2.716258e+01	5.119069e+00	4.304476e-02	3.464775e+00
3.123697e+01	5.392712e+00	3.858987e-02	3.740562e+00
3.592252e+01	5.655510e+00	3.453577e-02	4.069695e+00
4.131089e+01	5.916959e+00	3.105934e-02	4.459302e+00
4.750753e+01	6.138516e+00	2.751380e-02	4.918100e+00
5.463366e+01	6.360137e+00	2.428088e-02	5.456883e+00
6.282871e+01	6.542028e+00	2.165253e-02	6.089134e+00
7.225301e+01	6.672165e+00	1.912191e-02	6.831660e+00
8.309096e+01	6.773096e+00	1.706709e-02	7.705409e+00
9.555461e+01	6.863049e+00	1.517174e-02	8.736475e+00
1.098878e+02	6.934582e+00	1.349307e-02	9.957274e+00
1.263710e+02	6.951150e+00	1.200192e-02	1.140854e+01
1.453266e+02	8.242826e+00	1.056801e-02	1.313885e+01
1.671256e+02	7.902480e+00	9.491474e-03	1.521456e+01
1.921945e+02	7.564329e+00	8.485408e-03	1.772061e+01
2.210236e+02	7.203007e+00	7.480689e-03	2.074503e+01
2.541772e+02	6.833372e+00	6.610647e-03	2.441087e+01
2.923037e+02	6.455225e+00	5.812741e-03	2.887601e+01
3.361493e+02	6.081671e+00	5.193180e-03	3.433735e+01
3.865717e+02	5.712007e+00	4.626910e-03	4.104070e+01
4.445574e+02	5.343588e+00	4.065030e-03	4.931744e+01
5.112411e+02	4.986449e+00	3.586622e-03	5.960962e+01
5.879272e+02	4.658140e+00	3.148545e-03	7.243064e+01
6.761163e+02	4.360317e+00	2.787025e-03	8.836569e+01
7.775337e+02	4.069471e+00	2.451729e-03	1.082264e+02
8.941638e+02	3.784543e+00	2.150950e-03	1.330895e+02
1.028288e+03	3.508159e+00	1.919426e-03	1.643424e+02
1.182532e+03	3.241468e+00	1.690280e-03	2.037707e+02
1.359911e+03	2.986451e+00	1.493699e-03	2.536605e+02
1.563898e+03	2.740972e+00	1.317362e-03	3.169891e+02
1.798483e+03	2.507101e+00	1.169729e-03	3.976541e+02
2.068255e+03	2.288583e+00	1.041036e-03	5.005944e+02
2.378493e+03	2.088389e+00	9.108604e-04	6.319697e+02
2.735268e+03	1.901540e+00	7.935688e-04	7.997107e+02
3.145558e+03	1.728455e+00	7.023549e-04	1.014159e+03
3.617391e+03	1.568930e+00	6.203479e-04	1.288478e+03
4.160000e+03	1.422624e+00	5.505127e-04	1.639461e+03
4.784000e+03	1.289200e+00	4.808305e-04	2.088417e+03
5.501600e+03	1.168109e+00	4.180506e-04	2.662291e+03
6.326840e+03	1.058828e+00	3.680225e-04	3.395051e+03
7.275866e+03	9.607169e-01	3.201660e-04	4.329286e+03
8.367246e+03	8.728929e-01	2.820908e-04	5.518119e+03
9.622333e+03	7.945000e-01	2.477234e-04	7.027467e+03
