# Energy_MeV	dEdx_Elec_MeV_um	dEdx_Nucl_MeV_um	Range_um
1.000000e-05	5.116950e-03	2.852897e-02	3.908579e-03
1.150000e-05	5.487317e-03	3.166542e-02	4.191484e-03
1.322500e-05	5.884492e-03	3.516443e-02	4.494865e-03
1.520875e-05	6.310415e-03	3.897961e-02	4.820206e-03
1.749006e-05	6.767166e-03	4.319210e-02	5.169095e-03
2.011357e-05	7.256977e-03	4.783247e-02	5.543237e-03
2.313061e-05	7.782241e-03	5.292914e-02	5.944460e-03
2.660020e-05	8.345523e-03	5.848151e-02	6.374723e-03
3.059023e-05	8.949577e-03	6.459444e-02	6.836128e-03
3.517876e-05	9.597352e-03	7.135759e-02	7.330931e-03
4.045558e-05	1.029201e-02	7.878671e-02	7.861548e-03
4.652391e-05	1.103695e-02	8.670709e-02	8.430571e-03
5.350250e-05	1.183582e-02	9.531793e-02	9.040780e-03
6.152788e-05	1.269250e-02	1.051940e-01	9.695156e-03
7.075706e-05	1.361119e-02	1.157476e-01	1.039690e-02
8.137062e-05	1.459637e-02	1.272435e-01	1.114943e-02
9.357621e-05	1.565287e-02	1.395207e-01	1.195643e-02
1.076126e-04	1.678583e-02	1.527188e-01	1.282184e-02
1.237545e-04	1.800080e-02	1.678338e-01	1.374990e-02
1.423177e-04	1.930370e-02	1.838541e-01	1.474512e-02
1.636654e-04	2.070092e-02	2.012314e-01	1.581238e-02
1.882152e-04	2.219926e-02	2.199672e-01	1.695689e-02
2.164475e-04	2.380605e-02	2.400484e-01	1.818424e-02
2.489146e-04	2.552915e-02	2.618802e-01	1.950042e-02
2.862518e-04	2.737696e-02	2.848591e-01	2.091187e-02
3.291895e-04	2.935852e-02	3.100720e-01	2.242549e-02
3.785680e-04	3.148350e-02	3.369921e-01	2.404865e-02
4.353531e-04	3.376230e-02	3.651227e-01	2.578931e-02
5.006561e-04	3.620603e-02	3.946122e-01	2.765595e-02
5.757545e-04	3.882664e-02	4.271823e-01	2.965770e-02
6.621177e-04	4.163693e-02	4.625053e-01	3.180435e-02
7.614354e-04	4.465064e-02	4.990826e-01	3.410636e-02
8.756507e-04	4.788247e-02	5.373173e-01	3.657500e-02
1.006998e-03	5.134823e-02	5.764059e-01	3.922231e-02
1.158048e-03	5.506485e-02	6.192317e-01	4.206125e-02
1.331755e-03	5.905047e-02	6.650015e-01	4.510566e-02
1.531519e-03	6.332457e-02	7.115486e-01	4.837043e-02
1.761246e-03	6.790804e-02	7.602511e-01	5.187151e-02
2.025433e-03	7.282326e-02	8.109613e-01	5.562600e-02
2.329248e-03	7.809424e-02	8.627528e-01	5.965224e-02
2.678635e-03	8.374675e-02	9.142141e-01	6.396990e-02
3.080431e-03	8.980838e-02	9.674316e-01	6.860007e-02
3.542495e-03	9.630876e-02	1.022719e+00	7.356538e-02
4.073870e-03	1.032796e-01	1.078918e+00	7.889008e-02
4.684950e-03	1.107551e-01	1.131421e+00	8.460019e-02
5.387693e-03	1.187716e-01	1.182944e+00	9.072360e-02
6.195847e-03	1.273683e-01	1.241505e+00	9.729022e-02
7.125224e-03	1.365873e-01	1.296197e+00	1.043321e-01
8.194007e-03	1.464736e-01	1.349439e+00	1.118838e-01
9.423108e-03	1.570754e-01	1.397860e+00	1.199820e-01
1.083657e-02	1.684446e-01	1.443257e+00	1.286663e-01
1.246206e-02	1.806367e-01	1.494251e+00	1.379626e-01
1.433137e-02	1.937113e-01	1.539702e+00	1.479711e-01
1.648108e-02	2.077322e-01	1.581964e+00	1.586786e-01
1.895324e-02	2.227680e-01	1.621318e+00	1.701654e-01
2.179622e-02	2.388921e-01	1.656532e+00	1.824813e-01
2.506566e-02	2.561832e-01	1.689462e+00	1.956891e-01
2.882550e-02	2.747259e-01	1.717384e+00	2.098530e-01
3.314933e-02	2.946107e-01	1.744117e+00	2.250420e-01
3.812173e-02	3.159348e-01	1.767398e+00	2.413304e-01
4.383999e-02	3.388023e-01	1.785350e+00	2.587977e-01
5.041599e-02	3.633250e-01	1.799122e+00	2.775293e-01
5.797838e-02	3.896226e-01	1.812020e+00	2.976168e-01
6.667514e-02	4.178237e-01	1.822790e+00	3.191582e-01
7.667641e-02	4.480660e-01	1.828192e+00	3.422588e-01
8.817787e-02	4.804973e-01	1.829389e+00	3.670313e-01
1.014046e-01	5.152759e-01	1.825701e+00	3.935969e-01
1.166152e-01	5.525719e-01	1.819468e+00	4.220855e-01
1.341075e-01	5.925673e-01	1.809770e+00	4.526360e-01
1.542237e-01	6.354577e-01	1.794583e+00	4.853977e-01
1.773572e-01	6.814524e-01	1.774949e+00	5.205307e-01
2.039608e-01	7.307763e-01	1.750715e+00	5.582068e-01
2.345549e-01	7.836703e-01	1.721874e+00	5.986099e-01
2.697381e-01	8.403928e-01	1.688589e+00	6.419374e-01
3.101989e-01	9.012209e-01	1.650645e+00	6.884007e-01
3.567287e-01	9.664517e-01	1.608374e+00	7.382271e-01
4.102380e-01	1.036404e+00	1.561906e+00	7.916603e-01
4.717737e-01	1.111419e+00	1.513904e+00	8.489610e-01
5.425397e-01	1.191865e+00	1.462491e+00	9.104088e-01
6.239207e-01	1.278132e+00	1.404202e+00	9.763042e-01
7.175088e-01	1.370644e+00	1.345481e+00	1.046969e+00
8.251351e-01	1.469852e+00	1.284491e+00	1.122749e+00
9.489054e-01	1.576241e+00	1.225343e+00	1.204020e+00
1.091241e+00	1.690330e+00	1.165756e+00	1.291140e+00
1.254927e+00	1.800205e+00	1.099048e+00	1.384828e+00
1.443166e+00	1.912065e+00	1.035459e+00	1.486237e+00
1.659641e+00	2.029466e+00	9.723396e-01	1.596057e+00
1.908588e+00	2.152182e+00	9.103797e-01	1.715102e+00
2.194876e+00	1.152364e+00	8.509200e-01	1.844265e+00
2.524107e+00	1.235798e+00	7.923641e-01	1.984586e+00
2.902723e+00	1.321968e+00	7.378658e-01	2.137272e+00
3.338132e+00	1.407867e+00	6.827345e-01	2.303742e+00
3.838852e+00	1.526397e+00	6.299158e-01	2.485697e+00
4.414679e+00	1.676616e+00	5.826534e-01	2.685201e+00
5.076881e+00	1.835347e+00	5.396362e-01	2.904793e+00
5.838413e+00	2.011338e+00	4.945312e-01	3.147645e+00
6.714175e+00	2.199675e+00	4.533662e-01	3.417763e+00
7.721302e+00	2.401741e+00	4.228197e-01	3.720265e+00
8.879497e+00	2.625727e+00	3.927017e-01	4.061741e+00
1.021142e+01	2.851529e+00	3.580661e-01	4.450725e+00
1.174313e+01	3.094354e+00	3.182351e-01	4.329378e+00
1.350460e+01	3.342579e+00	2.819169e-01	4.147112e+00
1.553030e+01	3.620865e+00	2.540326e-01	4.001716e+00
1.785984e+01	3.935361e+00	2.290466e-01	3.893631e+00
2.053882e+01	4.262180e+00	2.059701e-01	3.823599e+00
2.361964e+01	4.628158e+00	1.853405e-01	3.792638e+00
2.716258e+01	5.034733e+00	1.676493e-01	3.801949e+00
3.123697e+01	5.466916e+00	1.510738e-01	3.853061e+00
3.592252e+01	5.945582e+00	1.352978e-01	3.947703e+00
4.131089e+01	6.442284e+00	1.210434e-01	4.087827e+00
4.750753e+01	6.960214e+00	1.094805e-01	4.275764e+00
5.463366e+01	7.494699e+00	9.907852e-02	4.514399e+00
6.282871e+01	7.997120e+00	8.763497e-02	4.807443e+00
7.225301e+01	8.527507e+00	7.799481e-02	5.159734e+00
8.309096e+01	9.027599e+00	6.957283e-02	5.577601e+00
9.555461e+01	9.518553e+00	6.252200e-02	6.069183e+00
1.098878e+02	1.000654e+01	5.633905e-02	6.644965e+00
1.263710e+02	1.035914e+01	4.962144e-02	7.318115e+00
1.453266e+02	1.072408e+01	4.400843e-02	8.105091e+00
1.671256e+02	1.109810e+01	3.910013e-02	9.026329e+00
1.921945e+02	1.139912e+01	3.467528e-02	1.010691e+01
2.210236e+02	1.165243e+01	3.085487e-02	1.137832e+01
2.541772e+02	1.482394e+01	2.739788e-02	1.287662e+01
2.923037e+02	1.449781e+01	2.446226e-02	1.465528e+01
3.361493e+02	1.409986e+01	2.167433e-02	1.677357e+01
3.865717e+02	1.363420e+01	1.916892e-02	1.929480e+01
4.445574e+02	1.311492e+01	1.711872e-02	2.230856e+01
5.112411e+02	1.256373e+01	1.538071e-02	2.592796e+01
5.879272e+02	1.200471e+01	1.359378e-02	3.028937e+01
6.761163e+02	1.141775e+01	1.192198e-02	3.556406e+01
7.775337e+02	1.084412e+01	1.055136e-02	4.198686e+01
8.941638e+02	1.027313e+01	9.362274e-03	4.985791e+01
1.028288e+03	9.765797e+00	8.388553e-03	5.949925e+01
1.182532e+03	9.293849e+00	7.389226e-03	7.128686e+01
1.359911e+03	8.817030e+00	6.468115e-03	8.575843e+01
1.563898e+03	8.335787e+00	5.716678e-03	1.036103e+02
1.798483e+03	7.856826e+00	5.035102e-03	1.257333e+02
2.068255e+03	7.381576e+00	4.431178e-03	1.532594e+02
2.378493e+03	6.914833e+00	3.903313e-03	1.876304e+02
2.735268e+03	6.447042e+00	3.467858e-03	2.307282e+02
3.145558e+03	5.989976e+00	3.069775e-03	2.849881e+02
3.617391e+03	5.557454e+00	2.698622e-03	3.534507e+02
4.160000e+03	5.149783e+00	2.375975e-03	4.399004e+02
4.784000e+03	4.758675e+00	2.119015e-03	5.492693e+02
5.501600e+03	4.386174e+00	1.890128e-03	6.879474e+02
6.326840e+03	4.033512e+00	1.642738e-03	8.640733e+02
7.275866e+03	3.702864e+00	1.439424e-03	1.088035e+03
8.367246e+03	3.394697e+00	1.266279e-03	1.373032e+03
9.622333e+03	3.108158e+00	1.123988e-03	1.735785e+03
