# Energy_MeV	dEdx_Elec_MeV_um	dEdx_Nucl_MeV_um	Range_um
1.000000e-05	2.568234e-03	3.272209e-02	4.256905e-03
1.150000e-05	2.782515e-03	3.591221e-02	4.565022e-03
1.322500e-05	3.012030e-03	3.938572e-02	4.895440e-03
1.520875e-05	3.257905e-03	4.322916e-02	5.249775e-03
1.749006e-05	3.521348e-03	4.734729e-02	5.629756e-03
2.011357e-05	3.803651e-03	5.192585e-02	6.037241e-03
2.313061e-05	4.106198e-03	5.677141e-02	6.474220e-03
2.660020e-05	4.430470e-03	6.210911e-02	6.942827e-03
3.059023e-05	4.778054e-03	6.773603e-02	7.445353e-03
3.517876e-05	5.150651e-03	7.379989e-02	7.984251e-03
4.045558e-05	5.550083e-03	8.038383e-02	8.562156e-03
4.652391e-05	5.978303e-03	8.734076e-02	9.181889e-03
5.350250e-05	6.437404e-03	9.502740e-02	9.846479e-03
6.152788e-05	6.929632e-03	1.026887e-01	1.055917e-02
7.075706e-05	7.457391e-03	1.112762e-01	1.132345e-02
8.137062e-05	8.023261e-03	1.204968e-01	1.214305e-02
9.357621e-05	8.630008e-03	1.300006e-01	1.302197e-02
1.076126e-04	9.280595e-03	1.406462e-01	1.396451e-02
1.237545e-04	9.978203e-03	1.507918e-01	1.497526e-02
1.423177e-04	1.072624e-02	1.622368e-01	1.605918e-02
1.636654e-04	1.152836e-02	1.742705e-01	1.722155e-02
1.882152e-04	1.238848e-02	1.865152e-01	1.846806e-02
2.164475e-04	1.331081e-02	2.000711e-01	1.980479e-02
2.489146e-04	1.429984e-02	2.131946e-01	2.123827e-02
2.862518e-04	1.536042e-02	2.273496e-01	2.277550e-02
3.291895e-04	1.649773e-02	2.416484e-01	2.442401e-02
3.785680e-04	1.771731e-02	2.559275e-01	2.619183e-02
4.353531e-04	1.902514e-02	2.712598e-01	2.808761e-02
5.006561e-04	2.042759e-02	2.860157e-01	3.012060e-02
5.757545e-04	2.193152e-02	3.010873e-01	3.230075e-02
6.621177e-04	2.354428e-02	3.157583e-01	3.463870e-02
7.614354e-04	2.527374e-02	3.311271e-01	3.714586e-02
8.756507e-04	2.712836e-02	3.459440e-01	3.983450e-02
1.006998e-03	2.911720e-02	3.615549e-01	4.271774e-02
1.158048e-03	3.124997e-02	3.753866e-01	4.580967e-02
1.331755e-03	3.353709e-02	3.890343e-01	4.912540e-02
1.531519e-03	3.598973e-02	4.027114e-01	5.268113e-02
1.761246e-03	3.861988e-02	4.152558e-01	5.649421e-02
2.025433e-03	4.144038e-02	4.283405e-01	6.058329e-02
2.329248e-03	4.446502e-02	4.394700e-01	6.496835e-02
2.678635e-03	4.770858e-02	4.506604e-01	6.967079e-02
3.080431e-03	5.118689e-02	4.600188e-01	7.471360e-02
3.542495e-03	5.491694e-02	4.687051e-01	8.011546e-02
4.073870e-03	5.891698e-02	4.768010e-01	8.592351e-02
4.684950e-03	6.320652e-02	4.834753e-01	9.214104e-02
5.387693e-03	6.780654e-02	4.900690e-01	9.881113e-02
6.195847e-03	7.273949e-02	4.943751e-01	1.059627e-01
7.125224e-03	7.802949e-02	4.986781e-01	1.136322e-01
8.194007e-03	8.370238e-02	5.020914e-01	1.218568e-01
9.423108e-03	8.978586e-02	5.042051e-01	1.306768e-01
1.083657e-02	9.630966e-02	5.060252e-01	1.401351e-01
1.246206e-02	1.033057e-01	5.055952e-01	1.502779e-01
1.433137e-02	1.108080e-01	5.048121e-01	1.611549e-01
1.648108e-02	1.188534e-01	5.028186e-01	1.728193e-01
1.895324e-02	1.274811e-01	4.995210e-01	1.853279e-01
2.179622e-02	1.367333e-01	4.953476e-01	1.987419e-01
2.506566e-02	1.466551e-01	4.894897e-01	2.131267e-01
2.882550e-02	1.572951e-01	4.825860e-01	2.285528e-01
3.314933e-02	1.687052e-01	4.743379e-01	2.450954e-01
3.812173e-02	1.809412e-01	4.648722e-01	2.628354e-01
4.383999e-02	1.940629e-01	4.540871e-01	2.818594e-01
5.041599e-02	2.081342e-01	4.422647e-01	3.022603e-01
5.797838e-02	2.232241e-01	4.295650e-01	3.241380e-01
6.667514e-02	2.394062e-01	4.158921e-01	3.475991e-01
7.667641e-02	2.567595e-01	4.009286e-01	3.727584e-01
8.817787e-02	2.753689e-01	3.855389e-01	3.997386e-01
1.014046e-01	2.953252e-01	3.686641e-01	4.286717e-01
1.166152e-01	3.167260e-01	3.526252e-01	4.596991e-01
1.341075e-01	3.396758e-01	3.357534e-01	4.929723e-01
1.542237e-01	3.642867e-01	3.182159e-01	5.286536e-01
1.773572e-01	3.906790e-01	3.011912e-01	5.669176e-01
2.039608e-01	4.189815e-01	2.827626e-01	6.079513e-01
2.345549e-01	4.493326e-01	2.660288e-01	6.519545e-01
2.697381e-01	4.818805e-01	2.483709e-01	6.991472e-01
3.101989e-01	5.167842e-01	2.322727e-01	7.497353e-01
3.567287e-01	5.542168e-01	2.165832e-01	8.041463e-01
4.102380e-01	5.943594e-01	2.007308e-01	8.630453e-01
4.717737e-01	6.374075e-01	1.864619e-01	9.268294e-01
5.425397e-01	6.835714e-01	1.714983e-01	9.959734e-01
6.239207e-01	7.330768e-01	1.593803e-01	1.070996e+00
7.175088e-01	7.861655e-01	1.464501e-01	1.152502e+00
8.251351e-01	8.397722e-01	1.344534e-01	1.241193e+00
9.489054e-01	8.901868e-01	1.247993e-01	1.337897e+00
1.091241e+00	9.610278e-01	1.150810e-01	1.440957e+00
1.254927e+00	1.050795e+00	1.064584e-01	1.460391e+00
1.443166e+00	1.146939e+00	9.654240e-02	1.478061e+00
1.659641e+00	1.254530e+00	8.606382e-02	1.494472e+00
1.908588e+00	1.372153e+00	7.729079e-02	1.510266e+00
2.194876e+00	1.500623e+00	6.875694e-02	1.526300e+00
2.524107e+00	1.644488e+00	6.233575e-02	1.543652e+00
2.902723e+00	1.795622e+00	5.604244e-02	1.563604e+00
3.338132e+00	1.956475e+00	5.048584e-02	1.587687e+00
3.838852e+00	2.119510e+00	4.561860e-02	1.617702e+00
4.414679e+00	2.296521e+00	4.086822e-02	1.655740e+00
5.076881e+00	2.491316e+00	3.679805e-02	1.704197e+00
5.838413e+00	2.664977e+00	3.308738e-02	1.765783e+00
6.714175e+00	2.839026e+00	2.979037e-02	1.843507e+00
7.721302e+00	3.005036e+00	2.665368e-02	1.940717e+00
8.879497e+00	3.148431e+00	2.393497e-02	2.061083e+00
1.021142e+01	3.294525e+00	2.110745e-02	2.208609e+00
1.174313e+01	3.426541e+00	1.902904e-02	2.387701e+00
1.350460e+01	3.552523e+00	1.699542e-02	2.603270e+00
1.553030e+01	3.670218e+00	1.513641e-02	2.860938e+00
1.785984e+01	3.760992e+00	1.355160e-02	3.167293e+00
2.053882e+01	3.848198e+00	1.188391e-02	3.530263e+00
2.361964e+01	3.911211e+00	1.064165e-02	3.959572e+00
2.716258e+01	3.956906e+00	9.378470e-03	4.467292e+00
3.123697e+01	3.987157e+00	8.367138e-03	5.068501e+00
3.592252e+01	3.974657e+00	7.457166e-03	5.782104e+00
4.131089e+01	3.953505e+00	6.587877e-03	6.631827e+00
4.750753e+01	3.923042e+00	5.897271e-03	7.647499e+00
5.463366e+01	3.870182e+00	5.187761e-03	8.866509e+00
6.282871e+01	3.797707e+00	4.674465e-03	1.033642e+01
7.225301e+01	4.284878e+00	4.142125e-03	1.211475e+01
8.309096e+01	4.052029e+00	3.668862e-03	1.428291e+01
9.555461e+01	3.819908e+00	3.253560e-03	1.693729e+01
1.098878e+02	3.587184e+00	2.848625e-03	2.019056e+01
1.263710e+02	3.354408e+00	2.558969e-03	2.419669e+01
1.453266e+02	3.125886e+00	2.257512e-03	2.915402e+01
1.671256e+02	2.905575e+00	1.996562e-03	3.531088e+01
1.921945e+02	2.690526e+00	1.765074e-03	4.298637e+01
2.210236e+02	2.481071e+00	1.542058e-03	5.261526e+01
2.541772e+02	2.281386e+00	1.367437e-03	6.476419e+01
2.923037e+02	2.104351e+00	1.202918e-03	8.008929e+01
3.361493e+02	1.940192e+00	1.061631e-03	9.939032e+01
3.865717e+02	1.783063e+00	9.418703e-04	1.237749e+02
4.445574e+02	1.633284e+00	8.286585e-04	1.546885e+02
5.112411e+02	1.491719e+00	7.327493e-04	1.940027e+02
5.879272e+02	1.358857e+00	6.489900e-04	2.441251e+02
6.761163e+02	1.234934e+00	5.747014e-04	3.081520e+02
7.775337e+02	1.118483e+00	5.062396e-04	3.901347e+02
8.941638e+02	1.010973e+00	4.484541e-04	4.953308e+02
1.028288e+03	9.132700e-01	3.877320e-04	6.303575e+02
1.182532e+03	8.246858e-01	3.461720e-04	8.034947e+02
1.359911e+03	7.437149e-01	3.044561e-04	1.025478e+03
1.563898e+03	6.704029e-01	2.675453e-04	1.310145e+03
1.798483e+03	6.043825e-01	2.366950e-04	1.675076e+03
2.068255e+03	5.447754e-01	2.037877e-04	2.142617e+03
2.378493e+03	4.910211e-01	1.806761e-04	2.741041e+03
2.735268e+03	4.430493e-01	1.567607e-04	3.506015e+03
3.145558e+03	4.003745e-01	1.381146e-04	4.482400e+03
3.617391e+03	3.622744e-01	1.216237e-04	5.726318e+03
4.160000e+03	3.284127e-01	1.058205e-04	7.307676e+03
4.784000e+03	2.985085e-01	9.368723e-05	9.313082e+03
5.501600e+03	2.720665e-01	8.118507e-05	1.184920e+04
6.326840e+03	2.487149e-01	7.238099e-05	1.504648e+04
7.275866e+03	2.282293e-01	6.328370e-05	1.906334e+04
8.367246e+03	2.102828e-01	5.532672e-05	2.409053e+04
9.622333e+03	1.945328e-01	4.830861e-05	3.035580e+04
