# Energy_MeV	dEdx_Elec_MeV_um	dEdx_Nucl_MeV_um	Range_um
1.000000e-05	5.396226e-03	2.889322e-02	3.706294e-03
1.150000e-05	5.786807e-03	3.203039e-02	3.974558e-03
1.322500e-05	6.205660e-03	3.559562e-02	4.262238e-03
1.520875e-05	6.654829e-03	3.947107e-02	4.570741e-03
1.749006e-05	7.136509e-03	4.374807e-02	4.901574e-03
2.011357e-05	7.653053e-03	4.844715e-02	5.256353e-03
2.313061e-05	8.206985e-03	5.359825e-02	5.636810e-03
2.660020e-05	8.801011e-03	5.928215e-02	6.044805e-03
3.059023e-05	9.438033e-03	6.547073e-02	6.482332e-03
3.517876e-05	1.012116e-02	7.234448e-02	6.951526e-03
4.045558e-05	1.085374e-02	7.987427e-02	7.454681e-03
4.652391e-05	1.163934e-02	8.795975e-02	7.994255e-03
5.350250e-05	1.248180e-02	9.672131e-02	8.572884e-03
6.152788e-05	1.338524e-02	1.066072e-01	9.193393e-03
7.075706e-05	1.435407e-02	1.174322e-01	9.858816e-03
8.137062e-05	1.539302e-02	1.291087e-01	1.057240e-02
9.357621e-05	1.650718e-02	1.416961e-01	1.133764e-02
1.076126e-04	1.770198e-02	1.551731e-01	1.215826e-02
1.237545e-04	1.898325e-02	1.703544e-01	1.303828e-02
1.423177e-04	2.035727e-02	1.868302e-01	1.398200e-02
1.636654e-04	2.183074e-02	2.044702e-01	1.499403e-02
1.882152e-04	2.341086e-02	2.236271e-01	1.607930e-02
2.164475e-04	2.510535e-02	2.443603e-01	1.724313e-02
2.489146e-04	2.692249e-02	2.666440e-01	1.849120e-02
2.862518e-04	2.887116e-02	2.901408e-01	1.982960e-02
3.291895e-04	3.096087e-02	3.156677e-01	2.126488e-02
3.785680e-04	3.320183e-02	3.432850e-01	2.280404e-02
4.353531e-04	3.560500e-02	3.727329e-01	2.445461e-02
5.006561e-04	3.818211e-02	4.030346e-01	2.622465e-02
5.757545e-04	4.094575e-02	4.356122e-01	2.812280e-02
6.621177e-04	4.390942e-02	4.722126e-01	3.015834e-02
7.614354e-04	4.708761e-02	5.099504e-01	3.234122e-02
8.756507e-04	5.049584e-02	5.497161e-01	3.468210e-02
1.006998e-03	5.415075e-02	5.901946e-01	3.719240e-02
1.158048e-03	5.807021e-02	6.330303e-01	3.988441e-02
1.331755e-03	6.227336e-02	6.807302e-01	4.277126e-02
1.531519e-03	6.678074e-02	7.290311e-01	4.586707e-02
1.761246e-03	7.161437e-02	7.794041e-01	4.918695e-02
2.025433e-03	7.679785e-02	8.316320e-01	5.274713e-02
2.329248e-03	8.235652e-02	8.849142e-01	5.656500e-02
2.678635e-03	8.831753e-02	9.395829e-01	6.065920e-02
3.080431e-03	9.471000e-02	9.944915e-01	6.504975e-02
3.542495e-03	1.015652e-01	1.052114e+00	6.975808e-02
4.073870e-03	1.089165e-01	1.110435e+00	7.480721e-02
4.684950e-03	1.167999e-01	1.166040e+00	8.022179e-02
5.387693e-03	1.252540e-01	1.220205e+00	8.602829e-02
6.195847e-03	1.343199e-01	1.279470e+00	9.225506e-02
7.125224e-03	1.440421e-01	1.338364e+00	9.893253e-02
8.194007e-03	1.544679e-01	1.393952e+00	1.060933e-01
9.423108e-03	1.656484e-01	1.446677e+00	1.137724e-01
1.083657e-02	1.776381e-01	1.495002e+00	1.220073e-01
1.246206e-02	1.904956e-01	1.547221e+00	1.308245e-01
1.433137e-02	2.042838e-01	1.597013e+00	1.403135e-01
1.648108e-02	2.190700e-01	1.641625e+00	1.504665e-01
1.895324e-02	2.349264e-01	1.684061e+00	1.613584e-01
2.179622e-02	2.519305e-01	1.723176e+00	1.730371e-01
2.506566e-02	2.701653e-01	1.758885e+00	1.855614e-01
2.882550e-02	2.897201e-01	1.789047e+00	1.989922e-01
3.314933e-02	3.106901e-01	1.817160e+00	2.133951e-01
3.812173e-02	3.331781e-01	1.842904e+00	2.288405e-01
4.383999e-02	3.572937e-01	1.864236e+00	2.454038e-01
5.041599e-02	3.831548e-01	1.879957e+00	2.631661e-01
5.797838e-02	4.108877e-01	1.892858e+00	2.822139e-01
6.667514e-02	4.406280e-01	1.905834e+00	3.026404e-01
7.667641e-02	4.725209e-01	1.913240e+00	3.245454e-01
8.817787e-02	5.067222e-01	1.916025e+00	3.480359e-01
1.014046e-01	5.433990e-01	1.913777e+00	3.732268e-01
1.166152e-01	5.827305e-01	1.907543e+00	4.002409e-01
1.341075e-01	6.249089e-01	1.899122e+00	4.292102e-01
1.542237e-01	6.701401e-01	1.885094e+00	4.602763e-01
1.773572e-01	7.186452e-01	1.865977e+00	4.935912e-01
2.039608e-01	7.706611e-01	1.842211e+00	5.293174e-01
2.345549e-01	8.264420e-01	1.813488e+00	5.676294e-01
2.697381e-01	8.862603e-01	1.780190e+00	6.087143e-01
3.101989e-01	9.504083e-01	1.742141e+00	6.527731e-01
3.567287e-01	1.019199e+00	1.699196e+00	7.000211e-01
4.102380e-01	1.092970e+00	1.652066e+00	7.506888e-01
4.717737e-01	1.172079e+00	1.602461e+00	8.050237e-01
5.425397e-01	1.256915e+00	1.549986e+00	8.632913e-01
6.239207e-01	1.347891e+00	1.490847e+00	9.257765e-01
7.175088e-01	1.445452e+00	1.429391e+00	9.927850e-01
8.251351e-01	1.550075e+00	1.366682e+00	1.064641e+00
9.489054e-01	1.662270e+00	1.303874e+00	1.141708e+00
1.091241e+00	1.782586e+00	1.242195e+00	1.224320e+00
1.254927e+00	1.895057e+00	1.173654e+00	1.313288e+00
1.443166e+00	2.012568e+00	1.105790e+00	1.409631e+00
1.659641e+00	2.135814e+00	1.040312e+00	1.513974e+00
1.908588e+00	2.264521e+00	9.748431e-01	1.627102e+00
2.194876e+00	2.398189e+00	9.111498e-01	1.749872e+00
2.524107e+00	2.536010e+00	8.486007e-01	1.883286e+00
2.902723e+00	2.676780e+00	7.910609e-01	2.028505e+00
3.338132e+00	2.818788e+00	7.338985e-01	2.186903e+00
3.838852e+00	1.535736e+00	6.776188e-01	2.360131e+00
4.414679e+00	1.689961e+00	6.254657e-01	2.550195e+00
5.076881e+00	1.855379e+00	5.792090e-01	2.759573e+00
5.838413e+00	2.036481e+00	5.340936e-01	2.991363e+00
6.714175e+00	2.234988e+00	4.875885e-01	3.249492e+00
7.721302e+00	2.444788e+00	4.521915e-01	3.538984e+00
8.879497e+00	2.676451e+00	4.220666e-01	3.866317e+00
1.021142e+01	2.917252e+00	3.874229e-01	4.239880e+00
1.174313e+01	3.166437e+00	3.475828e-01	4.287731e+00
1.350460e+01	3.429566e+00	3.068290e-01	4.083721e+00
1.553030e+01	3.721984e+00	2.749142e-01	3.920767e+00
1.785984e+01	4.046824e+00	2.481549e-01	3.798212e+00
2.053882e+01	4.389372e+00	2.233898e-01	3.715829e+00
2.361964e+01	4.768701e+00	2.013681e-01	3.673771e+00
2.716258e+01	5.195209e+00	1.815785e-01	3.672525e+00
3.123697e+01	5.649637e+00	1.639009e-01	3.712747e+00
3.592252e+01	6.154563e+00	1.469509e-01	3.795630e+00
4.131089e+01	6.698083e+00	1.314187e-01	3.922494e+00
4.750753e+01	7.250039e+00	1.185927e-01	4.095114e+00
5.463366e+01	7.843472e+00	1.074961e-01	4.315858e+00
6.282871e+01	8.390607e+00	9.553114e-02	4.587936e+00
7.225301e+01	8.968701e+00	8.474860e-02	4.915682e+00
8.309096e+01	9.544015e+00	7.571809e-02	5.304866e+00
9.555461e+01	1.008323e+01	6.780114e-02	5.763005e+00
1.098878e+02	1.063541e+01	6.122205e-02	6.299771e+00
1.263710e+02	1.103941e+01	5.411002e-02	6.927390e+00
1.453266e+02	1.147669e+01	4.781784e-02	7.661113e+00
1.671256e+02	1.194189e+01	4.260173e-02	8.519885e+00
1.921945e+02	1.228796e+01	3.777920e-02	9.526922e+00
2.210236e+02	1.612296e+01	3.357358e-02	1.071113e+01
2.541772e+02	1.569258e+01	2.972785e-02	1.210625e+01
2.923037e+02	1.538787e+01	2.655295e-02	1.376295e+01
3.361493e+02	1.497644e+01	2.361885e-02	1.573218e+01
3.865717e+02	1.449792e+01	2.088706e-02	1.807424e+01
4.445574e+02	1.395639e+01	1.858159e-02	2.087176e+01
5.112411e+02	1.338403e+01	1.666552e-02	2.422860e+01
5.879272e+02	1.279789e+01	1.487817e-02	2.826896e+01
6.761163e+02	1.218849e+01	1.302976e-02	3.315182e+01
7.775337e+02	1.159035e+01	1.149863e-02	3.909606e+01
8.941638e+02	1.099377e+01	1.018441e-02	4.637138e+01
1.028288e+03	1.048092e+01	9.097022e-03	5.526016e+01
1.182532e+03	9.990239e+00	8.097465e-03	6.611175e+01
1.359911e+03	9.489669e+00	7.077387e-03	7.942139e+01
1.563898e+03	8.983931e+00	6.235971e-03	9.582343e+01
1.798483e+03	8.478673e+00	5.499376e-03	1.161289e+02
2.068255e+03	7.977194e+00	4.837751e-03	1.413652e+02
2.378493e+03	7.481439e+00	4.270044e-03	1.728438e+02
2.735268e+03	6.983933e+00	3.780413e-03	2.122815e+02
3.145558e+03	6.498319e+00	3.352125e-03	2.618812e+02
3.617391e+03	6.041246e+00	2.950523e-03	3.243767e+02
4.160000e+03	5.606100e+00	2.590861e-03	4.031911e+02
4.784000e+03	5.187491e+00	2.303708e-03	5.028103e+02
5.501600e+03	4.788218e+00	2.061670e-03	6.290054e+02
6.326840e+03	4.409991e+00	1.798390e-03	7.891350e+02
7.275866e+03	4.054827e+00	1.569032e-03	9.925811e+02
8.367246e+03	3.722542e+00	1.382887e-03	1.251257e+03
9.622333e+03	3.413105e+00	1.222121e-03	1.580251e+03
