# Energy_MeV	dEdx_Elec_MeV_um	dEdx_Nucl_MeV_um	Range_um
1.000000e-05	5.342720e-03	2.813420e-02	3.743411e-03
1.150000e-05	5.729429e-03	3.118463e-02	4.014361e-03
1.322500e-05	6.144128e-03	3.460817e-02	4.304923e-03
1.520875e-05	6.588844e-03	3.843823e-02	4.616516e-03
1.749006e-05	7.065748e-03	4.260732e-02	4.950662e-03
2.011357e-05	7.577170e-03	4.721581e-02	5.308993e-03
2.313061e-05	8.125610e-03	5.228551e-02	5.693261e-03
2.660020e-05	8.713746e-03	5.785770e-02	6.105342e-03
3.059023e-05	9.344451e-03	6.393542e-02	6.547250e-03
3.517876e-05	1.002081e-02	7.061370e-02	7.021143e-03
4.045558e-05	1.074612e-02	7.801385e-02	7.529337e-03
4.652391e-05	1.152393e-02	8.613081e-02	8.074315e-03
5.350250e-05	1.235804e-02	9.480383e-02	8.658738e-03
6.152788e-05	1.325252e-02	1.042139e-01	9.285462e-03
7.075706e-05	1.421174e-02	1.150021e-01	9.957549e-03
8.137062e-05	1.524040e-02	1.265698e-01	1.067828e-02
9.357621e-05	1.634350e-02	1.391180e-01	1.145118e-02
1.076126e-04	1.752645e-02	1.525732e-01	1.228002e-02
1.237545e-04	1.879503e-02	1.669974e-01	1.316886e-02
1.423177e-04	2.015542e-02	1.835607e-01	1.412203e-02
1.636654e-04	2.161428e-02	2.010785e-01	1.514419e-02
1.882152e-04	2.317874e-02	2.200464e-01	1.624033e-02
2.164475e-04	2.485643e-02	2.405856e-01	1.741581e-02
2.489146e-04	2.665555e-02	2.625620e-01	1.867638e-02
2.862518e-04	2.858489e-02	2.864923e-01	2.002819e-02
3.291895e-04	3.065388e-02	3.116100e-01	2.147784e-02
3.785680e-04	3.287262e-02	3.391983e-01	2.303242e-02
4.353531e-04	3.525196e-02	3.686607e-01	2.469951e-02
5.006561e-04	3.780352e-02	3.995116e-01	2.648728e-02
5.757545e-04	4.053976e-02	4.317648e-01	2.840444e-02
6.621177e-04	4.347404e-02	4.673161e-01	3.046037e-02
7.614354e-04	4.662072e-02	5.060816e-01	3.266511e-02
8.756507e-04	4.999515e-02	5.460978e-01	3.502942e-02
1.006998e-03	5.361383e-02	5.880822e-01	3.756487e-02
1.158048e-03	5.749442e-02	6.308586e-01	4.028384e-02
1.331755e-03	6.165590e-02	6.776043e-01	4.319960e-02
1.531519e-03	6.611859e-02	7.278810e-01	4.632641e-02
1.761246e-03	7.090429e-02	7.788253e-01	4.967954e-02
2.025433e-03	7.603638e-02	8.322589e-01	5.327538e-02
2.329248e-03	8.153993e-02	8.877299e-01	5.713148e-02
2.678635e-03	8.744183e-02	9.445126e-01	6.126668e-02
3.080431e-03	9.377092e-02	1.001091e+00	6.570120e-02
3.542495e-03	1.005581e-01	1.059310e+00	7.045668e-02
4.073870e-03	1.078366e-01	1.120041e+00	7.555638e-02
4.684950e-03	1.156418e-01	1.181550e+00	8.102519e-02
5.387693e-03	1.240120e-01	1.239474e+00	8.688983e-02
6.195847e-03	1.329881e-01	1.295807e+00	9.317897e-02
7.125224e-03	1.426138e-01	1.360331e+00	9.992331e-02
8.194007e-03	1.529363e-01	1.420318e+00	1.071558e-01
9.423108e-03	1.640059e-01	1.478459e+00	1.149118e-01
1.083657e-02	1.758768e-01	1.532183e+00	1.232292e-01
1.246206e-02	1.886068e-01	1.581735e+00	1.320817e-01
1.433137e-02	2.022583e-01	1.638030e+00	1.417007e-01
1.648108e-02	2.168978e-01	1.687942e+00	1.519745e-01
1.895324e-02	2.325970e-01	1.734459e+00	1.629746e-01
2.179622e-02	2.494325e-01	1.777678e+00	1.747701e-01
2.506566e-02	2.674866e-01	1.816456e+00	1.874200e-01
2.882550e-02	2.868474e-01	1.852881e+00	2.009852e-01
3.314933e-02	3.076095e-01	1.883516e+00	2.155323e-01
3.812173e-02	3.298745e-01	1.913053e+00	2.311324e-01
4.383999e-02	3.537510e-01	1.938634e+00	2.478617e-01
5.041599e-02	3.793557e-01	1.958583e+00	2.658017e-01
5.797838e-02	4.068136e-01	1.973770e+00	2.850402e-01
6.667514e-02	4.362590e-01	1.987848e+00	3.056713e-01
7.667641e-02	4.678357e-01	1.999968e+00	3.277958e-01
8.817787e-02	5.016979e-01	2.006022e+00	3.515216e-01
1.014046e-01	5.380110e-01	2.007591e+00	3.769646e-01
1.166152e-01	5.769525e-01	2.003678e+00	4.042491e-01
1.341075e-01	6.187127e-01	1.996875e+00	4.335087e-01
1.542237e-01	6.634954e-01	1.986502e+00	4.648861e-01
1.773572e-01	7.115196e-01	1.970015e+00	4.985346e-01
2.039608e-01	7.630197e-01	1.948670e+00	5.346183e-01
2.345549e-01	8.182475e-01	1.922255e+00	5.733140e-01
2.697381e-01	8.774727e-01	1.890802e+00	6.148106e-01
3.101989e-01	9.409846e-01	1.854453e+00	6.593108e-01
3.567287e-01	1.009094e+00	1.813029e+00	7.070317e-01
4.102380e-01	1.082132e+00	1.766778e+00	7.582066e-01
4.717737e-01	1.160458e+00	1.715957e+00	8.130857e-01
5.425397e-01	1.244452e+00	1.663280e+00	8.719372e-01
6.239207e-01	1.334526e+00	1.607161e+00	9.350483e-01
7.175088e-01	1.431120e+00	1.543138e+00	1.002727e+00
8.251351e-01	1.534705e+00	1.478853e+00	1.075305e+00
9.489054e-01	1.645788e+00	1.411757e+00	1.153136e+00
1.091241e+00	1.764911e+00	1.346944e+00	1.236591e+00
1.254927e+00	1.885026e+00	1.281903e+00	1.326170e+00
1.443166e+00	2.002525e+00	1.208455e+00	1.422986e+00
1.659641e+00	2.125977e+00	1.138747e+00	1.527838e+00
1.908588e+00	2.255196e+00	1.069341e+00	1.641462e+00
2.194876e+00	2.389793e+00	1.001467e+00	1.764703e+00
2.524107e+00	2.529109e+00	9.361461e-01	1.898534e+00
2.902723e+00	1.352851e+00	8.715883e-01	2.044078e+00
3.338132e+00	1.438368e+00	8.118876e-01	2.202657e+00
3.838852e+00	1.545414e+00	7.511999e-01	2.375842e+00
4.414679e+00	1.693860e+00	6.933055e-01	2.565531e+00
5.076881e+00	1.855397e+00	6.411303e-01	2.774051e+00
5.838413e+00	2.035766e+00	5.939209e-01	3.004295e+00
6.714175e+00	2.223655e+00	5.446873e-01	3.259905e+00
7.721302e+00	2.432219e+00	4.988692e-01	3.545522e+00
8.879497e+00	2.657259e+00	4.651506e-01	3.867101e+00
1.021142e+01	2.894071e+00	4.322759e-01	4.232345e+00
1.174313e+01	3.153627e+00	3.944700e-01	4.651252e+00
1.350460e+01	3.400954e+00	3.509932e-01	4.566310e+00
1.553030e+01	3.680431e+00	3.106133e-01	4.345398e+00
1.785984e+01	3.994194e+00	2.798663e-01	4.171987e+00
2.053882e+01	4.320163e+00	2.523001e-01	4.044697e+00
2.361964e+01	4.680378e+00	2.269017e-01	3.962720e+00
2.716258e+01	5.069888e+00	2.041769e-01	3.925736e+00
3.123697e+01	5.502694e+00	1.846647e-01	3.933838e+00
3.592252e+01	5.981916e+00	1.664878e-01	3.987344e+00
4.131089e+01	6.493623e+00	1.490731e-01	4.087252e+00
4.750753e+01	7.055304e+00	1.332504e-01	4.234745e+00
5.463366e+01	7.611089e+00	1.205422e-01	4.431613e+00
6.282871e+01	8.179569e+00	1.091881e-01	4.680419e+00
7.225301e+01	8.764749e+00	9.652667e-02	4.984759e+00
8.309096e+01	9.314382e+00	8.592401e-02	5.349571e+00
9.555461e+01	9.890606e+00	7.660482e-02	5.781451e+00
1.098878e+02	1.041898e+01	6.884854e-02	6.288972e+00
1.263710e+02	1.088377e+01	6.209965e-02	6.883142e+00
1.453266e+02	1.130857e+01	5.466416e-02	7.577793e+00
1.671256e+02	1.173561e+01	4.848936e-02	8.390133e+00
1.921945e+02	1.215462e+01	4.307289e-02	9.341414e+00
2.210236e+02	1.245723e+01	3.821526e-02	1.045808e+01
2.541772e+02	1.648595e+01	3.400536e-02	1.177094e+01
2.923037e+02	1.617391e+01	3.017784e-02	1.332217e+01
3.361493e+02	1.582381e+01	2.695647e-02	1.516656e+01
3.865717e+02	1.537081e+01	2.387929e-02	1.735499e+01
4.445574e+02	1.486057e+01	2.112862e-02	1.996092e+01
5.112411e+02	1.429229e+01	1.885838e-02	2.307784e+01
5.879272e+02	1.370255e+01	1.694739e-02	2.682019e+01
6.761163e+02	1.308880e+01	1.499689e-02	3.132709e+01
7.775337e+02	1.246795e+01	1.314269e-02	3.678598e+01
8.941638e+02	1.185372e+01	1.163429e-02	4.344705e+01
1.028288e+03	1.128069e+01	1.031564e-02	5.158918e+01
1.182532e+03	1.077125e+01	9.243969e-03	6.151157e+01
1.359911e+03	1.026121e+01	8.153171e-03	7.363581e+01
1.563898e+03	9.741770e+00	7.131242e-03	8.852418e+01
1.798483e+03	9.220648e+00	6.304155e-03	1.068923e+02
2.068255e+03	8.699162e+00	5.551060e-03	1.296513e+02
2.378493e+03	8.183644e+00	4.882272e-03	1.579542e+02
2.735268e+03	7.666514e+00	4.303345e-03	1.932922e+02
3.145558e+03	7.153114e+00	3.822483e-03	2.376114e+02
3.617391e+03	6.658224e+00	3.385675e-03	2.933581e+02
4.160000e+03	6.195441e+00	2.975480e-03	3.635543e+02
4.784000e+03	5.748021e+00	2.616764e-03	4.520797e+02
5.501600e+03	5.318424e+00	2.334186e-03	5.640122e+02
6.326840e+03	4.909769e+00	2.084349e-03	7.058129e+02
7.275866e+03	4.523572e+00	1.810349e-03	8.857363e+02
8.367246e+03	4.160744e+00	1.586580e-03	1.114281e+03
9.622333e+03	3.821235e+00	1.394838e-03	1.404759e+03
