# Energy_MeV	dEdx_Elec_MeV_um	dEdx_Nucl_MeV_um	Range_um
1.000000e-05	4.726762e-03	2.644275e-02	4.231227e-03
1.150000e-05	5.068887e-03	2.931090e-02	4.537485e-03
1.322500e-05	5.435776e-03	3.250317e-02	4.865911e-03
1.520875e-05	5.829220e-03	3.612343e-02	5.218108e-03
1.749006e-05	6.251142e-03	4.004321e-02	5.595797e-03
2.011357e-05	6.703603e-03	4.438780e-02	6.000824e-03
2.313061e-05	7.188814e-03	4.914652e-02	6.435167e-03
2.660020e-05	7.709144e-03	5.438265e-02	6.900948e-03
3.059023e-05	8.267136e-03	6.013692e-02	7.400442e-03
3.517876e-05	8.865515e-03	6.640439e-02	7.936090e-03
4.045558e-05	9.507206e-03	7.338613e-02	8.510508e-03
4.652391e-05	1.019534e-02	8.100870e-02	9.126503e-03
5.350250e-05	1.093329e-02	8.921979e-02	9.787084e-03
6.152788e-05	1.172464e-02	9.807331e-02	1.049548e-02
7.075706e-05	1.257328e-02	1.081328e-01	1.125515e-02
8.137062e-05	1.348334e-02	1.191251e-01	1.206980e-02
9.357621e-05	1.445927e-02	1.309155e-01	1.294342e-02
1.076126e-04	1.550584e-02	1.436938e-01	1.388027e-02
1.237545e-04	1.662816e-02	1.572913e-01	1.488493e-02
1.423177e-04	1.783172e-02	1.727392e-01	1.596231e-02
1.636654e-04	1.912239e-02	1.894662e-01	1.711767e-02
1.882152e-04	2.050648e-02	2.072601e-01	1.835666e-02
2.164475e-04	2.199075e-02	2.267172e-01	1.968532e-02
2.489146e-04	2.358245e-02	2.476290e-01	2.111016e-02
2.862518e-04	2.528936e-02	2.701791e-01	2.263812e-02
3.291895e-04	2.711981e-02	2.940455e-01	2.427668e-02
3.785680e-04	2.908276e-02	3.198408e-01	2.603384e-02
4.353531e-04	3.118779e-02	3.478845e-01	2.791818e-02
5.006561e-04	3.344517e-02	3.775068e-01	2.993891e-02
5.757545e-04	3.586595e-02	4.080219e-01	3.210591e-02
6.621177e-04	3.846195e-02	4.411717e-01	3.442975e-02
7.614354e-04	4.124585e-02	4.782680e-01	3.692180e-02
8.756507e-04	4.423124e-02	5.162078e-01	3.959421e-02
1.006998e-03	4.743272e-02	5.564921e-01	4.246007e-02
1.158048e-03	5.086593e-02	5.971325e-01	4.553335e-02
1.331755e-03	5.454763e-02	6.407206e-01	4.882907e-02
1.531519e-03	5.849582e-02	6.890392e-01	5.236335e-02
1.761246e-03	6.272978e-02	7.374881e-01	5.615344e-02
2.025433e-03	6.727019e-02	7.885525e-01	6.021785e-02
2.329248e-03	7.213924e-02	8.410965e-01	6.457645e-02
2.678635e-03	7.736072e-02	8.951666e-01	6.925053e-02
3.080431e-03	8.296013e-02	9.500260e-01	7.426292e-02
3.542495e-03	8.896483e-02	1.005222e+00	7.963811e-02
4.073870e-03	9.540415e-02	1.063589e+00	8.540236e-02
4.684950e-03	1.023096e-01	1.122089e+00	9.158383e-02
5.387693e-03	1.097148e-01	1.178376e+00	9.821271e-02
6.195847e-03	1.176560e-01	1.232352e+00	1.053214e-01
7.125224e-03	1.261720e-01	1.292657e+00	1.129446e-01
8.194007e-03	1.353044e-01	1.352232e+00	1.211196e-01
9.423108e-03	1.450978e-01	1.407345e+00	1.298863e-01
1.083657e-02	1.556000e-01	1.460630e+00	1.392876e-01
1.246206e-02	1.668625e-01	1.508354e+00	1.493693e-01
1.433137e-02	1.789400e-01	1.561490e+00	1.600987e-01
1.648108e-02	1.918918e-01	1.611792e+00	1.717574e-01
1.895324e-02	2.057811e-01	1.655662e+00	1.842122e-01
2.179622e-02	2.206756e-01	1.698583e+00	1.975456e-01
2.506566e-02	2.366482e-01	1.737081e+00	2.118433e-01
2.882550e-02	2.537769e-01	1.772672e+00	2.271765e-01
3.314933e-02	2.721454e-01	1.803177e+00	2.436193e-01
3.812173e-02	2.918435e-01	1.830982e+00	2.612522e-01
4.383999e-02	3.129673e-01	1.856972e+00	2.801615e-01
5.041599e-02	3.356200e-01	1.877565e+00	3.004395e-01
5.797838e-02	3.599124e-01	1.892788e+00	3.221851e-01
6.667514e-02	3.859630e-01	1.905916e+00	3.455046e-01
7.667641e-02	4.138992e-01	1.918869e+00	3.705121e-01
8.817787e-02	4.438575e-01	1.925600e+00	3.973297e-01
1.014046e-01	4.759841e-01	1.928250e+00	4.260884e-01
1.166152e-01	5.104361e-01	1.925386e+00	4.569285e-01
1.341075e-01	5.473817e-01	1.919042e+00	4.900008e-01
1.542237e-01	5.870015e-01	1.910330e+00	5.254670e-01
1.773572e-01	6.294890e-01	1.895586e+00	5.635004e-01
2.039608e-01	6.750517e-01	1.876074e+00	6.042865e-01
2.345549e-01	7.239123e-01	1.851700e+00	6.480247e-01
2.697381e-01	7.763095e-01	1.822462e+00	6.949286e-01
3.101989e-01	8.324991e-01	1.788545e+00	7.452277e-01
3.567287e-01	8.927559e-01	1.749867e+00	7.991675e-01
4.102380e-01	9.573740e-01	1.706242e+00	8.570113e-01
4.717737e-01	1.026669e+00	1.658528e+00	9.190417e-01
5.425397e-01	1.100980e+00	1.608187e+00	9.855620e-01
6.239207e-01	1.180670e+00	1.555330e+00	1.056897e+00
7.175088e-01	1.266127e+00	1.495153e+00	1.133396e+00
8.251351e-01	1.357770e+00	1.432845e+00	1.215431e+00
9.489054e-01	1.456046e+00	1.369999e+00	1.303405e+00
1.091241e+00	1.561436e+00	1.306396e+00	1.397746e+00
1.254927e+00	1.674453e+00	1.244891e+00	1.498905e+00
1.443166e+00	1.788707e+00	1.175147e+00	1.607478e+00
1.659641e+00	1.900222e+00	1.106505e+00	1.724809e+00
1.908588e+00	2.017394e+00	1.041353e+00	1.851881e+00
2.194876e+00	2.140048e+00	9.750280e-01	1.989580e+00
2.524107e+00	1.136515e+00	9.117422e-01	2.138932e+00
2.902723e+00	1.218799e+00	8.490158e-01	2.301113e+00
3.338132e+00	1.307038e+00	7.910845e-01	2.477483e+00
3.838852e+00	1.391142e+00	7.336610e-01	2.669642e+00
4.414679e+00	1.495514e+00	6.766811e-01	2.879490e+00
5.076881e+00	1.640644e+00	6.252566e-01	3.109322e+00
5.838413e+00	1.798619e+00	5.794795e-01	3.361952e+00
6.714175e+00	1.974625e+00	5.335717e-01	3.640876e+00
7.721302e+00	2.157495e+00	4.868457e-01	3.950498e+00
8.879497e+00	2.360194e+00	4.527850e-01	4.296421e+00
1.021142e+01	2.577885e+00	4.221310e-01	4.685843e+00
1.174313e+01	2.806392e+00	3.868789e-01	5.128069e+00
1.350460e+01	3.056652e+00	3.463390e-01	5.343910e+00
1.553030e+01	3.296546e+00	3.053571e-01	5.095454e+00
1.785984e+01	3.568400e+00	2.745155e-01	4.893493e+00
2.053882e+01	3.874322e+00	2.474852e-01	4.737973e+00
2.361964e+01	4.197236e+00	2.229330e-01	4.629256e+00
2.716258e+01	4.555693e+00	2.006424e-01	4.568096e+00
3.123697e+01	4.945404e+00	1.811087e-01	4.555597e+00
3.592252e+01	5.374597e+00	1.635684e-01	4.593029e+00
4.131089e+01	5.843221e+00	1.464505e-01	4.682234e+00
4.750753e+01	6.335055e+00	1.310764e-01	4.825174e+00
5.463366e+01	6.871621e+00	1.181316e-01	5.024237e+00
6.282871e+01	7.391311e+00	1.072769e-01	5.282410e+00
7.225301e+01	7.921881e+00	9.510171e-02	5.603550e+00
8.309096e+01	8.462096e+00	8.426852e-02	5.992737e+00
9.555461e+01	8.968084e+00	7.544806e-02	6.456670e+00
1.098878e+02	9.497112e+00	6.746463e-02	7.004066e+00
1.263710e+02	9.975288e+00	6.107484e-02	7.646161e+00
1.453266e+02	1.039450e+01	5.383789e-02	8.397233e+00
1.671256e+02	1.076857e+01	4.759097e-02	9.275153e+00
1.921945e+02	1.114231e+01	4.243327e-02	1.030214e+01
2.210236e+02	1.150744e+01	3.755913e-02	1.150562e+01
2.541772e+02	1.175540e+01	3.344986e-02	1.291973e+01
2.923037e+02	1.526374e+01	2.962426e-02	1.458446e+01
3.361493e+02	1.492718e+01	2.647509e-02	1.655406e+01
3.865717e+02	1.456256e+01	2.351710e-02	1.889959e+01
4.445574e+02	1.411012e+01	2.077836e-02	2.168781e+01
5.112411e+02	1.360957e+01	1.851487e-02	2.501430e+01
5.879272e+02	1.306036e+01	1.663660e-02	2.900096e+01
6.761163e+02	1.249486e+01	1.481786e-02	3.379764e+01
7.775337e+02	1.191170e+01	1.295632e-02	3.958682e+01
8.941638e+02	1.132276e+01	1.146341e-02	4.661384e+01
1.028288e+03	1.074156e+01	1.014011e-02	5.520697e+01
1.182532e+03	1.019830e+01	9.079441e-03	6.573590e+01
1.359911e+03	9.714875e+00	8.062328e-03	7.859919e+01
1.563898e+03	9.232767e+00	7.035011e-03	9.435494e+01
1.798483e+03	8.744226e+00	6.215473e-03	1.137489e+02
2.068255e+03	8.255956e+00	5.472002e-03	1.377320e+02
2.378493e+03	7.769511e+00	4.818984e-03	1.675173e+02
2.735268e+03	7.290490e+00	4.244655e-03	2.046427e+02
3.145558e+03	6.812766e+00	3.763767e-03	2.510982e+02
3.617391e+03	6.340551e+00	3.340301e-03	3.094840e+02
4.160000e+03	5.886533e+00	2.934950e-03	3.830773e+02
4.784000e+03	5.463319e+00	2.580218e-03	4.759330e+02
5.501600e+03	5.056263e+00	2.290549e-03	5.932544e+02
6.326840e+03	4.667165e+00	2.054929e-03	7.418554e+02
7.275866e+03	4.297816e+00	1.787024e-03	9.304109e+02
8.367246e+03	3.949885e+00	1.560276e-03	1.170007e+03
9.622333e+03	3.624853e+00	1.375989e-03	1.474744e+03
