# Energy_MeV	dEdx_Elec_MeV_um	dEdx_Nucl_MeV_um	Range_um
1.000000e-05	5.348412e-03	3.041942e-02	3.739428e-03
1.150000e-05	5.735533e-03	3.374386e-02	4.010090e-03
1.322500e-05	6.150674e-03	3.739976e-02	4.300342e-03
1.520875e-05	6.595863e-03	4.141589e-02	4.611603e-03
1.749006e-05	7.073275e-03	4.581708e-02	4.945393e-03
2.011357e-05	7.585242e-03	5.070372e-02	5.303344e-03
2.313061e-05	8.134266e-03	5.600062e-02	5.687202e-03
2.660020e-05	8.723028e-03	6.188001e-02	6.098845e-03
3.059023e-05	9.354406e-03	6.832796e-02	6.540283e-03
3.517876e-05	1.003148e-02	7.525783e-02	7.013672e-03
4.045558e-05	1.075757e-02	8.278367e-02	7.521325e-03
4.652391e-05	1.153620e-02	9.117655e-02	8.065723e-03
5.350250e-05	1.237120e-02	1.004589e-01	8.649524e-03
6.152788e-05	1.326664e-02	1.105001e-01	9.275581e-03
7.075706e-05	1.422688e-02	1.213053e-01	9.946952e-03
8.137062e-05	1.525663e-02	1.329109e-01	1.066692e-02
9.357621e-05	1.636091e-02	1.457994e-01	1.143900e-02
1.076126e-04	1.754513e-02	1.599433e-01	1.226696e-02
1.237545e-04	1.881505e-02	1.751377e-01	1.315484e-02
1.423177e-04	2.017689e-02	1.915466e-01	1.410700e-02
1.636654e-04	2.163731e-02	2.094182e-01	1.512807e-02
1.882152e-04	2.320343e-02	2.284923e-01	1.622305e-02
2.164475e-04	2.488291e-02	2.487187e-01	1.739728e-02
2.489146e-04	2.668394e-02	2.706421e-01	1.865651e-02
2.862518e-04	2.861534e-02	2.943265e-01	2.000687e-02
3.291895e-04	3.068653e-02	3.199304e-01	2.145498e-02
3.785680e-04	3.290764e-02	3.460389e-01	2.300791e-02
4.353531e-04	3.528951e-02	3.738628e-01	2.467323e-02
5.006561e-04	3.784379e-02	4.054440e-01	2.645909e-02
5.757545e-04	4.058294e-02	4.381480e-01	2.837421e-02
6.621177e-04	4.352036e-02	4.725199e-01	3.042795e-02
7.614354e-04	4.667038e-02	5.075426e-01	3.263035e-02
8.756507e-04	5.004841e-02	5.440470e-01	3.499215e-02
1.006998e-03	5.367094e-02	5.853098e-01	3.752490e-02
1.158048e-03	5.755567e-02	6.273249e-01	4.024097e-02
1.331755e-03	6.172158e-02	6.707556e-01	4.315363e-02
1.531519e-03	6.618902e-02	7.159649e-01	4.627712e-02
1.761246e-03	7.097982e-02	7.617772e-01	4.962668e-02
2.025433e-03	7.611738e-02	8.097188e-01	5.321868e-02
2.329248e-03	8.162679e-02	8.573084e-01	5.707068e-02
2.678635e-03	8.753498e-02	9.071574e-01	6.120149e-02
3.080431e-03	9.387081e-02	9.578894e-01	6.563128e-02
3.542495e-03	1.006652e-01	1.006261e+00	7.038171e-02
4.073870e-03	1.079514e-01	1.053855e+00	7.547597e-02
4.684950e-03	1.157650e-01	1.104169e+00	8.093896e-02
5.387693e-03	1.241441e-01	1.155621e+00	8.679737e-02
6.195847e-03	1.331298e-01	1.204847e+00	9.307981e-02
7.125224e-03	1.427658e-01	1.251077e+00	9.981698e-02
8.194007e-03	1.530992e-01	1.294143e+00	1.070418e-01
9.423108e-03	1.641806e-01	1.338476e+00	1.147891e-01
1.083657e-02	1.760641e-01	1.382264e+00	1.230813e-01
1.246206e-02	1.888077e-01	1.422272e+00	1.320126e-01
1.433137e-02	2.024737e-01	1.459361e+00	1.415652e-01
1.648108e-02	2.171289e-01	1.494737e+00	1.518125e-01
1.895324e-02	2.328448e-01	1.525941e+00	1.628005e-01
2.179622e-02	2.496982e-01	1.552680e+00	1.745838e-01
2.506566e-02	2.677715e-01	1.577664e+00	1.872201e-01
2.882550e-02	2.871530e-01	1.600378e+00	2.007709e-01
3.314933e-02	3.079372e-01	1.620553e+00	2.153025e-01
3.812173e-02	3.302259e-01	1.634876e+00	2.308860e-01
4.383999e-02	3.541278e-01	1.645975e+00	2.475975e-01
5.041599e-02	3.797598e-01	1.657871e+00	2.655185e-01
5.797838e-02	4.072470e-01	1.665317e+00	2.847366e-01
6.667514e-02	4.367237e-01	1.668318e+00	3.053457e-01
7.667641e-02	4.683340e-01	1.667242e+00	3.274466e-01
8.817787e-02	5.022323e-01	1.661949e+00	3.511471e-01
1.014046e-01	5.385842e-01	1.655309e+00	3.765631e-01
1.166152e-01	5.775672e-01	1.644074e+00	4.038186e-01
1.341075e-01	6.193718e-01	1.628053e+00	4.330469e-01
1.542237e-01	6.642022e-01	1.608150e+00	4.643910e-01
1.773572e-01	7.122775e-01	1.583811e+00	4.980037e-01
2.039608e-01	7.638326e-01	1.555562e+00	5.340491e-01
2.345549e-01	8.191192e-01	1.523203e+00	5.727035e-01
2.697381e-01	8.784075e-01	1.486480e+00	6.141559e-01
3.101989e-01	9.419870e-01	1.446119e+00	6.586087e-01
3.567287e-01	1.010169e+00	1.403459e+00	7.062790e-01
4.102380e-01	1.083285e+00	1.358151e+00	7.573994e-01
4.717737e-01	1.161694e+00	1.307943e+00	8.122200e-01
5.425397e-01	1.245778e+00	1.254813e+00	8.710088e-01
6.239207e-01	1.335948e+00	1.200228e+00	9.340532e-01
7.175088e-01	1.432645e+00	1.145645e+00	1.001658e+00
8.251351e-01	1.536340e+00	1.091517e+00	1.074166e+00
9.489054e-01	1.647541e+00	1.033327e+00	1.151893e+00
1.091241e+00	1.750673e+00	9.742021e-01	1.235633e+00
1.254927e+00	1.859172e+00	9.164736e-01	1.326320e+00
1.443166e+00	1.972943e+00	8.596713e-01	1.424542e+00
1.659641e+00	2.091727e+00	8.028577e-01	1.531036e+00
1.908588e+00	1.110222e+00	7.485384e-01	1.646617e+00
2.194876e+00	1.190608e+00	6.984870e-01	1.772225e+00
2.524107e+00	1.271647e+00	6.484121e-01	1.908961e+00
2.902723e+00	1.357408e+00	5.994149e-01	2.058124e+00
3.338132e+00	1.482474e+00	5.519933e-01	2.221275e+00
3.838852e+00	1.628843e+00	5.108572e-01	2.400316e+00
4.414679e+00	1.785481e+00	4.725553e-01	2.597594e+00
5.076881e+00	1.955274e+00	4.309526e-01	2.816048e+00
5.838413e+00	2.141473e+00	3.980904e-01	3.059404e+00
6.714175e+00	2.335842e+00	3.725151e-01	3.332432e+00
7.721302e+00	2.549501e+00	3.431035e-01	3.641282e+00
8.879497e+00	2.771497e+00	3.092802e-01	3.677166e+00
1.021142e+01	3.001587e+00	2.729244e-01	3.530492e+00
1.174313e+01	3.248828e+00	2.434895e-01	3.410365e+00
1.350460e+01	3.524874e+00	2.200674e-01	3.317841e+00
1.553030e+01	3.832495e+00	1.981113e-01	3.254144e+00
1.785984e+01	4.164025e+00	1.789390e-01	3.220679e+00
2.053882e+01	4.530193e+00	1.609968e-01	3.218980e+00
2.361964e+01	4.942237e+00	1.453489e-01	3.250790e+00
2.716258e+01	5.363393e+00	1.304939e-01	3.318017e+00
3.123697e+01	5.824164e+00	1.166895e-01	3.422683e+00
3.592252e+01	6.311315e+00	1.053635e-01	3.567028e+00
4.131089e+01	6.789889e+00	9.533101e-02	3.753624e+00
4.750753e+01	7.297474e+00	8.517302e-02	3.985573e+00
5.463366e+01	7.759390e+00	7.561375e-02	4.266750e+00
6.282871e+01	8.238263e+00	6.737241e-02	4.602111e+00
7.225301e+01	8.714400e+00	6.034835e-02	4.997985e+00
8.309096e+01	9.144531e+00	5.433679e-02	5.462514e+00
9.555461e+01	9.575995e+00	4.829885e-02	6.005979e+00
1.098878e+02	9.878294e+00	4.271355e-02	6.641279e+00
1.263710e+02	1.020016e+01	3.793808e-02	7.384479e+00
1.453266e+02	1.054120e+01	3.370354e-02	8.255481e+00
1.671256e+02	1.076385e+01	2.983799e-02	9.278778e+00
1.921945e+02	1.420246e+01	2.644655e-02	1.048473e+01
2.210236e+02	1.377006e+01	2.366455e-02	1.190935e+01
2.541772e+02	1.343166e+01	2.104940e-02	1.360601e+01
2.923037e+02	1.301259e+01	1.864947e-02	1.562830e+01
3.361493e+02	1.254444e+01	1.649927e-02	1.804164e+01
3.865717e+02	1.202965e+01	1.476972e-02	2.093454e+01
4.445574e+02	1.149469e+01	1.325231e-02	2.441842e+01
5.112411e+02	1.095250e+01	1.161316e-02	2.862727e+01
5.879272e+02	1.039651e+01	1.022007e-02	3.373384e+01
6.761163e+02	9.850166e+00	9.054620e-03	3.997552e+01
7.775337e+02	9.308938e+00	8.065647e-03	4.764368e+01
8.941638e+02	8.845858e+00	7.217048e-03	5.704724e+01
1.028288e+03	8.397457e+00	6.311969e-03	6.857508e+01
1.182532e+03	7.944108e+00	5.545279e-03	8.277348e+01
1.359911e+03	7.489667e+00	4.898145e-03	1.003428e+02
1.563898e+03	7.038573e+00	4.307458e-03	1.221808e+02
1.798483e+03	6.594314e+00	3.811683e-03	1.494278e+02
2.068255e+03	6.157660e+00	3.363594e-03	1.835443e+02
2.378493e+03	5.723787e+00	2.982400e-03	2.264455e+02
2.735268e+03	5.303475e+00	2.629427e-03	2.805887e+02
3.145558e+03	4.910297e+00	2.308004e-03	3.490295e+02
3.617391e+03	4.537703e+00	2.053641e-03	4.356096e+02
4.160000e+03	4.182332e+00	1.833252e-03	5.453661e+02
4.784000e+03	3.845284e+00	1.609734e-03	6.847721e+02
5.501600e+03	3.527432e+00	1.405657e-03	8.620877e+02
6.326840e+03	3.231324e+00	1.234262e-03	1.087841e+03
7.275866e+03	2.956538e+00	1.091236e-03	1.375399e+03
8.367246e+03	2.702050e+00	9.712037e-04	1.741678e+03
9.622333e+03	2.468591e+00	8.499119e-04	2.208010e+03
