# Energy_MeV	dEdx_Elec_MeV_um	dEdx_Nucl_MeV_um	Range_um
1.000000e-05	5.082873e-03	3.055221e-02	3.934783e-03
1.150000e-05	5.450774e-03	3.386632e-02	4.219585e-03
1.322500e-05	5.845304e-03	3.750643e-02	4.525000e-03
1.520875e-05	6.268390e-03	4.151153e-02	4.852522e-03
1.749006e-05	6.722099e-03	4.595123e-02	5.203750e-03
2.011357e-05	7.208648e-03	5.074117e-02	5.580401e-03
2.313061e-05	7.730414e-03	5.606631e-02	5.984313e-03
2.660020e-05	8.289945e-03	6.190303e-02	6.417461e-03
3.059023e-05	8.889976e-03	6.824005e-02	6.881960e-03
3.517876e-05	9.533437e-03	7.507482e-02	7.380080e-03
4.045558e-05	1.022347e-02	8.263595e-02	7.914254e-03
4.652391e-05	1.096345e-02	9.108141e-02	8.487092e-03
5.350250e-05	1.175699e-02	1.002074e-01	9.101392e-03
6.152788e-05	1.260797e-02	1.100484e-01	9.760155e-03
7.075706e-05	1.352054e-02	1.206063e-01	1.046660e-02
8.137062e-05	1.449917e-02	1.322176e-01	1.122418e-02
9.357621e-05	1.554862e-02	1.451010e-01	1.203659e-02
1.076126e-04	1.667404e-02	1.589256e-01	1.290781e-02
1.237545e-04	1.788092e-02	1.738388e-01	1.384208e-02
1.423177e-04	1.917515e-02	1.900648e-01	1.484398e-02
1.636654e-04	2.056305e-02	2.073698e-01	1.591839e-02
1.882152e-04	2.205142e-02	2.258718e-01	1.707057e-02
2.164475e-04	2.364751e-02	2.457789e-01	1.830615e-02
2.489146e-04	2.535913e-02	2.673308e-01	1.963116e-02
2.862518e-04	2.719464e-02	2.906040e-01	2.105207e-02
3.291895e-04	2.916300e-02	3.144325e-01	2.257583e-02
3.785680e-04	3.127384e-02	3.397986e-01	2.420988e-02
4.353531e-04	3.353745e-02	3.684528e-01	2.596221e-02
5.006561e-04	3.596491e-02	3.982087e-01	2.784137e-02
5.757545e-04	3.856807e-02	4.295667e-01	2.985654e-02
6.621177e-04	4.135965e-02	4.616250e-01	3.201757e-02
7.614354e-04	4.435328e-02	4.950256e-01	3.433502e-02
8.756507e-04	4.756359e-02	5.327025e-01	3.682021e-02
1.006998e-03	5.100627e-02	5.709695e-01	3.948527e-02
1.158048e-03	5.469813e-02	6.106804e-01	4.234324e-02
1.331755e-03	5.865721e-02	6.518027e-01	4.540806e-02
1.531519e-03	6.290285e-02	6.941427e-01	4.869472e-02
1.761246e-03	6.745580e-02	7.384771e-01	5.221927e-02
2.025433e-03	7.233828e-02	7.817512e-01	5.599893e-02
2.329248e-03	7.757417e-02	8.273794e-01	6.005216e-02
2.678635e-03	8.318902e-02	8.736013e-01	6.439877e-02
3.080431e-03	8.921029e-02	9.187918e-01	6.905999e-02
3.542495e-03	9.566738e-02	9.626736e-01	7.405859e-02
4.073870e-03	1.025918e-01	1.008002e+00	7.941899e-02
4.684950e-03	1.100175e-01	1.055667e+00	8.516737e-02
5.387693e-03	1.179806e-01	1.101279e+00	9.133183e-02
6.195847e-03	1.265201e-01	1.144249e+00	9.794248e-02
7.125224e-03	1.356777e-01	1.184319e+00	1.050316e-01
8.194007e-03	1.454981e-01	1.224258e+00	1.126339e-01
9.423108e-03	1.560294e-01	1.265080e+00	1.207461e-01
1.083657e-02	1.673228e-01	1.302448e+00	1.295060e-01
1.246206e-02	1.794338e-01	1.336819e+00	1.389087e-01
1.433137e-02	1.924213e-01	1.369612e+00	1.489613e-01
1.648108e-02	2.063488e-01	1.398442e+00	1.597433e-01
1.895324e-02	2.212845e-01	1.423948e+00	1.713055e-01
2.179622e-02	2.373011e-01	1.447149e+00	1.837044e-01
2.506566e-02	2.544771e-01	1.468388e+00	1.970008e-01
2.882550e-02	2.728963e-01	1.487390e+00	2.112595e-01
3.314933e-02	2.926487e-01	1.500957e+00	2.265503e-01
3.812173e-02	3.138308e-01	1.511680e+00	2.429480e-01
4.383999e-02	3.365460e-01	1.523027e+00	2.605325e-01
5.041599e-02	3.609054e-01	1.530205e+00	2.793896e-01
5.797838e-02	3.870279e-01	1.533536e+00	2.996117e-01
6.667514e-02	4.150412e-01	1.532937e+00	3.212975e-01
7.667641e-02	4.450821e-01	1.528664e+00	3.445530e-01
8.817787e-02	4.772974e-01	1.523131e+00	3.694917e-01
1.014046e-01	5.118444e-01	1.513313e+00	3.962354e-01
1.166152e-01	5.488920e-01	1.499128e+00	4.249148e-01
1.341075e-01	5.886211e-01	1.481311e+00	4.556702e-01
1.542237e-01	6.312258e-01	1.459543e+00	4.886517e-01
1.773572e-01	6.769142e-01	1.434096e+00	5.240203e-01
2.039608e-01	7.259096e-01	1.404909e+00	5.619487e-01
2.345549e-01	7.784514e-01	1.371596e+00	6.026226e-01
2.697381e-01	8.347961e-01	1.335099e+00	6.462407e-01
3.101989e-01	8.952191e-01	1.296086e+00	6.930157e-01
3.567287e-01	9.600155e-01	1.254794e+00	7.431762e-01
4.102380e-01	1.029502e+00	1.209563e+00	7.969673e-01
4.717737e-01	1.104018e+00	1.160831e+00	8.546520e-01
5.425397e-01	1.183927e+00	1.110821e+00	9.165121e-01
6.239207e-01	1.269620e+00	1.060507e+00	9.828500e-01
7.175088e-01	1.361516e+00	1.010646e+00	1.053987e+00
8.251351e-01	1.460064e+00	9.582232e-01	1.130279e+00
9.489054e-01	1.563600e+00	9.035848e-01	1.212085e+00
1.091241e+00	1.661334e+00	8.502515e-01	1.300320e+00
1.254927e+00	1.764115e+00	7.979727e-01	1.395886e+00
1.443166e+00	9.431674e-01	7.455700e-01	1.499408e+00
1.659641e+00	1.011460e+00	6.959056e-01	1.611664e+00
1.908588e+00	1.084696e+00	6.489651e-01	1.733521e+00
2.194876e+00	1.163232e+00	6.028966e-01	1.865980e+00
2.524107e+00	1.240972e+00	5.576501e-01	2.010216e+00
2.902723e+00	1.325394e+00	5.132849e-01	2.167619e+00
3.338132e+00	1.452787e+00	4.754055e-01	2.339864e+00
3.838852e+00	1.594614e+00	4.398631e-01	2.528991e+00
4.414679e+00	1.748329e+00	4.005148e-01	2.737528e+00
5.076881e+00	1.912058e+00	3.695328e-01	2.968646e+00
5.838413e+00	2.093311e+00	3.460905e-01	3.226372e+00
6.714175e+00	2.281159e+00	3.195937e-01	3.515868e+00
7.721302e+00	2.485867e+00	2.891223e-01	3.618428e+00
8.879497e+00	2.703798e+00	2.548182e-01	3.492187e+00
1.021142e+01	2.927694e+00	2.268225e-01	3.386130e+00
1.174313e+01	3.175450e+00	2.051019e-01	3.302064e+00
1.350460e+01	3.453830e+00	1.849348e-01	3.241913e+00
1.553030e+01	3.761842e+00	1.670306e-01	3.207737e+00
1.785984e+01	4.101235e+00	1.500301e-01	3.201689e+00
2.053882e+01	4.468744e+00	1.355295e-01	3.226132e+00
2.361964e+01	4.875000e+00	1.217366e-01	3.283565e+00
2.716258e+01	5.285525e+00	1.089394e-01	3.376572e+00
3.123697e+01	5.720326e+00	9.831113e-02	3.507886e+00
3.592252e+01	6.184194e+00	8.889233e-02	3.680464e+00
4.131089e+01	6.616444e+00	7.974102e-02	3.897626e+00
4.750753e+01	7.070795e+00	7.076064e-02	4.163277e+00
5.463366e+01	7.494256e+00	6.298003e-02	4.482198e+00
6.282871e+01	7.913154e+00	5.637777e-02	4.860338e+00
7.225301e+01	8.342694e+00	5.069739e-02	5.305287e+00
8.309096e+01	8.702410e+00	4.525782e-02	5.826605e+00
9.555461e+01	9.050073e+00	4.000411e-02	6.436321e+00
1.098878e+02	9.301231e+00	3.548721e-02	7.149481e+00
1.263710e+02	9.559666e+00	3.154485e-02	7.984746e+00
1.453266e+02	9.838601e+00	2.789452e-02	8.965303e+00
1.671256e+02	9.980073e+00	2.478439e-02	1.011974e+01
1.921945e+02	1.279920e+01	2.213359e-02	1.148301e+01
2.210236e+02	1.239572e+01	1.970094e-02	1.309840e+01
2.541772e+02	1.203749e+01	1.746535e-02	1.502803e+01
2.923037e+02	1.161655e+01	1.540078e-02	1.733251e+01
3.361493e+02	1.115956e+01	1.380097e-02	2.009138e+01
3.865717e+02	1.066754e+01	1.239820e-02	2.340939e+01
4.445574e+02	1.016358e+01	1.085975e-02	2.741798e+01
5.112411e+02	9.654957e+00	9.545888e-03	3.227631e+01
5.879272e+02	9.140029e+00	8.452164e-03	3.819283e+01
6.761163e+02	8.633690e+00	7.531290e-03	4.545262e+01
7.775337e+02	8.141863e+00	6.755057e-03	5.439743e+01
8.941638e+02	7.717782e+00	5.905088e-03	6.539314e+01
1.028288e+03	7.301386e+00	5.181381e-03	7.892033e+01
1.182532e+03	6.883316e+00	4.579155e-03	9.564183e+01
1.359911e+03	6.467488e+00	4.028951e-03	1.164063e+02
1.563898e+03	6.056633e+00	3.569569e-03	1.423031e+02
1.798483e+03	5.654823e+00	3.142269e-03	1.747179e+02
2.068255e+03	5.260755e+00	2.787783e-03	2.154341e+02
2.378493e+03	4.872958e+00	2.459155e-03	2.667936e+02
2.735268e+03	4.500087e+00	2.159444e-03	3.317869e+02
3.145558e+03	4.154331e+00	1.920700e-03	4.141319e+02
3.617391e+03	3.826688e+00	1.712900e-03	5.185384e+02
4.160000e+03	3.516238e+00	1.511533e-03	6.511893e+02
4.784000e+03	3.223131e+00	1.319143e-03	8.199964e+02
5.501600e+03	2.948144e+00	1.156473e-03	1.035066e+03
6.326840e+03	2.693689e+00	1.021677e-03	1.309267e+03
7.275866e+03	2.458800e+00	9.077988e-04	1.658921e+03
8.367246e+03	2.242254e+00	7.985272e-04	2.104672e+03
9.622333e+03	2.044847e+00	6.955711e-04	2.672512e+03
