# Energy_MeV	dEdx_Elec_MeV_um	dEdx_Nucl_MeV_um	Range_um
1.000000e-05	5.101071e-03	3.289268e-02	3.920746e-03
1.150000e-05	5.470289e-03	3.638015e-02	4.204531e-03
1.322500e-05	5.866231e-03	4.019869e-02	4.508857e-03
1.520875e-05	6.290832e-03	4.439503e-02	4.835211e-03
1.749006e-05	6.746166e-03	4.904343e-02	5.185186e-03
2.011357e-05	7.234457e-03	5.396869e-02	5.560492e-03
2.313061e-05	7.758091e-03	5.939249e-02	5.962964e-03
2.660020e-05	8.319626e-03	6.545508e-02	6.394566e-03
3.059023e-05	8.921804e-03	7.204348e-02	6.857408e-03
3.517876e-05	9.567569e-03	7.927978e-02	7.353751e-03
4.045558e-05	1.026008e-02	8.693609e-02	7.886020e-03
4.652391e-05	1.100270e-02	9.529668e-02	8.456814e-03
5.350250e-05	1.179909e-02	1.046067e-01	9.068923e-03
6.152788e-05	1.265311e-02	1.146242e-01	9.725336e-03
7.075706e-05	1.356895e-02	1.255718e-01	1.042926e-02
8.137062e-05	1.455108e-02	1.372417e-01	1.118414e-02
9.357621e-05	1.560429e-02	1.500164e-01	1.199365e-02
1.076126e-04	8.371709e-03	1.637238e-01	1.286176e-02
1.237545e-04	9.003163e-03	1.780866e-01	1.379270e-02
1.423177e-04	9.680253e-03	1.938918e-01	1.479102e-02
1.636654e-04	1.040629e-02	2.106976e-01	1.586160e-02
1.882152e-04	1.118481e-02	2.288027e-01	1.700967e-02
2.164475e-04	1.201963e-02	2.475537e-01	1.824084e-02
2.489146e-04	1.291482e-02	2.676094e-01	1.956112e-02
2.862518e-04	1.387476e-02	2.898309e-01	2.097697e-02
3.291895e-04	1.490414e-02	3.133337e-01	2.249529e-02
3.785680e-04	1.600798e-02	3.374578e-01	2.412351e-02
4.353531e-04	1.719169e-02	3.626771e-01	2.586959e-02
5.006561e-04	1.846103e-02	3.889760e-01	2.774204e-02
5.757545e-04	1.982222e-02	4.178842e-01	2.975003e-02
6.621177e-04	2.128190e-02	4.480546e-01	3.190335e-02
7.614354e-04	2.284720e-02	4.786554e-01	3.421253e-02
8.756507e-04	2.452578e-02	5.111528e-01	3.668885e-02
1.006998e-03	2.632582e-02	5.435266e-01	3.934441e-02
1.158048e-03	2.825614e-02	5.771763e-01	4.219218e-02
1.331755e-03	3.032615e-02	6.113838e-01	4.524607e-02
1.531519e-03	3.254596e-02	6.463077e-01	4.852100e-02
1.761246e-03	3.492643e-02	6.827352e-01	5.203298e-02
2.025433e-03	3.747919e-02	7.162155e-01	5.579916e-02
2.329248e-03	4.021670e-02	7.503737e-01	5.983793e-02
2.678635e-03	4.315233e-02	7.867183e-01	6.416903e-02
3.080431e-03	4.630044e-02	8.220288e-01	6.881362e-02
3.542495e-03	4.967639e-02	8.573281e-01	7.379438e-02
4.073870e-03	5.329668e-02	8.888665e-01	7.913566e-02
4.684950e-03	5.717901e-02	9.197038e-01	8.486354e-02
5.387693e-03	6.134232e-02	9.517273e-01	9.100601e-02
6.195847e-03	6.580697e-02	9.814056e-01	9.759307e-02
7.125224e-03	7.059477e-02	1.010043e+00	1.046063e-01
8.194007e-03	7.572910e-02	1.035483e+00	1.122142e-01
9.423108e-03	8.123505e-02	1.059996e+00	1.203587e-01
1.083657e-02	8.713951e-02	1.082322e+00	1.290698e-01
1.246206e-02	9.347134e-02	1.100513e+00	1.384116e-01
1.433137e-02	1.002615e-01	1.118428e+00	1.484299e-01
1.648108e-02	1.075430e-01	1.133735e+00	1.591731e-01
1.895324e-02	1.153517e-01	1.147164e+00	1.706938e-01
2.179622e-02	1.237255e-01	1.157398e+00	1.830485e-01
2.506566e-02	1.327054e-01	1.165318e+00	1.962975e-01
2.882550e-02	1.423353e-01	1.172879e+00	2.105054e-01
3.314933e-02	1.526622e-01	1.178053e+00	2.257417e-01
3.812173e-02	1.637365e-01	1.179482e+00	2.420807e-01
4.383999e-02	1.756124e-01	1.178552e+00	2.596024e-01
5.041599e-02	1.883479e-01	1.174729e+00	2.783925e-01
5.797838e-02	2.020052e-01	1.169331e+00	2.985425e-01
6.667514e-02	2.166510e-01	1.161099e+00	3.201508e-01
7.667641e-02	2.323569e-01	1.149282e+00	3.433232e-01
8.817787e-02	2.491996e-01	1.134857e+00	3.681730e-01
1.014046e-01	2.672613e-01	1.117218e+00	3.948214e-01
1.166152e-01	2.866304e-01	1.096854e+00	4.233986e-01
1.341075e-01	3.074014e-01	1.073489e+00	4.540441e-01
1.542237e-01	3.296759e-01	1.047273e+00	4.869078e-01
1.773572e-01	3.535625e-01	1.018179e+00	5.221503e-01
2.039608e-01	3.791781e-01	9.880553e-01	5.599437e-01
2.345549e-01	4.066478e-01	9.554271e-01	6.004724e-01
2.697381e-01	4.361057e-01	9.191598e-01	6.439346e-01
3.101989e-01	4.676958e-01	8.820131e-01	6.905427e-01
3.567287e-01	5.015725e-01	8.427482e-01	7.405245e-01
4.102380e-01	5.379011e-01	8.049293e-01	7.941238e-01
4.717737e-01	5.768592e-01	7.660557e-01	8.516031e-01
5.425397e-01	6.186371e-01	7.240225e-01	9.132408e-01
6.239207e-01	6.634389e-01	6.832757e-01	9.793413e-01
7.175088e-01	7.114844e-01	6.418275e-01	1.050246e+00
8.251351e-01	7.630096e-01	6.023657e-01	1.126797e+00
9.489054e-01	8.182642e-01	5.627209e-01	1.209708e+00
1.091241e+00	8.775182e-01	5.236470e-01	1.299538e+00
1.254927e+00	9.410610e-01	4.889969e-01	1.396957e+00
1.443166e+00	1.009203e+00	4.530008e-01	1.502725e+00
1.659641e+00	1.082278e+00	4.191839e-01	1.617720e+00
1.908588e+00	1.151523e+00	3.867919e-01	1.742973e+00
2.194876e+00	1.231154e+00	3.574160e-01	1.879707e+00
2.524107e+00	1.346776e+00	3.297487e-01	2.029395e+00
2.902723e+00	1.473424e+00	3.022072e-01	2.193840e+00
3.338132e+00	1.611896e+00	2.789511e-01	2.375276e+00
3.838852e+00	1.756519e+00	2.604768e-01	2.576513e+00
4.414679e+00	1.916547e+00	2.392314e-01	2.734180e+00
5.076881e+00	2.085753e+00	2.147991e-01	2.673177e+00
5.838413e+00	2.269915e+00	1.906316e-01	2.618905e+00
6.714175e+00	2.472334e+00	1.697607e-01	2.573343e+00
7.721302e+00	2.682665e+00	1.536724e-01	2.538592e+00
8.879497e+00	2.920142e+00	1.379738e-01	2.516892e+00
1.021142e+01	3.187959e+00	1.247291e-01	2.510575e+00
1.174313e+01	3.480734e+00	1.124295e-01	2.522228e+00
1.350460e+01	3.806640e+00	1.012307e-01	2.554566e+00
1.553030e+01	4.135944e+00	9.105260e-02	2.610435e+00
1.785984e+01	4.487444e+00	8.118546e-02	2.692825e+00
2.053882e+01	4.831512e+00	7.356270e-02	2.804859e+00
2.361964e+01	5.179219e+00	6.639348e-02	2.949831e+00
2.716258e+01	5.551351e+00	5.905587e-02	3.131272e+00
3.123697e+01	5.875690e+00	5.267807e-02	3.353097e+00
3.592252e+01	6.211226e+00	4.679204e-02	3.619780e+00
4.131089e+01	6.527313e+00	4.210802e-02	3.936731e+00
4.750753e+01	6.820839e+00	3.781793e-02	4.310544e+00
5.463366e+01	7.121164e+00	3.345643e-02	4.749426e+00
6.282871e+01	7.356779e+00	2.974109e-02	5.263641e+00
7.225301e+01	7.563847e+00	2.633058e-02	5.866005e+00
8.309096e+01	7.708585e+00	2.345380e-02	6.572513e+00
9.555461e+01	7.848843e+00	2.079754e-02	7.403029e+00
1.098878e+02	7.986761e+00	1.837059e-02	8.382211e+00
1.263710e+02	8.034121e+00	1.647543e-02	9.540750e+00
1.453266e+02	1.002089e+01	1.459982e-02	1.091582e+01
1.671256e+02	9.649133e+00	1.297172e-02	1.255537e+01
1.921945e+02	9.294414e+00	1.152328e-02	1.452537e+01
2.210236e+02	8.903927e+00	1.029209e-02	1.689139e+01
2.541772e+02	8.495200e+00	9.195990e-03	1.974287e+01
2.923037e+02	8.068304e+00	8.095394e-03	2.319579e+01
3.361493e+02	7.640081e+00	7.104598e-03	2.739568e+01
3.865717e+02	7.213203e+00	6.321475e-03	3.252116e+01
4.445574e+02	6.785922e+00	5.618431e-03	3.880929e+01
5.112411e+02	6.367787e+00	5.005445e-03	4.658168e+01
5.879272e+02	5.971891e+00	4.398631e-03	5.621977e+01
6.761163e+02	5.622201e+00	3.853298e-03	6.814335e+01
7.775337e+02	5.279764e+00	3.411766e-03	8.291895e+01
8.941638e+02	4.940594e+00	2.989957e-03	1.013142e+02
1.028288e+03	4.607771e+00	2.649507e-03	1.243152e+02
1.182532e+03	4.283079e+00	2.344085e-03	1.531908e+02
1.359911e+03	3.969452e+00	2.071507e-03	1.895614e+02
1.563898e+03	3.665187e+00	1.830949e-03	2.355243e+02
1.798483e+03	3.370827e+00	1.601406e-03	2.938339e+02
2.068255e+03	3.091467e+00	1.431309e-03	3.679997e+02
2.378493e+03	2.835527e+00	1.273928e-03	4.623936e+02
2.735268e+03	2.594712e+00	1.112470e-03	5.825925e+02
3.145558e+03	2.369401e+00	9.773483e-04	7.359053e+02
3.617391e+03	2.159177e+00	8.550316e-04	9.316581e+02
4.160000e+03	1.964319e+00	7.602152e-04	1.181762e+03
4.784000e+03	1.785867e+00	6.745995e-04	1.501359e+03
5.501600e+03	1.622747e+00	5.871970e-04	1.909627e+03
6.326840e+03	1.473995e+00	5.148188e-04	2.430781e+03
7.275866e+03	1.339766e+00	4.495019e-04	3.095244e+03
8.367246e+03	1.219321e+00	3.951162e-04	3.941028e+03
9.622333e+03	1.111133e+00	3.459058e-04	5.015380e+03
