# Energy_MeV	dEdx_Elec_MeV_um	dEdx_Nucl_MeV_um	Range_um
1.000000e-05	2.210218e-03	3.314797e-02	4.822490e-03
1.150000e-05	2.391028e-03	3.649536e-02	5.171544e-03
1.322500e-05	2.584752e-03	4.023237e-02	5.545864e-03
1.520875e-05	2.792340e-03	4.425451e-02	5.947276e-03
1.749006e-05	3.014808e-03	4.869791e-02	6.377743e-03
2.011357e-05	3.253247e-03	5.334175e-02	6.839367e-03
2.313061e-05	3.508823e-03	5.849378e-02	7.334405e-03
2.660020e-05	3.782788e-03	6.420691e-02	7.865273e-03
3.059023e-05	4.076480e-03	7.032856e-02	8.434565e-03
3.517876e-05	4.391337e-03	7.703203e-02	9.045063e-03
4.045558e-05	4.728897e-03	8.416323e-02	9.699750e-03
4.652391e-05	5.090811e-03	9.189930e-02	1.040182e-02
5.350250e-05	5.478847e-03	1.002861e-01	1.115471e-02
6.152788e-05	5.894903e-03	1.090829e-01	1.196210e-02
7.075706e-05	6.341010e-03	1.187398e-01	1.282792e-02
8.137062e-05	6.819350e-03	1.290135e-01	1.375641e-02
9.357621e-05	7.332260e-03	1.397952e-01	1.475211e-02
1.076126e-04	7.882245e-03	1.513527e-01	1.581987e-02
1.237545e-04	8.471992e-03	1.637755e-01	1.696492e-02
1.423177e-04	9.104384e-03	1.770404e-01	1.819285e-02
1.636654e-04	9.782510e-03	1.914438e-01	1.950966e-02
1.882152e-04	1.050968e-02	2.057846e-01	2.092178e-02
2.164475e-04	1.128945e-02	2.212291e-01	2.243611e-02
2.489146e-04	1.212564e-02	2.375637e-01	2.406005e-02
2.862518e-04	1.302231e-02	2.547006e-01	2.580153e-02
3.291895e-04	1.398386e-02	2.731445e-01	2.766906e-02
3.785680e-04	1.501499e-02	2.914508e-01	2.967176e-02
4.353531e-04	1.612072e-02	3.113391e-01	3.181941e-02
5.006561e-04	1.730647e-02	3.308485e-01	3.412252e-02
5.757545e-04	1.857802e-02	3.507347e-01	3.659233e-02
6.621177e-04	1.994159e-02	3.717029e-01	3.924090e-02
7.614354e-04	2.140383e-02	3.924058e-01	4.208118e-02
8.756507e-04	2.297190e-02	4.144393e-01	4.512703e-02
1.006998e-03	2.465345e-02	4.341442e-01	4.839335e-02
1.158048e-03	2.645670e-02	4.549272e-01	5.189609e-02
1.331755e-03	2.839046e-02	4.767770e-01	5.565235e-02
1.531519e-03	3.046417e-02	4.977779e-01	5.968050e-02
1.761246e-03	3.268796e-02	5.186829e-01	6.400021e-02
2.025433e-03	3.507271e-02	5.370678e-01	6.863258e-02
2.329248e-03	3.763005e-02	5.556699e-01	7.360024e-02
2.678635e-03	4.037249e-02	5.745997e-01	7.892746e-02
3.080431e-03	4.331342e-02	5.922457e-01	8.464027e-02
3.542495e-03	4.646720e-02	6.089834e-01	9.076658e-02
4.073870e-03	4.984925e-02	6.240460e-01	9.733632e-02
4.684950e-03	5.347609e-02	6.379794e-01	1.043816e-01
5.387693e-03	5.736544e-02	6.509863e-01	1.118811e-01
6.195847e-03	6.153629e-02	6.618845e-01	1.200206e-01
7.125224e-03	6.600902e-02	6.722166e-01	1.287307e-01
8.194007e-03	7.080549e-02	6.812306e-01	1.380478e-01
9.423108e-03	7.594913e-02	6.883197e-01	1.480394e-01
1.083657e-02	8.146505e-02	6.943287e-01	1.587546e-01
1.246206e-02	8.738023e-02	6.992483e-01	1.702450e-01
1.433137e-02	9.372354e-02	7.029865e-01	1.825672e-01
1.648108e-02	1.005260e-01	7.058408e-01	1.957812e-01
1.895324e-02	1.078208e-01	7.060381e-01	2.099518e-01
2.179622e-02	1.156436e-01	7.051960e-01	2.251480e-01
2.506566e-02	1.240326e-01	7.028187e-01	2.414441e-01
2.882550e-02	1.330288e-01	6.989012e-01	2.589196e-01
3.314933e-02	1.426762e-01	6.935733e-01	2.776602e-01
3.812173e-02	1.530218e-01	6.859979e-01	2.977572e-01
4.383999e-02	1.641163e-01	6.769311e-01	3.193088e-01
5.041599e-02	1.760137e-01	6.659203e-01	3.424203e-01
5.797838e-02	1.887724e-01	6.532869e-01	3.672045e-01
6.667514e-02	2.024545e-01	6.387755e-01	3.937828e-01
7.667641e-02	2.171269e-01	6.227646e-01	4.222849e-01
8.817787e-02	2.328613e-01	6.049781e-01	4.528499e-01
1.014046e-01	2.497346e-01	5.866867e-01	4.856270e-01
1.166152e-01	2.678291e-01	5.666107e-01	5.207767e-01
1.341075e-01	2.872334e-01	5.447081e-01	5.584707e-01
1.542237e-01	3.080421e-01	5.220913e-01	5.988930e-01
1.773572e-01	3.303570e-01	4.986594e-01	6.422408e-01
2.039608e-01	3.542871e-01	4.760058e-01	6.887261e-01
2.345549e-01	3.799492e-01	4.523223e-01	7.385763e-01
2.697381e-01	4.074688e-01	4.274136e-01	7.920349e-01
3.101989e-01	4.369802e-01	4.026466e-01	8.493625e-01
3.567287e-01	4.686277e-01	3.782076e-01	9.108399e-01
4.102380e-01	5.025659e-01	3.543528e-01	9.767653e-01
4.717737e-01	5.389605e-01	3.312778e-01	1.047463e+00
5.425397e-01	5.779901e-01	3.084370e-01	1.123304e+00
6.239207e-01	6.198463e-01	2.871615e-01	1.205199e+00
7.175088e-01	6.647321e-01	2.661076e-01	1.293898e+00
8.251351e-01	7.128667e-01	2.456073e-01	1.390000e+00
9.489054e-01	7.644853e-01	2.274808e-01	1.494224e+00
1.091241e+00	8.198401e-01	2.098055e-01	1.607383e+00
1.254927e+00	8.792017e-01	1.926016e-01	1.730419e+00
1.443166e+00	9.333733e-01	1.778151e-01	1.864436e+00
1.659641e+00	9.959352e-01	1.642235e-01	2.010746e+00
1.908588e+00	1.086693e+00	1.527359e-01	2.170929e+00
2.194876e+00	1.186528e+00	1.395252e-01	2.246070e+00
2.524107e+00	1.296649e+00	1.243329e-01	2.257542e+00
2.902723e+00	1.414975e+00	1.112541e-01	2.267531e+00
3.338132e+00	1.547501e+00	9.899265e-02	2.277268e+00
3.838852e+00	1.691572e+00	8.976337e-02	2.288196e+00
4.414679e+00	1.849427e+00	8.047613e-02	2.302086e+00
5.076881e+00	2.024552e+00	7.261133e-02	2.321032e+00
5.838413e+00	2.199115e+00	6.568206e-02	2.347422e+00
6.714175e+00	2.393865e+00	5.891238e-02	2.383995e+00
7.721302e+00	2.607829e+00	5.309797e-02	2.433857e+00
8.879497e+00	2.822292e+00	4.737938e-02	2.500492e+00
1.021142e+01	3.048612e+00	4.292580e-02	2.587766e+00
1.174313e+01	3.244444e+00	3.863696e-02	2.699930e+00
1.350460e+01	3.445598e+00	3.441644e-02	2.841580e+00
1.553030e+01	3.628073e+00	3.059157e-02	3.017723e+00
1.785984e+01	3.803788e+00	2.728312e-02	3.233777e+00
2.053882e+01	3.986748e+00	2.453110e-02	3.495680e+00
2.361964e+01	4.135195e+00	2.197988e-02	3.810094e+00
2.716258e+01	4.282427e+00	1.950647e-02	4.184687e+00
3.123697e+01	4.412131e+00	1.724960e-02	4.628584e+00
3.592252e+01	4.519869e+00	1.533121e-02	5.152857e+00
4.131089e+01	4.622768e+00	1.359908e-02	5.771166e+00
4.750753e+01	4.684093e+00	1.210610e-02	6.500519e+00
5.463366e+01	4.724191e+00	1.073380e-02	7.362172e+00
6.282871e+01	4.729853e+00	9.563089e-03	8.382725e+00
7.225301e+01	4.726520e+00	8.503653e-03	9.595474e+00
8.309096e+01	4.713567e+00	7.513565e-03	1.104213e+01
9.555461e+01	4.659852e+00	6.729073e-03	1.277515e+01
1.098878e+02	5.472167e+00	5.995699e-03	1.485902e+01
1.263710e+02	5.190487e+00	5.314129e-03	1.737767e+01
1.453266e+02	4.923160e+00	4.707395e-03	2.044520e+01
1.671256e+02	4.649465e+00	4.119768e-03	2.418229e+01
1.921945e+02	4.374835e+00	3.687569e-03	2.875261e+01
2.210236e+02	4.099134e+00	3.270801e-03	3.436901e+01
2.541772e+02	3.829625e+00	2.889638e-03	4.130178e+01
2.923037e+02	3.567734e+00	2.555953e-03	4.988859e+01
3.361493e+02	3.309641e+00	2.232682e-03	6.057897e+01
3.865717e+02	3.060506e+00	1.982267e-03	7.398221e+01
4.445574e+02	2.828456e+00	1.736460e-03	9.083650e+01
5.112411e+02	2.622360e+00	1.533411e-03	1.119833e+02
5.879272e+02	2.424359e+00	1.363502e-03	1.385538e+02
6.761163e+02	2.233659e+00	1.199271e-03	1.720713e+02
7.775337e+02	2.051370e+00	1.063088e-03	2.145035e+02
8.941638e+02	1.878242e+00	9.324524e-04	2.683934e+02
1.028288e+03	1.715207e+00	8.319857e-04	3.370021e+02
1.182532e+03	1.561475e+00	7.381853e-04	4.245602e+02
1.359911e+03	1.417215e+00	6.472596e-04	5.366191e+02
1.563898e+03	1.283540e+00	5.650105e-04	6.802607e+02
1.798483e+03	1.163058e+00	4.978275e-04	8.643230e+02
2.068255e+03	1.051960e+00	4.413185e-04	1.100072e+03
2.378493e+03	9.503698e-01	3.905769e-04	1.402211e+03
2.735268e+03	8.582344e-01	3.419034e-04	1.789455e+03
3.145558e+03	7.747771e-01	2.973266e-04	2.285646e+03
3.617391e+03	6.991529e-01	2.612585e-04	2.921017e+03
4.160000e+03	6.311026e-01	2.281266e-04	3.733765e+03
4.784000e+03	5.703644e-01	2.006821e-04	4.772018e+03
5.501600e+03	5.161128e-01	1.756708e-04	6.096148e+03
6.326840e+03	4.676852e-01	1.542858e-04	7.781491e+03
7.275866e+03	4.247436e-01	1.355862e-04	9.921622e+03
8.367246e+03	3.867475e-01	1.178983e-04	1.263208e+04
9.622333e+03	3.530971e-01	1.045529e-04	1.605465e+04
