# Energy_MeV	dEdx_Elec_MeV_um	dEdx_Nucl_MeV_um	Range_um
1.000000e-05	4.922579e-03	3.398047e-02	4.062911e-03
1.150000e-05	2.646567e-03	3.742890e-02	4.356986e-03
1.322500e-05	2.866517e-03	4.122563e-02	4.672347e-03
1.520875e-05	3.102117e-03	4.535212e-02	5.010534e-03
1.749006e-05	3.354526e-03	4.996041e-02	5.373200e-03
2.011357e-05	3.624983e-03	5.475668e-02	5.762115e-03
2.313061e-05	3.914812e-03	6.008990e-02	6.179180e-03
2.660020e-05	4.225435e-03	6.592036e-02	6.626432e-03
3.059023e-05	4.558372e-03	7.219381e-02	7.106056e-03
3.517876e-05	4.915253e-03	7.918086e-02	7.620397e-03
4.045558e-05	5.297822e-03	8.649022e-02	8.171965e-03
4.652391e-05	5.707952e-03	9.462127e-02	8.763456e-03
5.350250e-05	6.147647e-03	1.031887e-01	9.397760e-03
6.152788e-05	6.619058e-03	1.123016e-01	1.007797e-02
7.075706e-05	7.124487e-03	1.223511e-01	1.080742e-02
8.137062e-05	7.666406e-03	1.328764e-01	1.158967e-02
9.357621e-05	8.247463e-03	1.444393e-01	1.242854e-02
1.076126e-04	8.870497e-03	1.561389e-01	1.332812e-02
1.237545e-04	9.538553e-03	1.690033e-01	1.429282e-02
1.423177e-04	1.025490e-02	1.829508e-01	1.532734e-02
1.636654e-04	1.102302e-02	1.976692e-01	1.643674e-02
1.882152e-04	1.184669e-02	2.131978e-01	1.762644e-02
2.164475e-04	1.272992e-02	2.289169e-01	1.890225e-02
2.489146e-04	1.367703e-02	2.459117e-01	2.027041e-02
2.862518e-04	1.469264e-02	2.640592e-01	2.173759e-02
3.291895e-04	1.578172e-02	2.830350e-01	2.331097e-02
3.785680e-04	1.694959e-02	3.027365e-01	2.499823e-02
4.353531e-04	1.820196e-02	3.230567e-01	2.680761e-02
5.006561e-04	1.954493e-02	3.438659e-01	2.874796e-02
5.757545e-04	2.098508e-02	3.654470e-01	3.082875e-02
6.621177e-04	2.252944e-02	3.870273e-01	3.306016e-02
7.614354e-04	2.418555e-02	4.093546e-01	3.545307e-02
8.756507e-04	2.596150e-02	4.322223e-01	3.801918e-02
1.006998e-03	2.786598e-02	4.538437e-01	4.077103e-02
1.158048e-03	2.990828e-02	4.761915e-01	4.372206e-02
1.331755e-03	3.209838e-02	4.989525e-01	4.688668e-02
1.531519e-03	3.444699e-02	5.210638e-01	5.028036e-02
1.761246e-03	3.696557e-02	5.443901e-01	5.391968e-02
2.025433e-03	3.966642e-02	5.641501e-01	5.782242e-02
2.329248e-03	4.256276e-02	5.846788e-01	6.200764e-02
2.678635e-03	4.566871e-02	6.047337e-01	6.649578e-02
3.080431e-03	4.899947e-02	6.233098e-01	7.130878e-02
3.542495e-03	5.257129e-02	6.425298e-01	7.647015e-02
4.073870e-03	5.640163e-02	6.584623e-01	8.200510e-02
4.684950e-03	6.050920e-02	6.747607e-01	8.789583e-02
5.387693e-03	6.491408e-02	6.886411e-01	9.429270e-02
6.195847e-03	6.963776e-02	7.007363e-01	1.011344e-01
7.125224e-03	7.470335e-02	7.126312e-01	1.084543e-01
8.194007e-03	8.013557e-02	7.222138e-01	1.163039e-01
9.423108e-03	8.596098e-02	7.314052e-01	1.247220e-01
1.083657e-02	9.220802e-02	7.377089e-01	1.337493e-01
1.246206e-02	9.890722e-02	7.434098e-01	1.434299e-01
1.433137e-02	1.060913e-01	7.481940e-01	1.538112e-01
1.648108e-02	1.137954e-01	7.515494e-01	1.649440e-01
1.895324e-02	1.220571e-01	7.530318e-01	1.768826e-01
2.179622e-02	1.309167e-01	7.524353e-01	1.896853e-01
2.506566e-02	1.404177e-01	7.505290e-01	2.034146e-01
2.882550e-02	1.506063e-01	7.471747e-01	2.181377e-01
3.314933e-02	1.615323e-01	7.421411e-01	2.339265e-01
3.812173e-02	1.732492e-01	7.350185e-01	2.508580e-01
4.383999e-02	1.858142e-01	7.260018e-01	2.690150e-01
5.041599e-02	1.992886e-01	7.150948e-01	2.884862e-01
5.797838e-02	2.137383e-01	7.023779e-01	3.093669e-01
6.667514e-02	2.292339e-01	6.877306e-01	3.317589e-01
7.667641e-02	2.458510e-01	6.712809e-01	3.557716e-01
8.817787e-02	2.636709e-01	6.530101e-01	3.815222e-01
1.014046e-01	2.827806e-01	6.339922e-01	4.091368e-01
1.166152e-01	3.032735e-01	6.131055e-01	4.387503e-01
1.341075e-01	3.252497e-01	5.903929e-01	4.705072e-01
1.542237e-01	3.488165e-01	5.671371e-01	5.045624e-01
1.773572e-01	3.740891e-01	5.417355e-01	5.410826e-01
2.039608e-01	4.011909e-01	5.180516e-01	5.802464e-01
2.345549e-01	4.302544e-01	4.926493e-01	6.222449e-01
2.697381e-01	4.614215e-01	4.663258e-01	6.672830e-01
3.101989e-01	4.948445e-01	4.408279e-01	7.155814e-01
3.567287e-01	5.306867e-01	4.135754e-01	7.673746e-01
4.102380e-01	5.691231e-01	3.888690e-01	8.229152e-01
4.717737e-01	6.103427e-01	3.629408e-01	8.825045e-01
5.425397e-01	6.545478e-01	3.385768e-01	9.468644e-01
6.239207e-01	7.019525e-01	3.160348e-01	1.016570e+00
7.175088e-01	7.527883e-01	2.925526e-01	1.092098e+00
8.251351e-01	8.073037e-01	2.713878e-01	1.174010e+00
9.489054e-01	8.657650e-01	2.499753e-01	1.262948e+00
1.091241e+00	9.284579e-01	2.315760e-01	1.359655e+00
1.254927e+00	9.864326e-01	2.131892e-01	1.464999e+00
1.443166e+00	1.054799e+00	1.958349e-01	1.580016e+00
1.659641e+00	1.152453e+00	1.807095e-01	1.705952e+00
1.908588e+00	1.259041e+00	1.680839e-01	1.844332e+00
2.194876e+00	1.376387e+00	1.547788e-01	1.877160e+00
2.524107e+00	1.501142e+00	1.394779e-01	1.873555e+00
2.902723e+00	1.640781e+00	1.242631e-01	1.869944e+00
3.338132e+00	1.793054e+00	1.105348e-01	1.867585e+00
3.838852e+00	1.959901e+00	9.972876e-02	1.867926e+00
4.414679e+00	2.145837e+00	8.974489e-02	1.872547e+00
5.076881e+00	2.335591e+00	8.106638e-02	1.883411e+00
5.838413e+00	2.549073e+00	7.294766e-02	1.902608e+00
6.714175e+00	2.786180e+00	6.570226e-02	1.932486e+00
7.721302e+00	3.029621e+00	5.916701e-02	1.975647e+00
8.879497e+00	3.292596e+00	5.283616e-02	2.034941e+00
1.021142e+01	3.527513e+00	4.785825e-02	2.113464e+00
1.174313e+01	3.769989e+00	4.300129e-02	2.214549e+00
1.350460e+01	3.996659e+00	3.840607e-02	2.341758e+00
1.553030e+01	4.215907e+00	3.441781e-02	2.498923e+00
1.785984e+01	4.445553e+00	3.038339e-02	2.690232e+00
2.053882e+01	4.638827e+00	2.745207e-02	2.920341e+00
2.361964e+01	4.830913e+00	2.450863e-02	3.194618e+00
2.716258e+01	5.007273e+00	2.177721e-02	3.519423e+00
3.123697e+01	5.158280e+00	1.945531e-02	3.902499e+00
3.592252e+01	5.306562e+00	1.710826e-02	4.353399e+00
4.131089e+01	5.409316e+00	1.530836e-02	4.884015e+00
4.750753e+01	5.485013e+00	1.351894e-02	5.509188e+00
5.463366e+01	5.522479e+00	1.199650e-02	6.247467e+00
6.282871e+01	5.551228e+00	1.074226e-02	7.122001e+00
7.225301e+01	5.570125e+00	9.491804e-03	8.161715e+00
8.309096e+01	5.539258e+00	8.473613e-03	9.402909e+00
9.555461e+01	6.535975e+00	7.492438e-03	1.088986e+01
1.098878e+02	6.225112e+00	6.710976e-03	1.268060e+01
1.263710e+02	5.926896e+00	5.976074e-03	1.485343e+01
1.453266e+02	5.617071e+00	5.283719e-03	1.748992e+01
1.671256e+02	5.303657e+00	4.635271e-03	2.070161e+01
1.921945e+02	4.986540e+00	4.116368e-03	2.463301e+01
2.210236e+02	4.674989e+00	3.664063e-03	2.946684e+01
2.541772e+02	4.370295e+00	3.254369e-03	3.543063e+01
2.923037e+02	4.068694e+00	2.872800e-03	4.282796e+01
3.361493e+02	3.776728e+00	2.511308e-03	5.206939e+01
3.865717e+02	3.504724e+00	2.223367e-03	6.364718e+01
4.445574e+02	3.262118e+00	1.951554e-03	7.811942e+01
5.112411e+02	3.027714e+00	1.729308e-03	9.624175e+01
5.879272e+02	2.800362e+00	1.525957e-03	1.190299e+02
6.761163e+02	2.581639e+00	1.347106e-03	1.477947e+02
7.775337e+02	2.372518e+00	1.193848e-03	1.842284e+02
8.941638e+02	2.174311e+00	1.044539e-03	2.305000e+02
1.028288e+03	1.986014e+00	9.343385e-04	2.894253e+02
1.182532e+03	1.808131e+00	8.267885e-04	3.646998e+02
1.359911e+03	1.642471e+00	7.256742e-04	4.610325e+02
1.563898e+03	1.492332e+00	6.412517e-04	5.842995e+02
1.798483e+03	1.353185e+00	5.565130e-04	7.420073e+02
2.068255e+03	1.225292e+00	4.972211e-04	9.439591e+02
2.378493e+03	1.108614e+00	4.379939e-04	1.202637e+03
2.735268e+03	1.002401e+00	3.831244e-04	1.533953e+03
3.145558e+03	9.058883e-01	3.380648e-04	1.958094e+03
3.617391e+03	8.187659e-01	2.927282e-04	2.500569e+03
4.160000e+03	7.406933e-01	2.587211e-04	3.193534e+03
4.784000e+03	6.708112e-01	2.253869e-04	4.077319e+03
5.501600e+03	6.083659e-01	1.970987e-04	5.202249e+03
6.326840e+03	5.528738e-01	1.744826e-04	6.630812e+03
7.275866e+03	5.036548e-01	1.519370e-04	8.440148e+03
8.367246e+03	4.600024e-01	1.339814e-04	1.072487e+04
9.622333e+03	4.215521e-01	1.170100e-04	1.360021e+04
