# Energy_MeV	dEdx_Elec_MeV_um	dEdx_Nucl_MeV_um	Range_um
1.000000e-05	2.062465e-03	3.252839e-02	5.479353e-03
1.150000e-05	2.228349e-03	3.584436e-02	5.875952e-03
1.322500e-05	2.406120e-03	3.945145e-02	6.301256e-03
1.520875e-05	2.596650e-03	4.336043e-02	6.757344e-03
1.749006e-05	2.800872e-03	4.752510e-02	7.246445e-03
2.011357e-05	3.019785e-03	5.210611e-02	7.770946e-03
2.313061e-05	3.254459e-03	5.716949e-02	8.333411e-03
2.660020e-05	3.506042e-03	6.265949e-02	8.936588e-03
3.059023e-05	3.775765e-03	6.856367e-02	9.583423e-03
3.517876e-05	4.064945e-03	7.495895e-02	1.027708e-02
4.045558e-05	4.374997e-03	8.179689e-02	1.102094e-02
4.652391e-05	4.707435e-03	8.920453e-02	1.181864e-02
5.350250e-05	5.063884e-03	9.709348e-02	1.267408e-02
6.152788e-05	5.446087e-03	1.056027e-01	1.359143e-02
7.075706e-05	5.855909e-03	1.148163e-01	1.457519e-02
8.137062e-05	6.295355e-03	1.242752e-01	1.563015e-02
9.357621e-05	6.766571e-03	1.345265e-01	1.676147e-02
1.076126e-04	7.271859e-03	1.456666e-01	1.797467e-02
1.237545e-04	7.813689e-03	1.573750e-01	1.927569e-02
1.423177e-04	8.394707e-03	1.701297e-01	2.067087e-02
1.636654e-04	9.017751e-03	1.827657e-01	2.216704e-02
1.882152e-04	9.685866e-03	1.964219e-01	2.377150e-02
2.164475e-04	1.040232e-02	2.110699e-01	2.549210e-02
2.489146e-04	1.117060e-02	2.261549e-01	2.733723e-02
2.862518e-04	1.199448e-02	2.424499e-01	2.931591e-02
3.291895e-04	1.287796e-02	2.586218e-01	3.143781e-02
3.785680e-04	1.382538e-02	2.760263e-01	3.371330e-02
4.353531e-04	1.484136e-02	2.935229e-01	3.615348e-02
5.006561e-04	1.593085e-02	3.108946e-01	3.877029e-02
5.757545e-04	1.709919e-02	3.294623e-01	4.157650e-02
6.621177e-04	1.835209e-02	3.476857e-01	4.458583e-02
7.614354e-04	1.969565e-02	3.667053e-01	4.781298e-02
8.756507e-04	2.113646e-02	3.843787e-01	5.127371e-02
1.006998e-03	2.268153e-02	4.026329e-01	5.498493e-02
1.158048e-03	2.433844e-02	4.216700e-01	5.896477e-02
1.331755e-03	2.611526e-02	4.405065e-01	6.323267e-02
1.531519e-03	2.802067e-02	4.582108e-01	6.780948e-02
1.761246e-03	3.006400e-02	4.747013e-01	7.271757e-02
2.025433e-03	3.225522e-02	4.908980e-01	7.798090e-02
2.329248e-03	3.460503e-02	5.072905e-01	8.362520e-02
2.678635e-03	3.712491e-02	5.231187e-01	8.967804e-02
3.080431e-03	3.982718e-02	5.372173e-01	9.616898e-02
3.542495e-03	4.272503e-02	5.507275e-01	1.031297e-01
4.073870e-03	4.583263e-02	5.625652e-01	1.105943e-01
4.684950e-03	4.916516e-02	5.736609e-01	1.185992e-01
5.387693e-03	5.273888e-02	5.834361e-01	1.271383e-01
6.195847e-03	5.657128e-02	5.921084e-01	1.363649e-01
7.125224e-03	6.068105e-02	6.001941e-01	1.462656e-01
8.194007e-03	6.508830e-02	6.059504e-01	1.568507e-01
9.423108e-03	6.981454e-02	6.110660e-01	1.682037e-01
1.083657e-02	7.488286e-02	6.154776e-01	1.803782e-01
1.246206e-02	8.031803e-02	6.185054e-01	1.934338e-01
1.433137e-02	8.614659e-02	6.207843e-01	2.074344e-01
1.648108e-02	9.239703e-02	6.207274e-01	2.224483e-01
1.895324e-02	9.909987e-02	6.197701e-01	2.385490e-01
2.179622e-02	1.062879e-01	6.176382e-01	2.558151e-01
2.506566e-02	1.139961e-01	6.139369e-01	2.743309e-01
2.882550e-02	1.222623e-01	6.089961e-01	2.941867e-01
3.314933e-02	1.311268e-01	6.021261e-01	3.154798e-01
3.812173e-02	1.406330e-01	5.939116e-01	3.383142e-01
4.383999e-02	1.508271e-01	5.840378e-01	3.628014e-01
5.041599e-02	1.617592e-01	5.727093e-01	3.890609e-01
5.797838e-02	1.734825e-01	5.597098e-01	4.172209e-01
6.667514e-02	1.860543e-01	5.454497e-01	4.474193e-01
7.667641e-02	1.995361e-01	5.297926e-01	4.798036e-01
8.817787e-02	2.139937e-01	5.133884e-01	5.145318e-01
1.014046e-01	2.294978e-01	4.955655e-01	5.517736e-01
1.166152e-01	2.461240e-01	4.762918e-01	5.917108e-01
1.341075e-01	2.639537e-01	4.560076e-01	6.345389e-01
1.542237e-01	2.830739e-01	4.357966e-01	6.804671e-01
1.773572e-01	3.035780e-01	4.154785e-01	7.297195e-01
2.039608e-01	3.255662e-01	3.946587e-01	7.825365e-01
2.345549e-01	3.491459e-01	3.729043e-01	8.391765e-01
2.697381e-01	3.744324e-01	3.506904e-01	8.999164e-01
3.101989e-01	4.015490e-01	3.297488e-01	9.650527e-01
3.567287e-01	4.306284e-01	3.083537e-01	1.034904e+00
4.102380e-01	4.618126e-01	2.884426e-01	1.109808e+00
4.717737e-01	4.952540e-01	2.687042e-01	1.190141e+00
5.425397e-01	5.311161e-01	2.496224e-01	1.276282e+00
6.239207e-01	5.695755e-01	2.315753e-01	1.369203e+00
7.175088e-01	6.108186e-01	2.131884e-01	1.469844e+00
8.251351e-01	6.550469e-01	1.978636e-01	1.578867e+00
9.489054e-01	7.024765e-01	1.824662e-01	1.697088e+00
1.091241e+00	7.533391e-01	1.670386e-01	1.825423e+00
1.254927e+00	8.078832e-01	1.545635e-01	1.964927e+00
1.443166e+00	8.585791e-01	1.430546e-01	2.116838e+00
1.659641e+00	9.120634e-01	1.327532e-01	2.282624e+00
1.908588e+00	9.944889e-01	1.209065e-01	2.400247e+00
2.194876e+00	1.086727e+00	1.072829e-01	2.431231e+00
2.524107e+00	1.188075e+00	9.620598e-02	2.459584e+00
2.902723e+00	1.298355e+00	8.577511e-02	2.486248e+00
3.338132e+00	1.421866e+00	7.775894e-02	2.512366e+00
3.838852e+00	1.554386e+00	6.983796e-02	2.539551e+00
4.414679e+00	1.700768e+00	6.278393e-02	2.569696e+00
5.076881e+00	1.860333e+00	5.690539e-02	2.605079e+00
5.838413e+00	2.017160e+00	5.098881e-02	2.648407e+00
6.714175e+00	2.187532e+00	4.594698e-02	2.702849e+00
7.721302e+00	2.370790e+00	4.113555e-02	2.772063e+00
8.879497e+00	2.555907e+00	3.714063e-02	2.860213e+00
1.021142e+01	2.739240e+00	3.343964e-02	2.971994e+00
1.174313e+01	2.900742e+00	2.981128e-02	3.112583e+00
1.350460e+01	3.065326e+00	2.638022e-02	3.287759e+00
1.553030e+01	3.204954e+00	2.366533e-02	3.503798e+00
1.785984e+01	3.343573e+00	2.119664e-02	3.767577e+00
2.053882e+01	3.482936e+00	1.900964e-02	4.086696e+00
2.361964e+01	3.596236e+00	1.688583e-02	4.469697e+00
2.716258e+01	3.708269e+00	1.486131e-02	4.926456e+00
3.123697e+01	3.796805e+00	1.327684e-02	5.468671e+00
3.592252e+01	3.871593e+00	1.172317e-02	6.110528e+00
4.131089e+01	3.938113e+00	1.046674e-02	6.869531e+00
4.750753e+01	3.968136e+00	9.300450e-03	7.767463e+00
5.463366e+01	3.985078e+00	8.256961e-03	8.831590e+00
6.282871e+01	3.967583e+00	7.360714e-03	1.009612e+01
7.225301e+01	3.942199e+00	6.472630e-03	1.160397e+01
8.309096e+01	3.909815e+00	5.824997e-03	1.340916e+01
9.555461e+01	3.843286e+00	5.192263e-03	1.557958e+01
1.098878e+02	4.444182e+00	4.581066e-03	1.820014e+01
1.263710e+02	4.193630e+00	4.062913e-03	2.137828e+01
1.453266e+02	3.962564e+00	3.558436e-03	2.526398e+01
1.671256e+02	3.729288e+00	3.189240e-03	3.001990e+01
1.921945e+02	3.496985e+00	2.831416e-03	3.585958e+01
2.210236e+02	3.265194e+00	2.489610e-03	4.306419e+01
2.541772e+02	3.039371e+00	2.204909e-03	5.199368e+01
2.923037e+02	2.821495e+00	1.927619e-03	6.309801e+01
3.361493e+02	2.608290e+00	1.711133e-03	7.697060e+01
3.865717e+02	2.402503e+00	1.502996e-03	9.442050e+01
4.445574e+02	2.208926e+00	1.321127e-03	1.164521e+02
5.112411e+02	2.039831e+00	1.177965e-03	1.442130e+02
5.879272e+02	1.878444e+00	1.034917e-03	1.792077e+02
6.761163e+02	1.724131e+00	9.172632e-04	2.234815e+02
7.775337e+02	1.577518e+00	8.080576e-04	2.796797e+02
8.941638e+02	1.439160e+00	7.179353e-04	3.512259e+02
1.028288e+03	1.309726e+00	6.373447e-04	4.425124e+02
1.182532e+03	1.188728e+00	5.594322e-04	5.592193e+02
1.359911e+03	1.075760e+00	4.856932e-04	7.088009e+02
1.563898e+03	9.716759e-01	4.310711e-04	9.008079e+02
1.798483e+03	8.780287e-01	3.803788e-04	1.147172e+03
2.068255e+03	7.923960e-01	3.370631e-04	1.463003e+03
2.378493e+03	7.144047e-01	2.953767e-04	1.868009e+03
2.735268e+03	6.440059e-01	2.558817e-04	2.387323e+03
3.145558e+03	5.805680e-01	2.258247e-04	3.052933e+03
3.617391e+03	5.232525e-01	1.961060e-04	3.905415e+03
4.160000e+03	4.717565e-01	1.731360e-04	4.996035e+03
4.784000e+03	4.259280e-01	1.519508e-04	6.389413e+03
5.501600e+03	3.850961e-01	1.330806e-04	8.166662e+03
6.326840e+03	3.486611e-01	1.171386e-04	1.042908e+04
7.275866e+03	3.163810e-01	1.013586e-04	1.330261e+04
8.367246e+03	2.878778e-01	9.033530e-05	1.694290e+04
9.622333e+03	2.626632e-01	7.953413e-05	2.154118e+04
