# Energy_MeV	dEdx_Elec_MeV_um	dEdx_Nucl_MeV_um	Range_um
1.000000e-05	4.988376e-03	2.597712e-02	4.009321e-03
1.150000e-05	5.349437e-03	2.751969e-02	4.299518e-03
1.322500e-05	5.736632e-03	3.039805e-02	4.610719e-03
1.520875e-05	6.151853e-03	3.375785e-02	4.944445e-03
1.749006e-05	6.597127e-03	3.739634e-02	5.302327e-03
2.011357e-05	7.074631e-03	4.153796e-02	5.686112e-03
2.313061e-05	7.586696e-03	4.612769e-02	6.097676e-03
2.660020e-05	8.135825e-03	5.110004e-02	6.539029e-03
3.059023e-05	8.724701e-03	5.663248e-02	7.012327e-03
3.517876e-05	9.356199e-03	6.269604e-02	7.519883e-03
4.045558e-05	1.003341e-02	6.936292e-02	8.064176e-03
4.652391e-05	1.075963e-02	7.664212e-02	8.647866e-03
5.350250e-05	1.153842e-02	8.463192e-02	9.273803e-03
6.152788e-05	1.237357e-02	9.351131e-02	9.945046e-03
7.075706e-05	1.326918e-02	1.031848e-01	1.066487e-02
8.137062e-05	1.422961e-02	1.134522e-01	1.143680e-02
9.357621e-05	1.525956e-02	1.248010e-01	1.226460e-02
1.076126e-04	1.636405e-02	1.377205e-01	1.315232e-02
1.237545e-04	1.754849e-02	1.514277e-01	1.410429e-02
1.423177e-04	1.881866e-02	1.665086e-01	1.512517e-02
1.636654e-04	2.018076e-02	1.823702e-01	1.621994e-02
1.882152e-04	2.164146e-02	1.997980e-01	1.739395e-02
2.164475e-04	2.320788e-02	2.195515e-01	1.865293e-02
2.489146e-04	2.488768e-02	2.403157e-01	2.000304e-02
2.862518e-04	2.668906e-02	2.630814e-01	2.145087e-02
3.291895e-04	2.862083e-02	2.874518e-01	2.300349e-02
3.785680e-04	3.069242e-02	3.138010e-01	2.466850e-02
4.353531e-04	3.291395e-02	3.420482e-01	2.645402e-02
5.006561e-04	3.529628e-02	3.719416e-01	2.836878e-02
5.757545e-04	3.785104e-02	4.049212e-01	3.042212e-02
6.621177e-04	4.059072e-02	4.398763e-01	3.262409e-02
7.614354e-04	4.352870e-02	4.765997e-01	3.498544e-02
8.756507e-04	4.667933e-02	5.146575e-01	3.751770e-02
1.006998e-03	5.005801e-02	5.576657e-01	4.023326e-02
1.158048e-03	5.368123e-02	6.037156e-01	4.314536e-02
1.331755e-03	5.756671e-02	6.507426e-01	4.626824e-02
1.531519e-03	6.173342e-02	7.005118e-01	4.961716e-02
1.761246e-03	6.620171e-02	7.506094e-01	5.320848e-02
2.025433e-03	7.099343e-02	8.071601e-01	5.705974e-02
2.329248e-03	7.613197e-02	8.667073e-01	6.118975e-02
2.678635e-03	8.164244e-02	9.262403e-01	6.561870e-02
3.080431e-03	8.755176e-02	9.897726e-01	7.036822e-02
3.542495e-03	9.388881e-02	1.054771e+00	7.546151e-02
4.073870e-03	1.006845e-01	1.121433e+00	8.092345e-02
4.684950e-03	1.079721e-01	1.188387e+00	8.678073e-02
5.387693e-03	1.157872e-01	1.256794e+00	9.306197e-02
6.195847e-03	1.241679e-01	1.328718e+00	9.979784e-02
7.125224e-03	1.331553e-01	1.399510e+00	1.070213e-01
8.194007e-03	1.427931e-01	1.465516e+00	1.147675e-01
9.423108e-03	1.531286e-01	1.533551e+00	1.230745e-01
1.083657e-02	1.642121e-01	1.608969e+00	1.319826e-01
1.246206e-02	1.760979e-01	1.677558e+00	1.415356e-01
1.433137e-02	1.888439e-01	1.745924e+00	1.517800e-01
1.648108e-02	2.025126e-01	1.806226e+00	1.626851e-01
1.895324e-02	2.171705e-01	1.866172e+00	1.745206e-01
2.179622e-02	2.328894e-01	1.931523e+00	1.871859e-01
2.506566e-02	2.497461e-01	1.987725e+00	2.007337e-01
2.882550e-02	2.678229e-01	2.042133e+00	2.152625e-01
3.314933e-02	2.872080e-01	2.091454e+00	2.308432e-01
3.812173e-02	3.079963e-01	2.136968e+00	2.475513e-01
4.383999e-02	3.302892e-01	2.177356e+00	2.654688e-01
5.041599e-02	3.541957e-01	2.212228e+00	2.846832e-01
5.797838e-02	3.798326e-01	2.246403e+00	3.052885e-01
6.667514e-02	4.073251e-01	2.274993e+00	3.273852e-01
7.667641e-02	4.368075e-01	2.297687e+00	3.510811e-01
8.817787e-02	4.684238e-01	2.313731e+00	3.764921e-01
1.014046e-01	5.023286e-01	2.330763e+00	4.037425e-01
1.166152e-01	5.386874e-01	2.343963e+00	4.329654e-01
1.341075e-01	5.776779e-01	2.348877e+00	4.643033e-01
1.542237e-01	6.194905e-01	2.349714e+00	4.979094e-01
1.773572e-01	6.643296e-01	2.343252e+00	5.339479e-01
2.039608e-01	7.124141e-01	2.335022e+00	5.725951e-01
2.345549e-01	7.639790e-01	2.321628e+00	6.140396e-01
2.697381e-01	8.192762e-01	2.300280e+00	6.584838e-01
3.101989e-01	8.785759e-01	2.274112e+00	7.061447e-01
3.567287e-01	9.421677e-01	2.241540e+00	7.572554e-01
4.102380e-01	1.010362e+00	2.203329e+00	8.120658e-01
4.717737e-01	1.083493e+00	2.159429e+00	8.708434e-01
5.425397e-01	1.161917e+00	2.109429e+00	9.338750e-01
6.239207e-01	1.246017e+00	2.053916e+00	1.001469e+00
7.175088e-01	1.336204e+00	1.993947e+00	1.073955e+00
8.251351e-01	1.432919e+00	1.931914e+00	1.151689e+00
9.489054e-01	1.536635e+00	1.864023e+00	1.235048e+00
1.091241e+00	1.647857e+00	1.788305e+00	1.324442e+00
1.254927e+00	1.767130e+00	1.713173e+00	1.420303e+00
1.443166e+00	1.895036e+00	1.634297e+00	1.523103e+00
1.659641e+00	2.026522e+00	1.559342e+00	1.633384e+00
1.908588e+00	2.153007e+00	1.480658e+00	1.752466e+00
2.194876e+00	2.285958e+00	1.394544e+00	1.881441e+00
2.524107e+00	2.425198e+00	1.314406e+00	2.021183e+00
2.902723e+00	2.570342e+00	1.232660e+00	2.172732e+00
3.338132e+00	2.720721e+00	1.153911e+00	2.337276e+00
3.838852e+00	1.439461e+00	1.076595e+00	2.516181e+00
4.414679e+00	1.533102e+00	1.003231e+00	2.711052e+00
5.076881e+00	1.642853e+00	9.340371e-01	2.923799e+00
5.838413e+00	1.801429e+00	8.628284e-01	3.156719e+00
6.714175e+00	1.975804e+00	7.961607e-01	3.412623e+00
7.721302e+00	2.168100e+00	7.354148e-01	3.694999e+00
8.879497e+00	2.371359e+00	6.821787e-01	4.008236e+00
1.021142e+01	2.597203e+00	6.226183e-01	4.357911e+00
1.174313e+01	2.837951e+00	5.707088e-01	4.751181e+00
1.350460e+01	3.096379e+00	5.357653e-01	5.197291e+00
1.553030e+01	3.378546e+00	4.959951e-01	5.708235e+00
1.785984e+01	3.649405e+00	4.502594e-01	6.299599e+00
2.053882e+01	3.951810e+00	3.976633e-01	6.293861e+00
2.361964e+01	4.287834e+00	3.520443e-01	5.936301e+00
2.716258e+01	4.638161e+00	3.193981e-01	5.661149e+00
3.123697e+01	5.017913e+00	2.872190e-01	5.462122e+00
3.592252e+01	5.414074e+00	2.591606e-01	5.334544e+00
4.131089e+01	5.859403e+00	2.331031e-01	5.275028e+00
4.750753e+01	6.351369e+00	2.105463e-01	5.281234e+00
5.463366e+01	6.895502e+00	1.896318e-01	5.351586e+00
6.282871e+01	7.507432e+00	1.693474e-01	5.485671e+00
7.225301e+01	8.122647e+00	1.522733e-01	5.683837e+00
8.309096e+01	8.778662e+00	1.380975e-01	5.947576e+00
9.555461e+01	9.446241e+00	1.243619e-01	6.279771e+00
1.098878e+02	1.010280e+01	1.097794e-01	6.684992e+00
1.263710e+02	1.079969e+01	9.807896e-02	7.169825e+00
1.453266e+02	1.142946e+01	8.735468e-02	7.743232e+00
1.671256e+02	1.203418e+01	7.880608e-02	8.416914e+00
1.921945e+02	1.257063e+01	7.064160e-02	9.205803e+00
2.210236e+02	1.312808e+01	6.208751e-02	1.012862e+01
2.541772e+02	1.371276e+01	5.529804e-02	1.120857e+01
2.923037e+02	1.414262e+01	4.900001e-02	1.247435e+01
3.361493e+02	1.868340e+01	4.351253e-02	1.395993e+01
3.865717e+02	1.840040e+01	3.858031e-02	1.570969e+01
4.445574e+02	1.810479e+01	3.436959e-02	1.778513e+01
5.112411e+02	1.767659e+01	3.071605e-02	2.024110e+01
5.879272e+02	1.716779e+01	2.713971e-02	2.315530e+01
6.761163e+02	1.657945e+01	2.403714e-02	2.662780e+01
7.775337e+02	1.595409e+01	2.142053e-02	3.078177e+01
8.941638e+02	1.529549e+01	1.932254e-02	3.576468e+01
1.028288e+03	1.462134e+01	1.696293e-02	4.177284e+01
1.182532e+03	1.395242e+01	1.485403e-02	4.907228e+01
1.359911e+03	1.331168e+01	1.320474e-02	5.796416e+01
1.563898e+03	1.275653e+01	1.169200e-02	6.876054e+01
1.798483e+03	1.220282e+01	1.053244e-02	8.189165e+01
2.068255e+03	1.163374e+01	9.212844e-03	9.794266e+01
2.378493e+03	1.105779e+01	8.065427e-03	1.176556e+02
2.735268e+03	1.047716e+01	7.149590e-03	1.419739e+02
3.145558e+03	9.897595e+00	6.276988e-03	1.720868e+02
3.617391e+03	9.315583e+00	5.550957e-03	2.095221e+02
4.160000e+03	8.735511e+00	4.888488e-03	2.562769e+02
4.784000e+03	8.166801e+00	4.341154e-03	3.148657e+02
5.501600e+03	7.632039e+00	3.836534e-03	3.883834e+02
6.326840e+03	7.111290e+00	3.365769e-03	4.807674e+02
7.275866e+03	6.609210e+00	2.978911e-03	5.971854e+02
8.367246e+03	6.127874e+00	2.666258e-03	7.442145e+02
9.622333e+03	5.668650e+00	2.364017e-03	9.302513e+02
