# Energy_MeV	dEdx_Elec_MeV_um	dEdx_Nucl_MeV_um	Range_um
1.000000e-05	2.459042e-03	3.388311e-02	4.098240e-03
1.150000e-05	2.665598e-03	3.731661e-02	4.394873e-03
1.322500e-05	2.886811e-03	4.110594e-02	4.712977e-03
1.520875e-05	3.123771e-03	4.523793e-02	5.054104e-03
1.749006e-05	3.377642e-03	4.972570e-02	5.419923e-03
2.011357e-05	3.649668e-03	5.449578e-02	5.812220e-03
2.313061e-05	3.941185e-03	5.977755e-02	6.232911e-03
2.660020e-05	4.253620e-03	6.556099e-02	6.684053e-03
3.059023e-05	4.588502e-03	7.184891e-02	7.167848e-03
3.517876e-05	4.947470e-03	7.863653e-02	7.686661e-03
4.045558e-05	5.332280e-03	8.596347e-02	8.243025e-03
4.652391e-05	5.744815e-03	9.381725e-02	8.839660e-03
5.350250e-05	6.187091e-03	1.023128e-01	9.479479e-03
6.152788e-05	6.661270e-03	1.113508e-01	1.016561e-02
7.075706e-05	7.169670e-03	1.211179e-01	1.090140e-02
8.137062e-05	7.714775e-03	1.316719e-01	1.169045e-02
9.357621e-05	8.299250e-03	1.425182e-01	1.253661e-02
1.076126e-04	8.925951e-03	1.543459e-01	1.344402e-02
1.237545e-04	9.597940e-03	1.671229e-01	1.441710e-02
1.423177e-04	1.031850e-02	1.804640e-01	1.546062e-02
1.636654e-04	1.109115e-02	1.951960e-01	1.657967e-02
1.882152e-04	1.191967e-02	2.095855e-01	1.777971e-02
2.164475e-04	1.280811e-02	2.253700e-01	1.906662e-02
2.489146e-04	1.376080e-02	2.421702e-01	2.044667e-02
2.862518e-04	1.478240e-02	2.593375e-01	2.192661e-02
3.291895e-04	1.587790e-02	2.781844e-01	2.351367e-02
3.785680e-04	1.705265e-02	2.966187e-01	2.521560e-02
4.353531e-04	1.831240e-02	3.166313e-01	2.704072e-02
5.006561e-04	1.966330e-02	3.366673e-01	2.899794e-02
5.757545e-04	2.111194e-02	3.565937e-01	3.109683e-02
6.621177e-04	2.266540e-02	3.780431e-01	3.334764e-02
7.614354e-04	2.433128e-02	3.987827e-01	3.576135e-02
8.756507e-04	2.611771e-02	4.206155e-01	3.834978e-02
1.006998e-03	2.803342e-02	4.408220e-01	4.112556e-02
1.158048e-03	3.008777e-02	4.620302e-01	4.410225e-02
1.331755e-03	3.229079e-02	4.836416e-01	4.729439e-02
1.531519e-03	3.465325e-02	5.051646e-01	5.071758e-02
1.761246e-03	3.718668e-02	5.256009e-01	5.438855e-02
2.025433e-03	3.990348e-02	5.444334e-01	5.832522e-02
2.329248e-03	4.281690e-02	5.633574e-01	6.254683e-02
2.678635e-03	4.594117e-02	5.819220e-01	6.707401e-02
3.080431e-03	4.929158e-02	5.999903e-01	7.192886e-02
3.542495e-03	5.288447e-02	6.163696e-01	7.713511e-02
4.073870e-03	5.673741e-02	6.318058e-01	8.271819e-02
4.684950e-03	6.086922e-02	6.454983e-01	8.868011e-02
5.387693e-03	6.530007e-02	6.582637e-01	9.512852e-02
6.195847e-03	7.005163e-02	6.694302e-01	1.020129e-01
7.125224e-03	7.514710e-02	6.794398e-01	1.093975e-01
8.194007e-03	8.061137e-02	6.886653e-01	1.173153e-01
9.423108e-03	8.647114e-02	6.953301e-01	1.258065e-01
1.083657e-02	9.275504e-02	7.013695e-01	1.349122e-01
1.246206e-02	9.949377e-02	7.064293e-01	1.446771e-01
1.433137e-02	1.067202e-01	7.097476e-01	1.551487e-01
1.648108e-02	1.144698e-01	7.125430e-01	1.663783e-01
1.895324e-02	1.227802e-01	7.123686e-01	1.784206e-01
2.179622e-02	1.316921e-01	7.113995e-01	1.913346e-01
2.506566e-02	1.412491e-01	7.089544e-01	2.051834e-01
2.882550e-02	1.514978e-01	7.046185e-01	2.200345e-01
3.314933e-02	1.624883e-01	6.990583e-01	2.359605e-01
3.812173e-02	1.742744e-01	6.911427e-01	2.530392e-01
4.383999e-02	1.869135e-01	6.817572e-01	2.713542e-01
5.041599e-02	2.004674e-01	6.704301e-01	2.909948e-01
5.797838e-02	2.150023e-01	6.574557e-01	3.120570e-01
6.667514e-02	2.305893e-01	6.425372e-01	3.346436e-01
7.667641e-02	2.473045e-01	6.262288e-01	3.588651e-01
8.817787e-02	2.652296e-01	6.082981e-01	3.848398e-01
1.014046e-01	2.844520e-01	5.895139e-01	4.126946e-01
1.166152e-01	3.050658e-01	5.689428e-01	4.425654e-01
1.341075e-01	3.271716e-01	5.469868e-01	4.745983e-01
1.542237e-01	3.508775e-01	5.237763e-01	5.089498e-01
1.773572e-01	3.762992e-01	5.005542e-01	5.457878e-01
2.039608e-01	4.035609e-01	4.773212e-01	5.852921e-01
2.345549e-01	4.327959e-01	4.531388e-01	6.276555e-01
2.697381e-01	4.641468e-01	4.284286e-01	6.730852e-01
3.101989e-01	4.977670e-01	4.030369e-01	7.218031e-01
3.567287e-01	5.338207e-01	3.788328e-01	7.740508e-01
4.102380e-01	5.724839e-01	3.543629e-01	8.300613e-01
4.717737e-01	6.139477e-01	3.314022e-01	8.902586e-01
5.425397e-01	6.584136e-01	3.087342e-01	9.553941e-01
6.239207e-01	7.060980e-01	2.869111e-01	1.025932e+00
7.175088e-01	7.572338e-01	2.661316e-01	1.102389e+00
8.251351e-01	8.120709e-01	2.451122e-01	1.185336e+00
9.489054e-01	8.708772e-01	2.274804e-01	1.275437e+00
1.091241e+00	9.319882e-01	2.095313e-01	1.373461e+00
1.254927e+00	9.891738e-01	1.918370e-01	1.480315e+00
1.443166e+00	1.066186e+00	1.779081e-01	1.597079e+00
1.659641e+00	1.166218e+00	1.642632e-01	1.725065e+00
1.908588e+00	1.272362e+00	1.524482e-01	1.812598e+00
2.194876e+00	1.390691e+00	1.388609e-01	1.813598e+00
2.524107e+00	1.518165e+00	1.232356e-01	1.813805e+00
2.902723e+00	1.658843e+00	1.108500e-01	1.814305e+00
3.338132e+00	1.815863e+00	9.851290e-02	1.816372e+00
3.838852e+00	1.983492e+00	8.944396e-02	1.821424e+00
4.414679e+00	2.168195e+00	8.028412e-02	1.831215e+00
5.076881e+00	2.361155e+00	7.222071e-02	1.847666e+00
5.838413e+00	2.575447e+00	6.545238e-02	1.872953e+00
6.714175e+00	2.817078e+00	5.856344e-02	1.909506e+00
7.721302e+00	3.047960e+00	5.286465e-02	1.960021e+00
8.879497e+00	3.290858e+00	4.731502e-02	2.027452e+00
1.021142e+01	3.523967e+00	4.275755e-02	2.115009e+00
1.174313e+01	3.740022e+00	3.840730e-02	2.226154e+00
1.350460e+01	3.961027e+00	3.431058e-02	2.364577e+00
1.553030e+01	4.160730e+00	3.039851e-02	2.534326e+00
1.785984e+01	4.363224e+00	2.723099e-02	2.739805e+00
2.053882e+01	4.551151e+00	2.441664e-02	2.985997e+00
2.361964e+01	4.715222e+00	2.183427e-02	3.278695e+00
2.716258e+01	4.878931e+00	1.943797e-02	3.624836e+00
3.123697e+01	5.008577e+00	1.713000e-02	4.032905e+00
3.592252e+01	5.126235e+00	1.527352e-02	4.513411e+00
4.131089e+01	5.220555e+00	1.349955e-02	5.079447e+00
4.750753e+01	5.261381e+00	1.204042e-02	5.747376e+00
5.463366e+01	5.288299e+00	1.069741e-02	6.537646e+00
6.282871e+01	5.305672e+00	9.498083e-03	7.475831e+00
7.225301e+01	5.297126e+00	8.468572e-03	8.593814e+00
8.309096e+01	5.257800e+00	7.454633e-03	9.931966e+00
9.555461e+01	6.074383e+00	6.705284e-03	1.153854e+01
1.098878e+02	5.783545e+00	5.963460e-03	1.348139e+01
1.263710e+02	5.492130e+00	5.262463e-03	1.584276e+01
1.453266e+02	5.193151e+00	4.680907e-03	1.871398e+01
1.671256e+02	4.889799e+00	4.087397e-03	2.222149e+01
1.921945e+02	4.587454e+00	3.672813e-03	2.652762e+01
2.210236e+02	4.292923e+00	3.252012e-03	3.183483e+01
2.541772e+02	4.003703e+00	2.861179e-03	3.840025e+01
2.923037e+02	3.718024e+00	2.540676e-03	4.657330e+01
3.361493e+02	3.443791e+00	2.214199e-03	5.681330e+01
3.865717e+02	3.197104e+00	1.969847e-03	6.965065e+01
4.445574e+02	2.969705e+00	1.728635e-03	8.571438e+01
5.112411e+02	2.749591e+00	1.522582e-03	1.058802e+02
5.879272e+02	2.536929e+00	1.355728e-03	1.312969e+02
6.761163e+02	2.333450e+00	1.188802e-03	1.634493e+02
7.775337e+02	2.139870e+00	1.056070e-03	2.042485e+02
8.941638e+02	1.957113e+00	9.298908e-04	2.561490e+02
1.028288e+03	1.783341e+00	8.271242e-04	3.223590e+02
1.182532e+03	1.620597e+00	7.320982e-04	4.070598e+02
1.359911e+03	1.470855e+00	6.442644e-04	5.155292e+02
1.563898e+03	1.334260e+00	5.601807e-04	6.543632e+02
1.798483e+03	1.208166e+00	4.962545e-04	8.320992e+02
2.068255e+03	1.092823e+00	4.384866e-04	1.059798e+03
2.378493e+03	9.879437e-01	3.871814e-04	1.351518e+03
2.735268e+03	8.926505e-01	3.402073e-04	1.725163e+03
3.145558e+03	8.062498e-01	2.946374e-04	2.203406e+03
3.617391e+03	7.285871e-01	2.598854e-04	2.814874e+03
4.160000e+03	6.591437e-01	2.259602e-04	3.595598e+03
4.784000e+03	5.970193e-01	1.992511e-04	4.590681e+03
5.501600e+03	5.416280e-01	1.748302e-04	5.856326e+03
6.326840e+03	4.925155e-01	1.529256e-04	7.462189e+03
7.275866e+03	4.489710e-01	1.348264e-04	9.494091e+03
8.367246e+03	4.104266e-01	1.167174e-04	1.205706e+04
9.622333e+03	3.765734e-01	1.040365e-04	1.527870e+04
