# Energy_MeV	dEdx_Elec_MeV_um	dEdx_Nucl_MeV_um	Range_um
1.000000e-05	4.751648e-03	2.685872e-02	4.209066e-03
1.150000e-05	5.095575e-03	2.976258e-02	4.513720e-03
1.322500e-05	5.464396e-03	3.305137e-02	4.840426e-03
1.520875e-05	5.859911e-03	3.669911e-02	5.190778e-03
1.749006e-05	6.284055e-03	4.066776e-02	5.566489e-03
2.011357e-05	6.738898e-03	4.506414e-02	5.969395e-03
2.313061e-05	7.226663e-03	4.989908e-02	6.401463e-03
2.660020e-05	7.749733e-03	5.521163e-02	6.864804e-03
3.059023e-05	8.310663e-03	6.099569e-02	7.361682e-03
3.517876e-05	8.912193e-03	6.736562e-02	7.894525e-03
4.045558e-05	9.557262e-03	7.442185e-02	8.465935e-03
4.652391e-05	1.024902e-02	8.214846e-02	9.078703e-03
5.350250e-05	1.099085e-02	9.034842e-02	9.735825e-03
6.152788e-05	1.178637e-02	9.936030e-02	1.044051e-02
7.075706e-05	1.263948e-02	1.096353e-01	1.119620e-02
8.137062e-05	1.355433e-02	1.205890e-01	1.200659e-02
9.357621e-05	1.453540e-02	1.325855e-01	1.287563e-02
1.076126e-04	1.558748e-02	1.452689e-01	1.380757e-02
1.237545e-04	1.671571e-02	1.591080e-01	1.480697e-02
1.423177e-04	1.792560e-02	1.748203e-01	1.587871e-02
1.636654e-04	1.922307e-02	1.914268e-01	1.702802e-02
1.882152e-04	2.061444e-02	2.095299e-01	1.826052e-02
2.164475e-04	2.210653e-02	2.289902e-01	1.958222e-02
2.489146e-04	2.370661e-02	2.499321e-01	2.099959e-02
2.862518e-04	2.542251e-02	2.724986e-01	2.251955e-02
3.291895e-04	2.726260e-02	2.963727e-01	2.414953e-02
3.785680e-04	2.923588e-02	3.226018e-01	2.589749e-02
4.353531e-04	3.135199e-02	3.505380e-01	2.777196e-02
5.006561e-04	3.362127e-02	3.797449e-01	2.978211e-02
5.757545e-04	3.605479e-02	4.102369e-01	3.193776e-02
6.621177e-04	3.866446e-02	4.443889e-01	3.424943e-02
7.614354e-04	4.146301e-02	4.810164e-01	3.672842e-02
8.756507e-04	4.446412e-02	5.187520e-01	3.938684e-02
1.006998e-03	4.768246e-02	5.583484e-01	4.223768e-02
1.158048e-03	5.113374e-02	5.985969e-01	4.529487e-02
1.331755e-03	5.483483e-02	6.435027e-01	4.857333e-02
1.531519e-03	5.880380e-02	6.908761e-01	5.208910e-02
1.761246e-03	6.306005e-02	7.387465e-01	5.585933e-02
2.025433e-03	6.762437e-02	7.892762e-01	5.990246e-02
2.329248e-03	7.251906e-02	8.415054e-01	6.423823e-02
2.678635e-03	7.776803e-02	8.948649e-01	6.888783e-02
3.080431e-03	8.339692e-02	9.481142e-01	7.387397e-02
3.542495e-03	8.943323e-02	1.003011e+00	7.922101e-02
4.073870e-03	9.590646e-02	1.060233e+00	8.495506e-02
4.684950e-03	1.028482e-01	1.117373e+00	9.110416e-02
5.387693e-03	1.102924e-01	1.170651e+00	9.769832e-02
6.195847e-03	1.182755e-01	1.224676e+00	1.047698e-01
7.125224e-03	1.268363e-01	1.284809e+00	1.123531e-01
8.194007e-03	1.360168e-01	1.340373e+00	1.204852e-01
9.423108e-03	1.458617e-01	1.394916e+00	1.292060e-01
1.083657e-02	1.564193e-01	1.443898e+00	1.385580e-01
1.246206e-02	1.677410e-01	1.491500e+00	1.485869e-01
1.433137e-02	1.798822e-01	1.543645e+00	1.593043e-01
1.648108e-02	1.929021e-01	1.589429e+00	1.708800e-01
1.895324e-02	2.068645e-01	1.632815e+00	1.832459e-01
2.179622e-02	2.218375e-01	1.672779e+00	1.965111e-01
2.506566e-02	2.378942e-01	1.709027e+00	2.107338e-01
2.882550e-02	2.551131e-01	1.741860e+00	2.259865e-01
3.314933e-02	2.735783e-01	1.770158e+00	2.423432e-01
3.812173e-02	2.933801e-01	1.797439e+00	2.598839e-01
4.383999e-02	3.146151e-01	1.820793e+00	2.786941e-01
5.041599e-02	3.373871e-01	1.838920e+00	2.988658e-01
5.797838e-02	3.618073e-01	1.852319e+00	3.204975e-01
6.667514e-02	3.879951e-01	1.865843e+00	3.436950e-01
7.667641e-02	4.160784e-01	1.876425e+00	3.685716e-01
8.817787e-02	4.461944e-01	1.881013e+00	3.952487e-01
1.014046e-01	4.784902e-01	1.881754e+00	4.238565e-01
1.166152e-01	5.131235e-01	1.877113e+00	4.545351e-01
1.341075e-01	5.502637e-01	1.870577e+00	4.874344e-01
1.542237e-01	5.900921e-01	1.859997e+00	5.227150e-01
1.773572e-01	6.328033e-01	1.843446e+00	5.605490e-01
2.039608e-01	6.786059e-01	1.822690e+00	6.011213e-01
2.345549e-01	7.277237e-01	1.796995e+00	6.446305e-01
2.697381e-01	7.803968e-01	1.766687e+00	6.912890e-01
3.101989e-01	8.368823e-01	1.731819e+00	7.413247e-01
3.567287e-01	8.974563e-01	1.692085e+00	7.949817e-01
4.102380e-01	9.624146e-01	1.647973e+00	8.525223e-01
4.717737e-01	1.032075e+00	1.600051e+00	9.142282e-01
5.425397e-01	1.106777e+00	1.550383e+00	9.804004e-01
6.239207e-01	1.186886e+00	1.496473e+00	1.051362e+00
7.175088e-01	1.272793e+00	1.436189e+00	1.127460e+00
8.251351e-01	1.364919e+00	1.375798e+00	1.209065e+00
9.489054e-01	1.463712e+00	1.312950e+00	1.296577e+00
1.091241e+00	1.569657e+00	1.252478e+00	1.390430e+00
1.254927e+00	1.683269e+00	1.189997e+00	1.491041e+00
1.443166e+00	1.793683e+00	1.121371e+00	1.599193e+00
1.659641e+00	1.905207e+00	1.056572e+00	1.716231e+00
1.908588e+00	2.022281e+00	9.914557e-01	1.842976e+00
2.194876e+00	2.144688e+00	9.279933e-01	1.980361e+00
2.524107e+00	1.147590e+00	8.664739e-01	2.129412e+00
2.902723e+00	1.230675e+00	8.072614e-01	2.291325e+00
3.338132e+00	1.317229e+00	7.514734e-01	2.467487e+00
3.838852e+00	1.402413e+00	6.947297e-01	2.659528e+00
4.414679e+00	1.518099e+00	6.408561e-01	2.869398e+00
5.076881e+00	1.667068e+00	5.924504e-01	3.099459e+00
5.838413e+00	1.825290e+00	5.490769e-01	3.352622e+00
6.714175e+00	2.000917e+00	5.017811e-01	3.632515e+00
7.721302e+00	2.187685e+00	4.603284e-01	3.943716e+00
8.879497e+00	2.389312e+00	4.309116e-01	4.292073e+00
1.021142e+01	2.611876e+00	3.993308e-01	4.685111e+00
1.174313e+01	2.837137e+00	3.630129e-01	5.132574e+00
1.350460e+01	3.080595e+00	3.212473e-01	5.034654e+00
1.553030e+01	3.326756e+00	2.845815e-01	4.820735e+00
1.785984e+01	3.603290e+00	2.575191e-01	4.649551e+00
2.053882e+01	3.917243e+00	2.318880e-01	4.521595e+00
2.361964e+01	4.241341e+00	2.089735e-01	4.437708e+00
2.716258e+01	4.605612e+00	1.879242e-01	4.399051e+00
3.123697e+01	5.008800e+00	1.697588e-01	4.407006e+00
3.592252e+01	5.439947e+00	1.529735e-01	4.463322e+00
4.131089e+01	5.918026e+00	1.368062e-01	4.569989e+00
4.750753e+01	6.410589e+00	1.228167e-01	4.729258e+00
5.463366e+01	6.930553e+00	1.112293e-01	4.943793e+00
6.282871e+01	7.460584e+00	1.003222e-01	5.216900e+00
7.225301e+01	7.966360e+00	8.867736e-02	5.552810e+00
8.309096e+01	8.499743e+00	7.907364e-02	5.957049e+00
9.555461e+01	8.995668e+00	7.050763e-02	6.436837e+00
1.098878e+02	9.491457e+00	6.348846e-02	7.001476e+00
1.263710e+02	9.975376e+00	5.700520e-02	7.662946e+00
1.453266e+02	1.033810e+01	5.017429e-02	8.436317e+00
1.671256e+02	1.070331e+01	4.459353e-02	9.340425e+00
1.921945e+02	1.107421e+01	3.956965e-02	1.039867e+01
2.210236e+02	1.138504e+01	3.510425e-02	1.163977e+01
2.541772e+02	1.163625e+01	3.117632e-02	1.309981e+01
2.923037e+02	1.484772e+01	2.774472e-02	1.482009e+01
3.361493e+02	1.451812e+01	2.477559e-02	1.686120e+01
3.865717e+02	1.412601e+01	2.192287e-02	1.929240e+01
4.445574e+02	1.366337e+01	1.939662e-02	2.218548e+01
5.112411e+02	1.314717e+01	1.730992e-02	2.564284e+01
5.879272e+02	1.259717e+01	1.558309e-02	2.979389e+01
6.761163e+02	1.203810e+01	1.370937e-02	3.479510e+01
7.775337e+02	1.145503e+01	1.201270e-02	4.084176e+01
8.941638e+02	1.087846e+01	1.066220e-02	4.820108e+01
1.028288e+03	1.030718e+01	9.455473e-03	5.721782e+01
1.182532e+03	9.794920e+00	8.495637e-03	6.826478e+01
1.359911e+03	9.322208e+00	7.447773e-03	8.176972e+01
1.563898e+03	8.845721e+00	6.513377e-03	9.834464e+01
1.798483e+03	8.364413e+00	5.774146e-03	1.187856e+02
2.068255e+03	7.885487e+00	5.077032e-03	1.441103e+02
2.378493e+03	7.409839e+00	4.482815e-03	1.756132e+02
2.735268e+03	6.942633e+00	3.946298e-03	2.149412e+02
3.145558e+03	6.474925e+00	3.500197e-03	2.642412e+02
3.617391e+03	6.016876e+00	3.099148e-03	3.262974e+02
4.160000e+03	5.582390e+00	2.719654e-03	4.045914e+02
4.784000e+03	5.173760e+00	2.405552e-03	5.034498e+02
5.501600e+03	4.781593e+00	2.149199e-03	6.284979e+02
6.326840e+03	4.407940e+00	1.909195e-03	7.870400e+02
7.275866e+03	4.054052e+00	1.657976e-03	9.883758e+02
8.367246e+03	3.722028e+00	1.456524e-03	1.244379e+03
9.622333e+03	3.412539e+00	1.280692e-03	1.570140e+03
