# Energy_MeV	dEdx_Elec_MeV_um	dEdx_Nucl_MeV_um	Range_um
1.000000e-05	2.030942e-03	3.233683e-02	5.310944e-03
1.150000e-05	2.194926e-03	3.555737e-02	5.695353e-03
1.322500e-05	2.370653e-03	3.913207e-02	6.107586e-03
1.520875e-05	2.558985e-03	4.314585e-02	6.549656e-03
1.749006e-05	2.760842e-03	4.747533e-02	7.023724e-03
2.011357e-05	2.977214e-03	5.221114e-02	7.532104e-03
2.313061e-05	3.209159e-03	5.721043e-02	8.077282e-03
2.660020e-05	3.457811e-03	6.270401e-02	8.661920e-03
3.059023e-05	3.724386e-03	6.883987e-02	9.288874e-03
3.517876e-05	4.010188e-03	7.543024e-02	9.961208e-03
4.045558e-05	4.316612e-03	8.256946e-02	1.068221e-02
4.652391e-05	4.645157e-03	9.024455e-02	1.145539e-02
5.350250e-05	4.997429e-03	9.850244e-02	1.228454e-02
6.152788e-05	5.375149e-03	1.074642e-01	1.317370e-02
7.075706e-05	5.780162e-03	1.169321e-01	1.412722e-02
8.137062e-05	6.214448e-03	1.272334e-01	1.514975e-02
9.357621e-05	6.680129e-03	1.382924e-01	1.624630e-02
1.076126e-04	7.179479e-03	1.497835e-01	1.742222e-02
1.237545e-04	7.714939e-03	1.620868e-01	1.868324e-02
1.423177e-04	8.289125e-03	1.754435e-01	2.003555e-02
1.636654e-04	8.904841e-03	1.896969e-01	2.148573e-02
1.882152e-04	9.565097e-03	2.050048e-01	2.304088e-02
2.164475e-04	1.027312e-02	2.204115e-01	2.470859e-02
2.489146e-04	1.103236e-02	2.368050e-01	2.649701e-02
2.862518e-04	1.184654e-02	2.543674e-01	2.841488e-02
3.291895e-04	1.271963e-02	2.727813e-01	3.047156e-02
3.785680e-04	1.365589e-02	2.923402e-01	3.267711e-02
4.353531e-04	1.465990e-02	3.120109e-01	3.504230e-02
5.006561e-04	1.573657e-02	3.331333e-01	3.757868e-02
5.757545e-04	1.689116e-02	3.541400e-01	4.029864e-02
6.621177e-04	1.812930e-02	3.752913e-01	4.321548e-02
7.614354e-04	1.945704e-02	3.975728e-01	4.634344e-02
8.756507e-04	2.088087e-02	4.198175e-01	4.969780e-02
1.006998e-03	2.240775e-02	4.431248e-01	5.329495e-02
1.158048e-03	2.404514e-02	4.643735e-01	5.715247e-02
1.331755e-03	2.580103e-02	4.862699e-01	6.128920e-02
1.531519e-03	2.768401e-02	5.097003e-01	6.572534e-02
1.761246e-03	2.970327e-02	5.323596e-01	7.048258e-02
2.025433e-03	3.186867e-02	5.541968e-01	7.558414e-02
2.329248e-03	3.419081e-02	5.740433e-01	8.105496e-02
2.678635e-03	3.668101e-02	5.934725e-01	8.692176e-02
3.080431e-03	3.935145e-02	6.137636e-01	9.321321e-02
3.542495e-03	4.221516e-02	6.328201e-01	9.996003e-02
4.073870e-03	4.528616e-02	6.501666e-01	1.071952e-01
4.684950e-03	4.857942e-02	6.664195e-01	1.149540e-01
5.387693e-03	5.211105e-02	6.809658e-01	1.232745e-01
6.195847e-03	5.589830e-02	6.946325e-01	1.321971e-01
7.125224e-03	5.995967e-02	7.063941e-01	1.417528e-01
8.194007e-03	6.431499e-02	7.171502e-01	1.520322e-01
9.423108e-03	6.898556e-02	7.268891e-01	1.630331e-01
1.083657e-02	7.399417e-02	7.341548e-01	1.748347e-01
1.246206e-02	7.936531e-02	7.403164e-01	1.874889e-01
1.433137e-02	8.512522e-02	7.456058e-01	2.010591e-01
1.648108e-02	9.130202e-02	7.496125e-01	2.156117e-01
1.895324e-02	9.792591e-02	7.523695e-01	2.312175e-01
2.179622e-02	1.050292e-01	7.525707e-01	2.479528e-01
2.506566e-02	1.126467e-01	7.514425e-01	2.658995e-01
2.882550e-02	1.208155e-01	7.488864e-01	2.851452e-01
3.314933e-02	1.295756e-01	7.446684e-01	3.057839e-01
3.812173e-02	1.389697e-01	7.387578e-01	3.279164e-01
4.383999e-02	1.490438e-01	7.306098e-01	3.516508e-01
5.041599e-02	1.598471e-01	7.207858e-01	3.771032e-01
5.797838e-02	1.714323e-01	7.089498e-01	4.043980e-01
6.667514e-02	1.838560e-01	6.953494e-01	4.336682e-01
7.667641e-02	1.971790e-01	6.797625e-01	4.650570e-01
8.817787e-02	2.114663e-01	6.625515e-01	4.987177e-01
1.014046e-01	2.267877e-01	6.435467e-01	5.348150e-01
1.166152e-01	2.432181e-01	6.238508e-01	5.735250e-01
1.341075e-01	2.608377e-01	6.024784e-01	6.150368e-01
1.542237e-01	2.797326e-01	5.789678e-01	6.595530e-01
1.773572e-01	2.999952e-01	5.545979e-01	7.072914e-01
2.039608e-01	3.217244e-01	5.298398e-01	7.584855e-01
2.345549e-01	3.450263e-01	5.054141e-01	8.133849e-01
2.697381e-01	3.700149e-01	4.804468e-01	8.722578e-01
3.101989e-01	3.968121e-01	4.537234e-01	9.353917e-01
3.567287e-01	4.255490e-01	4.270101e-01	1.003096e+00
4.102380e-01	4.563658e-01	4.013919e-01	1.075700e+00
4.717737e-01	4.894132e-01	3.756764e-01	1.153558e+00
5.425397e-01	5.248525e-01	3.513710e-01	1.237061e+00
6.239207e-01	5.628570e-01	3.272082e-01	1.326572e+00
7.175088e-01	6.036140e-01	3.042722e-01	1.422955e+00
8.251351e-01	6.473212e-01	2.821239e-01	1.527325e+00
9.489054e-01	6.941919e-01	2.600147e-01	1.640361e+00
1.091241e+00	7.444552e-01	2.410373e-01	1.762909e+00
1.254927e+00	7.983565e-01	2.225331e-01	1.895902e+00
1.443166e+00	8.561594e-01	2.040361e-01	2.040419e+00
1.659641e+00	9.129203e-01	1.881626e-01	2.197718e+00
1.908588e+00	9.691677e-01	1.743096e-01	2.369286e+00
2.194876e+00	1.050696e+00	1.619586e-01	2.556905e+00
2.524107e+00	1.148544e+00	1.477549e-01	2.718077e+00
2.902723e+00	1.252966e+00	1.314206e-01	2.733008e+00
3.338132e+00	1.368528e+00	1.173751e-01	2.745648e+00
3.838852e+00	1.496204e+00	1.048275e-01	2.757378e+00
4.414679e+00	1.634414e+00	9.491323e-02	2.769880e+00
5.076881e+00	1.789010e+00	8.520049e-02	2.785053e+00
5.838413e+00	1.955067e+00	7.671854e-02	2.805379e+00
6.714175e+00	2.130715e+00	6.945802e-02	2.833581e+00
7.721302e+00	2.318689e+00	6.235394e-02	2.872817e+00
8.879497e+00	2.522917e+00	5.610726e-02	2.926683e+00
1.021142e+01	2.744188e+00	5.014490e-02	2.999230e+00
1.174313e+01	2.958783e+00	4.533254e-02	3.094970e+00
1.350460e+01	3.167250e+00	4.089367e-02	3.218880e+00
1.553030e+01	3.379313e+00	3.637117e-02	3.376381e+00
1.785984e+01	3.555633e+00	3.223604e-02	3.573340e+00
2.053882e+01	3.739882e+00	2.885457e-02	3.816144e+00
2.361964e+01	3.915409e+00	2.587890e-02	4.111726e+00
2.716258e+01	4.076254e+00	2.325640e-02	4.467794e+00
3.123697e+01	4.237644e+00	2.060575e-02	4.893138e+00
3.592252e+01	4.360628e+00	1.816544e-02	5.398079e+00
4.131089e+01	4.482438e+00	1.620734e-02	5.995064e+00
4.750753e+01	4.585227e+00	1.433716e-02	6.699370e+00
5.463366e+01	4.659740e+00	1.278989e-02	7.529959e+00
6.282871e+01	4.722236e+00	1.135127e-02	8.510511e+00
7.225301e+01	4.727604e+00	1.009609e-02	9.670636e+00
8.309096e+01	4.728760e+00	8.987064e-03	1.104741e+01
9.555461e+01	4.722609e+00	7.918000e-03	1.268730e+01
1.098878e+02	4.681185e+00	7.108357e-03	1.464836e+01
1.263710e+02	5.596107e+00	6.347549e-03	1.700392e+01
1.453266e+02	5.289922e+00	5.614748e-03	1.984305e+01
1.671256e+02	5.025941e+00	4.963026e-03	2.329312e+01
1.921945e+02	4.754339e+00	4.356560e-03	2.749687e+01
2.210236e+02	4.480586e+00	3.892468e-03	3.262831e+01
2.541772e+02	4.203657e+00	3.462159e-03	3.892219e+01
2.923037e+02	3.931164e+00	3.052346e-03	4.667972e+01
3.361493e+02	3.666894e+00	2.693838e-03	5.627522e+01
3.865717e+02	3.407118e+00	2.360553e-03	6.819364e+01
4.445574e+02	3.154092e+00	2.091528e-03	8.309800e+01
5.112411e+02	2.911611e+00	1.835689e-03	1.018344e+02
5.879272e+02	2.699360e+00	1.616618e-03	1.253648e+02
6.761163e+02	2.498918e+00	1.439451e-03	1.548942e+02
7.775337e+02	2.305404e+00	1.267693e-03	1.920897e+02
8.941638e+02	2.119692e+00	1.121365e-03	2.391150e+02
1.028288e+03	1.942959e+00	9.857133e-04	2.987711e+02
1.182532e+03	1.776089e+00	8.771071e-04	3.746551e+02
1.359911e+03	1.619156e+00	7.804744e-04	4.714020e+02
1.563898e+03	1.470888e+00	6.830434e-04	5.950931e+02
1.798483e+03	1.333174e+00	5.941791e-04	7.535868e+02
2.068255e+03	1.207811e+00	5.259139e-04	9.567417e+02
2.378493e+03	1.093143e+00	4.647908e-04	1.216950e+03
2.735268e+03	9.879095e-01	4.128672e-04	1.550356e+03
3.145558e+03	8.922154e-01	3.607025e-04	1.977691e+03
3.617391e+03	8.055719e-01	3.131139e-04	2.525331e+03
4.160000e+03	7.270464e-01	2.758856e-04	3.226789e+03
4.784000e+03	6.561157e-01	2.401058e-04	4.124464e+03
5.501600e+03	5.926691e-01	2.117555e-04	5.271832e+03
6.326840e+03	5.360532e-01	1.855950e-04	6.736107e+03
7.275866e+03	4.854519e-01	1.628977e-04	8.601312e+03
8.367246e+03	4.404670e-01	1.431295e-04	1.097202e+04
9.622333e+03	4.006696e-01	1.241378e-04	1.397765e+04
