# Energy_MeV	dEdx_Elec_MeV_um	dEdx_Nucl_MeV_um	Range_um
1.000000e-05	2.427429e-03	3.343891e-02	4.442654e-03
1.150000e-05	2.628522e-03	3.679201e-02	4.764215e-03
1.322500e-05	2.843935e-03	4.054387e-02	5.109052e-03
1.520875e-05	3.074726e-03	4.444420e-02	5.478848e-03
1.749006e-05	3.322028e-03	4.877729e-02	5.875409e-03
2.011357e-05	3.587053e-03	5.349529e-02	6.300675e-03
2.313061e-05	3.871099e-03	5.859701e-02	6.756721e-03
2.660020e-05	4.175557e-03	6.429184e-02	7.245776e-03
3.059023e-05	4.501915e-03	7.022674e-02	7.770229e-03
3.517876e-05	4.851772e-03	7.687320e-02	8.332642e-03
4.045558e-05	5.226836e-03	8.378651e-02	8.935763e-03
4.652391e-05	5.628944e-03	9.123519e-02	9.582539e-03
5.350250e-05	6.060059e-03	9.940999e-02	1.027613e-02
6.152788e-05	6.522289e-03	1.079633e-01	1.101992e-02
7.075706e-05	7.017894e-03	1.174710e-01	1.181755e-02
8.137062e-05	7.549295e-03	1.269037e-01	1.267291e-02
9.357621e-05	8.119088e-03	1.374120e-01	1.359018e-02
1.076126e-04	8.730059e-03	1.487963e-01	1.457384e-02
1.237545e-04	9.385193e-03	1.606612e-01	1.562871e-02
1.423177e-04	1.008769e-02	1.735310e-01	1.675992e-02
1.636654e-04	1.084098e-02	1.862010e-01	1.797301e-02
1.882152e-04	1.164875e-02	2.001340e-01	1.927391e-02
2.164475e-04	1.251494e-02	2.149729e-01	2.066896e-02
2.489146e-04	1.344379e-02	2.302669e-01	2.216499e-02
2.862518e-04	1.443982e-02	2.466122e-01	2.376931e-02
3.291895e-04	1.550792e-02	2.629938e-01	2.548974e-02
3.785680e-04	1.665329e-02	2.801704e-01	2.733470e-02
4.353531e-04	1.788154e-02	2.978750e-01	2.931320e-02
5.006561e-04	1.919866e-02	3.153733e-01	3.143491e-02
5.757545e-04	2.061108e-02	3.338946e-01	3.371019e-02
6.621177e-04	2.212572e-02	3.523254e-01	3.615015e-02
7.614354e-04	2.374996e-02	3.704016e-01	3.876671e-02
8.756507e-04	2.549174e-02	3.887474e-01	4.157267e-02
1.006998e-03	2.735957e-02	4.072184e-01	4.458172e-02
1.158048e-03	2.936258e-02	4.254259e-01	4.780857e-02
1.331755e-03	3.151056e-02	4.447751e-01	5.126898e-02
1.531519e-03	3.381399e-02	4.610895e-01	5.497985e-02
1.761246e-03	3.628412e-02	4.781821e-01	5.895932e-02
2.025433e-03	3.893304e-02	4.943661e-01	6.322683e-02
2.329248e-03	4.177367e-02	5.097363e-01	6.780322e-02
2.678635e-03	4.481989e-02	5.257982e-01	7.271086e-02
3.080431e-03	4.808659e-02	5.389215e-01	7.797371e-02
3.542495e-03	5.158973e-02	5.526692e-01	8.361749e-02
4.073870e-03	5.534642e-02	5.638503e-01	8.966626e-02
4.684950e-03	5.937501e-02	5.741056e-01	9.614640e-02
5.387693e-03	6.369518e-02	5.839937e-01	1.031239e-01
6.195847e-03	6.832804e-02	5.919415e-01	1.105861e-01
7.125224e-03	7.329622e-02	5.998888e-01	1.185909e-01
8.194007e-03	7.862399e-02	6.049548e-01	1.271743e-01
9.423108e-03	8.433739e-02	6.098636e-01	1.363791e-01
1.083657e-02	9.046431e-02	6.139474e-01	1.462501e-01
1.246206e-02	9.703471e-02	6.166333e-01	1.568356e-01
1.433137e-02	1.040807e-01	6.183103e-01	1.681872e-01
1.648108e-02	1.116366e-01	6.178134e-01	1.803605e-01
1.895324e-02	1.197394e-01	6.165040e-01	1.934149e-01
2.179622e-02	1.284288e-01	6.139262e-01	2.074142e-01
2.506566e-02	1.377470e-01	6.098515e-01	2.224268e-01
2.882550e-02	1.477397e-01	6.043425e-01	2.385259e-01
3.314933e-02	1.584557e-01	5.970611e-01	2.557904e-01
3.812173e-02	1.699473e-01	5.883464e-01	2.743045e-01
4.383999e-02	1.822707e-01	5.780868e-01	2.941586e-01
5.041599e-02	1.954861e-01	5.662710e-01	3.154497e-01
5.797838e-02	2.096580e-01	5.529141e-01	3.382819e-01
6.667514e-02	2.248556e-01	5.381766e-01	3.627668e-01
7.667641e-02	2.411533e-01	5.225965e-01	3.890239e-01
8.817787e-02	2.586306e-01	5.055455e-01	4.171814e-01
1.014046e-01	2.773729e-01	4.872171e-01	4.473770e-01
1.166152e-01	2.974718e-01	4.682109e-01	4.797582e-01
1.341075e-01	3.190254e-01	4.473642e-01	5.144833e-01
1.542237e-01	3.421391e-01	4.279356e-01	5.517217e-01
1.773572e-01	3.669258e-01	4.069808e-01	5.916553e-01
2.039608e-01	3.935066e-01	3.857385e-01	6.344793e-01
2.345549e-01	4.220113e-01	3.647844e-01	6.804031e-01
2.697381e-01	4.525792e-01	3.422386e-01	7.296514e-01
3.101989e-01	4.853595e-01	3.219953e-01	7.824621e-01
3.567287e-01	5.205126e-01	3.003682e-01	8.391024e-01
4.102380e-01	5.582101e-01	2.807319e-01	8.998215e-01
4.717737e-01	5.986389e-01	2.619034e-01	9.652433e-01
5.425397e-01	6.419940e-01	2.425536e-01	1.036094e+00
6.239207e-01	6.884871e-01	2.251695e-01	1.112833e+00
7.175088e-01	7.383454e-01	2.070835e-01	1.196036e+00
8.251351e-01	7.918125e-01	1.922707e-01	1.286338e+00
9.489054e-01	8.491498e-01	1.769197e-01	1.384478e+00
1.091241e+00	9.042116e-01	1.623782e-01	1.491314e+00
1.254927e+00	9.595622e-01	1.502254e-01	1.607864e+00
1.443166e+00	1.041835e+00	1.392619e-01	1.735348e+00
1.659641e+00	1.138051e+00	1.285251e-01	1.796620e+00
1.908588e+00	1.241758e+00	1.161777e-01	1.810173e+00
2.194876e+00	1.355757e+00	1.034552e-01	1.822285e+00
2.524107e+00	1.482468e+00	9.242115e-02	1.833867e+00
2.902723e+00	1.618606e+00	8.287694e-02	1.845995e+00
3.338132e+00	1.770549e+00	7.483776e-02	1.860046e+00
3.838852e+00	1.934536e+00	6.745821e-02	1.877632e+00
4.414679e+00	2.104318e+00	6.061442e-02	1.900627e+00
5.076881e+00	2.287251e+00	5.477973e-02	1.931199e+00
5.838413e+00	2.484125e+00	4.921157e-02	1.971828e+00
6.714175e+00	2.693533e+00	4.411442e-02	2.025321e+00
7.721302e+00	2.897571e+00	3.981733e-02	2.094813e+00
8.879497e+00	3.089629e+00	3.573975e-02	2.183773e+00
1.021142e+01	3.286905e+00	3.203153e-02	2.295976e+00
1.174313e+01	3.448060e+00	2.871176e-02	2.435562e+00
1.350460e+01	3.615703e+00	2.530731e-02	2.607009e+00
1.553030e+01	3.778147e+00	2.286596e-02	2.815219e+00
1.785984e+01	3.921483e+00	2.038047e-02	3.065666e+00
2.053882e+01	4.064725e+00	1.817629e-02	3.364602e+00
2.361964e+01	4.175290e+00	1.624175e-02	3.719420e+00
2.716258e+01	4.279823e+00	1.425783e-02	4.139031e+00
3.123697e+01	4.369506e+00	1.277024e-02	4.634392e+00
3.592252e+01	4.427368e+00	1.125034e-02	5.219124e+00
4.131089e+01	4.472481e+00	1.002414e-02	5.910237e+00
4.750753e+01	4.469104e+00	8.955571e-03	6.729030e+00
5.463366e+01	4.459945e+00	7.914297e-03	7.702187e+00
6.282871e+01	4.443766e+00	7.072466e-03	8.863195e+00
7.225301e+01	4.391866e+00	6.231154e-03	1.025395e+01
8.309096e+01	5.207035e+00	5.602467e-03	1.192725e+01
9.555461e+01	4.920300e+00	4.981089e-03	1.394800e+01
1.098878e+02	4.665979e+00	4.404699e-03	1.640857e+01
1.263710e+02	4.406366e+00	3.883185e-03	1.941083e+01
1.453266e+02	4.145877e+00	3.426133e-03	2.308259e+01
1.671256e+02	3.883641e+00	3.062376e-03	2.759462e+01
1.921945e+02	3.626363e+00	2.713623e-03	3.316603e+01
2.210236e+02	3.377300e+00	2.395836e-03	4.006939e+01
2.541772e+02	3.132963e+00	2.105118e-03	4.866010e+01
2.923037e+02	2.895566e+00	1.852786e-03	5.942404e+01
3.361493e+02	2.668629e+00	1.633988e-03	7.297526e+01
3.865717e+02	2.471845e+00	1.443184e-03	9.001185e+01
4.445574e+02	2.284336e+00	1.270786e-03	1.114232e+02
5.112411e+02	2.103916e+00	1.126794e-03	1.384331e+02
5.879272e+02	1.931299e+00	9.952173e-04	1.726273e+02
6.761163e+02	1.767466e+00	8.750339e-04	2.160588e+02
7.775337e+02	1.613262e+00	7.790165e-04	2.713630e+02
8.941638e+02	1.468523e+00	6.883707e-04	3.419398e+02
1.028288e+03	1.332321e+00	6.067742e-04	4.322521e+02
1.182532e+03	1.206158e+00	5.363096e-04	5.480502e+02
1.359911e+03	1.091768e+00	4.644655e-04	6.965364e+02
1.563898e+03	9.871310e-01	4.149823e-04	8.867854e+02
1.798483e+03	8.913483e-01	3.647892e-04	1.130630e+03
2.068255e+03	8.044697e-01	3.205111e-04	1.443227e+03
2.378493e+03	7.259449e-01	2.828892e-04	1.843861e+03
2.735268e+03	6.548574e-01	2.444244e-04	2.357020e+03
3.145558e+03	5.907561e-01	2.162856e-04	3.013672e+03
3.617391e+03	5.335252e-01	1.878732e-04	3.852864e+03
4.160000e+03	4.824905e-01	1.650064e-04	4.923651e+03
4.784000e+03	4.369003e-01	1.457422e-04	6.287335e+03
5.501600e+03	3.964184e-01	1.269408e-04	8.020180e+03
6.326840e+03	3.606321e-01	1.120722e-04	1.021653e+04
7.275866e+03	3.289480e-01	9.745811e-05	1.299238e+04
8.367246e+03	3.009932e-01	8.652726e-05	1.648936e+04
9.622333e+03	2.764967e-01	7.595184e-05	2.087913e+04
