# Energy_MeV	dEdx_Elec_MeV_um	dEdx_Nucl_MeV_um	Range_um
1.000000e-05	4.564341e-03	2.783407e-02	4.381794e-03
1.150000e-05	4.894710e-03	3.092863e-02	4.698950e-03
1.322500e-05	5.248992e-03	3.429047e-02	5.039063e-03
1.520875e-05	5.628917e-03	3.800568e-02	5.403793e-03
1.749006e-05	6.036341e-03	4.208584e-02	5.794922e-03
2.011357e-05	6.473255e-03	4.656506e-02	6.214362e-03
2.313061e-05	6.941792e-03	5.148997e-02	6.664160e-03
2.660020e-05	7.444243e-03	5.686380e-02	7.146516e-03
3.059023e-05	7.983061e-03	6.283338e-02	7.663784e-03
3.517876e-05	8.560879e-03	6.936962e-02	8.218493e-03
4.045558e-05	9.180520e-03	7.638546e-02	8.813352e-03
4.652391e-05	9.845011e-03	8.398141e-02	9.451267e-03
5.350250e-05	1.055760e-02	9.259719e-02	1.013535e-02
6.152788e-05	1.132176e-02	1.019868e-01	1.086896e-02
7.075706e-05	1.214124e-02	1.121047e-01	1.165566e-02
8.137062e-05	1.302003e-02	1.230174e-01	1.249930e-02
9.357621e-05	1.396242e-02	1.346881e-01	1.340401e-02
1.076126e-04	1.497303e-02	1.479189e-01	1.437420e-02
1.237545e-04	1.605679e-02	1.622022e-01	1.541461e-02
1.423177e-04	1.721899e-02	1.774761e-01	1.653033e-02
1.636654e-04	1.846531e-02	1.941016e-01	1.772680e-02
1.882152e-04	1.980183e-02	2.120113e-01	1.900987e-02
2.164475e-04	2.123510e-02	2.313486e-01	2.038582e-02
2.489146e-04	2.277211e-02	2.517397e-01	2.186136e-02
2.862518e-04	2.442037e-02	2.738723e-01	2.344369e-02
3.291895e-04	2.618792e-02	2.978260e-01	2.514056e-02
3.785680e-04	2.808342e-02	3.231671e-01	2.696025e-02
4.353531e-04	3.011611e-02	3.493635e-01	2.891164e-02
5.006561e-04	3.229593e-02	3.777556e-01	3.100428e-02
5.757545e-04	3.463353e-02	4.094090e-01	3.324839e-02
6.621177e-04	3.714032e-02	4.419937e-01	3.565492e-02
7.614354e-04	3.982856e-02	4.763561e-01	3.823565e-02
8.756507e-04	4.271137e-02	5.112697e-01	4.100316e-02
1.006998e-03	4.580284e-02	5.486019e-01	4.397099e-02
1.158048e-03	4.911808e-02	5.898042e-01	4.715364e-02
1.331755e-03	5.267327e-02	6.314379e-01	5.056664e-02
1.531519e-03	5.648579e-02	6.750188e-01	5.422668e-02
1.761246e-03	6.057426e-02	7.201387e-01	5.815164e-02
2.025433e-03	6.495866e-02	7.662961e-01	6.236069e-02
2.329248e-03	6.966040e-02	8.132243e-01	6.687438e-02
2.678635e-03	7.470246e-02	8.606329e-01	7.171479e-02
3.080431e-03	8.010946e-02	9.104051e-01	7.690554e-02
3.542495e-03	8.590783e-02	9.606745e-01	8.247201e-02
4.073870e-03	9.212588e-02	1.008572e+00	8.844137e-02
4.684950e-03	9.879400e-02	1.055044e+00	9.484281e-02
5.387693e-03	1.059448e-01	1.106695e+00	1.017076e-01
6.195847e-03	1.136131e-01	1.157318e+00	1.090692e-01
7.125224e-03	1.218365e-01	1.204837e+00	1.169637e-01
8.194007e-03	1.306551e-01	1.250077e+00	1.254296e-01
9.423108e-03	1.401119e-01	1.291263e+00	1.345083e-01
1.083657e-02	1.502533e-01	1.336773e+00	1.442441e-01
1.246206e-02	1.611287e-01	1.379432e+00	1.546046e-01
1.433137e-02	1.727913e-01	1.417340e+00	1.658604e-01
1.648108e-02	1.852981e-01	1.453810e+00	1.778916e-01
1.895324e-02	1.987100e-01	1.486821e+00	1.907673e-01
2.179622e-02	2.130928e-01	1.517447e+00	2.045745e-01
2.506566e-02	2.285165e-01	1.543351e+00	2.193816e-01
2.882550e-02	2.450567e-01	1.567342e+00	2.352602e-01
3.314933e-02	2.627940e-01	1.589363e+00	2.522881e-01
3.812173e-02	2.818152e-01	1.606990e+00	2.705485e-01
4.383999e-02	3.022131e-01	1.620178e+00	2.901307e-01
5.041599e-02	3.240874e-01	1.631422e+00	3.111302e-01
5.797838e-02	3.475451e-01	1.642307e+00	3.336496e-01
6.667514e-02	3.727006e-01	1.648231e+00	3.577990e-01
7.667641e-02	3.996768e-01	1.650352e+00	3.836964e-01
8.817787e-02	4.286057e-01	1.648012e+00	4.114683e-01
1.014046e-01	4.596284e-01	1.642578e+00	4.412503e-01
1.166152e-01	4.928965e-01	1.634994e+00	4.731877e-01
1.341075e-01	5.285726e-01	1.622459e+00	5.074370e-01
1.542237e-01	5.668310e-01	1.605698e+00	5.441654e-01
1.773572e-01	6.078585e-01	1.584860e+00	5.835521e-01
2.039608e-01	6.518556e-01	1.559806e+00	6.257895e-01
2.345549e-01	6.990373e-01	1.530777e+00	6.710840e-01
2.697381e-01	7.496340e-01	1.497642e+00	7.196572e-01
3.101989e-01	8.038929e-01	1.460342e+00	7.717462e-01
3.567287e-01	8.620791e-01	1.419427e+00	8.276053e-01
4.102380e-01	9.244768e-01	1.376459e+00	8.875073e-01
4.717737e-01	9.913909e-01	1.331072e+00	9.517451e-01
5.425397e-01	1.063148e+00	1.279531e+00	1.020633e+00
6.239207e-01	1.140100e+00	1.226434e+00	1.094507e+00
7.175088e-01	1.222621e+00	1.172396e+00	1.173727e+00
8.251351e-01	1.311114e+00	1.118269e+00	1.258682e+00
9.489054e-01	1.406014e+00	1.065318e+00	1.349785e+00
1.091241e+00	1.507782e+00	1.005583e+00	1.447476e+00
1.254927e+00	1.611327e+00	9.471713e-01	1.552307e+00
1.443166e+00	1.711827e+00	8.910809e-01	1.665559e+00
1.659641e+00	1.817440e+00	8.346157e-01	1.788217e+00
1.908588e+00	9.694738e-01	7.803804e-01	1.921127e+00
2.194876e+00	1.039665e+00	7.264780e-01	2.065276e+00
2.524107e+00	1.114938e+00	6.769257e-01	2.221800e+00
2.902723e+00	1.195658e+00	6.277436e-01	2.392004e+00
3.338132e+00	1.273216e+00	5.792854e-01	2.577428e+00
3.838852e+00	1.367355e+00	5.353027e-01	2.779897e+00
4.414679e+00	1.499718e+00	4.958431e-01	3.001617e+00
5.076881e+00	1.643830e+00	4.565239e-01	3.245285e+00
5.838413e+00	1.803338e+00	4.170161e-01	3.514255e+00
6.714175e+00	1.968918e+00	3.874529e-01	3.812748e+00
7.721302e+00	2.152007e+00	3.611983e-01	4.146132e+00
8.879497e+00	2.346645e+00	3.310056e-01	4.521302e+00
1.021142e+01	2.552032e+00	2.962840e-01	4.623499e+00
1.174313e+01	2.777156e+00	2.616134e-01	4.456350e+00
1.350460e+01	2.999526e+00	2.348692e-01	4.316931e+00
1.553030e+01	3.252566e+00	2.118873e-01	4.207331e+00
1.785984e+01	3.538619e+00	1.907299e-01	4.129802e+00
2.053882e+01	3.849044e+00	1.717685e-01	4.086778e+00
2.361964e+01	4.196222e+00	1.550547e-01	4.080822e+00
2.716258e+01	4.570746e+00	1.399408e-01	4.114756e+00
3.123697e+01	4.976826e+00	1.253927e-01	4.191577e+00
3.592252e+01	5.404860e+00	1.121386e-01	4.314398e+00
4.131089e+01	5.844292e+00	1.011725e-01	4.486537e+00
4.750753e+01	6.319634e+00	9.178056e-02	4.711628e+00
5.463366e+01	6.763014e+00	8.135279e-02	4.993817e+00
6.282871e+01	7.216446e+00	7.215232e-02	5.338064e+00
7.225301e+01	7.667339e+00	6.454389e-02	5.750510e+00
8.309096e+01	8.088482e+00	5.779099e-02	6.238863e+00
9.555461e+01	8.526072e+00	5.225141e-02	6.812985e+00
1.098878e+02	8.906510e+00	4.605311e-02	7.485314e+00
1.263710e+02	9.238959e+00	4.071725e-02	8.271493e+00
1.453266e+02	9.517091e+00	3.629978e-02	9.191064e+00
1.671256e+02	9.793389e+00	3.216496e-02	1.026825e+01
1.921945e+02	1.006448e+01	2.863663e-02	1.153306e+01
2.210236e+02	1.022883e+01	2.534292e-02	1.302280e+01
2.541772e+02	1.301880e+01	2.265089e-02	1.478169e+01
2.923037e+02	1.265359e+01	2.011743e-02	1.686864e+01
3.361493e+02	1.228062e+01	1.777656e-02	1.936223e+01
3.865717e+02	1.184435e+01	1.585648e-02	2.233789e+01
4.445574e+02	1.137434e+01	1.423366e-02	2.590176e+01
5.112411e+02	1.087043e+01	1.267595e-02	3.018996e+01
5.879272e+02	1.035789e+01	1.109872e-02	3.537118e+01
6.761163e+02	9.837263e+00	9.806938e-03	4.165150e+01
7.775337e+02	9.313079e+00	8.685520e-03	4.930668e+01
8.941638e+02	8.797814e+00	7.767950e-03	5.870773e+01
1.028288e+03	8.314042e+00	6.896813e-03	7.028095e+01
1.182532e+03	7.883775e+00	6.026641e-03	8.448991e+01
1.359911e+03	7.457836e+00	5.317263e-03	1.019751e+02
1.563898e+03	7.030157e+00	4.685807e-03	1.235966e+02
1.798483e+03	6.605759e+00	4.122444e-03	1.504545e+02
2.068255e+03	6.186456e+00	3.634370e-03	1.839575e+02
2.378493e+03	5.776652e+00	3.222772e-03	2.258969e+02
2.735268e+03	5.372396e+00	2.857549e-03	2.785921e+02
3.145558e+03	4.976121e+00	2.513344e-03	3.450812e+02
3.617391e+03	4.597038e+00	2.207243e-03	4.292097e+02
4.160000e+03	4.246090e+00	1.962116e-03	5.357508e+02
4.784000e+03	3.911682e+00	1.757969e-03	6.708194e+02
5.501600e+03	3.594756e+00	1.528514e-03	8.424276e+02
6.326840e+03	3.295487e+00	1.334866e-03	1.060787e+03
7.275866e+03	3.015298e+00	1.177028e-03	1.338948e+03
8.367246e+03	2.756067e+00	1.040092e-03	1.693510e+03
9.622333e+03	2.516444e+00	9.306048e-04	2.145514e+03
