# Energy_MeV	dEdx_Elec_MeV_um	dEdx_Nucl_MeV_um	Range_um
1.000000e-05	5.137227e-03	3.045688e-02	3.893151e-03
1.150000e-05	5.509062e-03	3.376747e-02	4.174939e-03
1.322500e-05	5.907811e-03	3.740568e-02	4.477123e-03
1.520875e-05	6.335422e-03	4.143258e-02	4.801180e-03
1.749006e-05	6.793983e-03	4.584364e-02	5.148692e-03
2.011357e-05	7.285735e-03	5.063519e-02	5.521357e-03
2.313061e-05	7.813080e-03	5.594191e-02	5.920996e-03
2.660020e-05	8.378595e-03	6.178025e-02	6.349561e-03
3.059023e-05	8.985042e-03	6.820768e-02	6.809145e-03
3.517876e-05	9.635385e-03	7.504987e-02	7.301995e-03
4.045558e-05	1.033280e-02	8.252263e-02	7.830517e-03
4.652391e-05	1.108069e-02	9.102238e-02	8.397294e-03
5.350250e-05	1.188272e-02	1.001706e-01	9.005094e-03
6.152788e-05	1.274280e-02	1.100932e-01	9.656888e-03
7.075706e-05	1.366513e-02	1.206934e-01	1.035586e-02
8.137062e-05	1.465422e-02	1.321672e-01	1.110542e-02
9.357621e-05	1.571490e-02	1.451606e-01	1.190924e-02
1.076126e-04	1.685235e-02	1.590432e-01	1.277123e-02
1.237545e-04	1.807213e-02	1.740224e-01	1.369562e-02
1.423177e-04	1.938020e-02	1.902612e-01	1.468692e-02
1.636654e-04	2.078295e-02	2.075881e-01	1.574997e-02
1.882152e-04	2.228723e-02	2.263638e-01	1.688996e-02
2.164475e-04	2.390039e-02	2.462899e-01	1.811246e-02
2.489146e-04	2.563031e-02	2.679858e-01	1.942345e-02
2.862518e-04	2.748545e-02	2.913207e-01	2.082933e-02
3.291895e-04	2.947486e-02	3.154429e-01	2.233697e-02
3.785680e-04	3.160827e-02	3.409935e-01	2.395373e-02
4.353531e-04	3.389609e-02	3.693083e-01	2.568751e-02
5.006561e-04	3.634951e-02	3.995356e-01	2.754679e-02
5.757545e-04	3.898050e-02	4.312154e-01	2.954064e-02
6.621177e-04	4.180193e-02	4.638815e-01	3.167881e-02
7.614354e-04	4.482758e-02	4.977177e-01	3.397174e-02
8.756507e-04	4.807222e-02	5.349483e-01	3.643063e-02
1.006998e-03	5.155172e-02	5.740084e-01	3.906750e-02
1.158048e-03	5.528306e-02	6.142973e-01	4.189522e-02
1.331755e-03	5.928447e-02	6.560093e-01	4.492762e-02
1.531519e-03	6.357552e-02	6.997135e-01	4.817951e-02
1.761246e-03	6.817715e-02	7.443606e-01	5.166677e-02
2.025433e-03	7.311184e-02	7.882958e-01	5.540643e-02
2.329248e-03	7.840372e-02	8.343929e-01	5.941678e-02
2.678635e-03	8.407862e-02	8.815751e-01	6.371740e-02
3.080431e-03	9.016428e-02	9.294409e-01	6.832930e-02
3.542495e-03	9.669041e-02	9.744445e-01	7.327501e-02
4.073870e-03	1.036889e-01	1.019236e+00	7.857869e-02
4.684950e-03	1.111940e-01	1.068779e+00	8.426626e-02
5.387693e-03	1.192423e-01	1.115912e+00	9.036550e-02
6.195847e-03	1.278731e-01	1.160831e+00	9.690620e-02
7.125224e-03	1.371286e-01	1.202502e+00	1.039203e-01
8.194007e-03	1.470540e-01	1.241968e+00	1.114421e-01
9.423108e-03	1.576979e-01	1.284864e+00	1.194857e-01
1.083657e-02	1.691121e-01	1.323949e+00	1.281372e-01
1.246206e-02	1.813526e-01	1.359694e+00	1.374393e-01
1.433137e-02	1.944790e-01	1.393603e+00	1.473850e-01
1.648108e-02	2.085554e-01	1.423437e+00	1.580533e-01
1.895324e-02	2.236508e-01	1.451111e+00	1.694930e-01
2.179622e-02	2.398388e-01	1.475165e+00	1.817607e-01
2.506566e-02	2.571984e-01	1.497596e+00	1.949165e-01
2.882550e-02	2.758146e-01	1.517592e+00	2.090243e-01
3.314933e-02	2.957782e-01	1.532390e+00	2.241533e-01
3.812173e-02	3.171868e-01	1.544158e+00	2.403774e-01
4.383999e-02	3.401449e-01	1.555371e+00	2.577759e-01
5.041599e-02	3.647648e-01	1.563895e+00	2.764336e-01
5.797838e-02	3.911667e-01	1.568390e+00	2.964417e-01
6.667514e-02	4.194795e-01	1.568829e+00	3.178980e-01
7.667641e-02	4.498416e-01	1.565474e+00	3.409075e-01
8.817787e-02	4.824014e-01	1.560055e+00	3.655823e-01
1.014046e-01	5.173179e-01	1.551135e+00	3.920431e-01
1.166152e-01	5.547616e-01	1.537817e+00	4.204190e-01
1.341075e-01	5.949156e-01	1.520550e+00	4.508489e-01
1.542237e-01	6.379759e-01	1.499401e+00	4.834815e-01
1.773572e-01	6.841529e-01	1.474306e+00	5.184759e-01
2.039608e-01	7.336723e-01	1.445410e+00	5.560031e-01
2.345549e-01	7.867759e-01	1.412433e+00	5.962465e-01
2.697381e-01	8.437231e-01	1.375937e+00	6.394031e-01
3.101989e-01	9.047922e-01	1.336110e+00	6.856833e-01
3.567287e-01	9.702816e-01	1.294536e+00	7.353131e-01
4.102380e-01	1.040511e+00	1.249840e+00	7.885350e-01
4.717737e-01	1.115824e+00	1.200073e+00	8.456093e-01
5.425397e-01	1.196588e+00	1.149293e+00	9.068149e-01
6.239207e-01	1.283197e+00	1.097457e+00	9.724510e-01
7.175088e-01	1.376076e+00	1.046396e+00	1.042835e+00
8.251351e-01	1.475677e+00	9.945940e-01	1.118322e+00
9.489054e-01	1.581410e+00	9.380449e-01	1.199252e+00
1.091241e+00	1.680325e+00	8.831843e-01	1.286492e+00
1.254927e+00	1.784374e+00	8.294666e-01	1.380977e+00
1.443166e+00	9.487595e-01	7.759466e-01	1.483321e+00
1.659641e+00	1.017457e+00	7.252169e-01	1.594291e+00
1.908588e+00	1.091128e+00	6.755968e-01	1.714739e+00
2.194876e+00	1.170130e+00	6.285182e-01	1.845654e+00
2.524107e+00	1.248604e+00	5.817492e-01	1.988186e+00
2.902723e+00	1.332346e+00	5.361719e-01	2.143701e+00
3.338132e+00	1.456882e+00	4.964320e-01	2.313839e+00
3.838852e+00	1.598951e+00	4.593674e-01	2.500600e+00
4.414679e+00	1.751735e+00	4.201554e-01	2.706456e+00
5.076881e+00	1.915729e+00	3.864076e-01	2.934505e+00
5.838413e+00	2.096863e+00	3.603315e-01	3.188678e+00
6.714175e+00	2.283705e+00	3.341485e-01	3.474011e+00
7.721302e+00	2.488737e+00	3.040380e-01	3.694608e+00
8.879497e+00	2.704366e+00	2.694110e-01	3.556235e+00
1.021142e+01	2.927697e+00	2.395379e-01	3.439264e+00
1.174313e+01	3.172144e+00	2.156886e-01	3.345312e+00
1.350460e+01	3.446136e+00	1.946420e-01	3.276115e+00
1.553030e+01	3.751094e+00	1.751859e-01	3.233550e+00
1.785984e+01	4.084834e+00	1.573882e-01	3.219643e+00
2.053882e+01	4.449679e+00	1.424741e-01	3.236452e+00
2.361964e+01	4.856517e+00	1.281693e-01	3.286412e+00
2.716258e+01	5.266511e+00	1.149031e-01	3.371913e+00
3.123697e+01	5.707385e+00	1.030267e-01	3.495518e+00
3.592252e+01	6.174000e+00	9.309875e-02	3.660005e+00
4.131089e+01	6.619728e+00	8.405582e-02	3.868502e+00
4.750753e+01	7.089745e+00	7.449509e-02	4.124697e+00
5.463366e+01	7.521638e+00	6.622705e-02	4.433115e+00
6.282871e+01	7.959083e+00	5.919228e-02	4.799425e+00
7.225301e+01	8.400207e+00	5.314795e-02	5.230843e+00
8.309096e+01	8.783589e+00	4.777281e-02	5.736518e+00
9.555461e+01	9.160818e+00	4.216739e-02	6.327961e+00
1.098878e+02	9.427231e+00	3.735474e-02	7.019586e+00
1.263710e+02	9.706048e+00	3.322158e-02	7.829298e+00
1.453266e+02	1.000384e+01	2.941402e-02	8.779325e+00
1.671256e+02	1.017574e+01	2.618419e-02	9.897022e+00
1.921945e+02	1.317338e+01	2.328532e-02	1.121613e+01
2.210236e+02	1.275567e+01	2.075685e-02	1.277749e+01
2.541772e+02	1.240395e+01	1.841069e-02	1.464076e+01
2.923037e+02	1.198460e+01	1.625493e-02	1.686498e+01
3.361493e+02	1.152539e+01	1.454706e-02	1.952508e+01
3.865717e+02	1.102800e+01	1.305405e-02	2.272096e+01
4.445574e+02	1.051563e+01	1.150058e-02	2.657828e+01
5.112411e+02	9.998567e+00	1.011494e-02	3.124878e+01
5.879272e+02	9.472779e+00	8.938939e-03	3.692969e+01
6.761163e+02	8.955838e+00	7.952923e-03	4.389152e+01
7.775337e+02	8.447401e+00	7.117689e-03	5.246267e+01
8.941638e+02	8.013956e+00	6.248924e-03	6.299352e+01
1.028288e+03	7.589347e+00	5.486266e-03	7.593510e+01
1.182532e+03	7.162212e+00	4.841572e-03	9.191495e+01
1.359911e+03	6.736225e+00	4.270094e-03	1.117372e+02
1.563898e+03	6.314745e+00	3.762959e-03	1.364338e+02
1.798483e+03	5.901686e+00	3.307977e-03	1.673171e+02
2.068255e+03	5.496629e+00	2.942240e-03	2.060727e+02
2.378493e+03	5.096696e+00	2.598990e-03	2.549130e+02
2.735268e+03	4.711184e+00	2.288024e-03	3.166711e+02
3.145558e+03	4.352440e+00	2.020223e-03	3.948705e+02
3.617391e+03	4.012853e+00	1.799809e-03	4.939590e+02
4.160000e+03	3.690489e+00	1.600827e-03	6.197730e+02
4.784000e+03	3.385746e+00	1.394789e-03	7.797962e+02
5.501600e+03	3.099307e+00	1.220609e-03	9.835840e+02
6.326840e+03	2.833737e+00	1.076334e-03	1.243309e+03
7.275866e+03	2.588261e+00	9.544553e-04	1.574417e+03
8.367246e+03	2.361639e+00	8.464779e-04	1.996449e+03
9.622333e+03	2.154615e+00	7.361200e-04	2.534024e+03
