# Energy_MeV	dEdx_Elec_MeV_um	dEdx_Nucl_MeV_um	Range_um
1.000000e-05	5.138394e-03	3.300105e-02	3.892267e-03
1.150000e-05	5.510314e-03	3.649108e-02	4.173991e-03
1.322500e-05	5.909153e-03	4.032362e-02	4.476107e-03
1.520875e-05	6.336861e-03	4.452888e-02	4.800090e-03
1.749006e-05	6.795526e-03	4.919319e-02	5.147523e-03
2.011357e-05	7.287390e-03	5.412323e-02	5.520103e-03
2.313061e-05	7.814855e-03	5.956148e-02	5.919651e-03
2.660020e-05	8.380498e-03	6.566154e-02	6.348119e-03
3.059023e-05	8.987083e-03	7.225323e-02	6.807599e-03
3.517876e-05	9.637573e-03	7.950652e-02	7.300337e-03
4.045558e-05	1.033515e-02	8.716214e-02	7.828739e-03
4.652391e-05	1.108321e-02	9.553878e-02	8.395387e-03
5.350250e-05	1.188542e-02	1.049063e-01	9.003050e-03
6.152788e-05	1.274569e-02	1.149220e-01	9.654695e-03
7.075706e-05	1.366823e-02	1.258902e-01	1.035351e-02
8.137062e-05	1.465754e-02	1.375733e-01	1.110290e-02
9.357621e-05	1.571846e-02	1.503290e-01	1.190653e-02
1.076126e-04	8.430361e-03	1.641203e-01	1.276833e-02
1.237545e-04	9.066443e-03	1.784582e-01	1.369251e-02
1.423177e-04	9.748494e-03	1.943069e-01	1.468358e-02
1.636654e-04	1.047985e-02	2.111197e-01	1.574639e-02
1.882152e-04	1.126407e-02	2.291267e-01	1.688612e-02
2.164475e-04	1.210501e-02	2.479669e-01	1.810835e-02
2.489146e-04	1.300675e-02	2.680688e-01	1.941904e-02
2.862518e-04	1.397372e-02	2.902295e-01	2.082460e-02
3.291895e-04	1.501064e-02	3.137285e-01	2.233190e-02
3.785680e-04	1.612256e-02	3.377645e-01	2.394829e-02
4.353531e-04	1.731493e-02	3.629905e-01	2.568168e-02
5.006561e-04	1.859356e-02	3.894221e-01	2.754053e-02
5.757545e-04	1.996471e-02	4.182092e-01	2.953393e-02
6.621177e-04	2.143507e-02	4.483407e-01	3.167162e-02
7.614354e-04	2.301183e-02	4.788718e-01	3.396402e-02
8.756507e-04	2.470269e-02	5.113751e-01	3.642236e-02
1.006998e-03	2.651591e-02	5.437165e-01	3.905863e-02
1.158048e-03	2.846035e-02	5.771126e-01	4.188571e-02
1.331755e-03	3.054551e-02	6.113147e-01	4.491742e-02
1.531519e-03	3.278157e-02	6.460919e-01	4.816857e-02
1.761246e-03	3.517946e-02	6.824717e-01	5.165503e-02
2.025433e-03	3.775089e-02	7.156881e-01	5.539385e-02
2.329248e-03	4.050843e-02	7.497082e-01	5.940329e-02
2.678635e-03	4.346555e-02	7.862774e-01	6.370293e-02
3.080431e-03	4.663669e-02	8.212135e-01	6.831378e-02
3.542495e-03	5.003734e-02	8.562928e-01	7.325837e-02
4.073870e-03	5.368413e-02	8.874303e-01	7.856085e-02
4.684950e-03	5.759486e-02	9.180168e-01	8.424713e-02
5.387693e-03	6.178864e-02	9.502382e-01	9.034498e-02
6.195847e-03	6.628596e-02	9.794789e-01	9.688419e-02
7.125224e-03	7.110878e-02	1.007835e+00	1.038431e-01
8.194007e-03	7.628068e-02	1.033000e+00	1.114036e-01
9.423108e-03	8.182691e-02	1.057021e+00	1.194842e-01
1.083657e-02	8.777458e-02	1.079390e+00	1.281324e-01
1.246206e-02	9.415273e-02	1.097220e+00	1.374063e-01
1.433137e-02	1.009925e-01	1.115006e+00	1.473517e-01
1.648108e-02	1.083274e-01	1.130058e+00	1.580169e-01
1.895324e-02	1.161932e-01	1.142977e+00	1.694540e-01
2.179622e-02	1.246282e-01	1.153030e+00	1.817189e-01
2.506566e-02	1.336739e-01	1.160991e+00	1.948717e-01
2.882550e-02	1.433742e-01	1.168254e+00	2.089764e-01
3.314933e-02	1.537766e-01	1.173201e+00	2.241019e-01
3.812173e-02	1.649320e-01	1.174391e+00	2.403223e-01
4.383999e-02	1.768948e-01	1.173269e+00	2.577168e-01
5.041599e-02	1.897235e-01	1.169423e+00	2.763703e-01
5.797838e-02	2.034807e-01	1.163791e+00	2.963739e-01
6.667514e-02	2.182337e-01	1.155358e+00	3.178253e-01
7.667641e-02	2.340545e-01	1.143387e+00	3.408295e-01
8.817787e-02	2.510204e-01	1.128811e+00	3.654988e-01
1.014046e-01	2.692143e-01	1.111045e+00	3.919536e-01
1.166152e-01	2.887251e-01	1.090558e+00	4.203231e-01
1.341075e-01	3.096481e-01	1.067061e+00	4.507460e-01
1.542237e-01	3.320855e-01	1.040787e+00	4.833711e-01
1.773572e-01	3.561470e-01	1.011591e+00	5.183577e-01
2.039608e-01	3.819500e-01	9.815023e-01	5.558765e-01
2.345549e-01	4.096206e-01	9.488366e-01	5.961107e-01
2.697381e-01	4.392941e-01	9.123452e-01	6.392572e-01
3.101989e-01	4.711153e-01	8.753605e-01	6.855270e-01
3.567287e-01	5.052398e-01	8.361420e-01	7.351457e-01
4.102380e-01	5.418343e-01	7.986036e-01	7.883555e-01
4.717737e-01	5.810774e-01	7.598701e-01	8.454171e-01
5.425397e-01	6.231610e-01	7.175772e-01	9.066084e-01
6.239207e-01	6.682906e-01	6.772001e-01	9.722240e-01
7.175088e-01	7.166880e-01	6.359536e-01	1.042637e+00
8.251351e-01	7.685903e-01	5.967476e-01	1.118712e+00
9.489054e-01	8.242492e-01	5.576241e-01	1.201104e+00
1.091241e+00	8.839367e-01	5.187596e-01	1.290383e+00
1.254927e+00	9.479445e-01	4.841922e-01	1.387213e+00
1.443166e+00	1.016585e+00	4.483033e-01	1.492356e+00
1.659641e+00	1.090195e+00	4.147774e-01	1.606691e+00
1.908588e+00	1.158981e+00	3.831090e-01	1.731251e+00
2.194876e+00	1.242469e+00	3.539695e-01	1.867265e+00
2.524107e+00	1.359789e+00	3.261312e-01	2.016214e+00
2.902723e+00	1.486977e+00	2.992528e-01	2.179914e+00
3.338132e+00	1.627482e+00	2.764782e-01	2.360619e+00
3.838852e+00	1.772503e+00	2.578898e-01	2.561168e+00
4.414679e+00	1.933109e+00	2.365130e-01	2.688078e+00
5.076881e+00	2.104801e+00	2.119298e-01	2.628562e+00
5.838413e+00	2.289728e+00	1.883056e-01	2.575877e+00
6.714175e+00	2.495098e+00	1.678246e-01	2.531987e+00
7.721302e+00	2.706071e+00	1.519132e-01	2.498976e+00
8.879497e+00	2.946358e+00	1.363249e-01	2.479065e+00
1.021142e+01	3.218108e+00	1.231920e-01	2.474561e+00
1.174313e+01	3.512637e+00	1.111489e-01	2.488045e+00
1.350460e+01	3.840692e+00	1.000224e-01	2.522201e+00
1.553030e+01	4.172790e+00	8.996443e-02	2.579849e+00
1.785984e+01	4.521127e+00	8.017353e-02	2.663947e+00
2.053882e+01	4.870248e+00	7.268202e-02	2.777591e+00
2.361964e+01	5.215772e+00	6.560032e-02	2.924046e+00
2.716258e+01	5.583104e+00	5.821736e-02	3.106825e+00
3.123697e+01	5.912207e+00	5.196703e-02	3.329835e+00
3.592252e+01	6.242172e+00	4.616750e-02	3.597557e+00
4.131089e+01	6.562902e+00	4.157856e-02	3.915439e+00
4.750753e+01	6.851004e+00	3.735348e-02	4.290122e+00
5.463366e+01	7.144232e+00	3.301092e-02	4.729884e+00
6.282871e+01	7.383308e+00	2.932737e-02	5.245080e+00
7.225301e+01	7.578018e+00	2.596978e-02	5.848637e+00
8.309096e+01	7.724882e+00	2.313292e-02	6.556681e+00
9.555461e+01	7.863842e+00	2.054039e-02	7.389237e+00
1.098878e+02	7.991398e+00	1.816157e-02	8.371139e+00
1.263710e+02	8.039454e+00	1.625584e-02	9.533413e+00
1.453266e+02	9.972909e+00	1.440272e-02	1.091318e+01
1.671256e+02	9.613097e+00	1.279018e-02	1.255979e+01
1.921945e+02	9.255055e+00	1.138785e-02	1.453891e+01
2.210236e+02	8.861491e+00	1.017202e-02	1.691597e+01
2.541772e+02	8.451005e+00	9.069140e-03	1.978216e+01
2.923037e+02	8.023421e+00	7.989318e-03	2.325474e+01
3.361493e+02	7.595864e+00	7.013052e-03	2.748005e+01
3.865717e+02	7.168977e+00	6.244606e-03	3.263864e+01
4.445574e+02	6.741892e+00	5.551864e-03	3.897214e+01
5.112411e+02	6.324715e+00	4.935090e-03	4.680573e+01
5.879272e+02	5.935123e+00	4.339991e-03	5.651889e+01
6.761163e+02	5.586421e+00	3.802854e-03	6.853334e+01
7.775337e+02	5.244193e+00	3.367176e-03	8.342858e+01
8.941638e+02	4.905422e+00	2.949192e-03	1.019814e+02
1.028288e+03	4.573442e+00	2.612277e-03	1.251897e+02
1.182532e+03	4.249811e+00	2.314321e-03	1.543366e+02
1.359911e+03	3.937443e+00	2.043932e-03	1.910606e+02
1.563898e+03	3.633926e+00	1.806642e-03	2.374885e+02
1.798483e+03	3.340938e+00	1.579237e-03	2.964092e+02
2.068255e+03	3.063998e+00	1.412426e-03	3.713637e+02
2.378493e+03	2.809697e+00	1.257271e-03	4.667620e+02
2.735268e+03	2.570484e+00	1.097040e-03	5.882570e+02
3.145558e+03	2.346774e+00	9.627312e-04	7.432460e+02
3.617391e+03	2.138099e+00	8.425050e-04	9.411558e+02
4.160000e+03	1.944946e+00	7.497940e-04	1.194026e+03
4.784000e+03	1.768160e+00	6.656318e-04	1.517154e+03
5.501600e+03	1.606557e+00	5.797554e-04	1.929908e+03
6.326840e+03	1.459311e+00	5.069610e-04	2.456735e+03
7.275866e+03	1.326584e+00	4.431814e-04	3.128329e+03
8.367246e+03	1.207486e+00	3.892084e-04	3.983023e+03
9.622333e+03	1.100506e+00	3.412895e-04	5.068430e+03
