# Energy_MeV	dEdx_Elec_MeV_um	dEdx_Nucl_MeV_um	Range_um
1.000000e-05	5.075617e-03	2.593869e-02	3.940408e-03
1.150000e-05	5.442993e-03	2.839613e-02	4.225616e-03
1.322500e-05	5.836960e-03	3.154899e-02	4.531469e-03
1.520875e-05	6.259442e-03	3.496099e-02	4.859459e-03
1.749006e-05	6.712504e-03	3.879668e-02	5.211189e-03
2.011357e-05	7.198358e-03	4.310362e-02	5.588378e-03
2.313061e-05	7.719379e-03	4.776654e-02	5.992867e-03
2.660020e-05	8.278112e-03	5.294499e-02	6.426634e-03
3.059023e-05	8.877286e-03	5.861737e-02	6.891798e-03
3.517876e-05	9.519829e-03	6.487419e-02	7.390629e-03
4.045558e-05	1.020888e-02	7.169598e-02	7.925567e-03
4.652391e-05	1.094780e-02	7.916798e-02	8.499224e-03
5.350250e-05	1.174021e-02	8.748523e-02	9.114402e-03
6.152788e-05	1.258997e-02	9.656602e-02	9.774108e-03
7.075706e-05	1.350124e-02	1.063259e-01	1.048156e-02
8.137062e-05	1.447847e-02	1.168453e-01	1.124022e-02
9.357621e-05	1.552643e-02	1.289324e-01	1.205380e-02
1.076126e-04	1.665024e-02	1.419208e-01	1.292626e-02
1.237545e-04	1.785539e-02	1.559796e-01	1.386187e-02
1.423177e-04	9.587018e-03	1.711110e-01	1.486520e-02
1.636654e-04	1.030592e-02	1.872514e-01	1.594115e-02
1.882152e-04	1.107681e-02	2.058129e-01	1.709498e-02
2.164475e-04	1.190343e-02	2.254833e-01	1.833232e-02
2.489146e-04	1.278984e-02	2.467347e-01	1.965922e-02
2.862518e-04	1.374036e-02	2.697908e-01	2.108217e-02
3.291895e-04	1.475964e-02	2.944950e-01	2.260810e-02
3.785680e-04	1.585265e-02	3.213403e-01	2.424449e-02
4.353531e-04	1.702473e-02	3.494619e-01	2.599932e-02
5.006561e-04	1.828162e-02	3.803715e-01	2.788116e-02
5.757545e-04	1.962945e-02	4.134535e-01	2.989922e-02
6.621177e-04	2.107481e-02	4.482288e-01	3.206334e-02
7.614354e-04	2.262476e-02	4.842593e-01	3.438410e-02
8.756507e-04	2.428686e-02	5.240905e-01	3.687284e-02
1.006998e-03	2.606925e-02	5.678300e-01	3.954172e-02
1.158048e-03	2.798062e-02	6.125064e-01	4.240377e-02
1.331755e-03	3.003032e-02	6.599089e-01	4.547297e-02
1.531519e-03	3.222836e-02	7.076510e-01	4.876433e-02
1.761246e-03	3.458548e-02	7.600243e-01	5.229392e-02
2.025433e-03	3.711319e-02	8.168221e-01	5.607898e-02
2.329248e-03	3.982384e-02	8.736577e-01	6.013801e-02
2.678635e-03	4.273067e-02	9.339239e-01	6.449083e-02
3.080431e-03	4.584789e-02	9.958688e-01	6.915871e-02
3.542495e-03	4.919072e-02	1.059875e+00	7.416445e-02
4.073870e-03	5.277550e-02	1.123507e+00	7.953252e-02
4.684950e-03	5.661973e-02	1.188498e+00	8.528912e-02
5.387693e-03	6.074220e-02	1.257105e+00	9.146239e-02
6.195847e-03	6.516305e-02	1.325728e+00	9.808249e-02
7.125224e-03	6.990388e-02	1.391086e+00	1.051818e-01
8.194007e-03	7.498783e-02	1.454095e+00	1.127949e-01
9.423108e-03	8.043977e-02	1.526556e+00	1.209590e-01
1.083657e-02	8.628630e-02	1.594040e+00	1.297141e-01
1.246206e-02	9.255601e-02	1.659181e+00	1.391029e-01
1.433137e-02	9.927951e-02	1.719820e+00	1.491712e-01
1.648108e-02	1.064897e-01	1.775338e+00	1.599620e-01
1.895324e-02	1.142217e-01	1.839184e+00	1.715530e-01
2.179622e-02	1.225133e-01	1.894797e+00	1.839664e-01
2.506566e-02	1.314052e-01	1.946914e+00	1.972836e-01
2.882550e-02	1.409406e-01	1.995660e+00	2.115624e-01
3.314933e-02	1.511661e-01	2.039599e+00	2.268751e-01
3.812173e-02	1.621318e-01	2.080622e+00	2.432962e-01
4.383999e-02	1.738912e-01	2.114729e+00	2.609058e-01
5.041599e-02	1.865018e-01	2.148109e+00	2.797899e-01
5.797838e-02	2.000251e-01	2.176745e+00	3.000409e-01
6.667514e-02	2.145272e-01	2.199609e+00	3.217577e-01
7.667641e-02	2.300790e-01	2.216364e+00	3.450465e-01
8.817787e-02	2.467565e-01	2.232138e+00	3.700208e-01
1.014046e-01	2.646410e-01	2.246256e+00	3.968027e-01
1.166152e-01	2.838201e-01	2.252760e+00	4.255231e-01
1.341075e-01	3.043873e-01	2.254900e+00	4.563225e-01
1.542237e-01	3.264432e-01	2.250321e+00	4.893511e-01
1.773572e-01	3.500956e-01	2.242699e+00	5.247702e-01
2.039608e-01	3.754598e-01	2.231392e+00	5.627529e-01
2.345549e-01	4.026600e-01	2.212756e+00	6.034850e-01
2.697381e-01	4.318290e-01	2.188969e+00	6.471654e-01
3.101989e-01	4.631091e-01	2.159309e+00	6.940073e-01
3.567287e-01	4.966534e-01	2.124083e+00	7.442395e-01
4.102380e-01	5.326256e-01	2.083331e+00	7.981074e-01
4.717737e-01	5.712015e-01	2.036934e+00	8.558747e-01
5.425397e-01	6.125696e-01	1.984952e+00	9.178232e-01
6.239207e-01	6.569319e-01	1.928098e+00	9.842554e-01
7.175088e-01	7.045051e-01	1.868913e+00	1.055496e+00
8.251351e-01	7.555218e-01	1.806038e+00	1.131893e+00
9.489054e-01	8.102310e-01	1.733756e+00	1.213820e+00
1.091241e+00	8.689001e-01	1.661989e+00	1.301675e+00
1.254927e+00	9.318158e-01	1.586771e+00	1.395900e+00
1.443166e+00	9.992853e-01	1.513814e+00	1.496902e+00
1.659641e+00	1.071641e+00	1.440943e+00	1.605612e+00
1.908588e+00	1.149234e+00	1.357772e+00	1.723317e+00
2.194876e+00	1.232443e+00	1.280086e+00	1.850791e+00
2.524107e+00	1.321675e+00	1.201803e+00	1.988986e+00
2.902723e+00	1.417366e+00	1.125905e+00	2.138948e+00
3.338132e+00	1.519983e+00	1.052109e+00	2.301892e+00
3.838852e+00	1.622455e+00	9.794493e-01	2.479229e+00
4.414679e+00	1.723566e+00	9.128656e-01	2.672628e+00
5.076881e+00	1.869762e+00	8.441659e-01	2.884085e+00
5.838413e+00	2.049207e+00	7.796327e-01	3.116031e+00
6.714175e+00	2.239341e+00	7.203153e-01	3.371461e+00
7.721302e+00	2.448770e+00	6.678633e-01	3.654119e+00
8.879497e+00	2.676238e+00	6.127027e-01	3.968741e+00
1.021142e+01	2.918438e+00	5.600513e-01	4.321387e+00
1.174313e+01	3.186684e+00	5.229609e-01	4.719865e+00
1.350460e+01	3.464095e+00	4.861285e-01	5.174286e+00
1.553030e+01	3.754588e+00	4.437713e-01	5.697781e+00
1.785984e+01	4.055949e+00	3.950604e-01	5.848056e+00
2.053882e+01	4.389513e+00	3.487159e-01	5.518682e+00
2.361964e+01	4.759971e+00	3.148476e-01	5.261543e+00
2.716258e+01	5.137925e+00	2.835277e-01	5.071828e+00
3.123697e+01	5.551401e+00	2.552979e-01	4.945999e+00
3.592252e+01	6.007654e+00	2.296918e-01	4.881556e+00
4.131089e+01	6.502152e+00	2.075270e-01	4.876852e+00
4.750753e+01	7.057548e+00	1.873227e-01	4.930843e+00
5.463366e+01	7.665286e+00	1.675209e-01	5.043404e+00
6.282871e+01	8.304814e+00	1.498907e-01	5.215019e+00
7.225301e+01	8.997631e+00	1.355736e-01	5.447079e+00
8.309096e+01	9.656475e+00	1.228527e-01	5.742109e+00
9.555461e+01	1.036105e+01	1.084300e-01	6.104064e+00
1.098878e+02	1.105941e+01	9.666270e-02	6.538646e+00
1.263710e+02	1.173941e+01	8.606444e-02	7.053655e+00
1.453266e+02	1.244997e+01	7.743849e-02	7.659334e+00
1.671256e+02	1.298612e+01	6.987712e-02	8.368804e+00
1.921945e+02	1.357629e+01	6.140249e-02	9.198619e+00
2.210236e+02	1.420499e+01	5.455292e-02	1.016935e+01
2.541772e+02	1.472779e+01	4.840276e-02	1.130623e+01
2.923037e+02	1.829303e+01	4.299867e-02	1.264080e+01
3.361493e+02	1.788355e+01	3.822348e-02	1.420914e+01
3.865717e+02	1.763025e+01	3.391333e-02	1.606625e+01
4.445574e+02	1.724742e+01	3.032907e-02	1.826836e+01
5.112411e+02	1.677149e+01	2.683394e-02	2.087857e+01
5.879272e+02	1.621365e+01	2.377466e-02	2.398530e+01
6.761163e+02	1.560858e+01	2.118327e-02	2.769954e+01
7.775337e+02	1.498128e+01	1.906695e-02	3.215330e+01
8.941638e+02	1.431509e+01	1.688164e-02	3.751379e+01
1.028288e+03	1.366355e+01	1.476021e-02	4.401165e+01
1.182532e+03	1.300853e+01	1.309340e-02	5.193370e+01
1.359911e+03	1.244004e+01	1.158520e-02	6.157718e+01
1.563898e+03	1.190514e+01	1.040056e-02	7.329920e+01
1.798483e+03	1.135557e+01	9.178446e-03	8.761225e+01
2.068255e+03	1.079546e+01	8.008617e-03	1.051734e+02
2.378493e+03	1.023242e+01	7.095158e-03	1.268200e+02
2.735268e+03	9.668754e+00	6.237752e-03	1.536099e+02
3.145558e+03	9.108034e+00	5.492629e-03	1.868878e+02
3.617391e+03	8.542154e+00	4.842761e-03	2.284091e+02
4.160000e+03	7.986348e+00	4.295601e-03	2.804284e+02
4.784000e+03	7.456396e+00	3.810701e-03	3.457382e+02
5.501600e+03	6.949001e+00	3.343506e-03	4.278155e+02
6.326840e+03	6.458067e+00	2.939539e-03	5.312077e+02
7.275866e+03	5.987074e+00	2.625784e-03	6.617771e+02
8.367246e+03	5.537573e+00	2.345870e-03	8.269873e+02
9.622333e+03	5.111904e+00	2.033332e-03	1.036354e+03
