# Energy_MeV	dEdx_Elec_MeV_um	dEdx_Nucl_MeV_um	Range_um
1.000000e-05	4.925802e-03	2.857340e-02	4.060253e-03
1.150000e-05	5.282334e-03	3.176229e-02	4.354136e-03
1.322500e-05	5.664672e-03	3.522375e-02	4.669291e-03
1.520875e-05	6.074684e-03	3.904455e-02	5.007257e-03
1.749006e-05	6.514373e-03	4.323745e-02	5.369684e-03
2.011357e-05	6.985886e-03	4.783186e-02	5.758345e-03
2.313061e-05	7.491528e-03	5.292292e-02	6.175137e-03
2.660020e-05	8.033769e-03	5.844434e-02	6.622097e-03
3.059023e-05	8.615258e-03	6.458712e-02	7.101408e-03
3.517876e-05	9.238835e-03	7.130773e-02	7.615411e-03
4.045558e-05	9.907546e-03	7.854459e-02	8.166619e-03
4.652391e-05	1.062466e-02	8.637431e-02	8.757723e-03
5.350250e-05	1.139368e-02	9.515953e-02	9.391612e-03
6.152788e-05	1.221836e-02	1.048545e-01	1.007138e-02
7.075706e-05	1.310273e-02	1.152945e-01	1.080035e-02
8.137062e-05	1.405111e-02	1.265769e-01	1.158209e-02
9.357621e-05	1.506814e-02	1.386351e-01	1.242041e-02
1.076126e-04	1.615878e-02	1.521261e-01	1.331940e-02
1.237545e-04	1.732836e-02	1.668955e-01	1.428347e-02
1.423177e-04	1.858260e-02	1.826795e-01	1.531731e-02
1.636654e-04	1.992761e-02	1.998218e-01	1.642599e-02
1.882152e-04	2.136999e-02	2.184180e-01	1.761491e-02
2.164475e-04	2.291676e-02	2.383528e-01	1.888989e-02
2.489146e-04	2.457548e-02	2.593806e-01	2.025715e-02
2.862518e-04	2.635427e-02	2.821895e-01	2.172337e-02
3.291895e-04	2.826181e-02	3.069265e-01	2.329572e-02
3.785680e-04	3.030741e-02	3.335395e-01	2.498187e-02
4.353531e-04	3.250108e-02	3.607050e-01	2.679007e-02
5.006561e-04	3.485352e-02	3.896555e-01	2.872915e-02
5.757545e-04	3.737624e-02	4.225806e-01	3.080859e-02
6.621177e-04	4.008155e-02	4.564563e-01	3.303853e-02
7.614354e-04	4.298267e-02	4.922736e-01	3.542987e-02
8.756507e-04	4.609378e-02	5.286525e-01	3.799431e-02
1.006998e-03	4.943008e-02	5.667189e-01	4.074436e-02
1.158048e-03	5.300785e-02	6.097128e-01	4.369345e-02
1.331755e-03	5.684459e-02	6.531494e-01	4.685601e-02
1.531519e-03	6.095903e-02	6.984364e-01	5.024747e-02
1.761246e-03	6.537128e-02	7.452932e-01	5.388441e-02
2.025433e-03	7.010288e-02	7.931104e-01	5.778459e-02
2.329248e-03	7.517697e-02	8.426702e-01	6.196707e-02
2.678635e-03	8.061832e-02	8.919596e-01	6.645228e-02
3.080431e-03	8.645351e-02	9.438982e-01	7.126213e-02
3.542495e-03	9.271106e-02	9.963466e-01	7.642012e-02
4.073870e-03	9.942154e-02	1.046707e+00	8.195145e-02
4.684950e-03	1.066177e-01	1.095642e+00	8.788314e-02
5.387693e-03	1.143348e-01	1.148308e+00	9.424417e-02
6.195847e-03	1.226104e-01	1.201835e+00	1.010656e-01
7.125224e-03	1.314850e-01	1.252239e+00	1.083808e-01
8.194007e-03	1.410019e-01	1.300290e+00	1.162255e-01
9.423108e-03	1.512077e-01	1.344247e+00	1.246379e-01
1.083657e-02	1.621522e-01	1.390652e+00	1.336593e-01
1.246206e-02	1.738889e-01	1.436146e+00	1.433363e-01
1.433137e-02	1.864751e-01	1.476843e+00	1.537135e-01
1.648108e-02	1.999722e-01	1.515423e+00	1.648362e-01
1.895324e-02	2.144463e-01	1.551568e+00	1.767686e-01
2.179622e-02	2.299681e-01	1.583857e+00	1.895625e-01
2.506566e-02	2.466133e-01	1.611312e+00	2.032829e-01
2.882550e-02	2.644633e-01	1.636844e+00	2.179964e-01
3.314933e-02	2.836053e-01	1.660426e+00	2.337749e-01
3.812173e-02	3.041328e-01	1.680651e+00	2.506953e-01
4.383999e-02	3.261460e-01	1.695196e+00	2.688404e-01
5.041599e-02	3.497527e-01	1.706661e+00	2.882989e-01
5.797838e-02	3.750680e-01	1.718887e+00	3.091660e-01
6.667514e-02	4.022156e-01	1.726057e+00	3.315433e-01
7.667641e-02	4.313282e-01	1.729032e+00	3.555402e-01
8.817787e-02	4.625479e-01	1.727460e+00	3.812741e-01
1.014046e-01	4.960274e-01	1.721919e+00	4.088707e-01
1.166152e-01	5.319301e-01	1.714839e+00	4.384647e-01
1.341075e-01	5.704315e-01	1.702715e+00	4.702008e-01
1.542237e-01	6.117196e-01	1.685891e+00	5.042337e-01
1.773572e-01	6.559962e-01	1.664910e+00	5.407301e-01
2.039608e-01	7.034776e-01	1.639423e+00	5.798683e-01
2.345549e-01	7.543956e-01	1.609830e+00	6.218393e-01
2.697381e-01	8.089992e-01	1.575989e+00	6.668480e-01
3.101989e-01	8.675550e-01	1.537616e+00	7.151143e-01
3.567287e-01	9.303491e-01	1.495556e+00	7.668744e-01
4.102380e-01	9.976882e-01	1.451029e+00	8.223811e-01
4.717737e-01	1.069901e+00	1.404020e+00	8.819053e-01
5.425397e-01	1.147341e+00	1.351466e+00	9.457376e-01
6.239207e-01	1.230387e+00	1.296066e+00	1.014190e+00
7.175088e-01	1.319443e+00	1.239675e+00	1.087598e+00
8.251351e-01	1.414945e+00	1.182828e+00	1.166317e+00
9.489054e-01	1.517359e+00	1.127143e+00	1.250743e+00
1.091241e+00	1.627186e+00	1.066233e+00	1.341243e+00
1.254927e+00	1.731934e+00	1.004679e+00	1.438610e+00
1.443166e+00	1.839480e+00	9.454393e-01	1.544021e+00
1.659641e+00	1.952327e+00	8.862568e-01	1.658176e+00
1.908588e+00	2.070247e+00	8.280059e-01	1.781929e+00
2.194876e+00	1.096550e+00	7.717393e-01	1.916209e+00
2.524107e+00	1.175942e+00	7.197073e-01	2.062103e+00
2.902723e+00	1.257649e+00	6.681513e-01	2.220870e+00
3.338132e+00	1.341306e+00	6.171347e-01	2.393995e+00
3.838852e+00	1.458134e+00	5.688212e-01	2.583258e+00
4.414679e+00	1.603259e+00	5.267632e-01	2.790820e+00
5.076881e+00	1.756052e+00	4.866708e-01	3.019345e+00
5.838413e+00	1.924848e+00	4.436632e-01	3.272160e+00
6.714175e+00	2.106476e+00	4.107817e-01	3.553471e+00
7.721302e+00	2.299674e+00	3.840109e-01	3.868657e+00
8.879497e+00	2.513202e+00	3.532244e-01	4.224644e+00
1.021142e+01	2.729756e+00	3.178199e-01	4.369157e+00
1.174313e+01	2.961160e+00	2.802076e-01	4.190784e+00
1.350460e+01	3.202335e+00	2.506622e-01	4.043509e+00
1.553030e+01	3.473021e+00	2.263252e-01	3.928537e+00
1.785984e+01	3.778279e+00	2.038447e-01	3.847279e+00
2.053882e+01	4.101672e+00	1.838859e-01	3.801356e+00
2.361964e+01	4.462647e+00	1.655899e-01	3.792592e+00
2.716258e+01	4.865503e+00	1.495574e-01	3.822864e+00
3.123697e+01	5.284168e+00	1.341257e-01	3.894524e+00
3.592252e+01	5.744473e+00	1.200099e-01	4.009884e+00
4.131089e+01	6.219664e+00	1.082539e-01	4.171529e+00
4.750753e+01	6.705299e+00	9.809033e-02	4.382410e+00
5.463366e+01	7.209638e+00	8.745748e-02	4.646050e+00
6.282871e+01	7.672471e+00	7.754080e-02	4.966834e+00
7.225301e+01	8.160351e+00	6.923337e-02	5.350348e+00
8.309096e+01	8.624796e+00	6.194902e-02	5.803739e+00
9.555461e+01	9.069323e+00	5.589233e-02	6.336189e+00
1.098878e+02	9.517608e+00	4.957213e-02	6.959338e+00
1.263710e+02	9.821398e+00	4.377879e-02	7.687797e+00
1.453266e+02	1.014434e+01	3.897330e-02	8.539789e+00
1.671256e+02	1.047701e+01	3.457196e-02	9.537912e+00
1.921945e+02	1.072762e+01	3.066097e-02	1.070995e+01
2.210236e+02	1.094149e+01	2.717892e-02	1.209069e+01
2.541772e+02	1.383227e+01	2.428549e-02	1.372031e+01
2.923037e+02	1.349751e+01	2.161736e-02	1.565852e+01
3.361493e+02	1.309209e+01	1.912294e-02	1.796985e+01
3.865717e+02	1.263082e+01	1.695618e-02	2.072603e+01
4.445574e+02	1.212284e+01	1.520113e-02	2.402721e+01
5.112411e+02	1.159032e+01	1.361279e-02	2.799990e+01
5.879272e+02	1.105226e+01	1.191459e-02	3.279671e+01
6.761163e+02	1.049363e+01	1.050682e-02	3.861081e+01
7.775337e+02	9.947051e+00	9.299564e-03	4.570739e+01
8.941638e+02	9.404664e+00	8.299856e-03	5.442241e+01
1.028288e+03	8.926691e+00	7.411587e-03	6.511633e+01
1.182532e+03	8.477756e+00	6.473928e-03	7.821941e+01
1.359911e+03	8.024864e+00	5.699788e-03	9.434380e+01
1.563898e+03	7.569893e+00	5.027906e-03	1.142802e+02
1.798483e+03	7.118463e+00	4.425275e-03	1.390416e+02
2.068255e+03	6.672583e+00	3.909456e-03	1.699167e+02
2.378493e+03	6.235945e+00	3.454334e-03	2.085501e+02
2.735268e+03	5.800313e+00	3.064880e-03	2.570932e+02
3.145558e+03	5.376959e+00	2.698415e-03	3.183254e+02
3.617391e+03	4.978309e+00	2.370678e-03	3.957164e+02
4.160000e+03	4.602806e+00	2.106795e-03	4.935980e+02
4.784000e+03	4.244227e+00	1.884360e-03	6.176274e+02
5.501600e+03	3.903880e+00	1.650393e-03	7.751181e+02
6.326840e+03	3.582477e+00	1.438809e-03	9.753906e+02
7.275866e+03	3.282408e+00	1.266844e-03	1.230338e+03
8.367246e+03	3.003931e+00	1.118580e-03	1.555066e+03
9.622333e+03	2.745816e+00	9.980792e-04	1.968705e+03
