# Energy_MeV	dEdx_Elec_MeV_um	dEdx_Nucl_MeV_um	Range_um
1.000000e-05	5.260553e-03	3.152120e-02	3.801881e-03
1.150000e-05	5.641315e-03	3.491267e-02	4.077064e-03
1.322500e-05	6.049636e-03	3.867328e-02	4.372164e-03
1.520875e-05	6.487512e-03	4.278960e-02	4.688623e-03
1.749006e-05	6.957082e-03	4.726077e-02	5.027988e-03
2.011357e-05	7.460639e-03	5.222075e-02	5.391917e-03
2.313061e-05	8.000644e-03	5.766256e-02	5.782186e-03
2.660020e-05	8.579735e-03	6.366084e-02	6.200704e-03
3.059023e-05	9.200741e-03	7.004415e-02	6.649514e-03
3.517876e-05	9.866695e-03	7.703375e-02	7.130810e-03
4.045558e-05	1.058085e-02	8.495285e-02	7.646941e-03
4.652391e-05	1.134670e-02	9.350846e-02	8.200431e-03
5.350250e-05	1.216798e-02	1.027518e-01	8.793983e-03
6.152788e-05	1.304870e-02	1.126641e-01	9.430496e-03
7.075706e-05	1.399318e-02	1.233769e-01	1.011308e-02
8.137062e-05	1.500601e-02	1.354798e-01	1.084507e-02
9.357621e-05	1.609215e-02	1.484664e-01	1.163004e-02
1.076126e-04	1.725691e-02	1.624253e-01	1.247183e-02
1.237545e-04	1.850598e-02	1.776087e-01	1.337455e-02
1.423177e-04	1.984545e-02	1.937576e-01	1.434261e-02
1.636654e-04	2.128187e-02	2.112804e-01	1.538073e-02
1.882152e-04	2.282227e-02	2.299128e-01	1.649400e-02
2.164475e-04	2.447415e-02	2.501258e-01	1.768784e-02
2.489146e-04	2.624561e-02	2.719498e-01	1.896810e-02
2.862518e-04	2.814528e-02	2.944033e-01	2.034102e-02
3.291895e-04	3.018245e-02	3.183215e-01	2.181331e-02
3.785680e-04	3.236707e-02	3.447514e-01	2.339217e-02
4.353531e-04	3.470981e-02	3.728740e-01	2.508531e-02
5.006561e-04	3.722213e-02	4.025455e-01	2.690099e-02
5.757545e-04	3.991629e-02	4.329279e-01	2.884810e-02
6.621177e-04	4.280545e-02	4.646305e-01	3.093614e-02
7.614354e-04	4.590373e-02	4.993827e-01	3.317532e-02
8.756507e-04	4.922626e-02	5.357009e-01	3.557656e-02
1.006998e-03	5.278929e-02	5.734617e-01	3.815162e-02
1.158048e-03	5.661020e-02	6.122766e-01	4.091305e-02
1.331755e-03	6.070768e-02	6.531127e-01	4.387436e-02
1.531519e-03	6.510173e-02	6.947762e-01	4.705001e-02
1.761246e-03	6.981383e-02	7.357592e-01	5.045551e-02
2.025433e-03	7.486699e-02	7.789373e-01	5.410751e-02
2.329248e-03	8.028591e-02	8.228082e-01	5.802384e-02
2.678635e-03	8.609704e-02	8.674892e-01	6.222363e-02
3.080431e-03	9.232879e-02	9.096997e-01	6.672741e-02
3.542495e-03	9.901160e-02	9.515093e-01	7.155718e-02
4.073870e-03	1.061781e-01	9.975159e-01	7.673653e-02
4.684950e-03	5.693883e-02	1.041774e+00	8.229076e-02
5.387693e-03	6.108544e-02	1.083467e+00	8.824700e-02
6.195847e-03	6.553216e-02	1.122623e+00	9.463437e-02
7.125224e-03	7.030074e-02	1.159462e+00	1.014841e-01
8.194007e-03	7.541446e-02	1.199250e+00	1.088295e-01
9.423108e-03	8.089831e-02	1.236011e+00	1.167014e-01
1.083657e-02	8.677907e-02	1.269203e+00	1.251584e-01
1.246206e-02	9.308548e-02	1.301045e+00	1.342148e-01
1.433137e-02	9.984834e-02	1.328747e+00	1.439304e-01
1.648108e-02	1.071007e-01	1.354605e+00	1.543477e-01
1.895324e-02	1.148780e-01	1.377205e+00	1.655192e-01
2.179622e-02	1.232182e-01	1.398000e+00	1.774994e-01
2.506566e-02	1.321620e-01	1.416821e+00	1.903467e-01
2.882550e-02	1.417532e-01	1.430480e+00	2.041239e-01
3.314933e-02	1.520387e-01	1.441633e+00	2.188982e-01
3.812173e-02	1.630686e-01	1.452099e+00	2.347419e-01
4.383999e-02	1.748968e-01	1.459893e+00	2.517325e-01
5.041599e-02	1.875812e-01	1.464265e+00	2.699528e-01
5.797838e-02	2.011836e-01	1.464560e+00	2.894918e-01
6.667514e-02	2.157706e-01	1.461553e+00	3.104451e-01
7.667641e-02	2.314135e-01	1.456496e+00	3.329152e-01
8.817787e-02	2.481885e-01	1.448074e+00	3.570116e-01
1.014046e-01	2.661778e-01	1.435746e+00	3.828520e-01
1.166152e-01	2.854691e-01	1.419590e+00	4.105627e-01
1.341075e-01	3.061567e-01	1.399883e+00	4.402792e-01
1.542237e-01	3.283417e-01	1.376467e+00	4.721468e-01
1.773572e-01	3.521325e-01	1.349503e+00	5.063208e-01
2.039608e-01	3.776452e-01	1.318712e+00	5.429682e-01
2.345549e-01	4.050046e-01	1.284695e+00	5.822682e-01
2.697381e-01	4.343443e-01	1.247554e+00	6.244130e-01
3.101989e-01	4.658076e-01	1.208651e+00	6.696082e-01
3.567287e-01	4.995482e-01	1.166930e+00	7.180746e-01
4.102380e-01	5.357310e-01	1.120636e+00	7.700488e-01
4.717737e-01	5.745327e-01	1.073060e+00	8.257850e-01
5.425397e-01	6.161428e-01	1.024881e+00	8.855559e-01
6.239207e-01	6.607648e-01	9.769920e-01	9.496514e-01
7.175088e-01	7.086165e-01	9.286385e-01	1.018394e+00
8.251351e-01	7.599318e-01	8.761104e-01	1.092082e+00
9.489054e-01	8.149640e-01	8.246203e-01	1.171396e+00
1.091241e+00	8.739799e-01	7.746813e-01	1.257274e+00
1.254927e+00	9.372673e-01	7.245011e-01	1.350280e+00
1.443166e+00	1.005136e+00	6.773321e-01	1.451109e+00
1.659641e+00	1.077916e+00	6.310025e-01	1.560523e+00
1.908588e+00	1.155965e+00	5.868526e-01	1.679411e+00
2.194876e+00	1.235107e+00	5.434023e-01	1.808802e+00
2.524107e+00	1.315822e+00	5.006335e-01	1.949913e+00
2.902723e+00	1.430299e+00	4.637985e-01	2.104204e+00
3.338132e+00	1.569686e+00	4.289192e-01	2.273448e+00
3.838852e+00	1.716185e+00	3.923175e-01	2.459832e+00
4.414679e+00	1.876557e+00	3.612164e-01	2.666090e+00
5.076881e+00	2.049490e+00	3.364421e-01	2.895683e+00
5.838413e+00	2.231247e+00	3.120021e-01	3.153035e+00
6.714175e+00	2.431545e+00	2.838961e-01	3.280642e+00
7.721302e+00	2.637134e+00	2.515741e-01	3.170072e+00
8.879497e+00	2.857437e+00	2.240258e-01	3.076344e+00
1.021142e+01	3.092705e+00	2.013998e-01	3.001228e+00
1.174313e+01	3.357376e+00	1.818862e-01	2.946597e+00
1.350460e+01	3.655790e+00	1.636590e-01	2.914445e+00
1.553030e+01	3.977695e+00	1.469613e-01	2.906853e+00
1.785984e+01	4.332129e+00	1.331328e-01	2.926081e+00
2.053882e+01	4.725718e+00	1.196798e-01	2.974524e+00
2.361964e+01	5.115789e+00	1.073851e-01	3.054655e+00
2.716258e+01	5.539341e+00	9.627518e-02	3.169074e+00
3.123697e+01	5.970601e+00	8.692923e-02	3.320556e+00
3.592252e+01	6.399700e+00	7.848828e-02	3.512171e+00
4.131089e+01	6.846295e+00	6.963307e-02	3.747469e+00
4.750753e+01	7.242977e+00	6.183962e-02	4.030729e+00
5.463366e+01	7.659412e+00	5.532361e-02	4.367230e+00
6.282871e+01	8.056709e+00	4.962617e-02	4.763670e+00
7.225301e+01	8.424072e+00	4.460885e-02	5.228482e+00
8.309096e+01	8.794866e+00	3.941873e-02	5.772274e+00
9.555461e+01	9.026856e+00	3.488024e-02	6.408325e+00
1.098878e+02	9.277232e+00	3.104598e-02	7.153139e+00
1.263710e+02	9.534878e+00	2.746579e-02	8.027235e+00
1.453266e+02	9.708853e+00	2.446861e-02	9.055832e+00
1.671256e+02	1.259534e+01	2.175877e-02	1.027050e+01
1.921945e+02	1.214589e+01	1.938194e-02	1.170815e+01
2.210236e+02	1.180354e+01	1.720584e-02	1.342334e+01
2.541772e+02	1.140099e+01	1.517837e-02	1.547426e+01
2.923037e+02	1.095824e+01	1.359866e-02	1.792813e+01
3.361493e+02	1.047973e+01	1.218933e-02	2.087749e+01
3.865717e+02	9.985993e+00	1.073927e-02	2.443941e+01
4.445574e+02	9.490743e+00	9.459286e-03	2.875569e+01
5.112411e+02	8.983600e+00	8.347032e-03	3.400725e+01
5.879272e+02	8.486338e+00	7.436003e-03	4.044242e+01
6.761163e+02	7.995821e+00	6.646226e-03	4.837398e+01
7.775337e+02	7.566101e+00	5.835295e-03	5.813990e+01
8.941638e+02	7.158978e+00	5.131013e-03	7.015223e+01
1.028288e+03	6.750351e+00	4.521000e-03	8.499290e+01
1.182532e+03	6.342852e+00	3.991721e-03	1.034128e+02
1.359911e+03	5.940871e+00	3.516114e-03	1.263765e+02
1.563898e+03	5.546728e+00	3.088918e-03	1.551131e+02
1.798483e+03	5.162726e+00	2.750107e-03	1.911965e+02
2.068255e+03	4.783113e+00	2.426916e-03	2.366889e+02
2.378493e+03	4.416933e+00	2.138979e-03	2.942529e+02
2.735268e+03	4.074442e+00	1.888254e-03	3.672152e+02
3.145558e+03	3.752998e+00	1.680568e-03	4.597438e+02
3.617391e+03	3.448372e+00	1.494832e-03	5.772890e+02
4.160000e+03	3.160897e+00	1.304136e-03	7.268831e+02
4.784000e+03	2.890716e+00	1.139768e-03	9.174927e+02
5.501600e+03	2.640211e+00	1.006209e-03	1.160553e+03
6.326840e+03	2.409333e+00	8.912235e-04	1.470581e+03
7.275866e+03	2.196446e+00	7.904342e-04	1.865948e+03
8.367246e+03	2.001884e+00	6.883137e-04	2.369818e+03
9.622333e+03	1.825978e+00	6.003913e-04	3.011222e+03
