# Energy_MeV	dEdx_Elec_MeV_um	dEdx_Nucl_MeV_um	Range_um
1.000000e-05	4.623341e-03	3.126807e-02	4.325876e-03
1.150000e-05	4.957981e-03	3.458303e-02	4.638985e-03
1.322500e-05	5.316842e-03	3.825580e-02	4.974758e-03
1.520875e-05	5.701678e-03	4.226107e-02	5.334833e-03
1.749006e-05	6.114368e-03	4.668537e-02	5.720971e-03
2.011357e-05	6.556930e-03	5.156088e-02	6.135058e-03
2.313061e-05	7.031524e-03	5.676195e-02	6.579117e-03
2.660020e-05	7.540469e-03	6.244720e-02	7.055317e-03
3.059023e-05	8.086252e-03	6.881175e-02	7.565984e-03
3.517876e-05	8.671539e-03	7.577348e-02	8.113614e-03
4.045558e-05	9.299190e-03	8.335678e-02	8.700882e-03
4.652391e-05	9.972270e-03	9.145184e-02	9.330657e-03
5.350250e-05	1.069407e-02	1.002122e-01	1.000601e-02
6.152788e-05	1.146811e-02	1.099859e-01	1.073026e-02
7.075706e-05	1.229818e-02	1.205797e-01	1.150692e-02
8.137062e-05	1.318833e-02	1.320493e-01	1.233979e-02
9.357621e-05	7.083904e-03	1.443712e-01	1.323295e-02
1.076126e-04	7.617569e-03	1.578210e-01	1.419076e-02
1.237545e-04	8.189806e-03	1.722223e-01	1.521790e-02
1.423177e-04	8.803410e-03	1.873659e-01	1.631938e-02
1.636654e-04	9.461380e-03	2.039307e-01	1.750058e-02
1.882152e-04	1.016693e-02	2.216909e-01	1.876728e-02
2.164475e-04	1.092351e-02	2.408151e-01	2.012567e-02
2.489146e-04	1.173481e-02	2.605286e-01	2.158238e-02
2.862518e-04	1.260480e-02	2.815206e-01	2.314452e-02
3.291895e-04	1.353772e-02	3.050706e-01	2.481973e-02
3.785680e-04	1.453814e-02	3.296916e-01	2.661620e-02
4.353531e-04	1.561095e-02	3.552804e-01	2.854269e-02
5.006561e-04	1.676138e-02	3.817267e-01	3.060863e-02
5.757545e-04	1.799505e-02	4.093044e-01	3.282410e-02
6.621177e-04	1.931799e-02	4.399901e-01	3.519992e-02
7.614354e-04	2.073667e-02	4.715816e-01	3.774771e-02
8.756507e-04	2.225801e-02	5.039955e-01	4.047991e-02
1.006998e-03	2.388946e-02	5.380438e-01	4.340987e-02
1.158048e-03	2.563897e-02	5.723067e-01	4.655190e-02
1.331755e-03	2.751509e-02	6.078809e-01	4.992135e-02
1.531519e-03	2.952699e-02	6.437111e-01	5.353468e-02
1.761246e-03	3.168451e-02	6.807819e-01	5.740955e-02
2.025433e-03	3.399817e-02	7.189262e-01	6.156488e-02
2.329248e-03	3.647929e-02	7.546380e-01	6.602098e-02
2.678635e-03	3.913998e-02	7.903334e-01	7.079961e-02
3.080431e-03	4.199324e-02	8.284883e-01	7.592413e-02
3.542495e-03	4.505301e-02	8.662785e-01	8.141956e-02
4.073870e-03	4.833424e-02	9.031176e-01	8.731275e-02
4.684950e-03	5.185296e-02	9.369452e-01	9.363249e-02
5.387693e-03	5.562636e-02	9.691059e-01	1.004097e-01
6.195847e-03	5.967287e-02	1.002724e+00	1.076774e-01
7.125224e-03	6.401227e-02	1.034641e+00	1.154711e-01
8.194007e-03	6.866574e-02	1.064471e+00	1.238290e-01
9.423108e-03	7.365603e-02	1.091702e+00	1.327856e-01
1.083657e-02	7.900752e-02	1.117635e+00	1.424084e-01
1.246206e-02	8.474634e-02	1.141140e+00	1.527129e-01
1.433137e-02	9.090054e-02	1.160491e+00	1.637677e-01
1.648108e-02	9.750018e-02	1.179173e+00	1.756207e-01
1.895324e-02	1.045775e-01	1.195670e+00	1.883320e-01
2.179622e-02	1.121671e-01	1.210009e+00	2.019633e-01
2.506566e-02	1.203060e-01	1.220676e+00	2.165813e-01
2.882550e-02	1.290340e-01	1.228982e+00	2.322573e-01
3.314933e-02	1.383937e-01	1.237308e+00	2.490678e-01
3.812173e-02	1.484309e-01	1.242645e+00	2.670953e-01
4.383999e-02	1.591946e-01	1.244422e+00	2.864276e-01
5.041599e-02	1.707374e-01	1.243381e+00	3.071591e-01
5.797838e-02	1.831157e-01	1.239367e+00	3.293911e-01
6.667514e-02	1.963898e-01	1.233928e+00	3.532323e-01
7.667641e-02	2.106248e-01	1.225229e+00	3.787993e-01
8.817787e-02	2.258901e-01	1.212916e+00	4.062168e-01
1.014046e-01	2.422604e-01	1.197749e+00	4.356186e-01
1.166152e-01	2.598155e-01	1.179254e+00	4.671485e-01
1.341075e-01	2.786412e-01	1.157851e+00	5.009608e-01
1.542237e-01	2.988296e-01	1.133327e+00	5.372204e-01
1.773572e-01	3.204792e-01	1.105688e+00	5.761045e-01
2.039608e-01	3.436958e-01	1.075174e+00	6.178029e-01
2.345549e-01	3.685929e-01	1.043282e+00	6.625194e-01
2.697381e-01	3.952920e-01	1.009108e+00	7.104727e-01
3.101989e-01	4.239236e-01	9.710344e-01	7.618971e-01
3.567287e-01	4.546276e-01	9.315572e-01	8.170433e-01
4.102380e-01	4.875539e-01	8.904850e-01	8.761808e-01
4.717737e-01	5.228635e-01	8.501575e-01	9.395989e-01
5.425397e-01	5.607288e-01	8.095364e-01	1.007608e+00
6.239207e-01	6.013348e-01	7.654097e-01	1.080537e+00
7.175088e-01	6.448799e-01	7.218666e-01	1.158754e+00
8.251351e-01	6.915768e-01	6.785944e-01	1.242598e+00
9.489054e-01	7.416558e-01	6.365561e-01	1.332844e+00
1.091241e+00	7.953599e-01	5.946820e-01	1.430560e+00
1.254927e+00	8.529511e-01	5.537641e-01	1.536385e+00
1.443166e+00	9.147108e-01	5.168318e-01	1.651112e+00
1.659641e+00	9.809408e-01	4.792198e-01	1.775608e+00
1.908588e+00	1.051965e+00	4.431034e-01	1.910883e+00
2.194876e+00	1.123471e+00	4.086679e-01	2.058110e+00
2.524107e+00	1.195459e+00	3.779761e-01	2.218673e+00
2.902723e+00	1.297811e+00	3.489307e-01	2.394233e+00
3.338132e+00	1.422427e+00	3.190693e-01	2.586808e+00
3.838852e+00	1.553240e+00	2.948917e-01	2.798887e+00
4.414679e+00	1.696362e+00	2.754972e-01	3.033581e+00
5.076881e+00	1.850634e+00	2.531936e-01	3.294829e+00
5.838413e+00	2.014061e+00	2.275445e-01	3.283535e+00
6.714175e+00	2.195338e+00	2.013802e-01	3.213848e+00
7.721302e+00	2.386566e+00	1.796719e-01	3.153768e+00
8.879497e+00	2.594564e+00	1.624690e-01	3.105788e+00
1.021142e+01	2.820456e+00	1.460660e-01	3.072562e+00
1.174313e+01	3.074469e+00	1.319273e-01	3.056924e+00
1.350460e+01	3.360638e+00	1.188670e-01	3.061777e+00
1.553030e+01	3.668520e+00	1.071671e-01	3.090484e+00
1.785984e+01	3.997229e+00	9.627312e-02	3.146403e+00
2.053882e+01	4.352802e+00	8.596732e-02	3.233104e+00
2.361964e+01	4.685672e+00	7.774787e-02	3.354323e+00
2.716258e+01	5.041592e+00	7.028731e-02	3.513979e+00
3.123697e+01	5.394318e+00	6.258423e-02	3.716235e+00
3.592252e+01	5.738194e+00	5.568258e-02	3.965640e+00
4.131089e+01	6.090555e+00	4.956825e-02	4.267328e+00
4.750753e+01	6.393305e+00	4.449908e-02	4.627376e+00
5.463366e+01	6.707253e+00	4.004204e-02	5.053165e+00
6.282871e+01	6.998308e+00	3.546331e-02	5.553827e+00
7.225301e+01	7.256879e+00	3.143779e-02	6.140773e+00
8.309096e+01	7.510482e+00	2.789737e-02	6.828249e+00
9.555461e+01	7.647214e+00	2.480620e-02	7.634061e+00
1.098878e+02	7.792362e+00	2.199765e-02	8.580347e+00
1.263710e+02	7.937073e+00	1.945986e-02	9.694632e+00
1.453266e+02	8.014039e+00	1.742534e-02	1.101090e+01
1.671256e+02	1.020788e+01	1.547088e-02	1.257182e+01
1.921945e+02	9.783298e+00	1.372039e-02	1.442774e+01
2.210236e+02	9.443821e+00	1.217842e-02	1.665226e+01
2.541772e+02	9.066765e+00	1.089430e-02	1.932546e+01
2.923037e+02	8.665693e+00	9.743602e-03	2.254091e+01
3.361493e+02	8.242931e+00	8.556565e-03	2.642670e+01
3.865717e+02	7.813819e+00	7.524520e-03	3.114562e+01
4.445574e+02	7.388305e+00	6.680219e-03	3.689644e+01
5.112411e+02	6.958397e+00	5.947669e-03	4.393371e+01
5.879272e+02	6.536899e+00	5.304153e-03	5.260624e+01
6.761163e+02	6.124563e+00	4.649266e-03	6.335612e+01
7.775337e+02	5.762214e+00	4.081437e-03	7.666967e+01
8.941638e+02	5.418944e+00	3.608100e-03	9.314338e+01
1.028288e+03	5.078283e+00	3.167773e-03	1.136144e+02
1.182532e+03	4.742240e+00	2.803495e-03	1.391662e+02
1.359911e+03	4.414053e+00	2.478924e-03	1.711945e+02
1.563898e+03	4.095689e+00	2.194375e-03	2.114844e+02
1.798483e+03	3.788651e+00	1.936366e-03	2.623272e+02
2.068255e+03	3.489101e+00	1.696806e-03	3.267285e+02
2.378493e+03	3.203277e+00	1.512920e-03	4.085756e+02
2.735268e+03	2.937916e+00	1.349343e-03	5.127380e+02
3.145558e+03	2.690921e+00	1.179843e-03	6.453272e+02
3.617391e+03	2.459282e+00	1.033169e-03	8.143272e+02
4.160000e+03	2.242967e+00	9.063050e-04	1.030035e+03
4.784000e+03	2.041676e+00	8.034449e-04	1.305575e+03
5.501600e+03	1.856591e+00	7.146065e-04	1.657674e+03
6.326840e+03	1.687407e+00	6.226277e-04	2.107545e+03
7.275866e+03	1.532816e+00	5.442395e-04	2.682007e+03
8.367246e+03	1.392672e+00	4.765237e-04	3.414834e+03
9.622333e+03	1.266797e+00	4.180007e-04	4.348312e+03
