# Energy_MeV	dEdx_Elec_MeV_um	dEdx_Nucl_MeV_um	Range_um
1.000000e-05	2.261013e-03	3.337703e-02	4.611819e-03
1.150000e-05	2.447216e-03	3.675372e-02	4.945625e-03
1.322500e-05	2.646698e-03	4.050342e-02	5.303592e-03
1.520875e-05	2.860438e-03	4.455180e-02	5.687469e-03
1.749006e-05	3.089484e-03	4.906041e-02	6.099131e-03
2.011357e-05	3.334957e-03	5.376238e-02	6.540589e-03
2.313061e-05	3.598061e-03	5.897509e-02	7.014001e-03
2.660020e-05	3.880082e-03	6.473333e-02	7.521678e-03
3.059023e-05	4.182400e-03	7.088336e-02	8.066101e-03
3.517876e-05	4.506494e-03	7.771115e-02	8.649930e-03
4.045558e-05	4.853949e-03	8.488744e-02	9.276016e-03
4.652391e-05	5.226464e-03	9.280848e-02	9.947419e-03
5.350250e-05	5.625858e-03	1.012744e-01	1.066742e-02
6.152788e-05	6.054085e-03	1.101578e-01	1.143953e-02
7.075706e-05	6.513236e-03	1.199990e-01	1.226753e-02
8.137062e-05	7.005556e-03	1.303243e-01	1.315546e-02
9.357621e-05	7.533451e-03	1.415263e-01	1.410766e-02
1.076126e-04	8.099499e-03	1.530929e-01	1.512878e-02
1.237545e-04	8.706467e-03	1.656339e-01	1.622381e-02
1.423177e-04	9.357320e-03	1.792569e-01	1.739810e-02
1.636654e-04	1.005524e-02	1.938103e-01	1.865738e-02
1.882152e-04	1.080363e-02	2.087271e-01	2.000781e-02
2.164475e-04	1.160615e-02	2.242720e-01	2.145599e-02
2.489146e-04	1.246673e-02	2.407742e-01	2.300898e-02
2.862518e-04	1.338956e-02	2.584684e-01	2.467439e-02
3.291895e-04	1.437916e-02	2.772354e-01	2.646033e-02
3.785680e-04	1.544036e-02	2.961355e-01	2.837555e-02
4.353531e-04	1.657834e-02	3.162265e-01	3.042938e-02
5.006561e-04	1.779866e-02	3.362996e-01	3.263188e-02
5.757545e-04	1.910729e-02	3.571312e-01	3.499379e-02
6.621177e-04	2.051062e-02	3.784696e-01	3.752666e-02
7.614354e-04	2.201550e-02	3.998968e-01	4.024286e-02
8.756507e-04	2.362929e-02	4.225129e-01	4.315566e-02
1.006998e-03	2.535987e-02	4.430914e-01	4.627929e-02
1.158048e-03	2.721569e-02	4.646280e-01	4.962901e-02
1.331755e-03	2.920582e-02	4.871071e-01	5.322118e-02
1.531519e-03	3.133999e-02	5.085200e-01	5.707336e-02
1.761246e-03	3.362861e-02	5.308808e-01	6.120436e-02
2.025433e-03	3.608288e-02	5.499658e-01	6.563436e-02
2.329248e-03	3.871478e-02	5.695623e-01	7.038501e-02
2.678635e-03	4.153716e-02	5.893689e-01	7.547951e-02
3.080431e-03	4.456382e-02	6.072724e-01	8.094276e-02
3.542495e-03	4.780954e-02	6.255436e-01	8.680144e-02
4.073870e-03	5.129019e-02	6.409684e-01	9.308418e-02
4.684950e-03	5.502275e-02	6.563216e-01	9.982166e-02
5.387693e-03	5.902547e-02	6.700580e-01	1.069928e-01
6.195847e-03	6.331791e-02	6.813898e-01	1.147847e-01
7.125224e-03	6.792103e-02	6.927649e-01	1.231068e-01
8.194007e-03	7.285731e-02	7.019784e-01	1.320174e-01
9.423108e-03	7.815089e-02	7.103975e-01	1.415723e-01
1.083657e-02	8.382761e-02	7.166521e-01	1.518193e-01
1.246206e-02	8.991521e-02	7.218844e-01	1.628078e-01
1.433137e-02	9.644343e-02	7.263472e-01	1.745917e-01
1.648108e-02	1.034442e-01	7.296912e-01	1.872285e-01
1.895324e-02	1.109516e-01	7.305531e-01	2.007800e-01
2.179622e-02	1.190024e-01	7.299856e-01	2.153124e-01
2.506566e-02	1.276360e-01	7.278074e-01	2.308965e-01
2.882550e-02	1.368944e-01	7.243430e-01	2.476087e-01
3.314933e-02	1.468230e-01	7.193894e-01	2.655306e-01
3.812173e-02	1.574702e-01	7.120529e-01	2.847497e-01
4.383999e-02	1.688881e-01	7.031549e-01	3.053597e-01
5.041599e-02	1.811324e-01	6.922722e-01	3.274615e-01
5.797838e-02	1.942629e-01	6.797042e-01	3.511632e-01
6.667514e-02	2.083439e-01	6.652394e-01	3.765805e-01
7.667641e-02	2.234440e-01	6.490898e-01	4.038373e-01
8.817787e-02	2.396370e-01	6.310361e-01	4.330670e-01
1.014046e-01	2.570022e-01	6.125379e-01	4.644123e-01
1.166152e-01	2.756242e-01	5.921622e-01	4.980266e-01
1.341075e-01	2.955941e-01	5.697309e-01	5.340739e-01
1.542237e-01	3.170094e-01	5.470419e-01	5.727302e-01
1.773572e-01	3.399748e-01	5.224034e-01	6.141843e-01
2.039608e-01	3.646024e-01	4.993817e-01	6.586391e-01
2.345549e-01	3.910126e-01	4.748809e-01	7.063117e-01
2.697381e-01	4.193343e-01	4.488835e-01	7.574348e-01
3.101989e-01	4.497060e-01	4.241411e-01	8.122579e-01
3.567287e-01	4.822761e-01	3.979395e-01	8.710494e-01
4.102380e-01	5.172035e-01	3.738956e-01	9.340968e-01
4.717737e-01	5.546590e-01	3.491661e-01	1.001699e+00
5.425397e-01	5.948267e-01	3.251307e-01	1.074264e+00
6.239207e-01	6.379032e-01	3.035950e-01	1.152692e+00
7.175088e-01	6.840975e-01	2.809194e-01	1.237632e+00
8.251351e-01	7.336353e-01	2.603715e-01	1.329677e+00
9.489054e-01	7.867588e-01	2.402228e-01	1.429514e+00
1.091241e+00	8.437274e-01	2.220031e-01	1.537929e+00
1.254927e+00	9.048196e-01	2.045066e-01	1.655835e+00
1.443166e+00	9.595318e-01	1.879981e-01	1.784301e+00
1.659641e+00	1.027924e+00	1.729865e-01	1.924602e+00
1.908588e+00	1.122633e+00	1.615183e-01	2.078274e+00
2.194876e+00	1.225331e+00	1.483780e-01	2.172977e+00
2.524107e+00	1.339808e+00	1.332667e-01	2.179173e+00
2.902723e+00	1.461233e+00	1.187619e-01	2.184114e+00
3.338132e+00	1.597306e+00	1.052910e-01	2.189041e+00
3.838852e+00	1.746835e+00	9.551377e-02	2.195428e+00
4.414679e+00	1.908972e+00	8.562926e-02	2.204917e+00
5.076881e+00	2.089511e+00	7.752917e-02	2.219619e+00
5.838413e+00	2.270821e+00	6.987335e-02	2.241816e+00
6.714175e+00	2.474183e+00	6.279181e-02	2.274126e+00
7.721302e+00	2.700202e+00	5.661304e-02	2.319498e+00
8.879497e+00	2.922421e+00	5.036231e-02	2.381221e+00
1.021142e+01	3.158134e+00	4.577608e-02	2.462926e+00
1.174313e+01	3.369511e+00	4.118292e-02	2.568580e+00
1.350460e+01	3.578856e+00	3.664461e-02	2.702469e+00
1.553030e+01	3.778993e+00	3.282366e-02	2.869212e+00
1.785984e+01	3.965376e+00	2.903088e-02	3.073832e+00
2.053882e+01	4.158380e+00	2.622420e-02	3.321815e+00
2.361964e+01	4.323756e+00	2.345916e-02	3.619328e+00
2.716258e+01	4.479731e+00	2.078283e-02	3.973501e+00
3.123697e+01	4.626472e+00	1.853913e-02	4.392830e+00
3.592252e+01	4.742329e+00	1.633704e-02	4.887664e+00
4.131089e+01	4.853074e+00	1.460030e-02	5.470786e+00
4.750753e+01	4.928256e+00	1.292804e-02	6.158119e+00
5.463366e+01	4.970488e+00	1.144036e-02	6.969563e+00
6.282871e+01	4.985698e+00	1.025253e-02	7.930000e+00
7.225301e+01	4.990039e+00	9.061362e-03	9.070560e+00
8.309096e+01	4.979940e+00	8.076931e-03	1.043016e+01
9.555461e+01	4.931463e+00	7.169491e-03	1.205790e+01
1.098878e+02	5.784735e+00	6.395030e-03	1.401329e+01
1.263710e+02	5.498237e+00	5.705814e-03	1.637632e+01
1.453266e+02	5.219712e+00	5.042780e-03	1.925162e+01
1.671256e+02	4.932766e+00	4.407536e-03	2.275026e+01
1.921945e+02	4.644568e+00	3.935458e-03	2.702572e+01
2.210236e+02	4.355195e+00	3.487036e-03	3.227611e+01
2.541772e+02	4.072596e+00	3.105846e-03	3.875118e+01
2.923037e+02	3.797109e+00	2.740578e-03	4.676435e+01
3.361493e+02	3.524619e+00	2.390580e-03	5.673680e+01
3.865717e+02	3.262386e+00	2.122965e-03	6.923385e+01
4.445574e+02	3.021394e+00	1.855125e-03	8.492665e+01
5.112411e+02	2.804120e+00	1.648628e-03	1.045877e+02
5.879272e+02	2.594720e+00	1.458101e-03	1.292756e+02
6.761163e+02	2.392684e+00	1.285204e-03	1.604002e+02
7.775337e+02	2.199392e+00	1.139490e-03	1.997823e+02
8.941638e+02	2.015590e+00	9.936282e-04	2.497715e+02
1.028288e+03	1.842251e+00	8.915927e-04	3.133816e+02
1.182532e+03	1.678182e+00	7.903410e-04	3.945341e+02
1.359911e+03	1.524242e+00	6.915857e-04	4.983653e+02
1.563898e+03	1.381932e+00	6.098193e-04	6.313987e+02
1.798483e+03	1.252997e+00	5.305915e-04	8.017734e+02
2.068255e+03	1.134008e+00	4.739380e-04	1.019929e+03
2.378493e+03	1.025150e+00	4.185339e-04	1.299465e+03
2.735268e+03	9.262922e-01	3.656207e-04	1.657670e+03
3.145558e+03	8.365995e-01	3.213057e-04	2.116573e+03
3.617391e+03	7.552713e-01	2.791183e-04	2.704092e+03
4.160000e+03	6.821116e-01	2.461761e-04	3.455492e+03
4.784000e+03	6.167547e-01	2.151489e-04	4.415191e+03
5.501600e+03	5.583258e-01	1.876709e-04	5.638860e+03
6.326840e+03	5.061869e-01	1.661767e-04	7.195931e+03
7.275866e+03	4.599556e-01	1.449873e-04	9.172569e+03
8.367246e+03	4.190101e-01	1.274009e-04	1.167508e+04
9.622333e+03	3.827449e-01	1.117829e-04	1.483376e+04
