# Energy_MeV	dEdx_Elec_MeV_um	dEdx_Nucl_MeV_um	Range_um
1.000000e-05	4.385797e-03	2.950238e-02	4.560175e-03
1.150000e-05	4.703243e-03	3.268233e-02	4.890243e-03
1.322500e-05	5.043666e-03	3.619620e-02	5.244201e-03
1.520875e-05	5.408729e-03	4.005428e-02	5.623779e-03
1.749006e-05	5.800216e-03	4.423784e-02	6.030832e-03
2.011357e-05	6.220039e-03	4.887162e-02	6.467346e-03
2.313061e-05	6.670248e-03	5.397436e-02	6.935456e-03
2.660020e-05	7.153044e-03	5.957880e-02	7.437448e-03
3.059023e-05	7.670786e-03	6.554966e-02	7.975775e-03
3.517876e-05	8.226001e-03	7.208507e-02	8.553065e-03
4.045558e-05	8.821403e-03	7.950981e-02	9.172141e-03
4.652391e-05	9.459901e-03	8.748969e-02	9.836025e-03
5.350250e-05	1.014461e-02	9.615596e-02	1.054796e-02
6.152788e-05	1.087889e-02	1.053998e-01	1.131143e-02
7.075706e-05	1.166631e-02	1.154359e-01	1.213016e-02
8.137062e-05	1.251072e-02	1.267844e-01	1.300814e-02
9.357621e-05	1.341625e-02	1.388897e-01	1.394968e-02
1.076126e-04	1.438733e-02	1.519763e-01	1.495937e-02
1.237545e-04	1.542869e-02	1.661457e-01	1.604213e-02
1.423177e-04	1.654543e-02	1.812881e-01	1.720327e-02
1.636654e-04	1.774299e-02	1.976583e-01	1.844845e-02
1.882152e-04	1.902724e-02	2.150441e-01	1.978376e-02
2.164475e-04	2.040444e-02	2.339958e-01	2.121572e-02
2.489146e-04	2.188133e-02	2.543495e-01	2.275132e-02
2.862518e-04	2.346511e-02	2.754154e-01	2.439808e-02
3.291895e-04	2.516353e-02	2.976786e-01	2.616402e-02
3.785680e-04	2.698487e-02	3.224457e-01	2.805779e-02
4.353531e-04	2.893805e-02	3.488384e-01	3.008863e-02
5.006561e-04	3.103261e-02	3.764246e-01	3.226646e-02
5.757545e-04	3.327876e-02	4.049404e-01	3.460192e-02
6.621177e-04	3.568750e-02	4.343890e-01	3.710643e-02
7.614354e-04	3.827058e-02	4.669548e-01	3.979221e-02
8.756507e-04	4.104062e-02	5.010501e-01	4.267239e-02
1.006998e-03	2.202264e-02	5.361024e-01	4.576104e-02
1.158048e-03	2.363445e-02	5.725261e-01	4.907325e-02
1.331755e-03	2.536291e-02	6.105287e-01	5.262520e-02
1.531519e-03	2.721647e-02	6.494452e-01	5.643424e-02
1.761246e-03	2.920417e-02	6.878082e-01	6.051897e-02
2.025433e-03	3.133574e-02	7.279471e-01	6.489937e-02
2.329248e-03	3.362158e-02	7.691318e-01	6.959682e-02
2.678635e-03	3.607286e-02	8.106451e-01	7.463428e-02
3.080431e-03	3.870156e-02	8.497324e-01	8.003634e-02
3.542495e-03	4.152052e-02	8.889115e-01	8.582942e-02
4.073870e-03	4.454350e-02	9.320901e-01	9.204180e-02
4.684950e-03	4.778529e-02	9.729659e-01	9.870383e-02
5.387693e-03	5.126171e-02	1.012096e+00	1.058481e-01
6.195847e-03	5.498975e-02	1.048194e+00	1.135094e-01
7.125224e-03	5.898763e-02	1.082715e+00	1.217253e-01
8.194007e-03	6.327486e-02	1.120074e+00	1.305358e-01
9.423108e-03	6.787241e-02	1.153891e+00	1.399841e-01
1.083657e-02	7.280272e-02	1.185043e+00	1.500515e-01
1.246206e-02	7.808988e-02	1.214447e+00	1.609772e-01
1.433137e-02	8.375974e-02	1.240464e+00	1.726370e-01
1.648108e-02	8.983997e-02	1.264385e+00	1.851335e-01
1.895324e-02	9.636029e-02	1.285231e+00	1.985327e-01
2.179622e-02	1.033526e-01	1.304759e+00	2.129025e-01
2.506566e-02	1.108509e-01	1.322041e+00	2.283121e-01
2.882550e-02	1.188920e-01	1.334905e+00	2.448372e-01
3.314933e-02	1.275151e-01	1.344989e+00	2.625584e-01
3.812173e-02	1.367624e-01	1.354797e+00	2.815622e-01
4.383999e-02	1.466789e-01	1.362172e+00	3.019414e-01
5.041599e-02	1.573133e-01	1.365887e+00	3.237958e-01
5.797838e-02	1.687173e-01	1.366212e+00	3.472320e-01
6.667514e-02	1.809468e-01	1.363122e+00	3.723646e-01
7.667641e-02	1.940615e-01	1.358382e+00	3.993163e-01
8.817787e-02	2.081254e-01	1.350534e+00	4.282186e-01
1.014046e-01	2.232073e-01	1.338758e+00	4.592129e-01
1.166152e-01	2.393807e-01	1.323635e+00	4.924508e-01
1.341075e-01	2.567249e-01	1.305080e+00	5.280944e-01
1.542237e-01	2.753244e-01	1.283118e+00	5.663178e-01
1.773572e-01	2.952701e-01	1.257846e+00	6.073077e-01
2.039608e-01	3.166596e-01	1.229012e+00	6.512648e-01
2.345549e-01	3.395972e-01	1.197113e+00	6.984035e-01
2.697381e-01	3.641950e-01	1.162401e+00	7.489541e-01
3.101989e-01	3.905733e-01	1.126167e+00	8.031633e-01
3.567287e-01	4.188608e-01	1.087072e+00	8.612962e-01
4.102380e-01	4.491958e-01	1.043643e+00	9.236372e-01
4.717737e-01	4.817264e-01	9.994588e-01	9.904904e-01
5.425397e-01	5.166116e-01	9.542534e-01	1.062182e+00
6.239207e-01	5.540219e-01	9.098957e-01	1.139063e+00
7.175088e-01	5.941399e-01	8.645844e-01	1.221509e+00
8.251351e-01	6.371617e-01	8.152816e-01	1.309925e+00
9.489054e-01	6.832974e-01	7.676668e-01	1.404718e+00
1.091241e+00	7.327737e-01	7.208108e-01	1.506528e+00
1.254927e+00	7.858320e-01	6.742944e-01	1.616631e+00
1.443166e+00	8.427307e-01	6.300166e-01	1.735868e+00
1.659641e+00	9.037478e-01	5.869769e-01	1.865098e+00
1.908588e+00	9.691814e-01	5.460662e-01	2.005279e+00
2.194876e+00	1.039351e+00	5.052872e-01	2.157528e+00
2.524107e+00	1.113954e+00	4.657194e-01	2.323134e+00
2.902723e+00	1.183809e+00	4.310909e-01	2.503613e+00
3.338132e+00	1.274877e+00	3.990186e-01	2.700772e+00
3.838852e+00	1.396668e+00	3.647197e-01	2.916798e+00
4.414679e+00	1.526812e+00	3.353933e-01	3.154374e+00
5.076881e+00	1.671239e+00	3.131115e-01	3.416846e+00
5.838413e+00	1.821425e+00	2.902092e-01	3.708427e+00
6.714175e+00	1.985712e+00	2.638714e-01	4.005933e+00
7.721302e+00	2.164070e+00	2.335830e-01	3.900792e+00
8.879497e+00	2.352201e+00	2.076114e-01	3.807806e+00
1.021142e+01	2.560378e+00	1.871899e-01	3.729715e+00
1.174313e+01	2.778201e+00	1.688447e-01	3.669398e+00
1.350460e+01	3.025473e+00	1.520525e-01	3.629902e+00
1.553030e+01	3.306633e+00	1.365995e-01	3.614465e+00
1.785984e+01	3.609207e+00	1.235968e-01	3.626368e+00
2.053882e+01	3.945050e+00	1.112049e-01	3.669437e+00
2.361964e+01	4.298454e+00	9.964291e-02	3.747422e+00
2.716258e+01	4.659023e+00	8.941774e-02	3.864299e+00
3.123697e+01	5.037640e+00	8.083971e-02	4.024219e+00
3.592252e+01	5.403348e+00	7.292984e-02	4.231570e+00
4.131089e+01	5.788972e+00	6.461013e-02	4.491092e+00
4.750753e+01	6.152546e+00	5.747799e-02	4.808109e+00
5.463366e+01	6.500355e+00	5.135713e-02	5.188812e+00
6.282871e+01	6.856980e+00	4.614406e-02	5.640741e+00
7.225301e+01	7.162572e+00	4.144240e-02	6.173209e+00
8.309096e+01	7.471893e+00	3.656506e-02	6.797850e+00
9.555461e+01	7.742898e+00	3.241588e-02	7.529251e+00
1.098878e+02	7.939318e+00	2.881556e-02	8.385612e+00
1.263710e+02	8.108771e+00	2.551958e-02	9.389645e+00
1.453266e+02	8.267510e+00	2.270337e-02	1.056953e+01
1.671256e+02	8.396991e+00	2.020045e-02	1.196012e+01
1.921945e+02	8.459680e+00	1.801045e-02	1.360514e+01
2.210236e+02	1.055516e+01	1.596682e-02	1.555594e+01
2.541772e+02	1.020024e+01	1.410116e-02	1.788412e+01
2.923037e+02	9.833070e+00	1.261444e-02	2.067873e+01
3.361493e+02	9.425368e+00	1.132775e-02	2.403077e+01
3.865717e+02	8.998366e+00	9.968928e-03	2.806886e+01
4.445574e+02	8.553346e+00	8.763192e-03	3.295702e+01
5.112411e+02	8.108773e+00	7.752057e-03	3.889769e+01
5.879272e+02	7.661827e+00	6.894115e-03	4.614280e+01
6.761163e+02	7.213995e+00	6.175867e-03	5.503355e+01
7.775337e+02	6.777228e+00	5.415955e-03	6.602116e+01
8.941638e+02	6.377538e+00	4.752343e-03	7.961750e+01
1.028288e+03	6.013108e+00	4.198284e-03	9.640325e+01
1.182532e+03	5.652865e+00	3.700379e-03	1.171933e+02
1.359911e+03	5.295213e+00	3.263716e-03	1.430629e+02
1.563898e+03	4.944290e+00	2.869094e-03	1.753935e+02
1.798483e+03	4.601376e+00	2.550338e-03	2.159563e+02
2.068255e+03	4.269736e+00	2.253414e-03	2.670138e+02
2.378493e+03	3.945272e+00	1.982489e-03	3.315136e+02
2.735268e+03	3.631856e+00	1.752401e-03	4.133057e+02
3.145558e+03	3.336916e+00	1.562191e-03	5.172510e+02
3.617391e+03	3.064335e+00	1.388140e-03	6.494037e+02
4.160000e+03	2.807498e+00	1.208906e-03	8.175858e+02
4.784000e+03	2.566570e+00	1.058879e-03	1.031994e+03
5.501600e+03	2.340861e+00	9.333776e-04	1.305615e+03
6.326840e+03	2.131816e+00	8.283805e-04	1.655028e+03
7.275866e+03	1.940436e+00	7.339324e-04	2.101297e+03
8.367246e+03	1.764944e+00	6.379317e-04	2.671078e+03
9.622333e+03	1.604708e+00	5.577207e-04	3.398013e+03
