# Energy_MeV	dEdx_Elec_MeV_um	dEdx_Nucl_MeV_um	Range_um
1.000000e-05	5.186260e-03	2.882565e-02	3.856343e-03
1.150000e-05	5.561645e-03	3.201286e-02	4.135467e-03
1.322500e-05	5.964199e-03	3.553656e-02	4.434795e-03
1.520875e-05	6.395891e-03	3.938784e-02	4.755788e-03
1.749006e-05	6.858829e-03	4.363751e-02	5.100014e-03
2.011357e-05	7.355275e-03	4.832313e-02	5.469156e-03
2.313061e-05	7.887654e-03	5.347150e-02	5.865016e-03
2.660020e-05	8.458566e-03	5.906257e-02	6.289529e-03
3.059023e-05	9.070802e-03	6.524239e-02	6.744768e-03
3.517876e-05	9.727351e-03	7.206177e-02	7.232958e-03
4.045558e-05	1.043142e-02	7.953317e-02	7.756484e-03
4.652391e-05	1.118645e-02	8.748965e-02	8.317902e-03
5.350250e-05	1.199614e-02	9.622318e-02	8.919956e-03
6.152788e-05	1.286442e-02	1.061434e-01	9.565587e-03
7.075706e-05	1.379556e-02	1.167738e-01	1.025795e-02
8.137062e-05	1.479409e-02	1.283522e-01	1.100043e-02
9.357621e-05	1.586489e-02	1.406626e-01	1.179664e-02
1.076126e-04	1.701320e-02	1.540742e-01	1.265049e-02
1.237545e-04	1.824462e-02	1.692370e-01	1.356614e-02
1.423177e-04	1.956518e-02	1.853567e-01	1.454806e-02
1.636654e-04	2.098132e-02	2.028419e-01	1.560106e-02
1.882152e-04	2.249995e-02	2.217246e-01	1.673027e-02
2.164475e-04	2.412851e-02	2.419603e-01	1.794122e-02
2.489146e-04	2.587495e-02	2.637818e-01	1.923981e-02
2.862518e-04	2.774779e-02	2.869490e-01	2.063240e-02
3.291895e-04	2.975619e-02	3.122707e-01	2.212578e-02
3.785680e-04	3.190996e-02	3.393833e-01	2.372726e-02
4.353531e-04	3.421962e-02	3.675362e-01	2.544465e-02
5.006561e-04	3.669645e-02	3.971546e-01	2.728635e-02
5.757545e-04	3.935256e-02	4.302518e-01	2.926135e-02
6.621177e-04	4.220092e-02	4.655267e-01	3.137930e-02
7.614354e-04	4.525544e-02	5.021985e-01	3.365055e-02
8.756507e-04	4.853106e-02	5.403095e-01	3.608620e-02
1.006998e-03	5.204376e-02	5.794338e-01	3.869814e-02
1.158048e-03	5.581072e-02	6.229527e-01	4.149913e-02
1.331755e-03	5.985033e-02	6.685255e-01	4.450286e-02
1.531519e-03	6.418232e-02	7.150738e-01	4.772400e-02
1.761246e-03	6.882787e-02	7.637545e-01	5.117829e-02
2.025433e-03	7.380967e-02	8.142738e-01	5.488260e-02
2.329248e-03	7.915206e-02	8.660742e-01	5.885503e-02
2.678635e-03	8.488112e-02	9.173514e-01	6.311499e-02
3.080431e-03	9.102486e-02	9.707063e-01	6.768328e-02
3.542495e-03	9.761329e-02	1.025754e+00	7.258223e-02
4.073870e-03	1.046786e-01	1.080850e+00	7.783577e-02
4.684950e-03	1.122553e-01	1.132667e+00	8.346957e-02
5.387693e-03	1.203804e-01	1.185023e+00	8.951114e-02
6.195847e-03	1.290936e-01	1.242701e+00	9.599000e-02
7.125224e-03	1.384374e-01	1.296792e+00	1.029378e-01
8.194007e-03	1.484576e-01	1.349055e+00	1.103885e-01
9.423108e-03	1.592031e-01	1.396761e+00	1.183785e-01
1.083657e-02	1.707263e-01	1.442893e+00	1.269468e-01
1.246206e-02	1.830835e-01	1.492796e+00	1.361209e-01
1.433137e-02	1.963352e-01	1.537426e+00	1.459940e-01
1.648108e-02	2.105460e-01	1.579036e+00	1.565581e-01
1.895324e-02	2.257855e-01	1.617942e+00	1.678910e-01
2.179622e-02	2.421279e-01	1.652715e+00	1.800425e-01
2.506566e-02	2.596533e-01	1.684361e+00	1.930739e-01
2.882550e-02	2.784471e-01	1.711923e+00	2.070484e-01
3.314933e-02	2.986013e-01	1.738006e+00	2.220344e-01
3.812173e-02	3.202142e-01	1.760785e+00	2.381051e-01
4.383999e-02	3.433915e-01	1.777981e+00	2.553390e-01
5.041599e-02	3.682463e-01	1.791134e+00	2.738203e-01
5.797838e-02	3.949002e-01	1.804241e+00	2.936394e-01
6.667514e-02	4.234833e-01	1.814108e+00	3.148928e-01
7.667641e-02	4.541352e-01	1.818735e+00	3.376846e-01
8.817787e-02	4.870058e-01	1.819176e+00	3.621261e-01
1.014046e-01	5.222555e-01	1.814805e+00	3.883368e-01
1.166152e-01	5.600567e-01	1.808471e+00	4.164446e-01
1.341075e-01	6.005939e-01	1.797991e+00	4.465867e-01
1.542237e-01	6.440652e-01	1.782057e+00	4.789106e-01
1.773572e-01	6.906829e-01	1.761851e+00	5.135742e-01
2.039608e-01	7.406749e-01	1.736974e+00	5.507468e-01
2.345549e-01	7.942854e-01	1.707609e+00	5.906099e-01
2.697381e-01	8.517762e-01	1.673837e+00	6.333581e-01
3.101989e-01	9.134282e-01	1.635321e+00	6.792006e-01
3.567287e-01	9.795426e-01	1.592689e+00	7.283614e-01
4.102380e-01	1.050442e+00	1.546415e+00	7.810804e-01
4.717737e-01	1.126474e+00	1.498192e+00	8.376150e-01
5.425397e-01	1.208009e+00	1.445947e+00	8.982415e-01
6.239207e-01	1.295445e+00	1.387924e+00	9.632565e-01
7.175088e-01	1.389210e+00	1.329234e+00	1.032978e+00
8.251351e-01	1.489762e+00	1.268845e+00	1.107743e+00
9.489054e-01	1.597592e+00	1.210030e+00	1.187930e+00
1.091241e+00	1.713226e+00	1.149479e+00	1.273887e+00
1.254927e+00	1.821306e+00	1.083611e+00	1.366457e+00
1.443166e+00	1.934243e+00	1.020547e+00	1.466702e+00
1.659641e+00	2.052690e+00	9.579496e-01	1.575270e+00
1.908588e+00	1.089113e+00	8.962392e-01	1.692979e+00
2.194876e+00	1.167970e+00	8.370607e-01	1.820721e+00
2.524107e+00	1.252534e+00	7.799399e-01	1.959537e+00
2.902723e+00	1.337580e+00	7.256796e-01	2.110638e+00
3.338132e+00	1.425821e+00	6.712001e-01	2.275452e+00
3.838852e+00	1.553701e+00	6.187782e-01	2.455696e+00
4.414679e+00	1.705955e+00	5.724880e-01	2.653459e+00
5.076881e+00	1.868403e+00	5.301690e-01	2.871319e+00
5.838413e+00	2.045573e+00	4.843340e-01	3.112501e+00
6.714175e+00	2.239047e+00	4.451096e-01	3.381090e+00
7.721302e+00	2.442540e+00	4.161560e-01	3.682315e+00
8.879497e+00	2.666776e+00	3.855507e-01	4.022918e+00
1.021142e+01	2.898735e+00	3.503545e-01	4.383787e+00
1.174313e+01	3.139480e+00	3.098789e-01	4.177493e+00
1.350460e+01	3.394476e+00	2.751393e-01	4.006956e+00
1.553030e+01	3.678502e+00	2.485365e-01	3.872371e+00
1.785984e+01	3.994776e+00	2.240103e-01	3.774224e+00
2.053882e+01	4.330509e+00	2.018511e-01	3.713289e+00
2.361964e+01	4.702074e+00	1.813740e-01	3.690607e+00
2.716258e+01	5.119737e+00	1.639879e-01	3.707373e+00
3.123697e+01	5.555307e+00	1.476167e-01	3.765152e+00
3.592252e+01	6.035886e+00	1.321578e-01	3.865648e+00
4.131089e+01	6.546135e+00	1.186818e-01	4.010823e+00
4.750753e+01	7.057389e+00	1.073791e-01	4.203033e+00
5.463366e+01	7.602874e+00	9.680883e-02	4.445220e+00
6.282871e+01	8.097869e+00	8.569528e-02	4.741180e+00
7.225301e+01	8.618431e+00	7.631647e-02	5.095879e+00
8.309096e+01	9.132163e+00	6.814118e-02	5.515796e+00
9.555461e+01	9.607278e+00	6.128694e-02	6.009234e+00
1.098878e+02	1.008963e+01	5.500392e-02	6.586889e+00
1.263710e+02	1.042802e+01	4.848823e-02	7.262146e+00
1.453266e+02	1.079208e+01	4.303579e-02	8.051710e+00
1.671256e+02	1.117630e+01	3.822620e-02	8.976308e+00
1.921945e+02	1.144517e+01	3.387413e-02	1.006138e+01
2.210236e+02	1.518948e+01	3.010966e-02	1.133858e+01
2.541772e+02	1.475022e+01	2.680214e-02	1.284498e+01
2.923037e+02	1.442918e+01	2.390869e-02	1.463600e+01
3.361493e+02	1.401376e+01	2.117848e-02	1.676781e+01
3.865717e+02	1.353984e+01	1.871579e-02	1.930708e+01
4.445574e+02	1.301077e+01	1.672799e-02	2.234500e+01
5.112411e+02	1.245608e+01	1.503849e-02	2.599632e+01
5.879272e+02	1.189125e+01	1.322264e-02	3.039867e+01
6.761163e+02	1.130719e+01	1.161002e-02	3.572838e+01
7.775337e+02	1.073388e+01	1.028620e-02	4.222808e+01
8.941638e+02	1.016387e+01	9.138918e-03	5.019742e+01
1.028288e+03	9.672764e+00	8.198332e-03	5.995241e+01
1.182532e+03	9.202517e+00	7.182833e-03	7.188463e+01
1.359911e+03	8.724759e+00	6.295177e-03	8.654781e+01
1.563898e+03	8.243797e+00	5.570214e-03	1.046521e+02
1.798483e+03	7.764828e+00	4.904450e-03	1.271067e+02
2.068255e+03	7.291049e+00	4.329644e-03	1.550647e+02
2.378493e+03	6.824234e+00	3.807374e-03	1.900004e+02
2.735268e+03	6.357784e+00	3.381093e-03	2.338443e+02
3.145558e+03	5.903958e+00	2.989513e-03	2.890763e+02
3.617391e+03	5.477691e+00	2.627218e-03	3.587781e+02
4.160000e+03	5.073099e+00	2.324622e-03	4.468127e+02
4.784000e+03	4.685469e+00	2.074365e-03	5.582420e+02
5.501600e+03	4.316699e+00	1.841774e-03	6.995795e+02
6.326840e+03	3.968026e+00	1.602332e-03	8.791327e+02
7.275866e+03	3.641809e+00	1.405399e-03	1.107494e+03
8.367246e+03	3.337847e+00	1.237761e-03	1.398112e+03
9.622333e+03	3.055508e+00	1.099900e-03	1.768019e+03
