# Energy_MeV	dEdx_Elec_MeV_um	dEdx_Nucl_MeV_um	Range_um
1.000000e-05	4.634307e-03	3.029118e-02	4.315640e-03
1.150000e-05	4.969741e-03	3.354814e-02	4.628008e-03
1.322500e-05	5.329453e-03	3.713474e-02	4.962986e-03
1.520875e-05	5.715202e-03	4.110442e-02	5.322209e-03
1.749006e-05	6.128871e-03	4.539003e-02	5.707433e-03
2.011357e-05	6.572482e-03	5.015264e-02	6.120540e-03
2.313061e-05	7.048202e-03	5.537559e-02	6.563548e-03
2.660020e-05	7.558355e-03	6.105762e-02	7.038622e-03
3.059023e-05	8.105432e-03	6.717454e-02	7.548081e-03
3.517876e-05	8.692108e-03	7.392881e-02	8.094415e-03
4.045558e-05	9.321247e-03	8.149284e-02	8.680293e-03
4.652391e-05	9.995924e-03	8.966171e-02	9.308577e-03
5.350250e-05	1.071943e-02	9.847803e-02	9.982337e-03
6.152788e-05	1.149531e-02	1.079308e-01	1.070486e-02
7.075706e-05	1.232735e-02	1.183030e-01	1.147969e-02
8.137062e-05	1.321961e-02	1.298452e-01	1.231059e-02
9.357621e-05	1.417645e-02	1.422231e-01	1.320164e-02
1.076126e-04	1.520255e-02	1.555760e-01	1.415718e-02
1.237545e-04	1.630292e-02	1.700968e-01	1.518189e-02
1.423177e-04	1.748293e-02	1.855843e-01	1.628076e-02
1.636654e-04	1.874836e-02	2.021752e-01	1.745917e-02
1.882152e-04	2.010537e-02	2.199907e-01	1.872287e-02
2.164475e-04	2.156061e-02	2.392940e-01	2.007804e-02
2.489146e-04	2.312118e-02	2.601270e-01	2.153130e-02
2.862518e-04	1.241144e-02	2.814866e-01	2.308975e-02
3.291895e-04	1.333010e-02	3.042081e-01	2.476100e-02
3.785680e-04	1.431523e-02	3.298045e-01	2.655321e-02
4.353531e-04	1.537164e-02	3.564909e-01	2.847515e-02
5.006561e-04	1.650448e-02	3.845916e-01	3.053620e-02
5.757545e-04	1.771929e-02	4.133557e-01	3.274642e-02
6.621177e-04	1.902201e-02	4.432989e-01	3.511663e-02
7.614354e-04	2.041901e-02	4.769551e-01	3.765839e-02
8.756507e-04	2.191709e-02	5.112986e-01	4.038412e-02
1.006998e-03	2.352359e-02	5.469065e-01	4.330714e-02
1.158048e-03	2.524636e-02	5.837788e-01	4.644174e-02
1.331755e-03	2.709380e-02	6.218401e-01	4.980322e-02
1.531519e-03	2.907495e-02	6.615718e-01	5.340800e-02
1.761246e-03	3.119948e-02	7.003580e-01	5.727370e-02
2.025433e-03	3.347778e-02	7.412467e-01	6.141920e-02
2.329248e-03	3.592096e-02	7.827297e-01	6.586475e-02
2.678635e-03	3.854098e-02	8.235101e-01	7.063208e-02
3.080431e-03	4.135062e-02	8.629200e-01	7.574446e-02
3.542495e-03	4.436362e-02	9.034111e-01	8.122689e-02
4.073870e-03	4.759469e-02	9.463036e-01	8.710613e-02
4.684950e-03	5.105962e-02	9.873126e-01	9.341092e-02
5.387693e-03	5.477533e-02	1.026013e+00	1.001721e-01
6.195847e-03	5.875998e-02	1.062073e+00	1.074226e-01
7.125224e-03	6.303304e-02	1.097751e+00	1.151979e-01
8.194007e-03	6.761538e-02	1.134545e+00	1.235359e-01
9.423108e-03	7.252938e-02	1.168203e+00	1.324528e-01
1.083657e-02	7.779906e-02	1.199134e+00	1.420428e-01
1.246206e-02	8.345015e-02	1.228621e+00	1.523543e-01
1.433137e-02	8.951027e-02	1.254547e+00	1.633793e-01
1.648108e-02	9.600902e-02	1.277649e+00	1.752054e-01
1.895324e-02	1.029782e-01	1.298519e+00	1.878866e-01
2.179622e-02	1.104517e-01	1.317676e+00	2.014856e-01
2.506566e-02	1.184662e-01	1.334807e+00	2.160690e-01
2.882550e-02	1.270608e-01	1.347105e+00	2.317079e-01
3.314933e-02	1.362774e-01	1.356834e+00	2.484787e-01
3.812173e-02	1.461612e-01	1.366971e+00	2.664635e-01
4.383999e-02	1.567603e-01	1.373566e+00	2.857500e-01
5.041599e-02	1.681267e-01	1.376696e+00	3.064325e-01
5.797838e-02	1.803157e-01	1.376294e+00	3.286118e-01
6.667514e-02	1.933869e-01	1.372588e+00	3.523966e-01
7.667641e-02	2.074043e-01	1.367689e+00	3.779031e-01
8.817787e-02	2.224362e-01	1.358982e+00	4.052557e-01
1.014046e-01	2.385562e-01	1.346400e+00	4.345880e-01
1.166152e-01	2.558429e-01	1.330528e+00	4.660433e-01
1.341075e-01	2.743809e-01	1.311129e+00	4.997755e-01
1.542237e-01	2.942607e-01	1.288397e+00	5.359494e-01
1.773572e-01	3.155793e-01	1.262325e+00	5.747415e-01
2.039608e-01	3.384410e-01	1.232559e+00	6.163412e-01
2.345549e-01	3.629574e-01	1.199901e+00	6.609518e-01
2.697381e-01	3.892484e-01	1.164888e+00	7.087918e-01
3.101989e-01	4.174423e-01	1.127904e+00	7.600944e-01
3.567287e-01	4.476769e-01	1.087499e+00	8.151101e-01
4.102380e-01	4.800999e-01	1.043760e+00	8.741077e-01
4.717737e-01	5.148697e-01	9.989116e-01	9.373757e-01
5.425397e-01	5.521561e-01	9.536953e-01	1.005223e+00
6.239207e-01	5.921414e-01	9.089250e-01	1.077982e+00
7.175088e-01	6.350208e-01	8.620963e-01	1.156004e+00
8.251351e-01	6.810038e-01	8.129601e-01	1.239684e+00
9.489054e-01	7.303153e-01	7.650408e-01	1.329396e+00
1.091241e+00	7.831983e-01	7.180766e-01	1.426102e+00
1.254927e+00	8.399090e-01	6.710427e-01	1.530840e+00
1.443166e+00	9.007244e-01	6.264658e-01	1.644287e+00
1.659641e+00	9.659416e-01	5.841191e-01	1.767298e+00
1.908588e+00	1.035879e+00	5.427668e-01	1.900815e+00
2.194876e+00	1.110879e+00	5.020844e-01	2.045933e+00
2.524107e+00	1.184425e+00	4.622304e-01	2.203929e+00
2.902723e+00	1.262023e+00	4.280968e-01	2.376316e+00
3.338132e+00	1.377571e+00	3.960975e-01	2.564912e+00
3.838852e+00	1.509287e+00	3.606500e-01	2.771932e+00
4.414679e+00	1.650443e+00	3.328279e-01	3.000117e+00
5.076881e+00	1.801537e+00	3.115133e-01	3.252900e+00
5.838413e+00	1.968097e+00	2.878440e-01	3.534639e+00
6.714175e+00	2.139946e+00	2.606242e-01	3.688467e+00
7.721302e+00	2.329815e+00	2.296128e-01	3.587775e+00
8.879497e+00	2.532406e+00	2.045477e-01	3.500466e+00
1.021142e+01	2.747129e+00	1.848633e-01	3.429034e+00
1.174313e+01	2.984791e+00	1.667277e-01	3.376104e+00
1.350460e+01	3.251764e+00	1.505075e-01	3.344453e+00
1.553030e+01	3.549679e+00	1.351341e-01	3.336954e+00
1.785984e+01	3.876945e+00	1.220959e-01	3.356767e+00
2.053882e+01	4.224110e+00	1.096775e-01	3.407188e+00
2.361964e+01	4.605296e+00	9.824564e-02	3.491641e+00
2.716258e+01	4.969905e+00	8.857513e-02	3.613700e+00
3.123697e+01	5.356601e+00	8.008172e-02	3.777111e+00
3.592252e+01	5.758040e+00	7.190695e-02	3.985872e+00
4.131089e+01	6.131962e+00	6.379674e-02	4.244394e+00
4.750753e+01	6.521716e+00	5.677198e-02	4.557746e+00
5.463366e+01	6.870193e+00	5.080870e-02	4.931941e+00
6.282871e+01	7.217888e+00	4.567911e-02	5.374457e+00
7.225301e+01	7.561933e+00	4.082000e-02	5.894571e+00
8.309096e+01	7.848002e+00	3.607379e-02	6.503925e+00
9.555461e+01	8.122457e+00	3.199404e-02	7.217103e+00
1.098878e+02	8.296835e+00	2.844190e-02	8.052294e+00
1.263710e+02	8.475775e+00	2.515536e-02	9.032131e+00
1.453266e+02	8.663552e+00	2.235702e-02	1.018470e+01
1.671256e+02	8.746372e+00	1.995321e-02	1.154468e+01
1.921945e+02	1.111937e+01	1.776414e-02	1.315498e+01
2.210236e+02	1.071220e+01	1.574953e-02	1.506779e+01
2.541772e+02	1.036259e+01	1.389042e-02	1.735874e+01
2.923037e+02	9.965662e+00	1.244503e-02	2.010438e+01
3.361493e+02	9.542040e+00	1.117822e-02	2.340192e+01
3.865717e+02	9.092508e+00	9.789298e-03	2.738075e+01
4.445574e+02	8.635316e+00	8.610102e-03	3.220429e+01
5.112411e+02	8.178661e+00	7.621653e-03	3.807122e+01
5.879272e+02	7.717922e+00	6.793202e-03	4.524014e+01
6.761163e+02	7.265559e+00	6.091044e-03	5.406535e+01
7.775337e+02	6.823260e+00	5.323564e-03	6.498040e+01
8.941638e+02	6.444175e+00	4.670131e-03	7.845496e+01
1.028288e+03	6.073869e+00	4.127609e-03	9.509386e+01
1.182532e+03	5.704679e+00	3.636104e-03	1.157356e+02
1.359911e+03	5.339452e+00	3.218912e-03	1.414578e+02
1.563898e+03	4.980974e+00	2.831938e-03	1.736471e+02
1.798483e+03	4.632459e+00	2.512948e-03	2.140719e+02
2.068255e+03	4.293639e+00	2.216864e-03	2.650086e+02
2.378493e+03	3.962322e+00	1.946997e-03	3.294474e+02
2.735268e+03	3.645514e+00	1.731438e-03	4.112248e+02
3.145558e+03	3.352393e+00	1.543877e-03	5.151246e+02
3.617391e+03	3.077124e+00	1.363998e-03	6.471915e+02
4.160000e+03	2.818116e+00	1.190094e-03	8.153516e+02
4.784000e+03	2.574920e+00	1.043057e-03	1.029768e+03
5.501600e+03	2.347744e+00	9.212238e-04	1.303415e+03
6.326840e+03	2.138782e+00	8.182967e-04	1.652814e+03
7.275866e+03	1.947166e+00	7.206857e-04	2.098910e+03
8.367246e+03	1.771320e+00	6.276096e-04	2.668185e+03
9.622333e+03	1.611732e+00	5.490441e-04	3.393968e+03
