# Energy_MeV	dEdx_Elec_MeV_um	dEdx_Nucl_MeV_um	Range_um
1.000000e-05	2.306286e-03	3.320196e-02	4.786161e-03
1.150000e-05	2.495163e-03	3.652513e-02	5.132586e-03
1.322500e-05	2.697527e-03	4.024041e-02	5.504085e-03
1.520875e-05	2.914369e-03	4.410339e-02	5.902474e-03
1.749006e-05	3.146754e-03	4.840400e-02	6.329698e-03
2.011357e-05	3.395817e-03	5.309521e-02	6.787845e-03
2.313061e-05	3.662780e-03	5.814787e-02	7.279153e-03
2.660020e-05	3.948949e-03	6.378238e-02	7.806022e-03
3.059023e-05	4.255722e-03	6.966823e-02	8.371026e-03
3.517876e-05	4.584600e-03	7.622723e-02	8.976925e-03
4.045558e-05	4.937192e-03	8.311944e-02	9.626679e-03
4.652391e-05	5.315221e-03	9.046880e-02	1.032346e-02
5.350250e-05	5.720534e-03	9.856937e-02	1.107068e-02
6.152788e-05	6.155112e-03	1.070457e-01	1.187198e-02
7.075706e-05	6.621079e-03	1.163812e-01	1.273128e-02
8.137062e-05	7.120713e-03	1.257919e-01	1.365278e-02
9.357621e-05	7.656454e-03	1.361716e-01	1.464098e-02
1.076126e-04	8.230920e-03	1.474116e-01	1.570070e-02
1.237545e-04	8.846918e-03	1.592499e-01	1.683712e-02
1.423177e-04	9.507458e-03	1.718078e-01	1.805580e-02
1.636654e-04	1.021577e-02	1.844504e-01	1.936269e-02
1.882152e-04	1.097530e-02	1.981744e-01	2.076417e-02
2.164475e-04	1.178978e-02	2.128027e-01	2.226709e-02
2.489146e-04	1.266318e-02	2.280642e-01	2.387880e-02
2.862518e-04	1.359976e-02	2.440032e-01	2.560716e-02
3.291895e-04	1.460411e-02	2.603473e-01	2.746062e-02
3.785680e-04	1.568112e-02	2.771641e-01	2.944823e-02
4.353531e-04	1.683607e-02	2.945997e-01	3.157971e-02
5.006561e-04	1.807459e-02	3.119570e-01	3.386547e-02
5.757545e-04	1.940273e-02	3.300156e-01	3.631667e-02
6.621177e-04	2.082698e-02	3.484072e-01	3.894529e-02
7.614354e-04	2.235430e-02	3.659188e-01	4.176417e-02
8.756507e-04	2.399216e-02	3.839929e-01	4.478708e-02
1.006998e-03	2.574854e-02	4.023066e-01	4.802879e-02
1.158048e-03	2.763205e-02	4.201439e-01	5.150514e-02
1.331755e-03	2.965186e-02	4.390306e-01	5.523311e-02
1.531519e-03	3.181786e-02	4.549771e-01	5.923091e-02
1.761246e-03	3.414062e-02	4.716127e-01	6.351808e-02
2.025433e-03	3.663150e-02	4.877490e-01	6.811555e-02
2.329248e-03	3.930265e-02	5.027435e-01	7.304579e-02
2.678635e-03	4.216713e-02	5.183323e-01	7.833288e-02
3.080431e-03	4.523894e-02	5.311858e-01	8.400266e-02
3.542495e-03	4.853308e-02	5.444153e-01	9.008282e-02
4.073870e-03	5.206565e-02	5.555767e-01	9.660306e-02
4.684950e-03	5.585389e-02	5.654012e-01	1.035461e-01
5.387693e-03	5.991632e-02	5.750371e-01	1.110871e-01
6.195847e-03	6.427279e-02	5.827746e-01	1.191371e-01
7.125224e-03	6.894458e-02	5.902705e-01	1.277607e-01
8.194007e-03	7.395451e-02	5.953354e-01	1.370075e-01
9.423108e-03	7.932705e-02	5.999928e-01	1.469241e-01
1.083657e-02	8.508845e-02	6.038728e-01	1.575583e-01
1.246206e-02	9.126687e-02	6.065651e-01	1.689622e-01
1.433137e-02	9.789248e-02	6.078534e-01	1.811916e-01
1.648108e-02	1.049976e-01	6.073681e-01	1.943062e-01
1.895324e-02	1.126171e-01	6.058867e-01	2.083699e-01
2.179622e-02	1.207880e-01	6.032054e-01	2.234516e-01
2.506566e-02	1.295504e-01	5.991510e-01	2.396250e-01
2.882550e-02	1.389469e-01	5.934701e-01	2.569690e-01
3.314933e-02	1.490236e-01	5.862134e-01	2.755683e-01
3.812173e-02	1.598297e-01	5.774563e-01	2.955138e-01
4.383999e-02	1.714179e-01	5.672265e-01	3.169030e-01
5.041599e-02	1.838448e-01	5.554416e-01	3.398405e-01
5.797838e-02	1.971713e-01	5.421934e-01	3.644382e-01
6.667514e-02	2.114623e-01	5.274948e-01	3.908162e-01
7.667641e-02	2.267876e-01	5.121533e-01	4.191033e-01
8.817787e-02	2.432223e-01	4.953038e-01	4.494380e-01
1.014046e-01	2.608465e-01	4.770291e-01	4.819685e-01
1.166152e-01	2.797463e-01	4.582871e-01	5.168535e-01
1.341075e-01	3.000141e-01	4.377703e-01	5.542633e-01
1.542237e-01	3.217489e-01	4.186737e-01	5.943808e-01
1.773572e-01	3.450569e-01	3.981325e-01	6.374023e-01
2.039608e-01	3.700519e-01	3.769525e-01	6.835378e-01
2.345549e-01	3.968561e-01	3.563892e-01	7.330124e-01
2.697381e-01	4.256004e-01	3.343368e-01	7.860677e-01
3.101989e-01	4.564252e-01	3.144191e-01	8.429636e-01
3.567287e-01	4.894811e-01	2.934211e-01	9.039790e-01
4.102380e-01	5.249296e-01	2.738263e-01	9.693985e-01
4.717737e-01	5.629451e-01	2.555712e-01	1.039641e+00
5.425397e-01	6.037135e-01	2.365869e-01	1.115583e+00
6.239207e-01	6.474326e-01	2.195192e-01	1.197828e+00
7.175088e-01	6.943161e-01	2.021403e-01	1.286960e+00
8.251351e-01	7.445932e-01	1.873481e-01	1.383641e+00
9.489054e-01	7.985093e-01	1.724365e-01	1.488637e+00
1.091241e+00	8.563281e-01	1.584000e-01	1.602835e+00
1.254927e+00	9.062609e-01	1.462481e-01	1.727276e+00
1.443166e+00	9.709124e-01	1.359116e-01	1.863200e+00
1.659641e+00	1.059607e+00	1.252062e-01	1.955818e+00
1.908588e+00	1.156051e+00	1.128951e-01	1.975942e+00
2.194876e+00	1.263973e+00	1.005929e-01	1.994109e+00
2.524107e+00	1.379272e+00	8.956222e-02	2.011182e+00
2.902723e+00	1.507773e+00	8.069477e-02	2.028200e+00
3.338132e+00	1.649222e+00	7.266772e-02	2.046540e+00
3.838852e+00	1.801042e+00	6.561068e-02	2.067838e+00
4.414679e+00	1.968482e+00	5.902355e-02	2.094023e+00
5.076881e+00	2.131892e+00	5.319804e-02	2.127357e+00
5.838413e+00	2.313431e+00	4.788305e-02	2.170455e+00
6.714175e+00	2.514412e+00	4.279322e-02	2.226312e+00
7.721302e+00	2.701469e+00	3.873481e-02	2.298310e+00
8.879497e+00	2.896108e+00	3.479131e-02	2.390226e+00
1.021142e+01	3.068010e+00	3.109397e-02	2.506203e+00
1.174313e+01	3.233017e+00	2.787229e-02	2.650816e+00
1.350460e+01	3.391224e+00	2.459260e-02	2.829028e+00
1.553030e+01	3.533923e+00	2.222442e-02	3.046266e+00
1.785984e+01	3.679914e+00	1.983130e-02	3.308539e+00
2.053882e+01	3.803955e+00	1.763359e-02	3.622631e+00
2.361964e+01	3.915138e+00	1.575780e-02	3.996463e+00
2.716258e+01	4.019001e+00	1.384903e-02	4.439476e+00
3.123697e+01	4.092316e+00	1.239640e-02	4.963187e+00
3.592252e+01	4.158683e+00	1.094165e-02	5.581856e+00
4.131089e+01	4.196535e+00	9.717500e-03	6.313265e+00
4.750753e+01	4.204098e+00	8.697695e-03	7.179669e+00
5.463366e+01	4.191308e+00	7.684284e-03	8.208972e+00
6.282871e+01	4.167249e+00	6.862521e-03	9.436182e+00
7.225301e+01	4.128314e+00	6.063629e-03	1.090520e+01
8.309096e+01	4.060930e+00	5.435524e-03	1.267164e+01
9.555461e+01	4.704118e+00	4.837723e-03	1.480306e+01
1.098878e+02	4.452222e+00	4.278258e-03	1.739122e+01
1.263710e+02	4.208961e+00	3.757119e-03	2.055437e+01
1.453266e+02	3.961231e+00	3.331970e-03	2.442106e+01
1.671256e+02	3.714611e+00	2.968470e-03	2.916873e+01
1.921945e+02	3.469282e+00	2.634663e-03	3.502657e+01
2.210236e+02	3.231298e+00	2.326322e-03	4.228389e+01
2.541772e+02	3.000767e+00	2.035805e-03	5.130616e+01
2.923037e+02	2.773328e+00	1.800047e-03	6.258593e+01
3.361493e+02	2.555900e+00	1.581533e-03	7.678191e+01
3.865717e+02	2.357858e+00	1.400433e-03	9.467630e+01
4.445574e+02	2.178682e+00	1.235250e-03	1.171811e+02
5.112411e+02	2.007026e+00	1.091460e-03	1.455487e+02
5.879272e+02	1.842710e+00	9.666162e-04	1.814392e+02
6.761163e+02	1.686713e+00	8.465860e-04	2.269989e+02
7.775337e+02	1.539533e+00	7.565608e-04	2.849968e+02
8.941638e+02	1.401750e+00	6.691569e-04	3.589867e+02
1.028288e+03	1.272241e+00	5.877999e-04	4.535964e+02
1.182532e+03	1.151748e+00	5.195825e-04	5.748764e+02
1.359911e+03	1.041212e+00	4.506184e-04	7.304980e+02
1.563898e+03	9.414404e-01	4.027064e-04	9.300305e+02
1.798483e+03	8.498983e-01	3.545107e-04	1.185764e+03
2.068255e+03	7.666512e-01	3.103625e-04	1.513671e+03
2.378493e+03	6.915059e-01	2.739519e-04	1.934040e+03
2.735268e+03	6.236257e-01	2.370482e-04	2.472698e+03
3.145558e+03	5.622593e-01	2.095992e-04	3.162356e+03
3.617391e+03	5.072811e-01	1.824796e-04	4.044313e+03
4.160000e+03	4.583435e-01	1.596716e-04	5.170567e+03
4.784000e+03	4.146596e-01	1.413291e-04	6.606269e+03
5.501600e+03	3.757385e-01	1.230509e-04	8.432656e+03
6.326840e+03	3.413102e-01	1.085569e-04	1.075053e+04
7.275866e+03	3.108733e-01	9.472564e-05	1.368423e+04
8.367246e+03	2.839530e-01	8.380393e-05	1.738614e+04
9.622333e+03	2.602936e-01	7.365290e-05	2.204165e+04
