# Energy_MeV	dEdx_Elec_MeV_um	dEdx_Nucl_MeV_um	Range_um
1.000000e-05	5.215636e-03	3.219745e-02	3.834623e-03
1.150000e-05	5.593147e-03	3.565817e-02	4.112175e-03
1.322500e-05	5.997982e-03	3.946506e-02	4.409817e-03
1.520875e-05	6.432119e-03	4.357708e-02	4.729002e-03
1.749006e-05	6.897679e-03	4.815773e-02	5.071289e-03
2.011357e-05	7.396937e-03	5.316589e-02	5.438352e-03
2.313061e-05	7.932331e-03	5.866738e-02	5.831983e-03
2.660020e-05	8.506477e-03	6.456955e-02	6.254105e-03
3.059023e-05	9.122180e-03	7.102110e-02	6.706780e-03
3.517876e-05	9.782449e-03	7.829227e-02	7.192220e-03
4.045558e-05	1.049051e-02	8.618255e-02	7.712797e-03
4.652391e-05	1.124982e-02	9.466356e-02	8.271053e-03
5.350250e-05	1.206408e-02	1.038045e-01	8.869717e-03
6.152788e-05	1.293729e-02	1.137115e-01	9.511711e-03
7.075706e-05	1.387370e-02	1.248145e-01	1.020017e-02
8.137062e-05	1.487788e-02	1.367871e-01	1.093847e-02
9.357621e-05	1.595475e-02	1.496143e-01	1.173020e-02
1.076126e-04	1.710956e-02	1.636217e-01	1.257924e-02
1.237545e-04	1.834796e-02	1.784783e-01	1.348973e-02
1.423177e-04	1.967600e-02	1.945477e-01	1.446612e-02
1.636654e-04	2.110016e-02	2.117370e-01	1.551319e-02
1.882152e-04	2.262740e-02	2.302942e-01	1.663604e-02
2.164475e-04	2.426518e-02	2.504204e-01	1.784017e-02
2.489146e-04	2.602151e-02	2.709825e-01	1.913145e-02
2.862518e-04	2.790496e-02	2.930244e-01	2.051619e-02
3.291895e-04	2.992473e-02	3.174729e-01	2.200117e-02
3.785680e-04	3.209070e-02	3.431876e-01	2.359362e-02
4.353531e-04	1.720837e-02	3.705176e-01	2.530134e-02
5.006561e-04	1.847953e-02	3.982647e-01	2.713267e-02
5.757545e-04	1.984267e-02	4.274487e-01	2.909654e-02
6.621177e-04	2.130443e-02	4.595957e-01	3.120257e-02
7.614354e-04	2.287197e-02	4.927368e-01	3.346102e-02
8.756507e-04	2.455294e-02	5.274909e-01	3.588295e-02
1.006998e-03	2.635556e-02	5.630049e-01	3.848018e-02
1.158048e-03	2.828863e-02	6.002905e-01	4.126539e-02
1.331755e-03	3.036159e-02	6.387820e-01	4.425220e-02
1.531519e-03	3.258457e-02	6.761516e-01	4.745520e-02
1.761246e-03	3.496843e-02	7.159247e-01	5.089003e-02
2.025433e-03	3.752482e-02	7.559576e-01	5.457348e-02
2.329248e-03	4.026623e-02	7.963946e-01	5.852354e-02
2.678635e-03	4.320605e-02	8.351371e-01	6.275950e-02
3.080431e-03	4.635864e-02	8.738124e-01	6.730207e-02
3.542495e-03	4.973940e-02	9.155087e-01	7.217343e-02
4.073870e-03	5.336485e-02	9.560729e-01	7.739738e-02
4.684950e-03	5.725270e-02	9.937767e-01	8.299944e-02
5.387693e-03	6.142194e-02	1.029616e+00	8.900699e-02
6.195847e-03	6.589295e-02	1.063693e+00	9.544936e-02
7.125224e-03	7.068756e-02	1.099594e+00	1.023580e-01
8.194007e-03	7.582919e-02	1.133208e+00	1.097144e-01
9.423108e-03	8.134298e-02	1.163284e+00	1.177047e-01
1.083657e-02	8.725585e-02	1.192464e+00	1.262346e-01
1.246206e-02	9.359668e-02	1.217602e+00	1.353719e-01
1.433137e-02	1.003965e-01	1.240854e+00	1.451695e-01
1.648108e-02	1.076884e-01	1.261556e+00	1.556769e-01
1.895324e-02	1.155082e-01	1.280282e+00	1.669446e-01
2.179622e-02	1.238939e-01	1.297471e+00	1.790279e-01
2.506566e-02	1.328866e-01	1.309601e+00	1.919858e-01
2.882550e-02	1.425302e-01	1.319718e+00	2.058817e-01
3.314933e-02	1.528717e-01	1.329400e+00	2.207832e-01
3.812173e-02	1.639618e-01	1.336087e+00	2.367634e-01
4.383999e-02	1.758547e-01	1.339930e+00	2.539002e-01
5.041599e-02	1.886083e-01	1.339828e+00	2.722775e-01
5.797838e-02	2.022850e-01	1.336900e+00	2.919849e-01
6.667514e-02	2.169516e-01	1.332222e+00	3.131186e-01
7.667641e-02	2.326799e-01	1.324127e+00	3.357820e-01
8.817787e-02	2.495465e-01	1.312607e+00	3.600860e-01
1.014046e-01	2.676340e-01	1.297539e+00	3.861490e-01
1.166152e-01	2.870306e-01	1.279235e+00	4.140984e-01
1.341075e-01	3.078312e-01	1.257562e+00	4.440708e-01
1.542237e-01	3.301373e-01	1.232644e+00	4.762126e-01
1.773572e-01	3.540580e-01	1.204172e+00	5.106810e-01
2.039608e-01	3.797100e-01	1.172862e+00	5.476443e-01
2.345549e-01	4.072188e-01	1.138887e+00	5.872827e-01
2.697381e-01	4.367186e-01	1.103042e+00	6.297902e-01
3.101989e-01	4.683537e-01	1.064449e+00	6.753746e-01
3.567287e-01	5.022785e-01	1.022196e+00	7.242585e-01
4.102380e-01	5.386588e-01	9.784337e-01	7.766805e-01
4.717737e-01	5.776724e-01	9.346130e-01	8.328965e-01
5.425397e-01	6.195097e-01	8.906411e-01	8.931819e-01
6.239207e-01	6.643753e-01	8.459125e-01	9.578321e-01
7.175088e-01	7.124882e-01	7.982297e-01	1.027149e+00
8.251351e-01	7.640852e-01	7.509878e-01	1.101574e+00
9.489054e-01	8.194184e-01	7.055200e-01	1.182038e+00
1.091241e+00	8.787565e-01	6.594170e-01	1.269178e+00
1.254927e+00	9.423896e-01	6.163839e-01	1.363616e+00
1.443166e+00	1.010629e+00	5.744201e-01	1.466051e+00
1.659641e+00	1.083807e+00	5.338580e-01	1.577296e+00
1.908588e+00	1.162282e+00	4.943945e-01	1.698289e+00
2.194876e+00	1.235539e+00	4.551453e-01	1.830134e+00
2.524107e+00	1.329395e+00	4.219115e-01	1.974143e+00
2.902723e+00	1.456866e+00	3.899753e-01	2.131904e+00
3.338132e+00	1.593676e+00	3.561175e-01	2.305365e+00
3.838852e+00	1.745580e+00	3.286155e-01	2.496949e+00
4.414679e+00	1.902303e+00	3.061820e-01	2.709712e+00
5.076881e+00	2.074378e+00	2.835741e-01	2.947542e+00
5.838413e+00	2.259447e+00	2.575751e-01	2.996177e+00
6.714175e+00	2.453879e+00	2.276762e-01	2.911325e+00
7.721302e+00	2.668189e+00	2.032490e-01	2.838952e+00
8.879497e+00	2.888723e+00	1.827178e-01	2.781036e+00
1.021142e+01	3.139410e+00	1.650868e-01	2.739655e+00
1.174313e+01	3.424072e+00	1.486678e-01	2.717012e+00
1.350460e+01	3.731818e+00	1.333456e-01	2.715372e+00
1.553030e+01	4.075046e+00	1.208427e-01	2.737262e+00
1.785984e+01	4.438367e+00	1.085062e-01	2.785266e+00
2.053882e+01	4.816206e+00	9.741193e-02	2.862081e+00
2.361964e+01	5.211469e+00	8.749982e-02	2.970521e+00
2.716258e+01	5.600412e+00	7.896765e-02	3.113556e+00
3.123697e+01	6.013492e+00	7.115949e-02	3.294398e+00
3.592252e+01	6.400542e+00	6.321190e-02	3.516660e+00
4.131089e+01	6.779184e+00	5.610680e-02	3.784584e+00
4.750753e+01	7.163015e+00	5.025989e-02	4.103279e+00
5.463366e+01	7.501637e+00	4.506771e-02	4.479179e+00
6.282871e+01	7.847297e+00	4.042651e-02	4.920295e+00
7.225301e+01	8.148568e+00	3.577280e-02	5.436697e+00
8.309096e+01	8.381820e+00	3.163688e-02	6.040986e+00
9.555461e+01	8.581132e+00	2.817428e-02	6.748859e+00
1.098878e+02	8.769400e+00	2.489859e-02	7.579815e+00
1.263710e+02	8.935401e+00	2.218306e-02	8.557956e+00
1.453266e+02	9.023374e+00	1.975131e-02	9.713440e+00
1.671256e+02	1.127096e+01	1.757477e-02	1.108176e+01
1.921945e+02	1.091032e+01	1.561053e-02	1.271177e+01
2.210236e+02	1.053935e+01	1.375574e-02	1.466560e+01
2.541772e+02	1.012044e+01	1.234081e-02	1.700532e+01
2.923037e+02	9.679426e+00	1.105502e-02	1.981880e+01
3.361493e+02	9.215654e+00	9.713671e-03	2.321823e+01
3.865717e+02	8.750047e+00	8.571701e-03	2.734219e+01
4.445574e+02	8.280601e+00	7.558670e-03	3.236217e+01
5.112411e+02	7.809786e+00	6.745610e-03	3.850964e+01
5.879272e+02	7.349361e+00	6.026381e-03	4.609243e+01
6.761163e+02	6.924793e+00	5.276242e-03	5.546105e+01
7.775337e+02	6.540520e+00	4.648399e-03	6.700760e+01
8.941638e+02	6.160370e+00	4.092928e-03	8.128069e+01
1.028288e+03	5.781685e+00	3.616404e-03	9.900766e+01
1.182532e+03	5.408866e+00	3.189599e-03	1.211217e+02
1.359911e+03	5.043327e+00	2.800004e-03	1.488189e+02
1.563898e+03	4.688674e+00	2.492536e-03	1.836252e+02
1.798483e+03	4.340833e+00	2.196506e-03	2.275248e+02
2.068255e+03	4.003344e+00	1.937413e-03	2.831127e+02
2.378493e+03	3.684178e+00	1.714522e-03	3.536674e+02
2.735268e+03	3.389018e+00	1.525133e-03	4.432683e+02
3.145558e+03	3.109975e+00	1.353321e-03	5.571726e+02
3.617391e+03	2.847439e+00	1.182592e-03	7.022466e+02
4.160000e+03	2.600880e+00	1.032942e-03	8.872356e+02
4.784000e+03	2.371753e+00	9.133246e-04	1.123310e+03
5.501600e+03	2.161360e+00	8.086406e-04	1.424668e+03
6.326840e+03	1.967999e+00	7.154070e-04	1.809284e+03
7.275866e+03	1.790979e+00	6.240203e-04	2.299857e+03
8.367246e+03	1.631035e+00	5.439770e-04	2.924885e+03
9.622333e+03	1.487067e+00	4.781006e-04	3.719958e+03
