# Energy_MeV	dEdx_Elec_MeV_um	dEdx_Nucl_MeV_um	Range_um
1.000000e-05	5.241837e-03	3.368471e-02	3.815456e-03
1.150000e-05	5.621244e-03	3.723084e-02	4.091621e-03
1.322500e-05	6.028113e-03	4.110180e-02	4.387775e-03
1.520875e-05	6.464431e-03	4.541638e-02	4.705364e-03
1.749006e-05	6.932329e-03	4.994337e-02	5.045941e-03
2.011357e-05	7.434095e-03	5.497106e-02	5.411169e-03
2.313061e-05	7.972179e-03	6.062969e-02	5.802832e-03
2.660020e-05	8.549209e-03	6.667649e-02	6.222844e-03
3.059023e-05	9.168006e-03	7.338058e-02	6.673257e-03
3.517876e-05	9.831591e-03	8.039543e-02	7.156271e-03
4.045558e-05	1.054321e-02	8.813432e-02	7.674245e-03
4.652391e-05	1.130633e-02	9.679962e-02	8.229711e-03
5.350250e-05	1.212469e-02	1.059990e-01	8.825382e-03
6.152788e-05	1.300228e-02	1.161324e-01	9.464168e-03
7.075706e-05	1.394339e-02	1.268635e-01	1.014919e-02
8.137062e-05	1.495262e-02	1.385623e-01	1.088379e-02
9.357621e-05	1.603490e-02	1.512661e-01	1.167157e-02
1.076126e-04	1.719551e-02	1.644826e-01	1.251636e-02
1.237545e-04	1.844013e-02	1.791206e-01	1.342230e-02
1.423177e-04	1.977484e-02	1.945579e-01	1.439382e-02
1.636654e-04	2.120615e-02	2.109561e-01	1.543565e-02
1.882152e-04	2.274107e-02	2.283324e-01	1.655289e-02
2.164475e-04	2.438708e-02	2.469796e-01	1.775100e-02
2.489146e-04	2.615223e-02	2.671868e-01	1.903582e-02
2.862518e-04	2.804514e-02	2.888438e-01	2.041365e-02
3.291895e-04	3.007506e-02	3.107226e-01	2.189120e-02
3.785680e-04	1.614798e-02	3.339519e-01	2.347569e-02
4.353531e-04	1.734277e-02	3.584708e-01	2.517488e-02
5.006561e-04	1.862399e-02	3.846440e-01	2.699705e-02
5.757545e-04	1.999791e-02	4.123826e-01	2.895111e-02
6.621177e-04	2.147125e-02	4.402475e-01	3.104660e-02
7.614354e-04	2.305120e-02	4.702132e-01	3.329377e-02
8.756507e-04	2.474547e-02	4.997947e-01	3.570359e-02
1.006998e-03	2.656236e-02	5.301077e-01	3.828784e-02
1.158048e-03	2.851072e-02	5.616315e-01	4.105913e-02
1.331755e-03	3.060009e-02	5.932507e-01	4.403101e-02
1.531519e-03	3.284067e-02	6.267401e-01	4.721800e-02
1.761246e-03	3.524340e-02	6.567012e-01	5.063567e-02
2.025433e-03	3.782002e-02	6.879503e-01	5.430070e-02
2.329248e-03	4.058312e-02	7.215820e-01	5.823102e-02
2.678635e-03	4.354621e-02	7.532033e-01	6.244581e-02
3.080431e-03	4.672375e-02	7.853630e-01	6.696567e-02
3.542495e-03	5.013126e-02	8.131671e-01	7.181268e-02
4.073870e-03	5.378540e-02	8.411522e-01	7.701052e-02
4.684950e-03	5.770402e-02	8.704441e-01	8.258458e-02
5.387693e-03	6.190626e-02	8.970347e-01	8.856210e-02
6.195847e-03	6.641265e-02	9.228204e-01	9.492651e-02
7.125224e-03	7.124521e-02	9.455012e-01	1.018302e-01
8.194007e-03	7.642754e-02	9.669371e-01	1.092211e-01
9.423108e-03	8.198496e-02	9.869865e-01	1.171260e-01
1.083657e-02	8.794462e-02	1.003399e+00	1.256034e-01
1.246206e-02	9.433564e-02	1.019429e+00	1.346946e-01
1.433137e-02	1.011892e-01	1.033017e+00	1.444437e-01
1.648108e-02	1.085389e-01	1.044188e+00	1.548983e-01
1.895324e-02	1.164205e-01	1.053272e+00	1.661098e-01
2.179622e-02	1.248726e-01	1.060657e+00	1.781327e-01
2.506566e-02	1.339365e-01	1.066785e+00	1.910259e-01
2.882550e-02	1.436564e-01	1.071130e+00	2.048522e-01
3.314933e-02	1.540798e-01	1.071797e+00	2.196793e-01
3.812173e-02	1.652577e-01	1.070579e+00	2.355796e-01
4.383999e-02	1.772446e-01	1.067010e+00	2.526308e-01
5.041599e-02	1.900991e-01	1.061432e+00	2.709162e-01
5.797838e-02	2.038841e-01	1.053468e+00	2.905250e-01
6.667514e-02	2.186668e-01	1.042219e+00	3.115531e-01
7.667641e-02	2.345195e-01	1.028640e+00	3.341034e-01
8.817787e-02	2.515197e-01	1.012126e+00	3.582858e-01
1.014046e-01	2.697503e-01	9.931392e-01	3.842185e-01
1.166152e-01	2.893004e-01	9.713542e-01	4.120282e-01
1.341075e-01	3.102656e-01	9.471651e-01	4.418508e-01
1.542237e-01	3.327482e-01	9.201551e-01	4.738321e-01
1.773572e-01	3.568582e-01	8.926456e-01	5.081282e-01
2.039608e-01	3.827133e-01	8.624878e-01	5.449065e-01
2.345549e-01	4.104397e-01	8.290570e-01	5.843468e-01
2.697381e-01	4.401730e-01	7.950431e-01	6.266419e-01
3.101989e-01	4.720584e-01	7.591138e-01	6.719986e-01
3.567287e-01	5.062517e-01	7.250248e-01	7.206380e-01
4.102380e-01	5.429200e-01	6.894255e-01	7.727982e-01
4.717737e-01	5.822423e-01	6.511540e-01	8.287322e-01
5.425397e-01	6.244107e-01	6.138739e-01	8.887160e-01
6.239207e-01	6.696323e-01	5.764356e-01	9.530585e-01
7.175088e-01	7.181292e-01	5.405455e-01	1.022524e+00
8.251351e-01	7.701364e-01	5.052728e-01	1.097762e+00
9.489054e-01	8.259079e-01	4.702726e-01	1.179276e+00
1.091241e+00	8.857161e-01	4.382618e-01	1.267678e+00
1.254927e+00	9.498534e-01	4.059185e-01	1.363655e+00
1.443166e+00	1.018633e+00	3.750633e-01	1.468005e+00
1.659641e+00	1.084922e+00	3.469839e-01	1.581663e+00
1.908588e+00	1.161349e+00	3.203495e-01	1.705737e+00
2.194876e+00	1.271813e+00	2.945256e-01	1.841566e+00
2.524107e+00	1.392973e+00	2.710727e-01	1.990783e+00
2.902723e+00	1.525561e+00	2.505305e-01	2.155416e+00
3.338132e+00	1.664460e+00	2.332871e-01	2.338015e+00
3.838852e+00	1.818486e+00	2.134573e-01	2.371839e+00
4.414679e+00	1.982573e+00	1.906530e-01	2.329197e+00
5.076881e+00	2.162307e+00	1.699715e-01	2.291646e+00
5.838413e+00	2.360854e+00	1.514544e-01	2.261007e+00
6.714175e+00	2.568821e+00	1.371847e-01	2.239235e+00
7.721302e+00	2.803705e+00	1.229250e-01	2.228437e+00
8.879497e+00	3.068284e+00	1.110877e-01	2.230786e+00
1.021142e+01	3.356590e+00	1.003792e-01	2.248818e+00
1.174313e+01	3.676696e+00	9.018837e-02	2.285092e+00
1.350460e+01	3.994308e+00	8.118382e-02	2.342347e+00
1.553030e+01	4.331676e+00	7.231871e-02	2.423468e+00
1.785984e+01	4.658057e+00	6.560421e-02	2.531481e+00
2.053882e+01	4.986528e+00	5.914964e-02	2.669584e+00
2.361964e+01	5.337135e+00	5.257734e-02	2.841210e+00
2.716258e+01	5.640562e+00	4.680811e-02	3.050145e+00
3.123697e+01	5.954137e+00	4.165396e-02	3.300755e+00
3.592252e+01	6.248097e+00	3.750245e-02	3.598240e+00
4.131089e+01	6.519896e+00	3.366215e-02	3.948945e+00
4.750753e+01	6.797118e+00	2.980591e-02	4.360749e+00
5.463366e+01	7.011669e+00	2.640132e-02	4.843472e+00
6.282871e+01	7.199203e+00	2.343291e-02	5.409393e+00
7.225301e+01	7.327396e+00	2.082328e-02	6.073813e+00
8.309096e+01	7.450912e+00	1.852133e-02	6.855751e+00
9.555461e+01	7.571761e+00	1.640306e-02	7.778852e+00
1.098878e+02	7.608693e+00	1.463970e-02	8.872562e+00
1.263710e+02	9.356098e+00	1.299978e-02	1.017264e+01
1.453266e+02	8.989323e+00	1.150802e-02	1.172519e+01
1.671256e+02	8.640353e+00	1.028215e-02	1.359364e+01
1.921945e+02	8.261218e+00	9.175917e-03	1.584157e+01
2.210236e+02	7.867237e+00	8.152850e-03	1.855553e+01
2.541772e+02	7.458422e+00	7.200291e-03	2.184783e+01
2.923037e+02	7.049972e+00	6.313821e-03	2.585968e+01
3.361493e+02	6.644435e+00	5.635637e-03	3.076476e+01
3.865717e+02	6.239428e+00	5.006729e-03	3.679358e+01
4.445574e+02	5.843720e+00	4.434587e-03	4.425894e+01
5.112411e+02	5.469571e+00	3.910162e-03	5.353331e+01
5.879272e+02	5.138807e+00	3.422550e-03	6.502859e+01
6.761163e+02	4.815710e+00	3.033672e-03	7.929983e+01
7.775337e+02	4.496931e+00	2.655359e-03	9.709892e+01
8.941638e+02	4.185211e+00	2.349641e-03	1.193926e+02
1.028288e+03	3.882205e+00	2.086147e-03	1.474261e+02
1.182532e+03	3.590503e+00	1.838871e-03	1.827908e+02
1.359911e+03	3.308678e+00	1.627229e-03	2.275473e+02
1.563898e+03	3.037214e+00	1.424262e-03	2.844026e+02
1.798483e+03	2.780380e+00	1.272736e-03	3.568077e+02
2.068255e+03	2.545487e+00	1.131567e-03	4.490641e+02
2.378493e+03	2.325082e+00	9.895553e-04	5.666589e+02
2.735268e+03	2.119552e+00	8.654436e-04	7.167794e+02
3.145558e+03	1.928674e+00	7.605163e-04	9.085960e+02
3.617391e+03	1.752394e+00	6.752440e-04	1.153817e+03
4.160000e+03	1.591151e+00	5.988682e-04	1.467324e+03
4.784000e+03	1.444114e+00	5.228017e-04	1.867956e+03
5.501600e+03	1.310534e+00	4.555350e-04	2.379492e+03
6.326840e+03	1.190192e+00	3.996294e-04	3.031800e+03
7.275866e+03	1.082286e+00	3.497037e-04	3.862189e+03
8.367246e+03	9.855895e-01	3.072996e-04	4.917019e+03
9.622333e+03	8.990885e-01	2.686516e-04	6.253548e+03
