# Energy_MeV	dEdx_Elec_MeV_um	dEdx_Nucl_MeV_um	Range_um
1.000000e-05	4.931130e-03	2.741842e-02	4.055866e-03
1.150000e-05	5.288047e-03	3.038135e-02	4.349432e-03
1.322500e-05	5.670799e-03	3.375241e-02	4.664246e-03
1.520875e-05	6.081254e-03	3.746600e-02	5.001846e-03
1.749006e-05	6.521419e-03	4.151545e-02	5.363883e-03
2.011357e-05	6.993443e-03	4.599718e-02	5.752123e-03
2.313061e-05	7.499632e-03	5.091807e-02	6.168465e-03
2.660020e-05	8.042459e-03	5.634476e-02	6.614942e-03
3.059023e-05	8.624576e-03	6.224173e-02	7.093735e-03
3.517876e-05	9.248828e-03	6.874794e-02	7.607183e-03
4.045558e-05	9.918263e-03	7.593836e-02	8.157795e-03
4.652391e-05	1.063615e-02	8.376478e-02	8.748261e-03
5.350250e-05	1.140600e-02	9.212282e-02	9.381464e-03
6.152788e-05	1.223157e-02	1.013601e-01	1.006050e-02
7.075706e-05	1.311690e-02	1.118007e-01	1.078868e-02
8.137062e-05	1.406631e-02	1.229601e-01	1.156957e-02
9.357621e-05	1.508444e-02	1.351395e-01	1.240699e-02
1.076126e-04	1.617626e-02	1.480523e-01	1.330501e-02
1.237545e-04	1.734710e-02	1.622376e-01	1.426803e-02
1.423177e-04	1.860270e-02	1.781872e-01	1.530076e-02
1.636654e-04	1.994917e-02	1.950930e-01	1.640824e-02
1.882152e-04	2.139310e-02	2.135051e-01	1.759588e-02
2.164475e-04	2.294154e-02	2.333448e-01	1.886948e-02
2.489146e-04	2.460207e-02	2.546752e-01	2.023526e-02
2.862518e-04	2.638278e-02	2.775280e-01	2.169990e-02
3.291895e-04	2.829238e-02	3.018660e-01	2.327055e-02
3.785680e-04	3.034019e-02	3.285145e-01	2.495488e-02
4.353531e-04	3.253623e-02	3.569729e-01	2.676113e-02
5.006561e-04	3.489122e-02	3.865663e-01	2.869811e-02
5.757545e-04	3.741667e-02	4.175697e-01	3.077530e-02
6.621177e-04	4.012490e-02	4.525761e-01	3.300283e-02
7.614354e-04	4.302917e-02	4.896268e-01	3.539159e-02
8.756507e-04	4.614364e-02	5.279480e-01	3.795326e-02
1.006998e-03	4.948354e-02	5.679445e-01	4.070033e-02
1.158048e-03	5.306519e-02	6.087694e-01	4.364624e-02
1.331755e-03	5.690607e-02	6.547986e-01	4.680538e-02
1.531519e-03	6.102496e-02	7.026105e-01	5.019318e-02
1.761246e-03	6.544198e-02	7.511371e-01	5.382619e-02
2.025433e-03	7.017871e-02	8.022864e-01	5.772216e-02
2.329248e-03	7.525828e-02	8.547858e-01	6.190012e-02
2.678635e-03	8.070552e-02	9.090540e-01	6.638048e-02
3.080431e-03	8.654702e-02	9.629158e-01	7.118513e-02
3.542495e-03	9.281134e-02	1.018666e+00	7.633755e-02
4.073870e-03	9.952908e-02	1.076416e+00	8.186291e-02
4.684950e-03	1.067330e-01	1.133180e+00	8.778819e-02
5.387693e-03	1.144584e-01	1.186929e+00	9.414234e-02
6.195847e-03	1.227430e-01	1.242306e+00	1.009564e-01
7.125224e-03	1.316272e-01	1.302495e+00	1.082637e-01
8.194007e-03	1.411545e-01	1.358369e+00	1.160999e-01
9.423108e-03	1.513713e-01	1.412820e+00	1.245032e-01
1.083657e-02	1.623276e-01	1.461939e+00	1.335149e-01
1.246206e-02	1.740770e-01	1.510732e+00	1.431651e-01
1.433137e-02	1.866768e-01	1.562663e+00	1.535187e-01
1.648108e-02	2.001885e-01	1.608464e+00	1.646613e-01
1.895324e-02	2.146783e-01	1.651878e+00	1.765766e-01
2.179622e-02	2.302168e-01	1.692054e+00	1.893581e-01
2.506566e-02	2.468800e-01	1.728404e+00	2.030635e-01
2.882550e-02	2.647493e-01	1.760678e+00	2.177611e-01
3.314933e-02	2.839120e-01	1.789094e+00	2.335225e-01
3.812173e-02	3.044617e-01	1.816200e+00	2.504246e-01
4.383999e-02	3.264988e-01	1.839501e+00	2.685501e-01
5.041599e-02	3.501310e-01	1.857249e+00	2.879877e-01
5.797838e-02	3.754736e-01	1.870376e+00	3.088322e-01
6.667514e-02	4.026506e-01	1.884239e+00	3.311853e-01
7.667641e-02	4.317947e-01	1.894229e+00	3.551563e-01
8.817787e-02	4.630482e-01	1.898310e+00	3.808623e-01
1.014046e-01	4.965639e-01	1.898452e+00	4.084291e-01
1.166152e-01	5.325055e-01	1.893247e+00	4.379912e-01
1.341075e-01	5.710485e-01	1.886548e+00	4.696929e-01
1.542237e-01	6.123813e-01	1.875205e+00	5.036891e-01
1.773572e-01	6.567058e-01	1.857879e+00	5.401461e-01
2.039608e-01	7.042385e-01	1.836401e+00	5.792420e-01
2.345549e-01	7.552116e-01	1.809871e+00	6.211676e-01
2.697381e-01	8.098742e-01	1.778770e+00	6.661276e-01
3.101989e-01	8.684934e-01	1.743071e+00	7.143418e-01
3.567287e-01	9.313554e-01	1.702373e+00	7.660461e-01
4.102380e-01	9.987674e-01	1.657417e+00	8.214928e-01
4.717737e-01	1.071059e+00	1.609025e+00	8.809526e-01
5.425397e-01	1.148582e+00	1.558519e+00	9.447159e-01
6.239207e-01	1.231717e+00	1.503260e+00	1.013094e+00
7.175088e-01	1.320870e+00	1.442425e+00	1.086423e+00
8.251351e-01	1.416475e+00	1.381236e+00	1.165059e+00
9.489054e-01	1.519000e+00	1.318073e+00	1.249384e+00
1.091241e+00	1.628946e+00	1.257025e+00	1.339823e+00
1.254927e+00	1.746304e+00	1.192980e+00	1.436777e+00
1.443166e+00	1.855573e+00	1.124158e+00	1.541259e+00
1.659641e+00	1.970527e+00	1.058865e+00	1.654413e+00
1.908588e+00	2.091050e+00	9.933419e-01	1.776973e+00
2.194876e+00	2.216863e+00	9.292010e-01	1.909860e+00
2.524107e+00	1.185645e+00	8.671316e-01	2.054090e+00
2.902723e+00	1.271486e+00	8.082547e-01	2.210842e+00
3.338132e+00	1.356993e+00	7.518828e-01	2.381492e+00
3.838852e+00	1.447359e+00	6.949424e-01	2.567667e+00
4.414679e+00	1.580960e+00	6.406290e-01	2.771324e+00
5.076881e+00	1.735682e+00	5.923945e-01	2.994844e+00
5.838413e+00	1.902249e+00	5.489405e-01	3.241171e+00
6.714175e+00	2.082446e+00	5.004615e-01	3.513992e+00
7.721302e+00	2.281085e+00	4.600486e-01	3.817984e+00
8.879497e+00	2.488377e+00	4.313969e-01	4.159136e+00
1.021142e+01	2.716265e+00	3.990261e-01	4.545169e+00
1.174313e+01	2.954836e+00	3.617997e-01	4.986091e+00
1.350460e+01	3.197916e+00	3.189893e-01	4.766744e+00
1.553030e+01	3.459002e+00	2.832110e-01	4.564358e+00
1.785984e+01	3.748546e+00	2.566388e-01	4.404618e+00
2.053882e+01	4.068284e+00	2.310547e-01	4.287708e+00
2.361964e+01	4.409643e+00	2.085383e-01	4.214181e+00
2.716258e+01	4.785184e+00	1.873159e-01	4.184926e+00
3.123697e+01	5.207067e+00	1.693251e-01	4.201051e+00
3.592252e+01	5.650562e+00	1.523018e-01	4.264066e+00
4.131089e+01	6.137315e+00	1.361863e-01	4.375698e+00
4.750753e+01	6.660795e+00	1.226122e-01	4.537978e+00
5.463366e+01	7.177666e+00	1.110598e-01	4.753408e+00
6.282871e+01	7.728767e+00	9.987978e-02	5.025182e+00
7.225301e+01	8.240017e+00	8.835184e-02	5.357481e+00
8.309096e+01	8.767291e+00	7.881050e-02	5.755830e+00
9.555461e+01	9.298880e+00	7.033341e-02	6.227474e+00
1.098878e+02	9.778718e+00	6.336415e-02	6.781731e+00
1.263710e+02	1.026079e+01	5.671870e-02	7.430595e+00
1.453266e+02	1.061480e+01	4.996311e-02	8.189097e+00
1.671256e+02	1.099062e+01	4.442492e-02	9.075985e+00
1.921945e+02	1.139221e+01	3.941646e-02	1.011452e+01
2.210236e+02	1.165347e+01	3.494408e-02	1.133324e+01
2.541772e+02	1.546175e+01	3.101161e-02	1.276746e+01
2.923037e+02	1.504640e+01	2.765019e-02	1.445919e+01
3.361493e+02	1.471964e+01	2.467172e-02	1.647087e+01
3.865717e+02	1.429775e+01	2.182912e-02	1.886358e+01
4.445574e+02	1.381709e+01	1.930002e-02	2.171319e+01
5.112411e+02	1.328075e+01	1.723723e-02	2.512186e+01
5.879272e+02	1.271835e+01	1.552236e-02	2.921779e+01
6.761163e+02	1.214376e+01	1.360176e-02	3.415458e+01
7.775337e+02	1.155224e+01	1.193910e-02	4.013072e+01
8.941638e+02	1.097037e+01	1.059667e-02	4.741914e+01
1.028288e+03	1.039176e+01	9.408389e-03	5.635117e+01
1.182532e+03	9.902071e+00	8.459710e-03	6.727434e+01
1.359911e+03	9.423817e+00	7.385632e-03	8.063046e+01
1.563898e+03	8.937866e+00	6.481888e-03	9.703963e+01
1.798483e+03	8.448599e+00	5.736446e-03	1.172945e+02
2.068255e+03	7.960684e+00	5.043284e-03	1.424097e+02
2.378493e+03	7.478241e+00	4.463421e-03	1.736707e+02
2.735268e+03	7.001366e+00	3.923749e-03	2.127230e+02
3.145558e+03	6.525195e+00	3.488371e-03	2.617236e+02
3.617391e+03	6.062129e+00	3.077637e-03	3.234320e+02
4.160000e+03	5.628264e+00	2.703742e-03	4.012710e+02
4.784000e+03	5.214764e+00	2.397678e-03	4.995457e+02
5.501600e+03	4.818304e+00	2.142794e-03	6.239051e+02
6.326840e+03	4.441009e+00	1.896786e-03	7.815981e+02
7.275866e+03	4.084241e+00	1.648757e-03	9.818754e+02
8.367246e+03	3.750324e+00	1.449272e-03	1.236526e+03
9.622333e+03	3.438805e+00	1.275624e-03	1.560514e+03
