# Energy_MeV	dEdx_Elec_MeV_um	dEdx_Nucl_MeV_um	Range_um
1.000000e-05	4.802185e-03	2.561299e-02	4.164771e-03
1.150000e-05	5.149770e-03	2.847141e-02	4.466219e-03
1.322500e-05	5.522513e-03	3.155843e-02	4.789486e-03
1.520875e-05	5.922235e-03	3.498915e-02	5.136152e-03
1.749006e-05	6.350890e-03	3.889387e-02	5.507909e-03
2.011357e-05	6.810570e-03	4.311268e-02	5.906575e-03
2.313061e-05	7.303523e-03	4.779538e-02	6.334096e-03
2.660020e-05	7.832156e-03	5.291567e-02	6.792561e-03
3.059023e-05	8.399052e-03	5.855465e-02	7.284210e-03
3.517876e-05	9.006979e-03	6.476116e-02	7.811445e-03
4.045558e-05	9.658909e-03	7.150453e-02	8.376842e-03
4.652391e-05	1.035803e-02	7.903116e-02	8.983162e-03
5.350250e-05	1.110775e-02	8.723353e-02	9.633368e-03
6.152788e-05	1.191173e-02	9.609405e-02	1.033064e-02
7.075706e-05	1.277391e-02	1.056235e-01	1.107837e-02
8.137062e-05	1.369849e-02	1.164344e-01	1.188023e-02
9.357621e-05	1.468999e-02	1.283007e-01	1.274013e-02
1.076126e-04	1.575326e-02	1.409927e-01	1.366227e-02
1.237545e-04	1.689349e-02	1.547932e-01	1.465115e-02
1.423177e-04	1.811625e-02	1.694335e-01	1.571161e-02
1.636654e-04	1.942752e-02	1.860353e-01	1.684882e-02
1.882152e-04	2.083369e-02	2.041020e-01	1.806835e-02
2.164475e-04	2.234164e-02	2.232605e-01	1.937614e-02
2.489146e-04	2.395874e-02	2.442541e-01	2.077860e-02
2.862518e-04	2.569289e-02	2.668355e-01	2.228257e-02
3.291895e-04	2.755256e-02	2.911039e-01	2.389539e-02
3.785680e-04	2.954682e-02	3.168571e-01	2.562495e-02
4.353531e-04	3.168544e-02	3.446196e-01	2.747970e-02
5.006561e-04	3.397885e-02	3.748952e-01	2.946869e-02
5.757545e-04	3.643826e-02	4.069738e-01	3.160165e-02
6.621177e-04	3.907568e-02	4.398540e-01	3.388900e-02
7.614354e-04	4.190399e-02	4.754799e-01	3.634190e-02
8.756507e-04	4.493703e-02	5.156200e-01	3.897235e-02
1.006998e-03	4.818959e-02	5.565146e-01	4.179319e-02
1.158048e-03	5.167758e-02	6.001339e-01	4.481820e-02
1.331755e-03	5.541803e-02	6.439563e-01	4.806216e-02
1.531519e-03	5.942922e-02	6.908000e-01	5.154093e-02
1.761246e-03	6.373074e-02	7.431418e-01	5.527149e-02
2.025433e-03	6.834360e-02	7.953914e-01	5.927207e-02
2.329248e-03	7.329035e-02	8.506264e-01	6.356221e-02
2.678635e-03	7.859514e-02	9.072536e-01	6.816288e-02
3.080431e-03	8.428390e-02	9.656897e-01	7.309654e-02
3.542495e-03	9.038441e-02	1.025179e+00	7.838731e-02
4.073870e-03	9.692648e-02	1.084671e+00	8.406102e-02
4.684950e-03	1.039421e-01	1.147899e+00	9.014541e-02
5.387693e-03	1.114655e-01	1.210989e+00	9.667018e-02
6.195847e-03	1.195334e-01	1.272145e+00	1.036672e-01
7.125224e-03	1.281853e-01	1.330418e+00	1.111707e-01
8.194007e-03	1.374634e-01	1.395228e+00	1.192173e-01
9.423108e-03	1.474131e-01	1.460094e+00	1.278463e-01
1.083657e-02	1.580829e-01	1.519652e+00	1.370999e-01
1.246206e-02	1.695250e-01	1.577760e+00	1.470233e-01
1.433137e-02	1.817953e-01	1.629383e+00	1.576649e-01
1.648108e-02	1.949538e-01	1.686488e+00	1.690627e-01
1.895324e-02	2.090646e-01	1.741430e+00	1.813211e-01
2.179622e-02	2.241968e-01	1.788919e+00	1.944414e-01
2.506566e-02	2.404243e-01	1.835659e+00	2.085166e-01
2.882550e-02	2.578264e-01	1.877716e+00	2.236085e-01
3.314933e-02	2.764880e-01	1.916165e+00	2.397931e-01
3.812173e-02	2.965003e-01	1.949412e+00	2.571492e-01
4.383999e-02	3.179612e-01	1.979471e+00	2.757615e-01
5.041599e-02	3.409754e-01	2.007900e+00	2.957208e-01
5.797838e-02	3.656554e-01	2.030685e+00	3.171249e-01
6.667514e-02	3.921217e-01	2.047251e+00	3.400783e-01
7.667641e-02	4.205037e-01	2.061359e+00	3.646931e-01
8.817787e-02	4.509399e-01	2.075756e+00	3.910894e-01
1.014046e-01	4.835792e-01	2.083197e+00	4.193962e-01
1.166152e-01	5.185809e-01	2.086387e+00	4.497520e-01
1.341075e-01	5.561161e-01	2.083461e+00	4.823051e-01
1.542237e-01	5.963681e-01	2.076643e+00	5.172143e-01
1.773572e-01	6.395335e-01	2.067557e+00	5.546501e-01
2.039608e-01	6.858233e-01	2.051832e+00	5.947955e-01
2.345549e-01	7.354635e-01	2.030975e+00	6.378469e-01
2.697381e-01	7.886968e-01	2.004830e+00	6.840144e-01
3.101989e-01	8.457831e-01	1.973434e+00	7.335234e-01
3.567287e-01	9.070013e-01	1.936971e+00	7.866157e-01
4.102380e-01	9.726505e-01	1.895394e+00	8.435509e-01
4.717737e-01	1.043051e+00	1.848368e+00	9.046074e-01
5.425397e-01	1.118548e+00	1.797027e+00	9.700833e-01
6.239207e-01	1.199509e+00	1.742612e+00	1.040298e+00
7.175088e-01	1.286330e+00	1.685683e+00	1.115595e+00
8.251351e-01	1.379436e+00	1.621011e+00	1.196342e+00
9.489054e-01	1.479280e+00	1.553492e+00	1.282934e+00
1.091241e+00	1.586351e+00	1.485736e+00	1.375791e+00
1.254927e+00	1.701172e+00	1.416654e+00	1.475381e+00
1.443166e+00	1.824304e+00	1.350269e+00	1.582136e+00
1.659641e+00	1.939931e+00	1.275315e+00	1.697078e+00
1.908588e+00	2.060262e+00	1.200596e+00	1.821543e+00
2.194876e+00	2.186479e+00	1.130302e+00	1.956341e+00
2.524107e+00	2.318308e+00	1.058313e+00	2.102483e+00
2.902723e+00	2.455242e+00	9.894783e-01	2.261078e+00
3.338132e+00	1.304040e+00	9.218223e-01	2.433413e+00
3.838852e+00	1.392429e+00	8.586812e-01	2.620988e+00
4.414679e+00	1.482798e+00	7.969685e-01	2.825573e+00
5.076881e+00	1.613216e+00	7.350202e-01	3.049292e+00
5.838413e+00	1.770185e+00	6.787160e-01	3.294730e+00
6.714175e+00	1.937763e+00	6.291806e-01	3.565074e+00
7.721302e+00	2.121573e+00	5.798438e-01	3.864310e+00
8.879497e+00	2.322296e+00	5.284728e-01	4.197487e+00
1.021142e+01	2.534958e+00	4.913677e-01	4.571065e+00
1.174313e+01	2.770043e+00	4.584240e-01	4.993368e+00
1.350460e+01	3.013865e+00	4.205388e-01	5.475180e+00
1.553030e+01	3.266524e+00	3.769708e-01	5.820500e+00
1.785984e+01	3.530775e+00	3.319658e-01	5.515153e+00
2.053882e+01	3.823645e+00	2.984077e-01	5.269819e+00
2.361964e+01	4.148493e+00	2.689759e-01	5.082381e+00
2.716258e+01	4.485938e+00	2.424235e-01	4.951475e+00
3.123697e+01	4.858158e+00	2.181937e-01	4.876397e+00
3.592252e+01	5.274332e+00	1.968294e-01	4.857005e+00
4.131089e+01	5.721410e+00	1.778670e-01	4.893527e+00
4.750753e+01	6.219840e+00	1.592166e-01	4.986836e+00
5.463366e+01	6.757948e+00	1.425847e-01	5.138172e+00
6.282871e+01	7.308944e+00	1.284200e-01	5.349356e+00
7.225301e+01	7.902771e+00	1.166555e-01	5.623022e+00
8.309096e+01	8.446613e+00	1.035709e-01	5.962901e+00
9.555461e+01	9.024283e+00	9.164332e-02	6.374183e+00
1.098878e+02	9.594402e+00	8.212043e-02	6.863903e+00
1.263710e+02	1.013171e+01	7.336433e-02	7.441338e+00
1.453266e+02	1.068293e+01	6.642902e-02	8.118439e+00
1.671256e+02	1.107761e+01	5.865152e-02	8.910432e+00
1.921945e+02	1.150558e+01	5.173981e-02	9.836311e+00
2.210236e+02	1.195761e+01	4.619687e-02	1.091969e+01
2.541772e+02	1.229270e+01	4.087642e-02	1.218950e+01
2.923037e+02	1.674175e+01	3.637682e-02	1.368182e+01
3.361493e+02	1.631201e+01	3.224252e-02	1.543846e+01
3.865717e+02	1.602449e+01	2.878740e-02	1.752253e+01
4.445574e+02	1.562077e+01	2.560847e-02	1.999791e+01
5.112411e+02	1.514268e+01	2.259954e-02	2.293882e+01
5.879272e+02	1.459603e+01	2.012475e-02	2.644773e+01
6.761163e+02	1.401408e+01	1.808769e-02	3.065343e+01
7.775337e+02	1.341609e+01	1.613310e-02	3.570963e+01
8.941638e+02	1.279042e+01	1.409420e-02	4.181239e+01
1.028288e+03	1.217698e+01	1.247337e-02	4.923180e+01
1.182532e+03	1.156363e+01	1.102418e-02	5.830194e+01
1.359911e+03	1.103397e+01	9.872560e-03	6.937160e+01
1.563898e+03	1.053110e+01	8.779475e-03	8.286786e+01
1.798483e+03	1.001648e+01	7.653886e-03	9.939864e+01
2.068255e+03	9.495120e+00	6.763996e-03	1.197430e+02
2.378493e+03	8.973254e+00	5.953079e-03	1.448960e+02
2.735268e+03	8.453868e+00	5.246161e-03	1.761172e+02
3.145558e+03	7.939723e+00	4.620929e-03	2.150124e+02
3.617391e+03	7.421924e+00	4.093758e-03	2.636816e+02
4.160000e+03	6.915188e+00	3.635619e-03	3.248214e+02
4.784000e+03	6.437100e+00	3.193378e-03	4.017762e+02
5.501600e+03	5.981583e+00	2.809333e-03	4.987263e+02
6.326840e+03	5.542102e+00	2.491856e-03	6.211461e+02
7.275866e+03	5.122148e+00	2.236255e-03	7.760844e+02
8.367246e+03	4.723845e+00	1.948340e-03	9.725249e+02
9.622333e+03	4.348846e+00	1.697030e-03	1.221922e+03
