# Energy_MeV	dEdx_Elec_MeV_um	dEdx_Nucl_MeV_um	Range_um
1.000000e-05	5.023413e-03	2.666144e-02	3.981357e-03
1.150000e-05	5.387010e-03	2.757598e-02	4.269530e-03
1.322500e-05	5.776925e-03	2.969000e-02	4.578560e-03
1.520875e-05	6.195062e-03	3.299576e-02	4.909959e-03
1.749006e-05	6.643464e-03	3.660458e-02	5.265344e-03
2.011357e-05	7.124321e-03	4.055390e-02	5.646453e-03
2.313061e-05	7.639983e-03	4.509562e-02	6.055146e-03
2.660020e-05	8.192969e-03	5.000159e-02	6.493421e-03
3.059023e-05	8.785981e-03	5.542264e-02	6.963418e-03
3.517876e-05	9.421915e-03	6.137983e-02	7.467434e-03
4.045558e-05	1.010388e-02	6.791866e-02	8.007931e-03
4.652391e-05	1.083520e-02	7.516617e-02	8.587549e-03
5.350250e-05	1.161946e-02	8.297729e-02	9.209120e-03
6.152788e-05	1.246048e-02	9.171174e-02	9.875681e-03
7.075706e-05	1.336238e-02	1.012442e-01	1.059049e-02
8.137062e-05	1.432955e-02	1.115898e-01	1.135703e-02
9.357621e-05	1.536674e-02	1.226546e-01	1.217906e-02
1.076126e-04	1.647899e-02	1.350997e-01	1.306059e-02
1.237545e-04	1.767175e-02	1.489727e-01	1.400592e-02
1.423177e-04	1.895084e-02	1.637206e-01	1.501968e-02
1.636654e-04	2.032251e-02	1.798800e-01	1.610681e-02
1.882152e-04	2.179346e-02	1.969101e-01	1.727263e-02
2.164475e-04	2.337088e-02	2.160215e-01	1.852283e-02
2.489146e-04	2.506248e-02	2.371822e-01	1.986352e-02
2.862518e-04	2.687652e-02	2.594696e-01	2.130125e-02
3.291895e-04	2.882185e-02	2.839713e-01	2.284305e-02
3.785680e-04	3.090799e-02	3.102503e-01	2.449644e-02
4.353531e-04	3.314513e-02	3.386331e-01	2.626951e-02
5.006561e-04	3.554419e-02	3.686969e-01	2.817091e-02
5.757545e-04	3.811690e-02	4.009232e-01	3.020993e-02
6.621177e-04	4.087582e-02	4.363268e-01	3.239655e-02
7.614354e-04	4.383444e-02	4.739249e-01	3.474142e-02
8.756507e-04	4.700720e-02	5.127647e-01	3.725603e-02
1.006998e-03	5.040960e-02	5.537759e-01	3.995264e-02
1.158048e-03	5.405827e-02	6.009388e-01	4.284443e-02
1.331755e-03	5.797104e-02	6.489263e-01	4.594553e-02
1.531519e-03	6.216702e-02	6.999268e-01	4.927110e-02
1.761246e-03	6.666670e-02	7.518231e-01	5.283736e-02
2.025433e-03	7.149207e-02	8.057480e-01	5.666176e-02
2.329248e-03	7.666670e-02	8.676916e-01	6.076297e-02
2.678635e-03	8.221588e-02	9.289725e-01	6.516103e-02
3.080431e-03	8.816671e-02	9.936858e-01	6.987741e-02
3.542495e-03	9.454826e-02	1.060183e+00	7.493518e-02
4.073870e-03	1.013917e-01	1.128773e+00	8.035903e-02
4.684950e-03	1.087305e-01	1.199742e+00	8.617546e-02
5.387693e-03	1.166005e-01	1.269316e+00	9.241288e-02
6.195847e-03	1.250401e-01	1.344063e+00	9.910177e-02
7.125224e-03	1.340905e-01	1.418143e+00	1.062748e-01
8.194007e-03	1.437961e-01	1.491219e+00	1.139670e-01
9.423108e-03	1.542041e-01	1.560034e+00	1.222160e-01
1.083657e-02	1.653655e-01	1.634642e+00	1.310621e-01
1.246206e-02	1.773347e-01	1.712687e+00	1.405484e-01
1.433137e-02	1.901703e-01	1.783414e+00	1.507214e-01
1.648108e-02	2.039350e-01	1.853695e+00	1.616307e-01
1.895324e-02	2.186959e-01	1.915308e+00	1.733102e-01
2.179622e-02	2.345252e-01	1.981045e+00	1.858820e-01
2.506566e-02	2.515003e-01	2.047833e+00	1.993324e-01
2.882550e-02	2.697040e-01	2.104762e+00	2.137615e-01
3.314933e-02	2.892253e-01	2.161028e+00	2.292331e-01
3.812173e-02	3.101596e-01	2.211839e+00	2.458248e-01
4.383999e-02	3.326091e-01	2.258335e+00	2.636174e-01
5.041599e-02	3.566835e-01	2.298460e+00	2.826978e-01
5.797838e-02	3.825004e-01	2.334242e+00	3.031592e-01
6.667514e-02	4.101860e-01	2.368965e+00	3.251017e-01
7.667641e-02	4.398755e-01	2.397664e+00	3.486325e-01
8.817787e-02	4.717139e-01	2.418697e+00	3.738664e-01
1.014046e-01	5.058568e-01	2.434938e+00	4.009267e-01
1.166152e-01	5.424710e-01	2.453451e+00	4.299455e-01
1.341075e-01	5.817354e-01	2.463318e+00	4.610649e-01
1.542237e-01	6.238417e-01	2.468130e+00	4.944368e-01
1.773572e-01	6.689957e-01	2.465956e+00	5.302241e-01
2.039608e-01	7.174179e-01	2.458107e+00	5.686015e-01
2.345549e-01	7.693450e-01	2.448777e+00	6.097567e-01
2.697381e-01	8.250306e-01	2.431428e+00	6.538910e-01
3.101989e-01	8.847468e-01	2.407876e+00	7.012198e-01
3.567287e-01	9.487852e-01	2.378087e+00	7.519741e-01
4.102380e-01	1.017459e+00	2.342051e+00	8.064018e-01
4.717737e-01	1.091103e+00	2.300051e+00	8.647692e-01
5.425397e-01	1.170078e+00	2.252126e+00	9.273616e-01
6.239207e-01	1.254768e+00	2.197406e+00	9.944843e-01
7.175088e-01	1.345589e+00	2.137914e+00	1.066465e+00
8.251351e-01	1.442984e+00	2.074012e+00	1.143656e+00
9.489054e-01	1.547428e+00	2.007665e+00	1.226434e+00
1.091241e+00	1.659431e+00	1.933217e+00	1.315204e+00
1.254927e+00	1.779542e+00	1.853258e+00	1.410397e+00
1.443166e+00	1.908346e+00	1.773834e+00	1.512492e+00
1.659641e+00	2.046473e+00	1.691380e+00	1.621934e+00
1.908588e+00	2.175397e+00	1.613080e+00	1.739804e+00
2.194876e+00	2.310278e+00	1.526796e+00	1.867448e+00
2.524107e+00	2.451735e+00	1.437236e+00	2.005692e+00
2.902723e+00	1.302911e+00	1.354061e+00	2.155575e+00
3.338132e+00	1.397241e+00	1.268342e+00	2.318237e+00
3.838852e+00	1.498399e+00	1.185769e+00	2.495002e+00
4.414679e+00	1.598300e+00	1.105651e+00	2.687412e+00
5.076881e+00	1.699751e+00	1.030228e+00	2.897289e+00
5.838413e+00	1.848969e+00	9.577418e-01	3.126821e+00
6.714175e+00	2.026469e+00	8.835769e-01	3.378671e+00
7.721302e+00	2.216127e+00	8.142543e-01	3.656125e+00
8.879497e+00	2.423516e+00	7.546905e-01	3.963294e+00
1.021142e+01	2.651013e+00	6.978956e-01	4.305389e+00
1.174313e+01	2.891971e+00	6.340558e-01	4.689077e+00
1.350460e+01	3.158635e+00	5.882046e-01	5.122955e+00
1.553030e+01	3.438324e+00	5.502811e-01	5.618158e+00
1.785984e+01	3.726943e+00	5.066690e-01	6.189149e+00
2.053882e+01	4.032052e+00	4.565151e-01	6.854712e+00
2.361964e+01	4.367267e+00	4.007944e-01	6.555980e+00
2.716258e+01	4.734677e+00	3.595632e-01	6.182724e+00
3.123697e+01	5.109922e+00	3.241239e-01	5.901883e+00
3.592252e+01	5.512573e+00	2.925165e-01	5.705228e+00
4.131089e+01	5.957193e+00	2.635218e-01	5.586590e+00
4.750753e+01	6.437731e+00	2.371491e-01	5.541426e+00
5.463366e+01	6.981058e+00	2.146123e-01	5.566510e+00
6.282871e+01	7.587320e+00	1.921091e-01	5.659601e+00
7.225301e+01	8.228300e+00	1.722751e-01	5.819968e+00
8.309096e+01	8.932883e+00	1.549534e-01	6.047845e+00
9.555461e+01	9.610305e+00	1.407589e-01	6.344938e+00
1.098878e+02	1.033037e+01	1.256964e-01	6.714642e+00
1.263710e+02	1.105938e+01	1.110134e-01	7.162327e+00
1.453266e+02	1.175403e+01	9.944574e-02	7.695657e+00
1.671256e+02	1.247338e+01	8.865913e-02	8.324937e+00
1.921945e+02	1.303408e+01	8.022369e-02	9.063483e+00
2.210236e+02	1.364441e+01	7.127051e-02	9.928177e+00
2.541772e+02	1.430060e+01	6.267823e-02	1.094009e+01
2.923037e+02	1.481827e+01	5.599440e-02	1.212506e+01
3.361493e+02	1.971637e+01	4.954051e-02	1.351521e+01
3.865717e+02	1.935888e+01	4.395969e-02	1.514769e+01
4.445574e+02	1.914646e+01	3.903736e-02	1.707954e+01
5.112411e+02	1.877554e+01	3.480000e-02	1.936592e+01
5.879272e+02	1.830040e+01	3.106542e-02	2.207197e+01
6.761163e+02	1.772797e+01	2.740460e-02	2.528761e+01
7.775337e+02	1.710103e+01	2.426967e-02	2.912529e+01
8.941638e+02	1.644270e+01	2.180928e-02	3.371798e+01
1.028288e+03	1.574351e+01	1.955923e-02	3.923560e+01
1.182532e+03	1.505706e+01	1.705632e-02	4.591298e+01
1.359911e+03	1.436406e+01	1.508702e-02	5.403593e+01
1.563898e+03	1.377512e+01	1.330864e-02	6.389557e+01
1.798483e+03	1.321226e+01	1.190942e-02	7.585160e+01
2.068255e+03	1.262954e+01	1.065110e-02	9.041824e+01
2.378493e+03	1.203352e+01	9.267909e-03	1.082509e+02
2.735268e+03	1.143157e+01	8.185639e-03	1.301835e+02
3.145558e+03	1.082676e+01	7.203671e-03	1.572662e+02
3.617391e+03	1.022107e+01	6.357656e-03	1.908339e+02
4.160000e+03	9.611646e+00	5.605793e-03	2.326300e+02
4.784000e+03	9.011974e+00	4.948986e-03	2.848816e+02
5.501600e+03	8.436919e+00	4.402237e-03	3.503347e+02
6.326840e+03	7.881043e+00	3.866277e-03	4.324154e+02
7.275866e+03	7.342942e+00	3.406372e-03	5.356136e+02
8.367246e+03	6.825300e+00	3.016181e-03	6.656949e+02
9.622333e+03	6.328546e+00	2.706157e-03	8.300006e+02
