# Energy_MeV	dEdx_Elec_MeV_um	dEdx_Nucl_MeV_um	Range_um
1.000000e-05	4.993974e-03	3.256978e-02	4.004826e-03
1.150000e-05	5.355441e-03	3.604905e-02	4.294698e-03
1.322500e-05	5.743070e-03	3.980903e-02	4.605550e-03
1.520875e-05	6.158757e-03	4.399540e-02	4.938902e-03
1.749006e-05	6.604531e-03	4.856324e-02	5.296383e-03
2.011357e-05	7.082570e-03	5.350669e-02	5.679738e-03
2.313061e-05	7.595211e-03	5.888757e-02	6.090840e-03
2.660020e-05	8.144956e-03	6.483957e-02	6.531699e-03
3.059023e-05	8.734492e-03	7.141667e-02	7.004466e-03
3.517876e-05	9.366699e-03	7.860239e-02	7.511453e-03
4.045558e-05	1.004467e-02	8.625867e-02	8.055136e-03
4.652391e-05	1.077170e-02	9.457141e-02	8.638171e-03
5.350250e-05	1.155137e-02	1.037116e-01	9.263407e-03
6.152788e-05	1.238746e-02	1.137317e-01	9.933897e-03
7.075706e-05	1.328407e-02	1.246181e-01	1.065292e-02
8.137062e-05	1.424558e-02	1.362462e-01	1.142398e-02
9.357621e-05	1.527668e-02	1.490217e-01	1.225086e-02
1.076126e-04	8.203196e-03	1.625341e-01	1.313758e-02
1.237545e-04	8.821373e-03	1.769666e-01	1.408848e-02
1.423177e-04	9.484228e-03	1.926424e-01	1.510822e-02
1.636654e-04	1.019500e-02	2.094234e-01	1.620176e-02
1.882152e-04	1.095717e-02	2.277492e-01	1.737445e-02
2.164475e-04	1.177444e-02	2.462261e-01	1.863202e-02
2.489146e-04	1.265083e-02	2.662168e-01	1.998062e-02
2.862518e-04	1.359060e-02	2.886091e-01	2.142682e-02
3.291895e-04	1.459835e-02	3.117898e-01	2.297771e-02
3.785680e-04	1.567901e-02	3.364954e-01	2.464085e-02
4.353531e-04	1.683785e-02	3.612649e-01	2.642436e-02
5.006561e-04	1.808054e-02	3.875993e-01	2.833697e-02
5.757545e-04	1.941314e-02	4.168522e-01	3.038802e-02
6.621177e-04	2.084216e-02	4.467628e-01	3.258752e-02
7.614354e-04	2.237460e-02	4.779297e-01	3.494622e-02
8.756507e-04	2.401792e-02	5.099246e-01	3.747565e-02
1.006998e-03	2.578017e-02	5.428664e-01	4.018815e-02
1.158048e-03	2.766995e-02	5.772498e-01	4.309699e-02
1.331755e-03	2.969650e-02	6.112382e-01	4.621638e-02
1.531519e-03	3.186970e-02	6.468118e-01	4.956154e-02
1.761246e-03	3.420019e-02	6.828572e-01	5.314883e-02
2.025433e-03	3.669935e-02	7.176148e-01	5.699577e-02
2.329248e-03	3.937938e-02	7.521760e-01	6.112116e-02
2.678635e-03	4.225337e-02	7.878576e-01	6.554514e-02
3.080431e-03	4.533538e-02	8.242479e-01	7.028933e-02
3.542495e-03	4.864045e-02	8.601903e-01	7.537691e-02
4.073870e-03	5.218474e-02	8.928867e-01	8.083273e-02
4.684950e-03	5.598555e-02	9.244581e-01	8.668345e-02
5.387693e-03	6.006145e-02	9.558975e-01	9.295764e-02
6.195847e-03	6.443237e-02	9.868408e-01	9.968597e-02
7.125224e-03	6.911964e-02	1.016303e+00	1.069013e-01
8.194007e-03	7.414617e-02	1.042536e+00	1.146242e-01
9.423108e-03	7.953652e-02	1.068375e+00	1.229409e-01
1.083657e-02	8.531702e-02	1.090414e+00	1.318369e-01
1.246206e-02	9.151591e-02	1.109920e+00	1.413801e-01
1.433137e-02	9.816347e-02	1.128211e+00	1.516130e-01
1.648108e-02	1.052922e-01	1.144259e+00	1.625866e-01
1.895324e-02	1.129369e-01	1.159177e+00	1.743545e-01
2.179622e-02	1.211349e-01	1.169239e+00	1.869741e-01
2.506566e-02	1.299262e-01	1.177740e+00	2.005071e-01
2.882550e-02	1.393539e-01	1.186165e+00	2.150197e-01
3.314933e-02	1.494640e-01	1.191612e+00	2.305828e-01
3.812173e-02	1.603059e-01	1.194128e+00	2.472723e-01
4.383999e-02	1.719324e-01	1.193326e+00	2.651697e-01
5.041599e-02	1.844006e-01	1.190010e+00	2.843626e-01
5.797838e-02	1.977711e-01	1.185292e+00	3.049447e-01
6.667514e-02	2.121094e-01	1.177511e+00	3.270166e-01
7.667641e-02	2.274856e-01	1.166287e+00	3.506860e-01
8.817787e-02	2.439746e-01	1.152196e+00	3.760686e-01
1.014046e-01	2.616572e-01	1.135041e+00	4.032883e-01
1.166152e-01	2.806196e-01	1.115041e+00	4.324784e-01
1.341075e-01	3.009546e-01	1.092070e+00	4.637813e-01
1.542237e-01	3.227613e-01	1.066026e+00	4.973498e-01
1.773572e-01	3.461465e-01	1.037327e+00	5.333478e-01
2.039608e-01	3.712243e-01	1.007015e+00	5.719516e-01
2.345549e-01	3.981172e-01	9.744999e-01	6.133497e-01
2.697381e-01	4.269567e-01	9.388942e-01	6.577441e-01
3.101989e-01	4.578836e-01	9.012858e-01	7.053516e-01
3.567287e-01	4.910490e-01	8.618881e-01	7.564050e-01
4.102380e-01	5.266149e-01	8.232630e-01	8.111538e-01
4.717737e-01	5.647551e-01	7.839813e-01	8.698659e-01
5.425397e-01	6.056559e-01	7.427149e-01	9.328252e-01
6.239207e-01	6.495171e-01	7.009037e-01	1.000350e+00
7.175088e-01	6.965530e-01	6.588662e-01	1.072736e+00
8.251351e-01	7.469963e-01	6.186707e-01	1.150710e+00
9.489054e-01	8.010907e-01	5.775090e-01	1.235153e+00
1.091241e+00	8.591005e-01	5.391006e-01	1.326611e+00
1.254927e+00	9.213091e-01	5.029466e-01	1.425771e+00
1.443166e+00	9.880204e-01	4.666382e-01	1.533388e+00
1.659641e+00	1.059560e+00	4.319837e-01	1.650340e+00
1.908588e+00	1.130427e+00	3.974843e-01	1.777649e+00
2.194876e+00	1.203464e+00	3.683402e-01	1.916523e+00
2.524107e+00	1.309961e+00	3.402543e-01	2.068414e+00
2.902723e+00	1.435084e+00	3.107908e-01	2.235089e+00
3.338132e+00	1.567802e+00	2.866228e-01	2.418729e+00
3.838852e+00	1.711300e+00	2.679852e-01	2.622065e+00
4.414679e+00	1.867819e+00	2.471274e-01	2.848557e+00
5.076881e+00	2.031869e+00	2.231408e-01	2.807734e+00
5.838413e+00	2.213863e+00	1.973991e-01	2.748764e+00
6.714175e+00	2.407872e+00	1.754965e-01	2.698243e+00
7.721302e+00	2.616451e+00	1.587862e-01	2.658321e+00
8.879497e+00	2.845630e+00	1.429839e-01	2.631288e+00
1.021142e+01	3.102668e+00	1.291982e-01	2.619591e+00
1.174313e+01	3.390481e+00	1.161516e-01	2.625726e+00
1.350460e+01	3.702846e+00	1.047414e-01	2.652606e+00
1.553030e+01	4.031707e+00	9.421653e-02	2.703120e+00
1.785984e+01	4.392157e+00	8.419137e-02	2.780340e+00
2.053882e+01	4.721929e+00	7.612384e-02	2.887486e+00
2.361964e+01	5.075810e+00	6.869806e-02	3.027933e+00
2.716258e+01	5.433675e+00	6.149429e-02	3.205276e+00
3.123697e+01	5.772386e+00	5.474747e-02	3.423460e+00
3.592252e+01	6.123681e+00	4.860768e-02	3.686947e+00
4.131089e+01	6.426635e+00	4.364838e-02	4.001052e+00
4.750753e+01	6.735506e+00	3.916761e-02	4.372236e+00
5.463366e+01	7.030801e+00	3.488567e-02	4.808505e+00
6.282871e+01	7.281731e+00	3.094540e-02	5.319869e+00
7.225301e+01	7.523758e+00	2.737964e-02	5.918819e+00
8.309096e+01	7.662482e+00	2.438751e-02	6.620973e+00
9.555461e+01	7.806415e+00	2.154526e-02	7.445733e+00
1.098878e+02	7.953234e+00	1.913821e-02	8.417224e+00
1.263710e+02	8.019035e+00	1.711428e-02	9.565253e+00
1.453266e+02	1.016051e+01	1.519533e-02	1.092703e+01
1.671256e+02	9.748278e+00	1.350004e-02	1.254712e+01
1.921945e+02	9.406742e+00	1.191710e-02	1.449050e+01
2.210236e+02	9.025836e+00	1.067541e-02	1.682539e+01
2.541772e+02	8.623096e+00	9.564827e-03	1.963524e+01
2.923037e+02	8.198793e+00	8.404083e-03	2.303257e+01
3.361493e+02	7.769550e+00	7.372340e-03	2.716008e+01
3.865717e+02	7.343475e+00	6.545076e-03	3.219189e+01
4.445574e+02	6.914501e+00	5.825339e-03	3.835295e+01
5.112411e+02	6.493778e+00	5.210033e-03	4.595173e+01
5.879272e+02	6.082495e+00	4.569297e-03	5.537280e+01
6.761163e+02	5.726325e+00	3.999934e-03	6.703694e+01
7.775337e+02	5.383515e+00	3.541490e-03	8.147406e+01
8.941638e+02	5.043294e+00	3.110659e-03	9.942304e+01
1.028288e+03	4.708013e+00	2.757842e-03	1.218367e+02
1.182532e+03	4.380587e+00	2.430658e-03	1.499430e+02
1.359911e+03	4.063401e+00	2.151670e-03	1.853109e+02
1.563898e+03	3.757048e+00	1.901672e-03	2.299581e+02
1.798483e+03	3.458788e+00	1.665867e-03	2.865346e+02
2.068255e+03	3.174602e+00	1.486259e-03	3.584545e+02
2.378493e+03	2.911649e+00	1.322348e-03	4.499860e+02
2.735268e+03	2.666211e+00	1.163835e-03	5.665053e+02
3.145558e+03	2.436193e+00	1.019915e-03	7.150499e+02
3.617391e+03	2.221427e+00	8.914646e-04	9.046662e+02
4.160000e+03	2.021738e+00	7.905498e-04	1.146893e+03
4.784000e+03	1.838364e+00	7.006701e-04	1.456426e+03
5.501600e+03	1.670745e+00	6.146534e-04	1.851895e+03
6.326840e+03	1.517634e+00	5.377041e-04	2.356846e+03
7.275866e+03	1.378997e+00	4.690548e-04	3.000915e+03
8.367246e+03	1.254529e+00	4.123152e-04	3.821188e+03
9.622333e+03	1.142758e+00	3.593350e-04	4.863839e+03
