# Energy_MeV	dEdx_Elec_MeV_um	dEdx_Nucl_MeV_um	Range_um
1.000000e-05	4.596492e-03	3.047019e-02	4.351144e-03
1.150000e-05	4.929188e-03	3.375007e-02	4.666083e-03
1.322500e-05	5.285966e-03	3.733199e-02	5.003816e-03
1.520875e-05	5.668567e-03	4.129199e-02	5.365995e-03
1.749006e-05	6.078861e-03	4.561149e-02	5.754388e-03
2.011357e-05	6.518852e-03	5.039004e-02	6.170894e-03
2.313061e-05	6.990690e-03	5.564689e-02	6.617547e-03
2.660020e-05	7.496679e-03	6.126386e-02	7.096528e-03
3.059023e-05	8.039293e-03	6.738801e-02	7.610179e-03
3.517876e-05	8.621181e-03	7.426903e-02	8.161008e-03
4.045558e-05	9.245187e-03	8.178710e-02	8.751706e-03
4.652391e-05	9.914359e-03	8.995269e-02	9.385159e-03
5.350250e-05	1.063197e-02	9.869334e-02	1.006446e-02
6.152788e-05	1.140151e-02	1.081224e-01	1.079293e-02
7.075706e-05	1.222676e-02	1.186893e-01	1.157413e-02
8.137062e-05	1.311174e-02	1.301284e-01	1.241187e-02
9.357621e-05	1.406077e-02	1.424721e-01	1.331025e-02
1.076126e-04	1.507850e-02	1.557803e-01	1.427365e-02
1.237545e-04	1.616989e-02	1.702537e-01	1.530679e-02
1.423177e-04	1.734027e-02	1.858135e-01	1.641470e-02
1.636654e-04	1.859537e-02	2.021346e-01	1.760281e-02
1.882152e-04	1.994132e-02	2.199784e-01	1.887691e-02
2.164475e-04	2.138468e-02	2.391578e-01	2.024323e-02
2.489146e-04	2.293251e-02	2.597082e-01	2.170844e-02
2.862518e-04	2.459238e-02	2.809260e-01	2.327971e-02
3.291895e-04	2.637239e-02	3.036015e-01	2.496471e-02
3.785680e-04	2.828124e-02	3.290074e-01	2.677167e-02
4.353531e-04	3.032825e-02	3.554593e-01	2.870942e-02
5.006561e-04	3.252342e-02	3.830572e-01	3.078742e-02
5.757545e-04	3.487749e-02	4.114508e-01	3.301583e-02
6.621177e-04	3.740194e-02	4.412664e-01	3.540553e-02
7.614354e-04	4.010911e-02	4.743600e-01	3.796820e-02
8.756507e-04	4.301223e-02	5.082613e-01	4.071636e-02
1.006998e-03	2.306823e-02	5.432331e-01	4.366343e-02
1.158048e-03	2.475748e-02	5.798266e-01	4.682381e-02
1.331755e-03	2.656899e-02	6.168143e-01	5.021295e-02
1.531519e-03	2.851160e-02	6.549936e-01	5.384739e-02
1.761246e-03	3.059480e-02	6.934860e-01	5.774489e-02
2.025433e-03	3.282877e-02	7.334649e-01	6.192449e-02
2.329248e-03	3.522443e-02	7.743981e-01	6.640662e-02
2.678635e-03	3.779348e-02	8.128973e-01	7.121317e-02
3.080431e-03	4.054847e-02	8.510754e-01	7.636761e-02
3.542495e-03	4.350286e-02	8.923264e-01	8.189514e-02
4.073870e-03	4.667107e-02	9.330503e-01	8.782276e-02
4.684950e-03	5.006860e-02	9.723524e-01	9.417941e-02
5.387693e-03	5.371204e-02	1.008788e+00	1.009962e-01
6.195847e-03	5.761918e-02	1.043032e+00	1.083063e-01
7.125224e-03	6.180911e-02	1.079379e+00	1.161456e-01
8.194007e-03	6.630231e-02	1.113749e+00	1.245523e-01
9.423108e-03	7.112073e-02	1.145446e+00	1.335096e-01
1.083657e-02	7.628790e-02	1.174789e+00	1.432104e-01
1.246206e-02	8.182906e-02	1.202350e+00	1.536070e-01
1.433137e-02	8.777130e-02	1.227501e+00	1.647240e-01
1.648108e-02	9.414363e-02	1.248343e+00	1.766466e-01
1.895324e-02	1.009772e-01	1.268250e+00	1.894323e-01
2.179622e-02	1.083054e-01	1.286009e+00	2.031432e-01
2.506566e-02	1.161640e-01	1.301104e+00	2.178465e-01
2.882550e-02	1.245914e-01	1.312356e+00	2.336140e-01
3.314933e-02	1.336287e-01	1.321336e+00	2.505229e-01
3.812173e-02	1.433202e-01	1.330244e+00	2.686557e-01
4.383999e-02	1.537132e-01	1.335722e+00	2.881008e-01
5.041599e-02	1.648584e-01	1.337574e+00	3.089534e-01
5.797838e-02	1.768103e-01	1.336240e+00	3.313153e-01
6.667514e-02	1.896273e-01	1.331901e+00	3.552958e-01
7.667641e-02	2.033720e-01	1.325966e+00	3.810121e-01
8.817787e-02	2.181116e-01	1.316391e+00	4.085897e-01
1.014046e-01	2.339179e-01	1.303056e+00	4.381632e-01
1.166152e-01	2.508684e-01	1.286590e+00	4.698774e-01
1.341075e-01	2.690458e-01	1.266590e+00	5.038873e-01
1.542237e-01	2.885388e-01	1.243438e+00	5.403587e-01
1.773572e-01	3.094428e-01	1.216938e+00	5.794697e-01
2.039608e-01	3.318597e-01	1.187084e+00	6.214116e-01
2.345549e-01	3.558993e-01	1.154182e+00	6.663896e-01
2.697381e-01	3.816788e-01	1.119753e+00	7.146231e-01
3.101989e-01	4.093243e-01	1.083002e+00	7.663476e-01
3.567287e-01	4.389708e-01	1.041838e+00	8.218158e-01
4.102380e-01	4.707631e-01	9.992436e-01	8.812988e-01
4.717737e-01	5.048565e-01	9.551880e-01	9.450877e-01
5.425397e-01	5.414176e-01	9.117039e-01	1.013493e+00
6.239207e-01	5.806251e-01	8.682428e-01	1.086851e+00
7.175088e-01	6.226704e-01	8.205354e-01	1.165515e+00
8.251351e-01	6.677589e-01	7.735923e-01	1.249878e+00
9.489054e-01	7.161116e-01	7.273656e-01	1.340355e+00
1.091241e+00	7.679659e-01	6.820265e-01	1.437996e+00
1.254927e+00	8.235734e-01	6.373118e-01	1.543751e+00
1.443166e+00	8.832058e-01	5.934072e-01	1.658322e+00
1.659641e+00	9.471544e-01	5.535721e-01	1.782565e+00
1.908588e+00	1.015732e+00	5.133114e-01	1.917447e+00
2.194876e+00	1.089273e+00	4.743725e-01	2.064083e+00
2.524107e+00	1.159754e+00	4.377446e-01	2.223779e+00
2.902723e+00	1.238412e+00	4.050301e-01	2.398086e+00
3.338132e+00	1.354734e+00	3.736277e-01	2.588874e+00
3.838852e+00	1.483033e+00	3.415669e-01	2.798421e+00
4.414679e+00	1.622702e+00	3.161367e-01	3.029555e+00
5.076881e+00	1.769724e+00	2.951684e-01	3.285828e+00
5.838413e+00	1.932318e+00	2.710549e-01	3.571751e+00
6.714175e+00	2.102675e+00	2.433244e-01	3.581724e+00
7.721302e+00	2.288687e+00	2.152199e-01	3.493163e+00
8.879497e+00	2.491355e+00	1.923421e-01	3.417328e+00
1.021142e+01	2.703223e+00	1.738179e-01	3.356799e+00
1.174313e+01	2.941321e+00	1.563185e-01	3.314297e+00
1.350460e+01	3.209858e+00	1.410769e-01	3.292711e+00
1.553030e+01	3.506044e+00	1.271773e-01	3.295000e+00
1.785984e+01	3.835261e+00	1.146903e-01	3.324529e+00
2.053882e+01	4.176821e+00	1.029610e-01	3.384692e+00
2.361964e+01	4.545713e+00	9.197504e-02	3.479058e+00
2.716258e+01	4.907336e+00	8.312860e-02	3.611351e+00
3.123697e+01	5.279182e+00	7.522106e-02	3.785484e+00
3.592252e+01	5.675471e+00	6.689289e-02	4.005651e+00
4.131089e+01	6.027428e+00	5.946686e-02	4.276495e+00
4.750753e+01	6.393637e+00	5.300607e-02	4.603361e+00
5.463366e+01	6.734257e+00	4.755283e-02	4.992655e+00
6.282871e+01	7.057839e+00	4.284472e-02	5.452283e+00
7.225301e+01	7.390800e+00	3.789443e-02	5.992082e+00
8.309096e+01	7.649643e+00	3.356332e-02	6.624379e+00
9.555461e+01	7.888138e+00	2.982626e-02	7.364590e+00
1.098878e+02	8.051505e+00	2.649669e-02	8.231952e+00
1.263710e+02	8.212888e+00	2.352234e-02	9.250360e+00
1.453266e+02	8.378234e+00	2.081037e-02	1.044947e+01
1.671256e+02	8.438109e+00	1.861813e-02	1.186605e+01
1.921945e+02	1.069619e+01	1.653757e-02	1.354490e+01
2.210236e+02	1.031462e+01	1.465207e-02	1.554279e+01
2.541772e+02	9.959668e+00	1.302328e-02	1.793926e+01
2.923037e+02	9.562497e+00	1.166084e-02	2.081292e+01
3.361493e+02	9.142632e+00	1.041676e-02	2.426948e+01
3.865717e+02	8.700325e+00	9.140664e-03	2.844677e+01
4.445574e+02	8.253953e+00	8.048465e-03	3.351793e+01
5.112411e+02	7.807525e+00	7.140904e-03	3.969453e+01
5.879272e+02	7.359313e+00	6.365511e-03	4.725582e+01
6.761163e+02	6.919720e+00	5.669775e-03	5.658206e+01
7.775337e+02	6.499407e+00	4.965753e-03	6.812715e+01
8.941638e+02	6.131565e+00	4.365131e-03	8.238611e+01
1.028288e+03	5.771005e+00	3.855660e-03	1.000197e+02
1.182532e+03	5.412409e+00	3.386930e-03	1.219294e+02
1.359911e+03	5.059020e+00	2.994351e-03	1.492721e+02
1.563898e+03	4.712905e+00	2.649778e-03	1.835364e+02
1.798483e+03	4.377357e+00	2.346613e-03	2.266207e+02
2.068255e+03	4.050817e+00	2.068908e-03	2.809778e+02
2.378493e+03	3.733114e+00	1.813985e-03	3.498301e+02
2.735268e+03	3.430469e+00	1.616126e-03	4.372890e+02
3.145558e+03	3.152163e+00	1.443146e-03	5.484749e+02
3.617391e+03	2.890088e+00	1.259891e-03	6.899017e+02
4.160000e+03	2.644028e+00	1.102122e-03	8.701124e+02
4.784000e+03	2.413319e+00	9.684554e-04	1.100021e+03
5.501600e+03	2.198498e+00	8.578262e-04	1.393568e+03
6.326840e+03	2.001460e+00	7.641911e-04	1.768487e+03
7.275866e+03	1.820954e+00	6.647484e-04	2.247246e+03
8.367246e+03	1.655621e+00	5.804271e-04	2.858232e+03
9.622333e+03	1.506065e+00	5.091149e-04	3.637137e+03
