# Energy_MeV	dEdx_Elec_MeV_um	dEdx_Nucl_MeV_um	Range_um
1.000000e-05	4.895690e-03	3.008955e-02	4.085226e-03
1.150000e-05	5.250042e-03	3.335257e-02	4.380917e-03
1.322500e-05	5.630043e-03	3.694048e-02	4.698010e-03
1.520875e-05	6.037549e-03	4.088946e-02	5.038055e-03
1.749006e-05	6.474550e-03	4.525902e-02	5.402712e-03
2.011357e-05	6.943181e-03	4.998010e-02	5.793763e-03
2.313061e-05	7.445732e-03	5.522179e-02	6.213118e-03
2.660020e-05	7.984658e-03	6.097574e-02	6.662827e-03
3.059023e-05	8.562592e-03	6.723408e-02	7.145086e-03
3.517876e-05	9.182357e-03	7.396583e-02	7.662251e-03
4.045558e-05	9.846981e-03	8.140193e-02	8.216849e-03
4.652391e-05	1.055971e-02	8.973690e-02	8.811589e-03
5.350250e-05	1.132403e-02	9.872636e-02	9.449377e-03
6.152788e-05	1.214367e-02	1.084420e-01	1.013333e-02
7.075706e-05	1.302263e-02	1.188439e-01	1.086678e-02
8.137062e-05	1.396522e-02	1.302632e-01	1.165333e-02
9.357621e-05	1.497603e-02	1.429833e-01	1.249680e-02
1.076126e-04	1.606000e-02	1.566036e-01	1.340133e-02
1.237545e-04	1.722243e-02	1.713161e-01	1.437132e-02
1.423177e-04	1.846900e-02	1.872965e-01	1.541152e-02
1.636654e-04	1.980580e-02	2.043591e-01	1.652702e-02
1.882152e-04	2.123935e-02	2.226326e-01	1.772325e-02
2.164475e-04	2.277666e-02	2.422383e-01	1.900607e-02
2.489146e-04	2.442525e-02	2.635094e-01	2.038174e-02
2.862518e-04	2.619316e-02	2.864350e-01	2.185698e-02
3.291895e-04	2.808904e-02	3.099809e-01	2.343900e-02
3.785680e-04	3.012214e-02	3.349784e-01	2.513553e-02
4.353531e-04	3.230240e-02	3.631588e-01	2.695485e-02
5.006561e-04	3.464046e-02	3.925829e-01	2.890586e-02
5.757545e-04	3.714775e-02	4.234942e-01	3.099808e-02
6.621177e-04	3.983653e-02	4.552140e-01	3.324174e-02
7.614354e-04	4.271992e-02	4.881490e-01	3.564779e-02
8.756507e-04	4.581201e-02	5.252028e-01	3.822800e-02
1.006998e-03	4.912791e-02	5.630801e-01	4.099496e-02
1.158048e-03	5.268381e-02	6.022424e-01	4.396220e-02
1.331755e-03	5.649709e-02	6.428941e-01	4.714421e-02
1.531519e-03	6.058638e-02	6.848084e-01	5.055653e-02
1.761246e-03	6.497165e-02	7.285267e-01	5.421584e-02
2.025433e-03	6.967434e-02	7.712934e-01	5.814001e-02
2.329248e-03	7.471740e-02	8.162704e-01	6.234821e-02
2.678635e-03	8.012549e-02	8.620218e-01	6.686101e-02
3.080431e-03	8.592501e-02	9.069621e-01	7.170044e-02
3.542495e-03	9.214431e-02	9.503005e-01	7.689016e-02
4.073870e-03	4.941370e-02	9.948792e-01	8.245551e-02
4.684950e-03	5.301224e-02	1.042219e+00	8.842368e-02
5.387693e-03	5.687124e-02	1.087303e+00	9.482384e-02
6.195847e-03	6.100954e-02	1.130027e+00	1.016872e-01
7.125224e-03	6.544737e-02	1.169663e+00	1.090474e-01
8.194007e-03	7.020640e-02	1.208942e+00	1.169403e-01
9.423108e-03	7.530989e-02	1.249575e+00	1.254045e-01
1.083657e-02	8.078276e-02	1.286561e+00	1.344793e-01
1.246206e-02	8.665176e-02	1.320701e+00	1.442203e-01
1.433137e-02	9.294556e-02	1.353116e+00	1.546560e-01
1.648108e-02	9.969490e-02	1.381731e+00	1.658514e-01
1.895324e-02	1.069327e-01	1.407188e+00	1.778552e-01
2.179622e-02	1.146945e-01	1.430128e+00	1.907282e-01
2.506566e-02	1.230180e-01	1.451289e+00	2.045330e-01
2.882550e-02	1.319440e-01	1.470110e+00	2.193370e-01
3.314933e-02	1.415160e-01	1.483723e+00	2.352124e-01
3.812173e-02	1.517809e-01	1.494391e+00	2.522369e-01
4.383999e-02	1.627887e-01	1.505551e+00	2.704937e-01
5.041599e-02	1.745933e-01	1.512890e+00	2.900720e-01
5.797838e-02	1.872524e-01	1.516289e+00	3.110673e-01
6.667514e-02	2.008276e-01	1.515901e+00	3.335822e-01
7.667641e-02	2.153855e-01	1.511788e+00	3.577267e-01
8.817787e-02	2.309971e-01	1.506395e+00	3.836190e-01
1.014046e-01	2.477386e-01	1.496853e+00	4.113853e-01
1.166152e-01	2.656919e-01	1.482974e+00	4.411613e-01
1.341075e-01	2.849447e-01	1.465518e+00	4.730924e-01
1.542237e-01	3.055909e-01	1.444153e+00	5.073348e-01
1.773572e-01	3.277316e-01	1.419122e+00	5.440558e-01
2.039608e-01	3.514749e-01	1.390417e+00	5.834347e-01
2.345549e-01	3.769366e-01	1.357649e+00	6.256636e-01
2.697381e-01	4.042413e-01	1.321671e+00	6.709491e-01
3.101989e-01	4.335224e-01	1.283093e+00	7.195125e-01
3.567287e-01	4.649228e-01	1.242399e+00	7.715912e-01
4.102380e-01	4.985960e-01	1.197915e+00	8.274391e-01
4.717737e-01	5.347065e-01	1.149683e+00	8.873291e-01
5.425397e-01	5.734306e-01	1.100351e+00	9.515540e-01
6.239207e-01	6.149577e-01	1.050468e+00	1.020428e+00
7.175088e-01	6.594905e-01	1.001235e+00	1.094286e+00
8.251351e-01	7.072466e-01	9.496789e-01	1.173498e+00
9.489054e-01	7.584593e-01	8.954568e-01	1.258408e+00
1.091241e+00	8.133811e-01	8.427709e-01	1.349782e+00
1.254927e+00	8.722786e-01	7.909659e-01	1.448712e+00
1.443166e+00	9.354391e-01	7.392397e-01	1.555850e+00
1.659641e+00	1.003171e+00	6.900754e-01	1.671999e+00
1.908588e+00	1.075806e+00	6.434144e-01	1.798032e+00
2.194876e+00	1.153698e+00	5.979395e-01	1.934972e+00
2.524107e+00	1.232996e+00	5.530495e-01	2.084003e+00
2.902723e+00	1.313390e+00	5.092289e-01	2.246522e+00
3.338132e+00	1.426615e+00	4.715265e-01	2.424206e+00
3.838852e+00	1.565838e+00	4.363705e-01	2.619089e+00
4.414679e+00	1.711755e+00	3.973446e-01	2.833684e+00
5.076881e+00	1.872004e+00	3.665257e-01	3.071124e+00
5.838413e+00	2.044248e+00	3.431735e-01	3.335378e+00
6.714175e+00	2.225865e+00	3.171147e-01	3.631517e+00
7.721302e+00	2.426117e+00	2.871472e-01	3.791781e+00
8.879497e+00	2.630891e+00	2.528782e-01	3.663589e+00
1.021142e+01	2.851223e+00	2.252521e-01	3.554785e+00
1.174313e+01	3.085558e+00	2.036767e-01	3.467410e+00
1.350460e+01	3.349364e+00	1.836482e-01	3.403624e+00
1.553030e+01	3.647281e+00	1.657900e-01	3.365726e+00
1.785984e+01	3.967905e+00	1.488508e-01	3.356114e+00
2.053882e+01	4.321716e+00	1.345145e-01	3.377389e+00
2.361964e+01	4.713737e+00	1.208107e-01	3.432318e+00
2.716258e+01	5.104108e+00	1.082151e-01	3.523750e+00
3.123697e+01	5.527915e+00	9.755819e-02	3.654683e+00
3.592252e+01	5.957456e+00	8.822703e-02	3.828313e+00
4.131089e+01	6.387859e+00	7.922703e-02	4.048173e+00
4.750753e+01	6.832672e+00	7.026430e-02	4.318344e+00
5.463366e+01	7.231021e+00	6.254948e-02	4.643735e+00
6.282871e+01	7.648867e+00	5.595938e-02	5.030404e+00
7.225301e+01	8.044579e+00	5.032584e-02	5.486032e+00
8.309096e+01	8.414152e+00	4.497621e-02	6.020292e+00
9.555461e+01	8.786220e+00	3.973032e-02	6.645352e+00
1.098878e+02	9.019768e+00	3.525041e-02	7.376448e+00
1.263710e+02	9.270385e+00	3.132803e-02	8.232518e+00
1.453266e+02	9.527002e+00	2.771627e-02	9.237109e+00
1.671256e+02	9.704889e+00	2.462709e-02	1.041916e+01
1.921945e+02	9.848300e+00	2.197823e-02	1.181494e+01
2.210236e+02	1.215767e+01	1.957240e-02	1.346672e+01
2.541772e+02	1.181404e+01	1.734764e-02	1.543692e+01
2.923037e+02	1.141325e+01	1.530470e-02	1.779294e+01
3.361493e+02	1.097121e+01	1.370656e-02	2.061151e+01
3.865717e+02	1.049367e+01	1.231599e-02	2.399876e+01
4.445574e+02	1.000017e+01	1.078178e-02	2.808901e+01
5.112411e+02	9.505380e+00	9.482325e-03	3.304508e+01
5.879272e+02	8.997861e+00	8.397933e-03	3.907413e+01
6.761163e+02	8.500483e+00	7.481450e-03	4.646034e+01
7.775337e+02	8.009736e+00	6.711074e-03	5.556341e+01
8.941638e+02	7.578117e+00	5.863253e-03	6.677284e+01
1.028288e+03	7.170666e+00	5.145349e-03	8.055971e+01
1.182532e+03	6.762031e+00	4.546489e-03	9.759037e+01
1.359911e+03	6.354395e+00	4.004986e-03	1.187257e+02
1.563898e+03	5.952290e+00	3.545746e-03	1.450715e+02
1.798483e+03	5.557865e+00	3.119361e-03	1.780373e+02
2.068255e+03	5.173758e+00	2.768679e-03	2.194267e+02
2.378493e+03	4.793837e+00	2.441828e-03	2.716024e+02
2.735268e+03	4.427175e+00	2.145174e-03	3.376180e+02
3.145558e+03	4.083884e+00	1.906984e-03	4.212908e+02
3.617391e+03	3.761974e+00	1.700976e-03	5.273994e+02
4.160000e+03	3.456850e+00	1.502938e-03	6.621878e+02
4.784000e+03	3.168890e+00	1.310686e-03	8.337196e+02
5.501600e+03	2.898190e+00	1.149257e-03	1.052275e+03
6.326840e+03	2.647100e+00	1.014581e-03	1.330968e+03
7.275866e+03	2.415687e+00	9.015703e-04	1.686445e+03
8.367246e+03	2.202290e+00	7.941056e-04	2.139776e+03
9.622333e+03	2.007189e+00	6.912010e-04	2.717533e+03
