# Energy_MeV	dEdx_Elec_MeV_um	dEdx_Nucl_MeV_um	Range_um
1.000000e-05	2.508033e-03	3.392239e-02	4.002675e-03
1.150000e-05	2.719626e-03	3.736059e-02	4.292391e-03
1.322500e-05	2.946217e-03	4.112382e-02	4.603076e-03
1.520875e-05	3.188921e-03	4.529586e-02	4.936249e-03
1.749006e-05	3.448931e-03	4.970341e-02	5.293538e-03
2.011357e-05	3.727524e-03	5.451959e-02	5.676687e-03
2.313061e-05	4.026066e-03	5.979882e-02	6.087568e-03
2.660020e-05	4.346020e-03	6.553114e-02	6.528190e-03
3.059023e-05	4.688952e-03	7.187977e-02	7.000704e-03
3.517876e-05	5.056541e-03	7.856155e-02	7.507418e-03
4.045558e-05	5.450585e-03	8.595978e-02	8.050809e-03
4.652391e-05	5.873011e-03	9.372978e-02	8.633531e-03
5.350250e-05	6.325885e-03	1.021207e-01	9.258430e-03
6.152788e-05	6.811421e-03	1.112465e-01	9.928561e-03
7.075706e-05	7.331992e-03	1.208617e-01	1.064720e-02
8.137062e-05	7.890143e-03	1.315180e-01	1.141784e-02
9.357621e-05	8.488601e-03	1.421210e-01	1.224427e-02
1.076126e-04	9.130290e-03	1.539039e-01	1.313052e-02
1.237545e-04	9.818347e-03	1.667506e-01	1.408092e-02
1.423177e-04	1.055613e-02	1.799387e-01	1.510010e-02
1.636654e-04	1.134725e-02	1.945853e-01	1.619305e-02
1.882152e-04	1.219557e-02	2.087062e-01	1.736511e-02
2.164475e-04	1.310524e-02	2.243692e-01	1.862201e-02
2.489146e-04	1.408069e-02	2.411551e-01	1.996988e-02
2.862518e-04	1.512670e-02	2.581550e-01	2.141531e-02
3.291895e-04	1.624837e-02	2.767990e-01	2.296536e-02
3.785680e-04	1.745118e-02	2.950074e-01	2.462761e-02
4.353531e-04	1.874102e-02	3.145184e-01	2.641017e-02
5.006561e-04	2.012418e-02	3.344798e-01	2.832175e-02
5.757545e-04	2.160742e-02	3.541018e-01	3.037169e-02
6.621177e-04	2.319798e-02	3.752575e-01	3.257001e-02
7.614354e-04	2.490364e-02	3.957439e-01	3.492745e-02
8.756507e-04	2.673273e-02	4.165647e-01	3.745552e-02
1.006998e-03	2.869419e-02	4.369574e-01	4.016657e-02
1.158048e-03	3.079759e-02	4.578350e-01	4.307384e-02
1.331755e-03	3.305322e-02	4.786491e-01	4.619155e-02
1.531519e-03	3.547209e-02	5.003671e-01	4.953492e-02
1.761246e-03	3.806602e-02	5.193090e-01	5.312028e-02
2.025433e-03	4.084768e-02	5.383097e-01	5.696516e-02
2.329248e-03	4.383066e-02	5.567375e-01	6.108832e-02
2.678635e-03	4.702954e-02	5.744256e-01	6.550993e-02
3.080431e-03	5.045994e-02	5.926534e-01	7.025157e-02
3.542495e-03	5.413862e-02	6.077462e-01	7.533642e-02
4.073870e-03	5.808355e-02	6.233220e-01	8.078751e-02
4.684950e-03	6.231401e-02	6.360933e-01	8.662480e-02
5.387693e-03	6.685066e-02	6.480498e-01	9.291099e-02
6.195847e-03	7.171566e-02	6.592809e-01	9.963415e-02
7.125224e-03	7.693279e-02	6.684559e-01	1.068462e-01
8.194007e-03	8.252753e-02	6.777617e-01	1.145796e-01
9.423108e-03	8.852721e-02	6.835098e-01	1.228728e-01
1.083657e-02	9.496114e-02	6.892159e-01	1.317662e-01
1.246206e-02	1.018608e-01	6.940917e-01	1.413034e-01
1.433137e-02	1.092598e-01	6.970790e-01	1.515308e-01
1.648108e-02	1.171943e-01	6.994425e-01	1.624985e-01
1.895324e-02	1.257032e-01	6.988917e-01	1.742601e-01
2.179622e-02	1.348279e-01	6.976217e-01	1.868730e-01
2.506566e-02	1.446130e-01	6.949523e-01	2.003987e-01
2.882550e-02	1.551064e-01	6.904249e-01	2.149035e-01
3.314933e-02	1.663594e-01	6.845309e-01	2.304582e-01
3.812173e-02	1.784268e-01	6.764386e-01	2.471387e-01
4.383999e-02	1.913676e-01	6.668319e-01	2.650266e-01
5.041599e-02	2.052452e-01	6.554129e-01	2.842091e-01
5.797838e-02	2.201271e-01	6.422943e-01	3.047801e-01
6.667514e-02	2.360863e-01	6.273351e-01	3.268402e-01
7.667641e-02	2.532006e-01	6.109549e-01	3.504969e-01
8.817787e-02	2.715536e-01	5.933453e-01	3.758658e-01
1.014046e-01	2.912350e-01	5.743806e-01	4.030709e-01
1.166152e-01	3.123409e-01	5.538586e-01	4.322453e-01
1.341075e-01	3.349745e-01	5.323530e-01	4.635314e-01
1.542237e-01	3.592464e-01	5.089238e-01	4.970819e-01
1.773572e-01	3.852750e-01	4.867972e-01	5.330606e-01
2.039608e-01	4.131876e-01	4.633493e-01	5.716436e-01
2.345549e-01	4.431206e-01	4.395154e-01	6.130193e-01
2.697381e-01	4.752201e-01	4.156212e-01	6.573903e-01
3.101989e-01	5.096430e-01	3.901015e-01	7.049709e-01
3.567287e-01	5.465574e-01	3.671155e-01	7.560018e-01
4.102380e-01	5.861437e-01	3.424179e-01	8.107074e-01
4.717737e-01	6.285986e-01	3.204909e-01	8.696468e-01
5.425397e-01	6.741264e-01	2.988307e-01	9.334772e-01
6.239207e-01	7.229494e-01	2.769922e-01	1.002611e+00
7.175088e-01	7.753063e-01	2.571839e-01	1.077569e+00
8.251351e-01	8.314529e-01	2.361672e-01	1.158922e+00
9.489054e-01	8.916635e-01	2.197006e-01	1.247334e+00
1.091241e+00	9.503969e-01	2.022243e-01	1.343580e+00
1.254927e+00	1.010346e+00	1.852467e-01	1.448575e+00
1.443166e+00	1.098391e+00	1.717349e-01	1.563419e+00
1.659641e+00	1.201267e+00	1.589284e-01	1.689450e+00
1.908588e+00	1.311183e+00	1.469952e-01	1.729513e+00
2.194876e+00	1.431735e+00	1.332721e-01	1.730106e+00
2.524107e+00	1.565367e+00	1.184542e-01	1.730273e+00
2.902723e+00	1.709401e+00	1.061866e-01	1.731109e+00
3.338132e+00	1.870512e+00	9.479246e-02	1.733894e+00
3.838852e+00	2.045199e+00	8.585591e-02	1.740030e+00
4.414679e+00	2.230329e+00	7.725908e-02	1.751297e+00
5.076881e+00	2.432615e+00	6.944466e-02	1.769592e+00
5.838413e+00	2.653258e+00	6.283747e-02	1.797070e+00
6.714175e+00	2.891968e+00	5.632899e-02	1.836136e+00
7.721302e+00	3.133176e+00	5.066282e-02	1.889443e+00
8.879497e+00	3.365931e+00	4.557660e-02	1.959893e+00
1.021142e+01	3.608473e+00	4.097963e-02	2.050630e+00
1.174313e+01	3.811892e+00	3.679050e-02	2.165026e+00
1.350460e+01	4.025347e+00	3.293827e-02	2.306717e+00
1.553030e+01	4.234700e+00	2.903054e-02	2.479656e+00
1.785984e+01	4.423754e+00	2.619629e-02	2.688212e+00
2.053882e+01	4.615194e+00	2.335804e-02	2.937370e+00
2.361964e+01	4.769880e+00	2.089185e-02	3.232983e+00
2.716258e+01	4.920691e+00	1.864376e-02	3.582124e+00
3.123697e+01	5.056601e+00	1.636411e-02	3.993483e+00
3.592252e+01	5.156616e+00	1.465455e-02	4.477851e+00
4.131089e+01	5.244129e+00	1.288555e-02	5.048692e+00
4.750753e+01	5.270808e+00	1.152251e-02	5.722836e+00
5.463366e+01	5.293895e+00	1.027177e-02	6.521310e+00
6.282871e+01	5.312108e+00	9.087827e-03	7.470435e+00
7.225301e+01	5.284458e+00	8.119753e-03	8.603021e+00
8.309096e+01	6.297265e+00	7.130049e-03	9.960309e+00
9.555461e+01	5.972101e+00	6.431134e-03	1.159268e+01
1.098878e+02	5.687074e+00	5.717709e-03	1.357220e+01
1.263710e+02	5.391407e+00	5.050115e-03	1.597743e+01
1.453266e+02	5.091783e+00	4.470328e-03	1.890635e+01
1.671256e+02	4.787408e+00	3.922703e-03	2.249013e+01
1.921945e+02	4.486857e+00	3.518301e-03	2.689656e+01
2.210236e+02	4.194266e+00	3.116131e-03	3.233347e+01
2.541772e+02	3.905554e+00	2.747809e-03	3.907127e+01
2.923037e+02	3.624209e+00	2.424606e-03	4.747991e+01
3.361493e+02	3.353751e+00	2.124251e-03	5.802550e+01
3.865717e+02	3.119033e+00	1.881023e-03	7.123349e+01
4.445574e+02	2.894590e+00	1.657067e-03	8.777194e+01
5.112411e+02	2.677005e+00	1.458009e-03	1.085630e+02
5.879272e+02	2.467316e+00	1.296123e-03	1.348004e+02
6.761163e+02	2.266893e+00	1.141379e-03	1.680291e+02
7.775337e+02	2.076912e+00	1.007776e-03	2.102309e+02
8.941638e+02	1.897346e+00	8.932950e-04	2.639621e+02
1.028288e+03	1.727071e+00	7.896493e-04	3.325803e+02
1.182532e+03	1.568289e+00	6.986363e-04	4.204134e+02
1.359911e+03	1.423557e+00	6.165497e-04	5.328829e+02
1.563898e+03	1.290489e+00	5.338277e-04	6.768222e+02
1.798483e+03	1.168021e+00	4.762091e-04	8.611518e+02
2.068255e+03	1.056283e+00	4.184239e-04	1.097308e+03
2.378493e+03	9.547313e-01	3.692122e-04	1.399853e+03
2.735268e+03	8.624923e-01	3.253571e-04	1.787288e+03
3.145558e+03	7.790612e-01	2.810520e-04	2.283021e+03
3.617391e+03	7.042677e-01	2.486576e-04	2.916579e+03
4.160000e+03	6.373915e-01	2.154915e-04	3.725063e+03
4.784000e+03	5.775834e-01	1.900725e-04	4.754835e+03
5.501600e+03	5.243746e-01	1.674439e-04	6.063578e+03
6.326840e+03	4.772267e-01	1.460465e-04	7.722637e+03
7.275866e+03	4.354135e-01	1.289085e-04	9.819720e+03
8.367246e+03	3.984881e-01	1.116599e-04	1.246191e+04
9.622333e+03	3.661238e-01	9.950787e-05	1.577898e+04
