# Energy_MeV	dEdx_Elec_MeV_um	dEdx_Nucl_MeV_um	Range_um
1.000000e-05	5.024841e-03	3.213641e-02	3.980225e-03
1.150000e-05	5.388542e-03	3.554200e-02	4.268316e-03
1.322500e-05	5.778567e-03	3.931547e-02	4.577259e-03
1.520875e-05	6.196823e-03	4.343572e-02	4.908564e-03
1.749006e-05	6.645352e-03	4.797816e-02	5.263848e-03
2.011357e-05	7.126346e-03	5.299390e-02	5.644848e-03
2.313061e-05	7.642155e-03	5.833122e-02	6.053425e-03
2.660020e-05	8.195298e-03	6.418226e-02	6.491575e-03
3.059023e-05	8.788478e-03	7.072451e-02	6.961439e-03
3.517876e-05	9.424593e-03	7.786723e-02	7.465312e-03
4.045558e-05	1.010675e-02	8.567286e-02	8.005655e-03
4.652391e-05	1.083828e-02	9.397699e-02	8.585109e-03
5.350250e-05	1.162276e-02	1.029953e-01	9.206503e-03
6.152788e-05	1.246402e-02	1.130419e-01	9.872875e-03
7.075706e-05	1.336618e-02	1.239085e-01	1.058748e-02
8.137062e-05	1.433363e-02	1.357166e-01	1.135381e-02
9.357621e-05	1.537110e-02	1.483615e-01	1.217560e-02
1.076126e-04	1.648367e-02	1.621866e-01	1.305688e-02
1.237545e-04	1.767677e-02	1.769853e-01	1.400194e-02
1.423177e-04	1.895622e-02	1.925424e-01	1.501541e-02
1.636654e-04	2.032828e-02	2.095910e-01	1.610223e-02
1.882152e-04	2.179966e-02	2.278122e-01	1.726772e-02
2.164475e-04	2.337753e-02	2.474548e-01	1.851757e-02
2.489146e-04	2.506961e-02	2.677066e-01	1.985788e-02
2.862518e-04	2.688416e-02	2.893296e-01	2.129520e-02
3.291895e-04	2.883005e-02	3.134738e-01	2.283656e-02
3.785680e-04	3.091678e-02	3.388306e-01	2.448948e-02
4.353531e-04	3.315455e-02	3.650592e-01	2.626204e-02
5.006561e-04	3.555430e-02	3.923007e-01	2.816290e-02
5.757545e-04	3.812774e-02	4.206484e-01	3.020135e-02
6.621177e-04	4.088744e-02	4.520942e-01	3.238734e-02
7.614354e-04	4.384690e-02	4.846419e-01	3.473155e-02
8.756507e-04	4.702056e-02	5.178785e-01	3.724544e-02
1.006998e-03	5.042393e-02	5.529403e-01	3.994128e-02
1.158048e-03	2.703711e-02	5.880784e-01	4.283226e-02
1.331755e-03	2.901745e-02	6.246158e-01	4.593248e-02
1.531519e-03	3.114111e-02	6.615189e-01	4.925709e-02
1.761246e-03	3.341847e-02	6.995082e-01	5.282235e-02
2.025433e-03	3.586065e-02	7.388067e-01	5.664566e-02
2.329248e-03	3.847957e-02	7.753490e-01	6.074570e-02
2.678635e-03	4.128805e-02	8.121725e-01	6.514251e-02
3.080431e-03	4.429979e-02	8.513926e-01	6.985756e-02
3.542495e-03	4.752951e-02	8.900236e-01	7.491388e-02
4.073870e-03	5.099298e-02	9.280614e-01	8.033619e-02
4.684950e-03	5.470714e-02	9.626208e-01	8.615097e-02
5.387693e-03	5.869012e-02	9.958477e-01	9.238662e-02
6.195847e-03	6.296138e-02	1.030405e+00	9.907361e-02
7.125224e-03	6.754178e-02	1.062986e+00	1.062446e-01
8.194007e-03	7.245372e-02	1.093830e+00	1.138804e-01
9.423108e-03	7.772117e-02	1.121665e+00	1.221740e-01
1.083657e-02	8.336988e-02	1.148344e+00	1.310277e-01
1.246206e-02	8.942743e-02	1.172477e+00	1.405120e-01
1.433137e-02	9.592343e-02	1.192353e+00	1.506817e-01
1.648108e-02	1.028896e-01	1.211652e+00	1.615880e-01
1.895324e-02	1.103600e-01	1.228483e+00	1.732835e-01
2.179622e-02	1.183711e-01	1.243218e+00	1.858256e-01
2.506566e-02	1.269620e-01	1.254263e+00	1.992756e-01
2.882550e-02	1.361748e-01	1.262801e+00	2.136991e-01
3.314933e-02	1.460544e-01	1.271248e+00	2.291665e-01
3.812173e-02	1.566490e-01	1.276820e+00	2.457534e-01
4.383999e-02	1.680105e-01	1.278568e+00	2.635409e-01
5.041599e-02	1.801944e-01	1.277558e+00	2.826160e-01
5.797838e-02	1.932601e-01	1.273432e+00	3.030717e-01
6.667514e-02	2.072715e-01	1.267776e+00	3.250079e-01
7.667641e-02	2.222971e-01	1.258884e+00	3.485318e-01
8.817787e-02	2.384102e-01	1.246201e+00	3.737586e-01
1.014046e-01	2.556896e-01	1.230631e+00	4.008113e-01
1.166152e-01	2.742197e-01	1.211613e+00	4.298219e-01
1.341075e-01	2.940910e-01	1.189623e+00	4.609323e-01
1.542237e-01	3.154006e-01	1.164410e+00	4.942946e-01
1.773572e-01	3.382526e-01	1.136033e+00	5.300718e-01
2.039608e-01	3.627587e-01	1.104641e+00	5.684385e-01
2.345549e-01	3.890385e-01	1.071938e+00	6.095821e-01
2.697381e-01	4.172204e-01	1.036747e+00	6.537036e-01
3.101989e-01	4.474422e-01	9.976103e-01	7.010188e-01
3.567287e-01	4.798514e-01	9.571743e-01	7.517589e-01
4.102380e-01	5.146064e-01	9.148411e-01	8.061714e-01
4.717737e-01	5.518770e-01	8.735734e-01	8.645219e-01
5.425397e-01	5.918453e-01	8.316707e-01	9.270964e-01
6.239207e-01	6.347065e-01	7.863120e-01	9.942014e-01
7.175088e-01	6.806701e-01	7.417828e-01	1.066150e+00
8.251351e-01	7.299619e-01	6.971191e-01	1.143402e+00
9.489054e-01	7.828229e-01	6.540893e-01	1.226921e+00
1.091241e+00	8.395100e-01	6.110268e-01	1.317372e+00
1.254927e+00	9.003002e-01	5.688706e-01	1.415396e+00
1.443166e+00	9.654904e-01	5.310742e-01	1.521722e+00
1.659641e+00	1.035399e+00	4.922784e-01	1.637193e+00
1.908588e+00	1.110368e+00	4.553375e-01	1.762783e+00
2.194876e+00	1.179756e+00	4.199713e-01	1.899636e+00
2.524107e+00	1.268742e+00	3.882868e-01	2.049117e+00
2.902723e+00	1.389620e+00	3.584305e-01	2.212873e+00
3.338132e+00	1.519463e+00	3.280082e-01	2.392925e+00
3.838852e+00	1.663700e+00	3.029452e-01	2.591791e+00
4.414679e+00	1.812764e+00	2.830093e-01	2.812642e+00
5.076881e+00	1.976778e+00	2.600829e-01	3.056307e+00
5.838413e+00	2.153795e+00	2.337177e-01	2.975771e+00
6.714175e+00	2.341574e+00	2.070518e-01	2.904384e+00
7.721302e+00	2.549471e+00	1.845604e-01	2.844231e+00
8.879497e+00	2.765662e+00	1.669672e-01	2.797499e+00
1.021142e+01	3.011404e+00	1.500369e-01	2.766500e+00
1.174313e+01	3.290461e+00	1.355730e-01	2.753694e+00
1.350460e+01	3.591975e+00	1.221562e-01	2.761577e+00
1.553030e+01	3.927390e+00	1.100806e-01	2.793047e+00
1.785984e+01	4.278155e+00	9.894272e-02	2.850959e+00
2.053882e+01	4.640122e+00	8.830266e-02	2.938333e+00
2.361964e+01	5.015914e+00	7.991828e-02	3.058327e+00
2.716258e+01	5.382653e+00	7.219816e-02	3.214268e+00
3.123697e+01	5.770846e+00	6.428001e-02	3.409753e+00
3.592252e+01	6.131709e+00	5.724743e-02	3.648806e+00
4.131089e+01	6.482588e+00	5.091303e-02	3.936102e+00
4.750753e+01	6.836555e+00	4.574764e-02	4.277322e+00
5.463366e+01	7.145145e+00	4.113010e-02	4.679477e+00
6.282871e+01	7.458403e+00	3.642352e-02	5.151324e+00
7.225301e+01	7.727388e+00	3.232321e-02	5.703843e+00
8.309096e+01	7.930808e+00	2.865383e-02	6.350737e+00
9.555461e+01	8.100577e+00	2.549763e-02	7.109108e+00
1.098878e+02	8.258430e+00	2.260573e-02	8.000175e+00
1.263710e+02	8.393874e+00	1.998786e-02	9.050199e+00
1.453266e+02	8.456095e+00	1.791009e-02	1.029208e+01
1.671256e+02	1.057551e+01	1.589018e-02	1.176461e+01
1.921945e+02	1.021832e+01	1.410321e-02	1.352114e+01
2.210236e+02	9.853847e+00	1.251816e-02	1.562954e+01
2.541772e+02	9.447291e+00	1.119059e-02	1.815820e+01
2.923037e+02	9.021954e+00	1.000777e-02	2.120366e+01
3.361493e+02	8.577274e+00	8.796729e-03	2.488924e+01
3.865717e+02	8.132339e+00	7.728800e-03	2.936763e+01
4.445574e+02	7.685433e+00	6.867301e-03	3.482811e+01
5.112411e+02	7.237613e+00	6.109387e-03	4.152613e+01
5.879272e+02	6.800363e+00	5.447904e-03	4.980156e+01
6.761163e+02	6.397447e+00	4.779907e-03	6.004291e+01
7.775337e+02	6.032411e+00	4.192208e-03	7.268677e+01
8.941638e+02	5.672083e+00	3.708487e-03	8.834284e+01
1.028288e+03	5.314251e+00	3.253678e-03	1.078195e+02
1.182532e+03	4.962913e+00	2.881275e-03	1.321549e+02
1.359911e+03	4.619461e+00	2.547769e-03	1.626811e+02
1.563898e+03	4.287173e+00	2.253911e-03	2.010985e+02
1.798483e+03	3.962357e+00	1.990282e-03	2.496199e+02
2.068255e+03	3.648228e+00	1.742807e-03	3.111394e+02
2.378493e+03	3.351934e+00	1.555374e-03	3.893163e+02
2.735268e+03	3.078522e+00	1.385965e-03	4.887068e+02
3.145558e+03	2.820831e+00	1.211732e-03	6.151825e+02
3.617391e+03	2.579075e+00	1.062413e-03	7.764098e+02
4.160000e+03	2.352543e+00	9.308456e-04	9.821527e+02
4.784000e+03	2.142544e+00	8.261081e-04	1.244881e+03
5.501600e+03	1.950256e+00	7.339953e-04	1.580436e+03
6.326840e+03	1.773956e+00	6.394484e-04	2.008875e+03
7.275866e+03	1.612884e+00	5.596640e-04	2.555511e+03
8.367246e+03	1.467690e+00	4.894211e-04	3.252116e+03
9.622333e+03	1.337267e+00	4.296931e-04	4.138356e+03
