# Energy_MeV	dEdx_Elec_MeV_um	dEdx_Nucl_MeV_um	Range_um
1.000000e-05	4.608930e-03	3.085484e-02	4.339402e-03
1.150000e-05	4.942527e-03	3.417496e-02	4.653490e-03
1.322500e-05	5.300269e-03	3.781657e-02	4.990312e-03
1.520875e-05	5.683906e-03	4.176504e-02	5.351514e-03
1.749006e-05	6.095310e-03	4.614693e-02	5.738859e-03
2.011357e-05	6.536491e-03	5.095684e-02	6.154241e-03
2.313061e-05	7.009606e-03	5.624890e-02	6.599688e-03
2.660020e-05	7.516965e-03	6.189654e-02	7.077377e-03
3.059023e-05	8.061047e-03	6.806777e-02	7.589641e-03
3.517876e-05	8.644510e-03	7.506379e-02	8.138984e-03
4.045558e-05	9.270204e-03	8.261616e-02	8.728088e-03
4.652391e-05	9.941186e-03	9.078088e-02	9.359831e-03
5.350250e-05	1.066073e-02	9.953153e-02	1.003730e-02
6.152788e-05	1.143236e-02	1.090056e-01	1.076381e-02
7.075706e-05	1.225985e-02	1.196962e-01	1.154290e-02
8.137062e-05	1.314722e-02	1.311570e-01	1.237838e-02
9.357621e-05	1.409882e-02	1.434905e-01	1.327433e-02
1.076126e-04	7.560489e-03	1.568967e-01	1.423513e-02
1.237545e-04	8.128368e-03	1.711693e-01	1.526548e-02
1.423177e-04	8.737300e-03	1.866280e-01	1.637040e-02
1.636654e-04	9.390260e-03	2.030788e-01	1.755530e-02
1.882152e-04	1.009044e-02	2.209355e-01	1.882596e-02
2.164475e-04	1.084126e-02	2.401998e-01	2.018860e-02
2.489146e-04	1.164638e-02	2.600299e-01	2.164986e-02
2.862518e-04	1.250975e-02	2.811265e-01	2.321689e-02
3.291895e-04	1.343557e-02	3.045065e-01	2.489734e-02
3.785680e-04	1.442838e-02	3.293382e-01	2.669942e-02
4.353531e-04	1.549302e-02	3.554970e-01	2.863194e-02
5.006561e-04	1.663469e-02	3.823183e-01	3.070433e-02
5.757545e-04	1.785897e-02	4.102567e-01	3.292673e-02
6.621177e-04	1.917185e-02	4.409986e-01	3.530998e-02
7.614354e-04	2.057973e-02	4.730574e-01	3.786574e-02
8.756507e-04	2.208949e-02	5.063260e-01	4.060648e-02
1.006998e-03	2.370852e-02	5.406022e-01	4.354560e-02
1.158048e-03	2.544471e-02	5.765518e-01	4.669745e-02
1.331755e-03	2.730656e-02	6.134068e-01	5.007744e-02
1.531519e-03	2.930315e-02	6.494973e-01	5.370207e-02
1.761246e-03	3.144424e-02	6.875627e-01	5.758905e-02
2.025433e-03	3.374030e-02	7.262880e-01	6.175738e-02
2.329248e-03	3.620253e-02	7.655330e-01	6.622741e-02
2.678635e-03	3.884297e-02	8.026725e-01	7.102099e-02
3.080431e-03	4.167451e-02	8.396574e-01	7.616152e-02
3.542495e-03	4.471100e-02	8.802098e-01	8.167414e-02
4.073870e-03	4.796726e-02	9.191071e-01	8.758575e-02
4.684950e-03	5.145920e-02	9.558413e-01	9.392526e-02
5.387693e-03	5.520388e-02	9.902255e-01	1.007236e-01
6.195847e-03	5.921959e-02	1.022813e+00	1.080140e-01
7.125224e-03	6.352596e-02	1.057858e+00	1.158322e-01
8.194007e-03	6.814402e-02	1.090111e+00	1.242162e-01
9.423108e-03	7.309634e-02	1.119367e+00	1.331483e-01
1.083657e-02	7.840710e-02	1.147350e+00	1.428437e-01
1.246206e-02	8.410225e-02	1.171779e+00	1.531911e-01
1.433137e-02	9.020961e-02	1.194431e+00	1.642799e-01
1.648108e-02	9.675902e-02	1.214283e+00	1.761699e-01
1.895324e-02	1.037825e-01	1.232593e+00	1.889210e-01
2.179622e-02	1.113143e-01	1.249092e+00	2.025948e-01
2.506566e-02	1.193913e-01	1.261097e+00	2.172585e-01
2.882550e-02	1.280528e-01	1.270814e+00	2.329836e-01
3.314933e-02	1.373414e-01	1.280072e+00	2.498468e-01
3.812173e-02	1.473022e-01	1.286888e+00	2.679305e-01
4.383999e-02	1.579839e-01	1.290601e+00	2.873231e-01
5.041599e-02	1.694389e-01	1.290805e+00	3.081195e-01
5.797838e-02	1.817229e-01	1.288034e+00	3.304212e-01
6.667514e-02	1.948961e-01	1.283560e+00	3.543370e-01
7.667641e-02	2.090227e-01	1.276065e+00	3.799837e-01
8.817787e-02	2.241719e-01	1.265069e+00	4.074868e-01
1.014046e-01	2.404175e-01	1.250759e+00	4.369808e-01
1.166152e-01	2.578390e-01	1.233285e+00	4.686095e-01
1.341075e-01	2.765215e-01	1.212563e+00	5.025273e-01
1.542237e-01	2.965562e-01	1.188714e+00	5.389001e-01
1.773572e-01	3.180410e-01	1.161484e+00	5.779058e-01
2.039608e-01	3.410810e-01	1.131416e+00	6.197348e-01
2.345549e-01	3.657885e-01	1.098662e+00	6.645913e-01
2.697381e-01	3.922845e-01	1.064343e+00	7.126943e-01
3.101989e-01	4.206982e-01	1.027436e+00	7.642791e-01
3.567287e-01	4.511685e-01	9.865795e-01	8.195979e-01
4.102380e-01	4.838442e-01	9.446624e-01	8.789208e-01
4.717737e-01	5.188851e-01	9.021686e-01	9.425372e-01
5.425397e-01	5.564622e-01	8.600259e-01	1.010758e+00
6.239207e-01	5.967592e-01	8.172522e-01	1.083917e+00
7.175088e-01	6.399728e-01	7.709358e-01	1.162374e+00
8.251351e-01	6.863144e-01	7.256549e-01	1.246490e+00
9.489054e-01	7.360115e-01	6.816005e-01	1.336828e+00
1.091241e+00	7.893068e-01	6.374251e-01	1.434518e+00
1.254927e+00	8.464596e-01	5.957913e-01	1.540314e+00
1.443166e+00	9.077492e-01	5.550932e-01	1.654974e+00
1.659641e+00	9.734750e-01	5.162313e-01	1.779351e+00
1.908588e+00	1.043958e+00	4.779162e-01	1.914432e+00
2.194876e+00	1.119020e+00	4.402977e-01	2.061362e+00
2.524107e+00	1.188931e+00	4.078410e-01	2.221484e+00
2.902723e+00	1.279823e+00	3.772354e-01	2.396400e+00
3.338132e+00	1.401764e+00	3.448574e-01	2.588047e+00
3.838852e+00	1.531937e+00	3.175335e-01	2.798805e+00
4.414679e+00	1.676288e+00	2.959942e-01	3.031636e+00
5.076881e+00	1.825877e+00	2.743744e-01	3.290274e+00
5.838413e+00	1.989695e+00	2.495117e-01	3.475800e+00
6.714175e+00	2.167360e+00	2.209196e-01	3.392187e+00
7.721302e+00	2.355105e+00	1.967056e-01	3.318433e+00
8.879497e+00	2.562845e+00	1.770040e-01	3.257017e+00
1.021142e+01	2.779551e+00	1.598048e-01	3.210554e+00
1.174313e+01	3.025423e+00	1.438532e-01	3.181824e+00
1.350460e+01	3.304720e+00	1.291651e-01	3.173718e+00
1.553030e+01	3.604178e+00	1.169744e-01	3.189427e+00
1.785984e+01	3.935721e+00	1.051597e-01	3.232293e+00
2.053882e+01	4.281205e+00	9.432488e-02	3.305807e+00
2.361964e+01	4.632546e+00	8.462344e-02	3.413623e+00
2.716258e+01	4.998926e+00	7.643228e-02	3.559562e+00
3.123697e+01	5.351845e+00	6.896538e-02	3.747662e+00
3.592252e+01	5.723733e+00	6.117230e-02	3.982282e+00
4.131089e+01	6.072351e+00	5.435003e-02	4.268309e+00
4.750753e+01	6.406507e+00	4.861614e-02	4.611398e+00
5.463366e+01	6.747798e+00	4.362937e-02	5.018454e+00
6.282871e+01	7.040730e+00	3.919102e-02	5.497946e+00
7.225301e+01	7.337099e+00	3.462394e-02	6.060457e+00
8.309096e+01	7.595071e+00	3.065263e-02	6.719236e+00
9.555461e+01	7.782750e+00	2.727479e-02	7.490821e+00
1.098878e+02	7.943047e+00	2.413256e-02	8.395835e+00
1.263710e+02	8.092584e+00	2.148987e-02	9.459880e+00
1.453266e+02	8.215274e+00	1.911819e-02	1.071463e+01
1.671256e+02	8.272858e+00	1.703119e-02	1.219984e+01
1.921945e+02	1.023827e+01	1.511421e-02	1.396230e+01
2.210236e+02	9.882920e+00	1.333507e-02	1.606701e+01
2.541772e+02	9.518118e+00	1.194461e-02	1.859526e+01
2.923037e+02	9.114954e+00	1.071165e-02	2.163015e+01
3.361493e+02	8.694991e+00	9.428929e-03	2.528903e+01
3.865717e+02	8.258098e+00	8.302823e-03	2.972161e+01
4.445574e+02	7.822337e+00	7.331406e-03	3.511303e+01
5.112411e+02	7.385290e+00	6.529923e-03	4.169370e+01
5.879272e+02	6.947665e+00	5.840085e-03	4.977542e+01
6.761163e+02	6.521202e+00	5.122732e-03	5.977116e+01
7.775337e+02	6.130519e+00	4.503159e-03	7.215110e+01
8.941638e+02	5.774605e+00	3.970561e-03	8.744870e+01
1.028288e+03	5.423402e+00	3.504287e-03	1.064112e+02
1.182532e+03	5.075363e+00	3.088825e-03	1.300257e+02
1.359911e+03	4.734390e+00	2.713339e-03	1.595608e+02
1.563898e+03	4.401769e+00	2.414770e-03	1.966438e+02
1.798483e+03	4.080561e+00	2.131237e-03	2.433544e+02
2.068255e+03	3.767040e+00	1.877586e-03	3.024017e+02
2.378493e+03	3.464761e+00	1.659004e-03	3.773259e+02
2.735268e+03	3.180515e+00	1.477146e-03	4.725990e+02
3.145558e+03	2.918118e+00	1.312842e-03	5.937926e+02
3.617391e+03	2.671185e+00	1.145079e-03	7.481011e+02
4.160000e+03	2.439968e+00	1.001352e-03	9.449048e+02
4.784000e+03	2.223880e+00	8.838550e-04	1.196149e+03
5.501600e+03	2.024002e+00	7.832968e-04	1.517084e+03
6.326840e+03	1.841091e+00	6.941381e-04	1.927082e+03
7.275866e+03	1.673628e+00	6.043006e-04	2.450656e+03
8.367246e+03	1.520984e+00	5.274326e-04	3.118737e+03
9.622333e+03	1.383524e+00	4.631018e-04	3.970131e+03
