# Energy_MeV	dEdx_Elec_MeV_um	dEdx_Nucl_MeV_um	Range_um
1.000000e-05	2.062827e-03	3.220875e-02	4.883300e-03
1.150000e-05	2.231278e-03	3.555363e-02	5.236756e-03
1.322500e-05	2.411763e-03	3.924518e-02	5.615795e-03
1.520875e-05	2.605168e-03	4.318118e-02	6.022269e-03
1.749006e-05	2.812442e-03	4.750941e-02	6.458164e-03
2.011357e-05	3.034599e-03	5.236966e-02	6.925609e-03
2.313061e-05	3.272726e-03	5.766125e-02	7.426889e-03
2.660020e-05	3.527988e-03	6.333504e-02	7.964451e-03
3.059023e-05	3.801634e-03	6.944563e-02	8.540922e-03
3.517876e-05	4.095003e-03	7.608430e-02	9.159119e-03
4.045558e-05	4.409527e-03	8.350700e-02	9.822060e-03
4.652391e-05	4.746746e-03	9.154761e-02	1.053299e-02
5.350250e-05	5.108306e-03	1.001203e-01	1.129537e-02
6.152788e-05	5.495975e-03	1.095003e-01	1.211293e-02
7.075706e-05	5.911648e-03	1.194384e-01	1.298967e-02
8.137062e-05	6.357355e-03	1.302229e-01	1.392987e-02
9.357621e-05	6.835275e-03	1.417527e-01	1.493813e-02
1.076126e-04	7.347742e-03	1.541569e-01	1.601936e-02
1.237545e-04	7.897261e-03	1.676650e-01	1.717884e-02
1.423177e-04	8.486515e-03	1.814104e-01	1.842226e-02
1.636654e-04	9.118385e-03	1.962367e-01	1.975567e-02
1.882152e-04	9.795958e-03	2.125520e-01	2.118560e-02
2.164475e-04	1.052254e-02	2.297440e-01	2.271902e-02
2.489146e-04	1.130169e-02	2.481516e-01	2.436344e-02
2.862518e-04	1.213721e-02	2.667076e-01	2.612688e-02
3.291895e-04	1.303317e-02	2.863848e-01	2.801795e-02
3.785680e-04	1.399397e-02	3.078375e-01	3.004591e-02
4.353531e-04	1.502428e-02	3.300003e-01	3.222065e-02
5.006561e-04	1.612916e-02	3.534505e-01	3.455279e-02
5.757545e-04	1.731398e-02	3.771920e-01	3.705374e-02
6.621177e-04	1.858455e-02	4.023466e-01	3.973571e-02
7.614354e-04	1.994706e-02	4.280254e-01	4.261180e-02
8.756507e-04	2.140818e-02	4.531980e-01	4.569607e-02
1.006998e-03	2.297505e-02	4.799892e-01	4.900357e-02
1.158048e-03	2.465531e-02	5.067616e-01	5.255048e-02
1.331755e-03	2.645718e-02	5.341603e-01	5.635411e-02
1.531519e-03	2.838945e-02	5.601542e-01	6.043305e-02
1.761246e-03	3.046158e-02	5.861963e-01	6.480723e-02
2.025433e-03	3.268368e-02	6.141448e-01	6.949801e-02
2.329248e-03	3.506660e-02	6.416888e-01	7.452831e-02
2.678635e-03	3.762200e-02	6.669772e-01	7.992271e-02
3.080431e-03	4.036234e-02	6.912687e-01	8.570756e-02
3.542495e-03	4.330103e-02	7.141084e-01	9.191112e-02
4.073870e-03	4.645242e-02	7.381925e-01	9.856369e-02
4.684950e-03	4.983190e-02	7.611232e-01	1.056978e-01
5.387693e-03	5.345598e-02	7.812850e-01	1.133482e-01
6.195847e-03	5.734237e-02	8.011028e-01	1.215525e-01
7.125224e-03	6.151005e-02	8.179331e-01	1.302878e-01
8.194007e-03	6.597939e-02	8.337883e-01	1.397630e-01
9.423108e-03	7.077221e-02	8.478657e-01	1.499072e-01
1.083657e-02	7.591194e-02	8.604346e-01	1.607568e-01
1.246206e-02	8.142369e-02	8.721862e-01	1.723921e-01
1.433137e-02	8.733437e-02	8.803365e-01	1.848699e-01
1.648108e-02	9.367286e-02	8.873726e-01	1.982505e-01
1.895324e-02	1.004701e-01	8.938336e-01	2.125997e-01
2.179622e-02	1.077594e-01	8.983493e-01	2.279875e-01
2.506566e-02	1.155763e-01	9.012101e-01	2.444891e-01
2.882550e-02	1.239589e-01	9.011820e-01	2.621851e-01
3.314933e-02	1.329483e-01	8.994399e-01	2.811619e-01
3.812173e-02	1.425883e-01	8.963177e-01	3.015122e-01
4.383999e-02	1.529261e-01	8.909461e-01	3.233356e-01
5.041599e-02	1.640122e-01	8.834313e-01	3.467386e-01
5.797838e-02	1.759006e-01	8.733888e-01	3.718355e-01
6.667514e-02	1.886496e-01	8.612476e-01	3.987488e-01
7.667641e-02	2.023213e-01	8.467913e-01	4.276101e-01
8.817787e-02	2.169826e-01	8.301686e-01	4.585605e-01
1.014046e-01	2.327051e-01	8.111536e-01	4.917512e-01
1.166152e-01	2.495655e-01	7.902441e-01	5.273442e-01
1.341075e-01	2.676464e-01	7.674346e-01	5.655132e-01
1.542237e-01	2.870359e-01	7.433576e-01	6.064450e-01
1.773572e-01	3.078289e-01	7.175834e-01	6.503397e-01
2.039608e-01	3.301269e-01	6.893071e-01	6.974115e-01
2.345549e-01	3.540388e-01	6.597881e-01	7.478902e-01
2.697381e-01	3.796815e-01	6.304377e-01	8.020224e-01
3.101989e-01	4.071802e-01	6.006827e-01	8.600729e-01
3.567287e-01	4.366692e-01	5.708339e-01	9.223254e-01
4.102380e-01	4.682927e-01	5.388903e-01	9.890835e-01
4.717737e-01	5.022052e-01	5.068621e-01	1.060674e+00
5.425397e-01	5.385722e-01	4.764177e-01	1.137444e+00
6.239207e-01	5.775715e-01	4.452505e-01	1.219773e+00
7.175088e-01	6.193942e-01	4.164677e-01	1.308083e+00
8.251351e-01	6.642455e-01	3.880383e-01	1.403424e+00
9.489054e-01	7.123432e-01	3.606061e-01	1.506687e+00
1.091241e+00	7.639223e-01	3.341706e-01	1.618565e+00
1.254927e+00	8.192346e-01	3.075751e-01	1.739894e+00
1.443166e+00	8.785506e-01	2.853083e-01	1.871622e+00
1.659641e+00	9.421600e-01	2.635211e-01	2.014841e+00
1.908588e+00	1.001563e+00	2.409267e-01	2.170833e+00
2.194876e+00	1.069435e+00	2.224494e-01	2.341122e+00
2.524107e+00	1.168211e+00	2.067576e-01	2.527542e+00
2.902723e+00	1.276501e+00	1.916707e-01	2.732336e+00
3.338132e+00	1.394920e+00	1.743207e-01	2.854846e+00
3.838852e+00	1.520970e+00	1.543682e-01	2.843348e+00
4.414679e+00	1.661800e+00	1.379670e-01	2.831882e+00
5.076881e+00	1.814527e+00	1.236638e-01	2.822351e+00
5.838413e+00	1.982720e+00	1.118563e-01	2.816921e+00
6.714175e+00	2.169350e+00	1.006198e-01	2.817983e+00
7.721302e+00	2.362313e+00	9.024306e-02	2.828356e+00
8.879497e+00	2.578839e+00	8.187037e-02	2.851149e+00
1.021142e+01	2.819284e+00	7.347269e-02	2.889792e+00
1.174313e+01	3.070812e+00	6.604227e-02	2.948070e+00
1.350460e+01	3.342074e+00	5.923174e-02	3.030118e+00
1.553030e+01	3.589931e+00	5.339522e-02	3.140413e+00
1.785984e+01	3.847751e+00	4.818459e-02	3.283764e+00
2.053882e+01	4.085992e+00	4.284794e-02	3.465306e+00
2.361964e+01	4.320650e+00	3.797148e-02	3.690505e+00
2.716258e+01	4.567767e+00	3.404440e-02	3.965362e+00
3.123697e+01	4.773406e+00	3.047981e-02	4.296508e+00
3.592252e+01	4.982798e+00	2.738260e-02	4.691561e+00
4.131089e+01	5.172270e+00	2.425756e-02	5.159550e+00
4.750753e+01	5.340172e+00	2.141576e-02	5.711428e+00
5.463366e+01	5.506718e+00	1.909355e-02	6.360737e+00
6.282871e+01	5.621856e+00	1.686099e-02	7.124307e+00
7.225301e+01	5.714495e+00	1.504285e-02	8.023141e+00
8.309096e+01	5.761948e+00	1.338102e-02	9.083480e+00
9.555461e+01	5.801991e+00	1.189921e-02	1.033805e+01
1.098878e+02	5.835265e+00	1.058191e-02	1.182773e+01
1.263710e+02	5.811800e+00	9.317136e-03	1.360366e+01
1.453266e+02	6.915537e+00	8.368181e-03	1.572851e+01
1.671256e+02	6.591481e+00	7.483840e-03	1.828323e+01
1.921945e+02	6.284899e+00	6.588714e-03	2.137875e+01
2.210236e+02	5.964823e+00	5.822682e-03	2.513006e+01
2.541772e+02	5.639722e+00	5.122657e-03	2.969279e+01
2.923037e+02	5.309451e+00	4.577146e-03	3.526935e+01
3.361493e+02	4.983910e+00	4.080309e-03	4.211597e+01
3.865717e+02	4.665078e+00	3.579718e-03	5.055064e+01
4.445574e+02	4.349291e+00	3.158587e-03	6.099574e+01
5.112411e+02	4.042757e+00	2.774385e-03	7.402448e+01
5.879272e+02	3.754918e+00	2.455136e-03	9.032859e+01
6.761163e+02	3.499932e+00	2.161695e-03	1.106870e+02
7.775337e+02	3.253291e+00	1.895956e-03	1.361451e+02
8.941638e+02	3.013460e+00	1.691308e-03	1.681162e+02
1.028288e+03	2.782086e+00	1.489203e-03	2.084230e+02
1.182532e+03	2.560282e+00	1.315631e-03	2.594197e+02
1.359911e+03	2.349539e+00	1.161863e-03	3.241224e+02
1.563898e+03	2.148991e+00	1.031989e-03	4.064413e+02
1.798483e+03	1.958870e+00	9.173328e-04	5.115123e+02
2.068255e+03	1.781198e+00	8.026555e-04	6.458920e+02
2.378493e+03	1.620043e+00	6.996389e-04	8.177641e+02
2.735268e+03	1.470444e+00	6.192805e-04	1.037558e+03
3.145558e+03	1.332625e+00	5.472464e-04	1.318910e+03
3.617391e+03	1.206588e+00	4.850287e-04	1.679199e+03
4.160000e+03	1.091646e+00	4.236489e-04	2.140582e+03
4.784000e+03	9.870916e-01	3.685199e-04	2.731187e+03
5.501600e+03	8.925460e-01	3.243351e-04	3.486570e+03
6.326840e+03	8.076711e-01	2.821385e-04	4.451564e+03
7.275866e+03	7.316427e-01	2.484654e-04	5.682424e+03
8.367246e+03	6.636602e-01	2.183667e-04	7.249370e+03
9.622333e+03	6.031773e-01	1.916116e-04	9.239625e+03
