# Energy_MeV	dEdx_Elec_MeV_um	dEdx_Nucl_MeV_um	Range_um
1.000000e-05	5.169376e-03	3.118424e-02	3.868939e-03
1.150000e-05	5.543538e-03	3.454683e-02	4.148975e-03
1.322500e-05	5.944782e-03	3.826927e-02	4.449280e-03
1.520875e-05	6.375068e-03	4.233505e-02	4.771321e-03
1.749006e-05	6.836499e-03	4.678704e-02	5.116672e-03
2.011357e-05	7.331329e-03	5.169043e-02	5.487020e-03
2.313061e-05	7.861974e-03	5.708933e-02	5.884173e-03
2.660020e-05	8.431028e-03	6.305174e-02	6.310073e-03
3.059023e-05	9.041270e-03	6.937365e-02	6.766799e-03
3.517876e-05	9.695682e-03	7.630117e-02	7.256583e-03
4.045558e-05	1.039746e-02	8.418061e-02	7.781819e-03
4.652391e-05	1.115003e-02	9.262902e-02	8.345071e-03
5.350250e-05	1.195708e-02	1.018555e-01	8.949092e-03
6.152788e-05	1.282254e-02	1.116585e-01	9.596832e-03
7.075706e-05	1.375064e-02	1.222965e-01	1.029146e-02
8.137062e-05	1.474592e-02	1.343815e-01	1.103636e-02
9.357621e-05	1.581324e-02	1.472222e-01	1.183517e-02
1.076126e-04	1.695781e-02	1.611463e-01	1.269181e-02
1.237545e-04	1.818522e-02	1.761331e-01	1.361045e-02
1.423177e-04	1.950148e-02	1.922779e-01	1.459558e-02
1.636654e-04	2.091301e-02	2.098477e-01	1.565202e-02
1.882152e-04	2.242670e-02	2.282868e-01	1.678492e-02
2.164475e-04	2.404996e-02	2.484777e-01	1.799982e-02
2.489146e-04	2.579071e-02	2.700246e-01	1.930266e-02
2.862518e-04	2.765745e-02	2.926425e-01	2.069979e-02
3.291895e-04	2.965931e-02	3.164728e-01	2.219805e-02
3.785680e-04	3.180607e-02	3.424384e-01	2.380476e-02
4.353531e-04	3.410821e-02	3.706806e-01	2.552776e-02
5.006561e-04	3.657698e-02	4.003051e-01	2.737548e-02
5.757545e-04	3.922444e-02	4.308889e-01	2.935693e-02
6.621177e-04	4.206353e-02	4.626037e-01	3.148180e-02
7.614354e-04	4.510811e-02	4.967454e-01	3.376047e-02
8.756507e-04	4.837306e-02	5.333543e-01	3.620407e-02
1.006998e-03	5.187432e-02	5.711686e-01	3.882454e-02
1.158048e-03	5.562901e-02	6.101037e-01	4.163468e-02
1.331755e-03	5.965547e-02	6.511365e-01	4.464822e-02
1.531519e-03	6.397337e-02	6.924940e-01	4.787988e-02
1.761246e-03	6.860379e-02	7.342016e-01	5.134545e-02
2.025433e-03	7.356937e-02	7.773110e-01	5.506186e-02
2.329248e-03	7.889436e-02	8.215346e-01	5.904727e-02
2.678635e-03	8.460478e-02	8.671896e-01	6.332114e-02
3.080431e-03	9.072852e-02	9.092558e-01	6.790436e-02
3.542495e-03	9.729549e-02	9.514121e-01	7.281931e-02
4.073870e-03	1.043378e-01	9.984216e-01	7.809001e-02
4.684950e-03	5.595791e-02	1.042740e+00	8.374221e-02
5.387693e-03	6.003264e-02	1.085786e+00	8.980351e-02
6.195847e-03	6.440230e-02	1.124953e+00	9.630354e-02
7.125224e-03	6.908822e-02	1.162192e+00	1.032740e-01
8.194007e-03	7.411331e-02	1.203179e+00	1.107491e-01
9.423108e-03	7.950210e-02	1.240507e+00	1.187243e-01
1.083657e-02	8.528093e-02	1.274709e+00	1.273635e-01
1.246206e-02	9.147803e-02	1.306500e+00	1.365823e-01
1.433137e-02	9.812368e-02	1.335244e+00	1.464693e-01
1.648108e-02	1.052503e-01	1.362416e+00	1.570701e-01
1.895324e-02	1.128928e-01	1.385394e+00	1.684388e-01
2.179622e-02	1.210885e-01	1.406895e+00	1.806302e-01
2.506566e-02	1.298773e-01	1.425987e+00	1.937041e-01
2.882550e-02	1.393023e-01	1.440679e+00	2.077243e-01
3.314933e-02	1.494094e-01	1.452438e+00	2.227592e-01
3.812173e-02	1.602481e-01	1.462721e+00	2.388824e-01
4.383999e-02	1.718714e-01	1.471444e+00	2.561726e-01
5.041599e-02	1.843359e-01	1.476562e+00	2.747143e-01
5.797838e-02	1.977026e-01	1.477620e+00	2.945981e-01
6.667514e-02	2.120368e-01	1.475259e+00	3.159209e-01
7.667641e-02	2.274085e-01	1.470290e+00	3.387871e-01
8.817787e-02	2.438928e-01	1.462636e+00	3.633085e-01
1.014046e-01	2.615702e-01	1.451002e+00	3.896049e-01
1.166152e-01	2.805272e-01	1.435382e+00	4.178044e-01
1.341075e-01	3.008562e-01	1.416254e+00	4.480450e-01
1.542237e-01	3.226567e-01	1.393272e+00	4.804744e-01
1.773572e-01	3.460351e-01	1.366770e+00	5.152513e-01
2.039608e-01	3.711057e-01	1.336481e+00	5.525453e-01
2.345549e-01	3.979909e-01	1.302741e+00	5.925385e-01
2.697381e-01	4.268220e-01	1.265412e+00	6.354264e-01
3.101989e-01	4.577400e-01	1.226938e+00	6.814186e-01
3.567287e-01	4.908958e-01	1.185588e+00	7.307400e-01
4.102380e-01	5.264514e-01	1.138910e+00	7.836312e-01
4.717737e-01	5.645806e-01	1.091356e+00	8.403505e-01
5.425397e-01	6.054696e-01	1.042329e+00	9.011750e-01
6.239207e-01	6.493181e-01	9.946123e-01	9.664022e-01
7.175088e-01	6.963404e-01	9.465457e-01	1.036354e+00
8.251351e-01	7.467663e-01	8.930417e-01	1.111347e+00
9.489054e-01	8.008439e-01	8.409722e-01	1.191925e+00
1.091241e+00	8.588367e-01	7.903836e-01	1.279099e+00
1.254927e+00	9.210271e-01	7.401649e-01	1.373502e+00
1.443166e+00	9.877189e-01	6.923180e-01	1.475824e+00
1.659641e+00	1.059238e+00	6.444806e-01	1.586826e+00
1.908588e+00	1.135934e+00	6.000375e-01	1.707396e+00
2.194876e+00	1.216625e+00	5.558229e-01	1.838560e+00
2.524107e+00	1.294566e+00	5.126136e-01	1.981526e+00
2.902723e+00	1.398132e+00	4.747028e-01	2.137735e+00
3.338132e+00	1.533775e+00	4.391071e-01	2.308934e+00
3.838852e+00	1.677602e+00	4.031483e-01	2.497268e+00
4.414679e+00	1.836952e+00	3.700118e-01	2.705414e+00
5.076881e+00	2.003942e+00	3.436837e-01	2.936746e+00
5.838413e+00	2.184535e+00	3.196730e-01	3.195569e+00
6.714175e+00	2.381473e+00	2.920607e-01	3.428561e+00
7.721302e+00	2.582981e+00	2.603065e-01	3.309969e+00
8.879497e+00	2.803551e+00	2.310964e-01	3.208373e+00
1.021142e+01	3.030734e+00	2.072168e-01	3.125585e+00
1.174313e+01	3.287932e+00	1.871902e-01	3.063513e+00
1.350460e+01	3.580702e+00	1.680777e-01	3.024191e+00
1.553030e+01	3.892901e+00	1.514551e-01	3.009786e+00
1.785984e+01	4.241976e+00	1.369914e-01	3.022489e+00
2.053882e+01	4.622039e+00	1.233245e-01	3.064851e+00
2.361964e+01	5.014755e+00	1.106787e-01	3.139377e+00
2.716258e+01	5.440554e+00	9.878241e-02	3.248722e+00
3.123697e+01	5.856995e+00	8.934627e-02	3.395708e+00
3.592252e+01	6.297399e+00	8.088093e-02	3.583422e+00
4.131089e+01	6.728647e+00	7.167151e-02	3.815394e+00
4.750753e+01	7.139758e+00	6.361666e-02	4.095839e+00
5.463366e+01	7.568400e+00	5.683620e-02	4.429936e+00
6.282871e+01	7.952045e+00	5.099498e-02	4.824211e+00
7.225301e+01	8.338497e+00	4.601311e-02	5.286914e+00
8.309096e+01	8.699219e+00	4.060678e-02	5.828421e+00
9.555461e+01	8.965739e+00	3.590812e-02	6.461740e+00
1.098878e+02	9.218209e+00	3.196495e-02	7.203067e+00
1.263710e+02	9.467001e+00	2.830986e-02	8.072523e+00
1.453266e+02	9.674691e+00	2.524871e-02	9.094902e+00
1.671256e+02	9.818688e+00	2.238663e-02	1.030131e+01
1.921945e+02	1.224781e+01	1.996599e-02	1.172785e+01
2.210236e+02	1.189265e+01	1.772636e-02	1.342610e+01
2.541772e+02	1.150664e+01	1.565505e-02	1.545774e+01
2.923037e+02	1.107138e+01	1.400843e-02	1.788630e+01
3.361493e+02	1.060141e+01	1.255082e-02	2.080194e+01
3.865717e+02	1.010995e+01	1.112624e-02	2.431919e+01
4.445574e+02	9.616056e+00	9.783306e-03	2.857809e+01
5.112411e+02	9.113494e+00	8.624878e-03	3.375326e+01
5.879272e+02	8.610301e+00	7.669388e-03	4.008235e+01
6.761163e+02	8.117734e+00	6.846891e-03	4.787619e+01
7.775337e+02	7.671136e+00	6.050205e-03	5.748006e+01
8.941638e+02	7.261100e+00	5.310388e-03	6.928800e+01
1.028288e+03	6.852520e+00	4.674285e-03	8.385824e+01
1.182532e+03	6.443977e+00	4.127718e-03	1.019223e+02
1.359911e+03	6.040917e+00	3.622774e-03	1.244181e+02
1.563898e+03	5.644400e+00	3.194336e-03	1.525447e+02
1.798483e+03	5.258439e+00	2.840656e-03	1.878310e+02
2.068255e+03	4.877291e+00	2.510813e-03	2.322710e+02
2.378493e+03	4.506954e+00	2.213209e-03	2.884609e+02
2.735268e+03	4.157418e+00	1.942321e-03	3.596654e+02
3.145558e+03	3.831903e+00	1.729211e-03	4.499482e+02
3.617391e+03	3.522961e+00	1.545443e-03	5.645774e+02
4.160000e+03	3.231239e+00	1.346269e-03	7.104086e+02
4.784000e+03	2.956592e+00	1.175561e-03	8.961728e+02
5.501600e+03	2.700981e+00	1.036126e-03	1.133020e+03
6.326840e+03	2.465363e+00	9.167354e-04	1.435116e+03
7.275866e+03	2.248037e+00	8.177166e-04	1.820403e+03
8.367246e+03	2.048779e+00	7.109849e-04	2.311529e+03
9.622333e+03	1.868317e+00	6.196156e-04	2.936921e+03
