# Energy_MeV	dEdx_Elec_MeV_um	dEdx_Nucl_MeV_um	Range_um
1.000000e-05	2.506196e-03	3.377376e-02	4.085818e-03
1.150000e-05	2.716830e-03	3.723286e-02	4.381551e-03
1.322500e-05	2.942408e-03	4.092178e-02	4.698690e-03
1.520875e-05	3.184041e-03	4.508341e-02	5.038784e-03
1.749006e-05	3.442916e-03	4.936276e-02	5.403494e-03
2.011357e-05	3.720305e-03	5.417417e-02	5.794602e-03
2.313061e-05	4.017566e-03	5.947461e-02	6.214018e-03
2.660020e-05	4.336155e-03	6.508135e-02	6.663792e-03
3.059023e-05	4.677633e-03	7.138456e-02	7.146121e-03
3.517876e-05	5.043671e-03	7.793300e-02	7.663361e-03
4.045558e-05	5.436059e-03	8.518200e-02	8.218039e-03
4.652391e-05	5.856716e-03	9.294795e-02	8.812865e-03
5.350250e-05	6.307699e-03	1.010947e-01	9.450745e-03
6.152788e-05	6.791212e-03	1.101742e-01	1.013479e-02
7.075706e-05	7.309620e-03	1.195854e-01	1.086836e-02
8.137062e-05	7.865455e-03	1.297682e-01	1.165501e-02
9.357621e-05	8.461434e-03	1.404159e-01	1.249861e-02
1.076126e-04	9.100469e-03	1.520040e-01	1.340327e-02
1.237545e-04	9.785683e-03	1.643426e-01	1.437340e-02
1.423177e-04	1.052042e-02	1.777355e-01	1.541376e-02
1.636654e-04	1.130828e-02	1.912550e-01	1.652941e-02
1.882152e-04	1.215311e-02	2.055565e-01	1.772582e-02
2.164475e-04	1.305902e-02	2.208141e-01	1.900882e-02
2.489146e-04	1.403046e-02	2.367892e-01	2.038469e-02
2.862518e-04	1.507217e-02	2.540523e-01	2.186015e-02
3.291895e-04	1.618922e-02	2.712380e-01	2.344240e-02
3.785680e-04	1.738710e-02	2.897295e-01	2.513917e-02
4.353531e-04	1.867163e-02	3.080054e-01	2.695875e-02
5.006561e-04	2.004911e-02	3.268977e-01	2.891004e-02
5.757545e-04	2.152626e-02	3.465345e-01	3.100257e-02
6.621177e-04	2.311029e-02	3.659302e-01	3.324655e-02
7.614354e-04	2.480895e-02	3.867338e-01	3.565295e-02
8.756507e-04	2.663053e-02	4.052035e-01	3.823353e-02
1.006998e-03	2.858393e-02	4.250981e-01	4.100090e-02
1.158048e-03	3.067870e-02	4.456871e-01	4.396856e-02
1.331755e-03	3.292507e-02	4.648606e-01	4.715103e-02
1.531519e-03	3.533402e-02	4.855318e-01	5.056385e-02
1.761246e-03	3.791730e-02	5.024110e-01	5.422368e-02
2.025433e-03	4.068755e-02	5.205269e-01	5.814842e-02
2.329248e-03	4.365830e-02	5.384582e-01	6.235724e-02
2.678635e-03	4.684405e-02	5.545481e-01	6.687069e-02
3.080431e-03	5.026038e-02	5.714017e-01	7.171082e-02
3.542495e-03	5.392397e-02	5.851525e-01	7.690129e-02
4.073870e-03	5.785272e-02	5.989772e-01	8.243614e-02
4.684950e-03	6.206583e-02	6.113214e-01	8.842083e-02
5.387693e-03	6.658387e-02	6.216925e-01	9.484048e-02
6.195847e-03	7.142892e-02	6.320683e-01	1.017041e-01
7.125224e-03	7.662465e-02	6.402821e-01	1.090655e-01
8.194007e-03	8.219644e-02	6.476918e-01	1.169596e-01
9.423108e-03	8.817151e-02	6.534071e-01	1.254251e-01
1.083657e-02	9.457905e-02	6.582829e-01	1.345032e-01
1.246206e-02	1.014504e-01	6.620001e-01	1.442384e-01
1.433137e-02	1.088190e-01	6.650281e-01	1.546783e-01
1.648108e-02	1.167210e-01	6.655938e-01	1.658739e-01
1.895324e-02	1.251950e-01	6.650296e-01	1.778797e-01
2.179622e-02	1.342823e-01	6.630582e-01	1.907546e-01
2.506566e-02	1.440273e-01	6.596290e-01	2.045613e-01
2.882550e-02	1.544777e-01	6.550261e-01	2.193674e-01
3.314933e-02	1.656845e-01	6.481980e-01	2.352452e-01
3.812173e-02	1.777024e-01	6.399762e-01	2.522722e-01
4.383999e-02	1.905902e-01	6.299273e-01	2.705315e-01
5.041599e-02	2.044108e-01	6.183540e-01	2.901126e-01
5.797838e-02	2.192317e-01	6.050107e-01	3.111110e-01
6.667514e-02	2.351254e-01	5.902328e-01	3.336292e-01
7.667641e-02	2.521695e-01	5.735955e-01	3.577773e-01
8.817787e-02	2.704472e-01	5.567842e-01	3.836731e-01
1.014046e-01	2.900479e-01	5.379731e-01	4.114434e-01
1.166152e-01	3.110673e-01	5.175220e-01	4.412239e-01
1.341075e-01	3.336081e-01	4.968335e-01	4.731597e-01
1.542237e-01	3.577804e-01	4.741690e-01	5.074070e-01
1.773572e-01	3.837023e-01	4.534661e-01	5.441331e-01
2.039608e-01	4.115004e-01	4.308271e-01	5.835177e-01
2.345549e-01	4.413106e-01	4.074144e-01	6.257529e-01
2.697381e-01	4.732785e-01	3.847911e-01	6.710455e-01
3.101989e-01	5.075602e-01	3.608080e-01	7.196143e-01
3.567287e-01	5.443232e-01	3.390009e-01	7.717028e-01
4.102380e-01	5.837478e-01	3.166052e-01	8.275595e-01
4.717737e-01	6.260285e-01	2.949870e-01	8.878204e-01
5.425397e-01	6.713695e-01	2.751310e-01	9.530883e-01
6.239207e-01	7.199923e-01	2.545627e-01	1.023793e+00
7.175088e-01	7.721344e-01	2.358342e-01	1.100465e+00
8.251351e-01	8.280507e-01	2.178454e-01	1.183697e+00
9.489054e-01	8.880144e-01	2.011289e-01	1.274175e+00
1.091241e+00	9.443110e-01	1.849024e-01	1.372704e+00
1.254927e+00	1.004712e+00	1.706466e-01	1.480236e+00
1.443166e+00	1.095947e+00	1.569371e-01	1.597918e+00
1.659641e+00	1.197284e+00	1.462141e-01	1.703995e+00
1.908588e+00	1.307577e+00	1.340922e-01	1.709263e+00
2.194876e+00	1.427033e+00	1.201520e-01	1.713316e+00
2.524107e+00	1.560688e+00	1.075843e-01	1.717080e+00
2.902723e+00	1.704727e+00	9.514888e-02	1.721663e+00
3.338132e+00	1.864385e+00	8.645135e-02	1.728314e+00
3.838852e+00	2.039810e+00	7.737874e-02	1.738597e+00
4.414679e+00	2.219782e+00	7.009646e-02	1.754257e+00
5.076881e+00	2.418868e+00	6.324402e-02	1.777282e+00
5.838413e+00	2.636598e+00	5.670779e-02	1.809915e+00
6.714175e+00	2.862924e+00	5.122223e-02	1.854667e+00
7.721302e+00	3.097195e+00	4.551568e-02	1.914315e+00
8.879497e+00	3.310057e+00	4.144247e-02	1.991903e+00
1.021142e+01	3.529914e+00	3.719217e-02	2.090736e+00
1.174313e+01	3.722717e+00	3.317022e-02	2.214349e+00
1.350460e+01	3.915426e+00	2.968811e-02	2.366612e+00
1.553030e+01	4.112252e+00	2.624309e-02	2.551716e+00
1.785984e+01	4.277271e+00	2.373820e-02	2.774340e+00
2.053882e+01	4.443867e+00	2.117752e-02	3.039852e+00
2.361964e+01	4.585232e+00	1.881862e-02	3.354598e+00
2.716258e+01	4.711627e+00	1.676444e-02	3.726272e+00
3.123697e+01	4.832665e+00	1.477260e-02	4.164349e+00
3.592252e+01	4.907131e+00	1.319272e-02	4.680605e+00
4.131089e+01	4.966771e+00	1.168856e-02	5.289758e+00
4.750753e+01	4.981424e+00	1.036184e-02	6.010205e+00
5.463366e+01	4.989041e+00	9.265783e-03	6.864956e+00
6.282871e+01	4.991783e+00	8.199567e-03	7.882825e+00
7.225301e+01	4.945081e+00	7.296591e-03	9.099887e+00
8.309096e+01	5.873381e+00	6.491846e-03	1.056093e+01
9.555461e+01	5.572815e+00	5.782459e-03	1.232261e+01
1.098878e+02	5.295497e+00	5.141656e-03	1.446405e+01
1.263710e+02	5.010068e+00	4.562406e-03	1.706916e+01
1.453266e+02	4.722418e+00	3.976017e-03	2.024860e+01
1.671256e+02	4.432139e+00	3.563297e-03	2.414772e+01
1.921945e+02	4.147090e+00	3.152872e-03	2.895171e+01
2.210236e+02	3.869751e+00	2.797891e-03	3.489081e+01
2.541772e+02	3.596431e+00	2.479188e-03	4.226869e+01
2.923037e+02	3.331357e+00	2.156006e-03	5.149934e+01
3.361493e+02	3.080702e+00	1.919193e-03	6.309212e+01
3.865717e+02	2.861127e+00	1.674117e-03	7.762284e+01
4.445574e+02	2.649949e+00	1.488457e-03	9.584986e+01
5.112411e+02	2.445933e+00	1.318426e-03	1.188056e+02
5.879272e+02	2.250193e+00	1.158793e-03	1.478238e+02
6.761163e+02	2.063656e+00	1.029971e-03	1.846296e+02
7.775337e+02	1.887471e+00	8.980368e-04	2.314350e+02
8.941638e+02	1.721115e+00	8.065613e-04	2.911023e+02
1.028288e+03	1.564262e+00	7.128027e-04	3.673920e+02
1.182532e+03	1.418475e+00	6.259392e-04	4.651209e+02
1.359911e+03	1.286453e+00	5.511116e-04	5.903078e+02
1.563898e+03	1.164802e+00	4.801310e-04	7.505874e+02
1.798483e+03	1.053227e+00	4.287229e-04	9.559340e+02
2.068255e+03	9.517548e-01	3.773752e-04	1.219075e+03
2.378493e+03	8.596993e-01	3.308691e-04	1.556226e+03
2.735268e+03	7.761881e-01	2.903161e-04	1.987963e+03
3.145558e+03	7.008580e-01	2.524354e-04	2.540299e+03
3.617391e+03	6.334938e-01	2.222246e-04	3.246025e+03
4.160000e+03	5.732983e-01	1.943642e-04	4.146304e+03
4.784000e+03	5.195147e-01	1.698876e-04	5.292532e+03
5.501600e+03	4.717535e-01	1.500415e-04	6.748589e+03
6.326840e+03	4.294669e-01	1.311096e-04	8.593408e+03
7.275866e+03	3.919909e-01	1.149843e-04	1.092392e+04
8.367246e+03	3.589529e-01	1.011565e-04	1.385831e+04
9.622333e+03	3.300167e-01	8.882280e-05	1.753963e+04
