# Energy_MeV	dEdx_Elec_MeV_um	dEdx_Nucl_MeV_um	Range_um
1.000000e-05	5.089576e-03	2.899728e-02	3.929601e-03
1.150000e-05	5.457962e-03	3.222952e-02	4.214027e-03
1.322500e-05	5.853012e-03	3.574226e-02	4.519041e-03
1.520875e-05	6.276656e-03	3.961680e-02	4.846131e-03
1.749006e-05	6.730964e-03	4.387281e-02	5.196897e-03
2.011357e-05	7.218154e-03	4.853446e-02	5.573051e-03
2.313061e-05	7.740608e-03	5.369406e-02	5.976432e-03
2.660020e-05	8.300878e-03	5.929877e-02	6.409009e-03
3.059023e-05	8.901700e-03	6.552710e-02	6.872896e-03
3.517876e-05	9.546009e-03	7.234843e-02	7.370360e-03
4.045558e-05	1.023695e-02	7.968146e-02	7.903831e-03
4.652391e-05	1.097791e-02	8.762656e-02	8.475914e-03
5.350250e-05	1.177250e-02	9.655276e-02	9.089405e-03
6.152788e-05	1.262460e-02	1.063741e-01	9.747301e-03
7.075706e-05	1.353837e-02	1.169668e-01	1.045282e-02
8.137062e-05	1.451829e-02	1.283929e-01	1.120940e-02
9.357621e-05	1.556913e-02	1.406254e-01	1.202074e-02
1.076126e-04	1.669603e-02	1.543329e-01	1.289081e-02
1.237545e-04	1.790450e-02	1.692895e-01	1.382385e-02
1.423177e-04	1.920043e-02	1.853018e-01	1.482443e-02
1.636654e-04	2.059017e-02	2.026732e-01	1.589743e-02
1.882152e-04	2.208050e-02	2.215422e-01	1.704809e-02
2.164475e-04	2.367870e-02	2.417346e-01	1.828204e-02
2.489146e-04	2.539257e-02	2.630424e-01	1.960530e-02
2.862518e-04	2.723050e-02	2.861888e-01	2.102435e-02
3.291895e-04	2.920146e-02	3.112470e-01	2.254610e-02
3.785680e-04	3.131508e-02	3.381433e-01	2.417800e-02
4.353531e-04	3.358168e-02	3.656862e-01	2.592802e-02
5.006561e-04	3.601234e-02	3.951013e-01	2.780470e-02
5.757545e-04	3.861893e-02	4.284030e-01	2.981722e-02
6.621177e-04	4.141419e-02	4.627395e-01	3.197540e-02
7.614354e-04	4.441177e-02	4.989501e-01	3.428980e-02
8.756507e-04	4.762632e-02	5.358130e-01	3.677171e-02
1.006998e-03	5.107354e-02	5.744903e-01	3.943327e-02
1.158048e-03	5.477027e-02	6.179440e-01	4.228747e-02
1.331755e-03	5.873457e-02	6.619529e-01	4.534826e-02
1.531519e-03	6.298581e-02	7.077684e-01	4.863059e-02
1.761246e-03	6.754475e-02	7.552687e-01	5.215050e-02
2.025433e-03	7.243368e-02	8.036724e-01	5.592518e-02
2.329248e-03	7.767647e-02	8.537125e-01	5.997307e-02
2.678635e-03	8.329873e-02	9.036733e-01	6.431396e-02
3.080431e-03	8.932794e-02	9.561672e-01	6.896904e-02
3.542495e-03	9.579354e-02	1.009306e+00	7.396105e-02
4.073870e-03	1.027271e-01	1.060108e+00	7.931439e-02
4.684950e-03	1.101626e-01	1.109641e+00	8.505521e-02
5.387693e-03	1.181362e-01	1.163152e+00	9.121155e-02
6.195847e-03	1.266870e-01	1.217074e+00	9.781349e-02
7.125224e-03	1.358566e-01	1.268054e+00	1.048933e-01
8.194007e-03	1.456900e-01	1.316411e+00	1.124855e-01
9.423108e-03	1.562351e-01	1.360838e+00	1.206273e-01
1.083657e-02	1.675435e-01	1.407987e+00	1.293322e-01
1.246206e-02	1.796704e-01	1.453725e+00	1.386981e-01
1.433137e-02	1.926750e-01	1.494833e+00	1.487671e-01
1.648108e-02	2.066209e-01	1.533693e+00	1.595326e-01
1.895324e-02	2.215763e-01	1.570002e+00	1.710801e-01
2.179622e-02	2.376141e-01	1.602672e+00	1.834627e-01
2.506566e-02	2.548127e-01	1.630313e+00	1.967416e-01
2.882550e-02	2.732562e-01	1.656128e+00	2.109816e-01
3.314933e-02	2.930346e-01	1.679814e+00	2.262523e-01
3.812173e-02	3.142446e-01	1.699971e+00	2.426282e-01
4.383999e-02	3.369898e-01	1.714609e+00	2.601895e-01
5.041599e-02	3.613813e-01	1.726258e+00	2.790220e-01
5.797838e-02	3.875383e-01	1.738415e+00	2.992175e-01
6.667514e-02	4.155885e-01	1.745557e+00	3.208746e-01
7.667641e-02	4.456690e-01	1.748390e+00	3.440994e-01
8.817787e-02	4.779268e-01	1.746689e+00	3.690053e-01
1.014046e-01	5.125194e-01	1.741060e+00	3.957139e-01
1.166152e-01	5.496158e-01	1.733712e+00	4.243556e-01
1.341075e-01	5.893973e-01	1.721311e+00	4.550703e-01
1.542237e-01	6.320582e-01	1.704154e+00	4.880083e-01
1.773572e-01	6.778069e-01	1.682803e+00	5.233304e-01
2.039608e-01	7.268669e-01	1.656892e+00	5.612091e-01
2.345549e-01	7.794779e-01	1.626830e+00	6.018293e-01
2.697381e-01	8.358970e-01	1.592452e+00	6.453896e-01
3.101989e-01	8.963996e-01	1.553543e+00	6.921032e-01
3.567287e-01	9.612815e-01	1.510852e+00	7.421978e-01
4.102380e-01	1.030860e+00	1.465783e+00	7.959182e-01
4.717737e-01	1.105474e+00	1.418107e+00	8.535267e-01
5.425397e-01	1.185488e+00	1.364709e+00	9.153051e-01
6.239207e-01	1.271295e+00	1.308727e+00	9.815553e-01
7.175088e-01	1.363312e+00	1.251585e+00	1.052601e+00
8.251351e-01	1.461989e+00	1.194228e+00	1.128786e+00
9.489054e-01	1.567809e+00	1.137852e+00	1.210495e+00
1.091241e+00	1.680054e+00	1.075964e+00	1.298096e+00
1.254927e+00	1.785134e+00	1.013910e+00	1.392531e+00
1.443166e+00	1.895665e+00	9.539612e-01	1.494810e+00
1.659641e+00	2.011531e+00	8.942206e-01	1.605595e+00
1.908588e+00	1.078450e+00	8.355346e-01	1.725720e+00
2.194876e+00	1.156534e+00	7.785318e-01	1.856106e+00
2.524107e+00	1.240270e+00	7.260174e-01	1.997822e+00
2.902723e+00	1.323145e+00	6.738072e-01	2.152116e+00
3.338132e+00	1.411473e+00	6.223643e-01	2.320467e+00
3.838852e+00	1.543583e+00	5.738957e-01	2.504652e+00
4.414679e+00	1.694185e+00	5.313947e-01	2.706836e+00
5.076881e+00	1.856677e+00	4.906589e-01	2.929698e+00
5.838413e+00	2.031348e+00	4.476026e-01	3.176594e+00
6.714175e+00	2.224651e+00	4.145377e-01	3.451784e+00
7.721302e+00	2.424808e+00	3.873372e-01	3.760725e+00
8.879497e+00	2.644318e+00	3.560567e-01	4.110456e+00
1.021142e+01	2.875098e+00	3.200840e-01	4.198556e+00
1.174313e+01	3.110094e+00	2.824021e-01	4.023505e+00
1.350460e+01	3.365436e+00	2.526674e-01	3.880216e+00
1.553030e+01	3.650223e+00	2.281523e-01	3.769598e+00
1.785984e+01	3.964845e+00	2.054254e-01	3.692782e+00
2.053882e+01	4.305635e+00	1.852976e-01	3.651123e+00
2.361964e+01	4.680163e+00	1.669305e-01	3.646190e+00
2.716258e+01	5.099721e+00	1.507181e-01	3.679607e+00
3.123697e+01	5.535682e+00	1.351798e-01	3.753472e+00
3.592252e+01	6.008501e+00	1.209128e-01	3.869854e+00
4.131089e+01	6.515500e+00	1.091078e-01	4.031122e+00
4.750753e+01	7.006400e+00	9.885115e-02	4.240041e+00
5.463366e+01	7.527203e+00	8.804767e-02	4.499989e+00
6.282871e+01	8.012492e+00	7.810296e-02	4.815244e+00
7.225301e+01	8.506183e+00	6.972693e-02	5.191314e+00
8.309096e+01	9.008175e+00	6.242290e-02	5.635269e+00
9.555461e+01	9.451391e+00	5.631746e-02	6.156212e+00
1.098878e+02	9.891748e+00	4.989584e-02	6.765660e+00
1.263710e+02	1.021707e+01	4.408872e-02	7.478064e+00
1.453266e+02	1.055976e+01	3.924493e-02	8.311409e+00
1.671256e+02	1.092841e+01	3.481827e-02	9.287976e+00
1.921945e+02	1.115806e+01	3.089581e-02	1.043520e+01
2.210236e+02	1.448476e+01	2.737359e-02	1.178683e+01
2.541772e+02	1.407203e+01	2.446206e-02	1.338364e+01
2.923037e+02	1.372855e+01	2.176490e-02	1.528547e+01
3.361493e+02	1.330277e+01	1.925664e-02	1.755061e+01
3.865717e+02	1.282744e+01	1.709147e-02	2.025325e+01
4.445574e+02	1.230488e+01	1.532094e-02	2.349228e+01
5.112411e+02	1.176166e+01	1.370711e-02	2.739181e+01
5.879272e+02	1.120942e+01	1.200293e-02	3.210107e+01
6.761163e+02	1.064501e+01	1.058389e-02	3.781398e+01
7.775337e+02	1.008963e+01	9.372280e-03	4.479670e+01
8.941638e+02	9.541751e+00	8.364599e-03	5.337043e+01
1.028288e+03	9.076204e+00	7.462075e-03	6.387446e+01
1.182532e+03	8.619415e+00	6.521315e-03	7.674625e+01
1.359911e+03	8.157345e+00	5.741074e-03	9.259542e+01
1.563898e+03	7.694290e+00	5.065023e-03	1.122016e+02
1.798483e+03	7.233893e+00	4.456254e-03	1.365638e+02
2.068255e+03	6.780563e+00	3.936572e-03	1.669492e+02
2.378493e+03	6.333625e+00	3.480371e-03	2.049841e+02
2.735268e+03	5.889769e+00	3.086778e-03	2.528012e+02
3.145558e+03	5.459915e+00	2.718101e-03	3.131270e+02
3.617391e+03	5.058712e+00	2.387052e-03	3.893463e+02
4.160000e+03	4.677011e+00	2.122335e-03	4.857283e+02
4.784000e+03	4.312650e+00	1.898022e-03	6.078778e+02
5.501600e+03	3.966889e+00	1.660301e-03	7.629781e+02
6.326840e+03	3.640786e+00	1.448370e-03	9.602009e+02
7.275866e+03	3.336875e+00	1.275137e-03	1.211231e+03
8.367246e+03	3.054482e+00	1.126608e-03	1.530899e+03
9.622333e+03	2.792830e+00	1.005218e-03	1.937974e+03
