# Energy_MeV	dEdx_Elec_MeV_um	dEdx_Nucl_MeV_um	Range_um
1.000000e-05	4.769150e-03	3.338478e-02	4.193620e-03
1.150000e-05	5.114343e-03	3.685245e-02	4.497156e-03
1.322500e-05	5.484522e-03	4.072242e-02	4.822662e-03
1.520875e-05	5.881495e-03	4.477291e-02	5.171729e-03
1.749006e-05	6.307201e-03	4.927882e-02	5.546062e-03
2.011357e-05	6.763719e-03	5.434049e-02	5.947489e-03
2.313061e-05	7.253281e-03	5.977675e-02	6.377971e-03
2.660020e-05	7.778277e-03	6.577538e-02	6.839612e-03
3.059023e-05	8.341273e-03	7.205254e-02	7.334667e-03
3.517876e-05	4.489772e-03	7.898275e-02	7.865554e-03
4.045558e-05	4.838353e-03	8.672407e-02	8.434867e-03
4.652391e-05	5.212054e-03	9.499898e-02	9.045387e-03
5.350250e-05	5.612701e-03	1.040390e-01	9.700097e-03
6.152788e-05	6.042254e-03	1.136763e-01	1.040219e-02
7.075706e-05	6.502811e-03	1.241153e-01	1.115511e-02
8.137062e-05	6.996624e-03	1.354454e-01	1.196252e-02
9.357621e-05	7.526106e-03	1.473338e-01	1.282838e-02
1.076126e-04	8.093844e-03	1.603723e-01	1.375690e-02
1.237545e-04	8.702612e-03	1.742583e-01	1.475263e-02
1.423177e-04	9.355384e-03	1.888285e-01	1.582044e-02
1.636654e-04	1.005535e-02	2.043678e-01	1.696553e-02
1.882152e-04	1.080593e-02	2.211421e-01	1.819350e-02
2.164475e-04	1.161079e-02	2.391510e-01	1.951036e-02
2.489146e-04	1.247387e-02	2.585019e-01	2.092253e-02
2.862518e-04	1.339937e-02	2.779811e-01	2.243691e-02
3.291895e-04	1.439183e-02	2.987202e-01	2.406091e-02
3.785680e-04	1.545609e-02	3.207764e-01	2.580245e-02
4.353531e-04	1.659735e-02	3.440655e-01	2.767005e-02
5.006561e-04	1.782118e-02	3.688202e-01	2.967282e-02
5.757545e-04	1.913357e-02	3.936658e-01	3.182055e-02
6.621177e-04	2.054092e-02	4.204507e-01	3.412374e-02
7.614354e-04	2.205011e-02	4.468634e-01	3.659364e-02
8.756507e-04	2.366852e-02	4.737338e-01	3.924230e-02
1.006998e-03	2.540405e-02	5.019010e-01	4.208268e-02
1.158048e-03	2.726518e-02	5.300356e-01	4.512865e-02
1.331755e-03	2.926100e-02	5.598009e-01	4.839508e-02
1.531519e-03	3.140126e-02	5.864736e-01	5.189794e-02
1.761246e-03	3.369642e-02	6.142764e-01	5.565434e-02
2.025433e-03	3.615769e-02	6.440314e-01	5.968264e-02
2.329248e-03	3.879709e-02	6.724721e-01	6.400250e-02
2.678635e-03	4.162753e-02	7.006127e-01	6.863503e-02
3.080431e-03	4.466282e-02	7.255209e-01	7.360287e-02
3.542495e-03	4.791779e-02	7.503063e-01	7.893029e-02
4.073870e-03	5.140836e-02	7.761336e-01	8.464330e-02
4.684950e-03	5.515156e-02	8.000487e-01	9.076983e-02
5.387693e-03	5.916569e-02	8.224765e-01	9.733980e-02
6.195847e-03	6.347035e-02	8.428760e-01	1.043347e-01
7.125224e-03	6.808659e-02	8.616018e-01	1.119231e-01
8.194007e-03	7.303694e-02	8.791502e-01	1.200464e-01
9.423108e-03	7.834559e-02	8.939121e-01	1.287348e-01
1.083657e-02	8.403848e-02	9.078255e-01	1.380524e-01
1.246206e-02	9.014342e-02	9.200465e-01	1.480447e-01
1.433137e-02	9.669023e-02	9.295818e-01	1.587600e-01
1.648108e-02	1.037109e-01	9.375327e-01	1.702509e-01
1.895324e-02	1.112397e-01	9.441755e-01	1.825735e-01
2.179622e-02	1.193135e-01	9.493951e-01	1.957881e-01
2.506566e-02	1.279716e-01	9.530770e-01	2.099591e-01
2.882550e-02	1.372564e-01	9.534653e-01	2.251558e-01
3.314933e-02	1.472133e-01	9.522062e-01	2.414525e-01
3.812173e-02	1.578908e-01	9.489961e-01	2.589287e-01
4.383999e-02	1.693412e-01	9.438074e-01	2.776700e-01
5.041599e-02	1.816204e-01	9.365121e-01	2.977677e-01
5.797838e-02	1.947883e-01	9.263238e-01	3.193200e-01
6.667514e-02	2.089093e-01	9.140482e-01	3.424322e-01
7.667641e-02	2.240524e-01	8.991832e-01	3.672175e-01
8.817787e-02	2.402916e-01	8.821057e-01	3.937968e-01
1.014046e-01	2.577062e-01	8.625198e-01	4.222998e-01
1.166152e-01	2.763812e-01	8.408485e-01	4.528657e-01
1.341075e-01	2.964080e-01	8.167912e-01	4.856441e-01
1.542237e-01	3.178842e-01	7.920617e-01	5.207952e-01
1.773572e-01	3.409150e-01	7.650775e-01	5.584905e-01
2.039608e-01	3.656128e-01	7.353340e-01	5.989141e-01
2.345549e-01	3.920981e-01	7.047395e-01	6.422634e-01
2.697381e-01	4.205005e-01	6.731067e-01	6.887506e-01
3.101989e-01	4.509587e-01	6.424454e-01	7.386027e-01
3.567287e-01	4.836215e-01	6.107569e-01	7.920629e-01
4.102380e-01	5.186484e-01	5.768522e-01	8.493930e-01
4.717737e-01	5.562105e-01	5.433212e-01	9.108708e-01
5.425397e-01	5.964915e-01	5.104676e-01	9.767996e-01
6.239207e-01	6.396887e-01	4.781862e-01	1.047520e+00
7.175088e-01	6.860146e-01	4.471200e-01	1.123875e+00
8.251351e-01	7.356936e-01	4.162749e-01	1.206572e+00
9.489054e-01	7.889683e-01	3.874828e-01	1.296171e+00
1.091241e+00	8.460991e-01	3.590996e-01	1.393339e+00
1.254927e+00	9.073652e-01	3.313473e-01	1.498835e+00
1.443166e+00	9.730658e-01	3.068860e-01	1.613535e+00
1.659641e+00	1.035851e+00	2.832937e-01	1.738467e+00
1.908588e+00	1.108261e+00	2.600636e-01	1.874850e+00
2.194876e+00	1.212943e+00	2.396756e-01	2.024156e+00
2.524107e+00	1.327627e+00	2.217458e-01	2.188182e+00
2.902723e+00	1.453087e+00	2.062344e-01	2.369158e+00
3.338132e+00	1.585373e+00	1.883963e-01	2.422145e+00
3.838852e+00	1.732702e+00	1.678825e-01	2.397057e+00
4.414679e+00	1.891581e+00	1.498677e-01	2.374192e+00
5.076881e+00	2.066330e+00	1.336665e-01	2.355356e+00
5.838413e+00	2.260186e+00	1.210651e-01	2.342548e+00
6.714175e+00	2.462750e+00	1.085829e-01	2.337924e+00
7.721302e+00	2.691023e+00	9.793604e-02	2.343933e+00
8.879497e+00	2.946464e+00	8.859033e-02	2.363243e+00
1.021142e+01	3.219311e+00	7.954742e-02	2.398732e+00
1.174313e+01	3.518370e+00	7.160305e-02	2.453511e+00
1.350460e+01	3.801460e+00	6.389900e-02	2.530918e+00
1.553030e+01	4.098574e+00	5.786026e-02	2.634499e+00
1.785984e+01	4.379205e+00	5.217019e-02	2.768016e+00
2.053882e+01	4.658214e+00	4.639835e-02	2.935468e+00
2.361964e+01	4.953921e+00	4.120987e-02	3.141148e+00
2.716258e+01	5.205864e+00	3.678615e-02	3.389857e+00
3.123697e+01	5.464204e+00	3.305257e-02	3.687078e+00
3.592252e+01	5.703282e+00	2.967869e-02	4.039317e+00
4.131089e+01	5.920081e+00	2.629438e-02	4.454495e+00
4.750753e+01	6.138664e+00	2.323252e-02	4.942378e+00
5.463366e+01	6.300985e+00	2.067610e-02	5.515169e+00
6.282871e+01	6.438280e+00	1.832902e-02	6.188067e+00
7.225301e+01	6.524560e+00	1.632784e-02	6.980031e+00
8.309096e+01	6.604863e+00	1.447740e-02	7.914686e+00
9.555461e+01	6.680307e+00	1.289142e-02	9.021456e+00
1.098878e+02	6.687485e+00	1.146753e-02	1.033709e+01
1.263710e+02	7.976218e+00	1.012586e-02	1.190641e+01
1.453266e+02	7.629715e+00	9.070756e-03	1.378733e+01
1.671256e+02	7.300629e+00	8.095793e-03	1.605924e+01
1.921945e+02	6.951503e+00	7.175484e-03	1.880321e+01
2.210236e+02	6.593617e+00	6.342065e-03	2.212935e+01
2.541772e+02	6.226872e+00	5.562783e-03	2.618069e+01
2.923037e+02	5.863353e+00	4.969328e-03	3.113763e+01
3.361493e+02	5.505223e+00	4.416453e-03	3.722332e+01
3.865717e+02	5.149200e+00	3.901778e-03	4.473403e+01
4.445574e+02	4.802612e+00	3.443183e-03	5.407181e+01
5.112411e+02	4.476326e+00	3.014715e-03	6.571858e+01
5.879272e+02	4.187236e+00	2.672199e-03	8.021301e+01
6.761163e+02	3.906329e+00	2.342280e-03	9.827999e+01
7.775337e+02	3.631413e+00	2.067311e-03	1.208999e+02
8.941638e+02	3.364597e+00	1.838367e-03	1.493356e+02
1.028288e+03	3.107234e+00	1.619335e-03	1.852163e+02
1.182532e+03	2.861260e+00	1.432995e-03	2.306274e+02
1.359911e+03	2.625608e+00	1.257189e-03	2.882716e+02
1.563898e+03	2.400671e+00	1.120915e-03	3.616996e+02
1.798483e+03	2.189299e+00	9.967463e-04	4.554411e+02
2.068255e+03	1.996860e+00	8.722536e-04	5.751476e+02
2.378493e+03	1.817327e+00	7.606377e-04	7.280271e+02
2.735268e+03	1.651061e+00	6.710250e-04	9.235110e+02
3.145558e+03	1.498031e+00	5.943381e-04	1.173626e+03
3.617391e+03	1.357730e+00	5.273825e-04	1.493717e+03
4.160000e+03	1.229779e+00	4.607187e-04	1.903270e+03
4.784000e+03	1.113666e+00	4.002246e-04	2.426936e+03
5.501600e+03	1.008927e+00	3.522605e-04	3.095810e+03
6.326840e+03	9.148818e-01	3.073582e-04	3.948922e+03
7.275866e+03	8.306875e-01	2.705980e-04	5.034999e+03
8.367246e+03	7.555681e-01	2.368949e-04	6.414574e+03
9.622333e+03	6.886817e-01	2.079685e-04	8.162391e+03
