# Energy_MeV	dEdx_Elec_MeV_um	dEdx_Nucl_MeV_um	Range_um
1.000000e-05	4.781135e-03	3.273775e-02	4.183107e-03
1.150000e-05	5.127196e-03	3.614684e-02	4.485883e-03
1.322500e-05	5.498305e-03	3.995465e-02	4.810574e-03
1.520875e-05	5.896275e-03	4.409615e-02	5.158765e-03
1.749006e-05	6.323051e-03	4.859462e-02	5.532160e-03
2.011357e-05	6.780716e-03	5.348696e-02	5.932580e-03
2.313061e-05	7.271508e-03	5.888442e-02	6.361984e-03
2.660020e-05	7.797824e-03	6.485819e-02	6.822467e-03
3.059023e-05	8.362234e-03	7.139323e-02	7.316281e-03
3.517876e-05	8.967497e-03	7.834844e-02	7.845837e-03
4.045558e-05	9.616570e-03	8.591069e-02	8.413723e-03
4.652391e-05	1.031262e-02	9.419929e-02	9.022713e-03
5.350250e-05	1.105905e-02	1.033018e-01	9.675782e-03
6.152788e-05	1.185952e-02	1.132060e-01	1.037612e-02
7.075706e-05	1.271791e-02	1.237656e-01	1.112715e-02
8.137062e-05	1.363844e-02	1.353804e-01	1.193254e-02
9.357621e-05	1.462560e-02	1.476467e-01	1.279622e-02
1.076126e-04	1.568421e-02	1.607813e-01	1.372242e-02
1.237545e-04	1.681944e-02	1.750337e-01	1.471565e-02
1.423177e-04	9.033843e-03	1.902756e-01	1.578078e-02
1.636654e-04	9.709811e-03	2.069427e-01	1.692300e-02
1.882152e-04	1.043466e-02	2.237306e-01	1.814790e-02
2.164475e-04	1.121192e-02	2.419316e-01	1.946145e-02
2.489146e-04	1.204541e-02	2.622921e-01	2.087008e-02
2.862518e-04	1.293918e-02	2.833041e-01	2.238067e-02
3.291895e-04	1.389761e-02	3.058285e-01	2.400060e-02
3.785680e-04	1.492538e-02	3.283299e-01	2.573777e-02
4.353531e-04	1.602751e-02	3.523360e-01	2.760069e-02
5.006561e-04	1.720938e-02	3.789453e-01	2.959844e-02
5.757545e-04	1.847677e-02	4.060555e-01	3.174079e-02
6.621177e-04	1.983586e-02	4.345495e-01	3.403820e-02
7.614354e-04	2.129331e-02	4.635518e-01	3.650191e-02
8.756507e-04	2.285623e-02	4.936211e-01	3.914393e-02
1.006998e-03	2.453225e-02	5.249954e-01	4.197719e-02
1.158048e-03	2.632956e-02	5.558040e-01	4.501552e-02
1.331755e-03	2.825695e-02	5.883166e-01	4.827377e-02
1.531519e-03	3.032383e-02	6.209873e-01	5.176785e-02
1.761246e-03	3.254029e-02	6.528191e-01	5.551484e-02
2.025433e-03	3.491717e-02	6.843958e-01	5.953303e-02
2.329248e-03	3.746608e-02	7.167530e-01	6.384206e-02
2.678635e-03	4.019947e-02	7.499011e-01	6.846298e-02
3.080431e-03	4.313068e-02	7.827935e-01	7.341837e-02
3.542495e-03	4.627405e-02	8.125942e-01	7.873243e-02
4.073870e-03	4.964493e-02	8.415232e-01	8.443113e-02
4.684950e-03	5.325979e-02	8.700334e-01	9.054230e-02
5.387693e-03	5.713628e-02	8.982477e-01	9.709580e-02
6.195847e-03	6.129335e-02	9.252788e-01	1.041236e-01
7.125224e-03	6.575131e-02	9.491759e-01	1.116061e-01
8.194007e-03	7.053192e-02	9.728255e-01	1.197232e-01
9.423108e-03	7.565855e-02	9.928866e-01	1.284127e-01
1.083657e-02	8.115624e-02	1.010826e+00	1.377067e-01
1.246206e-02	8.705186e-02	1.027577e+00	1.476736e-01
1.433137e-02	9.337420e-02	1.042217e+00	1.583623e-01
1.648108e-02	1.001541e-01	1.055981e+00	1.698243e-01
1.895324e-02	1.074248e-01	1.065124e+00	1.821160e-01
2.179622e-02	1.152217e-01	1.073010e+00	1.952975e-01
2.506566e-02	1.235830e-01	1.080744e+00	2.094330e-01
2.882550e-02	1.325495e-01	1.085668e+00	2.245917e-01
3.314933e-02	1.421649e-01	1.088201e+00	2.408475e-01
3.812173e-02	1.524764e-01	1.087463e+00	2.582799e-01
4.383999e-02	1.635341e-01	1.084586e+00	2.769741e-01
5.041599e-02	1.753923e-01	1.080362e+00	2.970215e-01
5.797838e-02	1.881087e-01	1.073297e+00	3.185198e-01
6.667514e-02	2.017455e-01	1.063248e+00	3.415742e-01
7.667641e-02	2.163694e-01	1.050466e+00	3.662972e-01
8.817787e-02	2.320518e-01	1.034957e+00	3.928098e-01
1.014046e-01	2.488692e-01	1.016825e+00	4.212414e-01
1.166152e-01	2.669040e-01	9.959952e-01	4.517309e-01
1.341075e-01	2.862440e-01	9.723409e-01	4.844270e-01
1.542237e-01	3.069840e-01	9.463204e-01	5.194898e-01
1.773572e-01	3.292251e-01	9.187213e-01	5.570907e-01
2.039608e-01	3.530760e-01	8.891243e-01	5.974131e-01
2.345549e-01	3.786532e-01	8.568360e-01	6.406539e-01
2.697381e-01	4.060818e-01	8.226345e-01	6.870243e-01
3.101989e-01	4.354956e-01	7.867093e-01	7.367513e-01
3.567287e-01	4.670384e-01	7.515540e-01	7.900777e-01
4.102380e-01	5.008643e-01	7.156731e-01	8.472637e-01
4.717737e-01	5.371386e-01	6.782514e-01	9.085892e-01
5.425397e-01	5.760384e-01	6.401831e-01	9.743516e-01
6.239207e-01	6.177537e-01	6.017469e-01	1.044875e+00
7.175088e-01	6.624893e-01	5.651722e-01	1.120524e+00
8.251351e-01	7.104647e-01	5.274830e-01	1.202199e+00
9.489054e-01	7.619125e-01	4.926710e-01	1.290660e+00
1.091241e+00	8.170842e-01	4.595661e-01	1.386502e+00
1.254927e+00	8.762493e-01	4.264125e-01	1.490441e+00
1.443166e+00	9.396968e-01	3.948635e-01	1.603289e+00
1.659641e+00	1.007737e+00	3.631724e-01	1.725982e+00
1.908588e+00	1.073303e+00	3.367687e-01	1.859619e+00
2.194876e+00	1.149072e+00	3.110052e-01	2.005506e+00
2.524107e+00	1.258427e+00	2.840614e-01	2.165215e+00
2.902723e+00	1.378291e+00	2.621834e-01	2.340669e+00
3.338132e+00	1.509478e+00	2.448369e-01	2.534254e+00
3.838852e+00	1.647042e+00	2.259223e-01	2.748968e+00
4.414679e+00	1.799758e+00	2.041706e-01	2.727571e+00
5.076881e+00	1.963071e+00	1.806413e-01	2.684374e+00
5.838413e+00	2.142077e+00	1.608113e-01	2.646667e+00
6.714175e+00	2.340067e+00	1.452116e-01	2.616597e+00
7.721302e+00	2.547404e+00	1.308943e-01	2.596485e+00
8.879497e+00	2.781529e+00	1.181968e-01	2.588789e+00
1.021142e+01	3.044876e+00	1.062179e-01	2.596247e+00
1.174313e+01	3.330455e+00	9.583170e-02	2.621791e+00
1.350460e+01	3.646697e+00	8.618431e-02	2.668532e+00
1.553030e+01	3.956528e+00	7.710161e-02	2.739780e+00
1.785984e+01	4.284421e+00	6.964315e-02	2.839025e+00
2.053882e+01	4.599618e+00	6.281932e-02	2.969940e+00
2.361964e+01	4.915469e+00	5.628672e-02	3.136408e+00
2.716258e+01	5.251823e+00	5.012759e-02	3.342609e+00
3.123697e+01	5.541944e+00	4.447510e-02	3.593132e+00
3.592252e+01	5.840973e+00	3.994711e-02	3.893306e+00
4.131089e+01	6.120746e+00	3.582111e-02	4.249432e+00
4.750753e+01	6.378099e+00	3.193811e-02	4.669207e+00
5.463366e+01	6.639906e+00	2.834049e-02	5.162171e+00
6.282871e+01	6.841049e+00	2.505569e-02	5.740209e+00
7.225301e+01	7.015276e+00	2.232814e-02	6.418183e+00
8.309096e+01	7.132639e+00	1.971111e-02	7.214605e+00
9.555461e+01	7.244907e+00	1.753003e-02	8.152496e+00
1.098878e+02	7.353725e+00	1.566603e-02	9.260497e+00
1.263710e+02	7.382971e+00	1.390750e-02	1.057429e+01
1.453266e+02	9.015186e+00	1.236204e-02	1.213726e+01
1.671256e+02	8.652621e+00	1.090131e-02	1.400539e+01
1.921945e+02	8.307468e+00	9.776693e-03	1.625557e+01
2.210236e+02	7.934828e+00	8.753320e-03	1.896524e+01
2.541772e+02	7.548999e+00	7.693331e-03	2.223981e+01
2.923037e+02	7.149956e+00	6.758988e-03	2.621605e+01
3.361493e+02	6.752102e+00	5.988722e-03	3.106605e+01
3.865717e+02	6.357850e+00	5.336937e-03	3.700178e+01
4.445574e+02	5.964558e+00	4.768535e-03	4.430469e+01
5.112411e+02	5.580650e+00	4.183380e-03	5.335655e+01
5.879272e+02	5.218160e+00	3.662433e-03	6.461259e+01
6.761163e+02	4.897387e+00	3.241421e-03	7.857761e+01
7.775337e+02	4.584427e+00	2.851126e-03	9.593203e+01
8.941638e+02	4.276263e+00	2.525176e-03	1.175969e+02
1.028288e+03	3.975484e+00	2.224261e-03	1.447570e+02
1.182532e+03	3.683667e+00	1.968707e-03	1.789391e+02
1.359911e+03	3.403230e+00	1.740732e-03	2.220950e+02
1.563898e+03	3.132841e+00	1.526312e-03	2.767532e+02
1.798483e+03	2.872989e+00	1.360615e-03	3.462348e+02
2.068255e+03	2.627551e+00	1.209782e-03	4.347748e+02
2.378493e+03	2.403336e+00	1.066037e-03	5.476528e+02
2.735268e+03	2.193224e+00	9.345865e-04	6.916045e+02
3.145558e+03	1.997628e+00	8.161298e-04	8.754504e+02
3.617391e+03	1.816394e+00	7.239565e-04	1.110443e+03
4.160000e+03	1.649331e+00	6.410850e-04	1.410947e+03
4.784000e+03	1.496627e+00	5.630824e-04	1.795215e+03
5.501600e+03	1.357545e+00	4.927978e-04	2.286350e+03
6.326840e+03	1.231426e+00	4.294724e-04	2.913510e+03
7.275866e+03	1.117905e+00	3.777390e-04	3.713309e+03
8.367246e+03	1.016153e+00	3.289053e-04	4.731476e+03
9.622333e+03	9.250759e-01	2.882023e-04	6.024832e+03
