# Energy_MeV	dEdx_Elec_MeV_um	dEdx_Nucl_MeV_um	Range_um
1.000000e-05	5.161056e-03	2.650996e-02	3.875176e-03
1.150000e-05	5.534616e-03	2.797261e-02	4.155663e-03
1.322500e-05	5.935214e-03	3.078488e-02	4.456453e-03
1.520875e-05	6.364808e-03	3.419435e-02	4.779013e-03
1.749006e-05	6.825496e-03	3.788466e-02	5.124920e-03
2.011357e-05	7.319529e-03	4.206396e-02	5.495865e-03
2.313061e-05	7.849321e-03	4.672151e-02	5.893659e-03
2.660020e-05	8.417459e-03	5.176472e-02	6.320245e-03
3.059023e-05	9.026719e-03	5.737282e-02	6.777707e-03
3.517876e-05	9.680077e-03	6.351704e-02	7.268281e-03
4.045558e-05	1.038073e-02	7.028607e-02	7.794363e-03
4.652391e-05	1.113209e-02	7.766406e-02	8.358524e-03
5.350250e-05	1.193784e-02	8.575859e-02	8.963518e-03
6.152788e-05	1.280190e-02	9.476220e-02	9.612302e-03
7.075706e-05	1.372851e-02	1.045941e-01	1.030805e-02
8.137062e-05	1.472219e-02	1.150564e-01	1.105415e-02
9.357621e-05	1.578779e-02	1.265085e-01	1.185425e-02
1.076126e-04	1.693052e-02	1.396409e-01	1.271227e-02
1.237545e-04	1.815596e-02	1.535657e-01	1.363239e-02
1.423177e-04	1.947009e-02	1.688840e-01	1.461911e-02
1.636654e-04	2.087935e-02	1.850313e-01	1.567725e-02
1.882152e-04	2.239061e-02	2.026176e-01	1.681198e-02
2.164475e-04	2.401125e-02	2.227131e-01	1.802884e-02
2.489146e-04	2.574920e-02	2.438242e-01	1.933377e-02
2.862518e-04	2.761294e-02	2.669470e-01	2.073316e-02
3.291895e-04	2.961158e-02	2.916850e-01	2.223384e-02
3.785680e-04	3.175488e-02	3.184134e-01	2.384314e-02
4.353531e-04	3.405331e-02	3.472409e-01	2.556891e-02
5.006561e-04	3.651811e-02	3.775877e-01	2.741961e-02
5.757545e-04	3.916131e-02	4.111142e-01	2.940425e-02
6.621177e-04	4.199583e-02	4.466274e-01	3.153255e-02
7.614354e-04	4.503551e-02	4.840390e-01	3.381489e-02
8.756507e-04	4.829520e-02	5.227903e-01	3.626243e-02
1.006998e-03	5.179083e-02	5.661897e-01	3.888712e-02
1.158048e-03	5.553948e-02	6.131643e-01	4.170179e-02
1.331755e-03	5.955946e-02	6.611165e-01	4.472019e-02
1.531519e-03	6.387041e-02	7.119452e-01	4.795706e-02
1.761246e-03	6.849338e-02	7.630943e-01	5.142822e-02
2.025433e-03	7.345097e-02	8.201594e-01	5.515062e-02
2.329248e-03	7.876739e-02	8.810129e-01	5.914245e-02
2.678635e-03	8.446861e-02	9.418401e-01	6.342322e-02
3.080431e-03	9.058249e-02	1.006612e+00	6.801382e-02
3.542495e-03	9.713890e-02	1.073157e+00	7.293670e-02
4.073870e-03	1.041699e-01	1.141290e+00	7.821589e-02
4.684950e-03	1.117097e-01	1.209590e+00	8.387720e-02
5.387693e-03	1.197953e-01	1.279343e+00	8.994828e-02
6.195847e-03	1.284662e-01	1.352847e+00	9.645878e-02
7.125224e-03	1.377647e-01	1.426288e+00	1.034405e-01
8.194007e-03	1.477361e-01	1.494170e+00	1.109276e-01
9.423108e-03	1.584293e-01	1.562824e+00	1.189566e-01
1.083657e-02	1.698965e-01	1.640438e+00	1.275667e-01
1.246206e-02	1.821938e-01	1.711120e+00	1.368001e-01
1.433137e-02	1.953810e-01	1.781628e+00	1.467018e-01
1.648108e-02	2.095228e-01	1.843955e+00	1.572442e-01
1.895324e-02	2.246882e-01	1.904447e+00	1.686960e-01
2.179622e-02	2.409512e-01	1.971972e+00	1.809222e-01
2.506566e-02	2.583914e-01	2.030224e+00	1.940179e-01
2.882550e-02	2.770939e-01	2.086229e+00	2.080601e-01
3.314933e-02	2.971501e-01	2.137070e+00	2.231195e-01
3.812173e-02	3.186580e-01	2.183826e+00	2.392686e-01
4.383999e-02	3.417226e-01	2.226218e+00	2.565866e-01
5.041599e-02	3.664567e-01	2.262211e+00	2.751583e-01
5.797838e-02	3.929810e-01	2.297589e+00	2.950741e-01
6.667514e-02	4.214252e-01	2.327309e+00	3.164313e-01
7.667641e-02	4.519282e-01	2.351064e+00	3.393344e-01
8.817787e-02	4.846390e-01	2.368094e+00	3.638953e-01
1.014046e-01	5.197174e-01	2.385281e+00	3.902340e-01
1.166152e-01	5.573348e-01	2.399478e+00	4.184791e-01
1.341075e-01	5.976750e-01	2.405302e+00	4.487684e-01
1.542237e-01	6.409351e-01	2.406779e+00	4.812501e-01
1.773572e-01	6.873263e-01	2.400881e+00	5.160830e-01
2.039608e-01	7.370753e-01	2.392576e+00	5.534371e-01
2.345549e-01	7.904252e-01	2.379569e+00	5.934949e-01
2.697381e-01	8.476366e-01	2.358530e+00	6.364518e-01
3.101989e-01	9.089890e-01	2.332331e+00	6.825182e-01
3.567287e-01	9.747821e-01	2.299715e+00	7.319191e-01
4.102380e-01	1.045337e+00	2.261202e+00	7.848956e-01
4.717737e-01	1.120999e+00	2.216857e+00	8.417063e-01
5.425397e-01	1.202138e+00	2.166364e+00	9.026289e-01
6.239207e-01	1.289149e+00	2.110082e+00	9.679614e-01
7.175088e-01	1.382459e+00	2.048742e+00	1.038023e+00
8.251351e-01	1.482522e+00	1.985595e+00	1.113155e+00
9.489054e-01	1.589827e+00	1.917087e+00	1.193725e+00
1.091241e+00	1.704900e+00	1.839683e+00	1.280128e+00
1.254927e+00	1.828302e+00	1.762898e+00	1.372786e+00
1.443166e+00	1.960635e+00	1.681993e+00	1.472133e+00
1.659641e+00	2.093174e+00	1.605082e+00	1.578797e+00
1.908588e+00	2.223588e+00	1.525683e+00	1.694108e+00
2.194876e+00	2.360587e+00	1.437205e+00	1.818990e+00
2.524107e+00	2.503957e+00	1.354799e+00	1.954327e+00
2.902723e+00	2.653256e+00	1.271037e+00	2.101125e+00
3.338132e+00	2.807737e+00	1.190334e+00	2.260546e+00
3.838852e+00	2.966254e+00	1.111299e+00	2.433935e+00
4.414679e+00	3.127141e+00	1.035131e+00	2.622870e+00
5.076881e+00	1.667248e+00	9.641983e-01	2.829233e+00
5.838413e+00	1.831784e+00	8.910702e-01	3.055296e+00
6.714175e+00	2.010072e+00	8.225576e-01	3.303848e+00
7.721302e+00	2.209018e+00	7.598414e-01	3.578358e+00
8.879497e+00	2.417783e+00	7.047269e-01	3.883197e+00
1.021142e+01	2.648863e+00	6.446248e-01	4.223932e+00
1.174313e+01	2.900029e+00	5.901205e-01	4.607717e+00
1.350460e+01	3.164164e+00	5.527667e-01	5.043805e+00
1.553030e+01	3.453357e+00	5.126348e-01	5.544204e+00
1.785984e+01	3.732356e+00	4.664830e-01	6.124514e+00
2.053882e+01	4.045866e+00	4.134086e-01	6.202185e+00
2.361964e+01	4.397048e+00	3.652888e-01	5.832198e+00
2.716258e+01	4.751092e+00	3.309301e-01	5.548391e+00
3.123697e+01	5.138805e+00	2.977544e-01	5.343102e+00
3.592252e+01	5.546576e+00	2.682531e-01	5.210571e+00
4.131089e+01	6.000845e+00	2.414785e-01	5.146545e+00
4.750753e+01	6.508396e+00	2.179759e-01	5.147984e+00
5.463366e+01	7.068120e+00	1.966564e-01	5.212763e+00
6.282871e+01	7.690169e+00	1.757091e-01	5.339969e+00
7.225301e+01	8.337984e+00	1.575782e-01	5.529590e+00
8.309096e+01	9.007411e+00	1.428315e-01	5.782816e+00
9.555461e+01	9.716609e+00	1.289710e-01	6.102269e+00
1.098878e+02	1.039025e+01	1.138317e-01	6.492270e+00
1.263710e+02	1.110193e+01	1.016116e-01	6.959142e+00
1.453266e+02	1.177878e+01	9.047409e-02	7.511533e+00
1.671256e+02	1.238258e+01	8.154050e-02	8.160755e+00
1.921945e+02	1.296681e+01	7.330176e-02	8.921222e+00
2.210236e+02	1.356225e+01	6.441440e-02	9.811032e+00
2.541772e+02	1.415228e+01	5.731395e-02	1.085251e+01
2.923037e+02	1.463197e+01	5.081193e-02	1.207355e+01
3.361493e+02	1.920022e+01	4.513162e-02	1.350615e+01
3.865717e+02	1.896058e+01	4.005844e-02	1.519533e+01
4.445574e+02	1.865646e+01	3.562377e-02	1.719807e+01
5.112411e+02	1.821299e+01	3.184801e-02	1.956624e+01
5.879272e+02	1.769081e+01	2.815453e-02	2.237621e+01
6.761163e+02	1.708780e+01	2.494124e-02	2.572467e+01
7.775337e+02	1.645046e+01	2.222291e-02	2.972886e+01
8.941638e+02	1.577265e+01	2.002912e-02	3.453096e+01
1.028288e+03	1.508529e+01	1.764804e-02	4.032372e+01
1.182532e+03	1.440118e+01	1.543114e-02	4.736253e+01
1.359911e+03	1.376697e+01	1.371629e-02	5.592534e+01
1.563898e+03	1.320360e+01	1.214007e-02	6.630812e+01
1.798483e+03	1.263465e+01	1.092095e-02	7.893443e+01
2.068255e+03	1.204946e+01	9.589356e-03	9.436582e+01
2.378493e+03	1.145837e+01	8.367685e-03	1.133145e+02
2.735268e+03	1.086180e+01	7.429215e-03	1.366831e+02
3.145558e+03	1.026565e+01	6.524454e-03	1.656098e+02
3.617391e+03	9.664550e+00	5.758290e-03	2.015651e+02
4.160000e+03	9.069064e+00	5.075825e-03	2.464616e+02
4.784000e+03	8.487995e+00	4.497384e-03	3.026901e+02
5.501600e+03	7.935900e+00	3.988113e-03	3.731922e+02
6.326840e+03	7.398535e+00	3.495352e-03	4.617492e+02
7.275866e+03	6.880877e+00	3.087637e-03	5.733031e+02
8.367246e+03	6.383926e+00	2.761397e-03	7.141303e+02
9.622333e+03	5.909564e+00	2.456408e-03	8.922427e+02
