# Energy_MeV	dEdx_Elec_MeV_um	dEdx_Nucl_MeV_um	Range_um
1.000000e-05	5.100090e-03	2.790307e-02	3.921500e-03
1.150000e-05	5.469237e-03	3.091777e-02	4.205340e-03
1.322500e-05	5.865103e-03	3.435805e-02	4.509725e-03
1.520875e-05	6.289623e-03	3.812973e-02	4.836141e-03
1.749006e-05	6.744869e-03	4.224999e-02	5.186183e-03
2.011357e-05	7.233066e-03	4.680614e-02	5.561562e-03
2.313061e-05	7.756599e-03	5.180154e-02	5.964111e-03
2.660020e-05	8.318026e-03	5.732933e-02	6.395796e-03
3.059023e-05	8.920089e-03	6.332465e-02	6.858727e-03
3.517876e-05	9.565730e-03	6.994906e-02	7.355166e-03
4.045558e-05	1.025810e-02	7.725688e-02	7.887536e-03
4.652391e-05	1.100059e-02	8.517882e-02	8.458440e-03
5.350250e-05	1.179682e-02	9.367686e-02	9.070667e-03
6.152788e-05	1.265068e-02	1.031038e-01	9.727206e-03
7.075706e-05	1.356634e-02	1.136937e-01	1.043127e-02
8.137062e-05	1.454828e-02	1.250363e-01	1.118629e-02
9.357621e-05	1.560129e-02	1.373822e-01	1.199596e-02
1.076126e-04	1.673052e-02	1.505012e-01	1.286423e-02
1.237545e-04	1.794149e-02	1.649777e-01	1.379535e-02
1.423177e-04	1.924010e-02	1.811438e-01	1.479387e-02
1.636654e-04	2.063271e-02	1.983189e-01	1.586465e-02
1.882152e-04	2.212611e-02	2.170067e-01	1.701294e-02
2.164475e-04	2.372761e-02	2.371816e-01	1.824435e-02
2.489146e-04	2.544503e-02	2.588532e-01	1.956489e-02
2.862518e-04	2.728676e-02	2.819813e-01	2.098100e-02
3.291895e-04	2.926179e-02	3.067296e-01	2.249962e-02
3.785680e-04	3.137977e-02	3.337566e-01	2.412815e-02
4.353531e-04	3.365105e-02	3.626808e-01	2.587456e-02
5.006561e-04	3.608673e-02	3.926362e-01	2.774738e-02
5.757545e-04	3.869871e-02	4.241081e-01	2.975575e-02
6.621177e-04	4.149975e-02	4.598332e-01	3.190948e-02
7.614354e-04	4.450352e-02	4.972924e-01	3.421911e-02
8.756507e-04	4.772471e-02	5.361612e-01	3.669591e-02
1.006998e-03	5.117905e-02	5.765573e-01	3.935198e-02
1.158048e-03	5.488341e-02	6.179329e-01	4.220029e-02
1.331755e-03	5.885590e-02	6.649072e-01	4.525477e-02
1.531519e-03	6.311592e-02	7.131673e-01	4.853034e-02
1.761246e-03	6.768429e-02	7.623290e-01	5.204299e-02
2.025433e-03	7.258331e-02	8.140683e-01	5.580989e-02
2.329248e-03	7.783693e-02	8.669286e-01	5.984944e-02
2.678635e-03	8.347081e-02	9.220247e-01	6.418137e-02
3.080431e-03	8.951247e-02	9.764063e-01	6.882685e-02
3.542495e-03	9.599143e-02	1.033025e+00	7.380857e-02
4.073870e-03	1.029393e-01	1.091316e+00	7.915088e-02
4.684950e-03	1.103901e-01	1.147990e+00	8.487986e-02
5.387693e-03	1.183802e-01	1.202264e+00	9.102351e-02
6.195847e-03	1.269487e-01	1.258778e+00	9.761184e-02
7.125224e-03	1.361373e-01	1.319170e+00	1.046770e-01
8.194007e-03	1.459910e-01	1.375467e+00	1.122536e-01
9.423108e-03	1.565579e-01	1.430000e+00	1.203786e-01
1.083657e-02	1.678896e-01	1.479397e+00	1.290917e-01
1.246206e-02	1.800416e-01	1.529192e+00	1.383656e-01
1.433137e-02	1.930731e-01	1.581107e+00	1.484338e-01
1.648108e-02	2.070478e-01	1.627091e+00	1.592049e-01
1.895324e-02	2.220340e-01	1.670644e+00	1.707277e-01
2.179622e-02	2.381050e-01	1.711116e+00	1.830846e-01
2.506566e-02	2.553391e-01	1.747639e+00	1.963363e-01
2.882550e-02	2.738207e-01	1.779616e+00	2.105468e-01
3.314933e-02	2.936400e-01	1.808221e+00	2.257860e-01
3.812173e-02	3.148938e-01	1.835273e+00	2.421282e-01
4.383999e-02	3.376860e-01	1.858625e+00	2.596534e-01
5.041599e-02	3.621279e-01	1.876142e+00	2.784470e-01
5.797838e-02	3.883389e-01	1.889134e+00	2.986008e-01
6.667514e-02	4.164471e-01	1.903282e+00	3.202133e-01
7.667641e-02	4.465897e-01	1.912864e+00	3.433903e-01
8.817787e-02	4.789141e-01	1.916614e+00	3.682448e-01
1.014046e-01	5.135782e-01	1.916319e+00	3.948983e-01
1.166152e-01	5.507512e-01	1.910707e+00	4.234809e-01
1.341075e-01	5.906149e-01	1.903870e+00	4.541323e-01
1.542237e-01	6.333639e-01	1.891855e+00	4.870024e-01
1.773572e-01	6.792071e-01	1.874016e+00	5.222518e-01
2.039608e-01	7.283685e-01	1.851952e+00	5.600523e-01
2.345549e-01	7.810882e-01	1.824747e+00	6.005887e-01
2.697381e-01	8.376238e-01	1.792985e+00	6.440594e-01
3.101989e-01	8.982514e-01	1.756602e+00	6.906766e-01
3.567287e-01	9.632673e-01	1.715069e+00	7.406680e-01
4.102380e-01	1.032989e+00	1.669384e+00	7.942775e-01
4.717737e-01	1.107757e+00	1.620499e+00	8.517672e-01
5.425397e-01	1.187938e+00	1.569227e+00	9.134184e-01
6.239207e-01	1.273921e+00	1.512834e+00	9.795321e-01
7.175088e-01	1.366128e+00	1.451433e+00	1.050431e+00
8.251351e-01	1.465009e+00	1.389465e+00	1.126462e+00
9.489054e-01	1.571047e+00	1.325900e+00	1.207994e+00
1.091241e+00	1.684761e+00	1.264227e+00	1.295426e+00
1.254927e+00	1.801386e+00	1.198868e+00	1.389226e+00
1.443166e+00	1.913801e+00	1.129716e+00	1.490525e+00
1.659641e+00	2.031957e+00	1.063839e+00	1.600238e+00
1.908588e+00	2.155694e+00	9.978402e-01	1.719112e+00
2.194876e+00	2.284666e+00	9.329920e-01	1.848033e+00
2.524107e+00	2.418274e+00	8.703546e-01	1.988011e+00
2.902723e+00	1.288273e+00	8.115315e-01	2.140209e+00
3.338132e+00	1.372269e+00	7.545460e-01	2.305997e+00
3.838852e+00	1.471542e+00	6.973079e-01	2.487000e+00
4.414679e+00	1.613916e+00	6.424881e-01	2.685176e+00
5.076881e+00	1.770389e+00	5.942508e-01	2.902922e+00
5.838413e+00	1.943321e+00	5.505750e-01	3.143212e+00
6.714175e+00	2.125271e+00	5.011007e-01	3.409788e+00
7.721302e+00	2.327157e+00	4.618298e-01	3.707410e+00
8.879497e+00	2.542037e+00	4.331033e-01	4.042180e+00
1.021142e+01	2.771014e+00	4.000679e-01	4.421989e+00
1.174313e+01	3.020510e+00	3.620771e-01	4.786542e+00
1.350460e+01	3.260534e+00	3.183877e-01	4.549680e+00
1.553030e+01	3.530192e+00	2.839393e-01	4.355996e+00
1.785984e+01	3.832390e+00	2.568215e-01	4.204949e+00
2.053882e+01	4.154737e+00	2.312773e-01	4.096428e+00
2.361964e+01	4.510404e+00	2.088945e-01	4.030718e+00
2.716258e+01	4.895482e+00	1.875962e-01	4.008455e+00
3.123697e+01	5.324941e+00	1.696768e-01	4.030488e+00
3.592252e+01	5.792123e+00	1.523040e-01	4.098107e+00
4.131089e+01	6.290763e+00	1.363653e-01	4.212810e+00
4.750753e+01	6.840931e+00	1.228610e-01	4.376446e+00
5.463366e+01	7.366830e+00	1.112894e-01	4.591374e+00
6.282871e+01	7.917978e+00	9.987986e-02	4.860696e+00
7.225301e+01	8.467357e+00	8.840615e-02	5.188552e+00
8.309096e+01	8.996344e+00	7.887173e-02	5.580449e+00
9.555461e+01	9.552242e+00	7.043665e-02	6.043627e+00
1.098878e+02	1.004259e+01	6.347551e-02	6.587384e+00
1.263710e+02	1.049765e+01	5.669362e-02	7.223682e+00
1.453266e+02	1.088554e+01	4.997486e-02	7.967458e+00
1.671256e+02	1.128113e+01	4.444499e-02	8.837312e+00
1.921945e+02	1.168676e+01	3.943427e-02	9.856247e+00
2.210236e+02	1.195629e+01	3.494026e-02	1.105277e+01
2.541772e+02	1.562537e+01	3.099401e-02	1.246072e+01
2.923037e+02	1.527726e+01	2.767172e-02	1.412441e+01
3.361493e+02	1.492483e+01	2.467558e-02	1.610449e+01
3.865717e+02	1.447989e+01	2.183272e-02	1.845715e+01
4.445574e+02	1.398161e+01	1.929212e-02	2.126130e+01
5.112411e+02	1.343043e+01	1.724137e-02	2.461852e+01
5.879272e+02	1.285907e+01	1.552808e-02	2.865437e+01
6.761163e+02	1.227002e+01	1.356853e-02	3.352063e+01
7.775337e+02	1.167257e+01	1.195343e-02	3.941948e+01
8.941638e+02	1.108258e+01	1.058344e-02	4.662432e+01
1.028288e+03	1.052177e+01	9.413972e-03	5.544828e+01
1.182532e+03	1.003016e+01	8.460814e-03	6.622353e+01
1.359911e+03	9.541816e+00	7.377642e-03	7.940668e+01
1.563898e+03	9.045974e+00	6.488444e-03	9.561594e+01
1.798483e+03	8.549036e+00	5.727696e-03	1.156387e+02
2.068255e+03	8.053127e+00	5.045558e-03	1.404805e+02
2.378493e+03	7.563863e+00	4.463936e-03	1.714145e+02
2.735268e+03	7.076343e+00	3.928694e-03	2.100827e+02
3.145558e+03	6.592553e+00	3.491195e-03	2.586347e+02
3.617391e+03	6.124487e+00	3.074290e-03	3.197875e+02
4.160000e+03	5.689553e+00	2.704617e-03	3.969016e+02
4.784000e+03	5.270564e+00	2.399825e-03	4.942647e+02
5.501600e+03	4.869238e+00	2.144992e-03	6.175027e+02
6.326840e+03	4.487804e+00	1.893933e-03	7.737852e+02
7.275866e+03	4.127788e+00	1.647567e-03	9.722736e+02
8.367246e+03	3.790881e+00	1.448680e-03	1.224626e+03
9.622333e+03	3.476495e+00	1.276158e-03	1.545628e+03
