# Energy_MeV	dEdx_Elec_MeV_um	dEdx_Nucl_MeV_um	Range_um
1.000000e-05	5.469745e-03	2.687425e-02	3.656478e-03
1.150000e-05	5.865648e-03	2.925749e-02	3.921136e-03
1.322500e-05	6.290207e-03	3.251498e-02	4.204949e-03
1.520875e-05	6.745495e-03	3.603904e-02	4.509306e-03
1.749006e-05	7.233737e-03	3.996987e-02	4.835692e-03
2.011357e-05	7.757319e-03	4.441966e-02	5.185702e-03
2.313061e-05	8.318798e-03	4.923580e-02	5.561046e-03
2.660020e-05	8.920917e-03	5.457772e-02	5.963557e-03
3.059023e-05	9.566618e-03	6.042722e-02	6.395202e-03
3.517876e-05	1.025905e-02	6.686837e-02	6.858091e-03
4.045558e-05	1.100161e-02	7.393520e-02	7.354483e-03
4.652391e-05	1.179791e-02	8.163953e-02	7.886804e-03
5.350250e-05	1.265185e-02	9.022315e-02	8.457655e-03
6.152788e-05	1.356760e-02	9.959175e-02	9.069825e-03
7.075706e-05	1.454963e-02	1.096830e-01	9.726303e-03
8.137062e-05	1.560274e-02	1.205580e-01	1.043030e-02
9.357621e-05	1.673207e-02	1.329449e-01	1.118525e-02
1.076126e-04	1.794315e-02	1.464520e-01	1.199484e-02
1.237545e-04	1.924189e-02	1.609310e-01	1.286304e-02
1.423177e-04	2.063462e-02	1.766292e-01	1.379407e-02
1.636654e-04	2.212817e-02	1.933223e-01	1.479249e-02
1.882152e-04	2.372982e-02	2.123442e-01	1.586318e-02
2.164475e-04	2.544739e-02	2.328931e-01	1.701137e-02
2.489146e-04	2.728929e-02	2.547368e-01	1.824266e-02
2.862518e-04	2.926450e-02	2.786510e-01	1.956307e-02
3.291895e-04	3.138268e-02	3.042961e-01	2.097906e-02
3.785680e-04	3.365418e-02	3.320074e-01	2.249753e-02
4.353531e-04	3.609009e-02	3.613405e-01	2.412591e-02
5.006561e-04	3.870230e-02	3.930267e-01	2.587216e-02
5.757545e-04	4.150360e-02	4.274854e-01	2.774480e-02
6.621177e-04	4.450765e-02	4.637500e-01	2.975298e-02
7.614354e-04	4.772914e-02	5.011829e-01	3.190652e-02
8.756507e-04	5.118380e-02	5.420021e-01	3.421593e-02
1.006998e-03	5.488851e-02	5.875253e-01	3.669250e-02
1.158048e-03	5.886137e-02	6.340387e-01	3.934832e-02
1.331755e-03	6.312178e-02	6.834558e-01	4.219637e-02
1.531519e-03	6.769057e-02	7.332548e-01	4.525057e-02
1.761246e-03	7.259005e-02	7.869271e-01	4.852583e-02
2.025433e-03	7.784416e-02	8.461898e-01	5.203816e-02
2.329248e-03	8.347856e-02	9.055386e-01	5.580471e-02
2.678635e-03	8.952078e-02	9.682134e-01	5.984388e-02
3.080431e-03	9.600034e-02	1.032647e+00	6.417541e-02
3.542495e-03	1.029489e-01	1.099050e+00	6.882046e-02
4.073870e-03	1.104004e-01	1.166133e+00	7.380172e-02
4.684950e-03	1.183912e-01	1.233800e+00	7.914353e-02
5.387693e-03	1.269605e-01	1.305387e+00	8.487198e-02
6.195847e-03	1.361499e-01	1.377047e+00	9.101506e-02
7.125224e-03	1.460045e-01	1.446000e+00	9.760278e-02
8.194007e-03	1.565724e-01	1.511970e+00	1.046673e-01
9.423108e-03	1.679052e-01	1.586228e+00	1.122432e-01
1.083657e-02	1.800583e-01	1.659140e+00	1.203674e-01
1.246206e-02	1.930910e-01	1.726382e+00	1.290797e-01
1.433137e-02	2.070670e-01	1.791544e+00	1.383528e-01
1.648108e-02	2.220546e-01	1.849686e+00	1.484199e-01
1.895324e-02	2.381271e-01	1.915115e+00	1.591901e-01
2.179622e-02	2.553628e-01	1.976546e+00	1.707118e-01
2.506566e-02	2.738461e-01	2.029956e+00	1.830676e-01
2.882550e-02	2.936672e-01	2.082482e+00	1.963180e-01
3.314933e-02	3.149230e-01	2.129177e+00	2.105273e-01
3.812173e-02	3.377173e-01	2.172670e+00	2.257650e-01
4.383999e-02	3.621615e-01	2.209678e+00	2.421057e-01
5.041599e-02	3.883749e-01	2.243887e+00	2.596293e-01
5.797838e-02	4.164857e-01	2.275626e+00	2.784211e-01
6.667514e-02	4.466312e-01	2.300352e+00	2.985731e-01
7.667641e-02	4.789586e-01	2.318753e+00	3.201836e-01
8.817787e-02	5.136259e-01	2.334918e+00	3.433584e-01
1.014046e-01	5.508024e-01	2.350598e+00	3.682106e-01
1.166152e-01	5.906697e-01	2.358531e+00	3.948617e-01
1.341075e-01	6.334227e-01	2.361599e+00	4.234416e-01
1.542237e-01	6.792702e-01	2.357818e+00	4.540901e-01
1.773572e-01	7.284361e-01	2.350006e+00	4.869572e-01
2.039608e-01	7.811607e-01	2.339123e+00	5.222033e-01
2.345549e-01	8.377015e-01	2.320761e+00	5.600003e-01
2.697381e-01	8.983348e-01	2.296671e+00	6.005330e-01
3.101989e-01	9.633568e-01	2.266574e+00	6.439996e-01
3.567287e-01	1.033085e+00	2.230557e+00	6.906125e-01
4.102380e-01	1.107860e+00	2.188787e+00	7.405992e-01
4.717737e-01	1.188048e+00	2.141177e+00	7.942037e-01
5.425397e-01	1.274039e+00	2.087541e+00	8.516881e-01
6.239207e-01	1.366255e+00	2.028895e+00	9.133336e-01
7.175088e-01	1.465145e+00	1.967074e+00	9.794411e-01
8.251351e-01	1.571193e+00	1.902221e+00	1.050333e+00
9.489054e-01	1.684917e+00	1.828121e+00	1.126357e+00
1.091241e+00	1.806872e+00	1.751800e+00	1.207882e+00
1.254927e+00	1.937655e+00	1.674717e+00	1.295306e+00
1.443166e+00	2.071826e+00	1.596787e+00	1.389097e+00
1.659641e+00	2.201120e+00	1.521592e+00	1.490384e+00
1.908588e+00	2.337018e+00	1.435712e+00	1.600084e+00
2.194876e+00	2.479337e+00	1.352307e+00	1.718945e+00
2.524107e+00	2.627678e+00	1.272082e+00	1.847851e+00
2.902723e+00	2.781353e+00	1.190787e+00	1.987811e+00
3.338132e+00	2.939290e+00	1.113698e+00	2.139991e+00
3.838852e+00	3.099920e+00	1.036868e+00	2.305758e+00
4.414679e+00	1.641641e+00	9.663402e-01	2.486736e+00
5.076881e+00	1.802341e+00	8.956314e-01	2.684885e+00
5.838413e+00	1.978981e+00	8.262302e-01	2.902598e+00
6.714175e+00	2.174161e+00	7.634829e-01	3.142850e+00
7.721302e+00	2.380441e+00	7.076869e-01	3.409381e+00
8.879497e+00	2.609801e+00	6.511580e-01	3.706948e+00
1.021142e+01	2.855113e+00	5.942713e-01	4.041651e+00
1.174313e+01	3.118298e+00	5.531919e-01	4.421375e+00
1.350460e+01	3.406410e+00	5.154459e-01	4.856350e+00
1.553030e+01	3.682478e+00	4.720380e-01	5.359866e+00
1.785984e+01	3.991277e+00	4.221190e-01	5.585633e+00
2.053882e+01	4.334269e+00	3.721939e-01	5.242465e+00
2.361964e+01	4.689760e+00	3.349338e-01	4.977375e+00
2.716258e+01	5.075123e+00	3.018655e-01	4.783209e+00
3.123697e+01	5.473684e+00	2.719183e-01	4.654583e+00
3.592252e+01	5.921954e+00	2.446169e-01	4.587507e+00
4.131089e+01	6.417673e+00	2.209134e-01	4.579104e+00
4.750753e+01	6.968687e+00	1.995111e-01	4.627351e+00
5.463366e+01	7.589484e+00	1.785753e-01	4.731254e+00
6.282871e+01	8.222198e+00	1.598336e-01	4.890658e+00
7.225301e+01	8.897191e+00	1.440282e-01	5.106428e+00
8.309096e+01	9.589859e+00	1.308493e-01	5.380668e+00
9.555461e+01	1.027179e+01	1.158573e-01	5.716952e+00
1.098878e+02	1.099675e+01	1.028180e-01	6.120588e+00
1.263710e+02	1.165782e+01	9.195686e-02	6.598905e+00
1.453266e+02	1.229179e+01	8.223052e-02	7.161563e+00
1.671256e+02	1.286241e+01	7.448160e-02	7.820862e+00
1.921945e+02	1.345608e+01	6.557034e-02	8.592355e+00
2.210236e+02	1.407774e+01	5.805908e-02	9.495254e+00
2.541772e+02	1.454625e+01	5.170811e-02	1.055339e+01
2.923037e+02	1.926325e+01	4.580608e-02	1.179486e+01
3.361493e+02	1.900192e+01	4.077971e-02	1.325659e+01
3.865717e+02	1.871932e+01	3.610781e-02	1.498954e+01
4.445574e+02	1.829601e+01	3.229464e-02	1.703882e+01
5.112411e+02	1.778695e+01	2.865230e-02	1.946876e+01
5.879272e+02	1.719299e+01	2.533984e-02	2.236215e+01
6.761163e+02	1.655888e+01	2.257658e-02	2.582058e+01
7.775337e+02	1.588765e+01	2.029529e-02	2.996567e+01
8.941638e+02	1.520004e+01	1.805578e-02	3.495957e+01
1.028288e+03	1.451690e+01	1.578497e-02	4.102175e+01
1.182532e+03	1.386369e+01	1.397522e-02	4.839922e+01
1.359911e+03	1.329752e+01	1.236098e-02	5.734730e+01
1.563898e+03	1.273187e+01	1.107509e-02	6.821974e+01
1.798483e+03	1.214927e+01	9.822665e-03	8.149692e+01
2.068255e+03	1.155880e+01	8.569640e-03	9.778741e+01
2.378493e+03	1.096249e+01	7.576533e-03	1.178643e+02
2.735268e+03	1.036589e+01	6.667728e-03	1.427011e+02
3.145558e+03	9.766089e+00	5.872511e-03	1.735486e+02
3.617391e+03	9.168864e+00	5.169547e-03	2.120403e+02
4.160000e+03	8.582081e+00	4.587322e-03	2.602305e+02
4.784000e+03	8.028167e+00	4.071272e-03	3.206445e+02
5.501600e+03	7.487873e+00	3.575825e-03	3.964969e+02
6.326840e+03	6.966780e+00	3.143949e-03	4.920053e+02
7.275866e+03	6.466331e+00	2.791794e-03	6.125347e+02
8.367246e+03	5.987822e+00	2.504937e-03	7.649326e+02
9.622333e+03	5.534040e+00	2.175051e-03	9.579072e+02
