# Energy_MeV	dEdx_Elec_MeV_um	dEdx_Nucl_MeV_um	Range_um
1.000000e-05	5.095533e-03	3.263065e-02	3.925007e-03
1.150000e-05	5.464350e-03	3.611610e-02	4.209101e-03
1.322500e-05	5.859863e-03	3.987642e-02	4.513758e-03
1.520875e-05	6.284003e-03	4.407246e-02	4.840466e-03
1.749006e-05	6.738842e-03	4.865027e-02	5.190821e-03
2.011357e-05	7.226603e-03	5.367858e-02	5.566536e-03
2.313061e-05	7.749668e-03	5.908143e-02	5.969444e-03
2.660020e-05	8.310594e-03	6.499282e-02	6.401516e-03
3.059023e-05	8.912119e-03	7.163445e-02	6.864861e-03
3.517876e-05	9.557183e-03	7.886234e-02	7.361743e-03
4.045558e-05	1.024894e-02	8.660729e-02	7.894590e-03
4.652391e-05	1.099076e-02	9.498093e-02	8.466005e-03
5.350250e-05	1.178628e-02	1.040531e-01	9.078779e-03
6.152788e-05	1.263937e-02	1.141917e-01	9.735906e-03
7.075706e-05	1.355422e-02	1.251598e-01	1.044060e-02
8.137062e-05	1.453528e-02	1.368798e-01	1.119629e-02
9.357621e-05	1.558735e-02	1.497107e-01	1.200668e-02
1.076126e-04	1.671557e-02	1.632891e-01	1.287574e-02
1.237545e-04	1.792545e-02	1.779763e-01	1.380769e-02
1.423177e-04	9.626536e-03	1.937224e-01	1.480710e-02
1.636654e-04	1.034851e-02	2.106721e-01	1.587884e-02
1.882152e-04	1.112268e-02	2.291090e-01	1.702816e-02
2.164475e-04	1.195284e-02	2.478714e-01	1.826067e-02
2.489146e-04	1.284303e-02	2.680696e-01	1.958238e-02
2.862518e-04	1.379760e-02	2.904579e-01	2.099977e-02
3.291895e-04	1.482123e-02	3.139083e-01	2.251974e-02
3.785680e-04	1.591890e-02	3.389564e-01	2.414973e-02
4.353531e-04	1.709599e-02	3.642496e-01	2.589770e-02
5.006561e-04	1.835824e-02	3.909987e-01	2.777219e-02
5.757545e-04	1.971182e-02	4.204366e-01	2.978236e-02
6.621177e-04	2.116334e-02	4.506368e-01	3.193802e-02
7.614354e-04	2.271990e-02	4.824952e-01	3.424971e-02
8.756507e-04	2.438909e-02	5.148895e-01	3.672872e-02
1.006998e-03	2.617908e-02	5.489574e-01	3.938717e-02
1.158048e-03	2.809860e-02	5.842104e-01	4.223803e-02
1.331755e-03	3.015705e-02	6.182962e-01	4.529524e-02
1.531519e-03	3.236446e-02	6.547503e-01	4.857374e-02
1.761246e-03	3.473163e-02	6.912309e-01	5.208953e-02
2.025433e-03	3.727011e-02	7.280897e-01	5.585980e-02
2.329248e-03	3.999232e-02	7.635974e-01	5.990296e-02
2.678635e-03	4.291155e-02	7.990136e-01	6.423877e-02
3.080431e-03	4.604207e-02	8.369281e-01	6.888840e-02
3.542495e-03	4.939915e-02	8.741158e-01	7.387458e-02
4.073870e-03	5.299922e-02	9.083750e-01	7.922166e-02
4.684950e-03	5.685984e-02	9.412339e-01	8.495577e-02
5.387693e-03	6.099989e-02	9.724394e-01	9.110491e-02
6.195847e-03	6.543959e-02	1.005032e+00	9.769914e-02
7.125224e-03	7.020063e-02	1.035859e+00	1.047707e-01
8.194007e-03	7.530627e-02	1.063206e+00	1.123397e-01
9.423108e-03	8.078145e-02	1.089957e+00	1.204905e-01
1.083657e-02	8.665292e-02	1.112820e+00	1.292093e-01
1.246206e-02	9.294936e-02	1.133995e+00	1.385623e-01
1.433137e-02	9.970153e-02	1.152978e+00	1.485912e-01
1.648108e-02	1.069424e-01	1.169967e+00	1.593461e-01
1.895324e-02	1.147074e-01	1.185733e+00	1.708795e-01
2.179622e-02	1.230344e-01	1.196678e+00	1.832476e-01
2.506566e-02	1.319642e-01	1.205976e+00	1.965109e-01
2.882550e-02	1.415402e-01	1.214842e+00	2.107342e-01
3.314933e-02	1.518094e-01	1.220795e+00	2.259871e-01
3.812173e-02	1.628219e-01	1.224353e+00	2.423440e-01
4.383999e-02	1.746314e-01	1.224138e+00	2.598847e-01
5.041599e-02	1.872957e-01	1.221483e+00	2.786950e-01
5.797838e-02	2.008767e-01	1.217198e+00	2.988669e-01
6.667514e-02	2.154407e-01	1.209686e+00	3.204989e-01
7.667641e-02	2.310588e-01	1.199160e+00	3.436966e-01
8.817787e-02	2.478073e-01	1.185322e+00	3.685732e-01
1.014046e-01	2.657682e-01	1.168560e+00	3.952504e-01
1.166152e-01	2.850290e-01	1.148714e+00	4.238587e-01
1.341075e-01	3.056840e-01	1.125905e+00	4.545377e-01
1.542237e-01	3.278339e-01	1.099830e+00	4.874371e-01
1.773572e-01	3.515871e-01	1.071211e+00	5.227177e-01
2.039608e-01	3.770595e-01	1.040186e+00	5.605521e-01
2.345549e-01	4.043757e-01	1.007347e+00	6.011251e-01
2.697381e-01	4.336690e-01	9.720061e-01	6.446347e-01
3.101989e-01	4.650826e-01	9.334921e-01	6.912934e-01
3.567287e-01	4.987699e-01	8.933886e-01	7.413291e-01
4.102380e-01	5.348955e-01	8.534930e-01	7.949868e-01
4.717737e-01	5.736359e-01	8.131905e-01	8.525287e-01
5.425397e-01	6.151804e-01	7.722311e-01	9.142332e-01
6.239207e-01	6.597318e-01	7.288513e-01	9.804121e-01
7.175088e-01	7.075079e-01	6.855426e-01	1.051355e+00
8.251351e-01	7.587451e-01	6.441334e-01	1.127775e+00
9.489054e-01	8.136909e-01	6.018790e-01	1.210534e+00
1.091241e+00	8.726136e-01	5.626665e-01	1.300168e+00
1.254927e+00	9.358013e-01	5.244043e-01	1.397351e+00
1.443166e+00	1.003562e+00	4.872245e-01	1.502822e+00
1.659641e+00	1.076228e+00	4.513151e-01	1.617441e+00
1.908588e+00	1.148275e+00	4.153355e-01	1.742211e+00
2.194876e+00	1.222579e+00	3.851753e-01	1.878315e+00
2.524107e+00	1.330864e+00	3.558709e-01	2.027177e+00
2.902723e+00	1.458119e+00	3.248662e-01	2.190526e+00
3.338132e+00	1.593071e+00	3.000975e-01	2.370501e+00
3.838852e+00	1.738924e+00	2.794590e-01	2.569778e+00
4.414679e+00	1.897918e+00	2.587562e-01	2.791748e+00
5.076881e+00	2.064097e+00	2.349481e-01	2.812937e+00
5.838413e+00	2.248177e+00	2.075687e-01	2.747808e+00
6.714175e+00	2.443711e+00	1.855475e-01	2.691617e+00
7.721302e+00	2.653603e+00	1.666649e-01	2.646436e+00
8.879497e+00	2.883928e+00	1.506571e-01	2.614464e+00
1.021142e+01	3.142403e+00	1.356777e-01	2.598039e+00
1.174313e+01	3.432043e+00	1.216578e-01	2.599559e+00
1.350460e+01	3.746864e+00	1.102797e-01	2.621762e+00
1.553030e+01	4.080445e+00	9.895988e-02	2.667411e+00
1.785984e+01	4.447422e+00	8.889208e-02	2.739422e+00
2.053882e+01	4.786039e+00	7.987469e-02	2.840844e+00
2.361964e+01	5.150030e+00	7.204891e-02	2.974871e+00
2.716258e+01	5.519204e+00	6.489872e-02	3.144905e+00
3.123697e+01	5.869804e+00	5.769747e-02	3.354678e+00
3.592252e+01	6.234086e+00	5.117813e-02	3.608431e+00
4.131089e+01	6.549518e+00	4.588038e-02	3.911194e+00
4.750753e+01	6.871798e+00	4.111662e-02	4.269127e+00
5.463366e+01	7.180862e+00	3.686653e-02	4.689863e+00
6.282871e+01	7.445206e+00	3.265144e-02	5.182954e+00
7.225301e+01	7.701181e+00	2.885593e-02	5.760337e+00
8.309096e+01	7.850422e+00	2.571153e-02	6.436922e+00
9.555461e+01	8.005717e+00	2.270747e-02	7.231247e+00
1.098878e+02	8.164656e+00	2.023931e-02	8.166346e+00
1.263710e+02	8.239407e+00	1.802512e-02	9.270659e+00
1.453266e+02	1.048867e+01	1.602899e-02	1.057968e+01
1.671256e+02	1.007313e+01	1.424561e-02	1.213584e+01
1.921945e+02	9.730949e+00	1.254448e-02	1.400114e+01
2.210236e+02	9.346195e+00	1.126392e-02	1.624043e+01
2.541772e+02	8.937527e+00	1.008310e-02	1.893296e+01
2.923037e+02	8.505368e+00	8.854780e-03	2.218564e+01
3.361493e+02	8.067133e+00	7.822899e-03	2.613398e+01
3.865717e+02	7.631339e+00	6.891969e-03	3.094307e+01
4.445574e+02	7.191762e+00	6.157149e-03	3.682616e+01
5.112411e+02	6.760478e+00	5.496306e-03	4.407566e+01
5.879272e+02	6.338291e+00	4.813275e-03	5.305585e+01
6.761163e+02	5.972919e+00	4.242260e-03	6.416414e+01
7.775337e+02	5.621107e+00	3.731718e-03	7.790078e+01
8.941638e+02	5.271269e+00	3.299651e-03	9.496379e+01
1.028288e+03	4.925881e+00	2.910362e-03	1.162530e+02
1.182532e+03	4.588003e+00	2.555445e-03	1.429274e+02
1.359911e+03	4.260121e+00	2.274275e-03	1.764672e+02
1.563898e+03	3.942886e+00	2.002623e-03	2.187757e+02
1.798483e+03	3.633315e+00	1.767680e-03	2.723517e+02
2.068255e+03	3.337833e+00	1.564977e-03	3.404144e+02
2.378493e+03	3.064160e+00	1.391226e-03	4.269867e+02
2.735268e+03	2.808435e+00	1.233892e-03	5.371350e+02
3.145558e+03	2.568420e+00	1.079341e-03	6.774925e+02
3.617391e+03	2.343829e+00	9.419863e-04	8.565868e+02
4.160000e+03	2.134539e+00	8.336831e-04	1.085296e+03
4.784000e+03	1.942190e+00	7.376131e-04	1.377476e+03
5.501600e+03	1.766225e+00	6.522361e-04	1.750696e+03
6.326840e+03	1.605180e+00	5.695257e-04	2.227164e+03
7.275866e+03	1.459175e+00	4.960508e-04	2.834838e+03
8.367246e+03	1.328056e+00	4.362562e-04	3.608708e+03
9.622333e+03	1.210200e+00	3.795423e-04	4.592347e+03
