# Energy_MeV	dEdx_Elec_MeV_um	dEdx_Nucl_MeV_um	Range_um
1.000000e-05	5.263019e-03	2.974751e-02	3.800100e-03
1.150000e-05	5.643959e-03	3.303128e-02	4.075153e-03
1.322500e-05	6.052472e-03	3.662159e-02	4.370115e-03
1.520875e-05	6.490553e-03	4.057517e-02	4.686426e-03
1.749006e-05	6.960343e-03	4.493970e-02	5.025632e-03
2.011357e-05	7.464136e-03	4.972283e-02	5.389390e-03
2.313061e-05	8.004394e-03	5.494167e-02	5.779477e-03
2.660020e-05	8.583757e-03	6.069114e-02	6.197799e-03
3.059023e-05	9.205054e-03	6.703846e-02	6.646399e-03
3.517876e-05	9.871320e-03	7.402709e-02	7.127469e-03
4.045558e-05	1.058581e-02	8.145868e-02	7.643359e-03
4.652391e-05	1.135202e-02	8.956565e-02	8.196589e-03
5.350250e-05	1.217368e-02	9.883631e-02	8.789862e-03
6.152788e-05	1.305482e-02	1.087733e-01	9.426077e-03
7.075706e-05	1.399974e-02	1.195640e-01	1.010834e-02
8.137062e-05	1.501304e-02	1.310844e-01	1.083999e-02
9.357621e-05	1.609970e-02	1.435166e-01	1.162459e-02
1.076126e-04	1.726500e-02	1.577049e-01	1.246599e-02
1.237545e-04	1.851465e-02	1.727951e-01	1.336828e-02
1.423177e-04	1.985475e-02	1.891064e-01	1.433589e-02
1.636654e-04	2.129185e-02	2.067259e-01	1.537352e-02
1.882152e-04	2.283296e-02	2.255890e-01	1.648627e-02
2.164475e-04	2.448563e-02	2.461297e-01	1.767955e-02
2.489146e-04	2.625791e-02	2.677599e-01	1.895921e-02
2.862518e-04	2.815847e-02	2.914271e-01	2.033149e-02
3.291895e-04	3.019659e-02	3.167757e-01	2.180309e-02
3.785680e-04	3.238224e-02	3.431743e-01	2.338121e-02
4.353531e-04	3.472608e-02	3.709774e-01	2.507355e-02
5.006561e-04	3.723958e-02	4.015495e-01	2.688839e-02
5.757545e-04	3.993500e-02	4.346939e-01	2.883459e-02
6.621177e-04	4.282551e-02	4.692055e-01	3.092165e-02
7.614354e-04	4.592525e-02	5.050825e-01	3.315977e-02
8.756507e-04	4.924934e-02	5.419849e-01	3.555990e-02
1.006998e-03	5.281403e-02	5.821836e-01	3.813374e-02
1.158048e-03	5.663674e-02	6.251261e-01	4.089388e-02
1.331755e-03	6.073614e-02	6.690890e-01	4.385380e-02
1.531519e-03	6.513225e-02	7.147890e-01	4.702796e-02
1.761246e-03	6.984656e-02	7.626208e-01	5.043187e-02
2.025433e-03	7.490209e-02	8.112083e-01	5.408216e-02
2.329248e-03	8.032354e-02	8.597132e-01	5.799665e-02
2.678635e-03	8.613740e-02	9.099289e-01	6.219448e-02
3.080431e-03	9.237207e-02	9.618017e-01	6.669615e-02
3.542495e-03	9.905801e-02	1.014880e+00	7.152365e-02
4.073870e-03	1.062279e-01	1.064197e+00	7.670057e-02
4.684950e-03	1.139167e-01	1.112918e+00	8.225220e-02
5.387693e-03	1.221621e-01	1.167890e+00	8.820566e-02
6.195847e-03	1.310042e-01	1.219718e+00	9.459003e-02
7.125224e-03	1.404864e-01	1.269702e+00	1.014365e-01
8.194007e-03	1.506549e-01	1.315567e+00	1.087785e-01
9.423108e-03	1.615593e-01	1.358253e+00	1.166520e-01
1.083657e-02	1.732531e-01	1.406120e+00	1.250420e-01
1.246206e-02	1.857932e-01	1.449299e+00	1.341464e-01
1.433137e-02	1.992410e-01	1.488972e+00	1.438624e-01
1.648108e-02	2.136622e-01	1.526268e+00	1.542761e-01
1.895324e-02	2.291272e-01	1.559307e+00	1.654420e-01
2.179622e-02	2.457116e-01	1.590502e+00	1.774166e-01
2.506566e-02	2.634963e-01	1.616984e+00	1.902578e-01
2.882550e-02	2.825683e-01	1.642078e+00	2.040285e-01
3.314933e-02	3.030207e-01	1.664221e+00	2.187960e-01
3.812173e-02	3.249535e-01	1.681055e+00	2.346323e-01
4.383999e-02	3.484738e-01	1.694280e+00	2.516148e-01
5.041599e-02	3.736966e-01	1.706387e+00	2.698265e-01
5.797838e-02	4.007449e-01	1.716473e+00	2.893565e-01
6.667514e-02	4.297510e-01	1.721856e+00	3.103001e-01
7.667641e-02	4.608566e-01	1.722965e+00	3.327595e-01
8.817787e-02	4.942137e-01	1.719726e+00	3.568445e-01
1.014046e-01	5.299851e-01	1.713875e+00	3.826728e-01
1.166152e-01	5.683457e-01	1.704758e+00	4.103707e-01
1.341075e-01	6.094829e-01	1.690684e+00	4.400734e-01
1.542237e-01	6.535976e-01	1.672250e+00	4.719258e-01
1.773572e-01	7.009054e-01	1.649576e+00	5.060837e-01
2.039608e-01	7.516373e-01	1.622508e+00	5.427141e-01
2.345549e-01	8.060412e-01	1.591278e+00	5.819959e-01
2.697381e-01	8.643828e-01	1.555647e+00	6.241208e-01
3.101989e-01	9.269473e-01	1.515975e+00	6.692946e-01
3.567287e-01	9.940403e-01	1.472261e+00	7.177382e-01
4.102380e-01	1.065989e+00	1.427021e+00	7.696884e-01
4.717737e-01	1.143146e+00	1.378762e+00	8.253987e-01
5.425397e-01	1.225888e+00	1.324049e+00	8.851412e-01
6.239207e-01	1.314618e+00	1.268604e+00	9.492076e-01
7.175088e-01	1.409771e+00	1.211352e+00	1.017911e+00
8.251351e-01	1.511811e+00	1.155407e+00	1.091591e+00
9.489054e-01	1.621237e+00	1.099475e+00	1.170584e+00
1.091241e+00	1.729762e+00	1.036864e+00	1.255427e+00
1.254927e+00	1.837461e+00	9.766544e-01	1.347182e+00
1.443166e+00	1.950574e+00	9.174064e-01	1.446550e+00
1.659641e+00	1.039897e+00	8.588318e-01	1.554245e+00
1.908588e+00	1.115193e+00	8.030411e-01	1.671067e+00
2.194876e+00	1.195938e+00	7.477272e-01	1.797948e+00
2.524107e+00	1.281815e+00	6.961940e-01	1.935960e+00
2.902723e+00	1.363944e+00	6.444468e-01	2.086369e+00
3.338132e+00	1.471301e+00	5.944499e-01	2.250680e+00
3.838852e+00	1.614948e+00	5.501200e-01	2.430718e+00
4.414679e+00	1.769249e+00	5.092422e-01	2.628720e+00
5.076881e+00	1.940914e+00	4.669041e-01	2.847474e+00
5.838413e+00	2.120652e+00	4.283261e-01	3.090497e+00
6.714175e+00	2.317281e+00	3.988929e-01	3.362266e+00
7.721302e+00	2.531003e+00	3.706225e-01	3.668543e+00
8.879497e+00	2.750955e+00	3.381116e-01	4.016778e+00
1.021142e+01	2.990470e+00	3.007239e-01	3.844225e+00
1.174313e+01	3.228246e+00	2.666889e-01	3.694673e+00
1.350460e+01	3.497017e+00	2.398794e-01	3.575205e+00
1.553030e+01	3.801546e+00	2.164459e-01	3.486769e+00
1.785984e+01	4.122304e+00	1.945316e-01	3.430528e+00
2.053882e+01	4.481602e+00	1.750080e-01	3.407846e+00
2.361964e+01	4.876292e+00	1.584182e-01	3.420197e+00
2.716258e+01	5.301159e+00	1.426849e-01	3.469372e+00
3.123697e+01	5.767341e+00	1.278908e-01	3.557256e+00
3.592252e+01	6.242768e+00	1.143423e-01	3.685927e+00
4.131089e+01	6.753377e+00	1.033411e-01	3.857757e+00
4.750753e+01	7.256347e+00	9.357723e-02	4.075578e+00
5.463366e+01	7.751445e+00	8.283700e-02	4.342916e+00
6.282871e+01	8.270373e+00	7.364805e-02	4.664282e+00
7.225301e+01	8.738146e+00	6.574273e-02	5.045496e+00
8.309096e+01	9.223487e+00	5.902114e-02	5.493993e+00
9.555461e+01	9.676539e+00	5.321748e-02	6.019356e+00
1.098878e+02	1.004208e+01	4.691329e-02	6.633593e+00
1.263710e+02	1.038733e+01	4.155960e-02	7.351726e+00
1.453266e+02	1.073011e+01	3.695271e-02	8.192403e+00
1.671256e+02	1.104272e+01	3.275097e-02	9.178598e+00
1.921945e+02	1.127201e+01	2.916722e-02	1.033907e+01
2.210236e+02	1.426051e+01	2.588906e-02	1.170708e+01
2.541772e+02	1.391437e+01	2.310299e-02	1.332963e+01
2.923037e+02	1.353285e+01	2.048645e-02	1.526453e+01
3.361493e+02	1.307678e+01	1.810666e-02	1.756864e+01
3.865717e+02	1.258001e+01	1.618428e-02	2.032364e+01
4.445574e+02	1.204514e+01	1.452520e-02	2.363315e+01
5.112411e+02	1.150063e+01	1.284788e-02	2.762368e+01
5.879272e+02	1.094101e+01	1.128087e-02	3.245136e+01
6.761163e+02	1.037833e+01	9.968996e-03	3.832809e+01
7.775337e+02	9.824819e+00	8.854271e-03	4.553292e+01
8.941638e+02	9.318037e+00	7.922493e-03	5.437503e+01
1.028288e+03	8.858208e+00	6.984468e-03	6.519825e+01
1.182532e+03	8.398174e+00	6.121207e-03	7.849060e+01
1.359911e+03	7.934203e+00	5.401570e-03	9.489472e+01
1.563898e+03	7.472906e+00	4.762480e-03	1.152321e+02
1.798483e+03	7.015331e+00	4.187713e-03	1.405502e+02
2.068255e+03	6.566642e+00	3.687554e-03	1.721808e+02
2.378493e+03	6.119887e+00	3.279293e-03	2.118547e+02
2.735268e+03	5.681447e+00	2.900807e-03	2.618275e+02
3.145558e+03	5.263859e+00	2.552823e-03	3.249332e+02
3.617391e+03	4.873647e+00	2.245592e-03	4.046881e+02
4.160000e+03	4.500015e+00	2.000778e-03	5.056356e+02
4.784000e+03	4.144477e+00	1.785933e-03	6.337031e+02
5.501600e+03	3.807928e+00	1.553774e-03	7.964362e+02
6.326840e+03	3.492311e+00	1.359657e-03	1.003475e+03
7.275866e+03	3.198846e+00	1.197151e-03	1.267075e+03
8.367246e+03	2.926381e+00	1.061332e-03	1.602768e+03
9.622333e+03	2.674944e+00	9.447464e-04	2.030184e+03
