# Energy_MeV	dEdx_Elec_MeV_um	dEdx_Nucl_MeV_um	Range_um
1.000000e-05	4.853100e-03	2.957199e-02	4.121077e-03
1.150000e-05	5.204370e-03	3.279064e-02	4.419363e-03
1.322500e-05	5.581065e-03	3.633532e-02	4.739239e-03
1.520875e-05	5.985026e-03	4.024285e-02	5.082267e-03
1.749006e-05	6.418225e-03	4.452249e-02	5.450124e-03
2.011357e-05	6.882780e-03	4.921810e-02	5.844607e-03
2.313061e-05	7.380959e-03	5.436494e-02	6.267643e-03
2.660020e-05	7.915197e-03	6.005842e-02	6.721298e-03
3.059023e-05	8.488103e-03	6.631766e-02	7.207790e-03
3.517876e-05	9.102476e-03	7.299716e-02	7.729493e-03
4.045558e-05	9.761318e-03	8.027004e-02	8.288958e-03
4.652391e-05	1.046785e-02	8.853210e-02	8.888917e-03
5.350250e-05	1.122552e-02	9.746519e-02	9.532302e-03
6.152788e-05	1.203802e-02	1.071520e-01	1.022225e-02
7.075706e-05	1.290934e-02	1.175260e-01	1.096215e-02
8.137062e-05	1.384373e-02	1.286970e-01	1.175559e-02
9.357621e-05	1.484574e-02	1.413846e-01	1.260647e-02
1.076126e-04	1.592029e-02	1.549602e-01	1.351893e-02
1.237545e-04	1.707261e-02	1.695809e-01	1.449744e-02
1.423177e-04	1.830833e-02	1.854123e-01	1.554677e-02
1.636654e-04	1.963350e-02	2.024635e-01	1.667206e-02
1.882152e-04	2.105458e-02	2.209781e-01	1.787879e-02
2.164475e-04	2.257852e-02	2.403922e-01	1.917286e-02
2.489146e-04	2.421277e-02	2.615865e-01	2.056061e-02
2.862518e-04	2.596530e-02	2.843727e-01	2.204879e-02
3.291895e-04	2.784468e-02	3.083823e-01	2.364470e-02
3.785680e-04	2.986009e-02	3.334311e-01	2.535611e-02
4.353531e-04	3.202138e-02	3.606576e-01	2.719140e-02
5.006561e-04	3.433911e-02	3.906495e-01	2.915953e-02
5.757545e-04	3.682459e-02	4.217965e-01	3.127011e-02
6.621177e-04	3.948998e-02	4.543164e-01	3.353346e-02
7.614354e-04	4.234828e-02	4.876745e-01	3.596063e-02
8.756507e-04	4.541347e-02	5.234741e-01	3.856348e-02
1.006998e-03	4.870052e-02	5.624352e-01	4.135472e-02
1.158048e-03	5.222549e-02	6.022105e-01	4.434800e-02
1.331755e-03	5.600560e-02	6.435298e-01	4.755793e-02
1.531519e-03	6.005932e-02	6.866659e-01	5.100020e-02
1.761246e-03	6.440644e-02	7.304904e-01	5.469162e-02
2.025433e-03	6.906821e-02	7.748595e-01	5.865023e-02
2.329248e-03	7.406741e-02	8.201802e-01	6.289536e-02
2.678635e-03	7.942845e-02	8.672451e-01	6.744776e-02
3.080431e-03	8.517752e-02	9.152692e-01	7.232967e-02
3.542495e-03	9.134271e-02	9.603104e-01	7.756493e-02
4.073870e-03	9.795415e-02	1.004674e+00	8.317912e-02
4.684950e-03	1.050441e-01	1.054204e+00	8.919966e-02
5.387693e-03	1.126473e-01	1.101620e+00	9.565598e-02
6.195847e-03	1.208007e-01	1.146945e+00	1.025796e-01
7.125224e-03	1.295444e-01	1.189198e+00	1.100044e-01
8.194007e-03	1.389208e-01	1.228443e+00	1.179666e-01
9.423108e-03	1.489760e-01	1.272084e+00	1.265050e-01
1.083657e-02	1.597590e-01	1.311805e+00	1.355958e-01
1.246206e-02	1.713224e-01	1.347907e+00	1.454711e-01
1.433137e-02	1.837228e-01	1.382058e+00	1.560143e-01
1.648108e-02	1.970208e-01	1.412949e+00	1.673070e-01
1.895324e-02	2.112812e-01	1.442149e+00	1.794161e-01
2.179622e-02	2.265739e-01	1.466367e+00	1.924022e-01
2.506566e-02	2.429734e-01	1.489245e+00	2.063280e-01
2.882550e-02	2.605600e-01	1.509693e+00	2.212619e-01
3.314933e-02	2.794194e-01	1.525846e+00	2.372767e-01
3.812173e-02	2.996440e-01	1.538321e+00	2.544507e-01
4.383999e-02	3.213324e-01	1.549103e+00	2.728676e-01
5.041599e-02	3.445906e-01	1.558909e+00	2.926176e-01
5.797838e-02	3.695322e-01	1.564419e+00	3.137971e-01
6.667514e-02	3.962792e-01	1.566001e+00	3.365098e-01
7.667641e-02	4.249621e-01	1.563631e+00	3.608662e-01
8.817787e-02	4.557210e-01	1.558421e+00	3.869856e-01
1.014046e-01	4.887064e-01	1.550780e+00	4.149954e-01
1.166152e-01	5.240792e-01	1.538662e+00	4.450329e-01
1.341075e-01	5.620123e-01	1.522440e+00	4.772444e-01
1.542237e-01	6.026911e-01	1.502417e+00	5.117873e-01
1.773572e-01	6.463142e-01	1.478356e+00	5.488303e-01
2.039608e-01	6.930947e-01	1.450541e+00	5.885546e-01
2.345549e-01	7.432613e-01	1.418775e+00	6.311544e-01
2.697381e-01	7.970589e-01	1.383196e+00	6.768375e-01
3.101989e-01	8.547505e-01	1.344013e+00	7.258270e-01
3.567287e-01	9.166178e-01	1.303229e+00	7.783622e-01
4.102380e-01	9.829631e-01	1.259798e+00	8.347003e-01
4.717737e-01	1.054110e+00	1.210374e+00	8.951163e-01
5.425397e-01	1.130408e+00	1.160205e+00	9.599051e-01
6.239207e-01	1.212227e+00	1.108542e+00	1.029383e+00
7.175088e-01	1.299969e+00	1.057617e+00	1.103890e+00
8.251351e-01	1.394061e+00	1.007051e+00	1.183791e+00
9.489054e-01	1.494964e+00	9.498160e-01	1.269462e+00
1.091241e+00	1.596070e+00	8.949467e-01	1.361439e+00
1.254927e+00	1.695516e+00	8.414032e-01	1.460873e+00
1.443166e+00	9.005425e-01	7.882104e-01	1.568558e+00
1.659641e+00	9.657476e-01	7.371275e-01	1.685259e+00
1.908588e+00	1.035672e+00	6.859760e-01	1.811842e+00
2.194876e+00	1.110658e+00	6.391585e-01	1.949310e+00
2.524107e+00	1.191072e+00	5.919955e-01	2.098821e+00
2.902723e+00	1.268223e+00	5.464846e-01	2.261736e+00
3.338132e+00	1.366478e+00	5.055204e-01	2.439677e+00
3.838852e+00	1.500090e+00	4.679609e-01	2.634604e+00
4.414679e+00	1.644222e+00	4.302560e-01	2.848918e+00
5.076881e+00	1.804629e+00	3.939052e-01	3.085611e+00
5.838413e+00	1.970919e+00	3.659615e-01	3.348451e+00
6.714175e+00	2.153924e+00	3.407848e-01	3.642234e+00
7.721302e+00	2.350861e+00	3.118317e-01	3.973126e+00
8.879497e+00	2.556182e+00	2.785355e-01	3.920001e+00
1.021142e+01	2.781302e+00	2.465683e-01	3.788793e+00
1.174313e+01	3.007886e+00	2.212544e-01	3.680384e+00
1.350460e+01	3.265266e+00	1.997240e-01	3.596794e+00
1.553030e+01	3.557119e+00	1.795707e-01	3.540182e+00
1.785984e+01	3.871340e+00	1.617555e-01	3.512862e+00
2.053882e+01	4.222961e+00	1.461592e-01	3.517222e+00
2.361964e+01	4.603363e+00	1.317552e-01	3.555959e+00
2.716258e+01	5.007437e+00	1.181421e-01	3.631825e+00
3.123697e+01	5.437826e+00	1.055206e-01	3.747706e+00
3.592252e+01	5.869966e+00	9.534439e-02	3.906671e+00
4.131089e+01	6.332518e+00	8.641108e-02	4.112075e+00
4.750753e+01	6.771929e+00	7.645007e-02	4.367746e+00
5.463366e+01	7.207392e+00	6.792260e-02	4.678256e+00
6.282871e+01	7.651340e+00	6.067820e-02	5.049251e+00
7.225301e+01	8.051708e+00	5.443950e-02	5.487778e+00
8.309096e+01	8.464549e+00	4.917720e-02	6.002876e+00
9.555461e+01	8.832653e+00	4.332416e-02	6.605877e+00
1.098878e+02	9.131084e+00	3.834896e-02	7.311022e+00
1.263710e+02	9.394393e+00	3.411285e-02	8.136070e+00
1.453266e+02	9.649635e+00	3.025839e-02	9.103064e+00
1.671256e+02	9.884986e+00	2.696652e-02	1.023924e+01
1.921945e+02	1.003213e+01	2.388358e-02	1.157860e+01
2.210236e+02	1.263943e+01	2.132839e-02	1.316102e+01
2.541772e+02	1.227845e+01	1.891913e-02	1.504139e+01
2.923037e+02	1.190082e+01	1.673111e-02	1.728970e+01
3.361493e+02	1.146282e+01	1.494593e-02	1.997463e+01
3.865717e+02	1.099526e+01	1.340488e-02	2.319393e+01
4.445574e+02	1.049736e+01	1.191112e-02	2.707220e+01
5.112411e+02	9.993790e+00	1.044964e-02	3.176291e+01
5.879272e+02	9.482222e+00	9.224072e-03	3.745516e+01
6.761163e+02	8.968252e+00	8.184620e-03	4.440406e+01
7.775337e+02	8.464038e+00	7.314254e-03	5.294906e+01
8.941638e+02	7.997922e+00	6.478881e-03	6.347416e+01
1.028288e+03	7.577515e+00	5.673124e-03	7.640463e+01
1.182532e+03	7.160067e+00	5.000151e-03	9.233685e+01
1.359911e+03	6.741760e+00	4.410468e-03	1.120623e+02
1.563898e+03	6.327797e+00	3.874364e-03	1.365942e+02
1.798483e+03	5.919619e+00	3.417074e-03	1.672294e+02
2.068255e+03	5.521497e+00	3.034329e-03	2.056186e+02
2.378493e+03	5.128593e+00	2.686504e-03	2.539063e+02
2.735268e+03	4.744970e+00	2.365237e-03	3.148951e+02
3.145558e+03	4.380253e+00	2.073956e-03	3.921220e+02
3.617391e+03	4.041736e+00	1.847185e-03	4.899809e+02
4.160000e+03	3.719789e+00	1.653154e-03	6.141312e+02
4.784000e+03	3.415225e+00	1.437216e-03	7.719695e+02
5.501600e+03	3.128021e+00	1.256363e-03	9.729161e+02
6.326840e+03	2.859844e+00	1.105252e-03	1.229008e+03
7.275866e+03	2.612191e+00	9.788540e-04	1.555548e+03
8.367246e+03	2.383523e+00	8.749181e-04	1.971926e+03
9.622333e+03	2.173329e+00	7.591497e-04	2.502637e+03
