# Energy_MeV	dEdx_Elec_MeV_um	dEdx_Nucl_MeV_um	Range_um
1.000000e-05	4.607700e-03	3.320402e-02	4.340560e-03
1.150000e-05	4.941208e-03	3.664589e-02	4.654732e-03
1.322500e-05	5.298855e-03	4.044836e-02	4.991644e-03
1.520875e-05	5.682389e-03	4.450443e-02	5.352942e-03
1.749006e-05	6.093684e-03	4.897644e-02	5.740391e-03
2.011357e-05	6.534748e-03	5.397415e-02	6.155883e-03
2.313061e-05	3.519876e-03	5.942682e-02	6.601449e-03
2.660020e-05	3.797320e-03	6.527316e-02	7.079266e-03
3.059023e-05	4.094715e-03	7.156933e-02	7.591667e-03
3.517876e-05	4.413517e-03	7.843176e-02	8.141156e-03
4.045558e-05	4.755284e-03	8.606170e-02	8.730417e-03
4.652391e-05	5.121688e-03	9.436168e-02	9.362329e-03
5.350250e-05	5.514519e-03	1.031874e-01	1.003998e-02
6.152788e-05	5.935699e-03	1.128538e-01	1.076668e-02
7.075706e-05	6.387284e-03	1.230999e-01	1.154598e-02
8.137062e-05	6.871483e-03	1.342088e-01	1.238168e-02
9.357621e-05	7.390662e-03	1.461173e-01	1.327787e-02
1.076126e-04	7.947357e-03	1.588716e-01	1.423893e-02
1.237545e-04	8.544288e-03	1.727995e-01	1.526955e-02
1.423177e-04	9.184373e-03	1.869417e-01	1.637477e-02
1.636654e-04	9.870738e-03	2.022717e-01	1.755999e-02
1.882152e-04	1.060674e-02	2.190952e-01	1.883099e-02
2.164475e-04	1.139597e-02	2.367383e-01	2.019398e-02
2.489146e-04	1.224228e-02	2.557812e-01	2.165564e-02
2.862518e-04	1.314981e-02	2.748153e-01	2.322308e-02
3.291895e-04	1.412300e-02	2.951782e-01	2.490398e-02
3.785680e-04	1.516660e-02	3.172991e-01	2.670654e-02
4.353531e-04	1.628570e-02	3.400233e-01	2.863958e-02
5.006561e-04	1.748578e-02	3.642987e-01	3.071253e-02
5.757545e-04	1.877270e-02	3.886699e-01	3.293552e-02
6.621177e-04	2.015274e-02	4.146036e-01	3.531941e-02
7.614354e-04	2.163265e-02	4.410593e-01	3.787584e-02
8.756507e-04	2.321965e-02	4.669720e-01	4.061732e-02
1.006998e-03	2.492150e-02	4.946902e-01	4.355722e-02
1.158048e-03	2.674652e-02	5.221412e-01	4.670991e-02
1.331755e-03	2.870361e-02	5.503338e-01	5.009080e-02
1.531519e-03	3.080235e-02	5.770906e-01	5.371640e-02
1.761246e-03	3.305298e-02	6.041108e-01	5.760442e-02
2.025433e-03	3.546650e-02	6.327064e-01	6.177386e-02
2.329248e-03	3.805470e-02	6.612379e-01	6.624509e-02
2.678635e-03	4.083022e-02	6.871191e-01	7.103994e-02
3.080431e-03	4.380662e-02	7.121077e-01	7.618185e-02
3.542495e-03	4.699845e-02	7.358725e-01	8.169593e-02
4.073870e-03	5.042130e-02	7.604704e-01	8.760913e-02
4.684950e-03	5.409188e-02	7.842814e-01	9.395032e-02
5.387693e-03	5.802814e-02	8.049089e-01	1.007505e-01
6.195847e-03	6.224930e-02	8.253736e-01	1.080039e-01
7.125224e-03	6.677598e-02	8.426768e-01	1.158425e-01
8.194007e-03	7.163029e-02	8.589992e-01	1.242532e-01
9.423108e-03	7.683596e-02	8.736031e-01	1.332453e-01
1.083657e-02	8.241841e-02	8.864306e-01	1.428897e-01
1.246206e-02	8.840492e-02	8.986415e-01	1.532320e-01
1.433137e-02	9.482473e-02	9.069045e-01	1.643228e-01
1.648108e-02	1.017092e-01	9.142626e-01	1.762164e-01
1.895324e-02	1.090920e-01	9.209249e-01	1.889707e-01
2.179622e-02	1.170091e-01	9.254328e-01	2.026483e-01
2.506566e-02	1.254993e-01	9.284918e-01	2.173159e-01
2.882550e-02	1.346040e-01	9.283573e-01	2.330451e-01
3.314933e-02	1.443677e-01	9.266382e-01	2.499128e-01
3.812173e-02	1.548381e-01	9.234186e-01	2.680013e-01
4.383999e-02	1.660663e-01	9.177927e-01	2.873992e-01
5.041599e-02	1.781073e-01	9.101080e-01	3.082012e-01
5.797838e-02	1.910198e-01	8.997177e-01	3.305087e-01
6.667514e-02	2.048669e-01	8.872171e-01	3.544308e-01
7.667641e-02	2.197162e-01	8.723086e-01	3.800844e-01
8.817787e-02	2.356404e-01	8.551820e-01	4.075950e-01
1.014046e-01	2.527171e-01	8.355693e-01	4.370968e-01
1.166152e-01	2.710299e-01	8.140534e-01	4.687339e-01
1.341075e-01	2.906682e-01	7.905829e-01	5.026607e-01
1.542237e-01	3.117278e-01	7.657781e-01	5.390433e-01
1.773572e-01	3.343118e-01	7.391213e-01	5.780595e-01
2.039608e-01	3.585305e-01	7.101137e-01	6.198996e-01
2.345549e-01	3.845021e-01	6.795700e-01	6.647679e-01
2.697381e-01	4.123535e-01	6.494990e-01	7.128838e-01
3.101989e-01	4.422208e-01	6.187414e-01	7.644826e-01
3.567287e-01	4.742499e-01	5.879032e-01	8.198161e-01
4.102380e-01	5.085974e-01	5.552039e-01	8.791551e-01
4.717737e-01	5.454309e-01	5.220090e-01	9.427865e-01
5.425397e-01	5.849304e-01	4.908062e-01	1.011029e+00
6.239207e-01	6.272894e-01	4.585349e-01	1.084207e+00
7.175088e-01	6.727165e-01	4.290235e-01	1.163146e+00
8.251351e-01	7.214316e-01	3.997602e-01	1.248644e+00
9.489054e-01	7.736728e-01	3.713500e-01	1.341263e+00
1.091241e+00	8.296951e-01	3.442828e-01	1.441697e+00
1.254927e+00	8.897725e-01	3.167237e-01	1.550722e+00
1.443166e+00	9.541985e-01	2.940001e-01	1.669237e+00
1.659641e+00	1.016385e+00	2.713609e-01	1.798294e+00
1.908588e+00	1.083595e+00	2.480626e-01	1.939138e+00
2.194876e+00	1.184687e+00	2.293732e-01	2.093272e+00
2.524107e+00	1.296706e+00	2.129244e-01	2.262524e+00
2.902723e+00	1.417754e+00	1.973675e-01	2.449162e+00
3.338132e+00	1.547216e+00	1.794771e-01	2.476714e+00
3.838852e+00	1.691225e+00	1.589030e-01	2.456208e+00
4.414679e+00	1.845471e+00	1.422957e-01	2.437544e+00
5.076881e+00	2.016826e+00	1.273212e-01	2.422560e+00
5.838413e+00	2.205208e+00	1.152659e-01	2.413306e+00
6.714175e+00	2.404114e+00	1.036633e-01	2.411993e+00
7.721302e+00	2.626260e+00	9.298275e-02	2.421204e+00
8.879497e+00	2.873088e+00	8.436339e-02	2.443711e+00
1.021142e+01	3.139191e+00	7.564174e-02	2.482540e+00
1.174313e+01	3.425007e+00	6.806008e-02	2.540977e+00
1.350460e+01	3.699510e+00	6.104536e-02	2.622559e+00
1.553030e+01	3.988606e+00	5.498668e-02	2.731066e+00
1.785984e+01	4.251141e+00	4.960704e-02	2.870510e+00
2.053882e+01	4.518521e+00	4.416856e-02	3.045170e+00
2.361964e+01	4.794878e+00	3.909470e-02	3.259619e+00
2.716258e+01	5.036067e+00	3.509251e-02	3.518990e+00
3.123697e+01	5.283659e+00	3.138372e-02	3.829094e+00
3.592252e+01	5.502764e+00	2.819002e-02	4.196808e+00
4.131089e+01	5.708664e+00	2.500685e-02	4.630472e+00
4.750753e+01	5.912689e+00	2.204872e-02	5.140369e+00
5.463366e+01	6.060880e+00	1.967634e-02	5.739303e+00
6.282871e+01	6.193651e+00	1.735860e-02	6.443243e+00
7.225301e+01	6.265812e+00	1.549991e-02	7.272109e+00
8.309096e+01	6.334111e+00	1.378866e-02	8.250739e+00
9.555461e+01	6.403606e+00	1.225063e-02	9.410107e+00
1.098878e+02	6.400759e+00	1.090521e-02	1.078880e+01
1.263710e+02	7.671661e+00	9.591893e-03	1.243451e+01
1.453266e+02	7.321777e+00	8.626558e-03	1.440709e+01
1.671256e+02	7.001648e+00	7.704980e-03	1.679082e+01
1.921945e+02	6.663248e+00	6.781971e-03	1.967299e+01
2.210236e+02	6.316708e+00	6.004234e-03	2.316848e+01
2.541772e+02	5.961758e+00	5.273392e-03	2.742817e+01
2.923037e+02	5.609580e+00	4.719384e-03	3.264356e+01
3.361493e+02	5.263702e+00	4.200803e-03	3.905089e+01
3.865717e+02	4.920316e+00	3.684618e-03	4.696100e+01
4.445574e+02	4.585559e+00	3.257249e-03	5.679811e+01
5.112411e+02	4.266279e+00	2.855963e-03	6.908075e+01
5.879272e+02	3.987264e+00	2.530538e-03	8.438689e+01
6.761163e+02	3.716937e+00	2.227299e-03	1.034768e+02
7.775337e+02	3.452780e+00	1.953614e-03	1.273894e+02
8.941638e+02	3.196549e+00	1.743096e-03	1.574647e+02
1.028288e+03	2.949672e+00	1.532958e-03	1.954330e+02
1.182532e+03	2.714005e+00	1.356085e-03	2.435104e+02
1.359911e+03	2.488997e+00	1.197618e-03	3.045621e+02
1.563898e+03	2.274226e+00	1.062535e-03	3.823546e+02
1.798483e+03	2.072581e+00	9.443076e-04	4.817136e+02
2.068255e+03	1.888554e+00	8.275700e-04	6.086670e+02
2.378493e+03	1.717619e+00	7.202709e-04	7.708637e+02
2.735268e+03	1.559438e+00	6.384460e-04	9.783139e+02
3.145558e+03	1.414074e+00	5.634362e-04	1.243809e+03
3.617391e+03	1.280987e+00	4.992804e-04	1.583662e+03
4.160000e+03	1.159666e+00	4.368151e-04	2.018598e+03
4.784000e+03	1.049608e+00	3.793796e-04	2.574841e+03
5.501600e+03	9.504289e-01	3.342657e-04	3.285474e+03
6.326840e+03	8.614212e-01	2.904376e-04	4.192048e+03
7.275866e+03	7.817384e-01	2.560397e-04	5.346462e+03
8.367246e+03	7.106825e-01	2.250341e-04	6.813231e+03
9.622333e+03	6.474782e-01	1.972529e-04	8.672069e+03
