# Energy_MeV	dEdx_Elec_MeV_um	dEdx_Nucl_MeV_um	Range_um
1.000000e-05	5.080587e-03	2.591910e-02	3.936553e-03
1.150000e-05	5.448322e-03	2.813439e-02	4.221483e-03
1.322500e-05	5.842675e-03	3.127652e-02	4.527036e-03
1.520875e-05	6.265571e-03	3.466693e-02	4.854705e-03
1.749006e-05	6.719076e-03	3.843319e-02	5.206092e-03
2.011357e-05	7.205406e-03	4.272551e-02	5.582911e-03
2.313061e-05	7.726937e-03	4.735890e-02	5.987005e-03
2.660020e-05	8.286217e-03	5.250510e-02	6.420348e-03
3.059023e-05	8.885978e-03	5.812810e-02	6.885056e-03
3.517876e-05	9.529150e-03	6.432339e-02	7.383400e-03
4.045558e-05	1.021887e-02	7.114554e-02	7.917815e-03
4.652391e-05	1.095852e-02	7.855086e-02	8.490910e-03
5.350250e-05	1.175171e-02	8.682313e-02	9.105487e-03
6.152788e-05	1.260230e-02	9.583099e-02	9.764547e-03
7.075706e-05	1.351446e-02	1.055729e-01	1.047131e-02
8.137062e-05	1.449265e-02	1.160388e-01	1.122923e-02
9.357621e-05	1.554163e-02	1.279070e-01	1.204201e-02
1.076126e-04	1.666654e-02	1.409555e-01	1.291361e-02
1.237545e-04	1.787288e-02	1.548951e-01	1.384831e-02
1.423177e-04	1.916652e-02	1.700731e-01	1.485066e-02
1.636654e-04	2.055381e-02	1.861534e-01	1.592555e-02
1.882152e-04	2.204150e-02	2.043789e-01	1.707825e-02
2.164475e-04	2.363688e-02	2.242496e-01	1.831439e-02
2.489146e-04	2.534773e-02	2.452923e-01	1.963999e-02
2.862518e-04	2.718241e-02	2.683733e-01	2.106154e-02
3.291895e-04	2.914989e-02	2.932033e-01	2.258599e-02
3.785680e-04	3.125977e-02	3.198560e-01	2.422078e-02
4.353531e-04	3.352237e-02	3.481707e-01	2.597389e-02
5.006561e-04	3.594874e-02	3.786603e-01	2.785389e-02
5.757545e-04	3.855073e-02	4.119532e-01	2.986997e-02
6.621177e-04	4.134105e-02	4.472623e-01	3.203198e-02
7.614354e-04	4.433333e-02	4.833854e-01	3.435047e-02
8.756507e-04	4.754220e-02	5.224956e-01	3.683677e-02
1.006998e-03	5.098333e-02	5.666725e-01	3.950304e-02
1.158048e-03	5.467353e-02	6.116048e-01	4.236229e-02
1.331755e-03	5.863083e-02	6.596225e-01	4.542849e-02
1.531519e-03	6.287456e-02	7.077770e-01	4.871663e-02
1.761246e-03	6.742546e-02	7.592022e-01	5.224277e-02
2.025433e-03	7.230575e-02	8.168316e-01	5.602413e-02
2.329248e-03	7.753928e-02	8.742483e-01	6.007918e-02
2.678635e-03	8.315161e-02	9.350302e-01	6.442775e-02
3.080431e-03	8.917017e-02	9.972456e-01	6.909106e-02
3.542495e-03	9.562435e-02	1.061531e+00	7.409191e-02
4.073870e-03	1.025457e-01	1.127041e+00	7.945472e-02
4.684950e-03	1.099680e-01	1.192406e+00	8.520569e-02
5.387693e-03	1.179275e-01	1.262021e+00	9.137293e-02
6.195847e-03	1.264632e-01	1.331350e+00	9.798655e-02
7.125224e-03	1.356167e-01	1.398759e+00	1.050789e-01
8.194007e-03	1.454327e-01	1.462812e+00	1.126845e-01
9.423108e-03	1.559592e-01	1.533961e+00	1.208407e-01
1.083657e-02	1.672476e-01	1.605515e+00	1.295872e-01
1.246206e-02	1.793531e-01	1.670996e+00	1.389668e-01
1.433137e-02	1.923347e-01	1.735132e+00	1.490253e-01
1.648108e-02	2.062560e-01	1.791904e+00	1.597833e-01
1.895324e-02	2.211849e-01	1.854594e+00	1.713844e-01
2.179622e-02	2.371944e-01	1.915272e+00	1.837865e-01
2.506566e-02	2.543627e-01	1.967506e+00	1.970908e-01
2.882550e-02	2.727736e-01	2.019068e+00	2.113555e-01
3.314933e-02	2.925171e-01	2.065490e+00	2.266532e-01
3.812173e-02	3.136896e-01	2.107764e+00	2.430582e-01
4.383999e-02	3.363946e-01	2.144452e+00	2.606506e-01
5.041599e-02	3.607431e-01	2.177503e+00	2.795163e-01
5.797838e-02	3.868538e-01	2.208917e+00	2.997475e-01
6.667514e-02	4.148545e-01	2.234174e+00	3.214430e-01
7.667641e-02	4.448819e-01	2.252425e+00	3.447089e-01
8.817787e-02	4.770827e-01	2.267913e+00	3.696589e-01
1.014046e-01	5.116142e-01	2.283911e+00	3.964147e-01
1.166152e-01	5.486451e-01	2.292146e+00	4.251069e-01
1.341075e-01	5.883563e-01	2.295786e+00	4.558761e-01
1.542237e-01	6.309419e-01	2.292621e+00	4.888724e-01
1.773572e-01	6.766098e-01	2.285137e+00	5.242570e-01
2.039608e-01	7.255832e-01	2.275275e+00	5.622026e-01
2.345549e-01	7.781013e-01	2.258050e+00	6.028947e-01
2.697381e-01	8.344206e-01	2.235198e+00	6.465323e-01
3.101989e-01	8.948165e-01	2.206512e+00	6.933285e-01
3.567287e-01	9.595837e-01	2.172056e+00	7.435116e-01
4.102380e-01	1.029039e+00	2.132021e+00	7.973269e-01
4.717737e-01	1.103521e+00	2.086374e+00	8.550374e-01
5.425397e-01	1.183395e+00	2.034690e+00	9.169253e-01
6.239207e-01	1.269049e+00	1.978309e+00	9.832927e-01
7.175088e-01	1.360904e+00	1.918443e+00	1.054464e+00
8.251351e-01	1.459407e+00	1.855910e+00	1.130786e+00
9.489054e-01	1.565040e+00	1.784912e+00	1.212632e+00
1.091241e+00	1.678318e+00	1.710561e+00	1.300402e+00
1.254927e+00	1.799795e+00	1.636115e+00	1.394533e+00
1.443166e+00	1.930066e+00	1.559977e+00	1.495439e+00
1.659641e+00	2.056080e+00	1.487015e+00	1.603931e+00
1.908588e+00	2.183878e+00	1.404730e+00	1.721351e+00
2.194876e+00	2.318021e+00	1.322339e+00	1.848510e+00
2.524107e+00	2.458255e+00	1.245072e+00	1.986347e+00
2.902723e+00	2.604090e+00	1.165750e+00	2.135894e+00
3.338132e+00	2.754722e+00	1.089880e+00	2.298354e+00
3.838852e+00	1.468485e+00	1.015530e+00	2.475119e+00
4.414679e+00	1.563858e+00	9.458797e-01	2.667831e+00
5.076881e+00	1.694509e+00	8.781314e-01	2.878452e+00
5.838413e+00	1.861389e+00	8.098320e-01	3.109362e+00
6.714175e+00	2.038428e+00	7.476296e-01	3.363492e+00
7.721302e+00	2.235245e+00	6.931431e-01	3.644497e+00
8.879497e+00	2.446354e+00	6.389809e-01	3.956996e+00
1.021142e+01	2.674531e+00	5.821155e-01	4.306885e+00
1.174313e+01	2.927874e+00	5.412257e-01	4.701755e+00
1.350460e+01	3.186363e+00	5.050601e-01	5.151436e+00
1.553030e+01	3.464187e+00	4.634696e-01	5.668686e+00
1.785984e+01	3.744022e+00	4.156406e-01	6.095101e+00
2.053882e+01	4.055381e+00	3.658420e-01	5.728907e+00
2.361964e+01	4.406104e+00	3.288738e-01	5.440869e+00
2.716258e+01	4.754345e+00	2.964078e-01	5.224976e+00
3.123697e+01	5.140053e+00	2.672066e-01	5.076734e+00
3.592252e+01	5.559502e+00	2.404948e-01	4.992878e+00
4.131089e+01	6.020364e+00	2.169013e-01	4.971143e+00
4.750753e+01	6.539347e+00	1.960499e-01	5.010009e+00
5.463366e+01	7.104987e+00	1.754719e-01	5.108851e+00
6.282871e+01	7.714341e+00	1.571794e-01	5.267800e+00
7.225301e+01	8.362075e+00	1.415256e-01	5.487875e+00
8.309096e+01	8.996390e+00	1.285811e-01	5.771235e+00
9.555461e+01	9.674658e+00	1.142169e-01	6.121451e+00
1.098878e+02	1.032554e+01	1.010250e-01	6.543827e+00
1.263710e+02	1.098201e+01	9.054413e-02	7.045724e+00
1.453266e+02	1.164279e+01	8.085931e-02	7.636930e+00
1.671256e+02	1.216654e+01	7.322556e-02	8.329994e+00
1.921945e+02	1.271383e+01	6.468740e-02	9.140872e+00
2.210236e+02	1.328397e+01	5.702477e-02	1.008940e+01
2.541772e+02	1.378544e+01	5.093971e-02	1.119993e+01
2.923037e+02	1.423713e+01	4.506515e-02	1.250305e+01
3.361493e+02	1.823792e+01	4.009512e-02	1.403333e+01
3.865717e+02	1.798459e+01	3.554928e-02	1.584276e+01
4.445574e+02	1.762607e+01	3.172949e-02	1.798875e+01
5.112411e+02	1.716169e+01	2.823965e-02	2.053019e+01
5.879272e+02	1.661361e+01	2.491163e-02	2.355202e+01
6.761163e+02	1.600965e+01	2.217761e-02	2.716108e+01
7.775337e+02	1.538340e+01	1.993554e-02	3.148510e+01
8.941638e+02	1.471040e+01	1.778979e-02	3.668312e+01
1.028288e+03	1.405043e+01	1.553586e-02	4.297377e+01
1.182532e+03	1.338767e+01	1.375142e-02	5.063620e+01
1.359911e+03	1.279817e+01	1.214950e-02	5.996413e+01
1.563898e+03	1.225536e+01	1.088159e-02	7.129311e+01
1.798483e+03	1.170109e+01	9.681598e-03	8.510853e+01
2.068255e+03	1.113420e+01	8.437140e-03	1.020385e+02
2.378493e+03	1.056438e+01	7.457400e-03	1.228824e+02
2.735268e+03	9.992017e+00	6.562318e-03	1.486513e+02
3.145558e+03	9.422788e+00	5.784673e-03	1.806262e+02
3.617391e+03	8.847313e+00	5.095009e-03	2.204741e+02
4.160000e+03	8.280528e+00	4.512400e-03	2.703479e+02
4.784000e+03	7.735848e+00	4.008519e-03	3.329228e+02
5.501600e+03	7.216391e+00	3.520330e-03	4.115110e+02
6.326840e+03	6.712789e+00	3.097853e-03	5.104223e+02
7.275866e+03	6.228965e+00	2.746795e-03	6.352427e+02
8.367246e+03	5.766381e+00	2.465494e-03	7.930754e+02
9.622333e+03	5.327280e+00	2.149420e-03	9.929823e+02
