# Energy_MeV	dEdx_Elec_MeV_um	dEdx_Nucl_MeV_um	Range_um
1.000000e-05	5.110139e-03	3.034661e-02	3.913788e-03
1.150000e-05	5.480013e-03	3.364647e-02	4.197070e-03
1.322500e-05	5.876660e-03	3.727402e-02	4.500856e-03
1.520875e-05	6.302015e-03	4.128696e-02	4.826631e-03
1.749006e-05	6.758159e-03	4.568025e-02	5.175985e-03
2.011357e-05	7.247318e-03	5.046411e-02	5.550625e-03
2.313061e-05	7.771882e-03	5.575071e-02	5.952382e-03
2.660020e-05	8.334415e-03	6.157309e-02	6.383219e-03
3.059023e-05	8.937665e-03	6.799808e-02	6.845240e-03
3.517876e-05	9.584578e-03	7.480674e-02	7.340702e-03
4.045558e-05	1.027831e-02	8.225712e-02	7.872026e-03
4.652391e-05	1.102226e-02	9.074607e-02	8.441807e-03
5.350250e-05	1.182006e-02	9.987209e-02	9.052829e-03
6.152788e-05	1.267560e-02	1.097864e-01	9.708078e-03
7.075706e-05	1.359307e-02	1.203524e-01	1.041075e-02
8.137062e-05	1.457694e-02	1.317728e-01	1.116429e-02
9.357621e-05	1.563203e-02	1.447562e-01	1.197237e-02
1.076126e-04	1.676349e-02	1.586106e-01	1.283893e-02
1.237545e-04	1.797684e-02	1.735636e-01	1.376822e-02
1.423177e-04	1.927801e-02	1.897568e-01	1.476477e-02
1.636654e-04	2.067336e-02	2.070404e-01	1.583346e-02
1.882152e-04	2.216971e-02	2.258265e-01	1.697949e-02
2.164475e-04	2.377437e-02	2.456974e-01	1.820847e-02
2.489146e-04	2.549517e-02	2.673672e-01	1.952641e-02
2.862518e-04	2.734052e-02	2.906463e-01	2.093974e-02
3.291895e-04	2.931944e-02	3.147722e-01	2.245537e-02
3.785680e-04	3.144160e-02	3.402879e-01	2.408071e-02
4.353531e-04	3.371736e-02	3.684409e-01	2.582368e-02
5.006561e-04	3.615784e-02	3.986980e-01	2.769281e-02
5.757545e-04	3.877496e-02	4.303555e-01	2.969723e-02
6.621177e-04	4.158151e-02	4.630777e-01	3.184673e-02
7.614354e-04	4.459121e-02	4.969111e-01	3.415182e-02
8.756507e-04	4.781874e-02	5.339289e-01	3.662374e-02
1.006998e-03	5.127989e-02	5.730723e-01	3.927459e-02
1.158048e-03	5.499155e-02	6.133710e-01	4.211731e-02
1.331755e-03	5.897187e-02	6.551095e-01	4.516578e-02
1.531519e-03	6.324029e-02	6.989948e-01	4.843490e-02
1.761246e-03	6.781765e-02	7.434216e-01	5.194065e-02
2.025433e-03	7.272633e-02	7.875647e-01	5.570014e-02
2.329248e-03	7.799030e-02	8.336292e-01	5.973174e-02
2.678635e-03	8.363528e-02	8.809127e-01	6.405516e-02
3.080431e-03	8.968884e-02	9.292709e-01	6.869150e-02
3.542495e-03	9.618057e-02	9.743391e-01	7.366343e-02
4.073870e-03	1.031422e-01	1.018931e+00	7.899523e-02
4.684950e-03	1.106077e-01	1.068789e+00	8.471295e-02
5.387693e-03	1.186135e-01	1.116128e+00	9.084451e-02
6.195847e-03	1.271988e-01	1.161391e+00	9.741989e-02
7.125224e-03	1.364055e-01	1.203302e+00	1.044712e-01
8.194007e-03	1.462786e-01	1.242543e+00	1.120329e-01
9.423108e-03	1.568663e-01	1.285820e+00	1.201411e-01
1.083657e-02	1.682204e-01	1.325179e+00	1.288202e-01
1.246206e-02	1.803963e-01	1.361156e+00	1.381680e-01
1.433137e-02	1.934535e-01	1.395218e+00	1.481660e-01
1.648108e-02	2.074557e-01	1.425212e+00	1.588912e-01
1.895324e-02	2.224715e-01	1.453315e+00	1.703914e-01
2.179622e-02	2.385741e-01	1.477492e+00	1.827242e-01
2.506566e-02	2.558422e-01	1.500148e+00	1.959497e-01
2.882550e-02	2.743602e-01	1.520310e+00	2.101324e-01
3.314933e-02	2.942186e-01	1.535366e+00	2.253416e-01
3.812173e-02	3.155143e-01	1.547336e+00	2.416517e-01
4.383999e-02	3.383513e-01	1.558485e+00	2.591423e-01
5.041599e-02	3.628414e-01	1.567312e+00	2.778990e-01
5.797838e-02	3.891041e-01	1.572056e+00	2.980131e-01
6.667514e-02	4.172676e-01	1.572747e+00	3.195832e-01
7.667641e-02	4.474697e-01	1.569609e+00	3.427146e-01
8.817787e-02	4.798577e-01	1.564222e+00	3.675203e-01
1.014046e-01	5.145901e-01	1.555558e+00	3.941213e-01
1.166152e-01	5.518364e-01	1.542475e+00	4.226477e-01
1.341075e-01	5.917786e-01	1.525390e+00	4.532388e-01
1.542237e-01	6.346119e-01	1.504446e+00	4.860444e-01
1.773572e-01	6.805454e-01	1.479509e+00	5.212243e-01
2.039608e-01	7.298037e-01	1.450761e+00	5.589505e-01
2.345549e-01	7.826272e-01	1.417960e+00	5.994072e-01
2.697381e-01	8.392742e-01	1.381567e+00	6.427924e-01
3.101989e-01	9.000213e-01	1.341661e+00	6.893180e-01
3.567287e-01	9.651653e-01	1.300146e+00	7.392110e-01
4.102380e-01	1.035025e+00	1.255706e+00	7.927151e-01
4.717737e-01	1.109940e+00	1.205828e+00	8.500918e-01
5.425397e-01	1.190278e+00	1.155025e+00	9.116217e-01
6.239207e-01	1.276431e+00	1.102965e+00	9.776057e-01
7.175088e-01	1.368820e+00	1.051784e+00	1.048363e+00
8.251351e-01	1.467896e+00	1.000278e+00	1.124251e+00
9.489054e-01	1.574136e+00	9.434253e-01	1.205603e+00
1.091241e+00	1.672662e+00	8.883817e-01	1.293248e+00
1.254927e+00	1.776324e+00	8.344666e-01	1.388165e+00
1.443166e+00	9.437581e-01	7.808525e-01	1.490968e+00
1.659641e+00	1.012094e+00	7.300062e-01	1.602430e+00
1.908588e+00	1.085375e+00	6.798985e-01	1.723401e+00
2.194876e+00	1.163961e+00	6.327313e-01	1.854868e+00
2.524107e+00	1.242735e+00	5.857250e-01	1.997982e+00
2.902723e+00	1.325596e+00	5.400084e-01	2.154104e+00
3.338132e+00	1.446663e+00	4.999276e-01	2.324867e+00
3.838852e+00	1.588242e+00	4.626299e-01	2.512261e+00
4.414679e+00	1.739418e+00	4.236420e-01	2.718745e+00
5.076881e+00	1.903032e+00	3.892345e-01	2.947394e+00
5.838413e+00	2.082261e+00	3.626415e-01	3.202110e+00
6.714175e+00	2.268674e+00	3.366081e-01	3.487885e+00
7.721302e+00	2.473620e+00	3.066698e-01	3.745297e+00
8.879497e+00	2.686981e+00	2.722406e-01	3.603881e+00
1.021142e+01	2.910542e+00	2.418297e-01	3.483975e+00
1.174313e+01	3.152677e+00	2.175638e-01	3.387204e+00
1.350460e+01	3.424045e+00	1.963549e-01	3.315314e+00
1.553030e+01	3.727696e+00	1.765935e-01	3.270191e+00
1.785984e+01	4.057926e+00	1.587422e-01	3.253869e+00
2.053882e+01	4.420755e+00	1.437199e-01	3.268428e+00
2.361964e+01	4.827772e+00	1.293461e-01	3.316301e+00
2.716258e+01	5.233454e+00	1.159684e-01	3.399905e+00
3.123697e+01	5.674669e+00	1.038337e-01	3.521816e+00
3.592252e+01	6.136376e+00	9.381963e-02	3.684821e+00
4.131089e+01	6.585485e+00	8.482840e-02	3.892048e+00
4.750753e+01	7.059463e+00	7.515391e-02	4.147171e+00
5.463366e+01	7.486814e+00	6.679984e-02	4.454691e+00
6.282871e+01	7.928154e+00	5.968009e-02	4.820236e+00
7.225301e+01	8.364638e+00	5.357108e-02	5.250965e+00
8.309096e+01	8.754205e+00	4.822666e-02	5.755964e+00
9.555461e+01	9.142138e+00	4.255174e-02	6.346667e+00
1.098878e+02	9.405749e+00	3.768630e-02	7.037399e+00
1.263710e+02	9.685167e+00	3.351854e-02	7.845965e+00
1.453266e+02	9.979832e+00	2.968663e-02	8.794469e+00
1.671256e+02	1.016304e+01	2.643674e-02	9.910092e+00
1.921945e+02	1.321124e+01	2.348802e-02	1.122658e+01
2.210236e+02	1.277844e+01	2.094537e-02	1.278409e+01
2.541772e+02	1.243308e+01	1.857901e-02	1.464187e+01
2.923037e+02	1.201833e+01	1.640898e-02	1.685992e+01
3.361493e+02	1.156207e+01	1.467960e-02	1.951173e+01
3.865717e+02	1.106615e+01	1.317068e-02	2.269648e+01
4.445574e+02	1.055445e+01	1.162609e-02	2.653926e+01
5.112411e+02	1.003856e+01	1.022016e-02	3.119102e+01
5.879272e+02	9.512031e+00	9.028874e-03	3.684652e+01
6.761163e+02	8.994760e+00	8.028527e-03	4.377320e+01
7.775337e+02	8.483933e+00	7.182464e-03	5.230035e+01
8.941638e+02	8.045810e+00	6.318666e-03	6.277963e+01
1.028288e+03	7.621622e+00	5.544547e-03	7.565435e+01
1.182532e+03	7.194584e+00	4.891213e-03	9.154584e+01
1.359911e+03	6.768156e+00	4.314222e-03	1.112517e+02
1.563898e+03	6.346384e+00	3.797442e-03	1.357958e+02
1.798483e+03	5.932544e+00	3.340544e-03	1.664803e+02
2.068255e+03	5.527335e+00	2.971590e-03	2.049753e+02
2.378493e+03	5.126554e+00	2.626173e-03	2.534718e+02
2.735268e+03	4.739731e+00	2.312123e-03	3.147835e+02
3.145558e+03	4.378806e+00	2.037685e-03	3.924143e+02
3.617391e+03	4.037964e+00	1.815062e-03	4.907727e+02
4.160000e+03	3.714260e+00	1.617216e-03	6.156385e+02
4.784000e+03	3.408181e+00	1.408449e-03	7.744390e+02
5.501600e+03	3.120282e+00	1.232176e-03	9.766535e+02
6.326840e+03	2.853107e+00	1.086010e-03	1.234363e+03
7.275866e+03	2.606167e+00	9.626774e-04	1.562900e+03
8.367246e+03	2.378112e+00	8.553173e-04	1.981667e+03
9.622333e+03	2.169577e+00	7.434743e-04	2.515118e+03
