# Energy_MeV	dEdx_Elec_MeV_um	dEdx_Nucl_MeV_um	Range_um
1.000000e-05	4.680271e-03	2.650811e-02	4.273257e-03
1.150000e-05	5.019032e-03	2.937790e-02	4.582557e-03
1.322500e-05	5.382312e-03	3.260267e-02	4.914245e-03
1.520875e-05	5.771886e-03	3.621668e-02	5.269941e-03
1.749006e-05	6.189658e-03	4.013873e-02	5.651382e-03
2.011357e-05	6.637669e-03	4.448571e-02	6.060432e-03
2.313061e-05	7.118107e-03	4.925631e-02	6.499089e-03
2.660020e-05	7.633320e-03	5.451059e-02	6.969497e-03
3.059023e-05	8.185823e-03	6.023892e-02	7.473953e-03
3.517876e-05	8.778318e-03	6.652314e-02	8.014921e-03
4.045558e-05	9.413697e-03	7.350414e-02	8.595046e-03
4.652391e-05	1.009507e-02	8.114157e-02	9.217160e-03
5.350250e-05	1.082575e-02	8.932842e-02	9.884303e-03
6.152788e-05	1.160932e-02	9.817807e-02	1.059973e-02
7.075706e-05	1.244961e-02	1.083400e-01	1.136695e-02
8.137062e-05	1.335072e-02	1.192409e-01	1.218969e-02
9.357621e-05	1.431706e-02	1.310606e-01	1.307199e-02
1.076126e-04	1.535333e-02	1.437579e-01	1.401815e-02
1.237545e-04	1.646461e-02	1.573276e-01	1.503279e-02
1.423177e-04	1.765633e-02	1.729327e-01	1.612087e-02
1.636654e-04	1.893431e-02	1.894382e-01	1.728771e-02
1.882152e-04	2.030478e-02	2.073049e-01	1.853900e-02
2.164475e-04	2.177445e-02	2.266593e-01	1.988086e-02
2.489146e-04	2.335050e-02	2.473925e-01	2.131985e-02
2.862518e-04	2.504062e-02	2.699482e-01	2.286299e-02
3.291895e-04	2.685307e-02	2.935768e-01	2.451783e-02
3.785680e-04	2.879671e-02	3.195633e-01	2.629244e-02
4.353531e-04	3.088104e-02	3.473278e-01	2.819550e-02
5.006561e-04	3.311622e-02	3.764715e-01	3.023631e-02
5.757545e-04	3.551319e-02	4.067863e-01	3.242483e-02
6.621177e-04	3.808365e-02	4.402735e-01	3.477175e-02
7.614354e-04	4.084017e-02	4.769114e-01	3.728855e-02
8.756507e-04	4.379620e-02	5.145072e-01	3.998752e-02
1.006998e-03	4.696619e-02	5.541995e-01	4.288183e-02
1.158048e-03	5.036563e-02	5.943781e-01	4.598564e-02
1.331755e-03	5.401112e-02	6.384098e-01	4.931411e-02
1.531519e-03	5.792048e-02	6.859556e-01	5.288349e-02
1.761246e-03	6.211279e-02	7.337934e-01	5.671123e-02
2.025433e-03	6.660855e-02	7.842849e-01	6.081601e-02
2.329248e-03	7.142971e-02	8.364091e-01	6.521791e-02
2.678635e-03	7.659983e-02	8.900529e-01	6.993842e-02
3.080431e-03	8.214417e-02	9.434016e-01	7.500060e-02
3.542495e-03	8.808981e-02	9.980957e-01	8.042918e-02
4.073870e-03	9.446579e-02	1.055528e+00	8.625069e-02
4.684950e-03	1.013033e-01	1.113286e+00	9.249356e-02
5.387693e-03	1.086357e-01	1.167998e+00	9.918829e-02
6.195847e-03	1.164988e-01	1.220972e+00	1.063676e-01
7.125224e-03	1.249310e-01	1.281891e+00	1.140665e-01
8.194007e-03	1.339736e-01	1.338331e+00	1.223227e-01
9.423108e-03	1.436707e-01	1.393096e+00	1.311765e-01
1.083657e-02	1.540696e-01	1.443779e+00	1.406711e-01
1.246206e-02	1.652213e-01	1.490454e+00	1.508530e-01
1.433137e-02	1.771801e-01	1.543823e+00	1.616925e-01
1.648108e-02	1.900045e-01	1.590576e+00	1.734684e-01
1.895324e-02	2.037571e-01	1.634392e+00	1.860419e-01
2.179622e-02	2.185051e-01	1.675158e+00	1.995080e-01
2.506566e-02	2.343206e-01	1.711881e+00	2.139476e-01
2.882550e-02	2.512809e-01	1.746219e+00	2.294331e-01
3.314933e-02	2.694687e-01	1.774937e+00	2.460392e-01
3.812173e-02	2.889730e-01	1.802951e+00	2.638473e-01
4.383999e-02	3.098890e-01	1.826901e+00	2.829444e-01
5.041599e-02	3.323190e-01	1.845896e+00	3.034238e-01
5.797838e-02	3.563724e-01	1.860040e+00	3.253854e-01
6.667514e-02	3.821668e-01	1.873302e+00	3.489366e-01
7.667641e-02	4.098283e-01	1.884935e+00	3.741925e-01
8.817787e-02	4.394918e-01	1.890466e+00	4.012765e-01
1.014046e-01	4.713025e-01	1.892097e+00	4.303208e-01
1.166152e-01	5.054156e-01	1.888291e+00	4.614672e-01
1.341075e-01	5.419979e-01	1.881882e+00	4.948681e-01
1.542237e-01	5.812280e-01	1.872238e+00	5.306866e-01
1.773572e-01	6.232975e-01	1.856608e+00	5.690978e-01
2.039608e-01	6.684122e-01	1.836554e+00	6.102891e-01
2.345549e-01	7.167922e-01	1.811632e+00	6.544616e-01
2.697381e-01	7.686740e-01	1.782008e+00	7.018315e-01
3.101989e-01	8.243110e-01	1.747758e+00	7.526303e-01
3.567287e-01	8.839751e-01	1.708748e+00	8.071059e-01
4.102380e-01	9.479577e-01	1.665116e+00	8.655242e-01
4.717737e-01	1.016571e+00	1.617298e+00	9.281707e-01
5.425397e-01	1.090151e+00	1.567651e+00	9.953519e-01
6.239207e-01	1.169057e+00	1.514790e+00	1.067396e+00
7.175088e-01	1.253674e+00	1.454267e+00	1.144654e+00
8.251351e-01	1.344416e+00	1.393880e+00	1.227504e+00
9.489054e-01	1.441725e+00	1.330643e+00	1.316352e+00
1.091241e+00	1.546078e+00	1.269563e+00	1.411631e+00
1.254927e+00	1.657984e+00	1.208298e+00	1.513791e+00
1.443166e+00	1.770268e+00	1.138767e+00	1.623467e+00
1.659641e+00	1.880577e+00	1.073372e+00	1.742026e+00
1.908588e+00	1.996461e+00	1.007721e+00	1.870426e+00
2.194876e+00	2.117741e+00	9.439977e-01	2.009573e+00
2.524107e+00	1.130354e+00	8.822242e-01	2.160502e+00
2.902723e+00	1.212192e+00	8.213540e-01	2.324407e+00
3.338132e+00	1.299952e+00	7.653138e-01	2.502668e+00
3.838852e+00	1.382946e+00	7.078715e-01	2.696908e+00
4.414679e+00	1.488496e+00	6.535513e-01	2.909058e+00
5.076881e+00	1.633023e+00	6.040601e-01	3.141451e+00
5.838413e+00	1.789450e+00	5.598637e-01	3.396949e+00
6.714175e+00	1.963800e+00	5.134886e-01	3.679112e+00
7.721302e+00	2.144999e+00	4.698003e-01	3.992428e+00
8.879497e+00	2.345079e+00	4.384599e-01	4.342606e+00
1.021142e+01	2.561006e+00	4.074939e-01	4.736986e+00
1.174313e+01	2.785956e+00	3.718830e-01	5.185060e+00
1.350460e+01	3.031670e+00	3.309305e-01	5.242927e+00
1.553030e+01	3.270491e+00	2.924502e-01	5.012924e+00
1.785984e+01	3.540800e+00	2.638420e-01	4.826910e+00
2.053882e+01	3.845830e+00	2.377013e-01	4.685310e+00
2.361964e+01	4.167260e+00	2.139161e-01	4.588914e+00
2.716258e+01	4.525474e+00	1.924854e-01	4.538853e+00
3.123697e+01	4.916641e+00	1.739834e-01	4.536566e+00
3.592252e+01	5.344117e+00	1.569596e-01	4.583595e+00
4.131089e+01	5.811876e+00	1.404389e-01	4.682116e+00
4.750753e+01	6.297998e+00	1.255817e-01	4.834320e+00
5.463366e+01	6.825200e+00	1.136341e-01	5.042849e+00
6.282871e+01	7.339427e+00	1.029393e-01	5.310941e+00
7.225301e+01	7.857133e+00	9.091950e-02	5.642723e+00
8.309096e+01	8.390263e+00	8.100406e-02	6.043567e+00
9.555461e+01	8.882305e+00	7.215748e-02	6.520500e+00
1.098878e+02	9.395266e+00	6.490376e-02	7.082607e+00
1.263710e+02	9.864756e+00	5.854672e-02	7.741590e+00
1.453266e+02	1.026343e+01	5.148601e-02	8.512245e+00
1.671256e+02	1.062789e+01	4.571349e-02	9.413087e+00
1.921945e+02	1.098942e+01	4.057933e-02	1.046712e+01
2.210236e+02	1.133511e+01	3.602835e-02	1.170271e+01
2.541772e+02	1.157882e+01	3.203942e-02	1.315527e+01
2.923037e+02	1.492996e+01	2.843209e-02	1.486600e+01
3.361493e+02	1.458895e+01	2.541359e-02	1.689179e+01
3.865717e+02	1.421805e+01	2.249631e-02	1.930537e+01
4.445574e+02	1.376268e+01	1.991975e-02	2.217606e+01
5.112411e+02	1.326295e+01	1.776210e-02	2.560352e+01
5.879272e+02	1.271782e+01	1.597725e-02	2.971451e+01
6.761163e+02	1.215892e+01	1.414001e-02	3.466438e+01
7.775337e+02	1.158311e+01	1.237571e-02	4.064324e+01
8.941638e+02	1.100270e+01	1.096900e-02	4.790774e+01
1.028288e+03	1.043049e+01	9.714515e-03	5.679923e+01
1.182532e+03	9.900065e+00	8.714890e-03	6.769932e+01
1.359911e+03	9.424448e+00	7.687425e-03	8.102408e+01
1.563898e+03	8.949362e+00	6.714780e-03	9.736000e+01
1.798483e+03	8.468722e+00	5.943727e-03	1.174860e+02
2.068255e+03	7.989254e+00	5.228855e-03	1.423962e+02
2.378493e+03	7.512276e+00	4.600757e-03	1.733583e+02
2.735268e+03	7.043266e+00	4.057216e-03	2.119811e+02
3.145558e+03	6.575671e+00	3.600870e-03	2.603500e+02
3.617391e+03	6.114673e+00	3.192143e-03	3.211873e+02
4.160000e+03	5.673029e+00	2.802688e-03	3.979189e+02
4.784000e+03	5.260856e+00	2.464850e-03	4.947880e+02
5.501600e+03	4.865010e+00	2.200510e-03	6.172547e+02
6.326840e+03	4.487231e+00	1.965179e-03	7.724593e+02
7.275866e+03	4.128969e+00	1.704892e-03	9.694910e+02
8.367246e+03	3.791993e+00	1.495804e-03	1.219964e+03
9.622333e+03	3.477696e+00	1.313691e-03	1.538650e+03
