# Energy_MeV	dEdx_Elec_MeV_um	dEdx_Nucl_MeV_um	Range_um
1.000000e-05	5.196642e-03	2.665946e-02	3.848639e-03
1.150000e-05	5.572777e-03	2.962719e-02	4.127206e-03
1.322500e-05	5.976138e-03	3.284002e-02	4.425935e-03
1.520875e-05	6.408694e-03	3.642033e-02	4.746287e-03
1.749006e-05	6.872559e-03	4.047426e-02	5.089826e-03
2.011357e-05	7.369998e-03	4.486511e-02	5.458230e-03
2.313061e-05	7.903443e-03	4.973161e-02	5.853299e-03
2.660020e-05	8.475498e-03	5.506353e-02	6.276964e-03
3.059023e-05	9.088959e-03	6.093093e-02	6.731294e-03
3.517876e-05	9.746823e-03	6.737228e-02	7.218509e-03
4.045558e-05	1.045230e-02	7.439485e-02	7.740988e-03
4.652391e-05	1.120885e-02	8.221461e-02	8.301285e-03
5.350250e-05	1.202015e-02	9.075474e-02	8.902137e-03
6.152788e-05	1.289017e-02	9.994792e-02	9.546478e-03
7.075706e-05	1.382317e-02	1.098642e-01	1.023746e-02
8.137062e-05	1.482370e-02	1.211465e-01	1.097845e-02
9.357621e-05	1.589665e-02	1.334516e-01	1.177308e-02
1.076126e-04	1.704725e-02	1.466556e-01	1.262522e-02
1.237545e-04	1.828114e-02	1.609572e-01	1.353904e-02
1.423177e-04	1.960434e-02	1.761824e-01	1.451900e-02
1.636654e-04	2.102331e-02	1.935080e-01	1.556989e-02
1.882152e-04	2.254499e-02	2.122286e-01	1.669685e-02
2.164475e-04	2.417681e-02	2.321521e-01	1.790538e-02
2.489146e-04	2.592674e-02	2.539377e-01	1.920138e-02
2.862518e-04	2.780333e-02	2.773265e-01	2.059118e-02
3.291895e-04	2.981575e-02	3.025887e-01	2.208158e-02
3.785680e-04	3.197383e-02	3.293106e-01	2.367986e-02
4.353531e-04	3.428812e-02	3.582031e-01	2.539382e-02
5.006561e-04	3.676991e-02	3.895953e-01	2.723184e-02
5.757545e-04	3.943133e-02	4.226811e-01	2.920289e-02
6.621177e-04	4.228539e-02	4.568320e-01	3.131662e-02
7.614354e-04	4.534603e-02	4.940114e-01	3.358333e-02
8.756507e-04	4.862820e-02	5.354929e-01	3.601411e-02
1.006998e-03	5.214794e-02	5.779397e-01	3.862083e-02
1.158048e-03	5.592243e-02	6.229722e-01	4.141622e-02
1.331755e-03	5.997013e-02	6.684270e-01	4.441395e-02
1.531519e-03	6.431080e-02	7.173134e-01	4.762866e-02
1.761246e-03	6.896565e-02	7.713178e-01	5.107605e-02
2.025433e-03	7.395742e-02	8.254975e-01	5.477296e-02
2.329248e-03	7.931050e-02	8.826070e-01	5.873745e-02
2.678635e-03	8.505103e-02	9.414009e-01	6.298890e-02
3.080431e-03	9.120707e-02	1.001898e+00	6.754807e-02
3.542495e-03	9.780869e-02	1.063124e+00	7.243723e-02
4.073870e-03	1.048881e-01	1.124876e+00	7.768028e-02
4.684950e-03	1.124800e-01	1.190112e+00	8.330282e-02
5.387693e-03	1.206214e-01	1.255530e+00	8.933232e-02
6.195847e-03	1.293520e-01	1.318366e+00	9.579824e-02
7.125224e-03	1.387146e-01	1.378655e+00	1.027322e-01
8.194007e-03	1.487548e-01	1.446292e+00	1.101680e-01
9.423108e-03	1.595217e-01	1.512738e+00	1.181420e-01
1.083657e-02	1.710680e-01	1.574241e+00	1.266932e-01
1.246206e-02	1.834500e-01	1.633631e+00	1.358633e-01
1.433137e-02	1.967282e-01	1.686844e+00	1.456316e-01
1.648108e-02	2.109675e-01	1.746439e+00	1.562366e-01
1.895324e-02	2.262374e-01	1.802469e+00	1.675552e-01
2.179622e-02	2.426126e-01	1.851347e+00	1.796837e-01
2.506566e-02	2.601731e-01	1.899216e+00	1.926885e-01
2.882550e-02	2.790045e-01	1.941964e+00	2.066352e-01
3.314933e-02	2.991990e-01	1.981710e+00	2.215912e-01
3.812173e-02	3.208552e-01	2.015579e+00	2.376298e-01
4.383999e-02	3.440789e-01	2.046737e+00	2.548293e-01
5.041599e-02	3.689835e-01	2.075667e+00	2.732737e-01
5.797838e-02	3.956907e-01	2.098371e+00	2.930531e-01
6.667514e-02	4.243310e-01	2.115267e+00	3.142640e-01
7.667641e-02	4.550443e-01	2.129991e+00	3.370104e-01
8.817787e-02	4.879806e-01	2.144303e+00	3.614032e-01
1.014046e-01	5.233009e-01	2.151669e+00	3.875614e-01
1.166152e-01	5.611777e-01	2.154486e+00	4.156129e-01
1.341075e-01	6.017961e-01	2.151144e+00	4.456949e-01
1.542237e-01	6.453544e-01	2.144029e+00	4.779543e-01
1.773572e-01	6.920655e-01	2.134132e+00	5.125487e-01
2.039608e-01	7.421576e-01	2.117490e+00	5.496469e-01
2.345549e-01	7.958753e-01	2.095555e+00	5.894302e-01
2.697381e-01	8.534812e-01	2.068176e+00	6.320932e-01
3.101989e-01	9.152566e-01	2.035372e+00	6.778443e-01
3.567287e-01	9.815034e-01	1.997333e+00	7.269068e-01
4.102380e-01	1.052545e+00	1.953962e+00	7.795202e-01
4.717737e-01	1.128729e+00	1.905099e+00	8.359419e-01
5.425397e-01	1.210427e+00	1.851640e+00	8.964476e-01
6.239207e-01	1.298038e+00	1.795318e+00	9.613329e-01
7.175088e-01	1.391991e+00	1.736152e+00	1.030914e+00
8.251351e-01	1.492744e+00	1.668660e+00	1.105532e+00
9.489054e-01	1.600790e+00	1.599022e+00	1.185551e+00
1.091241e+00	1.716656e+00	1.528741e+00	1.271364e+00
1.254927e+00	1.840908e+00	1.457728e+00	1.363368e+00
1.443166e+00	1.964577e+00	1.389016e+00	1.462171e+00
1.659641e+00	2.086926e+00	1.310793e+00	1.569011e+00
1.908588e+00	2.215436e+00	1.234519e+00	1.684716e+00
2.194876e+00	2.349895e+00	1.161448e+00	1.810113e+00
2.524107e+00	2.489881e+00	1.087372e+00	1.946135e+00
2.902723e+00	2.634682e+00	1.016904e+00	2.093863e+00
3.338132e+00	1.410228e+00	9.467630e-01	2.254546e+00
3.838852e+00	1.498917e+00	8.823028e-01	2.429652e+00
4.414679e+00	1.614247e+00	8.178991e-01	2.620931e+00
5.076881e+00	1.769925e+00	7.544395e-01	2.830501e+00
5.838413e+00	1.937805e+00	6.972378e-01	3.060958e+00
6.714175e+00	2.124897e+00	6.461901e-01	3.315539e+00
7.721302e+00	2.321498e+00	5.947019e-01	3.598321e+00
8.879497e+00	2.537819e+00	5.428176e-01	3.914498e+00
1.021142e+01	2.773327e+00	5.050568e-01	4.270748e+00
1.174313e+01	3.018754e+00	4.706766e-01	4.675712e+00
1.350460e+01	3.286126e+00	4.311394e-01	5.140602e+00
1.553030e+01	3.544921e+00	3.856716e-01	5.321541e+00
1.785984e+01	3.835783e+00	3.401414e-01	5.030986e+00
2.053882e+01	4.163050e+00	3.059164e-01	4.801916e+00
2.361964e+01	4.495706e+00	2.757732e-01	4.630989e+00
2.716258e+01	4.863804e+00	2.483825e-01	4.515816e+00
3.123697e+01	5.260720e+00	2.235032e-01	4.454798e+00
3.592252e+01	5.700760e+00	2.018147e-01	4.446994e+00
4.131089e+01	6.192818e+00	1.822420e-01	4.491917e+00
4.750753e+01	6.721441e+00	1.631578e-01	4.589824e+00
5.463366e+01	7.300124e+00	1.460115e-01	4.741422e+00
6.282871e+01	7.889368e+00	1.316045e-01	4.948136e+00
7.225301e+01	8.483405e+00	1.195235e-01	5.212316e+00
8.309096e+01	9.110424e+00	1.058684e-01	5.537517e+00
9.555461e+01	9.690037e+00	9.390945e-02	5.928801e+00
1.098878e+02	1.029718e+01	8.401680e-02	6.393074e+00
1.263710e+02	1.087160e+01	7.514027e-02	6.939424e+00
1.453266e+02	1.135926e+01	6.803854e-02	7.579519e+00
1.671256e+02	1.182819e+01	5.992189e-02	8.328124e+00
1.921945e+02	1.229924e+01	5.303077e-02	9.203594e+00
2.210236e+02	1.274654e+01	4.724612e-02	1.022857e+01
2.541772e+02	1.309407e+01	4.184188e-02	1.143133e+01
2.923037e+02	1.738860e+01	3.726037e-02	1.284434e+01
3.361493e+02	1.709887e+01	3.298966e-02	1.451366e+01
3.865717e+02	1.675325e+01	2.949879e-02	1.649628e+01
4.445574e+02	1.629346e+01	2.618123e-02	1.884596e+01
5.112411e+02	1.577233e+01	2.314771e-02	2.164116e+01
5.879272e+02	1.518745e+01	2.062820e-02	2.498113e+01
6.761163e+02	1.457917e+01	1.853777e-02	2.898633e+01
7.775337e+02	1.394053e+01	1.649796e-02	3.380400e+01
8.941638e+02	1.329579e+01	1.442739e-02	3.963416e+01
1.028288e+03	1.265676e+01	1.276755e-02	4.674044e+01
1.182532e+03	1.206919e+01	1.129561e-02	5.541051e+01
1.359911e+03	1.154157e+01	1.011632e-02	6.595703e+01
1.563898e+03	1.100966e+01	8.975570e-03	7.882710e+01
1.798483e+03	1.046637e+01	7.833048e-03	9.461052e+01
2.068255e+03	9.920724e+00	6.922042e-03	1.140575e+02
2.378493e+03	9.373273e+00	6.093567e-03	1.381208e+02
2.735268e+03	8.830444e+00	5.365700e-03	1.680056e+02
3.145558e+03	8.283897e+00	4.725075e-03	2.052733e+02
3.617391e+03	7.742492e+00	4.191923e-03	2.519553e+02
4.160000e+03	7.220525e+00	3.719714e-03	3.105944e+02
4.784000e+03	6.728489e+00	3.268063e-03	3.843296e+02
5.501600e+03	6.251743e+00	2.872718e-03	4.772091e+02
6.326840e+03	5.793669e+00	2.550541e-03	5.945175e+02
7.275866e+03	5.356753e+00	2.288545e-03	7.429733e+02
8.367246e+03	4.942710e+00	1.988075e-03	9.311569e+02
9.622333e+03	4.552619e+00	1.738194e-03	1.169976e+03
