# Energy_MeV	dEdx_Elec_MeV_um	dEdx_Nucl_MeV_um	Range_um
1.000000e-05	4.643140e-03	2.723906e-02	4.307430e-03
1.150000e-05	4.979212e-03	3.021993e-02	4.619204e-03
1.322500e-05	5.339610e-03	3.357298e-02	4.953545e-03
1.520875e-05	5.726094e-03	3.721501e-02	5.312085e-03
1.749006e-05	6.140552e-03	4.124528e-02	5.696577e-03
2.011357e-05	6.585008e-03	4.567116e-02	6.108898e-03
2.313061e-05	7.061635e-03	5.053788e-02	6.551063e-03
2.660020e-05	7.572760e-03	5.586218e-02	7.025233e-03
3.059023e-05	8.120880e-03	6.169193e-02	7.533723e-03
3.517876e-05	8.708674e-03	6.816558e-02	8.079017e-03
4.045558e-05	9.339012e-03	7.525304e-02	8.663781e-03
4.652391e-05	1.001497e-02	8.285080e-02	9.290870e-03
5.350250e-05	1.073986e-02	9.107351e-02	9.963348e-03
6.152788e-05	1.151722e-02	1.004668e-01	1.068450e-02
7.075706e-05	1.235084e-02	1.106295e-01	1.145785e-02
8.137062e-05	1.324480e-02	1.215746e-01	1.228718e-02
9.357621e-05	1.420347e-02	1.333765e-01	1.317653e-02
1.076126e-04	1.523152e-02	1.459905e-01	1.413025e-02
1.237545e-04	1.633399e-02	1.604153e-01	1.515301e-02
1.423177e-04	1.751625e-02	1.758522e-01	1.624979e-02
1.636654e-04	1.878409e-02	1.923675e-01	1.742596e-02
1.882152e-04	2.014369e-02	2.103763e-01	1.868726e-02
2.164475e-04	2.160170e-02	2.296559e-01	2.003985e-02
2.489146e-04	2.316525e-02	2.506148e-01	2.149035e-02
2.862518e-04	2.484196e-02	2.726418e-01	2.304583e-02
3.291895e-04	2.664003e-02	2.966629e-01	2.471390e-02
3.785680e-04	2.856825e-02	3.225862e-01	2.650270e-02
4.353531e-04	3.063604e-02	3.497090e-01	2.842098e-02
5.006561e-04	3.285349e-02	3.779556e-01	3.047811e-02
5.757545e-04	3.523144e-02	4.089100e-01	3.268413e-02
6.621177e-04	3.778151e-02	4.430169e-01	3.504983e-02
7.614354e-04	4.051616e-02	4.780918e-01	3.758675e-02
8.756507e-04	4.344874e-02	5.150709e-01	4.030730e-02
1.006998e-03	4.659358e-02	5.525963e-01	4.322476e-02
1.158048e-03	4.996605e-02	5.932977e-01	4.635339e-02
1.331755e-03	5.358262e-02	6.376095e-01	4.970848e-02
1.531519e-03	5.746096e-02	6.823182e-01	5.330640e-02
1.761246e-03	6.162001e-02	7.293049e-01	5.716475e-02
2.025433e-03	6.608010e-02	7.779082e-01	6.130236e-02
2.329248e-03	7.086301e-02	8.277673e-01	6.573946e-02
2.678635e-03	7.599212e-02	8.778128e-01	7.049772e-02
3.080431e-03	8.149247e-02	9.288421e-01	7.560038e-02
3.542495e-03	8.739093e-02	9.823688e-01	8.107238e-02
4.073870e-03	9.371634e-02	1.036350e+00	8.694044e-02
4.684950e-03	1.004996e-01	1.087632e+00	9.323323e-02
5.387693e-03	1.077738e-01	1.137220e+00	9.998150e-02
6.195847e-03	1.155745e-01	1.193532e+00	1.072182e-01
7.125224e-03	1.239399e-01	1.247373e+00	1.149787e-01
8.194007e-03	1.329107e-01	1.297997e+00	1.233010e-01
9.423108e-03	1.425308e-01	1.346135e+00	1.322255e-01
1.083657e-02	1.528473e-01	1.389672e+00	1.417961e-01
1.246206e-02	1.639105e-01	1.439289e+00	1.520594e-01
1.433137e-02	1.757744e-01	1.483971e+00	1.630455e-01
1.648108e-02	1.884970e-01	1.524473e+00	1.748745e-01
1.895324e-02	2.021405e-01	1.563375e+00	1.875285e-01
2.179622e-02	2.167716e-01	1.597715e+00	2.011031e-01
2.506566e-02	2.324616e-01	1.630371e+00	2.156585e-01
2.882550e-02	2.492873e-01	1.657440e+00	2.312677e-01
3.314933e-02	2.673309e-01	1.683382e+00	2.480067e-01
3.812173e-02	2.866804e-01	1.706461e+00	2.659572e-01
4.383999e-02	3.074305e-01	1.724427e+00	2.852070e-01
5.041599e-02	3.296825e-01	1.738045e+00	3.058501e-01
5.797838e-02	3.535451e-01	1.750304e+00	3.279874e-01
6.667514e-02	3.791348e-01	1.761472e+00	3.517270e-01
7.667641e-02	4.065768e-01	1.767147e+00	3.771848e-01
8.817787e-02	4.360051e-01	1.768955e+00	4.044853e-01
1.014046e-01	4.675634e-01	1.765840e+00	4.337619e-01
1.166152e-01	5.014058e-01	1.759916e+00	4.651576e-01
1.341075e-01	5.376979e-01	1.751242e+00	4.988256e-01
1.542237e-01	5.766167e-01	1.737121e+00	5.349304e-01
1.773572e-01	6.183525e-01	1.718682e+00	5.736486e-01
2.039608e-01	6.631092e-01	1.695778e+00	6.151694e-01
2.345549e-01	7.111054e-01	1.668425e+00	6.596954e-01
2.697381e-01	7.625756e-01	1.636767e+00	7.074442e-01
3.101989e-01	8.177712e-01	1.600680e+00	7.586488e-01
3.567287e-01	8.769619e-01	1.560224e+00	8.135599e-01
4.102380e-01	9.404369e-01	1.515853e+00	8.724457e-01
4.717737e-01	1.008506e+00	1.469448e+00	9.355936e-01
5.425397e-01	1.081502e+00	1.420473e+00	1.003312e+00
6.239207e-01	1.159782e+00	1.364281e+00	1.075932e+00
7.175088e-01	1.243728e+00	1.307605e+00	1.153808e+00
8.251351e-01	1.333749e+00	1.249150e+00	1.237321e+00
9.489054e-01	1.430287e+00	1.191240e+00	1.326877e+00
1.091241e+00	1.533812e+00	1.134609e+00	1.422926e+00
1.254927e+00	1.644830e+00	1.069572e+00	1.525888e+00
1.443166e+00	1.748181e+00	1.008138e+00	1.636794e+00
1.659641e+00	1.856553e+00	9.473013e-01	1.756898e+00
1.908588e+00	1.970203e+00	8.871413e-01	1.886978e+00
2.194876e+00	2.088873e+00	8.295568e-01	2.028012e+00
2.524107e+00	1.108474e+00	7.720940e-01	2.181073e+00
2.902723e+00	1.188727e+00	7.195816e-01	2.347409e+00
3.338132e+00	1.269836e+00	6.659610e-01	2.528472e+00
3.838852e+00	1.355319e+00	6.148641e-01	2.725980e+00
4.414679e+00	1.479306e+00	5.684435e-01	2.941995e+00
5.076881e+00	1.625505e+00	5.266854e-01	3.179028e+00
5.838413e+00	1.781632e+00	4.838178e-01	3.440177e+00
6.714175e+00	1.951285e+00	4.424323e-01	3.729321e+00
7.721302e+00	2.136874e+00	4.120998e-01	4.051376e+00
8.879497e+00	2.331079e+00	3.834759e-01	4.412633e+00
1.021142e+01	2.544711e+00	3.505583e-01	4.821204e+00
1.174313e+01	2.765984e+00	3.127032e-01	4.884098e+00
1.350460e+01	2.996247e+00	2.763037e-01	4.688666e+00
1.553030e+01	3.242686e+00	2.487251e-01	4.528430e+00
1.785984e+01	3.518020e+00	2.242290e-01	4.404781e+00
2.053882e+01	3.825324e+00	2.017915e-01	4.319342e+00
2.361964e+01	4.155772e+00	1.815033e-01	4.273971e+00
2.716258e+01	4.521246e+00	1.641070e-01	4.270698e+00
3.123697e+01	4.932890e+00	1.480606e-01	4.311829e+00
3.592252e+01	5.352883e+00	1.325699e-01	4.399892e+00
4.131089e+01	5.813583e+00	1.185368e-01	4.537567e+00
4.750753e+01	6.299138e+00	1.069902e-01	4.727814e+00
5.463366e+01	6.778642e+00	9.710422e-02	4.974037e+00
6.282871e+01	7.287419e+00	8.578820e-02	5.280328e+00
7.225301e+01	7.747819e+00	7.635837e-02	5.651803e+00
8.309096e+01	8.227885e+00	6.812204e-02	6.094998e+00
9.555461e+01	8.702458e+00	6.112645e-02	6.618262e+00
1.098878e+02	9.134503e+00	5.525021e-02	7.232337e+00
1.263710e+02	9.569396e+00	4.860010e-02	7.950791e+00
1.453266e+02	9.870701e+00	4.310455e-02	8.790649e+00
1.671256e+02	1.019271e+01	3.828842e-02	9.773117e+00
1.921945e+02	1.053263e+01	3.398950e-02	1.092447e+01
2.210236e+02	1.075901e+01	3.025669e-02	1.227705e+01
2.541772e+02	1.421424e+01	2.681692e-02	1.387099e+01
2.923037e+02	1.377639e+01	2.396964e-02	1.575369e+01
3.361493e+02	1.344058e+01	2.123209e-02	1.799554e+01
3.865717e+02	1.302323e+01	1.879760e-02	2.066783e+01
4.445574e+02	1.255620e+01	1.676627e-02	2.385652e+01
5.112411e+02	1.204201e+01	1.506655e-02	2.767843e+01
5.879272e+02	1.150736e+01	1.336826e-02	3.228066e+01
6.761163e+02	1.096567e+01	1.170440e-02	3.784020e+01
7.775337e+02	1.040937e+01	1.035892e-02	4.458460e+01
8.941638e+02	9.862999e+00	9.175840e-03	5.282666e+01
1.028288e+03	9.321603e+00	8.219922e-03	6.295202e+01
1.182532e+03	8.856308e+00	7.270167e-03	7.536985e+01
1.359911e+03	8.408104e+00	6.352643e-03	9.059172e+01
1.563898e+03	7.954806e+00	5.614537e-03	1.093377e+02
1.798483e+03	7.500288e+00	4.943448e-03	1.325318e+02
2.068255e+03	7.049145e+00	4.348807e-03	1.613584e+02
2.378493e+03	6.604660e+00	3.830484e-03	1.973220e+02
2.735268e+03	6.168010e+00	3.402488e-03	2.423486e+02
3.145558e+03	5.733897e+00	3.016152e-03	2.989633e+02
3.617391e+03	5.313177e+00	2.650475e-03	3.704090e+02
4.160000e+03	4.919278e+00	2.327593e-03	4.607200e+02
4.784000e+03	4.546296e+00	2.073836e-03	5.749630e+02
5.501600e+03	4.190499e+00	1.856303e-03	7.197792e+02
6.326840e+03	3.853012e+00	1.610957e-03	9.037092e+02
7.275866e+03	3.534685e+00	1.411539e-03	1.137650e+03
8.367246e+03	3.238052e+00	1.239886e-03	1.435492e+03
9.622333e+03	2.962779e+00	1.100330e-03	1.814870e+03
