# Energy_MeV	dEdx_Elec_MeV_um	dEdx_Nucl_MeV_um	Range_um
1.000000e-05	5.188317e-03	2.801099e-02	3.854815e-03
1.150000e-05	5.563850e-03	3.104064e-02	4.133828e-03
1.322500e-05	5.966564e-03	3.448098e-02	4.433037e-03
1.520875e-05	6.398427e-03	3.827505e-02	4.753903e-03
1.749006e-05	6.861549e-03	4.241574e-02	5.097993e-03
2.011357e-05	7.358191e-03	4.699365e-02	5.466988e-03
2.313061e-05	7.890781e-03	5.202715e-02	5.862692e-03
2.660020e-05	8.461920e-03	5.757159e-02	6.287036e-03
3.059023e-05	9.074398e-03	6.359491e-02	6.742095e-03
3.517876e-05	9.731208e-03	7.024489e-02	7.230092e-03
4.045558e-05	1.043556e-02	7.759005e-02	7.753410e-03
4.652391e-05	1.119089e-02	8.560201e-02	8.314605e-03
5.350250e-05	1.200089e-02	9.415096e-02	8.916421e-03
6.152788e-05	1.286952e-02	1.035781e-01	9.561796e-03
7.075706e-05	1.380103e-02	1.142496e-01	1.025388e-02
8.137062e-05	1.479995e-02	1.256664e-01	1.099607e-02
9.357621e-05	1.587118e-02	1.381171e-01	1.179197e-02
1.076126e-04	1.701994e-02	1.513312e-01	1.264548e-02
1.237545e-04	1.825186e-02	1.658080e-01	1.356076e-02
1.423177e-04	1.957294e-02	1.821130e-01	1.454230e-02
1.636654e-04	2.098963e-02	1.994142e-01	1.559488e-02
1.882152e-04	2.250888e-02	2.182304e-01	1.672364e-02
2.164475e-04	2.413808e-02	2.385219e-01	1.793411e-02
2.489146e-04	2.588521e-02	2.603133e-01	1.923219e-02
2.862518e-04	2.775879e-02	2.837098e-01	2.062422e-02
3.291895e-04	2.976799e-02	3.086032e-01	2.211702e-02
3.785680e-04	3.192261e-02	3.358414e-01	2.371786e-02
4.353531e-04	3.423319e-02	3.649575e-01	2.543457e-02
5.006561e-04	3.671100e-02	3.952164e-01	2.727554e-02
5.757545e-04	3.936816e-02	4.269651e-01	2.924975e-02
6.621177e-04	4.221765e-02	4.626908e-01	3.136687e-02
7.614354e-04	4.527339e-02	5.005837e-01	3.363722e-02
8.756507e-04	4.855030e-02	5.398484e-01	3.607190e-02
1.006998e-03	5.206440e-02	5.807645e-01	3.868280e-02
1.158048e-03	5.583284e-02	6.226144e-01	4.148268e-02
1.331755e-03	5.987406e-02	6.695896e-01	4.448522e-02
1.531519e-03	6.420777e-02	7.185054e-01	4.770508e-02
1.761246e-03	6.885516e-02	7.682658e-01	5.115800e-02
2.025433e-03	7.383894e-02	8.205722e-01	5.486084e-02
2.329248e-03	7.918344e-02	8.744566e-01	5.883170e-02
2.678635e-03	8.491478e-02	9.300136e-01	6.308997e-02
3.080431e-03	9.106095e-02	9.850986e-01	6.765646e-02
3.542495e-03	9.765199e-02	1.042223e+00	7.255347e-02
4.073870e-03	1.047201e-01	1.101307e+00	7.780493e-02
4.684950e-03	1.122998e-01	1.159730e+00	8.343649e-02
5.387693e-03	1.204281e-01	1.214936e+00	8.947566e-02
6.195847e-03	1.291448e-01	1.271451e+00	9.595196e-02
7.125224e-03	1.384923e-01	1.333133e+00	1.028970e-01
8.194007e-03	1.485165e-01	1.390602e+00	1.103448e-01
9.423108e-03	1.592662e-01	1.446432e+00	1.183316e-01
1.083657e-02	1.707939e-01	1.497008e+00	1.268965e-01
1.246206e-02	1.831561e-01	1.546804e+00	1.360110e-01
1.433137e-02	1.964130e-01	1.600069e+00	1.459133e-01
1.648108e-02	2.106295e-01	1.647280e+00	1.564974e-01
1.895324e-02	2.258750e-01	1.691774e+00	1.678246e-01
2.179622e-02	2.422239e-01	1.733101e+00	1.799712e-01
2.506566e-02	2.597562e-01	1.770332e+00	1.929976e-01
2.882550e-02	2.785575e-01	1.803660e+00	2.069665e-01
3.314933e-02	2.987197e-01	1.832906e+00	2.219465e-01
3.812173e-02	3.203412e-01	1.860721e+00	2.380109e-01
4.383999e-02	3.435276e-01	1.884765e+00	2.552380e-01
5.041599e-02	3.683923e-01	1.903015e+00	2.737120e-01
5.797838e-02	3.950568e-01	1.916675e+00	2.935230e-01
6.667514e-02	4.236512e-01	1.930822e+00	3.147681e-01
7.667641e-02	4.543153e-01	1.941156e+00	3.375510e-01
8.817787e-02	4.871989e-01	1.945593e+00	3.619829e-01
1.014046e-01	5.224626e-01	1.945840e+00	3.881831e-01
1.166152e-01	5.602787e-01	1.940722e+00	4.162796e-01
1.341075e-01	6.008320e-01	1.933885e+00	4.464098e-01
1.542237e-01	6.443205e-01	1.922390e+00	4.787210e-01
1.773572e-01	6.909568e-01	1.904866e+00	5.133709e-01
2.039608e-01	7.409686e-01	1.882980e+00	5.505286e-01
2.345549e-01	7.946003e-01	1.855977e+00	5.903757e-01
2.697381e-01	8.521139e-01	1.824251e+00	6.331072e-01
3.101989e-01	9.137903e-01	1.787812e+00	6.789318e-01
3.567287e-01	9.799310e-01	1.746265e+00	7.280729e-01
4.102380e-01	1.050859e+00	1.700342e+00	7.807708e-01
4.717737e-01	1.126921e+00	1.650777e+00	8.372830e-01
5.425397e-01	1.208488e+00	1.599067e+00	8.978859e-01
6.239207e-01	1.295959e+00	1.542672e+00	9.628753e-01
7.175088e-01	1.389761e+00	1.480420e+00	1.032568e+00
8.251351e-01	1.490353e+00	1.417677e+00	1.107306e+00
9.489054e-01	1.598225e+00	1.352993e+00	1.187453e+00
1.091241e+00	1.713905e+00	1.290303e+00	1.273395e+00
1.254927e+00	1.831550e+00	1.224943e+00	1.365618e+00
1.443166e+00	1.945782e+00	1.154441e+00	1.465254e+00
1.659641e+00	2.065825e+00	1.087336e+00	1.573164e+00
1.908588e+00	2.191507e+00	1.020250e+00	1.690093e+00
2.194876e+00	2.322463e+00	9.544143e-01	1.816912e+00
2.524107e+00	2.458070e+00	8.909062e-01	1.954617e+00
2.902723e+00	2.597357e+00	8.303171e-01	2.104359e+00
3.338132e+00	2.738914e+00	7.724465e-01	2.267492e+00
3.838852e+00	1.457091e+00	7.141219e-01	2.445623e+00
4.414679e+00	1.601448e+00	6.583141e-01	2.640691e+00
5.076881e+00	1.759567e+00	6.088619e-01	2.855073e+00
5.838413e+00	1.935424e+00	5.640779e-01	3.091720e+00
6.714175e+00	2.120003e+00	5.146027e-01	3.354347e+00
7.721302e+00	2.324970e+00	4.730248e-01	3.647680e+00
8.879497e+00	2.544867e+00	4.431241e-01	3.977787e+00
1.021142e+01	2.777758e+00	4.100881e-01	4.352510e+00
1.174313e+01	3.033752e+00	3.720966e-01	4.782025e+00
1.350460e+01	3.277134e+00	3.284065e-01	4.536119e+00
1.553030e+01	3.553116e+00	2.915373e-01	4.334993e+00
1.785984e+01	3.863012e+00	2.639484e-01	4.177907e+00
2.053882e+01	4.190929e+00	2.377275e-01	4.064359e+00
2.361964e+01	4.553849e+00	2.144454e-01	3.994292e+00
2.716258e+01	4.948124e+00	1.926413e-01	3.968039e+00
3.123697e+01	5.386988e+00	1.740554e-01	3.986191e+00
3.592252e+01	5.868966e+00	1.566823e-01	4.049763e+00
4.131089e+01	6.383203e+00	1.401624e-01	4.160045e+00
4.750753e+01	6.949304e+00	1.260869e-01	4.318679e+00
5.463366e+01	7.501159e+00	1.141628e-01	4.527836e+00
6.282871e+01	8.073626e+00	1.027530e-01	4.790444e+00
7.225301e+01	8.655283e+00	9.091703e-02	5.110466e+00
8.309096e+01	9.210704e+00	8.105316e-02	5.493227e+00
9.555461e+01	9.794977e+00	7.234853e-02	5.945761e+00
1.098878e+02	1.032392e+01	6.514239e-02	6.477135e+00
1.263710e+02	1.080535e+01	5.836039e-02	7.098998e+00
1.453266e+02	1.123484e+01	5.142332e-02	7.825927e+00
1.671256e+02	1.167236e+01	4.569487e-02	8.676061e+00
1.921945e+02	1.211455e+01	4.055882e-02	9.671820e+00
2.210236e+02	1.243274e+01	3.595085e-02	1.084105e+01
2.541772e+02	1.590320e+01	3.192224e-02	1.221648e+01
2.923037e+02	1.557248e+01	2.844695e-02	1.384197e+01
3.361493e+02	1.521866e+01	2.537991e-02	1.577601e+01
3.865717e+02	1.476922e+01	2.246474e-02	1.807285e+01
4.445574e+02	1.426572e+01	1.985839e-02	2.080982e+01
5.112411e+02	1.370798e+01	1.774085e-02	2.408583e+01
5.879272e+02	1.313014e+01	1.596661e-02	2.802264e+01
6.761163e+02	1.253229e+01	1.400654e-02	3.276782e+01
7.775337e+02	1.192688e+01	1.229088e-02	3.851914e+01
8.941638e+02	1.132866e+01	1.090680e-02	4.554237e+01
1.028288e+03	1.076543e+01	9.686260e-03	5.413805e+01
1.182532e+03	1.026784e+01	8.702631e-03	6.462683e+01
1.359911e+03	9.771913e+00	7.606481e-03	7.745509e+01
1.563898e+03	9.267928e+00	6.665730e-03	9.322266e+01
1.798483e+03	8.762821e+00	5.904969e-03	1.126933e+02
2.068255e+03	8.258337e+00	5.194138e-03	1.368411e+02
2.378493e+03	7.760361e+00	4.593109e-03	1.668996e+02
2.735268e+03	7.262834e+00	4.038097e-03	2.044616e+02
3.145558e+03	6.769277e+00	3.587591e-03	2.516099e+02
3.617391e+03	6.292825e+00	3.168417e-03	3.109705e+02
4.160000e+03	5.848832e+00	2.781648e-03	3.857893e+02
4.784000e+03	5.420629e+00	2.466955e-03	4.802210e+02
5.501600e+03	5.010195e+00	2.203556e-03	5.997114e+02
6.326840e+03	4.620018e+00	1.952493e-03	7.511945e+02
7.275866e+03	4.251679e+00	1.697728e-03	9.435305e+02
8.367246e+03	3.906561e+00	1.491201e-03	1.187992e+03
9.622333e+03	3.584226e+00	1.312835e-03	1.498872e+03
