# Energy_MeV	dEdx_Elec_MeV_um	dEdx_Nucl_MeV_um	Range_um
1.000000e-05	2.040308e-03	3.229755e-02	5.422535e-03
1.150000e-05	2.204620e-03	3.555551e-02	5.815021e-03
1.322500e-05	2.380704e-03	3.916591e-02	6.235915e-03
1.520875e-05	2.569423e-03	4.310955e-02	6.687274e-03
1.749006e-05	2.771701e-03	4.746001e-02	7.171302e-03
2.011357e-05	2.988528e-03	5.204558e-02	7.690365e-03
2.313061e-05	3.220964e-03	5.707696e-02	8.246998e-03
2.660020e-05	3.470147e-03	6.262127e-02	8.843920e-03
3.059023e-05	3.737295e-03	6.862082e-02	9.484047e-03
3.517876e-05	4.023713e-03	7.521056e-02	1.017051e-02
4.045558e-05	4.330801e-03	8.219191e-02	1.090665e-02
4.652391e-05	4.660061e-03	8.989674e-02	1.169608e-02
5.350250e-05	5.013101e-03	9.805447e-02	1.254265e-02
6.152788e-05	5.391647e-03	1.067090e-01	1.345050e-02
7.075706e-05	5.797548e-03	1.162022e-01	1.442405e-02
8.137062e-05	6.232788e-03	1.262622e-01	1.546807e-02
9.357621e-05	6.699493e-03	1.372332e-01	1.658766e-02
1.076126e-04	7.199943e-03	1.483862e-01	1.778828e-02
1.237545e-04	7.736584e-03	1.604890e-01	1.907581e-02
1.423177e-04	8.312037e-03	1.738385e-01	2.045652e-02
1.636654e-04	8.929114e-03	1.878746e-01	2.193718e-02
1.882152e-04	9.590830e-03	2.025518e-01	2.352500e-02
2.164475e-04	1.030042e-02	2.175469e-01	2.522775e-02
2.489146e-04	1.106134e-02	2.334823e-01	2.705375e-02
2.862518e-04	1.187732e-02	2.508723e-01	2.901192e-02
3.291895e-04	1.275235e-02	2.689777e-01	3.111182e-02
3.785680e-04	1.369069e-02	2.875338e-01	3.336370e-02
4.353531e-04	1.469693e-02	3.069089e-01	3.577859e-02
5.006561e-04	1.577598e-02	3.265670e-01	3.836826e-02
5.757545e-04	1.693313e-02	3.470266e-01	4.114538e-02
6.621177e-04	1.817402e-02	3.676067e-01	4.412350e-02
7.614354e-04	1.950471e-02	3.887155e-01	4.731718e-02
8.756507e-04	2.093170e-02	4.105343e-01	5.074202e-02
1.006998e-03	2.246197e-02	4.309873e-01	5.441476e-02
1.158048e-03	2.410300e-02	4.518442e-01	5.835333e-02
1.331755e-03	2.586279e-02	4.734882e-01	6.257697e-02
1.531519e-03	2.774995e-02	4.948315e-01	6.710633e-02
1.761246e-03	2.977369e-02	5.165060e-01	7.196352e-02
2.025433e-03	3.194391e-02	5.356083e-01	7.717228e-02
2.329248e-03	3.427120e-02	5.546263e-01	8.275805e-02
2.678635e-03	3.676693e-02	5.736970e-01	8.874812e-02
3.080431e-03	3.944331e-02	5.916985e-01	9.517175e-02
3.542495e-03	4.231339e-02	6.094392e-01	1.020603e-01
4.073870e-03	4.539120e-02	6.248196e-01	1.094475e-01
4.684950e-03	4.869179e-02	6.400857e-01	1.173694e-01
5.387693e-03	5.223127e-02	6.533494e-01	1.258646e-01
6.195847e-03	5.602693e-02	6.647248e-01	1.349283e-01
7.125224e-03	6.009732e-02	6.757532e-01	1.447187e-01
8.194007e-03	6.446233e-02	6.850546e-01	1.552259e-01
9.423108e-03	6.914327e-02	6.936366e-01	1.664594e-01
1.083657e-02	7.416302e-02	6.996981e-01	1.785080e-01
1.246206e-02	7.954610e-02	7.048009e-01	1.914283e-01
1.433137e-02	8.531880e-02	7.095037e-01	2.052837e-01
1.648108e-02	9.150933e-02	7.127644e-01	2.201419e-01
1.895324e-02	9.814794e-02	7.139474e-01	2.360756e-01
2.179622e-02	1.052670e-01	7.134301e-01	2.531626e-01
2.506566e-02	1.129014e-01	7.113796e-01	2.714864e-01
2.882550e-02	1.210884e-01	7.082805e-01	2.911365e-01
3.314933e-02	1.298680e-01	7.035348e-01	3.122088e-01
3.812173e-02	1.392830e-01	6.966018e-01	3.348062e-01
4.383999e-02	1.493794e-01	6.880441e-01	3.590395e-01
5.041599e-02	1.602067e-01	6.776032e-01	3.850267e-01
5.797838e-02	1.718177e-01	6.654871e-01	4.128949e-01
6.667514e-02	1.842690e-01	6.515552e-01	4.427801e-01
7.667641e-02	1.976216e-01	6.358827e-01	4.748284e-01
8.817787e-02	2.119406e-01	6.184874e-01	5.091965e-01
1.014046e-01	2.272961e-01	6.003876e-01	5.460523e-01
1.166152e-01	2.437630e-01	5.807136e-01	5.855755e-01
1.341075e-01	2.614218e-01	5.591156e-01	6.279593e-01
1.542237e-01	2.803587e-01	5.367878e-01	6.734111e-01
1.773572e-01	3.006663e-01	5.129716e-01	7.221528e-01
2.039608e-01	3.224438e-01	4.901757e-01	7.744224e-01
2.345549e-01	3.457975e-01	4.664593e-01	8.304751e-01
2.697381e-01	3.708416e-01	4.414276e-01	8.905848e-01
3.101989e-01	3.976984e-01	4.168377e-01	9.550457e-01
3.567287e-01	4.264992e-01	3.914649e-01	1.024172e+00
4.102380e-01	4.573845e-01	3.677007e-01	1.098303e+00
4.717737e-01	4.905053e-01	3.433047e-01	1.177796e+00
5.425397e-01	5.260234e-01	3.200567e-01	1.263050e+00
6.239207e-01	5.641126e-01	2.987487e-01	1.354466e+00
7.175088e-01	6.049604e-01	2.768134e-01	1.453073e+00
8.251351e-01	6.487647e-01	2.564128e-01	1.559872e+00
9.489054e-01	6.957396e-01	2.362432e-01	1.675565e+00
1.091241e+00	7.461145e-01	2.186349e-01	1.801018e+00
1.254927e+00	8.001357e-01	2.016843e-01	1.937202e+00
1.443166e+00	8.580670e-01	1.848025e-01	2.085237e+00
1.659641e+00	9.119921e-01	1.702491e-01	2.246436e+00
1.908588e+00	9.686266e-01	1.590614e-01	2.422354e+00
2.194876e+00	1.055581e+00	1.464093e-01	2.614863e+00
2.524107e+00	1.152600e+00	1.318594e-01	2.679720e+00
2.902723e+00	1.258486e+00	1.170709e-01	2.699518e+00
3.338132e+00	1.373525e+00	1.039000e-01	2.717353e+00
3.838852e+00	1.502265e+00	9.415947e-02	2.734625e+00
4.414679e+00	1.640415e+00	8.460926e-02	2.752971e+00
5.076881e+00	1.793525e+00	7.652473e-02	2.774523e+00
5.838413e+00	1.960949e+00	6.887985e-02	2.801728e+00
6.714175e+00	2.129929e+00	6.200757e-02	2.837439e+00
7.721302e+00	2.315097e+00	5.584127e-02	2.884956e+00
8.879497e+00	2.515740e+00	4.978361e-02	2.948043e+00
1.021142e+01	2.722061e+00	4.513511e-02	3.030952e+00
1.174313e+01	2.930364e+00	4.066914e-02	3.138429e+00
1.350460e+01	3.117470e+00	3.629943e-02	3.275716e+00
1.553030e+01	3.309409e+00	3.241440e-02	3.448500e+00
1.785984e+01	3.473931e+00	2.872389e-02	3.663036e+00
2.053882e+01	3.638371e+00	2.586908e-02	3.926072e+00
2.361964e+01	3.804207e+00	2.317716e-02	4.245021e+00
2.716258e+01	3.942157e+00	2.057979e-02	4.628188e+00
3.123697e+01	4.080141e+00	1.831526e-02	5.085104e+00
3.592252e+01	4.193014e+00	1.617216e-02	5.627072e+00
4.131089e+01	4.292322e+00	1.442881e-02	6.267770e+00
4.750753e+01	4.383877e+00	1.276095e-02	7.024041e+00
5.463366e+01	4.434899e+00	1.130562e-02	7.916853e+00
6.282871e+01	4.472010e+00	1.012872e-02	8.972402e+00
7.225301e+01	4.468563e+00	8.971609e-03	1.022350e+01
8.309096e+01	4.457691e+00	7.984774e-03	1.171123e+01
9.555461e+01	4.441137e+00	7.067393e-03	1.348719e+01
1.098878e+02	4.382699e+00	6.318078e-03	1.561604e+01
1.263710e+02	5.160948e+00	5.648937e-03	1.817848e+01
1.453266e+02	4.883157e+00	4.977760e-03	2.127625e+01
1.671256e+02	4.627858e+00	4.358167e-03	2.505178e+01
1.921945e+02	4.367614e+00	3.880537e-03	2.965809e+01
2.210236e+02	4.106870e+00	3.446447e-03	3.529570e+01
2.541772e+02	3.845158e+00	3.075989e-03	4.222860e+01
2.923037e+02	3.589045e+00	2.705850e-03	5.079426e+01
3.361493e+02	3.340916e+00	2.364470e-03	6.141310e+01
3.865717e+02	3.097238e+00	2.096611e-03	7.463905e+01
4.445574e+02	2.861338e+00	1.836377e-03	9.122770e+01
5.112411e+02	2.638440e+00	1.630493e-03	1.121149e+02
5.879272e+02	2.443739e+00	1.439471e-03	1.383640e+02
6.761163e+02	2.257182e+00	1.271551e-03	1.713683e+02
7.775337e+02	2.077834e+00	1.125591e-03	2.130258e+02
8.941638e+02	1.906540e+00	9.837900e-04	2.657904e+02
1.028288e+03	1.744051e+00	8.802123e-04	3.328374e+02
1.182532e+03	1.591277e+00	7.816919e-04	4.182404e+02
1.359911e+03	1.447747e+00	6.855399e-04	5.272676e+02
1.563898e+03	1.313033e+00	6.030763e-04	6.668371e+02
1.798483e+03	1.188348e+00	5.259188e-04	8.458175e+02
2.068255e+03	1.075741e+00	4.680494e-04	1.075292e+03
2.378493e+03	9.724057e-01	4.140776e-04	1.369299e+03
2.735268e+03	8.779470e-01	3.619010e-04	1.746164e+03
3.145558e+03	7.923621e-01	3.178531e-04	2.229273e+03
3.617391e+03	7.149886e-01	2.766112e-04	2.848403e+03
4.160000e+03	6.449394e-01	2.436283e-04	3.641331e+03
4.784000e+03	5.818708e-01	2.126072e-04	4.655807e+03
5.501600e+03	5.256113e-01	1.854530e-04	5.952017e+03
6.326840e+03	4.754187e-01	1.643862e-04	7.605515e+03
7.275866e+03	4.306004e-01	1.435556e-04	9.710651e+03
8.367246e+03	3.908469e-01	1.261235e-04	1.238472e+04
9.622333e+03	3.557022e-01	1.102930e-04	1.577267e+04
