# Energy_MeV	dEdx_Elec_MeV_um	dEdx_Nucl_MeV_um	Range_um
1.000000e-05	4.582589e-03	3.143526e-02	4.364345e-03
1.150000e-05	4.914279e-03	3.477400e-02	4.680239e-03
1.322500e-05	5.269977e-03	3.842135e-02	5.018997e-03
1.520875e-05	5.651421e-03	4.245314e-02	5.382275e-03
1.749006e-05	6.060474e-03	4.687981e-02	5.771847e-03
2.011357e-05	6.499134e-03	5.178147e-02	6.189616e-03
2.313061e-05	6.969545e-03	5.695751e-02	6.637624e-03
2.660020e-05	7.474004e-03	6.265015e-02	7.118058e-03
3.059023e-05	8.014976e-03	6.910955e-02	7.633267e-03
3.517876e-05	8.595105e-03	7.605333e-02	8.185767e-03
4.045558e-05	9.217223e-03	8.363045e-02	8.778257e-03
4.652391e-05	9.884370e-03	9.164980e-02	9.413632e-03
5.350250e-05	1.059981e-02	1.003872e-01	1.009500e-02
6.152788e-05	1.136703e-02	1.102680e-01	1.082568e-02
7.075706e-05	6.112436e-03	1.208399e-01	1.160925e-02
8.137062e-05	6.575675e-03	1.322417e-01	1.244953e-02
9.357621e-05	7.072380e-03	1.445490e-01	1.335063e-02
1.076126e-04	7.604979e-03	1.577522e-01	1.431696e-02
1.237545e-04	8.176072e-03	1.721088e-01	1.535323e-02
1.423177e-04	8.788452e-03	1.872882e-01	1.646450e-02
1.636654e-04	9.445109e-03	2.037771e-01	1.765621e-02
1.882152e-04	1.014925e-02	2.215143e-01	1.893418e-02
2.164475e-04	1.090432e-02	2.399302e-01	2.030464e-02
2.489146e-04	1.171401e-02	2.594812e-01	2.177430e-02
2.862518e-04	1.258226e-02	2.808684e-01	2.335034e-02
3.291895e-04	1.351333e-02	3.038944e-01	2.504045e-02
3.785680e-04	1.451176e-02	3.281860e-01	2.685289e-02
4.353531e-04	1.558243e-02	3.530948e-01	2.879652e-02
5.006561e-04	1.673057e-02	3.790853e-01	3.088082e-02
5.757545e-04	1.796179e-02	4.072070e-01	3.311599e-02
6.621177e-04	1.928211e-02	4.370024e-01	3.551295e-02
7.614354e-04	2.069796e-02	4.679845e-01	3.808339e-02
8.756507e-04	2.221628e-02	4.997457e-01	4.083989e-02
1.006998e-03	2.384448e-02	5.334001e-01	4.379590e-02
1.158048e-03	2.559052e-02	5.671828e-01	4.696587e-02
1.331755e-03	2.746291e-02	6.010692e-01	5.036529e-02
1.531519e-03	2.947082e-02	6.364197e-01	5.401075e-02
1.761246e-03	3.162405e-02	6.724124e-01	5.792008e-02
2.025433e-03	3.393311e-02	7.097289e-01	6.211237e-02
2.329248e-03	3.640930e-02	7.438934e-01	6.660809e-02
2.678635e-03	3.906470e-02	7.783729e-01	7.142922e-02
3.080431e-03	4.191229e-02	8.164110e-01	7.659931e-02
3.542495e-03	4.496599e-02	8.528727e-01	8.214360e-02
4.073870e-03	4.824070e-02	8.876031e-01	8.808920e-02
4.684950e-03	5.175243e-02	9.195604e-01	9.446515e-02
5.387693e-03	5.551833e-02	9.499275e-01	1.013026e-01
6.195847e-03	5.955681e-02	9.829705e-01	1.086349e-01
7.125224e-03	6.388758e-02	1.013582e+00	1.164980e-01
8.194007e-03	6.853181e-02	1.041032e+00	1.249129e-01
9.423108e-03	7.351219e-02	1.067187e+00	1.339514e-01
1.083657e-02	7.885305e-02	1.090257e+00	1.436746e-01
1.246206e-02	8.458048e-02	1.112082e+00	1.540714e-01
1.433137e-02	9.072245e-02	1.130822e+00	1.652238e-01
1.648108e-02	9.730898e-02	1.148128e+00	1.771825e-01
1.895324e-02	1.043722e-01	1.163828e+00	1.900068e-01
2.179622e-02	1.119467e-01	1.175354e+00	2.037593e-01
2.506566e-02	1.200695e-01	1.184854e+00	2.185072e-01
2.882550e-02	1.287802e-01	1.193323e+00	2.343226e-01
3.314933e-02	1.381213e-01	1.200096e+00	2.512827e-01
3.812173e-02	1.481386e-01	1.204123e+00	2.694705e-01
4.383999e-02	1.588809e-01	1.204699e+00	2.889747e-01
5.041599e-02	1.704007e-01	1.202617e+00	3.098905e-01
5.797838e-02	1.827544e-01	1.198525e+00	3.323202e-01
6.667514e-02	1.960022e-01	1.191980e+00	3.563736e-01
7.667641e-02	2.102089e-01	1.182289e+00	3.821679e-01
8.817787e-02	2.254439e-01	1.169326e+00	4.098291e-01
1.014046e-01	2.417816e-01	1.153520e+00	4.394923e-01
1.166152e-01	2.593019e-01	1.134573e+00	4.713028e-01
1.341075e-01	2.780902e-01	1.112755e+00	5.054158e-01
1.542237e-01	2.982385e-01	1.087815e+00	5.419978e-01
1.773572e-01	3.198451e-01	1.060148e+00	5.812276e-01
2.039608e-01	3.430156e-01	1.029643e+00	6.232967e-01
2.345549e-01	3.678632e-01	9.980382e-01	6.684111e-01
2.697381e-01	3.945093e-01	9.640931e-01	7.167910e-01
3.101989e-01	4.230840e-01	9.260978e-01	7.686724e-01
3.567287e-01	4.537270e-01	8.870543e-01	8.243089e-01
4.102380e-01	4.865880e-01	8.473645e-01	8.839724e-01
4.717737e-01	5.218274e-01	8.080981e-01	9.479547e-01
5.425397e-01	5.596175e-01	7.687691e-01	1.016569e+00
6.239207e-01	6.001428e-01	7.254177e-01	1.090146e+00
7.175088e-01	6.436014e-01	6.828860e-01	1.169058e+00
8.251351e-01	6.902057e-01	6.417936e-01	1.253657e+00
9.489054e-01	7.401856e-01	6.004920e-01	1.344836e+00
1.091241e+00	7.937830e-01	5.617818e-01	1.443586e+00
1.254927e+00	8.512599e-01	5.231191e-01	1.550545e+00
1.443166e+00	9.128969e-01	4.867683e-01	1.666519e+00
1.659641e+00	9.789953e-01	4.509274e-01	1.792395e+00
1.908588e+00	1.049878e+00	4.156224e-01	1.929203e+00
2.194876e+00	1.119252e+00	3.850611e-01	2.078145e+00
2.524107e+00	1.191755e+00	3.560484e-01	2.240646e+00
2.902723e+00	1.299307e+00	3.264300e-01	2.418413e+00
3.338132e+00	1.422765e+00	3.001355e-01	2.613533e+00
3.838852e+00	1.554609e+00	2.789034e-01	2.828578e+00
4.414679e+00	1.696101e+00	2.591264e-01	3.066777e+00
5.076881e+00	1.851691e+00	2.363828e-01	3.258862e+00
5.838413e+00	2.014195e+00	2.102276e-01	3.192167e+00
6.714175e+00	2.194762e+00	1.870001e-01	3.132376e+00
7.721302e+00	2.389197e+00	1.677058e-01	3.081875e+00
8.879497e+00	2.597005e+00	1.515413e-01	3.043210e+00
1.021142e+01	2.827243e+00	1.361343e-01	3.019106e+00
1.174313e+01	3.084961e+00	1.224945e-01	3.012410e+00
1.350460e+01	3.371865e+00	1.109079e-01	3.026303e+00
1.553030e+01	3.684288e+00	9.975259e-02	3.064115e+00
1.785984e+01	4.007722e+00	8.955627e-02	3.129362e+00
2.053882e+01	4.358860e+00	8.006226e-02	3.225744e+00
2.361964e+01	4.682325e+00	7.230272e-02	3.357139e+00
2.716258e+01	5.024169e+00	6.542084e-02	3.527626e+00
3.123697e+01	5.373579e+00	5.802824e-02	3.741557e+00
3.592252e+01	5.696750e+00	5.148933e-02	4.003717e+00
4.131089e+01	6.031508e+00	4.604748e-02	4.319510e+00
4.750753e+01	6.324875e+00	4.126447e-02	4.695420e+00
5.463366e+01	6.617253e+00	3.720442e-02	5.139285e+00
6.282871e+01	6.901841e+00	3.286793e-02	5.660829e+00
7.225301e+01	7.135002e+00	2.905515e-02	6.272190e+00
8.309096e+01	7.356343e+00	2.587393e-02	6.988526e+00
9.555461e+01	7.486155e+00	2.289648e-02	7.828759e+00
1.098878e+02	7.618433e+00	2.042002e-02	8.816415e+00
1.263710e+02	7.755065e+00	1.812506e-02	9.980739e+00
1.453266e+02	7.806125e+00	1.615162e-02	1.135794e+01
1.671256e+02	9.796764e+00	1.434546e-02	1.299299e+01
1.921945e+02	9.398257e+00	1.265841e-02	1.494055e+01
2.210236e+02	9.054856e+00	1.133868e-02	1.727966e+01
2.541772e+02	8.676310e+00	1.015483e-02	2.009199e+01
2.923037e+02	8.278768e+00	8.981438e-03	2.348047e+01
3.361493e+02	7.862465e+00	7.908443e-03	2.758241e+01
3.865717e+02	7.442708e+00	6.969174e-03	3.257184e+01
4.445574e+02	7.026572e+00	6.205554e-03	3.866136e+01
5.112411e+02	6.609076e+00	5.538720e-03	4.612746e+01
5.879272e+02	6.199857e+00	4.882509e-03	5.534890e+01
6.761163e+02	5.800564e+00	4.291762e-03	6.679323e+01
7.775337e+02	5.458011e+00	3.776126e-03	8.097260e+01
8.941638e+02	5.124617e+00	3.336237e-03	9.854324e+01
1.028288e+03	4.794626e+00	2.931472e-03	1.204145e+02
1.182532e+03	4.470260e+00	2.578983e-03	1.477577e+02
1.359911e+03	4.154045e+00	2.296791e-03	1.820830e+02
1.563898e+03	3.848526e+00	2.027876e-03	2.253197e+02
1.798483e+03	3.553698e+00	1.788465e-03	2.799536e+02
2.068255e+03	3.267713e+00	1.572906e-03	3.492509e+02
2.378493e+03	2.995942e+00	1.398808e-03	4.374099e+02
2.735268e+03	2.745280e+00	1.248509e-03	5.496751e+02
3.145558e+03	2.511170e+00	1.088943e-03	6.926699e+02
3.617391e+03	2.292196e+00	9.505393e-04	8.750713e+02
4.160000e+03	2.088221e+00	8.388014e-04	1.108009e+03
4.784000e+03	1.899080e+00	7.420067e-04	1.405684e+03
5.501600e+03	1.725667e+00	6.604473e-04	1.786170e+03
6.326840e+03	1.567293e+00	5.749699e-04	2.272373e+03
7.275866e+03	1.422942e+00	5.008990e-04	2.893230e+03
8.367246e+03	1.292493e+00	4.402365e-04	3.685145e+03
9.622333e+03	1.175432e+00	3.839195e-04	4.693645e+03
