# Energy_MeV	dEdx_Elec_MeV_um	dEdx_Nucl_MeV_um	Range_um
1.000000e-05	4.718570e-03	3.383038e-02	4.238572e-03
1.150000e-05	2.552496e-03	3.721910e-02	4.545362e-03
1.322500e-05	2.763179e-03	4.097800e-02	4.874358e-03
1.520875e-05	2.988879e-03	4.514085e-02	5.227166e-03
1.749006e-05	3.230703e-03	4.969581e-02	5.605511e-03
2.011357e-05	3.489838e-03	5.459083e-02	6.011241e-03
2.313061e-05	3.767553e-03	5.984968e-02	6.446338e-03
2.660020e-05	4.065208e-03	6.562420e-02	6.912928e-03
3.059023e-05	4.384261e-03	7.197606e-02	7.413289e-03
3.517876e-05	4.726272e-03	7.890838e-02	7.949867e-03
4.045558e-05	5.092913e-03	8.630962e-02	8.525282e-03
4.652391e-05	5.485979e-03	9.438581e-02	9.142347e-03
5.350250e-05	5.907390e-03	1.029694e-01	9.804075e-03
6.152788e-05	6.359207e-03	1.122601e-01	1.051370e-02
7.075706e-05	6.843638e-03	1.222225e-01	1.127469e-02
8.137062e-05	7.363050e-03	1.328857e-01	1.209075e-02
9.357621e-05	7.919981e-03	1.445203e-01	1.296589e-02
1.076126e-04	8.517153e-03	1.563446e-01	1.390437e-02
1.237545e-04	9.157485e-03	1.692547e-01	1.491077e-02
1.423177e-04	9.844103e-03	1.833278e-01	1.599002e-02
1.636654e-04	1.058036e-02	1.979746e-01	1.714739e-02
1.882152e-04	1.136987e-02	2.140311e-01	1.838852e-02
2.164475e-04	1.221646e-02	2.298218e-01	1.971950e-02
2.489146e-04	1.312429e-02	2.470053e-01	2.114680e-02
2.862518e-04	1.409779e-02	2.655098e-01	2.267742e-02
3.291895e-04	1.514172e-02	2.843477e-01	2.431882e-02
3.785680e-04	1.626117e-02	3.048484e-01	2.607903e-02
4.353531e-04	1.746161e-02	3.250898e-01	2.796665e-02
5.006561e-04	1.874891e-02	3.468413e-01	2.999089e-02
5.757545e-04	2.012935e-02	3.689334e-01	3.216164e-02
6.621177e-04	2.160969e-02	3.906065e-01	3.448952e-02
7.614354e-04	2.319715e-02	4.139819e-01	3.698589e-02
8.756507e-04	2.489949e-02	4.367390e-01	3.966295e-02
1.006998e-03	2.672503e-02	4.603357e-01	4.253377e-02
1.158048e-03	2.868268e-02	4.826398e-01	4.561239e-02
1.331755e-03	3.078200e-02	5.055769e-01	4.891384e-02
1.531519e-03	3.303326e-02	5.292113e-01	5.245425e-02
1.761246e-03	3.544746e-02	5.529785e-01	5.625092e-02
2.025433e-03	3.803637e-02	5.747767e-01	6.032239e-02
2.329248e-03	4.081266e-02	5.955804e-01	6.468855e-02
2.678635e-03	4.378989e-02	6.158873e-01	6.937075e-02
3.080431e-03	4.698260e-02	6.361601e-01	7.439184e-02
3.542495e-03	5.040639e-02	6.561255e-01	7.977636e-02
4.073870e-03	5.407798e-02	6.734764e-01	8.555061e-02
4.684950e-03	5.801532e-02	6.905228e-01	9.174281e-02
5.387693e-03	6.223763e-02	7.051323e-01	9.836732e-02
6.195847e-03	6.676555e-02	7.188280e-01	1.055076e-01
7.125224e-03	7.162119e-02	7.311609e-01	1.131425e-01
8.194007e-03	7.682828e-02	7.417895e-01	1.213328e-01
9.423108e-03	8.241225e-02	7.519871e-01	1.301145e-01
1.083657e-02	8.840039e-02	7.589271e-01	1.395320e-01
1.246206e-02	9.482195e-02	7.652939e-01	1.496313e-01
1.433137e-02	1.017083e-01	7.708669e-01	1.604615e-01
1.648108e-02	1.090931e-01	7.744408e-01	1.720756e-01
1.895324e-02	1.170124e-01	7.772230e-01	1.845303e-01
2.179622e-02	1.255049e-01	7.769711e-01	1.978864e-01
2.506566e-02	1.346120e-01	7.756914e-01	2.122094e-01
2.882550e-02	1.443784e-01	7.729982e-01	2.275691e-01
3.314933e-02	1.548516e-01	7.681763e-01	2.440404e-01
3.812173e-02	1.660829e-01	7.618789e-01	2.617039e-01
4.383999e-02	1.781272e-01	7.531410e-01	2.806460e-01
5.041599e-02	1.910432e-01	7.427279e-01	3.009592e-01
5.797838e-02	2.048940e-01	7.302537e-01	3.227426e-01
6.667514e-02	2.197474e-01	7.159501e-01	3.461027e-01
7.667641e-02	2.356759e-01	6.995328e-01	3.711535e-01
8.817787e-02	2.527573e-01	6.815941e-01	3.980176e-01
1.014046e-01	2.710750e-01	6.619986e-01	4.268262e-01
1.166152e-01	2.907186e-01	6.412861e-01	4.577200e-01
1.341075e-01	3.117840e-01	6.188282e-01	4.908497e-01
1.542237e-01	3.343741e-01	5.947550e-01	5.263773e-01
1.773572e-01	3.585993e-01	5.691494e-01	5.644767e-01
2.039608e-01	3.845780e-01	5.440761e-01	6.053338e-01
2.345549e-01	4.124369e-01	5.184334e-01	6.491479e-01
2.697381e-01	4.423124e-01	4.922638e-01	6.961332e-01
3.101989e-01	4.743502e-01	4.652189e-01	7.465195e-01
3.567287e-01	5.087070e-01	4.371868e-01	8.005523e-01
4.102380e-01	5.455505e-01	4.112377e-01	8.585011e-01
4.717737e-01	5.850607e-01	3.842338e-01	9.206204e-01
5.425397e-01	6.274329e-01	3.594959e-01	9.874140e-01
6.239207e-01	6.728727e-01	3.349899e-01	1.059707e+00
7.175088e-01	7.216014e-01	3.109654e-01	1.137995e+00
8.251351e-01	7.738572e-01	2.885702e-01	1.222859e+00
9.489054e-01	8.298952e-01	2.653667e-01	1.314933e+00
1.091241e+00	8.899895e-01	2.465367e-01	1.414958e+00
1.254927e+00	9.516753e-01	2.272430e-01	1.523793e+00
1.443166e+00	1.010731e+00	2.077538e-01	1.642449e+00
1.659641e+00	1.091714e+00	1.926035e-01	1.772135e+00
1.908588e+00	1.194903e+00	1.782967e-01	1.914317e+00
2.194876e+00	1.303398e+00	1.652831e-01	2.044857e+00
2.524107e+00	1.424244e+00	1.503176e-01	2.041522e+00
2.902723e+00	1.554876e+00	1.331071e-01	2.037445e+00
3.338132e+00	1.698332e+00	1.196214e-01	2.033877e+00
3.838852e+00	1.859238e+00	1.066357e-01	2.032267e+00
4.414679e+00	2.030171e+00	9.671088e-02	2.034237e+00
5.076881e+00	2.218259e+00	8.691694e-02	2.041700e+00
5.838413e+00	2.417561e+00	7.807621e-02	2.056811e+00
6.714175e+00	2.638673e+00	7.077755e-02	2.081966e+00
7.721302e+00	2.887021e+00	6.335512e-02	2.119831e+00
8.879497e+00	3.129225e+00	5.711987e-02	2.173343e+00
1.021142e+01	3.381358e+00	5.121726e-02	2.245710e+00
1.174313e+01	3.629587e+00	4.617913e-02	2.340404e+00
1.350460e+01	3.855629e+00	4.154932e-02	2.461154e+00
1.553030e+01	4.089048e+00	3.708304e-02	2.611935e+00
1.785984e+01	4.304489e+00	3.275675e-02	2.797070e+00
2.053882e+01	4.518568e+00	2.945576e-02	3.021288e+00
2.361964e+01	4.722793e+00	2.634310e-02	3.289929e+00
2.716258e+01	4.897536e+00	2.361171e-02	3.609222e+00
3.123697e+01	5.073115e+00	2.099966e-02	3.986619e+00
3.592252e+01	5.217738e+00	1.846682e-02	4.431272e+00
4.131089e+01	5.345377e+00	1.651087e-02	4.954507e+00
4.750753e+01	5.453952e+00	1.455095e-02	5.570442e+00
5.463366e+01	5.499165e+00	1.300560e-02	6.296717e+00
6.282871e+01	5.535025e+00	1.156828e-02	7.155357e+00
7.225301e+01	5.562539e+00	1.026065e-02	8.173895e+00
8.309096e+01	5.558465e+00	9.151893e-03	9.386607e+00
9.555461e+01	5.525850e+00	8.034068e-03	1.083687e+01
1.098878e+02	6.406408e+00	7.244043e-03	1.257642e+01
1.263710e+02	6.108827e+00	6.453311e-03	1.467881e+01
1.453266e+02	5.805995e+00	5.682806e-03	1.723083e+01
1.671256e+02	5.494949e+00	5.046846e-03	2.033068e+01
1.921945e+02	5.178318e+00	4.417157e-03	2.411377e+01
2.210236e+02	4.862666e+00	3.965023e-03	2.875375e+01
2.541772e+02	4.555068e+00	3.518435e-03	3.446632e+01
2.923037e+02	4.250760e+00	3.092885e-03	4.152650e+01
3.361493e+02	3.952270e+00	2.738345e-03	5.030903e+01
3.865717e+02	3.664662e+00	2.392283e-03	6.130239e+01
4.445574e+02	3.407658e+00	2.125087e-03	7.506522e+01
5.112411e+02	3.168940e+00	1.868475e-03	9.226790e+01
5.879272e+02	2.937209e+00	1.642573e-03	1.138456e+02
6.761163e+02	2.712925e+00	1.463397e-03	1.410201e+02
7.775337e+02	2.497912e+00	1.285291e-03	1.753712e+02
8.941638e+02	2.293065e+00	1.138956e-03	2.189295e+02
1.028288e+03	2.099310e+00	1.005346e-03	2.743047e+02
1.182532e+03	1.914501e+00	8.917059e-04	3.449127e+02
1.359911e+03	1.741300e+00	7.909934e-04	4.351960e+02
1.563898e+03	1.581972e+00	6.952980e-04	5.507525e+02
1.798483e+03	1.436164e+00	6.032912e-04	6.985867e+02
2.068255e+03	1.301402e+00	5.361800e-04	8.877892e+02
2.378493e+03	1.177967e+00	4.722721e-04	1.130115e+03
2.735268e+03	1.065522e+00	4.182264e-04	1.440513e+03
3.145558e+03	9.632227e-01	3.670462e-04	1.838014e+03
3.617391e+03	8.704247e-01	3.177695e-04	2.346723e+03
4.160000e+03	7.869432e-01	2.806094e-04	2.997068e+03
4.784000e+03	7.122121e-01	2.432815e-04	3.827342e+03
5.501600e+03	6.453269e-01	2.149374e-04	4.885464e+03
6.326840e+03	5.856832e-01	1.888638e-04	6.231126e+03
7.275866e+03	5.327625e-01	1.652231e-04	7.938282e+03
8.367246e+03	4.858036e-01	1.455280e-04	1.009800e+04
9.622333e+03	4.442369e-01	1.257791e-04	1.282167e+04
