# Energy_MeV	dEdx_Elec_MeV_um	dEdx_Nucl_MeV_um	Range_um
1.000000e-05	4.720616e-03	3.031988e-02	4.236735e-03
1.150000e-05	5.062297e-03	3.358633e-02	4.543392e-03
1.322500e-05	5.428709e-03	3.720233e-02	4.872245e-03
1.520875e-05	5.821641e-03	4.116279e-02	5.224901e-03
1.749006e-05	6.243015e-03	4.546515e-02	5.603082e-03
2.011357e-05	6.694888e-03	5.023051e-02	6.008636e-03
2.313061e-05	7.179467e-03	5.547225e-02	6.443544e-03
2.660020e-05	7.699121e-03	6.124373e-02	6.909931e-03
3.059023e-05	8.256387e-03	6.738685e-02	7.410076e-03
3.517876e-05	8.853989e-03	7.409776e-02	7.946421e-03
4.045558e-05	9.494845e-03	8.172887e-02	8.521587e-03
4.652391e-05	1.018209e-02	8.994446e-02	9.138384e-03
5.350250e-05	1.091907e-02	9.885292e-02	9.799825e-03
6.152788e-05	1.170940e-02	1.083726e-01	1.050914e-02
7.075706e-05	1.255693e-02	1.186745e-01	1.126980e-02
8.137062e-05	1.346581e-02	1.303399e-01	1.208551e-02
9.357621e-05	1.444047e-02	1.428076e-01	1.296027e-02
1.076126e-04	1.548568e-02	1.562561e-01	1.389834e-02
1.237545e-04	1.660654e-02	1.708390e-01	1.490431e-02
1.423177e-04	1.780853e-02	1.863952e-01	1.598309e-02
1.636654e-04	1.909753e-02	2.032548e-01	1.713996e-02
1.882152e-04	2.047981e-02	2.211491e-01	1.838056e-02
2.164475e-04	2.196215e-02	2.406278e-01	1.971095e-02
2.489146e-04	2.355179e-02	2.615837e-01	2.113764e-02
2.862518e-04	2.525648e-02	2.832397e-01	2.266759e-02
3.291895e-04	2.708455e-02	3.061875e-01	2.430828e-02
3.785680e-04	1.453265e-02	3.316104e-01	2.606773e-02
4.353531e-04	1.560550e-02	3.587467e-01	2.795453e-02
5.006561e-04	1.675597e-02	3.872008e-01	2.997789e-02
5.757545e-04	1.798969e-02	4.165262e-01	3.214771e-02
6.621177e-04	1.931269e-02	4.469183e-01	3.447457e-02
7.614354e-04	2.073142e-02	4.803464e-01	3.696986e-02
8.756507e-04	2.225282e-02	5.154113e-01	3.964576e-02
1.006998e-03	2.388432e-02	5.516004e-01	4.251534e-02
1.158048e-03	2.563389e-02	5.890474e-01	4.559262e-02
1.331755e-03	2.751008e-02	6.282976e-01	4.889264e-02
1.531519e-03	2.952205e-02	6.683949e-01	5.243152e-02
1.761246e-03	3.167964e-02	7.078371e-01	5.622654e-02
2.025433e-03	3.399339e-02	7.492407e-01	6.029624e-02
2.329248e-03	3.647459e-02	7.915971e-01	6.466052e-02
2.678635e-03	3.913537e-02	8.345860e-01	6.934068e-02
3.080431e-03	4.198872e-02	8.750140e-01	7.435960e-02
3.542495e-03	4.504860e-02	9.152306e-01	7.974178e-02
4.073870e-03	4.832994e-02	9.597049e-01	8.551354e-02
4.684950e-03	5.184878e-02	1.002051e+00	9.170305e-02
5.387693e-03	5.562231e-02	1.042374e+00	9.834057e-02
6.195847e-03	5.966895e-02	1.079815e+00	1.054585e-01
7.125224e-03	6.400849e-02	1.115250e+00	1.130917e-01
8.194007e-03	6.866213e-02	1.153756e+00	1.212773e-01
9.423108e-03	7.365258e-02	1.188877e+00	1.300309e-01
1.083657e-02	7.900425e-02	1.220965e+00	1.394457e-01
1.246206e-02	8.474326e-02	1.251430e+00	1.495688e-01
1.433137e-02	9.089767e-02	1.278212e+00	1.603922e-01
1.648108e-02	9.749752e-02	1.303070e+00	1.720020e-01
1.895324e-02	1.045751e-01	1.324682e+00	1.844513e-01
2.179622e-02	1.121649e-01	1.344817e+00	1.978018e-01
2.506566e-02	1.203041e-01	1.362787e+00	2.121185e-01
2.882550e-02	1.290324e-01	1.376067e+00	2.274714e-01
3.314933e-02	1.383924e-01	1.386650e+00	2.439356e-01
3.812173e-02	1.484300e-01	1.396718e+00	2.615916e-01
4.383999e-02	1.591940e-01	1.404364e+00	2.805255e-01
5.041599e-02	1.707372e-01	1.408417e+00	3.008298e-01
5.797838e-02	1.831158e-01	1.408807e+00	3.226037e-01
6.667514e-02	1.963905e-01	1.405807e+00	3.459536e-01
7.667641e-02	2.106259e-01	1.400942e+00	3.709938e-01
8.817787e-02	2.258917e-01	1.392929e+00	3.978463e-01
1.014046e-01	2.422625e-01	1.380981e+00	4.266422e-01
1.166152e-01	2.598182e-01	1.365476e+00	4.575224e-01
1.341075e-01	2.786445e-01	1.346491e+00	4.906379e-01
1.542237e-01	2.988336e-01	1.323959e+00	5.261504e-01
1.773572e-01	3.204839e-01	1.298015e+00	5.642332e-01
2.039608e-01	3.437013e-01	1.268406e+00	6.050723e-01
2.345549e-01	3.685992e-01	1.235639e+00	6.488674e-01
2.697381e-01	3.952991e-01	1.199878e+00	6.958326e-01
3.101989e-01	4.239317e-01	1.162540e+00	7.461972e-01
3.567287e-01	4.546367e-01	1.122409e+00	8.002071e-01
4.102380e-01	4.875641e-01	1.077731e+00	8.581260e-01
4.717737e-01	5.228748e-01	1.032119e+00	9.202373e-01
5.425397e-01	5.607414e-01	9.855843e-01	9.868444e-01
6.239207e-01	6.013487e-01	9.397155e-01	1.058273e+00
7.175088e-01	6.448953e-01	8.932043e-01	1.134869e+00
8.251351e-01	6.915937e-01	8.424402e-01	1.217018e+00
9.489054e-01	7.416724e-01	7.931544e-01	1.305090e+00
1.091241e+00	7.953782e-01	7.449304e-01	1.400029e+00
1.254927e+00	8.529712e-01	6.968540e-01	1.502852e+00
1.443166e+00	9.147328e-01	6.513129e-01	1.614227e+00
1.659641e+00	9.809648e-01	6.067480e-01	1.734989e+00
1.908588e+00	1.051991e+00	5.644571e-01	1.866067e+00
2.194876e+00	1.128158e+00	5.224723e-01	2.008534e+00
2.524107e+00	1.203083e+00	4.815271e-01	2.163643e+00
2.902723e+00	1.282372e+00	4.458566e-01	2.332881e+00
3.338132e+00	1.400320e+00	4.125499e-01	2.518032e+00
3.838852e+00	1.534711e+00	3.773428e-01	2.721272e+00
4.414679e+00	1.678704e+00	3.470584e-01	2.945291e+00
5.076881e+00	1.832757e+00	3.236033e-01	3.193460e+00
5.838413e+00	2.002551e+00	3.000944e-01	3.470058e+00
6.714175e+00	2.177315e+00	2.730593e-01	3.705801e+00
7.721302e+00	2.370000e+00	2.419688e-01	3.596427e+00
8.879497e+00	2.574755e+00	2.151608e-01	3.501286e+00
1.021142e+01	2.790839e+00	1.937120e-01	3.422747e+00
1.174313e+01	3.029542e+00	1.748204e-01	3.363292e+00
1.350460e+01	3.297717e+00	1.573402e-01	3.325545e+00
1.553030e+01	3.597033e+00	1.413516e-01	3.312286e+00
1.785984e+01	3.926000e+00	1.279646e-01	3.326316e+00
2.053882e+01	4.277077e+00	1.151112e-01	3.370907e+00
2.361964e+01	4.663619e+00	1.032035e-01	3.449247e+00
2.716258e+01	5.035983e+00	9.253334e-02	3.564707e+00
3.123697e+01	5.431614e+00	8.361138e-02	3.720820e+00
3.592252e+01	5.843501e+00	7.549204e-02	3.921364e+00
4.131089e+01	6.228683e+00	6.691033e-02	4.170512e+00
4.750753e+01	6.630979e+00	5.947910e-02	4.473075e+00
5.463366e+01	6.992574e+00	5.316464e-02	4.834787e+00
6.282871e+01	7.354340e+00	4.773203e-02	5.262770e+00
7.225301e+01	7.713698e+00	4.290587e-02	5.765911e+00
8.309096e+01	8.014778e+00	3.787452e-02	6.355363e+00
9.555461e+01	8.304852e+00	3.354876e-02	7.045116e+00
1.098878e+02	8.492616e+00	2.983861e-02	7.852611e+00
1.263710e+02	8.685952e+00	2.641730e-02	8.799562e+00
1.453266e+02	8.889516e+00	2.351806e-02	9.912903e+00
1.671256e+02	8.984303e+00	2.091396e-02	1.122587e+01
1.921945e+02	1.146762e+01	1.864206e-02	1.277956e+01
2.210236e+02	1.105739e+01	1.653604e-02	1.462393e+01
2.541772e+02	1.070609e+01	1.459892e-02	1.683146e+01
2.923037e+02	1.030426e+01	1.306608e-02	1.947521e+01
3.361493e+02	9.873700e+00	1.172402e-02	2.264798e+01
3.865717e+02	9.415325e+00	1.032922e-02	2.647331e+01
4.445574e+02	8.948184e+00	9.085654e-03	3.110710e+01
5.112411e+02	8.480806e+00	8.028353e-03	3.673869e+01
5.879272e+02	8.008647e+00	7.143431e-03	4.361445e+01
6.761163e+02	7.544953e+00	6.392513e-03	5.207200e+01
7.775337e+02	7.091155e+00	5.612479e-03	6.252386e+01
8.941638e+02	6.702504e+00	4.928036e-03	7.541578e+01
1.028288e+03	6.322641e+00	4.348390e-03	9.132180e+01
1.182532e+03	5.943337e+00	3.835453e-03	1.110382e+02
1.359911e+03	5.567577e+00	3.379757e-03	1.355877e+02
1.563898e+03	5.198239e+00	2.970990e-03	1.662861e+02
1.798483e+03	4.838660e+00	2.642717e-03	2.048102e+02
2.068255e+03	4.488551e+00	2.334255e-03	2.533178e+02
2.378493e+03	4.145623e+00	2.055148e-03	3.146435e+02
2.735268e+03	3.817247e+00	1.814518e-03	3.924223e+02
3.145558e+03	3.513111e+00	1.616419e-03	4.911854e+02
3.617391e+03	3.227098e+00	1.437760e-03	6.166575e+02
4.160000e+03	2.957572e+00	1.252826e-03	7.763462e+02
4.784000e+03	2.704193e+00	1.096257e-03	9.798784e+02
5.501600e+03	2.467242e+00	9.667580e-04	1.239544e+03
6.326840e+03	2.249000e+00	8.572041e-04	1.570995e+03
7.275866e+03	2.048606e+00	7.602550e-04	1.994079e+03
8.367246e+03	1.864515e+00	6.612020e-04	2.533889e+03
9.622333e+03	1.697264e+00	5.774704e-04	3.222016e+03
