# Energy_MeV	dEdx_Elec_MeV_um	dEdx_Nucl_MeV_um	Range_um
1.000000e-05	5.012584e-03	2.929860e-02	3.989958e-03
1.150000e-05	5.375397e-03	3.252449e-02	4.278754e-03
1.322500e-05	5.764471e-03	3.605352e-02	4.588452e-03
1.520875e-05	6.181707e-03	3.994270e-02	4.920567e-03
1.749006e-05	6.629142e-03	4.423835e-02	5.276720e-03
2.011357e-05	7.108962e-03	4.895117e-02	5.658652e-03
2.313061e-05	7.623513e-03	5.406772e-02	6.068228e-03
2.660020e-05	8.175307e-03	5.972707e-02	6.507450e-03
3.059023e-05	8.767040e-03	6.596858e-02	6.978462e-03
3.517876e-05	9.401603e-03	7.282770e-02	7.483567e-03
4.045558e-05	1.008210e-02	8.012162e-02	8.025232e-03
4.652391e-05	1.081184e-02	8.810260e-02	8.606102e-03
5.350250e-05	1.159441e-02	9.719044e-02	9.229016e-03
6.152788e-05	1.243362e-02	1.069386e-01	9.897017e-03
7.075706e-05	1.333357e-02	1.175483e-01	1.061337e-02
8.137062e-05	1.429866e-02	1.288410e-01	1.138157e-02
9.357621e-05	1.533361e-02	1.410970e-01	1.220537e-02
1.076126e-04	1.644346e-02	1.549913e-01	1.308881e-02
1.237545e-04	1.763365e-02	1.697795e-01	1.403618e-02
1.423177e-04	1.890998e-02	1.857934e-01	1.505213e-02
1.636654e-04	2.027870e-02	2.031020e-01	1.614161e-02
1.882152e-04	2.174648e-02	2.216256e-01	1.730995e-02
2.164475e-04	2.332050e-02	2.416612e-01	1.856285e-02
2.489146e-04	2.500845e-02	2.628984e-01	1.990644e-02
2.862518e-04	2.681858e-02	2.860961e-01	2.134728e-02
3.291895e-04	2.875972e-02	3.109599e-01	2.289240e-02
3.785680e-04	3.084136e-02	3.367669e-01	2.454937e-02
4.353531e-04	3.307368e-02	3.639625e-01	2.632626e-02
5.006561e-04	3.546757e-02	3.942078e-01	2.823177e-02
5.757545e-04	3.803473e-02	4.265562e-01	3.027520e-02
6.621177e-04	4.078770e-02	4.602544e-01	3.246654e-02
7.614354e-04	4.373994e-02	4.952178e-01	3.481648e-02
8.756507e-04	4.690586e-02	5.311934e-01	3.733652e-02
1.006998e-03	5.030093e-02	5.709623e-01	4.003896e-02
1.158048e-03	5.394173e-02	6.127783e-01	4.293700e-02
1.331755e-03	5.784607e-02	6.555983e-01	4.604480e-02
1.531519e-03	6.203299e-02	7.002323e-01	4.937755e-02
1.761246e-03	6.652298e-02	7.467824e-01	5.295152e-02
2.025433e-03	7.133794e-02	7.943281e-01	5.678418e-02
2.329248e-03	7.650142e-02	8.413498e-01	6.089425e-02
2.678635e-03	8.203864e-02	8.903803e-01	6.530180e-02
3.080431e-03	8.797664e-02	9.408907e-01	7.002838e-02
3.542495e-03	9.434443e-02	9.918649e-01	7.509708e-02
4.073870e-03	1.011731e-01	1.039640e+00	8.053264e-02
4.684950e-03	1.084961e-01	1.087485e+00	8.636164e-02
5.387693e-03	1.163491e-01	1.140545e+00	9.261254e-02
6.195847e-03	1.247705e-01	1.190511e+00	9.931588e-02
7.125224e-03	1.338015e-01	1.238628e+00	1.065044e-01
8.194007e-03	1.434861e-01	1.282761e+00	1.142133e-01
9.423108e-03	1.538717e-01	1.324918e+00	1.224801e-01
1.083657e-02	1.650090e-01	1.370888e+00	1.312821e-01
1.246206e-02	1.769524e-01	1.412236e+00	1.408296e-01
1.433137e-02	1.897603e-01	1.450519e+00	1.510512e-01
1.648108e-02	2.034953e-01	1.486463e+00	1.619836e-01
1.895324e-02	2.182244e-01	1.518425e+00	1.737077e-01
2.179622e-02	2.340196e-01	1.547839e+00	1.862807e-01
2.506566e-02	2.509581e-01	1.573321e+00	1.997635e-01
2.882550e-02	2.691225e-01	1.597365e+00	2.142221e-01
3.314933e-02	2.886018e-01	1.618498e+00	2.297273e-01
3.812173e-02	3.094909e-01	1.634404e+00	2.463549e-01
4.383999e-02	3.318920e-01	1.646738e+00	2.641860e-01
5.041599e-02	3.559146e-01	1.658715e+00	2.833076e-01
5.797838e-02	3.816758e-01	1.667927e+00	3.038132e-01
6.667514e-02	4.093017e-01	1.672480e+00	3.258031e-01
7.667641e-02	4.389272e-01	1.673025e+00	3.493847e-01
8.817787e-02	4.706970e-01	1.669264e+00	3.746732e-01
1.014046e-01	5.047663e-01	1.663476e+00	4.017919e-01
1.166152e-01	5.413016e-01	1.654011e+00	4.308734e-01
1.341075e-01	5.804812e-01	1.639639e+00	4.620600e-01
1.542237e-01	6.224968e-01	1.621221e+00	4.955040e-01
1.773572e-01	6.675534e-01	1.598575e+00	5.313686e-01
2.039608e-01	7.158713e-01	1.571757e+00	5.698289e-01
2.345549e-01	7.676864e-01	1.540886e+00	6.110731e-01
2.697381e-01	8.232520e-01	1.505673e+00	6.553028e-01
3.101989e-01	8.828394e-01	1.466656e+00	7.027338e-01
3.567287e-01	9.467398e-01	1.424138e+00	7.535977e-01
4.102380e-01	1.015265e+00	1.379871e+00	8.081430e-01
4.717737e-01	1.088751e+00	1.332128e+00	8.666366e-01
5.425397e-01	1.167555e+00	1.278872e+00	9.293642e-01
6.239207e-01	1.252063e+00	1.224885e+00	9.966317e-01
7.175088e-01	1.342688e+00	1.169393e+00	1.068769e+00
8.251351e-01	1.439873e+00	1.115181e+00	1.146124e+00
9.489054e-01	1.544092e+00	1.059847e+00	1.229081e+00
1.091241e+00	1.651635e+00	9.992889e-01	1.318066e+00
1.254927e+00	1.754747e+00	9.410947e-01	1.414134e+00
1.443166e+00	1.863141e+00	8.835946e-01	1.518185e+00
1.659641e+00	1.976675e+00	8.267490e-01	1.630917e+00
1.908588e+00	2.095039e+00	7.724420e-01	1.753172e+00
2.194876e+00	1.122622e+00	7.196072e-01	1.885905e+00
2.524107e+00	1.203902e+00	6.696144e-01	2.030216e+00
2.902723e+00	1.283757e+00	6.195341e-01	2.187398e+00
3.338132e+00	1.376391e+00	5.711754e-01	2.358986e+00
3.838852e+00	1.510501e+00	5.285573e-01	2.546829e+00
4.414679e+00	1.658157e+00	4.893624e-01	2.753185e+00
5.076881e+00	1.820392e+00	4.474769e-01	2.980860e+00
5.838413e+00	1.991177e+00	4.111631e-01	3.233376e+00
6.714175e+00	2.180348e+00	3.839158e-01	3.515214e+00
7.721302e+00	2.379843e+00	3.559477e-01	3.832122e+00
8.879497e+00	2.593166e+00	3.237843e-01	4.159025e+00
1.021142e+01	2.823786e+00	2.867964e-01	3.987902e+00
1.174313e+01	3.052885e+00	2.546623e-01	3.843828e+00
1.350460e+01	3.309799e+00	2.296950e-01	3.728127e+00
1.553030e+01	3.598905e+00	2.071262e-01	3.642282e+00
1.785984e+01	3.913719e+00	1.864994e-01	3.587959e+00
2.053882e+01	4.263048e+00	1.676119e-01	3.567005e+00
2.361964e+01	4.641619e+00	1.516186e-01	3.581346e+00
2.716258e+01	5.059010e+00	1.364783e-01	3.633257e+00
3.123697e+01	5.497932e+00	1.222488e-01	3.725050e+00
3.592252e+01	5.958475e+00	1.096544e-01	3.859222e+00
4.131089e+01	6.462301e+00	9.916432e-02	4.038533e+00
4.750753e+01	6.925626e+00	8.950485e-02	4.266169e+00
5.463366e+01	7.412917e+00	7.925073e-02	4.545977e+00
6.282871e+01	7.886993e+00	7.052839e-02	4.882771e+00
7.225301e+01	8.343488e+00	6.298406e-02	5.282672e+00
8.309096e+01	8.820880e+00	5.660804e-02	5.753495e+00
9.555461e+01	9.227061e+00	5.086642e-02	6.305217e+00
1.098878e+02	9.605753e+00	4.485324e-02	6.950394e+00
1.263710e+02	9.909818e+00	3.977895e-02	7.704738e+00
1.453266e+02	1.021858e+01	3.534977e-02	8.587756e+00
1.671256e+02	1.053730e+01	3.132031e-02	9.623606e+00
1.921945e+02	1.072681e+01	2.785877e-02	1.084220e+01
2.210236e+02	1.373173e+01	2.477987e-02	1.227944e+01
2.541772e+02	1.335356e+01	2.210294e-02	1.398156e+01
2.923037e+02	1.298850e+01	1.958843e-02	1.601266e+01
3.361493e+02	1.255249e+01	1.730763e-02	1.843358e+01
3.865717e+02	1.207620e+01	1.547381e-02	2.132814e+01
4.445574e+02	1.156025e+01	1.390105e-02	2.480480e+01
5.112411e+02	1.103128e+01	1.224167e-02	2.899856e+01
5.879272e+02	1.049298e+01	1.075258e-02	3.407314e+01
6.761163e+02	9.948870e+00	9.516668e-03	4.024562e+01
7.775337e+02	9.413117e+00	8.457242e-03	4.781068e+01
8.941638e+02	8.901867e+00	7.579247e-03	5.711169e+01
1.028288e+03	8.454169e+00	6.651251e-03	6.851637e+01
1.182532e+03	8.011828e+00	5.831477e-03	8.252351e+01
1.359911e+03	7.566171e+00	5.154277e-03	9.981127e+01
1.563898e+03	7.122195e+00	4.541068e-03	1.212460e+02
1.798483e+03	6.682177e+00	4.004304e-03	1.479371e+02
2.068255e+03	6.250751e+00	3.521935e-03	1.812938e+02
2.378493e+03	5.824756e+00	3.129514e-03	2.231341e+02
2.735268e+03	5.404965e+00	2.766731e-03	2.758424e+02
3.145558e+03	5.000710e+00	2.433004e-03	3.424451e+02
3.617391e+03	4.626698e+00	2.149400e-03	4.266955e+02
4.160000e+03	4.269386e+00	1.916774e-03	5.333772e+02
4.784000e+03	3.929662e+00	1.704225e-03	6.687675e+02
5.501600e+03	3.608163e+00	1.483151e-03	8.408766e+02
6.326840e+03	3.306142e+00	1.299658e-03	1.059941e+03
7.275866e+03	3.025792e+00	1.144880e-03	1.338990e+03
8.367246e+03	2.766018e+00	1.016453e-03	1.694543e+03
9.622333e+03	2.526104e+00	9.011137e-04	2.147495e+03
