# Energy_MeV	dEdx_Elec_MeV_um	dEdx_Nucl_MeV_um	Range_um
1.000000e-05	4.831488e-03	2.845832e-02	4.139512e-03
1.150000e-05	5.181193e-03	3.162530e-02	4.439132e-03
1.322500e-05	5.556211e-03	3.506723e-02	4.760439e-03
1.520875e-05	5.958372e-03	3.886704e-02	5.105002e-03
1.749006e-05	6.389642e-03	4.304129e-02	5.474504e-03
2.011357e-05	6.852128e-03	4.761864e-02	5.870752e-03
2.313061e-05	7.348089e-03	5.266571e-02	6.295680e-03
2.660020e-05	7.879947e-03	5.816318e-02	6.751365e-03
3.059023e-05	8.450302e-03	6.426976e-02	7.240032e-03
3.517876e-05	9.061939e-03	7.095819e-02	7.764069e-03
4.045558e-05	9.717847e-03	7.814007e-02	8.326037e-03
4.652391e-05	1.042123e-02	8.592057e-02	8.928680e-03
5.350250e-05	1.117552e-02	9.470919e-02	9.574942e-03
6.152788e-05	1.198441e-02	1.043238e-01	1.026798e-02
7.075706e-05	1.285185e-02	1.146917e-01	1.101118e-02
8.137062e-05	1.378208e-02	1.258705e-01	1.180818e-02
9.357621e-05	1.477963e-02	1.378356e-01	1.266286e-02
1.076126e-04	1.584939e-02	1.513318e-01	1.357941e-02
1.237545e-04	1.699658e-02	1.659638e-01	1.456229e-02
1.423177e-04	1.822680e-02	1.816244e-01	1.561632e-02
1.636654e-04	1.954606e-02	1.986410e-01	1.674663e-02
1.882152e-04	2.096082e-02	2.170396e-01	1.795876e-02
2.164475e-04	2.247797e-02	2.368320e-01	1.925863e-02
2.489146e-04	2.410494e-02	2.577035e-01	2.065258e-02
2.862518e-04	2.584967e-02	2.803724e-01	2.214742e-02
3.291895e-04	2.772068e-02	3.049013e-01	2.375047e-02
3.785680e-04	2.972712e-02	3.310135e-01	2.546954e-02
4.353531e-04	3.187878e-02	3.579065e-01	2.731304e-02
5.006561e-04	3.418618e-02	3.868682e-01	2.928997e-02
5.757545e-04	3.666060e-02	4.193570e-01	3.140999e-02
6.621177e-04	3.931411e-02	4.528409e-01	3.368346e-02
7.614354e-04	4.215969e-02	4.881337e-01	3.612149e-02
8.756507e-04	4.521123e-02	5.240412e-01	3.873598e-02
1.006998e-03	4.848364e-02	5.621224e-01	4.153971e-02
1.158048e-03	5.199291e-02	6.044538e-01	4.454638e-02
1.331755e-03	5.575619e-02	6.472946e-01	4.777067e-02
1.531519e-03	5.979185e-02	6.920122e-01	5.122834e-02
1.761246e-03	6.411962e-02	7.383578e-01	5.493627e-02
2.025433e-03	6.876063e-02	7.856703e-01	5.891259e-02
2.329248e-03	7.373756e-02	8.341221e-01	6.317671e-02
2.678635e-03	7.907472e-02	8.828406e-01	6.774947e-02
3.080431e-03	8.479819e-02	9.339776e-01	7.265322e-02
3.542495e-03	9.093593e-02	9.857052e-01	7.791190e-02
4.073870e-03	9.751792e-02	1.035026e+00	8.355120e-02
4.684950e-03	1.045763e-01	1.083022e+00	8.959868e-02
5.387693e-03	1.121456e-01	1.135709e+00	9.608388e-02
6.195847e-03	1.202628e-01	1.187925e+00	1.030385e-01
7.125224e-03	1.289675e-01	1.237144e+00	1.104965e-01
8.194007e-03	1.383022e-01	1.283874e+00	1.184943e-01
9.423108e-03	1.483126e-01	1.326636e+00	1.270709e-01
1.083657e-02	1.590475e-01	1.373059e+00	1.362684e-01
1.246206e-02	1.705595e-01	1.417177e+00	1.461137e-01
1.433137e-02	1.829046e-01	1.456629e+00	1.567138e-01
1.648108e-02	1.961434e-01	1.494252e+00	1.680539e-01
1.895324e-02	2.103403e-01	1.528799e+00	1.802193e-01
2.179622e-02	2.255649e-01	1.560439e+00	1.932630e-01
2.506566e-02	2.418914e-01	1.587177e+00	2.072512e-01
2.882550e-02	2.593996e-01	1.612059e+00	2.222519e-01
3.314933e-02	2.781751e-01	1.634863e+00	2.383383e-01
3.812173e-02	2.983096e-01	1.653625e+00	2.555891e-01
4.383999e-02	3.199014e-01	1.667492e+00	2.740884e-01
5.041599e-02	3.430560e-01	1.678961e+00	2.939267e-01
5.797838e-02	3.678866e-01	1.690412e+00	3.152011e-01
6.667514e-02	3.945144e-01	1.696881e+00	3.380153e-01
7.667641e-02	4.230695e-01	1.699296e+00	3.624807e-01
8.817787e-02	4.536915e-01	1.697216e+00	3.887168e-01
1.014046e-01	4.865300e-01	1.691674e+00	4.168521e-01
1.166152e-01	5.217453e-01	1.684138e+00	4.470239e-01
1.341075e-01	5.595095e-01	1.671601e+00	4.793794e-01
1.542237e-01	6.000071e-01	1.654586e+00	5.140768e-01
1.773572e-01	6.434359e-01	1.633431e+00	5.512855e-01
2.039608e-01	6.900081e-01	1.607892e+00	5.911877e-01
2.345549e-01	7.399513e-01	1.578287e+00	6.339780e-01
2.697381e-01	7.935093e-01	1.544466e+00	6.798654e-01
3.101989e-01	8.509440e-01	1.506314e+00	7.290739e-01
3.567287e-01	9.125357e-01	1.464450e+00	7.818443e-01
4.102380e-01	9.785856e-01	1.420403e+00	8.384345e-01
4.717737e-01	1.049416e+00	1.373827e+00	8.991207e-01
5.425397e-01	1.125373e+00	1.321252e+00	9.641991e-01
6.239207e-01	1.206829e+00	1.266709e+00	1.033988e+00
7.175088e-01	1.294179e+00	1.211093e+00	1.108828e+00
8.251351e-01	1.387853e+00	1.155378e+00	1.189085e+00
9.489054e-01	1.488306e+00	1.100718e+00	1.275158e+00
1.091241e+00	1.596031e+00	1.039784e+00	1.367425e+00
1.254927e+00	1.699790e+00	9.795987e-01	1.466648e+00
1.443166e+00	1.805411e+00	9.215986e-01	1.574048e+00
1.659641e+00	1.916265e+00	8.635145e-01	1.690355e+00
1.908588e+00	2.032137e+00	8.071581e-01	1.816433e+00
2.194876e+00	1.082071e+00	7.516825e-01	1.953226e+00
2.524107e+00	1.160415e+00	7.006340e-01	2.101836e+00
2.902723e+00	1.241762e+00	6.499679e-01	2.263540e+00
3.338132e+00	1.324281e+00	6.000526e-01	2.439844e+00
3.838852e+00	1.437576e+00	5.539947e-01	2.632546e+00
4.414679e+00	1.580862e+00	5.130554e-01	2.843833e+00
5.076881e+00	1.732167e+00	4.729475e-01	3.076393e+00
5.838413e+00	1.899882e+00	4.318092e-01	3.333587e+00
6.714175e+00	2.079245e+00	4.006170e-01	3.619655e+00
7.721302e+00	2.271348e+00	3.738358e-01	3.940017e+00
8.879497e+00	2.484085e+00	3.430374e-01	4.301652e+00
1.021142e+01	2.698359e+00	3.076192e-01	4.385902e+00
1.174313e+01	2.930473e+00	2.715587e-01	4.215327e+00
1.350460e+01	3.170951e+00	2.434159e-01	4.074521e+00
1.553030e+01	3.441667e+00	2.196949e-01	3.964986e+00
1.785984e+01	3.748512e+00	1.977699e-01	3.888412e+00
2.053882e+01	4.073054e+00	1.782386e-01	3.846687e+00
2.361964e+01	4.436325e+00	1.607568e-01	3.841834e+00
2.716258e+01	4.839607e+00	1.451041e-01	3.876118e+00
3.123697e+01	5.259203e+00	1.300805e-01	3.951994e+00
3.592252e+01	5.719735e+00	1.163328e-01	4.072044e+00
4.131089e+01	6.188703e+00	1.049727e-01	4.239072e+00
4.750753e+01	6.673618e+00	9.516785e-02	4.456239e+00
5.463366e+01	7.168639e+00	8.453089e-02	4.727274e+00
6.282871e+01	7.629133e+00	7.498429e-02	5.056768e+00
7.225301e+01	8.113206e+00	6.701252e-02	5.450523e+00
8.309096e+01	8.565540e+00	6.000356e-02	5.915917e+00
9.555461e+01	9.006126e+00	5.419654e-02	6.462429e+00
1.098878e+02	9.440093e+00	4.787390e-02	7.102034e+00
1.263710e+02	9.744426e+00	4.230363e-02	7.849772e+00
1.453266e+02	1.005677e+01	3.770055e-02	8.724399e+00
1.671256e+02	1.037461e+01	3.342685e-02	9.749164e+00
1.921945e+02	1.062372e+01	2.971685e-02	1.095269e+01
2.210236e+02	1.082620e+01	2.631040e-02	1.237087e+01
2.541772e+02	1.353130e+01	2.349626e-02	1.404504e+01
2.923037e+02	1.318996e+01	2.090001e-02	1.603612e+01
3.361493e+02	1.279000e+01	1.847923e-02	1.841213e+01
3.865717e+02	1.233425e+01	1.644847e-02	2.124640e+01
4.445574e+02	1.183464e+01	1.475518e-02	2.464219e+01
5.112411e+02	1.131020e+01	1.316621e-02	2.873015e+01
5.879272e+02	1.078190e+01	1.152972e-02	3.366838e+01
6.761163e+02	1.023236e+01	1.017769e-02	3.965587e+01
7.775337e+02	9.694590e+00	9.014138e-03	4.696518e+01
8.941638e+02	9.161604e+00	8.053906e-03	5.594551e+01
1.028288e+03	8.687326e+00	7.165293e-03	6.697502e+01
1.182532e+03	8.245434e+00	6.262213e-03	8.049718e+01
1.359911e+03	7.801169e+00	5.519329e-03	9.714369e+01
1.563898e+03	7.355090e+00	4.866596e-03	1.177339e+02
1.798483e+03	6.913044e+00	4.281254e-03	1.433174e+02
2.068255e+03	6.476571e+00	3.777892e-03	1.752313e+02
2.378493e+03	6.049817e+00	3.345768e-03	2.151807e+02
2.735268e+03	5.624714e+00	2.966744e-03	2.653937e+02
3.145558e+03	5.211355e+00	2.610880e-03	3.287567e+02
3.617391e+03	4.821516e+00	2.292717e-03	4.088800e+02
4.160000e+03	4.455491e+00	2.038458e-03	5.102640e+02
4.784000e+03	4.106301e+00	1.824748e-03	6.387734e+02
5.501600e+03	3.775147e+00	1.590690e-03	8.020074e+02
6.326840e+03	3.462529e+00	1.387693e-03	1.009647e+03
7.275866e+03	3.170759e+00	1.223521e-03	1.274050e+03
8.367246e+03	2.900351e+00	1.081232e-03	1.610915e+03
9.622333e+03	2.649903e+00	9.661502e-04	2.040123e+03
