# Energy_MeV	dEdx_Elec_MeV_um	dEdx_Nucl_MeV_um	Range_um
1.000000e-05	4.604959e-03	3.244434e-02	4.343144e-03
1.150000e-05	4.938268e-03	3.583990e-02	4.657503e-03
1.322500e-05	5.295703e-03	3.959459e-02	4.994616e-03
1.520875e-05	5.679009e-03	4.371969e-02	5.356129e-03
1.749006e-05	6.090058e-03	4.814632e-02	5.743808e-03
2.011357e-05	6.530860e-03	5.298746e-02	6.159548e-03
2.313061e-05	7.003567e-03	5.836300e-02	6.605379e-03
2.660020e-05	7.510489e-03	6.426537e-02	7.083480e-03
3.059023e-05	8.054102e-03	7.072814e-02	7.596186e-03
3.517876e-05	8.637062e-03	7.759453e-02	8.146002e-03
4.045558e-05	9.262217e-03	8.506743e-02	8.735614e-03
4.652391e-05	9.932621e-03	9.332238e-02	9.367902e-03
5.350250e-05	1.065155e-02	1.023078e-01	1.004596e-02
6.152788e-05	1.142251e-02	1.120939e-01	1.077309e-02
7.075706e-05	6.129566e-03	1.225365e-01	1.155285e-02
8.137062e-05	6.594215e-03	1.340250e-01	1.238905e-02
9.357621e-05	7.092431e-03	1.461801e-01	1.328578e-02
1.076126e-04	7.626648e-03	1.591017e-01	1.424741e-02
1.237545e-04	8.199478e-03	1.732066e-01	1.527864e-02
1.423177e-04	8.813718e-03	1.882647e-01	1.638452e-02
1.636654e-04	9.472370e-03	2.046627e-01	1.757044e-02
1.882152e-04	1.017865e-02	2.212913e-01	1.884220e-02
2.164475e-04	1.093601e-02	2.392465e-01	2.020601e-02
2.489146e-04	1.174816e-02	2.592708e-01	2.166853e-02
2.862518e-04	1.261905e-02	2.802024e-01	2.323691e-02
3.291895e-04	1.355295e-02	3.021349e-01	2.491881e-02
3.785680e-04	1.455441e-02	3.245007e-01	2.672244e-02
4.353531e-04	1.562833e-02	3.481143e-01	2.865663e-02
5.006561e-04	1.677995e-02	3.742324e-01	3.073081e-02
5.757545e-04	1.801491e-02	4.012400e-01	3.295512e-02
6.621177e-04	1.933923e-02	4.289139e-01	3.534043e-02
7.614354e-04	2.075938e-02	4.578048e-01	3.789839e-02
8.756507e-04	2.228231e-02	4.871364e-01	4.064150e-02
1.006998e-03	2.391545e-02	5.177307e-01	4.358315e-02
1.158048e-03	2.566678e-02	5.484214e-01	4.673772e-02
1.331755e-03	2.754485e-02	5.799788e-01	5.012062e-02
1.531519e-03	2.955885e-02	6.125258e-01	5.374838e-02
1.761246e-03	3.171861e-02	6.431833e-01	5.763871e-02
2.025433e-03	3.403468e-02	6.740566e-01	6.181063e-02
2.329248e-03	3.651838e-02	7.062824e-01	6.628452e-02
2.678635e-03	3.918184e-02	7.385507e-01	7.108223e-02
3.080431e-03	4.203807e-02	7.705851e-01	7.622720e-02
3.542495e-03	4.510102e-02	7.995141e-01	8.174456e-02
4.073870e-03	4.838567e-02	8.275976e-01	8.766128e-02
4.684950e-03	5.190805e-02	8.559920e-01	9.400625e-02
5.387693e-03	5.568538e-02	8.833120e-01	1.008105e-01
6.195847e-03	5.973610e-02	9.094741e-01	1.081072e-01
7.125224e-03	6.408002e-02	9.327303e-01	1.159081e-01
8.194007e-03	6.873834e-02	9.555263e-01	1.243024e-01
9.423108e-03	7.373382e-02	9.753283e-01	1.333263e-01
1.083657e-02	7.909088e-02	9.923859e-01	1.429744e-01
1.246206e-02	8.483568e-02	1.008672e+00	1.533235e-01
1.433137e-02	9.099628e-02	1.022812e+00	1.644209e-01
1.648108e-02	9.760279e-02	1.035697e+00	1.763215e-01
1.895324e-02	1.046875e-01	1.044777e+00	1.890835e-01
2.179622e-02	1.122850e-01	1.052215e+00	2.027692e-01
2.506566e-02	1.204323e-01	1.059478e+00	2.174455e-01
2.882550e-02	1.291694e-01	1.064391e+00	2.331841e-01
3.314933e-02	1.385389e-01	1.066167e+00	2.500619e-01
3.812173e-02	1.485866e-01	1.065438e+00	2.681612e-01
4.383999e-02	1.593615e-01	1.062265e+00	2.875706e-01
5.041599e-02	1.709163e-01	1.057804e+00	3.083848e-01
5.797838e-02	1.833074e-01	1.050756e+00	3.307057e-01
6.667514e-02	1.965954e-01	1.040410e+00	3.546422e-01
7.667641e-02	2.108452e-01	1.027682e+00	3.803110e-01
8.817787e-02	2.261264e-01	1.012112e+00	4.078378e-01
1.014046e-01	2.425137e-01	9.940521e-01	4.373571e-01
1.166152e-01	2.600870e-01	9.733139e-01	4.690132e-01
1.341075e-01	2.789324e-01	9.499009e-01	5.029604e-01
1.542237e-01	2.991418e-01	9.239835e-01	5.393645e-01
1.773572e-01	3.208139e-01	8.969046e-01	5.784037e-01
2.039608e-01	3.440547e-01	8.676986e-01	6.202687e-01
2.345549e-01	3.689777e-01	8.355413e-01	6.651640e-01
2.697381e-01	3.957046e-01	8.019704e-01	7.133086e-01
3.101989e-01	4.243660e-01	7.666699e-01	7.649378e-01
3.567287e-01	4.551019e-01	7.323042e-01	8.203042e-01
4.102380e-01	4.880625e-01	6.971976e-01	8.796781e-01
4.717737e-01	5.234089e-01	6.599278e-01	9.433501e-01
5.425397e-01	5.613136e-01	6.227931e-01	1.011628e+00
6.239207e-01	6.019619e-01	5.852728e-01	1.084856e+00
7.175088e-01	6.455525e-01	5.494743e-01	1.163365e+00
8.251351e-01	6.923006e-01	5.130582e-01	1.248000e+00
9.489054e-01	7.424322e-01	4.783778e-01	1.339665e+00
1.091241e+00	7.961924e-01	4.464625e-01	1.438954e+00
1.254927e+00	8.538438e-01	4.139916e-01	1.546613e+00
1.443166e+00	9.156681e-01	3.831979e-01	1.663470e+00
1.659641e+00	9.819674e-01	3.529573e-01	1.790481e+00
1.908588e+00	1.047493e+00	3.266471e-01	1.928766e+00
2.194876e+00	1.117287e+00	3.016788e-01	2.079650e+00
2.524107e+00	1.220839e+00	2.759076e-01	2.244725e+00
2.902723e+00	1.338485e+00	2.542396e-01	2.425935e+00
3.338132e+00	1.464680e+00	2.378589e-01	2.625678e+00
3.838852e+00	1.600179e+00	2.190211e-01	2.846966e+00
4.414679e+00	1.750047e+00	1.973577e-01	2.820902e+00
5.076881e+00	1.908202e+00	1.748063e-01	2.781482e+00
5.838413e+00	2.084643e+00	1.554310e-01	2.746938e+00
6.714175e+00	2.276639e+00	1.407182e-01	2.719492e+00
7.721302e+00	2.481930e+00	1.264521e-01	2.701561e+00
8.879497e+00	2.710304e+00	1.143939e-01	2.695713e+00
1.021142e+01	2.965026e+00	1.029410e-01	2.704851e+00
1.174313e+01	3.245921e+00	9.277414e-02	2.732068e+00
1.350460e+01	3.549451e+00	8.345284e-02	2.780671e+00
1.553030e+01	3.854692e+00	7.447401e-02	2.854193e+00
1.785984e+01	4.181612e+00	6.742641e-02	2.956374e+00
2.053882e+01	4.478405e+00	6.084829e-02	3.091162e+00
2.361964e+01	4.788609e+00	5.434221e-02	3.262727e+00
2.716258e+01	5.105620e+00	4.841718e-02	3.475545e+00
3.123697e+01	5.394200e+00	4.299172e-02	3.734495e+00
3.592252e+01	5.692247e+00	3.863783e-02	4.045207e+00
4.131089e+01	5.953774e+00	3.468019e-02	4.414280e+00
4.750753e+01	6.210479e+00	3.081296e-02	4.849727e+00
5.463366e+01	6.461093e+00	2.735586e-02	5.361452e+00
6.282871e+01	6.660144e+00	2.420749e-02	5.961777e+00
7.225301e+01	6.846425e+00	2.156336e-02	6.666098e+00
8.309096e+01	6.953990e+00	1.907566e-02	7.493610e+00
9.555461e+01	7.062011e+00	1.690250e-02	8.468192e+00
1.098878e+02	7.173662e+00	1.513780e-02	9.619609e+00
1.263710e+02	7.206519e+00	1.343039e-02	1.098476e+01
1.453266e+02	8.760635e+00	1.193290e-02	1.260950e+01
1.671256e+02	8.380977e+00	1.055788e-02	1.455009e+01
1.921945e+02	8.046169e+00	9.437072e-03	1.688721e+01
2.210236e+02	7.685005e+00	8.455879e-03	1.970463e+01
2.541772e+02	7.310515e+00	7.435314e-03	2.310933e+01
2.923037e+02	6.922688e+00	6.522190e-03	2.724335e+01
3.361493e+02	6.534366e+00	5.796177e-03	3.228695e+01
3.865717e+02	6.151417e+00	5.148270e-03	3.846129e+01
4.445574e+02	5.769262e+00	4.604751e-03	4.605509e+01
5.112411e+02	5.395426e+00	4.041642e-03	5.546337e+01
5.879272e+02	5.033647e+00	3.538723e-03	6.717340e+01
6.761163e+02	4.721244e+00	3.133317e-03	8.172313e+01
7.775337e+02	4.417920e+00	2.748534e-03	9.980732e+01
8.941638e+02	4.119530e+00	2.437539e-03	1.223843e+02
1.028288e+03	3.828042e+00	2.151327e-03	1.506894e+02
1.182532e+03	3.545403e+00	1.903143e-03	1.863171e+02
1.359911e+03	3.273891e+00	1.682144e-03	2.313073e+02
1.563898e+03	3.013287e+00	1.472651e-03	2.882914e+02
1.798483e+03	2.762386e+00	1.314813e-03	3.607283e+02
2.068255e+03	2.525308e+00	1.169894e-03	4.530616e+02
2.378493e+03	2.307570e+00	1.026733e-03	5.708443e+02
2.735268e+03	2.104847e+00	9.006598e-04	7.210992e+02
3.145558e+03	1.916173e+00	7.874209e-04	9.130222e+02
3.617391e+03	1.741589e+00	6.989950e-04	1.158395e+03
4.160000e+03	1.580742e+00	6.197511e-04	1.472244e+03
4.784000e+03	1.433672e+00	5.420651e-04	1.873684e+03
5.501600e+03	1.299759e+00	4.746853e-04	2.386920e+03
6.326840e+03	1.178394e+00	4.141829e-04	3.042514e+03
7.275866e+03	1.069110e+00	3.640994e-04	3.878886e+03
8.367246e+03	9.711433e-01	3.178286e-04	4.944060e+03
9.622333e+03	8.835128e-01	2.772720e-04	6.297773e+03
