# Energy_MeV	dEdx_Elec_MeV_um	dEdx_Nucl_MeV_um	Range_um
1.000000e-05	4.581827e-03	3.289404e-02	4.365071e-03
1.150000e-05	4.913462e-03	3.633948e-02	4.681017e-03
1.322500e-05	5.269101e-03	4.012565e-02	5.019832e-03
1.520875e-05	5.650481e-03	4.418561e-02	5.383170e-03
1.749006e-05	6.059466e-03	4.863603e-02	5.772806e-03
2.011357e-05	6.498054e-03	5.357166e-02	6.190645e-03
2.313061e-05	6.968386e-03	5.897778e-02	6.638727e-03
2.660020e-05	7.472762e-03	6.491990e-02	7.119242e-03
3.059023e-05	4.013414e-03	7.120761e-02	7.634536e-03
3.517876e-05	4.325744e-03	7.807932e-02	8.187128e-03
4.045558e-05	4.660574e-03	8.565872e-02	8.779717e-03
4.652391e-05	5.019543e-03	9.388607e-02	9.415197e-03
5.350250e-05	5.404404e-03	1.028856e-01	1.009667e-02
6.152788e-05	5.817039e-03	1.124529e-01	1.082748e-02
7.075706e-05	6.259464e-03	1.229973e-01	1.161118e-02
8.137062e-05	6.733842e-03	1.341533e-01	1.245160e-02
9.357621e-05	7.242490e-03	1.460049e-01	1.335285e-02
1.076126e-04	7.787895e-03	1.589721e-01	1.431934e-02
1.237545e-04	8.372721e-03	1.727635e-01	1.535578e-02
1.423177e-04	8.999825e-03	1.877979e-01	1.646724e-02
1.636654e-04	9.672272e-03	2.030548e-01	1.765915e-02
1.882152e-04	1.039335e-02	2.195761e-01	1.893732e-02
2.164475e-04	1.116657e-02	2.378986e-01	2.030802e-02
2.489146e-04	1.199573e-02	2.571013e-01	2.177792e-02
2.862518e-04	1.288486e-02	2.772167e-01	2.335422e-02
3.291895e-04	1.383832e-02	2.977333e-01	2.504461e-02
3.785680e-04	1.486076e-02	3.194763e-01	2.685735e-02
4.353531e-04	1.595717e-02	3.433605e-01	2.880130e-02
5.006561e-04	1.713292e-02	3.681337e-01	3.088596e-02
5.757545e-04	1.839375e-02	3.935411e-01	3.312150e-02
6.621177e-04	1.974581e-02	4.200470e-01	3.551885e-02
7.614354e-04	2.119571e-02	4.469659e-01	3.808972e-02
8.756507e-04	2.275054e-02	4.750123e-01	4.084668e-02
1.006998e-03	2.441789e-02	5.031680e-01	4.380318e-02
1.158048e-03	2.620591e-02	5.321052e-01	4.697368e-02
1.331755e-03	2.812333e-02	5.619595e-01	5.037366e-02
1.531519e-03	3.017952e-02	5.900403e-01	5.401973e-02
1.761246e-03	3.238452e-02	6.184890e-01	5.792971e-02
2.025433e-03	3.474911e-02	6.480776e-01	6.212269e-02
2.329248e-03	3.728484e-02	6.774935e-01	6.661917e-02
2.678635e-03	4.000409e-02	7.070392e-01	7.144110e-02
3.080431e-03	4.292016e-02	7.333906e-01	7.661204e-02
3.542495e-03	4.604728e-02	7.593066e-01	8.215726e-02
4.073870e-03	4.940073e-02	7.853774e-01	8.810385e-02
4.684950e-03	5.299691e-02	8.102381e-01	9.448085e-02
5.387693e-03	5.685336e-02	8.344002e-01	1.013194e-01
6.195847e-03	6.098895e-02	8.555995e-01	1.086530e-01
7.125224e-03	6.542386e-02	8.765251e-01	1.164938e-01
8.194007e-03	7.017977e-02	8.946809e-01	1.249547e-01
9.423108e-03	7.527990e-02	9.103081e-01	1.339971e-01
1.083657e-02	8.074918e-02	9.253364e-01	1.436971e-01
1.246206e-02	8.661433e-02	9.381935e-01	1.540973e-01
1.433137e-02	9.290399e-02	9.499971e-01	1.652508e-01
1.648108e-02	9.964890e-02	9.583080e-01	1.772115e-01
1.895324e-02	1.068820e-01	9.652247e-01	1.900380e-01
2.179622e-02	1.146386e-01	9.717816e-01	2.037928e-01
2.506566e-02	1.229567e-01	9.762646e-01	2.185431e-01
2.882550e-02	1.318768e-01	9.779097e-01	2.343611e-01
3.314933e-02	1.414426e-01	9.772207e-01	2.513241e-01
3.812173e-02	1.517007e-01	9.743730e-01	2.695149e-01
4.383999e-02	1.627014e-01	9.702111e-01	2.890223e-01
5.041599e-02	1.744982e-01	9.637384e-01	3.099416e-01
5.797838e-02	1.871489e-01	9.542533e-01	3.323751e-01
6.667514e-02	2.007153e-01	9.425603e-01	3.564324e-01
7.667641e-02	2.152636e-01	9.282795e-01	3.822310e-01
8.817787e-02	2.308649e-01	9.117073e-01	4.098968e-01
1.014046e-01	2.475955e-01	8.926630e-01	4.395650e-01
1.166152e-01	2.655370e-01	8.711996e-01	4.713807e-01
1.341075e-01	2.847772e-01	8.474116e-01	5.054994e-01
1.542237e-01	3.054099e-01	8.225989e-01	5.420875e-01
1.773572e-01	3.275361e-01	7.957342e-01	5.813238e-01
2.039608e-01	3.512637e-01	7.662086e-01	6.233999e-01
2.345549e-01	3.767088e-01	7.355262e-01	6.685218e-01
2.697381e-01	4.039956e-01	7.030253e-01	7.169097e-01
3.101989e-01	4.332575e-01	6.716553e-01	7.687998e-01
3.567287e-01	4.646373e-01	6.393067e-01	8.244455e-01
4.102380e-01	4.982884e-01	6.050870e-01	8.841190e-01
4.717737e-01	5.343752e-01	5.712173e-01	9.481113e-01
5.425397e-01	5.730740e-01	5.366240e-01	1.016741e+00
6.239207e-01	6.145738e-01	5.039347e-01	1.090311e+00
7.175088e-01	6.590792e-01	4.705113e-01	1.169405e+00
8.251351e-01	7.068067e-01	4.387007e-01	1.255004e+00
9.489054e-01	7.579887e-01	4.094575e-01	1.347703e+00
1.091241e+00	8.128752e-01	3.795390e-01	1.448185e+00
1.254927e+00	8.717345e-01	3.514465e-01	1.557201e+00
1.443166e+00	9.348542e-01	3.237431e-01	1.675629e+00
1.659641e+00	1.000286e+00	2.996305e-01	1.804482e+00
1.908588e+00	1.064256e+00	2.765582e-01	1.944955e+00
2.194876e+00	1.151162e+00	2.531678e-01	2.098478e+00
2.524107e+00	1.262278e+00	2.332103e-01	2.266781e+00
2.902723e+00	1.379037e+00	2.180726e-01	2.452000e+00
3.338132e+00	1.508548e+00	2.007764e-01	2.640227e+00
3.838852e+00	1.646706e+00	1.808858e-01	2.612475e+00
4.414679e+00	1.797803e+00	1.604078e-01	2.586094e+00
5.076881e+00	1.966447e+00	1.424829e-01	2.562931e+00
5.838413e+00	2.145760e+00	1.290639e-01	2.545033e+00
6.714175e+00	2.344451e+00	1.159876e-01	2.534656e+00
7.721302e+00	2.557184e+00	1.049097e-01	2.534204e+00
8.879497e+00	2.795679e+00	9.441399e-02	2.546496e+00
1.021142e+01	3.065805e+00	8.504165e-02	2.574497e+00
1.174313e+01	3.341832e+00	7.654315e-02	2.621437e+00
1.350460e+01	3.635868e+00	6.826362e-02	2.690791e+00
1.553030e+01	3.933615e+00	6.185645e-02	2.786270e+00
1.785984e+01	4.213536e+00	5.577670e-02	2.911817e+00
2.053882e+01	4.505788e+00	4.980305e-02	3.071611e+00
2.361964e+01	4.779846e+00	4.442372e-02	3.270109e+00
2.716258e+01	5.057125e+00	3.940359e-02	3.512166e+00
3.123697e+01	5.324547e+00	3.545065e-02	3.803267e+00
3.592252e+01	5.562134e+00	3.178872e-02	4.149778e+00
4.131089e+01	5.804534e+00	2.823797e-02	4.559340e+00
4.750753e+01	6.012272e+00	2.510077e-02	5.041328e+00
5.463366e+01	6.205151e+00	2.218642e-02	5.607377e+00
6.282871e+01	6.377443e+00	1.977962e-02	6.271999e+00
7.225301e+01	6.473620e+00	1.749425e-02	7.053293e+00
8.309096e+01	6.560428e+00	1.550196e-02	7.973821e+00
9.555461e+01	6.640313e+00	1.388498e-02	9.061717e+00
1.098878e+02	6.683247e+00	1.230874e-02	1.035187e+01
1.263710e+02	6.690866e+00	1.094600e-02	1.188834e+01
1.453266e+02	7.818155e+00	9.685590e-03	1.372324e+01
1.671256e+02	7.491445e+00	8.658969e-03	1.593089e+01
1.921945e+02	7.153893e+00	7.749839e-03	1.859885e+01
2.210236e+02	6.800970e+00	6.821884e-03	2.182420e+01
2.541772e+02	6.437217e+00	5.978084e-03	2.574167e+01
2.923037e+02	6.070878e+00	5.317837e-03	3.052345e+01
3.361493e+02	5.711398e+00	4.722957e-03	3.638252e+01
3.865717e+02	5.353024e+00	4.220172e-03	4.358902e+01
4.445574e+02	5.000047e+00	3.708289e-03	5.251110e+01
5.112411e+02	4.658102e+00	3.243450e-03	6.362845e+01
5.879272e+02	4.351498e+00	2.874040e-03	7.748509e+01
6.761163e+02	4.066804e+00	2.519075e-03	9.472725e+01
7.775337e+02	3.788275e+00	2.235548e-03	1.162602e+02
8.941638e+02	3.516309e+00	1.973232e-03	1.432669e+02
1.028288e+03	3.253481e+00	1.744310e-03	1.772744e+02
1.182532e+03	3.000882e+00	1.542971e-03	2.202438e+02
1.359911e+03	2.760036e+00	1.349684e-03	2.746915e+02
1.563898e+03	2.528150e+00	1.206327e-03	3.439109e+02
1.798483e+03	2.308803e+00	1.072279e-03	4.321878e+02
2.068255e+03	2.105630e+00	9.408338e-04	5.449222e+02
2.378493e+03	1.918709e+00	8.265038e-04	6.888671e+02
2.735268e+03	1.744764e+00	7.216197e-04	8.727914e+02
3.145558e+03	1.584178e+00	6.414094e-04	1.108053e+03
3.617391e+03	1.436629e+00	5.680287e-04	1.409108e+03
4.160000e+03	1.301680e+00	4.967002e-04	1.794375e+03
4.784000e+03	1.178826e+00	4.356132e-04	2.287205e+03
5.501600e+03	1.067627e+00	3.795615e-04	2.917098e+03
6.326840e+03	9.675466e-01	3.339987e-04	3.721201e+03
7.275866e+03	8.778057e-01	2.914874e-04	4.746024e+03
8.367246e+03	7.975744e-01	2.543105e-04	6.049519e+03
9.622333e+03	7.260823e-01	2.253665e-04	7.703500e+03
