# Energy_MeV	dEdx_Elec_MeV_um	dEdx_Nucl_MeV_um	Range_um
1.000000e-05	2.100270e-03	3.258931e-02	4.845282e-03
1.150000e-05	2.271970e-03	3.600796e-02	5.195986e-03
1.322500e-05	2.455934e-03	3.960108e-02	5.572074e-03
1.520875e-05	2.653064e-03	4.358393e-02	5.975384e-03
1.749006e-05	2.864327e-03	4.806936e-02	6.407885e-03
2.011357e-05	3.090758e-03	5.286948e-02	6.871692e-03
2.313061e-05	3.333464e-03	5.817990e-02	7.369068e-03
2.660020e-05	3.593633e-03	6.374924e-02	7.902445e-03
3.059023e-05	3.872538e-03	6.987897e-02	8.474428e-03
3.517876e-05	4.171543e-03	7.675746e-02	9.087812e-03
4.045558e-05	4.492109e-03	8.405179e-02	9.745593e-03
4.652391e-05	4.835803e-03	9.207785e-02	1.045098e-02
5.350250e-05	5.204306e-03	1.005950e-01	1.120743e-02
6.152788e-05	5.599418e-03	1.098716e-01	1.201863e-02
7.075706e-05	6.023070e-03	1.199486e-01	1.288855e-02
8.137062e-05	6.477332e-03	1.304275e-01	1.382143e-02
9.357621e-05	6.964423e-03	1.420366e-01	1.482183e-02
1.076126e-04	7.486725e-03	1.542780e-01	1.589464e-02
1.237545e-04	8.046789e-03	1.672899e-01	1.704510e-02
1.423177e-04	8.647350e-03	1.810526e-01	1.827884e-02
1.636654e-04	9.291344e-03	1.958337e-01	1.960187e-02
1.882152e-04	9.981916e-03	2.118852e-01	2.102066e-02
2.164475e-04	1.072244e-02	2.290358e-01	2.254215e-02
2.489146e-04	1.151654e-02	2.464186e-01	2.417376e-02
2.862518e-04	1.236808e-02	2.648127e-01	2.592347e-02
3.291895e-04	1.328124e-02	2.842481e-01	2.779983e-02
3.785680e-04	1.426046e-02	3.050464e-01	2.981199e-02
4.353531e-04	1.531055e-02	3.270089e-01	3.196980e-02
5.006561e-04	1.643661e-02	3.491406e-01	3.428379e-02
5.757545e-04	1.764417e-02	3.728724e-01	3.676527e-02
6.621177e-04	1.893911e-02	3.963635e-01	3.942636e-02
7.614354e-04	2.032776e-02	4.204195e-01	4.228006e-02
8.756507e-04	2.181691e-02	4.453830e-01	4.534031e-02
1.006998e-03	2.341382e-02	4.705088e-01	4.862207e-02
1.158048e-03	2.512632e-02	4.970247e-01	5.214136e-02
1.331755e-03	2.696275e-02	5.208613e-01	5.591538e-02
1.531519e-03	2.893209e-02	5.455856e-01	5.996256e-02
1.761246e-03	3.104396e-02	5.723354e-01	6.430268e-02
2.025433e-03	3.330868e-02	5.974216e-01	6.895695e-02
2.329248e-03	3.573732e-02	6.228539e-01	7.394809e-02
2.678635e-03	3.834173e-02	6.450046e-01	7.930049e-02
3.080431e-03	4.113464e-02	6.671287e-01	8.504030e-02
3.542495e-03	4.412970e-02	6.904435e-01	9.119556e-02
4.073870e-03	4.734153e-02	7.115432e-01	9.779635e-02
4.684950e-03	5.078584e-02	7.319852e-01	1.048749e-01
5.387693e-03	5.447943e-02	7.499789e-01	1.124658e-01
6.195847e-03	5.844037e-02	7.669815e-01	1.206061e-01
7.125224e-03	6.268799e-02	7.828989e-01	1.293379e-01
8.194007e-03	6.724306e-02	7.959206e-01	1.387019e-01
9.423108e-03	7.212782e-02	8.086468e-01	1.487383e-01
1.083657e-02	7.736613e-02	8.194305e-01	1.595054e-01
1.246206e-02	8.298360e-02	8.283059e-01	1.710499e-01
1.433137e-02	8.900766e-02	8.354800e-01	1.834303e-01
1.648108e-02	9.546773e-02	8.413335e-01	1.967069e-01
1.895324e-02	1.023954e-01	8.462505e-01	2.109445e-01
2.179622e-02	1.098245e-01	8.496661e-01	2.262124e-01
2.506566e-02	1.177913e-01	8.502365e-01	2.425855e-01
2.882550e-02	1.263347e-01	8.492509e-01	2.601437e-01
3.314933e-02	1.354965e-01	8.464223e-01	2.789729e-01
3.812173e-02	1.453215e-01	8.420349e-01	2.991648e-01
4.383999e-02	1.558576e-01	8.357055e-01	3.208182e-01
5.041599e-02	1.671563e-01	8.268029e-01	3.440389e-01
5.797838e-02	1.792727e-01	8.160323e-01	3.689404e-01
6.667514e-02	1.922662e-01	8.029451e-01	3.956444e-01
7.667641e-02	2.062002e-01	7.878903e-01	4.242810e-01
8.817787e-02	2.211427e-01	7.706234e-01	4.549903e-01
1.014046e-01	2.371668e-01	7.514315e-01	4.879225e-01
1.166152e-01	2.543506e-01	7.300302e-01	5.232384e-01
1.341075e-01	2.727783e-01	7.081829e-01	5.611106e-01
1.542237e-01	2.925398e-01	6.842996e-01	6.017237e-01
1.773572e-01	3.137316e-01	6.577394e-01	6.452764e-01
2.039608e-01	3.364572e-01	6.307636e-01	6.919816e-01
2.345549e-01	3.608278e-01	6.022450e-01	7.420675e-01
2.697381e-01	3.869623e-01	5.752054e-01	7.957786e-01
3.101989e-01	4.149885e-01	5.470387e-01	8.533770e-01
3.567287e-01	4.450432e-01	5.166050e-01	9.151444e-01
4.102380e-01	4.772733e-01	4.870319e-01	9.813831e-01
4.717737e-01	5.118362e-01	4.573433e-01	1.052415e+00
5.425397e-01	5.489008e-01	4.288766e-01	1.128596e+00
6.239207e-01	5.886482e-01	4.009005e-01	1.210257e+00
7.175088e-01	6.312743e-01	3.731185e-01	1.298117e+00
8.251351e-01	6.769860e-01	3.477284e-01	1.393235e+00
9.489054e-01	7.260064e-01	3.220604e-01	1.496245e+00
1.091241e+00	7.785749e-01	2.975845e-01	1.607914e+00
1.254927e+00	8.349484e-01	2.752837e-01	1.729083e+00
1.443166e+00	8.954023e-01	2.542172e-01	1.860733e+00
1.659641e+00	9.564717e-01	2.337474e-01	2.003999e+00
1.908588e+00	1.016241e+00	2.150117e-01	2.160223e+00
2.194876e+00	1.100079e+00	1.988000e-01	2.331009e+00
2.524107e+00	1.204293e+00	1.851318e-01	2.518310e+00
2.902723e+00	1.313433e+00	1.694132e-01	2.671858e+00
3.338132e+00	1.434814e+00	1.513369e-01	2.667359e+00
3.838852e+00	1.567029e+00	1.348217e-01	2.662021e+00
4.414679e+00	1.711346e+00	1.202042e-01	2.657499e+00
5.076881e+00	1.873140e+00	1.088450e-01	2.655711e+00
5.838413e+00	2.046052e+00	9.756040e-02	2.658795e+00
6.714175e+00	2.234363e+00	8.814602e-02	2.669288e+00
7.721302e+00	2.436073e+00	7.964351e-02	2.690031e+00
8.879497e+00	2.658899e+00	7.158228e-02	2.724184e+00
1.021142e+01	2.906564e+00	6.441261e-02	2.775260e+00
1.174313e+01	3.151690e+00	5.737398e-02	2.847128e+00
1.350460e+01	3.401369e+00	5.204529e-02	2.944011e+00
1.553030e+01	3.652590e+00	4.694695e-02	3.070473e+00
1.785984e+01	3.874920e+00	4.171118e-02	3.231419e+00
2.053882e+01	4.106393e+00	3.713210e-02	3.432070e+00
2.361964e+01	4.324429e+00	3.304483e-02	3.678119e+00
2.716258e+01	4.534999e+00	2.974964e-02	3.975804e+00
3.123697e+01	4.741683e+00	2.671825e-02	4.332185e+00
3.592252e+01	4.912520e+00	2.364565e-02	4.755521e+00
4.131089e+01	5.084741e+00	2.094331e-02	5.255711e+00
4.750753e+01	5.231106e+00	1.859202e-02	5.844936e+00
5.463366e+01	5.354102e+00	1.652138e-02	6.538276e+00
6.282871e+01	5.463984e+00	1.469625e-02	7.354531e+00
7.225301e+01	5.502346e+00	1.301456e-02	8.317196e+00
8.309096e+01	5.537235e+00	1.161549e-02	9.455605e+00
9.555461e+01	5.565080e+00	1.031420e-02	1.080644e+01
1.098878e+02	5.555846e+00	9.130537e-03	1.241534e+01
1.263710e+02	5.522307e+00	8.157064e-03	1.434003e+01
1.453266e+02	6.378514e+00	7.282755e-03	1.664953e+01
1.671256e+02	6.083691e+00	6.471800e-03	1.944283e+01
1.921945e+02	5.779526e+00	5.711884e-03	2.283327e+01
2.210236e+02	5.468275e+00	5.011621e-03	2.695300e+01
2.541772e+02	5.151160e+00	4.470649e-03	3.198282e+01
2.923037e+02	4.835931e+00	3.973802e-03	3.815434e+01
3.361493e+02	4.528731e+00	3.520282e-03	4.575462e+01
3.865717e+02	4.224531e+00	3.101844e-03	5.515192e+01
4.445574e+02	3.927205e+00	2.716705e-03	6.684923e+01
5.112411e+02	3.640567e+00	2.406948e-03	8.149536e+01
5.879272e+02	3.386692e+00	2.106950e-03	9.982679e+01
6.761163e+02	3.148827e+00	1.864416e-03	1.227432e+02
7.775337e+02	2.917720e+00	1.655197e-03	1.514983e+02
8.941638e+02	2.694186e+00	1.459658e-03	1.877237e+02
1.028288e+03	2.479947e+00	1.291056e-03	2.335295e+02
1.182532e+03	2.276046e+00	1.129918e-03	2.916264e+02
1.359911e+03	2.083162e+00	1.009653e-03	3.655008e+02
1.563898e+03	1.899191e+00	8.981987e-04	4.597230e+02
1.798483e+03	1.727038e+00	7.850182e-04	5.802209e+02
2.068255e+03	1.569057e+00	6.864989e-04	7.344484e+02
2.378493e+03	1.424183e+00	6.033180e-04	9.317504e+02
2.735268e+03	1.290392e+00	5.356288e-04	1.184285e+03
3.145558e+03	1.167921e+00	4.753687e-04	1.507732e+03
3.617391e+03	1.056375e+00	4.147389e-04	1.922038e+03
4.160000e+03	9.549086e-01	3.613426e-04	2.452585e+03
4.784000e+03	8.629154e-01	3.170731e-04	3.131508e+03
5.501600e+03	7.802158e-01	2.774571e-04	3.999370e+03
6.326840e+03	7.061911e-01	2.438367e-04	5.107190e+03
7.275866e+03	6.399433e-01	2.131562e-04	6.518787e+03
8.367246e+03	5.808985e-01	1.875958e-04	8.313629e+03
9.622333e+03	5.285195e-01	1.645784e-04	1.059012e+04
