# Energy_MeV	dEdx_Elec_MeV_um	dEdx_Nucl_MeV_um	Range_um
1.000000e-05	4.855430e-03	2.534120e-02	4.119099e-03
1.150000e-05	5.206869e-03	2.751196e-02	4.417242e-03
1.322500e-05	5.583745e-03	3.058604e-02	4.736964e-03
1.520875e-05	5.987899e-03	3.390024e-02	5.079828e-03
1.749006e-05	6.421306e-03	3.758285e-02	5.447509e-03
2.011357e-05	6.886084e-03	4.178227e-02	5.841803e-03
2.313061e-05	7.384502e-03	4.631145e-02	6.264635e-03
2.660020e-05	7.918997e-03	5.134569e-02	6.718073e-03
3.059023e-05	8.492178e-03	5.684257e-02	7.204331e-03
3.517876e-05	9.106846e-03	6.290240e-02	7.725784e-03
4.045558e-05	9.766004e-03	6.957487e-02	8.284980e-03
4.652391e-05	1.047287e-02	7.681407e-02	8.884652e-03
5.350250e-05	1.123091e-02	8.490664e-02	9.527727e-03
6.152788e-05	1.204380e-02	9.371229e-02	1.021735e-02
7.075706e-05	1.291554e-02	1.032444e-01	1.095689e-02
8.137062e-05	1.385037e-02	1.134741e-01	1.174995e-02
9.357621e-05	1.485287e-02	1.250787e-01	1.260042e-02
1.076126e-04	1.592793e-02	1.378472e-01	1.351244e-02
1.237545e-04	1.708080e-02	1.514715e-01	1.449048e-02
1.423177e-04	1.831712e-02	1.663248e-01	1.553931e-02
1.636654e-04	1.964292e-02	1.820408e-01	1.666405e-02
1.882152e-04	2.106469e-02	1.998615e-01	1.787021e-02
2.164475e-04	2.258936e-02	2.193078e-01	1.916366e-02
2.489146e-04	2.422439e-02	2.398732e-01	2.055074e-02
2.862518e-04	2.597777e-02	2.624569e-01	2.203821e-02
3.291895e-04	2.785805e-02	2.867390e-01	2.363335e-02
3.785680e-04	2.987443e-02	3.127932e-01	2.534394e-02
4.353531e-04	3.203676e-02	3.404985e-01	2.717835e-02
5.006561e-04	3.435560e-02	3.702995e-01	2.914554e-02
5.757545e-04	3.684227e-02	4.028784e-01	3.125511e-02
6.621177e-04	3.950893e-02	4.374204e-01	3.351737e-02
7.614354e-04	4.236861e-02	4.727242e-01	3.594337e-02
8.756507e-04	4.543527e-02	5.109658e-01	3.854497e-02
1.006998e-03	4.872390e-02	5.542086e-01	4.133488e-02
1.158048e-03	5.225057e-02	5.981174e-01	4.432672e-02
1.331755e-03	5.603249e-02	6.451243e-01	4.753511e-02
1.531519e-03	6.008815e-02	6.921795e-01	5.097572e-02
1.761246e-03	6.443736e-02	7.424627e-01	5.466537e-02
2.025433e-03	6.910137e-02	7.988838e-01	5.862208e-02
2.329248e-03	7.410297e-02	8.549861e-01	6.286518e-02
2.678635e-03	7.946658e-02	9.144793e-01	6.741540e-02
3.080431e-03	8.521841e-02	9.752798e-01	7.229496e-02
3.542495e-03	9.138657e-02	1.038197e+00	7.752771e-02
4.073870e-03	9.800117e-02	1.102287e+00	8.313920e-02
4.684950e-03	1.050946e-01	1.166162e+00	8.915686e-02
5.387693e-03	1.127014e-01	1.234318e+00	9.561008e-02
6.195847e-03	1.208587e-01	1.302060e+00	1.025304e-01
7.125224e-03	1.296066e-01	1.368093e+00	1.099516e-01
8.194007e-03	1.389875e-01	1.430652e+00	1.179099e-01
9.423108e-03	1.490475e-01	1.500221e+00	1.264443e-01
1.083657e-02	1.598357e-01	1.570342e+00	1.355964e-01
1.246206e-02	1.714047e-01	1.634276e+00	1.454110e-01
1.433137e-02	1.838110e-01	1.697143e+00	1.559359e-01
1.648108e-02	1.971154e-01	1.752563e+00	1.671363e-01
1.895324e-02	2.113827e-01	1.813860e+00	1.793057e-01
2.179622e-02	2.266827e-01	1.873356e+00	1.923108e-01
2.506566e-02	2.430901e-01	1.924331e+00	2.062302e-01
2.882550e-02	2.606851e-01	1.974862e+00	2.211565e-01
3.314933e-02	2.795536e-01	2.020260e+00	2.371638e-01
3.812173e-02	2.997878e-01	2.061555e+00	2.543294e-01
4.383999e-02	3.214866e-01	2.097515e+00	2.727375e-01
5.041599e-02	3.447560e-01	2.129780e+00	2.924781e-01
5.797838e-02	3.697096e-01	2.160589e+00	3.136476e-01
6.667514e-02	3.964694e-01	2.185308e+00	3.363492e-01
7.667641e-02	4.251661e-01	2.203112e+00	3.606939e-01
8.817787e-02	4.559398e-01	2.218256e+00	3.868007e-01
1.014046e-01	4.889410e-01	2.233981e+00	4.147973e-01
1.166152e-01	5.243308e-01	2.241987e+00	4.448203e-01
1.341075e-01	5.622821e-01	2.245605e+00	4.770162e-01
1.542237e-01	6.029804e-01	2.242479e+00	5.115425e-01
1.773572e-01	6.466245e-01	2.235160e+00	5.485678e-01
2.039608e-01	6.934275e-01	2.225566e+00	5.882733e-01
2.345549e-01	7.436181e-01	2.208696e+00	6.308525e-01
2.697381e-01	7.974416e-01	2.186371e+00	6.765135e-01
3.101989e-01	8.551608e-01	2.158312e+00	7.254794e-01
3.567287e-01	9.170578e-01	2.124625e+00	7.779898e-01
4.102380e-01	9.834350e-01	2.085472e+00	8.343009e-01
4.717737e-01	1.054617e+00	2.040842e+00	8.946877e-01
5.425397e-01	1.130950e+00	1.990280e+00	9.594451e-01
6.239207e-01	1.212809e+00	1.935165e+00	1.028890e+00
7.175088e-01	1.300593e+00	1.876571e+00	1.103361e+00
8.251351e-01	1.394730e+00	1.815460e+00	1.183223e+00
9.489054e-01	1.495682e+00	1.746039e+00	1.268865e+00
1.091241e+00	1.603940e+00	1.673235e+00	1.360706e+00
1.254927e+00	1.720034e+00	1.600505e+00	1.459194e+00
1.443166e+00	1.844531e+00	1.525923e+00	1.564802e+00
1.659641e+00	1.970904e+00	1.454661e+00	1.678136e+00
1.908588e+00	2.093812e+00	1.374203e+00	1.800590e+00
2.194876e+00	2.222966e+00	1.293476e+00	1.933211e+00
2.524107e+00	2.358180e+00	1.218025e+00	2.076919e+00
2.902723e+00	2.499058e+00	1.140333e+00	2.232784e+00
3.338132e+00	2.644925e+00	1.066133e+00	2.402031e+00
3.838852e+00	1.399351e+00	9.934846e-01	2.586077e+00
4.414679e+00	1.489161e+00	9.253334e-01	2.786586e+00
5.076881e+00	1.599026e+00	8.590895e-01	3.005538e+00
5.838413e+00	1.753083e+00	7.921734e-01	3.245318e+00
6.714175e+00	1.921150e+00	7.313013e-01	3.508853e+00
7.721302e+00	2.107913e+00	6.780966e-01	3.799777e+00
8.879497e+00	2.303420e+00	6.251372e-01	4.122664e+00
1.021142e+01	2.520484e+00	5.693333e-01	4.483336e+00
1.174313e+01	2.753646e+00	5.294636e-01	4.889267e+00
1.350460e+01	3.000699e+00	4.941011e-01	5.350118e+00
1.553030e+01	3.272492e+00	4.534342e-01	5.878428e+00
1.785984e+01	3.528501e+00	4.066673e-01	6.364223e+00
2.053882e+01	3.817880e+00	3.578059e-01	5.993948e+00
2.361964e+01	4.141263e+00	3.217532e-01	5.699972e+00
2.716258e+01	4.475569e+00	2.899417e-01	5.477345e+00
3.123697e+01	4.841773e+00	2.614259e-01	5.322428e+00
3.592252e+01	5.230011e+00	2.352566e-01	5.232663e+00
4.131089e+01	5.664530e+00	2.121706e-01	5.206374e+00
4.750753e+01	6.146576e+00	1.918084e-01	5.242541e+00
5.463366e+01	6.671465e+00	1.716430e-01	5.340968e+00
6.282871e+01	7.254150e+00	1.537816e-01	5.502124e+00
7.225301e+01	7.837214e+00	1.384284e-01	5.727283e+00
8.309096e+01	8.443713e+00	1.257994e-01	6.018782e+00
9.555461e+01	9.066341e+00	1.117541e-01	6.380329e+00
1.098878e+02	9.661185e+00	9.881039e-02	6.817339e+00
1.263710e+02	1.028773e+01	8.858933e-02	7.337304e+00
1.453266e+02	1.085979e+01	7.908669e-02	7.950202e+00
1.671256e+02	1.138006e+01	7.164216e-02	8.668858e+00
1.921945e+02	1.185072e+01	6.329361e-02	9.509628e+00
2.210236e+02	1.232951e+01	5.579046e-02	1.049285e+01
2.541772e+02	1.281113e+01	4.984053e-02	1.164367e+01
2.923037e+02	1.316044e+01	4.408099e-02	1.299338e+01
3.361493e+02	1.773965e+01	3.922171e-02	1.457847e+01
3.865717e+02	1.745265e+01	3.478170e-02	1.644829e+01
4.445574e+02	1.712656e+01	3.104293e-02	1.866837e+01
5.112411e+02	1.668160e+01	2.763058e-02	2.129820e+01
5.879272e+02	1.616767e+01	2.437293e-02	2.442359e+01
6.761163e+02	1.558440e+01	2.169233e-02	2.815407e+01
7.775337e+02	1.497218e+01	1.950407e-02	3.262376e+01
8.941638e+02	1.433021e+01	1.740597e-02	3.799466e+01
1.028288e+03	1.367797e+01	1.519537e-02	4.448427e+01
1.182532e+03	1.303122e+01	1.345433e-02	5.238446e+01
1.359911e+03	1.242244e+01	1.188328e-02	6.202122e+01
1.563898e+03	1.188640e+01	1.064614e-02	7.373879e+01
1.798483e+03	1.134982e+01	9.472797e-03	8.801996e+01
2.068255e+03	1.080062e+01	8.252170e-03	1.055128e+02
2.378493e+03	1.024720e+01	7.296337e-03	1.270402e+02
2.735268e+03	9.691059e+00	6.419047e-03	1.536491e+02
3.145558e+03	9.138340e+00	5.659838e-03	1.866610e+02
3.617391e+03	8.583150e+00	4.984003e-03	2.277808e+02
4.160000e+03	8.031048e+00	4.413932e-03	2.792339e+02
4.784000e+03	7.494349e+00	3.921973e-03	3.438172e+02
5.501600e+03	6.990311e+00	3.443460e-03	4.249783e+02
6.326840e+03	6.501174e+00	3.031021e-03	5.271290e+02
7.275866e+03	6.030398e+00	2.686607e-03	6.560499e+02
8.367246e+03	5.580557e+00	2.412243e-03	8.190942e+02
9.622333e+03	5.153250e+00	2.103188e-03	1.025653e+03
