# Energy_MeV	dEdx_Elec_MeV_um	dEdx_Nucl_MeV_um	Range_um
1.000000e-05	5.411789e-03	2.842434e-02	3.695636e-03
1.150000e-05	5.803497e-03	3.150304e-02	3.963128e-03
1.322500e-05	6.223557e-03	3.498068e-02	4.249981e-03
1.520875e-05	6.674022e-03	3.883762e-02	4.557597e-03
1.749006e-05	7.157091e-03	4.304538e-02	4.887478e-03
2.011357e-05	7.675125e-03	4.769407e-02	5.241236e-03
2.313061e-05	8.230654e-03	5.281744e-02	5.620600e-03
2.660020e-05	8.826393e-03	5.844400e-02	6.027422e-03
3.059023e-05	9.465253e-03	6.455979e-02	6.463690e-03
3.517876e-05	1.015035e-02	7.130960e-02	6.931535e-03
4.045558e-05	1.088504e-02	7.877064e-02	7.433243e-03
4.652391e-05	1.167291e-02	8.696142e-02	7.971265e-03
5.350250e-05	1.251780e-02	9.565787e-02	8.548230e-03
6.152788e-05	1.342384e-02	1.051872e-01	9.166955e-03
7.075706e-05	1.439547e-02	1.160543e-01	9.830464e-03
8.137062e-05	1.543742e-02	1.276749e-01	1.054200e-02
9.357621e-05	1.655479e-02	1.403634e-01	1.130503e-02
1.076126e-04	1.775303e-02	1.538232e-01	1.212330e-02
1.237545e-04	1.903800e-02	1.684570e-01	1.300079e-02
1.423177e-04	2.041598e-02	1.850747e-01	1.394179e-02
1.636654e-04	2.189370e-02	2.026997e-01	1.495091e-02
1.882152e-04	2.347838e-02	2.218456e-01	1.603306e-02
2.164475e-04	2.517776e-02	2.424828e-01	1.719354e-02
2.489146e-04	2.700014e-02	2.646270e-01	1.843802e-02
2.862518e-04	2.895442e-02	2.885515e-01	1.977258e-02
3.291895e-04	3.105016e-02	3.138714e-01	2.120372e-02
3.785680e-04	3.329759e-02	3.416117e-01	2.273846e-02
4.353531e-04	3.570768e-02	3.712504e-01	2.438428e-02
5.006561e-04	3.829223e-02	4.021329e-01	2.614923e-02
5.757545e-04	4.106384e-02	4.345262e-01	2.804193e-02
6.621177e-04	4.403606e-02	4.706393e-01	3.007162e-02
7.614354e-04	4.722341e-02	5.093649e-01	3.224821e-02
8.756507e-04	5.064147e-02	5.494856e-01	3.458236e-02
1.006998e-03	5.430692e-02	5.913516e-01	3.708545e-02
1.158048e-03	5.823769e-02	6.341707e-01	3.976971e-02
1.331755e-03	6.245296e-02	6.816550e-01	4.264826e-02
1.531519e-03	6.697334e-02	7.317388e-01	4.573517e-02
1.761246e-03	7.182091e-02	7.826902e-01	4.904550e-02
2.025433e-03	7.701934e-02	8.361153e-01	5.259544e-02
2.329248e-03	8.259404e-02	8.916445e-01	5.640233e-02
2.678635e-03	8.857224e-02	9.483004e-01	6.048476e-02
3.080431e-03	9.498315e-02	1.004596e+00	6.486268e-02
3.542495e-03	1.018581e-01	1.062967e+00	6.955747e-02
4.073870e-03	1.092306e-01	1.123464e+00	7.459208e-02
4.684950e-03	1.171368e-01	1.184316e+00	7.999109e-02
5.387693e-03	1.256152e-01	1.241126e+00	8.578089e-02
6.195847e-03	1.347073e-01	1.298254e+00	9.198976e-02
7.125224e-03	1.444575e-01	1.361869e+00	9.864803e-02
8.194007e-03	1.549134e-01	1.421227e+00	1.057882e-01
9.423108e-03	1.661261e-01	1.478936e+00	1.134452e-01
1.083657e-02	1.781504e-01	1.531333e+00	1.216565e-01
1.246206e-02	1.910450e-01	1.581669e+00	1.304175e-01
1.433137e-02	2.048730e-01	1.636834e+00	1.399073e-01
1.648108e-02	2.197018e-01	1.685884e+00	1.500339e-01
1.895324e-02	2.356039e-01	1.731783e+00	1.608947e-01
2.179622e-02	2.526571e-01	1.774481e+00	1.725396e-01
2.506566e-02	2.709445e-01	1.812807e+00	1.850279e-01
2.882550e-02	2.905556e-01	1.847889e+00	1.984200e-01
3.314933e-02	3.115862e-01	1.878146e+00	2.127815e-01
3.812173e-02	3.341390e-01	1.907009e+00	2.281825e-01
4.383999e-02	3.583241e-01	1.932063e+00	2.446982e-01
5.041599e-02	3.842598e-01	1.951225e+00	2.624093e-01
5.797838e-02	4.120727e-01	1.965759e+00	2.814023e-01
6.667514e-02	4.418988e-01	1.980060e+00	3.017702e-01
7.667641e-02	4.738837e-01	1.991238e+00	3.236123e-01
8.817787e-02	5.081836e-01	1.996472e+00	3.470352e-01
1.014046e-01	5.449662e-01	1.997249e+00	3.721534e-01
1.166152e-01	5.844112e-01	1.992614e+00	3.990899e-01
1.341075e-01	6.267111e-01	1.985703e+00	4.279760e-01
1.542237e-01	6.720728e-01	1.974508e+00	4.589529e-01
1.773572e-01	7.207178e-01	1.957229e+00	4.921718e-01
2.039608e-01	7.728838e-01	1.935279e+00	5.277951e-01
2.345549e-01	8.288255e-01	1.908200e+00	5.659971e-01
2.697381e-01	8.888163e-01	1.876169e+00	6.069641e-01
3.101989e-01	9.531493e-01	1.839300e+00	6.508961e-01
3.567287e-01	1.022139e+00	1.797266e+00	6.980079e-01
4.102380e-01	1.096122e+00	1.750626e+00	7.485298e-01
4.717737e-01	1.175460e+00	1.699824e+00	8.027087e-01
5.425397e-01	1.260540e+00	1.647080e+00	8.608090e-01
6.239207e-01	1.351779e+00	1.590074e+00	9.231145e-01
7.175088e-01	1.449621e+00	1.526312e+00	9.899294e-01
8.251351e-01	1.554545e+00	1.462052e+00	1.061581e+00
9.489054e-01	1.667064e+00	1.395570e+00	1.138422e+00
1.091241e+00	1.787727e+00	1.331101e+00	1.220801e+00
1.254927e+00	1.906174e+00	1.265032e+00	1.309316e+00
1.443166e+00	2.024774e+00	1.192444e+00	1.405076e+00
1.659641e+00	2.149305e+00	1.123283e+00	1.508779e+00
1.908588e+00	2.279548e+00	1.054406e+00	1.621180e+00
2.194876e+00	2.415071e+00	9.867884e-01	1.743117e+00
2.524107e+00	1.277820e+00	9.217443e-01	1.875565e+00
2.902723e+00	1.368457e+00	8.586833e-01	2.019650e+00
3.338132e+00	1.455234e+00	7.992271e-01	2.176701e+00
3.838852e+00	1.571156e+00	7.392063e-01	2.348300e+00
4.414679e+00	1.723466e+00	6.817247e-01	2.536367e+00
5.076881e+00	1.886677e+00	6.305540e-01	2.743259e+00
5.838413e+00	2.068374e+00	5.840779e-01	2.971917e+00
6.714175e+00	2.261125e+00	5.340663e-01	3.226048e+00
7.721302e+00	2.471250e+00	4.902687e-01	3.510383e+00
8.879497e+00	2.702147e+00	4.582318e-01	3.831006e+00
1.021142e+01	2.939590e+00	4.248377e-01	4.195794e+00
1.174313e+01	3.196533e+00	3.864344e-01	4.614970e+00
1.350460e+01	3.450288e+00	3.422706e-01	4.407369e+00
1.553030e+01	3.734855e+00	3.035335e-01	4.200697e+00
1.785984e+01	4.056783e+00	2.741391e-01	4.040030e+00
2.053882e+01	4.383162e+00	2.470472e-01	3.924131e+00
2.361964e+01	4.747942e+00	2.224983e-01	3.852305e+00
2.716258e+01	5.147588e+00	2.000440e-01	3.824317e+00
3.123697e+01	5.585820e+00	1.808461e-01	3.840268e+00
3.592252e+01	6.077350e+00	1.628834e-01	3.900695e+00
4.131089e+01	6.594091e+00	1.457963e-01	4.006490e+00
4.750753e+01	7.151714e+00	1.307897e-01	4.158938e+00
5.463366e+01	7.721962e+00	1.183552e-01	4.359904e+00
6.282871e+01	8.281079e+00	1.068217e-01	4.612051e+00
7.225301e+01	8.873347e+00	9.450270e-02	4.919102e+00
8.309096e+01	9.420830e+00	8.417517e-02	5.286140e+00
9.555461e+01	9.982265e+00	7.511203e-02	5.719931e+00
1.098878e+02	1.052439e+01	6.756272e-02	6.229219e+00
1.263710e+02	1.095746e+01	6.070719e-02	6.825220e+00
1.453266e+02	1.138593e+01	5.348131e-02	7.521969e+00
1.671256e+02	1.182001e+01	4.747560e-02	8.336924e+00
1.921945e+02	1.220712e+01	4.216115e-02	9.291564e+00
2.210236e+02	1.251760e+01	3.737989e-02	1.041278e+01
2.541772e+02	1.642224e+01	3.322747e-02	1.173132e+01
2.923037e+02	1.611804e+01	2.955652e-02	1.329184e+01
3.361493e+02	1.574771e+01	2.637938e-02	1.514696e+01
3.865717e+02	1.528662e+01	2.336185e-02	1.734877e+01
4.445574e+02	1.475887e+01	2.065603e-02	1.997261e+01
5.112411e+02	1.418471e+01	1.845057e-02	2.311364e+01
5.879272e+02	1.359386e+01	1.659067e-02	2.688685e+01
6.761163e+02	1.297540e+01	1.460936e-02	3.143441e+01
7.775337e+02	1.235503e+01	1.281666e-02	3.695042e+01
8.941638e+02	1.174102e+01	1.135760e-02	4.368739e+01
1.028288e+03	1.118517e+01	1.008239e-02	5.191820e+01
1.182532e+03	1.067842e+01	9.045659e-03	6.194804e+01
1.359911e+03	1.016641e+01	7.937626e-03	7.421502e+01
1.563898e+03	9.645545e+00	6.950465e-03	8.929164e+01
1.798483e+03	9.124585e+00	6.151300e-03	1.079077e+02
2.068255e+03	8.603765e+00	5.414566e-03	1.309902e+02
2.378493e+03	8.089503e+00	4.776334e-03	1.597146e+02
2.735268e+03	7.571687e+00	4.203255e-03	1.956091e+02
3.145558e+03	7.060309e+00	3.731872e-03	2.406574e+02
3.617391e+03	6.572001e+00	3.301897e-03	2.973386e+02
4.160000e+03	6.112084e+00	2.900871e-03	3.687229e+02
4.784000e+03	5.667608e+00	2.563193e-03	4.587889e+02
5.501600e+03	5.241674e+00	2.287670e-03	5.727147e+02
6.326840e+03	4.837012e+00	2.033885e-03	7.170870e+02
7.275866e+03	4.455157e+00	1.768141e-03	9.003169e+02
8.367246e+03	4.096593e+00	1.551095e-03	1.133095e+03
9.622333e+03	3.761422e+00	1.365073e-03	1.428973e+03
