# Energy_MeV	dEdx_Elec_MeV_um	dEdx_Nucl_MeV_um	Range_um
1.000000e-05	5.170415e-03	2.739318e-02	3.868161e-03
1.150000e-05	5.544653e-03	3.037449e-02	4.148141e-03
1.322500e-05	5.945977e-03	3.366078e-02	4.448385e-03
1.520875e-05	6.376350e-03	3.742171e-02	4.770362e-03
1.749006e-05	6.837874e-03	4.149278e-02	5.115643e-03
2.011357e-05	7.332803e-03	4.599844e-02	5.485916e-03
2.313061e-05	7.863555e-03	5.093208e-02	5.882990e-03
2.660020e-05	8.432724e-03	5.634994e-02	6.308804e-03
3.059023e-05	9.043089e-03	6.234567e-02	6.765438e-03
3.517876e-05	9.697632e-03	6.884259e-02	7.255124e-03
4.045558e-05	1.039955e-02	7.608673e-02	7.780254e-03
4.652391e-05	1.115228e-02	8.399352e-02	8.343393e-03
5.350250e-05	1.195948e-02	9.253072e-02	8.947292e-03
6.152788e-05	1.282512e-02	1.017355e-01	9.594902e-03
7.075706e-05	1.375341e-02	1.120913e-01	1.028939e-02
8.137062e-05	1.474889e-02	1.235297e-01	1.103414e-02
9.357621e-05	1.581642e-02	1.357994e-01	1.183279e-02
1.076126e-04	1.696122e-02	1.491115e-01	1.268926e-02
1.237545e-04	1.818888e-02	1.632788e-01	1.360771e-02
1.423177e-04	1.950540e-02	1.791816e-01	1.459265e-02
1.636654e-04	2.091721e-02	1.966093e-01	1.564887e-02
1.882152e-04	2.243121e-02	2.151523e-01	1.678154e-02
2.164475e-04	2.405480e-02	2.353751e-01	1.799620e-02
2.489146e-04	2.579589e-02	2.572384e-01	1.929877e-02
2.862518e-04	2.766301e-02	2.806982e-01	2.069563e-02
3.291895e-04	2.966528e-02	3.055063e-01	2.219359e-02
3.785680e-04	3.181247e-02	3.323202e-01	2.379997e-02
4.353531e-04	3.411507e-02	3.615063e-01	2.552263e-02
5.006561e-04	3.658434e-02	3.927875e-01	2.736997e-02
5.757545e-04	3.923233e-02	4.247054e-01	2.935102e-02
6.621177e-04	4.207199e-02	4.588315e-01	3.147547e-02
7.614354e-04	4.511718e-02	4.976809e-01	3.375368e-02
8.756507e-04	4.838279e-02	5.374339e-01	3.619679e-02
1.006998e-03	5.188476e-02	5.796978e-01	3.881673e-02
1.158048e-03	5.564020e-02	6.223681e-01	4.162630e-02
1.331755e-03	5.966747e-02	6.672398e-01	4.463924e-02
1.531519e-03	6.398623e-02	7.179796e-01	4.787025e-02
1.761246e-03	6.861759e-02	7.689090e-01	5.133512e-02
2.025433e-03	7.358417e-02	8.223412e-01	5.505079e-02
2.329248e-03	7.891023e-02	8.773417e-01	5.903539e-02
2.678635e-03	8.462179e-02	9.337675e-01	6.330841e-02
3.080431e-03	9.074676e-02	9.920225e-01	6.789070e-02
3.542495e-03	9.731506e-02	1.049859e+00	7.280467e-02
4.073870e-03	1.043588e-01	1.111154e+00	7.807431e-02
4.684950e-03	1.119123e-01	1.172650e+00	8.372537e-02
5.387693e-03	1.200126e-01	1.232138e+00	8.978545e-02
6.195847e-03	1.286992e-01	1.289365e+00	9.628417e-02
7.125224e-03	1.380145e-01	1.351447e+00	1.032533e-01
8.194007e-03	1.480040e-01	1.414710e+00	1.107268e-01
9.423108e-03	1.587167e-01	1.473539e+00	1.187413e-01
1.083657e-02	1.702047e-01	1.530343e+00	1.273358e-01
1.246206e-02	1.825242e-01	1.581576e+00	1.365525e-01
1.433137e-02	1.957354e-01	1.636277e+00	1.464180e-01
1.648108e-02	2.099028e-01	1.690083e+00	1.570409e-01
1.895324e-02	2.250957e-01	1.737439e+00	1.684045e-01
2.179622e-02	2.413882e-01	1.783037e+00	1.805947e-01
2.506566e-02	2.588600e-01	1.825276e+00	1.936658e-01
2.882550e-02	2.775964e-01	1.863050e+00	2.076832e-01
3.314933e-02	2.976890e-01	1.895509e+00	2.227151e-01
3.812173e-02	3.192359e-01	1.925281e+00	2.388351e-01
4.383999e-02	3.423424e-01	1.953179e+00	2.561217e-01
5.041599e-02	3.671213e-01	1.976735e+00	2.746597e-01
5.797838e-02	3.936937e-01	1.993581e+00	2.945395e-01
6.667514e-02	4.221895e-01	2.007095e+00	3.158581e-01
7.667641e-02	4.527478e-01	2.021575e+00	3.387198e-01
8.817787e-02	4.855179e-01	2.029714e+00	3.632361e-01
1.014046e-01	5.206599e-01	2.033269e+00	3.895271e-01
1.166152e-01	5.583456e-01	2.031191e+00	4.177211e-01
1.341075e-01	5.987589e-01	2.024660e+00	4.479557e-01
1.542237e-01	6.420974e-01	2.016356e+00	4.803785e-01
1.773572e-01	6.885728e-01	2.001881e+00	5.151482e-01
2.039608e-01	7.384120e-01	1.982065e+00	5.524348e-01
2.345549e-01	7.918587e-01	1.957260e+00	5.924201e-01
2.697381e-01	8.491738e-01	1.927221e+00	6.352995e-01
3.101989e-01	9.106375e-01	1.892316e+00	6.812823e-01
3.567287e-01	9.765499e-01	1.852440e+00	7.305936e-01
4.102380e-01	1.047233e+00	1.807186e+00	7.834743e-01
4.717737e-01	1.123032e+00	1.757702e+00	8.401823e-01
5.425397e-01	1.204318e+00	1.705154e+00	9.009947e-01
6.239207e-01	1.291487e+00	1.649958e+00	9.662087e-01
7.175088e-01	1.384966e+00	1.588008e+00	1.036143e+00
8.251351e-01	1.485210e+00	1.522590e+00	1.111140e+00
9.489054e-01	1.592711e+00	1.456509e+00	1.191563e+00
1.091241e+00	1.707992e+00	1.389354e+00	1.277817e+00
1.254927e+00	1.831617e+00	1.324221e+00	1.370279e+00
1.443166e+00	1.946659e+00	1.252423e+00	1.469877e+00
1.659641e+00	2.067331e+00	1.179678e+00	1.577736e+00
1.908588e+00	2.193879e+00	1.110471e+00	1.694553e+00
2.194876e+00	2.326016e+00	1.040564e+00	1.821208e+00
2.524107e+00	2.463222e+00	9.723219e-01	1.958664e+00
2.902723e+00	1.309229e+00	9.063527e-01	2.108043e+00
3.338132e+00	1.397235e+00	8.448816e-01	2.270647e+00
3.838852e+00	1.488328e+00	7.845611e-01	2.448022e+00
4.414679e+00	1.621661e+00	7.242763e-01	2.642018e+00
5.076881e+00	1.779112e+00	6.677184e-01	2.854892e+00
5.838413e+00	1.948035e+00	6.186428e-01	3.089426e+00
6.714175e+00	2.132276e+00	5.713829e-01	3.349107e+00
7.721302e+00	2.334611e+00	5.205124e-01	3.638348e+00
8.879497e+00	2.547791e+00	4.825180e-01	3.962804e+00
1.021142e+01	2.783062e+00	4.509612e-01	4.329763e+00
1.174313e+01	3.028843e+00	4.146709e-01	4.748665e+00
1.350460e+01	3.280643e+00	3.729371e-01	5.004446e+00
1.553030e+01	3.547012e+00	3.284510e-01	4.744069e+00
1.785984e+01	3.841559e+00	2.942643e-01	4.535338e+00
2.053882e+01	4.166525e+00	2.655196e-01	4.376465e+00
2.361964e+01	4.506677e+00	2.392730e-01	4.266310e+00
2.716258e+01	4.880401e+00	2.156927e-01	4.204294e+00
3.123697e+01	5.299916e+00	1.942737e-01	4.190322e+00
3.592252e+01	5.748783e+00	1.755512e-01	4.224605e+00
4.131089e+01	6.248612e+00	1.573217e-01	4.307929e+00
4.750753e+01	6.791041e+00	1.408511e-01	4.441384e+00
5.463366e+01	7.340704e+00	1.269430e-01	4.626577e+00
6.282871e+01	7.932015e+00	1.151386e-01	4.865823e+00
7.225301e+01	8.480060e+00	1.026049e-01	5.162406e+00
8.309096e+01	9.054785e+00	9.086526e-02	5.520886e+00
9.555461e+01	9.629483e+00	8.124021e-02	5.947432e+00
1.098878e+02	1.016192e+01	7.261766e-02	6.450166e+00
1.263710e+02	1.070405e+01	6.560149e-02	7.039550e+00
1.453266e+02	1.110190e+01	5.815141e-02	7.728887e+00
1.671256e+02	1.152978e+01	5.129142e-02	8.534769e+00
1.921945e+02	1.198544e+01	4.572855e-02	9.477812e+00
2.210236e+02	1.231001e+01	4.052323e-02	1.058330e+01
2.541772e+02	1.671414e+01	3.596349e-02	1.188259e+01
2.923037e+02	1.630036e+01	3.189299e-02	1.341247e+01
3.361493e+02	1.600444e+01	2.847098e-02	1.522825e+01
3.865717e+02	1.559473e+01	2.536243e-02	1.738453e+01
4.445574e+02	1.511301e+01	2.241193e-02	1.994696e+01
5.112411e+02	1.456363e+01	1.988524e-02	2.300508e+01
5.879272e+02	1.398026e+01	1.784426e-02	2.667125e+01
6.761163e+02	1.338014e+01	1.597196e-02	3.107955e+01
7.775337e+02	1.275549e+01	1.396417e-02	3.640204e+01
8.941638e+02	1.214179e+01	1.233027e-02	4.287576e+01
1.028288e+03	1.152864e+01	1.090314e-02	5.079056e+01
1.182532e+03	1.100564e+01	9.742605e-03	6.044812e+01
1.359911e+03	1.050188e+01	8.695538e-03	7.222481e+01
1.563898e+03	9.986811e+00	7.586778e-03	8.665353e+01
1.798483e+03	9.465422e+00	6.688669e-03	1.044156e+02
2.068255e+03	8.943386e+00	5.894829e-03	1.263814e+02
2.378493e+03	8.424422e+00	5.192390e-03	1.536522e+02
2.735268e+03	7.909880e+00	4.582753e-03	1.876336e+02
3.145558e+03	7.392479e+00	4.050643e-03	2.301656e+02
3.617391e+03	6.886702e+00	3.596438e-03	2.836044e+02
4.160000e+03	6.410604e+00	3.163405e-03	3.508699e+02
4.784000e+03	5.955950e+00	2.781499e-03	4.356204e+02
5.501600e+03	5.517500e+00	2.469177e-03	5.426525e+02
6.326840e+03	5.098755e+00	2.211294e-03	6.781300e+02
7.275866e+03	4.701716e+00	1.935499e-03	8.499126e+02
8.367246e+03	4.328072e+00	1.684892e-03	1.068018e+03
9.622333e+03	3.977578e+00	1.486105e-03	1.345167e+03
