# Energy_MeV	dEdx_Elec_MeV_um	dEdx_Nucl_MeV_um	Range_um
1.000000e-05	5.232626e-03	2.848181e-02	3.822173e-03
1.150000e-05	5.611366e-03	3.156871e-02	4.098824e-03
1.322500e-05	6.017520e-03	3.508787e-02	4.395499e-03
1.520875e-05	6.453071e-03	3.890816e-02	4.713647e-03
1.749006e-05	6.920148e-03	4.312734e-02	5.054823e-03
2.011357e-05	7.421032e-03	4.775788e-02	5.420694e-03
2.313061e-05	7.958170e-03	5.283558e-02	5.813047e-03
2.660020e-05	8.534187e-03	5.844780e-02	6.233798e-03
3.059023e-05	9.151896e-03	6.454585e-02	6.685004e-03
3.517876e-05	9.814315e-03	7.132789e-02	7.168868e-03
4.045558e-05	1.052468e-02	7.874860e-02	7.687755e-03
4.652391e-05	1.128646e-02	8.673261e-02	8.244198e-03
5.350250e-05	1.210338e-02	9.537070e-02	8.840918e-03
6.152788e-05	1.297943e-02	1.050981e-01	9.480828e-03
7.075706e-05	1.391889e-02	1.157908e-01	1.016706e-02
8.137062e-05	1.492635e-02	1.273047e-01	1.090295e-02
9.357621e-05	1.600672e-02	1.397430e-01	1.169211e-02
1.076126e-04	1.716530e-02	1.530356e-01	1.253840e-02
1.237545e-04	1.840773e-02	1.679736e-01	1.344593e-02
1.423177e-04	1.974009e-02	1.842554e-01	1.441915e-02
1.636654e-04	2.116889e-02	2.016543e-01	1.546282e-02
1.882152e-04	2.270111e-02	2.205688e-01	1.658203e-02
2.164475e-04	2.434422e-02	2.410672e-01	1.778224e-02
2.489146e-04	2.610627e-02	2.630312e-01	1.906933e-02
2.862518e-04	2.799586e-02	2.862321e-01	2.044958e-02
3.291895e-04	3.002221e-02	3.113975e-01	2.192973e-02
3.785680e-04	3.219524e-02	3.386786e-01	2.351702e-02
4.353531e-04	3.452554e-02	3.678677e-01	2.521919e-02
5.006561e-04	3.702452e-02	3.977786e-01	2.704457e-02
5.757545e-04	3.970438e-02	4.298341e-01	2.900207e-02
6.621177e-04	4.257820e-02	4.660629e-01	3.110125e-02
7.614354e-04	4.566003e-02	5.033307e-01	3.335238e-02
8.756507e-04	4.896493e-02	5.427162e-01	3.576644e-02
1.006998e-03	5.250904e-02	5.827081e-01	3.835524e-02
1.158048e-03	5.630967e-02	6.248573e-01	4.113141e-02
1.331755e-03	6.038539e-02	6.721184e-01	4.410852e-02
1.531519e-03	6.475612e-02	7.198486e-01	4.730112e-02
1.761246e-03	6.944320e-02	7.696951e-01	5.072480e-02
2.025433e-03	7.446954e-02	8.212624e-01	5.439629e-02
2.329248e-03	7.985968e-02	8.739454e-01	5.833352e-02
2.678635e-03	8.563997e-02	9.282055e-01	6.255573e-02
3.080431e-03	9.183863e-02	9.824294e-01	6.708355e-02
3.542495e-03	9.848596e-02	1.039522e+00	7.193909e-02
4.073870e-03	1.056144e-01	1.097154e+00	7.714608e-02
4.684950e-03	1.132589e-01	1.152385e+00	8.272996e-02
5.387693e-03	1.214566e-01	1.205992e+00	8.871799e-02
6.195847e-03	1.302477e-01	1.264307e+00	9.513945e-02
7.125224e-03	1.396751e-01	1.322909e+00	1.020257e-01
8.194007e-03	1.497848e-01	1.377993e+00	1.094104e-01
9.423108e-03	1.606263e-01	1.430527e+00	1.173295e-01
1.083657e-02	1.722526e-01	1.478469e+00	1.258219e-01
1.246206e-02	1.847203e-01	1.529851e+00	1.348964e-01
1.433137e-02	1.980905e-01	1.579528e+00	1.446994e-01
1.648108e-02	2.124283e-01	1.623829e+00	1.551708e-01
1.895324e-02	2.278040e-01	1.666060e+00	1.664036e-01
2.179622e-02	2.442926e-01	1.705180e+00	1.784472e-01
2.506566e-02	2.619746e-01	1.740539e+00	1.913631e-01
2.882550e-02	2.809365e-01	1.770576e+00	2.052138e-01
3.314933e-02	3.012708e-01	1.798448e+00	2.200671e-01
3.812173e-02	3.230770e-01	1.824166e+00	2.359954e-01
4.383999e-02	3.464614e-01	1.845746e+00	2.530765e-01
5.041599e-02	3.715385e-01	1.861444e+00	2.713940e-01
5.797838e-02	3.984307e-01	1.874138e+00	2.910374e-01
6.667514e-02	4.272693e-01	1.887280e+00	3.121027e-01
7.667641e-02	4.581952e-01	1.894801e+00	3.346926e-01
8.817787e-02	4.913597e-01	1.897810e+00	3.589174e-01
1.014046e-01	5.269245e-01	1.895767e+00	3.848958e-01
1.166152e-01	5.650636e-01	1.889633e+00	4.127546e-01
1.341075e-01	6.059632e-01	1.881565e+00	4.426298e-01
1.542237e-01	6.498232e-01	1.867896e+00	4.746672e-01
1.773572e-01	6.968577e-01	1.849174e+00	5.090235e-01
2.039608e-01	7.472966e-01	1.825844e+00	5.458666e-01
2.345549e-01	8.013864e-01	1.797603e+00	5.853766e-01
2.697381e-01	8.593911e-01	1.764832e+00	6.277462e-01
3.101989e-01	9.215943e-01	1.727381e+00	6.731825e-01
3.567287e-01	9.882998e-01	1.685012e+00	7.219073e-01
4.102380e-01	1.059833e+00	1.638568e+00	7.741592e-01
4.717737e-01	1.136545e+00	1.589514e+00	8.301932e-01
5.425397e-01	1.218808e+00	1.537735e+00	8.902827e-01
6.239207e-01	1.307026e+00	1.479544e+00	9.547214e-01
7.175088e-01	1.401630e+00	1.418641e+00	1.023824e+00
8.251351e-01	1.503080e+00	1.356682e+00	1.097928e+00
9.489054e-01	1.611874e+00	1.294316e+00	1.177402e+00
1.091241e+00	1.728543e+00	1.233289e+00	1.262598e+00
1.254927e+00	1.841985e+00	1.165847e+00	1.354178e+00
1.443166e+00	1.956517e+00	1.098385e+00	1.453282e+00
1.659641e+00	2.076749e+00	1.033554e+00	1.560604e+00
1.908588e+00	2.202460e+00	9.685846e-01	1.676936e+00
2.194876e+00	2.333219e+00	9.051561e-01	1.803145e+00
2.524107e+00	2.468315e+00	8.433382e-01	1.940246e+00
2.902723e+00	1.319339e+00	7.862258e-01	2.089410e+00
3.338132e+00	1.405167e+00	7.296904e-01	2.252018e+00
3.838852e+00	1.521495e+00	6.737617e-01	2.429721e+00
4.414679e+00	1.671366e+00	6.215177e-01	2.624519e+00
5.076881e+00	1.831068e+00	5.756245e-01	2.838874e+00
5.838413e+00	2.008577e+00	5.312321e-01	3.075857e+00
6.714175e+00	2.197819e+00	4.845656e-01	3.339343e+00
7.721302e+00	2.402561e+00	4.491729e-01	3.634280e+00
8.879497e+00	2.628756e+00	4.195309e-01	3.967038e+00
1.021142e+01	2.858572e+00	3.854425e-01	4.345860e+00
1.174313e+01	3.106642e+00	3.462409e-01	4.459716e+00
1.350460e+01	3.356224e+00	3.053858e-01	4.249846e+00
1.553030e+01	3.636245e+00	2.735161e-01	4.080754e+00
1.785984e+01	3.954003e+00	2.468852e-01	3.952085e+00
2.053882e+01	4.279556e+00	2.223302e-01	3.863874e+00
2.361964e+01	4.645620e+00	2.004486e-01	3.816518e+00
2.716258e+01	5.050852e+00	1.806432e-01	3.810730e+00
3.123697e+01	5.488900e+00	1.631219e-01	3.847381e+00
3.592252e+01	5.977137e+00	1.462444e-01	3.927859e+00
4.131089e+01	6.485790e+00	1.308376e-01	4.053665e+00
4.750753e+01	7.025502e+00	1.180210e-01	4.226713e+00
5.463366e+01	7.579089e+00	1.069859e-01	4.449474e+00
6.282871e+01	8.110792e+00	9.521271e-02	4.725223e+00
7.225301e+01	8.672894e+00	8.441894e-02	5.058328e+00
8.309096e+01	9.197492e+00	7.542523e-02	5.454585e+00
9.555461e+01	9.724342e+00	6.749860e-02	5.921544e+00
1.098878e+02	1.024050e+01	6.094433e-02	6.468932e+00
1.263710e+02	1.063379e+01	5.394629e-02	7.109069e+00
1.453266e+02	1.103129e+01	4.764385e-02	7.857356e+00
1.671256e+02	1.143651e+01	4.244647e-02	8.732930e+00
1.921945e+02	1.178136e+01	3.763762e-02	9.759294e+00
2.210236e+02	1.206508e+01	3.342117e-02	1.096594e+01
2.541772e+02	1.547811e+01	2.961148e-02	1.238657e+01
2.923037e+02	1.515871e+01	2.644774e-02	1.407073e+01
3.361493e+02	1.477114e+01	2.353758e-02	1.607499e+01
3.865717e+02	1.430640e+01	2.081281e-02	1.845758e+01
4.445574e+02	1.378298e+01	1.848958e-02	2.130182e+01
5.112411e+02	1.322170e+01	1.658350e-02	2.471292e+01
5.879272e+02	1.264901e+01	1.482480e-02	2.881789e+01
6.761163e+02	1.204920e+01	1.297597e-02	3.377502e+01
7.775337e+02	1.145575e+01	1.145083e-02	3.980097e+01
8.941638e+02	1.086679e+01	1.013644e-02	4.717515e+01
1.028288e+03	1.033866e+01	9.053286e-03	5.619856e+01
1.182532e+03	9.852065e+00	8.069749e-03	6.721532e+01
1.359911e+03	9.360564e+00	7.049153e-03	8.071870e+01
1.563898e+03	8.862799e+00	6.210851e-03	9.735020e+01
1.798483e+03	8.366505e+00	5.476715e-03	1.179292e+02
2.068255e+03	7.872412e+00	4.819912e-03	1.434969e+02
2.378493e+03	7.386070e+00	4.255099e-03	1.753767e+02
2.735268e+03	6.897813e+00	3.763976e-03	2.152930e+02
3.145558e+03	6.418462e+00	3.339084e-03	2.654813e+02
3.617391e+03	5.962979e+00	2.938737e-03	3.287341e+02
4.160000e+03	5.533931e+00	2.581647e-03	4.085190e+02
4.784000e+03	5.121034e+00	2.294320e-03	5.093436e+02
5.501600e+03	4.726802e+00	2.053345e-03	6.370610e+02
6.326840e+03	4.352968e+00	1.794284e-03	7.991218e+02
7.275866e+03	4.001469e+00	1.564325e-03	1.005039e+03
8.367246e+03	3.672889e+00	1.378670e-03	1.266900e+03
9.622333e+03	3.366711e+00	1.217513e-03	1.600027e+03
