# Energy_MeV	dEdx_Elec_MeV_um	dEdx_Nucl_MeV_um	Range_um
1.000000e-05	5.033031e-03	2.789339e-02	3.973749e-03
1.150000e-05	5.397324e-03	3.090272e-02	4.261371e-03
1.322500e-05	5.787985e-03	3.436059e-02	4.569811e-03
1.520875e-05	6.206923e-03	3.810454e-02	4.900577e-03
1.749006e-05	6.656183e-03	4.223256e-02	5.255283e-03
2.011357e-05	7.137961e-03	4.677621e-02	5.635663e-03
2.313061e-05	7.654610e-03	5.174718e-02	6.043575e-03
2.660020e-05	8.208655e-03	5.726941e-02	6.481013e-03
3.059023e-05	8.802802e-03	6.323791e-02	6.950112e-03
3.517876e-05	9.439953e-03	6.988902e-02	7.453165e-03
4.045558e-05	1.012322e-02	7.716048e-02	7.992629e-03
4.652391e-05	1.085595e-02	8.501284e-02	8.571139e-03
5.350250e-05	1.164171e-02	9.348300e-02	9.191523e-03
6.152788e-05	1.248434e-02	1.029597e-01	9.856810e-03
7.075706e-05	1.338796e-02	1.134850e-01	1.057025e-02
8.137062e-05	1.435699e-02	1.247816e-01	1.133533e-02
9.357621e-05	1.539616e-02	1.370380e-01	1.215579e-02
1.076126e-04	1.651054e-02	1.500902e-01	1.303563e-02
1.237545e-04	1.770558e-02	1.646431e-01	1.397916e-02
1.423177e-04	1.898712e-02	1.806896e-01	1.499098e-02
1.636654e-04	2.036142e-02	1.977751e-01	1.607603e-02
1.882152e-04	2.183519e-02	2.163721e-01	1.723962e-02
2.164475e-04	2.341563e-02	2.364870e-01	1.848744e-02
2.489146e-04	2.511046e-02	2.580961e-01	1.982557e-02
2.862518e-04	2.692797e-02	2.809553e-01	2.126055e-02
3.291895e-04	2.887703e-02	3.056272e-01	2.279940e-02
3.785680e-04	3.096717e-02	3.324852e-01	2.444963e-02
4.353531e-04	3.320859e-02	3.612880e-01	2.621931e-02
5.006561e-04	3.561224e-02	3.909524e-01	2.811708e-02
5.757545e-04	3.818988e-02	4.221960e-01	3.015221e-02
6.621177e-04	4.095408e-02	4.580618e-01	3.233464e-02
7.614354e-04	4.391836e-02	4.947984e-01	3.467504e-02
8.756507e-04	4.709719e-02	5.336343e-01	3.718484e-02
1.006998e-03	5.050611e-02	5.733289e-01	3.987629e-02
1.158048e-03	5.416177e-02	6.143916e-01	4.276256e-02
1.331755e-03	5.808203e-02	6.612988e-01	4.585774e-02
1.531519e-03	6.228604e-02	7.084474e-01	4.917695e-02
1.761246e-03	6.679433e-02	7.577253e-01	5.273640e-02
2.025433e-03	7.162894e-02	8.085545e-01	5.655349e-02
2.329248e-03	7.681348e-02	8.605514e-01	6.064686e-02
2.678635e-03	8.237328e-02	9.147414e-01	6.503651e-02
3.080431e-03	8.833550e-02	9.681917e-01	6.974389e-02
3.542495e-03	9.472927e-02	1.024858e+00	7.479199e-02
4.073870e-03	1.015858e-01	1.081790e+00	8.020547e-02
4.684950e-03	1.089387e-01	1.136957e+00	8.601079e-02
5.387693e-03	1.168237e-01	1.190185e+00	9.223629e-02
6.195847e-03	1.252795e-01	1.246997e+00	9.891240e-02
7.125224e-03	1.343473e-01	1.305803e+00	1.060717e-01
8.194007e-03	1.440714e-01	1.360722e+00	1.137493e-01
9.423108e-03	1.544993e-01	1.413625e+00	1.219825e-01
1.083657e-02	1.656821e-01	1.461597e+00	1.308117e-01
1.246206e-02	1.776743e-01	1.511654e+00	1.402091e-01
1.433137e-02	1.905344e-01	1.561847e+00	1.504115e-01
1.648108e-02	2.043254e-01	1.606320e+00	1.613261e-01
1.895324e-02	2.191146e-01	1.648713e+00	1.730024e-01
2.179622e-02	2.349742e-01	1.688177e+00	1.855240e-01
2.506566e-02	2.519818e-01	1.723823e+00	1.989522e-01
2.882550e-02	2.702203e-01	1.754025e+00	2.133521e-01
3.314933e-02	2.897790e-01	1.781864e+00	2.287943e-01
3.812173e-02	3.107534e-01	1.807933e+00	2.453543e-01
4.383999e-02	3.332459e-01	1.830417e+00	2.631130e-01
5.041599e-02	3.573664e-01	1.846683e+00	2.821569e-01
5.797838e-02	3.832328e-01	1.859050e+00	3.025793e-01
6.667514e-02	4.109713e-01	1.872846e+00	3.244798e-01
7.667641e-02	4.407177e-01	1.880917e+00	3.479655e-01
8.817787e-02	4.726170e-01	1.884563e+00	3.731513e-01
1.014046e-01	5.068253e-01	1.883110e+00	4.001599e-01
1.166152e-01	5.435096e-01	1.877133e+00	4.291233e-01
1.341075e-01	5.828491e-01	1.869850e+00	4.601831e-01
1.542237e-01	6.250360e-01	1.856966e+00	4.934912e-01
1.773572e-01	6.702765e-01	1.838961e+00	5.292102e-01
2.039608e-01	7.187914e-01	1.816409e+00	5.675143e-01
2.345549e-01	7.708179e-01	1.788949e+00	6.085909e-01
2.697381e-01	8.266102e-01	1.757014e+00	6.526407e-01
3.101989e-01	8.864406e-01	1.720493e+00	6.998791e-01
3.567287e-01	9.506017e-01	1.678917e+00	7.505365e-01
4.102380e-01	1.019407e+00	1.633446e+00	8.048603e-01
4.717737e-01	1.093192e+00	1.585016e+00	8.631160e-01
5.425397e-01	1.172318e+00	1.534101e+00	9.255886e-01
6.239207e-01	1.257171e+00	1.477410e+00	9.925832e-01
7.175088e-01	1.348165e+00	1.416943e+00	1.064426e+00
8.251351e-01	1.445746e+00	1.355754e+00	1.141470e+00
9.489054e-01	1.550390e+00	1.293508e+00	1.224089e+00
1.091241e+00	1.662608e+00	1.232964e+00	1.312686e+00
1.254927e+00	1.777698e+00	1.167260e+00	1.407736e+00
1.443166e+00	1.888634e+00	1.099738e+00	1.510385e+00
1.659641e+00	2.005236e+00	1.035267e+00	1.621560e+00
1.908588e+00	2.127346e+00	9.705268e-01	1.742018e+00
2.194876e+00	1.128439e+00	9.067480e-01	1.872657e+00
2.524107e+00	1.210141e+00	8.454435e-01	2.014499e+00
2.902723e+00	1.297757e+00	7.885058e-01	2.168726e+00
3.338132e+00	1.382138e+00	7.324837e-01	2.336724e+00
3.838852e+00	1.481834e+00	6.765497e-01	2.520138e+00
4.414679e+00	1.624915e+00	6.229960e-01	2.720955e+00
5.076881e+00	1.782036e+00	5.770823e-01	2.941603e+00
5.838413e+00	1.955559e+00	5.338343e-01	3.185096e+00
6.714175e+00	2.137728e+00	4.859669e-01	3.455226e+00
7.721302e+00	2.339698e+00	4.496875e-01	3.756814e+00
8.879497e+00	2.554319e+00	4.208095e-01	4.096048e+00
1.021142e+01	2.782666e+00	3.875998e-01	4.480921e+00
1.174313e+01	3.031189e+00	3.494087e-01	4.737895e+00
1.350460e+01	3.270585e+00	3.076083e-01	4.514572e+00
1.553030e+01	3.539612e+00	2.750674e-01	4.332286e+00
1.785984e+01	3.841217e+00	2.483264e-01	4.190948e+00
2.053882e+01	4.163297e+00	2.238074e-01	4.090842e+00
2.361964e+01	4.518910e+00	2.019298e-01	4.032598e+00
2.716258e+01	4.903240e+00	1.816779e-01	4.017161e+00
3.123697e+01	5.330511e+00	1.642014e-01	4.045637e+00
3.592252e+01	5.792526e+00	1.472310e-01	4.119604e+00
4.131089e+01	6.283026e+00	1.318266e-01	4.240773e+00
4.750753e+01	6.822742e+00	1.188245e-01	4.411208e+00
5.463366e+01	7.335103e+00	1.076960e-01	4.633480e+00
6.282871e+01	7.871077e+00	9.622620e-02	4.910899e+00
7.225301e+01	8.403675e+00	8.522771e-02	5.247823e+00
8.309096e+01	8.915265e+00	7.611382e-02	5.649995e+00
9.555461e+01	9.452150e+00	6.803273e-02	6.124911e+00
1.098878e+02	9.923584e+00	6.138512e-02	6.682226e+00
1.263710e+02	1.035933e+01	5.456745e-02	7.334245e+00
1.453266e+02	1.072813e+01	4.813615e-02	8.096380e+00
1.671256e+02	1.110241e+01	4.286086e-02	8.987802e+00
1.921945e+02	1.148413e+01	3.800899e-02	1.003221e+01
2.210236e+02	1.172859e+01	3.367092e-02	1.125900e+01
2.541772e+02	1.531367e+01	2.987787e-02	1.270306e+01
2.923037e+02	1.496058e+01	2.669161e-02	1.441009e+01
3.361493e+02	1.460438e+01	2.378094e-02	1.644260e+01
3.865717e+02	1.415945e+01	2.102998e-02	1.885872e+01
4.445574e+02	1.366364e+01	1.860834e-02	2.174000e+01
5.112411e+02	1.311736e+01	1.668530e-02	2.519141e+01
5.879272e+02	1.255234e+01	1.497194e-02	2.934279e+01
6.761163e+02	1.197103e+01	1.309119e-02	3.435126e+01
7.775337e+02	1.138191e+01	1.154596e-02	4.042606e+01
8.941638e+02	1.080044e+01	1.020916e-02	4.785017e+01
1.028288e+03	1.024800e+01	9.111781e-03	5.694816e+01
1.182532e+03	9.763289e+00	8.153596e-03	6.806513e+01
1.359911e+03	9.282081e+00	7.114675e-03	8.167512e+01
1.563898e+03	8.794124e+00	6.264723e-03	9.841985e+01
1.798483e+03	8.305613e+00	5.524752e-03	1.191171e+02
2.068255e+03	7.818671e+00	4.866378e-03	1.448113e+02
2.378493e+03	7.338755e+00	4.299815e-03	1.768262e+02
2.735268e+03	6.861185e+00	3.794433e-03	2.168688e+02
3.145558e+03	6.387879e+00	3.369356e-03	2.671747e+02
3.617391e+03	5.930408e+00	2.965612e-03	3.305710e+02
4.160000e+03	5.505572e+00	2.607497e-03	4.105552e+02
4.784000e+03	5.096835e+00	2.315030e-03	5.115915e+02
5.501600e+03	4.705814e+00	2.071098e-03	6.395368e+02
6.326840e+03	4.334419e+00	1.818715e-03	8.018560e+02
7.275866e+03	3.984163e+00	1.583472e-03	1.008088e+03
8.367246e+03	3.656847e+00	1.394453e-03	1.270372e+03
9.622333e+03	3.351765e+00	1.229662e-03	1.604104e+03
