# Energy_MeV	dEdx_Elec_MeV_um	dEdx_Nucl_MeV_um	Range_um
1.000000e-05	5.132884e-03	2.692049e-02	3.896445e-03
1.150000e-05	5.504405e-03	2.988874e-02	4.178472e-03
1.322500e-05	5.902816e-03	3.311782e-02	4.480912e-03
1.520875e-05	6.330065e-03	3.678606e-02	4.805243e-03
1.749006e-05	6.788239e-03	4.084064e-02	5.153049e-03
2.011357e-05	7.279575e-03	4.525375e-02	5.526029e-03
2.313061e-05	7.806475e-03	5.014375e-02	5.926006e-03
2.660020e-05	8.371511e-03	5.551570e-02	6.354933e-03
3.059023e-05	8.977446e-03	6.142663e-02	6.814907e-03
3.517876e-05	9.627238e-03	6.786051e-02	7.308173e-03
4.045558e-05	1.032406e-02	7.494859e-02	7.837143e-03
4.652391e-05	1.107132e-02	8.279557e-02	8.404399e-03
5.350250e-05	1.187267e-02	9.135601e-02	9.012714e-03
6.152788e-05	1.273202e-02	1.004687e-01	9.665059e-03
7.075706e-05	1.365357e-02	1.105203e-01	1.036462e-02
8.137062e-05	1.464183e-02	1.219295e-01	1.111482e-02
9.357621e-05	1.570161e-02	1.340984e-01	1.191931e-02
1.076126e-04	1.683810e-02	1.474131e-01	1.278204e-02
1.237545e-04	1.805685e-02	1.614975e-01	1.370721e-02
1.423177e-04	1.936381e-02	1.769333e-01	1.469935e-02
1.636654e-04	2.076538e-02	1.943711e-01	1.576329e-02
1.882152e-04	2.226839e-02	2.128109e-01	1.690425e-02
2.164475e-04	2.388018e-02	2.329219e-01	1.812779e-02
2.489146e-04	2.560864e-02	2.545511e-01	1.943989e-02
2.862518e-04	2.746221e-02	2.778341e-01	2.084696e-02
3.291895e-04	2.944994e-02	3.028324e-01	2.235587e-02
3.785680e-04	3.158154e-02	3.293658e-01	2.397400e-02
4.353531e-04	3.386743e-02	3.584884e-01	2.570925e-02
5.006561e-04	3.631878e-02	3.895220e-01	2.757010e-02
5.757545e-04	3.894755e-02	4.219082e-01	2.956564e-02
6.621177e-04	4.176659e-02	4.557363e-01	3.170561e-02
7.614354e-04	4.478968e-02	4.938287e-01	3.400048e-02
8.756507e-04	4.803158e-02	5.344101e-01	3.646146e-02
1.006998e-03	5.150813e-02	5.762390e-01	3.910056e-02
1.158048e-03	5.523632e-02	6.200775e-01	4.193067e-02
1.331755e-03	5.923435e-02	6.646577e-01	4.496564e-02
1.531519e-03	6.352177e-02	7.147446e-01	4.822028e-02
1.761246e-03	6.811950e-02	7.671723e-01	5.171048e-02
2.025433e-03	7.305003e-02	8.201718e-01	5.545332e-02
2.329248e-03	7.833743e-02	8.761756e-01	5.946706e-02
2.678635e-03	8.400753e-02	9.337711e-01	6.377131e-02
3.080431e-03	9.008804e-02	9.929849e-01	6.838712e-02
3.542495e-03	9.660867e-02	1.051982e+00	7.333701e-02
4.073870e-03	1.036013e-01	1.112833e+00	7.864518e-02
4.684950e-03	1.111000e-01	1.176159e+00	8.433756e-02
5.387693e-03	1.191414e-01	1.238769e+00	9.044196e-02
6.195847e-03	1.277650e-01	1.297582e+00	9.698820e-02
7.125224e-03	1.370127e-01	1.357841e+00	1.040083e-01
8.194007e-03	1.469297e-01	1.424100e+00	1.115364e-01
9.423108e-03	1.575646e-01	1.485305e+00	1.196095e-01
1.083657e-02	1.689692e-01	1.545324e+00	1.282669e-01
1.246206e-02	1.811992e-01	1.599183e+00	1.375509e-01
1.433137e-02	1.943145e-01	1.652277e+00	1.474726e-01
1.648108e-02	2.083791e-01	1.709588e+00	1.581882e-01
1.895324e-02	2.234617e-01	1.759850e+00	1.696357e-01
2.179622e-02	2.396360e-01	1.807649e+00	1.819156e-01
2.506566e-02	2.569810e-01	1.851662e+00	1.950819e-01
2.882550e-02	2.755814e-01	1.891647e+00	2.092018e-01
3.314933e-02	2.955281e-01	1.927400e+00	2.243436e-01
3.812173e-02	3.169186e-01	1.958541e+00	2.405815e-01
4.383999e-02	3.398573e-01	1.988490e+00	2.579946e-01
5.041599e-02	3.644564e-01	2.014084e+00	2.766681e-01
5.797838e-02	3.908359e-01	2.033842e+00	2.966931e-01
6.667514e-02	4.191248e-01	2.048346e+00	3.181677e-01
7.667641e-02	4.494613e-01	2.063431e+00	3.411966e-01
8.817787e-02	4.819936e-01	2.074762e+00	3.658923e-01
1.014046e-01	5.168805e-01	2.079427e+00	3.923754e-01
1.166152e-01	5.542926e-01	2.079912e+00	4.207754e-01
1.341075e-01	5.944126e-01	2.074410e+00	4.512311e-01
1.542237e-01	6.374365e-01	2.067120e+00	4.838913e-01
1.773572e-01	6.835745e-01	2.055046e+00	5.189152e-01
2.039608e-01	7.330520e-01	2.036321e+00	5.564741e-01
2.345549e-01	7.861107e-01	2.013059e+00	5.967517e-01
2.697381e-01	8.430098e-01	1.984267e+00	6.399448e-01
3.101989e-01	9.040273e-01	1.950438e+00	6.862641e-01
3.567287e-01	9.694612e-01	1.911570e+00	7.359359e-01
4.102380e-01	1.039631e+00	1.867273e+00	7.892028e-01
4.717737e-01	1.114880e+00	1.818215e+00	8.463256e-01
5.425397e-01	1.195576e+00	1.765204e+00	9.075830e-01
6.239207e-01	1.282112e+00	1.710093e+00	9.732740e-01
7.175088e-01	1.374912e+00	1.649963e+00	1.043720e+00
8.251351e-01	1.474429e+00	1.583259e+00	1.119264e+00
9.489054e-01	1.581149e+00	1.516409e+00	1.200276e+00
1.091241e+00	1.695594e+00	1.447015e+00	1.287159e+00
1.254927e+00	1.818322e+00	1.380233e+00	1.380296e+00
1.443166e+00	1.937570e+00	1.310543e+00	1.480416e+00
1.659641e+00	2.058039e+00	1.234849e+00	1.588763e+00
1.908588e+00	2.184502e+00	1.163380e+00	1.706096e+00
2.194876e+00	2.316725e+00	1.091434e+00	1.833279e+00
2.524107e+00	2.454253e+00	1.021299e+00	1.971262e+00
2.902723e+00	2.596337e+00	9.532278e-01	2.121152e+00
3.338132e+00	1.385567e+00	8.883180e-01	2.284233e+00
3.838852e+00	1.475469e+00	8.266750e-01	2.462015e+00
4.414679e+00	1.597545e+00	7.640679e-01	2.656302e+00
5.076881e+00	1.754650e+00	7.046276e-01	2.869283e+00
5.838413e+00	1.922130e+00	6.513997e-01	3.103652e+00
6.714175e+00	2.108421e+00	6.037519e-01	3.362767e+00
7.721302e+00	2.307569e+00	5.509992e-01	3.650870e+00
8.879497e+00	2.523357e+00	5.059060e-01	3.973374e+00
1.021142e+01	2.762201e+00	4.741906e-01	4.337247e+00
1.174313e+01	3.006343e+00	4.389661e-01	4.751512e+00
1.350460e+01	3.269400e+00	3.984580e-01	5.227879e+00
1.553030e+01	3.533017e+00	3.518736e-01	5.048926e+00
1.785984e+01	3.827623e+00	3.119258e-01	4.803623e+00
2.053882e+01	4.161085e+00	2.826513e-01	4.612845e+00
2.361964e+01	4.496164e+00	2.544417e-01	4.474691e+00
2.716258e+01	4.870778e+00	2.295120e-01	4.387952e+00
3.123697e+01	5.281722e+00	2.062857e-01	4.352009e+00
3.592252e+01	5.730247e+00	1.863337e-01	4.366687e+00
4.131089e+01	6.232763e+00	1.678097e-01	4.432311e+00
4.750753e+01	6.765986e+00	1.500278e-01	4.549681e+00
5.463366e+01	7.335017e+00	1.349091e-01	4.720066e+00
6.282871e+01	7.925202e+00	1.222164e-01	4.945426e+00
7.225301e+01	8.495614e+00	1.100508e-01	5.228652e+00
8.309096e+01	9.100605e+00	9.729040e-02	5.573858e+00
9.555461e+01	9.668942e+00	8.679521e-02	5.986720e+00
1.098878e+02	1.024107e+01	7.741053e-02	6.474820e+00
1.263710e+02	1.080526e+01	6.974252e-02	7.047987e+00
1.453266e+02	1.124184e+01	6.251124e-02	7.718820e+00
1.671256e+02	1.168700e+01	5.502953e-02	8.503101e+00
1.921945e+02	1.214348e+01	4.893546e-02	9.420462e+00
2.210236e+02	1.253689e+01	4.341079e-02	1.049503e+01
2.541772e+02	1.286914e+01	3.850508e-02	1.175702e+01
2.923037e+02	1.671158e+01	3.417566e-02	1.324088e+01
3.361493e+02	1.641807e+01	3.044661e-02	1.499755e+01
3.865717e+02	1.604254e+01	2.718153e-02	1.708472e+01
4.445574e+02	1.557674e+01	2.404516e-02	1.956131e+01
5.112411e+02	1.504149e+01	2.127066e-02	2.251205e+01
5.879272e+02	1.446026e+01	1.898513e-02	2.604377e+01
6.761163e+02	1.386276e+01	1.709924e-02	3.028491e+01
7.775337e+02	1.323068e+01	1.500933e-02	3.539533e+01
8.941638e+02	1.260616e+01	1.315465e-02	4.159408e+01
1.028288e+03	1.198373e+01	1.168457e-02	4.916296e+01
1.182532e+03	1.142661e+01	1.036537e-02	5.840277e+01
1.359911e+03	1.091419e+01	9.320451e-03	6.965610e+01
1.563898e+03	1.039428e+01	8.151688e-03	8.341604e+01
1.798483e+03	9.865211e+00	7.137590e-03	1.003230e+02
2.068255e+03	9.335695e+00	6.326433e-03	1.211934e+02
2.378493e+03	8.806200e+00	5.560640e-03	1.470630e+02
2.735268e+03	8.282813e+00	4.916863e-03	1.792458e+02
3.145558e+03	7.754789e+00	4.325766e-03	2.194526e+02
3.617391e+03	7.234631e+00	3.841720e-03	2.698986e+02
4.160000e+03	6.738540e+00	3.394778e-03	3.333452e+02
4.784000e+03	6.269377e+00	2.978488e-03	4.132160e+02
5.501600e+03	5.815738e+00	2.639837e-03	5.139614e+02
6.326840e+03	5.381061e+00	2.359536e-03	6.413585e+02
7.275866e+03	4.967788e+00	2.091841e-03	8.027572e+02
8.367246e+03	4.577575e+00	1.816921e-03	1.007540e+03
9.622333e+03	4.210868e+00	1.597250e-03	1.267628e+03
