# Energy_MeV	dEdx_Elec_MeV_um	dEdx_Nucl_MeV_um	Range_um
1.000000e-05	4.889576e-03	2.809794e-02	4.090335e-03
1.150000e-05	5.243486e-03	3.120266e-02	4.386395e-03
1.322500e-05	5.623012e-03	3.464128e-02	4.703885e-03
1.520875e-05	6.030009e-03	3.839316e-02	5.044354e-03
1.749006e-05	6.466464e-03	4.253875e-02	5.409467e-03
2.011357e-05	6.934510e-03	4.710800e-02	5.801008e-03
2.313061e-05	7.436433e-03	5.212373e-02	6.220888e-03
2.660020e-05	7.974686e-03	5.757779e-02	6.671159e-03
3.059023e-05	8.551898e-03	6.359797e-02	7.154021e-03
3.517876e-05	9.170889e-03	7.025104e-02	7.671832e-03
4.045558e-05	9.834683e-03	7.754374e-02	8.227124e-03
4.652391e-05	1.054652e-02	8.529606e-02	8.822607e-03
5.350250e-05	1.130989e-02	9.380357e-02	9.461192e-03
6.152788e-05	1.212850e-02	1.034880e-01	1.014600e-02
7.075706e-05	1.300637e-02	1.138456e-01	1.088037e-02
8.137062e-05	1.394778e-02	1.251511e-01	1.166790e-02
9.357621e-05	1.495732e-02	1.371459e-01	1.251243e-02
1.076126e-04	1.603994e-02	1.502105e-01	1.341808e-02
1.237545e-04	1.720092e-02	1.650167e-01	1.438929e-02
1.423177e-04	1.844593e-02	1.807229e-01	1.543080e-02
1.636654e-04	1.978106e-02	1.977884e-01	1.654768e-02
1.882152e-04	2.121282e-02	2.161861e-01	1.774541e-02
2.164475e-04	2.274822e-02	2.359303e-01	1.902984e-02
2.489146e-04	2.439475e-02	2.572304e-01	2.040723e-02
2.862518e-04	2.616045e-02	2.798021e-01	2.188431e-02
3.291895e-04	2.805396e-02	3.045227e-01	2.346831e-02
3.785680e-04	3.008452e-02	3.309395e-01	2.516696e-02
4.353531e-04	3.226205e-02	3.584460e-01	2.698856e-02
5.006561e-04	3.459720e-02	3.873023e-01	2.894200e-02
5.757545e-04	3.710136e-02	4.195429e-01	3.103684e-02
6.621177e-04	3.978678e-02	4.540238e-01	3.328330e-02
7.614354e-04	4.266657e-02	4.897515e-01	3.569237e-02
8.756507e-04	4.575479e-02	5.270177e-01	3.827580e-02
1.006998e-03	4.906655e-02	5.651364e-01	4.104622e-02
1.158048e-03	5.261801e-02	6.075290e-01	4.401717e-02
1.331755e-03	5.642653e-02	6.521030e-01	4.720316e-02
1.531519e-03	6.051072e-02	6.974533e-01	5.061975e-02
1.761246e-03	6.489051e-02	7.450292e-01	5.428363e-02
2.025433e-03	6.958732e-02	7.943767e-01	5.821271e-02
2.329248e-03	7.462409e-02	8.448522e-01	6.242617e-02
2.678635e-03	8.002542e-02	8.949772e-01	6.694461e-02
3.080431e-03	8.581770e-02	9.469568e-01	7.179010e-02
3.542495e-03	9.202924e-02	1.000798e+00	7.698630e-02
4.073870e-03	9.869036e-02	1.054739e+00	8.255861e-02
4.684950e-03	1.058336e-01	1.105245e+00	8.853425e-02
5.387693e-03	1.134939e-01	1.156246e+00	9.494241e-02
6.195847e-03	1.217087e-01	1.212764e+00	1.018144e-01
7.125224e-03	1.305180e-01	1.265490e+00	1.091838e-01
8.194007e-03	1.399650e-01	1.316733e+00	1.170865e-01
9.423108e-03	1.500957e-01	1.363242e+00	1.255613e-01
1.083657e-02	1.609597e-01	1.408180e+00	1.346495e-01
1.246206e-02	1.726101e-01	1.457142e+00	1.443272e-01
1.433137e-02	1.851037e-01	1.500651e+00	1.548382e-01
1.648108e-02	1.985016e-01	1.541428e+00	1.660585e-01
1.895324e-02	2.128692e-01	1.579352e+00	1.780784e-01
2.179622e-02	2.282768e-01	1.613417e+00	1.909670e-01
2.506566e-02	2.447996e-01	1.644439e+00	2.047892e-01
2.882550e-02	2.625183e-01	1.671305e+00	2.196116e-01
3.314933e-02	2.815195e-01	1.696910e+00	2.355069e-01
3.812173e-02	3.018961e-01	1.719119e+00	2.525527e-01
4.383999e-02	3.237475e-01	1.736070e+00	2.708324e-01
5.041599e-02	3.471805e-01	1.748892e+00	2.904350e-01
5.797838e-02	3.723096e-01	1.761660e+00	3.114565e-01
6.667514e-02	3.992576e-01	1.771479e+00	3.339996e-01
7.667641e-02	4.281560e-01	1.775994e+00	3.581745e-01
8.817787e-02	4.591462e-01	1.776572e+00	3.840991e-01
1.014046e-01	4.923794e-01	1.772321e+00	4.119000e-01
1.166152e-01	5.280181e-01	1.766151e+00	4.417132e-01
1.341075e-01	5.662363e-01	1.756063e+00	4.736844e-01
1.542237e-01	6.072208e-01	1.740545e+00	5.079697e-01
1.773572e-01	6.511718e-01	1.720911e+00	5.447365e-01
2.039608e-01	6.983040e-01	1.696690e+00	5.841644e-01
2.345549e-01	7.488476e-01	1.668086e+00	6.264462e-01
2.697381e-01	8.030495e-01	1.635178e+00	6.717886e-01
3.101989e-01	8.611747e-01	1.597658e+00	7.204128e-01
3.567287e-01	9.235070e-01	1.556067e+00	7.725562e-01
4.102380e-01	9.903509e-01	1.510864e+00	8.284738e-01
4.717737e-01	1.062033e+00	1.463876e+00	8.884390e-01
5.425397e-01	1.138904e+00	1.412983e+00	9.527446e-01
6.239207e-01	1.221338e+00	1.356240e+00	1.021705e+00
7.175088e-01	1.309739e+00	1.299047e+00	1.095655e+00
8.251351e-01	1.404539e+00	1.239933e+00	1.174959e+00
9.489054e-01	1.506200e+00	1.182610e+00	1.260005e+00
1.091241e+00	1.615219e+00	1.123626e+00	1.351190e+00
1.254927e+00	1.724184e+00	1.059109e+00	1.449097e+00
1.443166e+00	1.831593e+00	9.976456e-01	1.554951e+00
1.659641e+00	1.944421e+00	9.363861e-01	1.669589e+00
1.908588e+00	1.036081e+00	8.762449e-01	1.793827e+00
2.194876e+00	1.111096e+00	8.183604e-01	1.928587e+00
2.524107e+00	1.191542e+00	7.624513e-01	2.074939e+00
2.902723e+00	1.277795e+00	7.095733e-01	2.234117e+00
3.338132e+00	1.359317e+00	6.562204e-01	2.407572e+00
3.838852e+00	1.464259e+00	6.051286e-01	2.597035e+00
4.414679e+00	1.606844e+00	5.597031e-01	2.804593e+00
5.076881e+00	1.760720e+00	5.184655e-01	3.032813e+00
5.838413e+00	1.932086e+00	4.738167e-01	3.284885e+00
6.714175e+00	2.110494e+00	4.351020e-01	3.564831e+00
7.721302e+00	2.306772e+00	4.068829e-01	3.877774e+00
8.879497e+00	2.518911e+00	3.770696e-01	4.230296e+00
1.021142e+01	2.738807e+00	3.427843e-01	4.630913e+00
1.174313e+01	2.978765e+00	3.033562e-01	4.464037e+00
1.350460e+01	3.214785e+00	2.690937e-01	4.288940e+00
1.553030e+01	3.482025e+00	2.431693e-01	4.148646e+00
1.785984e+01	3.784302e+00	2.191106e-01	4.044241e+00
2.053882e+01	4.104359e+00	1.974111e-01	3.977058e+00
2.361964e+01	4.462162e+00	1.774521e-01	3.948667e+00
2.716258e+01	4.853931e+00	1.604003e-01	3.960768e+00
3.123697e+01	5.278189e+00	1.444505e-01	4.015418e+00
3.592252e+01	5.740920e+00	1.292804e-01	4.114795e+00
4.131089e+01	6.216044e+00	1.160500e-01	4.261291e+00
4.750753e+01	6.728580e+00	1.050294e-01	4.457633e+00
5.463366e+01	7.227825e+00	9.473271e-02	4.707067e+00
6.282871e+01	7.725852e+00	8.381198e-02	5.013628e+00
7.225301e+01	8.240937e+00	7.466733e-02	5.382472e+00
8.309096e+01	8.711666e+00	6.663360e-02	5.820252e+00
9.555461e+01	9.201135e+00	5.994988e-02	6.335469e+00
1.098878e+02	9.650830e+00	5.382946e-02	6.939086e+00
1.263710e+02	1.002491e+01	4.742498e-02	7.644847e+00
1.453266e+02	1.037021e+01	4.210877e-02	8.469957e+00
1.671256e+02	1.071066e+01	3.739093e-02	9.435772e+00
1.921945e+02	1.103140e+01	3.314846e-02	1.056863e+01
2.210236e+02	1.125899e+01	2.945880e-02	1.190144e+01
2.541772e+02	1.428070e+01	2.621538e-02	1.347247e+01
2.923037e+02	1.393165e+01	2.339517e-02	1.533490e+01
3.361493e+02	1.355519e+01	2.071664e-02	1.755591e+01
3.865717e+02	1.310112e+01	1.831603e-02	2.020047e+01
4.445574e+02	1.260781e+01	1.636124e-02	2.336182e+01
5.112411e+02	1.207403e+01	1.471481e-02	2.715849e+01
5.879272e+02	1.152951e+01	1.294596e-02	3.173574e+01
6.761163e+02	1.097054e+01	1.135826e-02	3.727195e+01
7.775337e+02	1.040791e+01	1.006831e-02	4.400839e+01
8.941638e+02	9.854129e+00	8.938891e-03	5.226499e+01
1.028288e+03	9.343044e+00	8.022290e-03	6.239918e+01
1.182532e+03	8.882507e+00	7.033072e-03	7.480416e+01
1.359911e+03	8.422760e+00	6.158915e-03	9.003505e+01
1.563898e+03	7.958940e+00	5.452545e-03	1.088269e+02
1.798483e+03	7.497428e+00	4.798787e-03	1.321189e+02
2.068255e+03	7.039493e+00	4.235552e-03	1.611095e+02
2.378493e+03	6.590274e+00	3.726474e-03	1.973215e+02
2.735268e+03	6.143456e+00	3.308034e-03	2.427310e+02
3.145558e+03	5.704369e+00	2.926546e-03	2.999173e+02
3.617391e+03	5.285077e+00	2.570722e-03	3.721264e+02
4.160000e+03	4.893990e+00	2.273448e-03	4.633831e+02
4.784000e+03	4.519450e+00	2.029430e-03	5.788745e+02
5.501600e+03	4.162924e+00	1.802859e-03	7.253784e+02
6.326840e+03	3.825341e+00	1.567402e-03	9.115236e+02
7.275866e+03	3.508538e+00	1.375381e-03	1.148336e+03
8.367246e+03	3.213920e+00	1.210553e-03	1.449836e+03
9.622333e+03	2.940359e+00	1.076121e-03	1.833794e+03
