# Energy_MeV	dEdx_Elec_MeV_um	dEdx_Nucl_MeV_um	Range_um
1.000000e-05	4.694123e-03	2.885713e-02	4.260646e-03
1.150000e-05	5.033887e-03	3.200887e-02	4.569034e-03
1.322500e-05	5.398242e-03	3.547167e-02	4.899743e-03
1.520875e-05	5.788970e-03	3.928804e-02	5.254389e-03
1.749006e-05	6.207978e-03	4.346591e-02	5.634705e-03
2.011357e-05	6.657315e-03	4.810901e-02	6.042548e-03
2.313061e-05	7.139175e-03	5.312724e-02	6.479911e-03
2.660020e-05	7.655912e-03	5.870653e-02	6.948930e-03
3.059023e-05	8.210051e-03	6.482480e-02	7.451897e-03
3.517876e-05	8.804299e-03	7.141739e-02	7.991269e-03
4.045558e-05	9.441559e-03	7.854669e-02	8.569682e-03
4.652391e-05	1.012494e-02	8.649624e-02	9.189960e-03
5.350250e-05	1.085779e-02	9.533205e-02	9.855134e-03
6.152788e-05	1.164369e-02	1.048437e-01	1.056845e-02
7.075706e-05	1.248646e-02	1.151340e-01	1.133340e-02
8.137062e-05	1.339024e-02	1.261281e-01	1.215372e-02
9.357621e-05	1.435943e-02	1.383359e-01	1.303341e-02
1.076126e-04	1.539877e-02	1.518076e-01	1.397678e-02
1.237545e-04	1.651335e-02	1.662005e-01	1.498843e-02
1.423177e-04	1.770859e-02	1.818113e-01	1.607330e-02
1.636654e-04	1.899035e-02	1.987404e-01	1.723669e-02
1.882152e-04	2.036488e-02	2.168745e-01	1.848429e-02
2.164475e-04	2.183890e-02	2.361171e-01	1.982219e-02
2.489146e-04	2.341961e-02	2.568833e-01	2.125694e-02
2.862518e-04	2.511473e-02	2.794302e-01	2.279552e-02
3.291895e-04	2.693255e-02	3.036837e-01	2.444548e-02
3.785680e-04	2.888194e-02	3.285854e-01	2.621485e-02
4.353531e-04	3.097244e-02	3.549337e-01	2.811230e-02
5.006561e-04	3.321424e-02	3.850599e-01	3.014708e-02
5.757545e-04	3.561830e-02	4.160613e-01	3.232914e-02
6.621177e-04	3.819637e-02	4.486388e-01	3.466914e-02
7.614354e-04	4.096105e-02	4.820873e-01	3.717851e-02
8.756507e-04	4.392583e-02	5.166519e-01	3.986951e-02
1.006998e-03	4.710520e-02	5.560690e-01	4.275529e-02
1.158048e-03	5.051470e-02	5.958910e-01	4.584994e-02
1.331755e-03	5.417098e-02	6.372278e-01	4.916858e-02
1.531519e-03	5.809191e-02	6.801600e-01	5.272743e-02
1.761246e-03	6.229663e-02	7.238217e-01	5.654387e-02
2.025433e-03	6.680569e-02	7.695627e-01	6.063655e-02
2.329248e-03	7.164112e-02	8.146620e-01	6.502545e-02
2.678635e-03	7.682655e-02	8.622809e-01	6.973203e-02
3.080431e-03	8.238729e-02	9.103658e-01	7.477927e-02
3.542495e-03	8.835053e-02	9.567301e-01	8.019183e-02
4.073870e-03	9.474539e-02	1.001825e+00	8.599616e-02
4.684950e-03	1.016031e-01	1.049481e+00	9.222061e-02
5.387693e-03	1.089572e-01	1.098913e+00	9.889558e-02
6.195847e-03	1.168436e-01	1.145547e+00	1.060537e-01
7.125224e-03	1.253008e-01	1.190032e+00	1.137299e-01
8.194007e-03	1.343701e-01	1.230839e+00	1.219618e-01
9.423108e-03	1.440959e-01	1.272829e+00	1.307894e-01
1.083657e-02	1.545256e-01	1.315038e+00	1.402499e-01
1.246206e-02	1.657103e-01	1.352939e+00	1.503863e-01
1.433137e-02	1.777045e-01	1.388576e+00	1.613001e-01
1.648108e-02	1.905668e-01	1.422092e+00	1.729720e-01
1.895324e-02	2.043601e-01	1.452052e+00	1.854927e-01
2.179622e-02	2.191518e-01	1.477749e+00	1.989184e-01
2.506566e-02	2.350142e-01	1.501415e+00	2.133159e-01
2.882550e-02	2.520246e-01	1.523342e+00	2.287556e-01
3.314933e-02	2.702663e-01	1.542539e+00	2.453127e-01
3.812173e-02	2.898283e-01	1.556441e+00	2.630682e-01
4.383999e-02	3.108062e-01	1.566937e+00	2.821090e-01
5.041599e-02	3.333026e-01	1.578589e+00	3.025279e-01
5.797838e-02	3.574272e-01	1.585671e+00	3.244248e-01
6.667514e-02	3.832979e-01	1.588744e+00	3.479065e-01
7.667641e-02	4.110412e-01	1.587792e+00	3.730878e-01
8.817787e-02	4.407926e-01	1.582779e+00	4.000918e-01
1.014046e-01	4.726974e-01	1.576714e+00	4.290505e-01
1.166152e-01	5.069115e-01	1.566088e+00	4.601051e-01
1.341075e-01	5.436020e-01	1.551004e+00	4.934073e-01
1.542237e-01	5.829482e-01	1.532159e+00	5.291200e-01
1.773572e-01	6.251423e-01	1.509128e+00	5.674179e-01
2.039608e-01	6.703905e-01	1.482353e+00	6.084877e-01
2.345549e-01	7.189137e-01	1.451702e+00	6.525300e-01
2.697381e-01	7.709491e-01	1.416802e+00	6.997599e-01
3.101989e-01	8.267508e-01	1.378565e+00	7.504087e-01
3.567287e-01	8.865914e-01	1.337899e+00	8.047236e-01
4.102380e-01	9.507634e-01	1.294979e+00	8.629697e-01
4.717737e-01	1.019580e+00	1.247424e+00	9.254314e-01
5.425397e-01	1.093378e+00	1.196636e+00	9.924141e-01
6.239207e-01	1.172517e+00	1.144931e+00	1.064245e+00
7.175088e-01	1.257385e+00	1.092627e+00	1.141276e+00
8.251351e-01	1.348395e+00	1.041349e+00	1.223880e+00
9.489054e-01	1.445992e+00	9.862330e-01	1.312473e+00
1.091241e+00	1.550455e+00	9.294923e-01	1.407447e+00
1.254927e+00	1.647487e+00	8.748117e-01	1.509777e+00
1.443166e+00	1.749573e+00	8.204197e-01	1.620599e+00
1.659641e+00	9.341193e-01	7.664402e-01	1.740631e+00
1.908588e+00	1.001753e+00	7.146528e-01	1.870775e+00
2.194876e+00	1.074283e+00	6.667309e-01	2.012024e+00
2.524107e+00	1.152062e+00	6.193027e-01	2.165531e+00
2.902723e+00	1.230215e+00	5.723005e-01	2.332642e+00
3.338132e+00	1.313019e+00	5.267753e-01	2.514948e+00
3.838852e+00	1.434100e+00	4.877508e-01	2.714359e+00
4.414679e+00	1.575010e+00	4.514720e-01	2.933203e+00
5.076881e+00	1.725778e+00	4.111324e-01	3.174355e+00
5.838413e+00	1.888782e+00	3.799404e-01	3.441414e+00
6.714175e+00	2.067695e+00	3.557160e-01	3.738945e+00
7.721302e+00	2.253581e+00	3.278580e-01	4.072792e+00
8.879497e+00	2.458043e+00	2.958213e-01	4.264839e+00
1.021142e+01	2.671799e+00	2.606057e-01	4.113703e+00
1.174313e+01	2.895959e+00	2.326749e-01	3.985950e+00
1.350460e+01	3.139744e+00	2.101810e-01	3.883678e+00
1.553030e+01	3.412950e+00	1.893621e-01	3.809125e+00
1.785984e+01	3.718501e+00	1.709757e-01	3.764683e+00
2.053882e+01	4.051387e+00	1.537629e-01	3.752914e+00
2.361964e+01	4.415447e+00	1.389289e-01	3.776397e+00
2.716258e+01	4.822560e+00	1.246528e-01	3.838198e+00
3.123697e+01	5.225212e+00	1.115637e-01	3.941281e+00
3.592252e+01	5.661061e+00	1.006261e-01	4.088822e+00
4.131089e+01	6.116033e+00	9.112070e-02	4.284243e+00
4.750753e+01	6.554852e+00	8.149928e-02	4.531364e+00
5.463366e+01	7.016680e+00	7.224641e-02	4.834652e+00
6.282871e+01	7.432019e+00	6.444023e-02	5.199545e+00
7.225301e+01	7.858255e+00	5.764061e-02	5.632807e+00
8.309096e+01	8.279556e+00	5.194537e-02	6.143038e+00
9.555461e+01	8.650797e+00	4.622637e-02	6.741101e+00
1.098878e+02	9.017968e+00	4.081581e-02	7.440660e+00
1.263710e+02	9.264308e+00	3.629311e-02	8.258821e+00
1.453266e+02	9.524007e+00	3.221374e-02	9.216830e+00
1.671256e+02	9.797591e+00	2.851039e-02	1.034109e+01
1.921945e+02	9.959436e+00	2.529464e-02	1.166405e+01
2.210236e+02	1.286826e+01	2.261644e-02	1.322601e+01
2.541772e+02	1.243918e+01	2.013983e-02	1.507507e+01
2.923037e+02	1.209129e+01	1.782694e-02	1.728201e+01
3.361493e+02	1.167808e+01	1.575633e-02	1.991844e+01
3.865717e+02	1.122608e+01	1.411551e-02	2.307267e+01
4.445574e+02	1.073689e+01	1.267825e-02	2.686361e+01
5.112411e+02	1.023344e+01	1.109459e-02	3.144118e+01
5.879272e+02	9.726653e+00	9.773113e-03	3.698658e+01
6.761163e+02	9.210558e+00	8.647358e-03	4.373390e+01
7.775337e+02	8.703497e+00	7.709061e-03	5.200457e+01
8.941638e+02	8.203342e+00	6.905286e-03	6.219371e+01
1.028288e+03	7.775061e+00	6.030497e-03	7.472425e+01
1.182532e+03	7.359288e+00	5.303287e-03	9.013153e+01
1.359911e+03	6.941404e+00	4.680678e-03	1.091645e+02
1.563898e+03	6.524728e+00	4.120555e-03	1.327844e+02
1.798483e+03	6.113105e+00	3.644326e-03	1.622261e+02
2.068255e+03	5.709829e+00	3.213921e-03	1.990605e+02
2.378493e+03	5.315380e+00	2.852551e-03	2.453038e+02
2.735268e+03	4.925976e+00	2.512849e-03	3.036015e+02
3.145558e+03	4.550703e+00	2.208079e-03	3.773508e+02
3.617391e+03	4.201042e+00	1.962021e-03	4.707828e+02
4.160000e+03	3.871096e+00	1.753237e-03	5.892251e+02
4.784000e+03	3.558220e+00	1.541525e-03	7.396633e+02
5.501600e+03	3.262709e+00	1.343595e-03	9.310713e+02
6.326840e+03	2.985044e+00	1.181279e-03	1.174902e+03
7.275866e+03	2.727745e+00	1.042610e-03	1.485751e+03
8.367246e+03	2.490249e+00	9.289111e-04	1.882140e+03
9.622333e+03	2.271143e+00	8.140263e-04	2.387501e+03
