# Energy_MeV	dEdx_Elec_MeV_um	dEdx_Nucl_MeV_um	Range_um
1.000000e-05	5.489840e-03	2.901629e-02	3.643093e-03
1.150000e-05	5.887198e-03	3.215425e-02	3.906782e-03
1.322500e-05	6.313316e-03	3.574156e-02	4.189557e-03
1.520875e-05	6.770277e-03	3.963721e-02	4.492800e-03
1.749006e-05	7.260314e-03	4.393585e-02	4.817991e-03
2.011357e-05	7.785819e-03	4.865478e-02	5.166720e-03
2.313061e-05	8.349361e-03	5.382442e-02	5.540690e-03
2.660020e-05	8.953692e-03	5.955192e-02	5.941728e-03
3.059023e-05	9.601765e-03	6.576608e-02	6.371793e-03
3.517876e-05	1.029675e-02	7.267687e-02	6.832987e-03
4.045558e-05	1.104203e-02	8.024059e-02	7.327562e-03
4.652391e-05	1.184126e-02	8.838096e-02	7.857935e-03
5.350250e-05	1.269833e-02	9.719288e-02	8.426696e-03
6.152788e-05	1.361745e-02	1.070813e-01	9.036625e-03
7.075706e-05	1.460308e-02	1.179859e-01	9.690701e-03
8.137062e-05	1.566006e-02	1.297356e-01	1.039212e-02
9.357621e-05	1.679355e-02	1.424249e-01	1.114431e-02
1.076126e-04	1.800907e-02	1.559954e-01	1.195094e-02
1.237545e-04	1.931258e-02	1.711805e-01	1.281595e-02
1.423177e-04	2.071043e-02	1.877913e-01	1.374358e-02
1.636654e-04	2.220947e-02	2.055552e-01	1.473834e-02
1.882152e-04	2.381700e-02	2.248379e-01	1.580511e-02
2.164475e-04	2.554089e-02	2.457672e-01	1.694910e-02
2.489146e-04	2.738955e-02	2.681918e-01	1.817588e-02
2.862518e-04	2.937202e-02	2.918449e-01	1.949146e-02
3.291895e-04	3.149798e-02	3.175155e-01	2.090226e-02
3.785680e-04	3.377782e-02	3.453388e-01	2.241518e-02
4.353531e-04	3.622268e-02	3.752632e-01	2.403760e-02
5.006561e-04	3.884449e-02	4.058331e-01	2.577746e-02
5.757545e-04	4.165608e-02	4.384189e-01	2.764324e-02
6.621177e-04	4.467117e-02	4.754395e-01	2.964407e-02
7.614354e-04	4.790449e-02	5.135598e-01	3.178973e-02
8.756507e-04	5.137184e-02	5.538282e-01	3.409069e-02
1.006998e-03	5.509016e-02	5.947639e-01	3.655819e-02
1.158048e-03	5.907762e-02	6.376104e-01	3.920429e-02
1.331755e-03	6.335369e-02	6.859437e-01	4.204192e-02
1.531519e-03	6.793926e-02	7.348211e-01	4.508493e-02
1.761246e-03	7.285674e-02	7.857439e-01	4.834820e-02
2.025433e-03	7.813015e-02	8.384724e-01	5.184767e-02
2.329248e-03	8.378525e-02	8.922467e-01	5.560043e-02
2.678635e-03	8.984968e-02	9.479636e-01	5.962482e-02
3.080431e-03	9.635304e-02	1.003429e+00	6.394050e-02
3.542495e-03	1.033271e-01	1.061818e+00	6.856855e-02
4.073870e-03	1.108060e-01	1.120836e+00	7.353157e-02
4.684950e-03	1.188262e-01	1.177424e+00	7.885383e-02
5.387693e-03	1.274269e-01	1.232486e+00	8.456131e-02
6.195847e-03	1.366501e-01	1.291766e+00	9.068190e-02
7.125224e-03	1.465409e-01	1.351892e+00	9.724551e-02
8.194007e-03	1.571476e-01	1.408604e+00	1.042842e-01
9.423108e-03	1.685221e-01	1.462567e+00	1.118323e-01
1.083657e-02	1.807198e-01	1.512022e+00	1.199217e-01
1.246206e-02	1.938004e-01	1.564254e+00	1.285888e-01
1.433137e-02	2.078278e-01	1.615332e+00	1.379207e-01
1.648108e-02	2.228704e-01	1.661119e+00	1.479008e-01
1.895324e-02	2.390019e-01	1.704453e+00	1.586067e-01
2.179622e-02	2.563010e-01	1.745059e+00	1.700865e-01
2.506566e-02	2.748522e-01	1.781387e+00	1.823972e-01
2.882550e-02	2.947462e-01	1.812222e+00	1.955990e-01
3.314933e-02	3.160800e-01	1.840949e+00	2.097562e-01
3.812173e-02	3.389581e-01	1.867420e+00	2.249382e-01
4.383999e-02	3.634920e-01	1.890108e+00	2.412191e-01
5.041599e-02	3.898018e-01	1.906463e+00	2.586785e-01
5.797838e-02	4.180159e-01	1.919368e+00	2.774015e-01
6.667514e-02	4.482721e-01	1.933060e+00	2.974797e-01
7.667641e-02	4.807182e-01	1.941115e+00	3.190111e-01
8.817787e-02	5.155129e-01	1.944415e+00	3.421011e-01
1.014046e-01	5.528260e-01	1.942634e+00	3.668624e-01
1.166152e-01	5.928398e-01	1.936398e+00	3.934158e-01
1.341075e-01	6.357499e-01	1.928389e+00	4.218911e-01
1.542237e-01	6.817658e-01	1.914734e+00	4.524275e-01
1.773572e-01	7.311123e-01	1.895781e+00	4.851743e-01
2.039608e-01	7.840306e-01	1.872162e+00	5.202913e-01
2.345549e-01	8.407792e-01	1.843470e+00	5.579500e-01
2.697381e-01	9.016352e-01	1.810164e+00	5.983343e-01
3.101989e-01	9.668961e-01	1.772074e+00	6.416418e-01
3.567287e-01	1.036881e+00	1.728903e+00	6.880841e-01
4.102380e-01	1.111930e+00	1.681567e+00	7.378878e-01
4.717737e-01	1.192413e+00	1.631493e+00	7.912961e-01
5.425397e-01	1.278720e+00	1.578590e+00	8.485701e-01
6.239207e-01	1.371274e+00	1.519436e+00	9.099899e-01
7.175088e-01	1.470528e+00	1.457160e+00	9.758559e-01
8.251351e-01	1.576966e+00	1.393702e+00	1.046486e+00
9.489054e-01	1.691107e+00	1.329823e+00	1.122239e+00
1.091241e+00	1.813282e+00	1.267164e+00	1.203446e+00
1.254927e+00	1.926763e+00	1.198606e+00	1.290944e+00
1.443166e+00	2.046154e+00	1.129451e+00	1.385704e+00
1.659641e+00	1.086756e+00	1.062793e+00	1.488337e+00
1.908588e+00	1.165446e+00	9.962825e-01	1.599617e+00
2.194876e+00	1.249831e+00	9.308121e-01	1.720392e+00
2.524107e+00	1.340325e+00	8.674988e-01	1.851650e+00
2.902723e+00	1.429678e+00	8.090267e-01	1.994539e+00
3.338132e+00	1.522537e+00	7.510112e-01	2.150420e+00
3.838852e+00	1.660080e+00	6.936922e-01	2.320926e+00
4.414679e+00	1.820559e+00	6.394380e-01	2.508049e+00
5.076881e+00	1.992805e+00	5.921244e-01	2.714246e+00
5.838413e+00	2.179652e+00	5.469976e-01	2.942595e+00
6.714175e+00	2.385260e+00	4.987552e-01	3.196998e+00
7.721302e+00	2.600542e+00	4.617815e-01	3.482453e+00
8.879497e+00	2.837560e+00	4.316490e-01	3.805403e+00
1.021142e+01	3.085484e+00	3.969966e-01	4.174196e+00
1.174313e+01	3.337337e+00	3.571464e-01	4.276505e+00
1.350460e+01	3.605441e+00	3.149492e-01	4.065165e+00
1.553030e+01	3.901503e+00	2.817238e-01	3.896377e+00
1.785984e+01	4.227082e+00	2.543856e-01	3.769087e+00
2.053882e+01	4.569573e+00	2.290945e-01	3.682721e+00
2.361964e+01	4.944686e+00	2.066692e-01	3.637135e+00
2.716258e+01	5.365482e+00	1.861206e-01	3.632551e+00
3.123697e+01	5.813234e+00	1.680830e-01	3.669399e+00
3.592252e+01	6.308654e+00	1.507500e-01	3.748638e+00
4.131089e+01	6.845191e+00	1.348695e-01	3.871406e+00
4.750753e+01	7.381578e+00	1.216742e-01	4.039302e+00
5.463366e+01	7.955907e+00	1.102406e-01	4.254540e+00
6.282871e+01	8.488756e+00	9.827258e-02	4.520176e+00
7.225301e+01	9.041670e+00	8.714539e-02	4.840390e+00
8.309096e+01	9.597217e+00	7.780026e-02	5.220787e+00
9.555461e+01	1.010346e+01	6.962690e-02	5.668693e+00
1.098878e+02	1.061445e+01	6.281389e-02	6.193539e+00
1.263710e+02	1.098861e+01	5.570006e-02	6.807267e+00
1.453266e+02	1.138754e+01	4.920027e-02	7.524762e+00
1.671256e+02	1.181294e+01	4.379455e-02	8.364516e+00
1.921945e+02	1.209764e+01	3.885253e-02	9.349202e+00
2.210236e+02	1.639565e+01	3.445977e-02	1.050689e+01
2.541772e+02	1.598696e+01	3.054221e-02	1.187077e+01
2.923037e+02	1.567928e+01	2.729299e-02	1.349048e+01
3.361493e+02	1.526362e+01	2.429093e-02	1.541452e+01
3.865717e+02	1.478010e+01	2.149023e-02	1.770236e+01
4.445574e+02	1.423255e+01	1.905851e-02	2.043456e+01
5.112411e+02	1.365344e+01	1.708446e-02	2.371211e+01
5.879272e+02	1.305851e+01	1.529666e-02	2.765563e+01
6.761163e+02	1.244217e+01	1.339074e-02	3.242058e+01
7.775337e+02	1.183598e+01	1.180737e-02	3.822095e+01
8.941638e+02	1.123123e+01	1.045240e-02	4.531679e+01
1.028288e+03	1.071883e+01	9.328019e-03	5.397905e+01
1.182532e+03	1.022080e+01	8.328209e-03	6.454978e+01
1.359911e+03	9.712547e+00	7.275907e-03	7.751110e+01
1.563898e+03	9.198908e+00	6.405210e-03	9.347897e+01
1.798483e+03	8.685081e+00	5.650670e-03	1.132406e+02
2.068255e+03	8.175170e+00	4.972738e-03	1.377923e+02
2.378493e+03	7.669671e+00	4.393313e-03	1.684071e+02
2.735268e+03	7.162544e+00	3.882280e-03	2.067525e+02
3.145558e+03	6.667647e+00	3.444136e-03	2.549617e+02
3.617391e+03	6.202714e+00	3.032605e-03	3.156773e+02
4.160000e+03	5.758545e+00	2.663916e-03	3.922168e+02
4.784000e+03	5.330898e+00	2.367796e-03	4.889328e+02
5.501600e+03	4.922902e+00	2.117576e-03	6.114123e+02
6.326840e+03	4.536335e+00	1.854230e-03	7.667824e+02
7.275866e+03	4.173099e+00	1.616887e-03	9.641257e+02
8.367246e+03	3.832860e+00	1.423451e-03	1.214974e+03
9.622333e+03	3.515897e+00	1.257129e-03	1.533929e+03
