# Energy_MeV	dEdx_Elec_MeV_um	dEdx_Nucl_MeV_um	Range_um
1.000000e-05	4.747886e-03	2.805984e-02	4.212401e-03
1.150000e-05	5.091541e-03	3.119846e-02	4.517297e-03
1.322500e-05	5.460069e-03	3.459927e-02	4.844261e-03
1.520875e-05	5.855272e-03	3.834738e-02	5.194891e-03
1.749006e-05	6.279080e-03	4.247325e-02	5.570900e-03
2.011357e-05	6.733563e-03	4.698580e-02	5.974125e-03
2.313061e-05	7.220941e-03	5.199978e-02	6.406535e-03
2.660020e-05	7.743597e-03	5.742079e-02	6.870244e-03
3.059023e-05	8.304083e-03	6.345978e-02	7.367515e-03
3.517876e-05	8.905137e-03	7.006271e-02	7.900780e-03
4.045558e-05	9.549695e-03	7.718949e-02	8.472643e-03
4.652391e-05	1.024091e-02	8.488404e-02	9.085897e-03
5.350250e-05	1.098215e-02	9.348859e-02	9.743539e-03
6.152788e-05	1.177704e-02	1.030408e-01	1.044878e-02
7.075706e-05	1.262947e-02	1.133036e-01	1.120507e-02
8.137062e-05	1.354360e-02	1.244265e-01	1.201610e-02
9.357621e-05	1.452389e-02	1.362849e-01	1.288583e-02
1.076126e-04	1.557514e-02	1.494985e-01	1.381851e-02
1.237545e-04	1.670248e-02	1.640606e-01	1.481871e-02
1.423177e-04	1.791141e-02	1.795837e-01	1.589129e-02
1.636654e-04	1.920785e-02	1.964624e-01	1.704151e-02
1.882152e-04	2.059812e-02	2.147352e-01	1.827498e-02
2.164475e-04	2.208903e-02	2.343484e-01	1.959774e-02
2.489146e-04	2.368784e-02	2.551044e-01	2.101623e-02
2.862518e-04	2.540238e-02	2.775173e-01	2.253740e-02
3.291895e-04	2.724102e-02	3.018921e-01	2.416867e-02
3.785680e-04	2.921274e-02	3.280594e-01	2.591801e-02
4.353531e-04	3.132717e-02	3.549750e-01	2.779397e-02
5.006561e-04	3.359465e-02	3.833673e-01	2.980571e-02
5.757545e-04	3.602624e-02	4.159125e-01	3.196306e-02
6.621177e-04	3.863384e-02	4.492958e-01	3.427657e-02
7.614354e-04	4.143018e-02	4.845575e-01	3.675752e-02
8.756507e-04	4.442892e-02	5.206083e-01	3.941805e-02
1.006998e-03	4.764471e-02	5.578919e-01	4.227115e-02
1.158048e-03	5.109326e-02	6.004517e-01	4.533076e-02
1.331755e-03	5.479141e-02	6.433033e-01	4.861182e-02
1.531519e-03	5.875725e-02	6.880461e-01	5.213037e-02
1.761246e-03	6.301013e-02	7.342076e-01	5.590360e-02
2.025433e-03	6.757083e-02	7.813926e-01	5.994993e-02
2.329248e-03	7.246165e-02	8.306013e-01	6.428913e-02
2.678635e-03	7.770646e-02	8.791734e-01	6.894242e-02
3.080431e-03	8.333089e-02	9.305882e-01	7.393250e-02
3.542495e-03	8.936243e-02	9.823312e-01	7.928378e-02
4.073870e-03	9.583053e-02	1.032367e+00	8.502238e-02
4.684950e-03	1.027668e-01	1.080769e+00	9.117635e-02
5.387693e-03	1.102051e-01	1.132352e+00	9.777574e-02
6.195847e-03	1.181818e-01	1.185676e+00	1.048528e-01
7.125224e-03	1.267359e-01	1.235634e+00	1.124421e-01
8.194007e-03	1.359091e-01	1.283598e+00	1.205807e-01
9.423108e-03	1.457463e-01	1.327248e+00	1.293084e-01
1.083657e-02	1.562954e-01	1.372699e+00	1.386678e-01
1.246206e-02	1.676082e-01	1.418198e+00	1.486342e-01
1.433137e-02	1.797398e-01	1.458677e+00	1.594588e-01
1.648108e-02	1.927494e-01	1.497117e+00	1.710141e-01
1.895324e-02	2.067007e-01	1.533017e+00	1.833927e-01
2.179622e-02	2.216618e-01	1.565357e+00	1.966660e-01
2.506566e-02	2.377058e-01	1.592778e+00	2.109006e-01
2.882550e-02	2.549111e-01	1.618107e+00	2.261653e-01
3.314933e-02	2.733617e-01	1.641735e+00	2.425350e-01
3.812173e-02	2.931478e-01	1.662206e+00	2.600896e-01
4.383999e-02	3.143660e-01	1.676987e+00	2.789147e-01
5.041599e-02	3.371199e-01	1.688216e+00	2.991024e-01
5.797838e-02	3.615209e-01	1.700707e+00	3.207512e-01
6.667514e-02	3.876879e-01	1.708084e+00	3.439671e-01
7.667641e-02	4.157490e-01	1.711370e+00	3.688634e-01
8.817787e-02	4.458411e-01	1.710085e+00	3.955616e-01
1.014046e-01	4.781113e-01	1.704659e+00	4.241922e-01
1.166152e-01	5.127173e-01	1.698025e+00	4.548950e-01
1.341075e-01	5.498280e-01	1.686355e+00	4.878204e-01
1.542237e-01	5.896249e-01	1.669999e+00	5.231289e-01
1.773572e-01	6.323022e-01	1.649534e+00	5.609929e-01
2.039608e-01	6.780686e-01	1.624599e+00	6.015974e-01
2.345549e-01	7.271476e-01	1.595608e+00	6.451410e-01
2.697381e-01	7.797789e-01	1.562445e+00	6.918365e-01
3.101989e-01	8.362197e-01	1.524706e+00	7.419118e-01
3.567287e-01	8.967457e-01	1.483405e+00	7.956113e-01
4.102380e-01	9.616527e-01	1.439458e+00	8.531976e-01
4.717737e-01	1.031258e+00	1.393194e+00	9.149523e-01
5.425397e-01	1.105901e+00	1.341720e+00	9.811770e-01
6.239207e-01	1.185946e+00	1.286866e+00	1.052195e+00
7.175088e-01	1.271786e+00	1.231246e+00	1.128353e+00
8.251351e-01	1.363838e+00	1.174789e+00	1.210023e+00
9.489054e-01	1.462553e+00	1.119736e+00	1.297607e+00
1.091241e+00	1.568414e+00	1.060079e+00	1.391513e+00
1.254927e+00	1.674235e+00	9.988477e-01	1.492341e+00
1.443166e+00	1.778534e+00	9.402098e-01	1.601353e+00
1.659641e+00	1.888094e+00	8.814875e-01	1.719411e+00
1.908588e+00	2.002743e+00	8.234990e-01	1.847355e+00
2.194876e+00	1.063352e+00	7.678208e-01	1.986136e+00
2.524107e+00	1.140340e+00	7.161787e-01	2.136853e+00
2.902723e+00	1.222897e+00	6.652395e-01	2.300779e+00
3.338132e+00	1.302584e+00	6.145140e-01	2.479408e+00
3.838852e+00	1.404815e+00	5.658643e-01	2.674521e+00
4.414679e+00	1.543186e+00	5.240989e-01	2.888269e+00
5.076881e+00	1.692534e+00	4.848310e-01	3.123293e+00
5.838413e+00	1.858870e+00	4.414552e-01	3.382880e+00
6.714175e+00	2.032079e+00	4.083958e-01	3.671170e+00
7.721302e+00	2.222609e+00	3.821755e-01	3.993438e+00
8.879497e+00	2.428439e+00	3.520222e-01	4.356462e+00
1.021142e+01	2.642013e+00	3.173458e-01	4.590481e+00
1.174313e+01	2.875482e+00	2.794651e-01	4.406370e+00
1.350460e+01	3.107709e+00	2.498192e-01	4.252723e+00
1.553030e+01	3.371031e+00	2.255676e-01	4.131054e+00
1.785984e+01	3.669322e+00	2.032660e-01	4.043059e+00
2.053882e+01	3.987703e+00	1.834245e-01	3.990642e+00
2.361964e+01	4.344100e+00	1.650263e-01	3.975909e+00
2.716258e+01	4.733547e+00	1.491307e-01	4.001019e+00
3.123697e+01	5.151959e+00	1.337411e-01	4.068591e+00
3.592252e+01	5.604821e+00	1.197282e-01	4.181218e+00
4.131089e+01	6.065365e+00	1.079440e-01	4.341739e+00
4.750753e+01	6.560409e+00	9.781141e-02	4.553318e+00
5.463366e+01	7.038447e+00	8.739723e-02	4.819644e+00
6.282871e+01	7.513295e+00	7.743141e-02	5.145215e+00
7.225301e+01	8.002425e+00	6.912935e-02	5.535691e+00
8.309096e+01	8.446572e+00	6.180692e-02	5.998266e+00
9.555461e+01	8.906877e+00	5.575134e-02	6.542159e+00
1.098878e+02	9.325954e+00	4.956112e-02	7.179083e+00
1.263710e+02	9.670127e+00	4.373419e-02	7.923758e+00
1.453266e+02	9.983847e+00	3.892800e-02	8.794581e+00
1.671256e+02	1.029101e+01	3.452970e-02	9.814365e+00
1.921945e+02	1.057742e+01	3.058537e-02	1.101128e+01
2.210236e+02	1.077295e+01	2.713614e-02	1.242052e+01
2.541772e+02	1.363008e+01	2.424764e-02	1.408310e+01
2.923037e+02	1.327476e+01	2.159893e-02	1.605591e+01
3.361493e+02	1.289620e+01	1.910527e-02	1.841090e+01
3.865717e+02	1.244703e+01	1.690420e-02	2.121816e+01
4.445574e+02	1.196275e+01	1.515383e-02	2.457796e+01
5.112411e+02	1.144228e+01	1.359815e-02	2.861787e+01
5.879272e+02	1.091331e+01	1.189340e-02	3.349447e+01
6.761163e+02	1.037254e+01	1.048639e-02	3.940041e+01
7.775337e+02	9.828654e+00	9.274634e-03	4.659608e+01
8.941638e+02	9.294085e+00	8.275472e-03	5.542697e+01
1.028288e+03	8.800800e+00	7.405470e-03	6.628066e+01
1.182532e+03	8.355775e+00	6.463813e-03	7.958507e+01
1.359911e+03	7.912346e+00	5.689830e-03	9.594312e+01
1.563898e+03	7.466190e+00	5.018858e-03	1.161534e+02
1.798483e+03	7.023230e+00	4.419841e-03	1.412372e+02
2.068255e+03	6.584795e+00	3.906092e-03	1.724990e+02
2.378493e+03	6.155675e+00	3.446891e-03	2.115977e+02
2.735268e+03	5.730114e+00	3.060171e-03	2.606874e+02
3.145558e+03	5.313017e+00	2.694088e-03	3.225806e+02
3.617391e+03	4.915501e+00	2.368241e-03	4.008205e+02
4.160000e+03	4.545352e+00	2.103214e-03	4.998036e+02
4.784000e+03	4.191842e+00	1.881039e-03	6.251968e+02
5.501600e+03	3.856159e+00	1.651883e-03	7.844045e+02
6.326840e+03	3.538801e+00	1.438773e-03	9.868545e+02
7.275866e+03	3.241584e+00	1.266517e-03	1.244594e+03
8.367246e+03	2.965964e+00	1.117221e-03	1.572941e+03
9.622333e+03	2.710606e+00	9.965286e-04	1.991307e+03
