# Energy_MeV	dEdx_Elec_MeV_um	dEdx_Nucl_MeV_um	Range_um
1.000000e-05	4.816603e-03	2.687530e-02	4.152304e-03
1.150000e-05	5.165232e-03	2.978538e-02	4.452850e-03
1.322500e-05	5.539094e-03	3.305682e-02	4.775149e-03
1.520875e-05	5.940017e-03	3.671862e-02	5.120777e-03
1.749006e-05	6.369958e-03	4.069577e-02	5.491422e-03
2.011357e-05	6.831019e-03	4.510130e-02	5.888894e-03
2.313061e-05	7.325452e-03	4.993932e-02	6.315135e-03
2.660020e-05	7.855672e-03	5.526586e-02	6.772228e-03
3.059023e-05	8.424270e-03	6.107018e-02	7.262405e-03
3.517876e-05	9.034023e-03	6.744330e-02	7.788062e-03
4.045558e-05	9.687910e-03	7.451782e-02	8.351766e-03
4.652391e-05	1.038913e-02	8.226301e-02	8.956271e-03
5.350250e-05	1.114110e-02	9.055672e-02	9.604531e-03
6.152788e-05	1.194749e-02	9.953065e-02	1.029971e-02
7.075706e-05	1.281226e-02	1.098396e-01	1.104521e-02
8.137062e-05	1.373962e-02	1.208759e-01	1.184467e-02
9.357621e-05	1.473410e-02	1.328666e-01	1.270199e-02
1.076126e-04	1.580056e-02	1.457189e-01	1.362137e-02
1.237545e-04	1.694422e-02	1.594849e-01	1.460729e-02
1.423177e-04	1.817065e-02	1.753159e-01	1.566457e-02
1.636654e-04	1.948585e-02	1.920221e-01	1.679838e-02
1.882152e-04	2.089624e-02	2.101473e-01	1.801426e-02
2.164475e-04	2.240872e-02	2.297465e-01	1.931814e-02
2.489146e-04	2.403068e-02	2.507559e-01	2.071640e-02
2.862518e-04	2.577003e-02	2.735979e-01	2.221586e-02
3.291895e-04	2.763528e-02	2.975557e-01	2.382386e-02
3.785680e-04	2.963554e-02	3.239182e-01	2.554824e-02
4.353531e-04	3.178057e-02	3.520264e-01	2.739744e-02
5.006561e-04	3.408087e-02	3.815311e-01	2.938048e-02
5.757545e-04	3.654766e-02	4.122618e-01	3.150705e-02
6.621177e-04	3.919300e-02	4.462336e-01	3.378755e-02
7.614354e-04	4.202981e-02	4.833142e-01	3.623311e-02
8.756507e-04	4.507195e-02	5.214221e-01	3.885568e-02
1.006998e-03	4.833428e-02	5.615844e-01	4.166808e-02
1.158048e-03	5.183274e-02	6.023055e-01	4.468404e-02
1.331755e-03	5.558442e-02	6.469744e-01	4.791829e-02
1.531519e-03	5.960765e-02	6.950755e-01	5.138664e-02
1.761246e-03	6.392209e-02	7.435575e-01	5.510603e-02
2.025433e-03	6.854880e-02	7.946654e-01	5.909464e-02
2.329248e-03	7.351040e-02	8.475020e-01	6.337194e-02
2.678635e-03	7.883112e-02	9.018168e-01	6.795883e-02
3.080431e-03	8.453696e-02	9.557750e-01	7.287773e-02
3.542495e-03	9.065579e-02	1.011215e+00	7.815266e-02
4.073870e-03	9.721750e-02	1.069317e+00	8.380939e-02
4.684950e-03	1.042542e-01	1.127854e+00	8.987556e-02
5.387693e-03	1.118001e-01	1.183075e+00	9.638080e-02
6.195847e-03	1.198923e-01	1.236815e+00	1.033569e-01
7.125224e-03	1.285701e-01	1.298550e+00	1.108379e-01
8.194007e-03	1.378761e-01	1.355517e+00	1.188604e-01
9.423108e-03	1.478557e-01	1.411075e+00	1.274636e-01
1.083657e-02	1.585575e-01	1.462134e+00	1.366895e-01
1.246206e-02	1.700340e-01	1.509485e+00	1.465831e-01
1.433137e-02	1.823412e-01	1.563364e+00	1.571561e-01
1.648108e-02	1.955391e-01	1.610684e+00	1.685756e-01
1.895324e-02	2.096923e-01	1.655135e+00	1.807747e-01
2.179622e-02	2.248700e-01	1.696232e+00	1.938610e-01
2.506566e-02	2.411462e-01	1.733344e+00	2.078919e-01
2.882550e-02	2.586005e-01	1.767988e+00	2.229389e-01
3.314933e-02	2.773181e-01	1.797065e+00	2.390751e-01
3.812173e-02	2.973906e-01	1.825336e+00	2.563792e-01
4.383999e-02	3.189159e-01	1.849571e+00	2.749358e-01
5.041599e-02	3.419991e-01	1.868694e+00	2.948354e-01
5.797838e-02	3.667532e-01	1.882988e+00	3.161753e-01
6.667514e-02	3.932990e-01	1.896441e+00	3.390600e-01
7.667641e-02	4.217662e-01	1.908090e+00	3.636011e-01
8.817787e-02	4.522939e-01	1.913646e+00	3.899185e-01
1.014046e-01	4.850311e-01	1.915191e+00	4.181405e-01
1.166152e-01	5.201380e-01	1.911290e+00	4.484054e-01
1.341075e-01	5.577858e-01	1.904789e+00	4.808610e-01
1.542237e-01	5.981586e-01	1.894917e+00	5.156658e-01
1.773572e-01	6.414537e-01	1.879028e+00	5.529896e-01
2.039608e-01	6.878824e-01	1.858648e+00	5.930148e-01
2.345549e-01	7.376717e-01	1.833353e+00	6.359372e-01
2.697381e-01	7.910648e-01	1.803289e+00	6.819665e-01
3.101989e-01	8.483225e-01	1.768550e+00	7.313274e-01
3.567287e-01	9.097245e-01	1.728978e+00	7.842608e-01
4.102380e-01	9.755709e-01	1.684761e+00	8.410255e-01
4.717737e-01	1.046183e+00	1.636268e+00	9.018992e-01
5.425397e-01	1.121907e+00	1.586035e+00	9.671790e-01
6.239207e-01	1.203111e+00	1.532409e+00	1.037184e+00
7.175088e-01	1.290192e+00	1.471176e+00	1.112255e+00
8.251351e-01	1.383577e+00	1.409983e+00	1.192760e+00
9.489054e-01	1.483721e+00	1.345831e+00	1.279092e+00
1.091241e+00	1.591114e+00	1.284175e+00	1.371680e+00
1.254927e+00	1.706280e+00	1.222024e+00	1.470933e+00
1.443166e+00	1.818193e+00	1.151751e+00	1.577627e+00
1.659641e+00	1.931241e+00	1.085517e+00	1.693088e+00
1.908588e+00	2.049913e+00	1.019127e+00	1.818124e+00
2.194876e+00	2.173991e+00	9.545696e-01	1.953657e+00
2.524107e+00	1.158113e+00	8.920773e-01	2.100699e+00
2.902723e+00	1.241961e+00	8.305820e-01	2.260430e+00
3.338132e+00	1.329345e+00	7.738077e-01	2.434218e+00
3.838852e+00	1.415562e+00	7.157464e-01	2.623671e+00
4.414679e+00	1.532632e+00	6.607269e-01	2.830713e+00
5.076881e+00	1.683331e+00	6.107648e-01	3.057675e+00
5.838413e+00	1.843636e+00	5.660185e-01	3.307428e+00
6.714175e+00	2.021663e+00	5.189723e-01	3.583551e+00
7.721302e+00	2.211182e+00	4.750223e-01	3.890562e+00
8.879497e+00	2.415876e+00	4.433601e-01	4.234230e+00
1.021142e+01	2.641922e+00	4.119460e-01	4.621981e+00
1.174313e+01	2.870875e+00	3.758197e-01	5.063426e+00
1.350460e+01	3.118016e+00	3.342746e-01	5.077520e+00
1.553030e+01	3.367116e+00	2.955461e-01	4.850339e+00
1.785984e+01	3.646654e+00	2.666324e-01	4.667879e+00
2.053882e+01	3.963818e+00	2.402360e-01	4.530200e+00
2.361964e+01	4.289505e+00	2.161505e-01	4.437756e+00
2.716258e+01	4.655383e+00	1.945257e-01	4.391367e+00
3.123697e+01	5.060049e+00	1.758405e-01	4.392176e+00
3.592252e+01	5.494475e+00	1.585996e-01	4.441452e+00
4.131089e+01	5.977108e+00	1.419214e-01	4.541101e+00
4.750753e+01	6.476555e+00	1.269012e-01	4.693075e+00
5.463366e+01	7.004566e+00	1.148642e-01	4.899807e+00
6.282871e+01	7.544199e+00	1.040146e-01	5.164369e+00
7.225301e+01	8.060078e+00	9.189184e-02	5.490759e+00
8.309096e+01	8.604597e+00	8.186171e-02	5.884249e+00
9.555461e+01	9.111780e+00	7.293966e-02	6.351777e+00
1.098878e+02	9.619440e+00	6.560263e-02	6.902333e+00
1.263710e+02	1.011597e+01	5.915359e-02	7.547493e+00
1.453266e+02	1.049020e+01	5.203361e-02	8.301868e+00
1.671256e+02	1.086771e+01	4.619477e-02	9.183719e+00
1.921945e+02	1.125086e+01	4.101083e-02	1.021574e+01
2.210236e+02	1.157087e+01	3.640399e-02	1.142578e+01
2.541772e+02	1.182835e+01	3.237397e-02	1.284882e+01
2.923037e+02	1.516350e+01	2.873587e-02	1.452486e+01
3.361493e+02	1.483890e+01	2.567979e-02	1.651266e+01
3.865717e+02	1.444860e+01	2.273448e-02	1.887930e+01
4.445574e+02	1.398458e+01	2.012635e-02	2.169410e+01
5.112411e+02	1.346447e+01	1.795102e-02	2.505611e+01
5.879272e+02	1.290862e+01	1.614522e-02	2.909045e+01
6.761163e+02	1.234261e+01	1.428139e-02	3.394822e+01
7.775337e+02	1.175089e+01	1.250386e-02	3.981798e+01
8.941638e+02	1.116589e+01	1.108110e-02	4.695774e+01
1.028288e+03	1.058566e+01	9.817133e-03	5.570022e+01
1.182532e+03	1.006557e+01	8.806133e-03	6.640440e+01
1.359911e+03	9.585846e+00	7.763799e-03	7.948171e+01
1.563898e+03	9.101740e+00	6.783994e-03	9.552135e+01
1.798483e+03	8.612115e+00	6.004174e-03	1.152895e+02
2.068255e+03	8.124416e+00	5.282780e-03	1.397652e+02
2.378493e+03	7.639481e+00	4.648737e-03	1.701933e+02
2.735268e+03	7.162651e+00	4.098907e-03	2.081566e+02
3.145558e+03	6.684602e+00	3.638284e-03	2.557183e+02
3.617391e+03	6.215885e+00	3.224436e-03	3.155531e+02
4.160000e+03	5.770931e+00	2.831469e-03	3.910041e+02
4.784000e+03	5.352087e+00	2.491318e-03	4.862240e+02
5.501600e+03	4.949566e+00	2.223909e-03	6.066123e+02
6.326840e+03	4.565647e+00	1.985172e-03	7.591796e+02
7.275866e+03	4.201814e+00	1.722770e-03	9.528509e+02
8.367246e+03	3.860094e+00	1.511318e-03	1.199021e+03
9.622333e+03	3.541114e+00	1.327714e-03	1.512173e+03
