# Energy_MeV	dEdx_Elec_MeV_um	dEdx_Nucl_MeV_um	Range_um
1.000000e-05	5.013983e-03	2.577613e-02	3.988845e-03
1.150000e-05	5.376897e-03	2.778739e-02	4.277560e-03
1.322500e-05	5.766080e-03	3.088338e-02	4.587172e-03
1.520875e-05	6.183432e-03	3.425682e-02	4.919194e-03
1.749006e-05	6.630992e-03	3.795553e-02	5.275248e-03
2.011357e-05	7.110947e-03	4.220905e-02	5.657073e-03
2.313061e-05	7.625641e-03	4.679499e-02	6.066535e-03
2.660020e-05	8.177589e-03	5.187205e-02	6.505634e-03
3.059023e-05	8.769487e-03	5.744275e-02	6.976515e-03
3.517876e-05	9.404227e-03	6.355968e-02	7.481479e-03
4.045558e-05	1.008491e-02	7.033700e-02	8.022992e-03
4.652391e-05	1.081486e-02	7.765172e-02	8.603701e-03
5.350250e-05	1.159765e-02	8.583192e-02	9.226441e-03
6.152788e-05	1.243709e-02	9.474500e-02	9.894256e-03
7.075706e-05	1.333729e-02	1.044126e-01	1.061041e-02
8.137062e-05	1.430265e-02	1.147749e-01	1.137839e-02
9.357621e-05	1.533789e-02	1.264303e-01	1.220197e-02
1.076126e-04	1.644805e-02	1.393913e-01	1.308515e-02
1.237545e-04	1.763857e-02	1.532033e-01	1.403226e-02
1.423177e-04	1.891526e-02	1.682969e-01	1.504793e-02
1.636654e-04	2.028436e-02	1.842460e-01	1.613710e-02
1.882152e-04	2.175255e-02	2.021447e-01	1.730512e-02
2.164475e-04	2.332701e-02	2.219083e-01	1.855767e-02
2.489146e-04	2.501543e-02	2.427818e-01	1.990088e-02
2.862518e-04	2.682606e-02	2.656789e-01	2.134132e-02
3.291895e-04	2.876775e-02	2.902902e-01	2.288602e-02
3.785680e-04	3.084997e-02	3.168254e-01	2.454252e-02
4.353531e-04	3.308291e-02	3.449188e-01	2.631892e-02
5.006561e-04	3.547747e-02	3.751007e-01	2.822389e-02
5.757545e-04	3.804534e-02	4.081755e-01	3.026675e-02
6.621177e-04	4.079909e-02	4.433879e-01	3.245748e-02
7.614354e-04	4.375214e-02	4.796449e-01	3.480677e-02
8.756507e-04	4.691895e-02	5.180537e-01	3.732610e-02
1.006998e-03	5.031497e-02	5.622153e-01	4.002778e-02
1.158048e-03	5.395679e-02	6.069971e-01	4.292502e-02
1.331755e-03	5.786221e-02	6.547613e-01	4.603195e-02
1.531519e-03	6.205031e-02	7.031618e-01	4.936377e-02
1.761246e-03	6.654154e-02	7.536648e-01	5.293674e-02
2.025433e-03	7.135786e-02	8.114363e-01	5.676833e-02
2.329248e-03	7.652277e-02	8.688141e-01	6.087725e-02
2.678635e-03	8.206153e-02	9.294210e-01	6.528358e-02
3.080431e-03	8.800119e-02	9.914779e-01	7.000884e-02
3.542495e-03	9.437076e-02	1.055520e+00	7.507612e-02
4.073870e-03	1.012014e-01	1.121750e+00	8.051017e-02
4.684950e-03	1.085264e-01	1.186896e+00	8.633754e-02
5.387693e-03	1.163816e-01	1.256685e+00	9.258670e-02
6.195847e-03	1.248053e-01	1.325970e+00	9.928817e-02
7.125224e-03	1.338388e-01	1.394012e+00	1.064747e-01
8.194007e-03	1.435261e-01	1.458458e+00	1.141814e-01
9.423108e-03	1.539146e-01	1.528331e+00	1.224459e-01
1.083657e-02	1.650551e-01	1.600919e+00	1.313086e-01
1.246206e-02	1.770018e-01	1.667161e+00	1.408128e-01
1.433137e-02	1.898133e-01	1.732477e+00	1.510049e-01
1.648108e-02	2.035521e-01	1.790180e+00	1.618623e-01
1.895324e-02	2.182853e-01	1.851745e+00	1.736490e-01
2.179622e-02	2.340849e-01	1.913763e+00	1.862287e-01
2.506566e-02	2.510281e-01	1.967086e+00	1.997089e-01
2.882550e-02	2.691977e-01	2.019414e+00	2.141631e-01
3.314933e-02	2.886823e-01	2.067002e+00	2.296641e-01
3.812173e-02	3.095773e-01	2.110271e+00	2.462869e-01
4.383999e-02	3.319847e-01	2.147571e+00	2.641130e-01
5.041599e-02	3.560139e-01	2.181087e+00	2.832294e-01
5.797838e-02	3.817824e-01	2.213307e+00	3.037293e-01
6.667514e-02	4.094160e-01	2.240187e+00	3.257130e-01
7.667641e-02	4.390497e-01	2.259600e+00	3.492879e-01
8.817787e-02	4.708284e-01	2.274810e+00	3.745693e-01
1.014046e-01	5.049072e-01	2.291871e+00	4.016806e-01
1.166152e-01	5.414526e-01	2.301096e+00	4.307541e-01
1.341075e-01	5.806433e-01	2.305602e+00	4.619319e-01
1.542237e-01	6.226705e-01	2.303355e+00	4.953664e-01
1.773572e-01	6.677398e-01	2.296004e+00	5.312211e-01
2.039608e-01	7.160711e-01	2.287104e+00	5.696709e-01
2.345549e-01	7.679007e-01	2.270847e+00	6.109036e-01
2.697381e-01	8.234818e-01	2.248725e+00	6.551206e-01
3.101989e-01	8.830858e-01	2.220822e+00	7.025383e-01
3.567287e-01	9.470040e-01	2.187056e+00	7.533882e-01
4.102380e-01	1.015549e+00	2.147735e+00	8.079186e-01
4.717737e-01	1.089055e+00	2.102852e+00	8.663957e-01
5.425397e-01	1.167881e+00	2.051688e+00	9.291053e-01
6.239207e-01	1.252413e+00	1.995975e+00	9.963543e-01
7.175088e-01	1.343063e+00	1.936317e+00	1.068471e+00
8.251351e-01	1.440275e+00	1.874180e+00	1.145807e+00
9.489054e-01	1.544523e+00	1.804456e+00	1.228740e+00
1.091241e+00	1.656316e+00	1.729907e+00	1.317677e+00
1.254927e+00	1.776201e+00	1.655518e+00	1.413054e+00
1.443166e+00	1.904763e+00	1.578735e+00	1.515312e+00
1.659641e+00	2.032668e+00	1.505401e+00	1.625128e+00
1.908588e+00	2.159254e+00	1.424592e+00	1.743878e+00
2.194876e+00	2.292213e+00	1.341250e+00	1.872481e+00
2.524107e+00	2.431325e+00	1.263344e+00	2.011858e+00
2.902723e+00	2.576154e+00	1.183491e+00	2.163045e+00
3.338132e+00	2.725959e+00	1.106155e+00	2.327244e+00
3.838852e+00	1.451930e+00	1.031459e+00	2.505841e+00
4.414679e+00	1.544819e+00	9.612107e-01	2.700472e+00
5.076881e+00	1.665540e+00	8.933152e-01	2.913081e+00
5.838413e+00	1.828073e+00	8.242863e-01	3.146022e+00
6.714175e+00	2.003299e+00	7.593921e-01	3.402184e+00
7.721302e+00	2.198596e+00	7.040459e-01	3.685164e+00
8.879497e+00	2.404205e+00	6.508550e-01	3.999495e+00
1.021142e+01	2.630547e+00	5.917422e-01	4.350955e+00
1.174313e+01	2.877291e+00	5.488351e-01	4.746971e+00
1.350460e+01	3.134838e+00	5.133180e-01	5.197148e+00
1.553030e+01	3.415600e+00	4.724734e-01	5.713960e+00
1.785984e+01	3.688151e+00	4.255020e-01	6.313604e+00
2.053882e+01	3.994076e+00	3.738816e-01	5.946759e+00
2.361964e+01	4.337962e+00	3.352925e-01	5.636390e+00
2.716258e+01	4.684810e+00	3.023257e-01	5.401129e+00
3.123697e+01	5.067224e+00	2.727360e-01	5.236097e+00
3.592252e+01	5.475748e+00	2.457455e-01	5.137722e+00
4.131089e+01	5.929682e+00	2.212010e-01	5.103499e+00
4.750753e+01	6.438347e+00	2.001005e-01	5.131737e+00
5.463366e+01	6.992040e+00	1.791741e-01	5.221605e+00
6.282871e+01	7.601872e+00	1.606058e-01	5.373103e+00
7.225301e+01	8.232734e+00	1.445353e-01	5.587081e+00
8.309096e+01	8.874659e+00	1.312406e-01	5.865515e+00
9.555461e+01	9.557464e+00	1.171340e-01	6.211777e+00
1.098878e+02	1.019557e+01	1.035266e-01	6.630948e+00
1.263710e+02	1.086727e+01	9.269021e-02	7.130161e+00
1.453266e+02	1.151084e+01	8.269428e-02	7.718963e+00
1.671256e+02	1.206885e+01	7.479292e-02	8.409673e+00
1.921945e+02	1.261483e+01	6.640787e-02	9.217971e+00
2.210236e+02	1.317012e+01	5.844800e-02	1.016340e+01
2.541772e+02	1.370701e+01	5.218619e-02	1.127005e+01
2.923037e+02	1.414693e+01	4.619148e-02	1.256807e+01
3.361493e+02	1.829881e+01	4.097495e-02	1.409189e+01
3.865717e+02	1.803335e+01	3.638613e-02	1.589067e+01
4.445574e+02	1.770333e+01	3.244894e-02	1.802501e+01
5.112411e+02	1.724735e+01	2.895042e-02	2.055158e+01
5.879272e+02	1.672260e+01	2.555069e-02	2.355349e+01
6.761163e+02	1.612631e+01	2.263871e-02	2.713578e+01
7.775337e+02	1.550212e+01	2.033587e-02	3.142564e+01
8.941638e+02	1.484217e+01	1.822860e-02	3.657829e+01
1.028288e+03	1.417529e+01	1.590701e-02	4.280476e+01
1.182532e+03	1.351288e+01	1.406367e-02	5.038293e+01
1.359911e+03	1.290399e+01	1.241396e-02	5.961424e+01
1.563898e+03	1.235826e+01	1.110435e-02	7.082485e+01
1.798483e+03	1.180675e+01	9.925879e-03	8.448272e+01
2.068255e+03	1.124156e+01	8.643140e-03	1.012048e+02
2.378493e+03	1.067253e+01	7.630038e-03	1.217749e+02
2.735268e+03	1.009994e+01	6.717369e-03	1.471869e+02
3.145558e+03	9.530084e+00	5.925365e-03	1.786968e+02
3.617391e+03	8.955535e+00	5.226023e-03	2.179301e+02
4.160000e+03	8.386624e+00	4.615132e-03	2.670005e+02
4.784000e+03	7.835421e+00	4.103220e-03	3.285493e+02
5.501600e+03	7.313344e+00	3.605158e-03	4.058329e+02
6.326840e+03	6.806429e+00	3.174597e-03	5.030501e+02
7.275866e+03	6.318734e+00	2.812884e-03	6.256808e+02
8.367246e+03	5.852072e+00	2.522486e-03	7.806882e+02
9.622333e+03	5.408329e+00	2.212080e-03	9.769626e+02
