# Energy_MeV	dEdx_Elec_MeV_um	dEdx_Nucl_MeV_um	Range_um
1.000000e-05	5.147497e-03	2.755666e-02	3.885384e-03
1.150000e-05	5.520075e-03	3.054654e-02	4.166610e-03
1.322500e-05	5.919621e-03	3.388277e-02	4.468191e-03
1.520875e-05	6.348087e-03	3.764651e-02	4.791601e-03
1.749006e-05	6.807565e-03	4.173277e-02	5.138420e-03
2.011357e-05	7.300300e-03	4.625415e-02	5.510341e-03
2.313061e-05	7.828699e-03	5.121742e-02	5.909183e-03
2.660020e-05	8.395345e-03	5.667324e-02	6.336893e-03
3.059023e-05	9.003004e-03	6.265416e-02	6.795560e-03
3.517876e-05	9.654646e-03	6.919147e-02	7.287427e-03
4.045558e-05	1.035345e-02	7.645512e-02	7.814894e-03
4.652391e-05	1.110284e-02	8.440427e-02	8.380541e-03
5.350250e-05	1.190647e-02	9.293511e-02	8.987129e-03
6.152788e-05	1.276827e-02	1.021633e-01	9.637622e-03
7.075706e-05	1.369244e-02	1.126764e-01	1.033520e-02
8.137062e-05	1.468351e-02	1.240904e-01	1.108326e-02
9.357621e-05	1.574631e-02	1.363770e-01	1.188548e-02
1.076126e-04	1.688604e-02	1.496369e-01	1.274575e-02
1.237545e-04	1.810826e-02	1.638018e-01	1.366830e-02
1.423177e-04	1.941894e-02	1.799463e-01	1.465762e-02
1.636654e-04	2.082450e-02	1.973013e-01	1.571854e-02
1.882152e-04	2.233178e-02	2.158377e-01	1.685626e-02
2.164475e-04	2.394817e-02	2.360560e-01	1.807633e-02
2.489146e-04	2.568155e-02	2.577502e-01	1.938470e-02
2.862518e-04	2.754040e-02	2.812614e-01	2.078777e-02
3.291895e-04	2.953378e-02	3.060587e-01	2.229240e-02
3.785680e-04	3.167145e-02	3.329487e-01	2.390594e-02
4.353531e-04	3.396385e-02	3.620653e-01	2.563627e-02
5.006561e-04	3.642217e-02	3.926651e-01	2.749183e-02
5.757545e-04	3.905843e-02	4.244154e-01	2.948170e-02
6.621177e-04	4.188550e-02	4.590601e-01	3.161561e-02
7.614354e-04	4.491719e-02	4.974454e-01	3.390396e-02
8.756507e-04	4.816832e-02	5.368969e-01	3.635795e-02
1.006998e-03	5.165477e-02	5.785391e-01	3.898955e-02
1.158048e-03	5.539357e-02	6.207719e-01	4.181164e-02
1.331755e-03	5.940299e-02	6.663255e-01	4.483799e-02
1.531519e-03	6.370261e-02	7.162411e-01	4.808339e-02
1.761246e-03	6.831344e-02	7.665749e-01	5.156369e-02
2.025433e-03	7.325800e-02	8.194408e-01	5.529589e-02
2.329248e-03	7.856045e-02	8.740933e-01	5.929824e-02
2.678635e-03	8.424670e-02	9.301437e-01	6.359028e-02
3.080431e-03	9.034452e-02	9.866927e-01	6.819298e-02
3.542495e-03	9.688370e-02	1.044090e+00	7.312882e-02
4.073870e-03	1.038962e-01	1.104386e+00	7.842192e-02
4.684950e-03	1.114163e-01	1.165160e+00	8.409814e-02
5.387693e-03	1.194806e-01	1.223056e+00	9.018521e-02
6.195847e-03	1.281287e-01	1.279018e+00	9.671286e-02
7.125224e-03	1.374027e-01	1.342043e+00	1.037130e-01
8.194007e-03	1.473480e-01	1.403130e+00	1.112198e-01
9.423108e-03	1.580131e-01	1.460171e+00	1.192699e-01
1.083657e-02	1.694502e-01	1.514681e+00	1.279028e-01
1.246206e-02	1.817151e-01	1.563993e+00	1.371297e-01
1.433137e-02	1.948677e-01	1.619525e+00	1.470632e-01
1.648108e-02	2.089724e-01	1.670800e+00	1.577398e-01
1.895324e-02	2.240979e-01	1.716131e+00	1.691546e-01
2.179622e-02	2.403182e-01	1.760132e+00	1.813986e-01
2.506566e-02	2.577126e-01	1.799334e+00	1.945281e-01
2.882550e-02	2.763660e-01	1.836202e+00	2.086078e-01
3.314933e-02	2.963695e-01	1.867160e+00	2.237067e-01
3.812173e-02	3.178208e-01	1.896194e+00	2.398984e-01
4.383999e-02	3.408249e-01	1.922661e+00	2.572620e-01
5.041599e-02	3.654940e-01	1.943208e+00	2.758826e-01
5.797838e-02	3.919486e-01	1.958779e+00	2.958509e-01
6.667514e-02	4.203181e-01	1.972498e+00	3.172644e-01
7.667641e-02	4.507409e-01	1.985367e+00	3.402278e-01
8.817787e-02	4.833658e-01	1.992057e+00	3.648533e-01
1.014046e-01	5.183520e-01	1.994347e+00	3.912614e-01
1.166152e-01	5.558706e-01	1.991104e+00	4.195809e-01
1.341075e-01	5.961049e-01	1.984474e+00	4.499500e-01
1.542237e-01	6.392512e-01	1.974981e+00	4.825173e-01
1.773572e-01	6.855206e-01	1.959373e+00	5.174419e-01
2.039608e-01	7.351389e-01	1.938823e+00	5.548945e-01
2.345549e-01	7.883487e-01	1.913268e+00	5.950577e-01
2.697381e-01	8.454098e-01	1.882674e+00	6.381279e-01
3.101989e-01	9.066010e-01	1.847243e+00	6.843155e-01
3.567287e-01	9.722212e-01	1.806837e+00	7.338465e-01
4.102380e-01	1.042591e+00	1.761447e+00	7.869626e-01
4.717737e-01	1.118054e+00	1.711685e+00	8.439230e-01
5.425397e-01	1.198980e+00	1.659511e+00	9.050061e-01
6.239207e-01	1.285763e+00	1.604481e+00	9.705106e-01
7.175088e-01	1.378827e+00	1.541590e+00	1.040757e+00
8.251351e-01	1.478627e+00	1.477358e+00	1.116087e+00
9.489054e-01	1.585651e+00	1.411935e+00	1.196867e+00
1.091241e+00	1.700421e+00	1.346483e+00	1.283504e+00
1.254927e+00	1.821987e+00	1.282688e+00	1.376390e+00
1.443166e+00	1.935933e+00	1.209799e+00	1.476531e+00
1.659641e+00	2.055786e+00	1.139874e+00	1.584990e+00
1.908588e+00	1.092787e+00	1.071784e+00	1.702470e+00
2.194876e+00	1.171909e+00	1.003460e+00	1.829855e+00
2.524107e+00	1.256759e+00	9.385568e-01	1.968124e+00
2.902723e+00	1.347750e+00	8.734033e-01	2.118411e+00
3.338132e+00	1.436550e+00	8.141662e-01	2.282039e+00
3.838852e+00	1.530438e+00	7.541532e-01	2.460580e+00
4.414679e+00	1.672176e+00	6.959453e-01	2.655918e+00
5.076881e+00	1.833292e+00	6.433953e-01	2.870355e+00
5.838413e+00	2.007442e+00	5.961122e-01	3.106733e+00
6.714175e+00	2.194840e+00	5.481342e-01	3.368620e+00
7.721302e+00	2.402720e+00	5.009230e-01	3.660539e+00
8.879497e+00	2.618669e+00	4.661543e-01	3.988288e+00
1.021142e+01	2.855857e+00	4.341179e-01	4.359345e+00
1.174313e+01	3.106519e+00	3.972762e-01	4.783403e+00
1.350460e+01	3.357114e+00	3.549081e-01	4.843569e+00
1.553030e+01	3.627539e+00	3.134285e-01	4.607045e+00
1.785984e+01	3.926595e+00	2.818808e-01	4.418806e+00
2.053882e+01	4.252345e+00	2.541687e-01	4.277696e+00
2.361964e+01	4.598623e+00	2.287844e-01	4.183106e+00
2.716258e+01	4.975806e+00	2.058718e-01	4.134906e+00
3.123697e+01	5.398500e+00	1.860095e-01	4.133379e+00
3.592252e+01	5.851201e+00	1.678642e-01	4.179034e+00
4.131089e+01	6.348211e+00	1.503310e-01	4.273000e+00
4.750753e+01	6.890678e+00	1.344449e-01	4.416602e+00
5.463366e+01	7.424799e+00	1.212699e-01	4.611704e+00
6.282871e+01	7.995182e+00	1.100931e-01	4.860888e+00
7.225301e+01	8.533918e+00	9.736892e-02	5.167720e+00
8.309096e+01	9.082611e+00	8.653392e-02	5.537070e+00
9.555461e+01	9.644295e+00	7.731569e-02	5.975453e+00
1.098878e+02	1.014369e+01	6.923312e-02	6.491372e+00
1.263710e+02	1.064201e+01	6.265634e-02	7.095766e+00
1.453266e+02	1.102031e+01	5.510642e-02	7.802458e+00
1.671256e+02	1.141888e+01	4.885775e-02	8.628672e+00
1.921945e+02	1.184897e+01	4.346747e-02	9.595791e+00
2.210236e+02	1.211901e+01	3.853842e-02	1.073007e+01
2.541772e+02	1.635657e+01	3.432026e-02	1.206373e+01
2.923037e+02	1.596768e+01	3.039516e-02	1.363569e+01
3.361493e+02	1.565020e+01	2.717346e-02	1.550340e+01
3.865717e+02	1.522709e+01	2.408208e-02	1.772149e+01
4.445574e+02	1.473863e+01	2.131696e-02	2.035992e+01
5.112411e+02	1.418809e+01	1.901074e-02	2.351194e+01
5.879272e+02	1.360739e+01	1.707831e-02	2.729415e+01
6.761163e+02	1.300994e+01	1.517755e-02	3.184599e+01
7.775337e+02	1.239463e+01	1.328585e-02	3.734862e+01
8.941638e+02	1.178832e+01	1.175285e-02	4.405096e+01
1.028288e+03	1.118789e+01	1.040784e-02	5.225074e+01
1.182532e+03	1.068025e+01	9.318749e-03	6.225791e+01
1.359911e+03	1.018112e+01	8.255770e-03	7.447343e+01
1.563898e+03	9.672183e+00	7.212340e-03	8.945732e+01
1.798483e+03	9.158753e+00	6.371035e-03	1.079237e+02
2.068255e+03	8.644786e+00	5.610762e-03	1.307850e+02
2.378493e+03	8.135475e+00	4.936788e-03	1.591957e+02
2.735268e+03	7.629546e+00	4.347740e-03	1.946338e+02
3.145558e+03	7.123047e+00	3.860608e-03	2.390362e+02
3.617391e+03	6.629507e+00	3.423114e-03	2.948722e+02
4.160000e+03	6.167242e+00	3.008764e-03	3.651977e+02
4.784000e+03	5.724287e+00	2.642715e-03	4.538632e+02
5.501600e+03	5.298084e+00	2.349860e-03	5.659252e+02
6.326840e+03	4.891739e+00	2.106395e-03	7.078586e+02
7.275866e+03	4.506918e+00	1.827682e-03	8.879281e+02
8.367246e+03	4.145521e+00	1.600721e-03	1.116661e+03
9.622333e+03	3.807098e+00	1.408124e-03	1.407421e+03
