# Energy_MeV	dEdx_Elec_MeV_um	dEdx_Nucl_MeV_um	Range_um
1.000000e-05	2.506915e-03	3.345710e-02	4.277621e-03
1.150000e-05	2.715906e-03	3.676900e-02	4.587237e-03
1.322500e-05	2.939757e-03	4.051400e-02	4.919264e-03
1.520875e-05	3.179568e-03	4.435599e-02	5.275323e-03
1.749006e-05	3.436516e-03	4.868661e-02	5.657153e-03
2.011357e-05	3.711861e-03	5.344710e-02	6.066621e-03
2.313061e-05	4.006953e-03	5.848002e-02	6.505726e-03
2.660020e-05	4.323237e-03	6.415375e-02	6.976614e-03
3.059023e-05	4.662260e-03	7.003313e-02	7.481585e-03
3.517876e-05	5.025682e-03	7.655495e-02	8.023106e-03
4.045558e-05	5.415279e-03	8.352764e-02	8.603823e-03
4.652391e-05	5.832957e-03	9.085338e-02	9.226572e-03
5.350250e-05	6.280757e-03	9.902324e-02	9.894397e-03
6.152788e-05	6.760869e-03	1.074716e-01	1.061056e-02
7.075706e-05	7.275639e-03	1.166357e-01	1.137856e-02
8.137062e-05	7.827583e-03	1.261928e-01	1.220214e-02
9.357621e-05	8.419398e-03	1.366302e-01	1.308534e-02
1.076126e-04	9.053975e-03	1.477093e-01	1.403246e-02
1.237545e-04	9.734417e-03	1.597295e-01	1.504814e-02
1.423177e-04	1.046405e-02	1.719143e-01	1.613733e-02
1.636654e-04	1.124643e-02	1.847491e-01	1.730536e-02
1.882152e-04	1.208539e-02	1.985044e-01	1.855793e-02
2.164475e-04	1.298502e-02	2.128481e-01	1.990117e-02
2.489146e-04	1.394972e-02	2.283401e-01	2.134162e-02
2.862518e-04	1.498421e-02	2.438404e-01	2.288634e-02
3.291895e-04	1.609353e-02	2.604372e-01	2.454287e-02
3.785680e-04	1.728311e-02	2.769036e-01	2.631929e-02
4.353531e-04	1.855876e-02	2.939142e-01	2.822430e-02
5.006561e-04	1.992671e-02	3.115382e-01	3.026719e-02
5.757545e-04	2.139364e-02	3.290199e-01	3.245794e-02
6.621177e-04	2.296672e-02	3.476893e-01	3.480726e-02
7.614354e-04	2.465364e-02	3.643485e-01	3.732663e-02
8.756507e-04	2.646263e-02	3.823111e-01	4.002835e-02
1.006998e-03	2.840254e-02	4.008055e-01	4.292563e-02
1.158048e-03	3.048284e-02	4.180044e-01	4.603261e-02
1.331755e-03	3.271369e-02	4.366914e-01	4.936447e-02
1.531519e-03	3.510600e-02	4.518359e-01	5.293750e-02
1.761246e-03	3.767144e-02	4.682277e-01	5.676914e-02
2.025433e-03	4.042256e-02	4.843349e-01	6.087812e-02
2.329248e-03	4.337279e-02	4.987636e-01	6.528451e-02
2.678635e-03	4.653655e-02	5.140327e-01	7.000984e-02
3.080431e-03	4.992928e-02	5.263672e-01	7.507719e-02
3.542495e-03	5.356758e-02	5.388709e-01	8.051132e-02
4.073870e-03	5.746921e-02	5.499468e-01	8.630133e-02
4.684950e-03	6.165322e-02	5.593222e-01	9.258528e-02
5.387693e-03	6.614007e-02	5.687112e-01	9.929154e-02
6.195847e-03	7.095168e-02	5.760759e-01	1.064789e-01
7.125224e-03	7.611154e-02	5.828017e-01	1.141854e-01
8.194007e-03	8.164486e-02	5.879224e-01	1.224501e-01
9.423108e-03	8.757869e-02	5.923765e-01	1.313128e-01
1.083657e-02	9.394200e-02	5.957118e-01	1.408172e-01
1.246206e-02	1.007659e-01	5.984188e-01	1.510095e-01
1.433137e-02	1.080837e-01	5.990041e-01	1.619394e-01
1.648108e-02	1.159311e-01	5.984887e-01	1.736605e-01
1.895324e-02	1.243466e-01	5.967747e-01	1.862299e-01
2.179622e-02	1.333712e-01	5.936932e-01	1.997092e-01
2.506566e-02	1.430489e-01	5.895525e-01	2.141641e-01
2.882550e-02	1.534272e-01	5.834662e-01	2.296653e-01
3.314933e-02	1.645566e-01	5.760799e-01	2.462883e-01
3.812173e-02	1.764915e-01	5.670739e-01	2.641146e-01
4.383999e-02	1.892904e-01	5.566849e-01	2.832313e-01
5.041599e-02	2.030156e-01	5.447028e-01	3.037316e-01
5.797838e-02	2.177342e-01	5.314288e-01	3.257156e-01
6.667514e-02	2.335182e-01	5.164918e-01	3.492908e-01
7.667641e-02	2.504446e-01	5.013760e-01	3.745725e-01
8.817787e-02	2.685962e-01	4.844372e-01	4.016842e-01
1.014046e-01	2.880616e-01	4.660689e-01	4.307581e-01
1.166152e-01	3.089359e-01	4.475030e-01	4.619364e-01
1.341075e-01	3.313211e-01	4.270629e-01	4.953713e-01
1.542237e-01	3.553266e-01	4.084880e-01	5.312265e-01
1.773572e-01	3.810696e-01	3.880505e-01	5.696769e-01
2.039608e-01	4.086758e-01	3.670217e-01	6.109102e-01
2.345549e-01	4.382803e-01	3.467260e-01	6.551278e-01
2.697381e-01	4.700275e-01	3.250534e-01	7.025461e-01
3.101989e-01	5.040725e-01	3.054866e-01	7.533984e-01
3.567287e-01	5.405818e-01	2.852720e-01	8.079187e-01
4.102380e-01	5.797353e-01	2.658703e-01	8.664734e-01
4.717737e-01	6.217242e-01	2.479641e-01	9.297968e-01
5.425397e-01	6.667521e-01	2.293948e-01	9.983738e-01
6.239207e-01	7.150392e-01	2.125927e-01	1.072697e+00
7.175088e-01	7.668214e-01	1.963365e-01	1.153319e+00
8.251351e-01	8.223517e-01	1.813443e-01	1.240882e+00
9.489054e-01	8.812999e-01	1.666460e-01	1.336125e+00
1.091241e+00	9.332147e-01	1.538523e-01	1.439922e+00
1.254927e+00	1.001295e+00	1.415706e-01	1.553311e+00
1.443166e+00	1.093160e+00	1.317485e-01	1.659228e+00
1.659641e+00	1.192398e+00	1.208627e-01	1.672636e+00
1.908588e+00	1.303317e+00	1.083440e-01	1.684383e+00
2.194876e+00	1.422162e+00	9.706570e-02	1.695230e+00
2.524107e+00	1.554208e+00	8.591172e-02	1.706122e+00
2.902723e+00	1.700160e+00	7.795426e-02	1.718139e+00
3.338132e+00	1.856494e+00	6.981669e-02	1.732741e+00
3.838852e+00	2.028621e+00	6.321782e-02	1.751529e+00
4.414679e+00	2.200198e+00	5.702638e-02	1.776385e+00
5.076881e+00	2.390604e+00	5.111985e-02	1.809475e+00
5.838413e+00	2.602593e+00	4.619505e-02	1.853259e+00
6.714175e+00	2.800484e+00	4.107550e-02	1.910504e+00
7.721302e+00	3.007172e+00	3.738107e-02	1.984288e+00
8.879497e+00	3.194099e+00	3.352698e-02	2.077981e+00
1.021142e+01	3.371386e+00	2.991427e-02	2.195259e+00
1.174313e+01	3.545216e+00	2.679279e-02	2.340129e+00
1.350460e+01	3.700863e+00	2.366285e-02	2.516944e+00
1.553030e+01	3.860158e+00	2.141749e-02	2.730512e+00
1.785984e+01	3.999199e+00	1.909190e-02	2.986271e+00
2.053882e+01	4.122691e+00	1.697313e-02	3.290546e+00
2.361964e+01	4.241951e+00	1.513179e-02	3.650898e+00
2.716258e+01	4.326842e+00	1.332127e-02	4.076551e+00
3.123697e+01	4.405007e+00	1.190442e-02	4.578924e+00
3.592252e+01	4.455709e+00	1.054172e-02	5.172256e+00
4.131089e+01	4.470710e+00	9.351524e-03	5.874354e+00
4.750753e+01	4.466637e+00	8.359861e-03	6.707534e+00
5.463366e+01	4.451462e+00	7.394511e-03	7.699758e+00
6.282871e+01	4.419095e+00	6.584725e-03	8.886043e+00
7.225301e+01	4.357350e+00	5.855219e-03	1.031075e+01
8.309096e+01	5.044369e+00	5.219258e-03	1.202751e+01
9.555461e+01	4.781651e+00	4.636791e-03	1.410988e+01
1.098878e+02	4.525710e+00	4.116930e-03	1.665117e+01
1.263710e+02	4.264310e+00	3.589503e-03	1.975321e+01
1.453266e+02	4.003265e+00	3.214466e-03	2.355690e+01
1.671256e+02	3.743271e+00	2.846592e-03	2.824387e+01
1.921945e+02	3.490798e+00	2.523304e-03	3.404267e+01
2.210236e+02	3.245584e+00	2.237302e-03	4.124236e+01
2.541772e+02	3.003104e+00	1.944013e-03	5.023359e+01
2.923037e+02	2.771290e+00	1.731443e-03	6.153646e+01
3.361493e+02	2.560876e+00	1.511622e-03	7.576377e+01
3.865717e+02	2.369484e+00	1.343086e-03	9.363293e+01
4.445574e+02	2.185634e+00	1.189291e-03	1.161340e+02
5.112411e+02	2.009219e+00	1.044901e-03	1.445750e+02
5.879272e+02	1.841400e+00	9.292749e-04	1.806470e+02
6.761163e+02	1.682727e+00	8.100525e-04	2.265310e+02
7.775337e+02	1.533870e+00	7.278222e-04	2.850258e+02
8.941638e+02	1.393522e+00	6.427129e-04	3.597810e+02
1.028288e+03	1.262734e+00	5.646925e-04	4.555639e+02
1.182532e+03	1.142676e+00	4.976249e-04	5.784115e+02
1.359911e+03	1.033997e+00	4.330411e-04	7.358570e+02
1.563898e+03	9.341321e-01	3.869647e-04	9.375982e+02
1.798483e+03	8.431928e-01	3.402838e-04	1.196227e+03
2.068255e+03	7.609631e-01	2.985148e-04	1.527741e+03
2.378493e+03	6.865697e-01	2.621677e-04	1.952503e+03
2.735268e+03	6.192651e-01	2.276945e-04	2.496306e+03
3.145558e+03	5.589292e-01	2.006029e-04	3.191709e+03
3.617391e+03	5.051648e-01	1.753452e-04	4.079704e+03
4.160000e+03	4.571439e-01	1.533904e-04	5.211635e+03
4.784000e+03	4.143553e-01	1.354188e-04	6.651509e+03
5.501600e+03	3.764897e-01	1.182693e-04	8.478722e+03
6.326840e+03	3.429909e-01	1.038094e-04	1.079118e+04
7.275866e+03	3.133571e-01	9.126244e-05	1.370881e+04
8.367246e+03	2.873190e-01	8.020620e-05	1.737748e+04
9.622333e+03	2.645183e-01	7.033947e-05	2.197316e+04
