# Energy_MeV	dEdx_Elec_MeV_um	dEdx_Nucl_MeV_um	Range_um
1.000000e-05	5.384969e-03	3.321388e-02	3.714042e-03
1.150000e-05	5.774736e-03	3.677290e-02	3.982866e-03
1.322500e-05	6.192714e-03	4.059213e-02	4.271148e-03
1.520875e-05	6.640946e-03	4.487088e-02	4.580296e-03
1.749006e-05	7.121621e-03	4.952020e-02	4.911820e-03
2.011357e-05	7.637088e-03	5.459159e-02	5.267341e-03
2.313061e-05	8.189865e-03	6.009175e-02	5.648593e-03
2.660020e-05	8.782651e-03	6.613898e-02	6.057442e-03
3.059023e-05	9.418344e-03	7.285889e-02	6.495882e-03
3.517876e-05	1.010005e-02	8.020820e-02	6.966058e-03
4.045558e-05	1.083110e-02	8.803540e-02	7.470265e-03
4.652391e-05	1.161506e-02	9.654333e-02	8.010966e-03
5.350250e-05	1.245576e-02	1.058298e-01	8.590804e-03
6.152788e-05	1.335731e-02	1.160739e-01	9.212611e-03
7.075706e-05	1.432412e-02	1.272174e-01	9.879425e-03
8.137062e-05	1.536091e-02	1.390907e-01	1.059450e-02
9.357621e-05	1.647274e-02	1.521470e-01	1.136134e-02
1.076126e-04	1.766505e-02	1.659292e-01	1.218368e-02
1.237545e-04	1.894365e-02	1.807385e-01	1.306554e-02
1.423177e-04	2.031481e-02	1.967605e-01	1.401123e-02
1.636654e-04	2.178520e-02	2.139071e-01	1.502537e-02
1.882152e-04	2.336203e-02	2.326521e-01	1.611292e-02
2.164475e-04	2.505298e-02	2.515603e-01	1.727918e-02
2.489146e-04	2.686633e-02	2.720563e-01	1.852985e-02
2.862518e-04	2.881093e-02	2.949733e-01	1.987105e-02
3.291895e-04	3.089628e-02	3.185510e-01	2.130933e-02
3.785680e-04	3.313257e-02	3.439360e-01	2.285171e-02
4.353531e-04	3.553072e-02	3.693163e-01	2.450573e-02
5.006561e-04	3.810246e-02	3.963906e-01	2.627947e-02
5.757545e-04	4.086033e-02	4.264233e-01	2.818159e-02
6.621177e-04	4.381782e-02	4.567911e-01	3.022139e-02
7.614354e-04	4.698938e-02	4.890175e-01	3.240883e-02
8.756507e-04	5.039050e-02	5.216198e-01	3.475460e-02
1.006998e-03	5.403779e-02	5.556719e-01	3.727015e-02
1.158048e-03	5.794907e-02	5.912057e-01	3.996778e-02
1.331755e-03	3.107231e-02	6.257173e-01	4.286067e-02
1.531519e-03	3.334819e-02	6.626278e-01	4.596295e-02
1.761246e-03	3.578878e-02	6.992241e-01	4.928978e-02
2.025433e-03	3.840600e-02	7.355010e-01	5.285740e-02
2.329248e-03	4.121264e-02	7.712253e-01	5.668324e-02
2.678635e-03	4.422241e-02	8.074778e-01	6.078600e-02
3.080431e-03	4.745002e-02	8.450427e-01	6.518573e-02
3.542495e-03	5.091122e-02	8.823313e-01	6.990391e-02
4.073870e-03	5.462294e-02	9.161493e-01	7.496359e-02
4.684950e-03	5.860329e-02	9.489994e-01	8.038949e-02
5.387693e-03	6.287174e-02	9.809418e-01	8.620813e-02
6.195847e-03	6.744913e-02	1.012999e+00	9.244792e-02
7.125224e-03	7.235782e-02	1.043741e+00	9.909150e-02
8.194007e-03	7.762180e-02	1.070826e+00	1.063082e-01
9.423108e-03	8.326677e-02	1.097641e+00	1.140128e-01
1.083657e-02	8.932033e-02	1.120349e+00	1.222654e-01
1.246206e-02	9.581203e-02	1.140924e+00	1.311145e-01
1.433137e-02	1.027736e-01	1.159931e+00	1.406045e-01
1.648108e-02	1.102391e-01	1.176585e+00	1.507813e-01
1.895324e-02	1.182448e-01	1.192264e+00	1.616947e-01
2.179622e-02	1.268301e-01	1.202748e+00	1.733981e-01
2.506566e-02	1.360368e-01	1.211835e+00	1.859486e-01
2.882550e-02	1.459098e-01	1.220752e+00	1.994074e-01
3.314933e-02	1.564974e-01	1.226262e+00	2.138404e-01
3.812173e-02	1.678514e-01	1.229462e+00	2.293181e-01
4.383999e-02	1.800272e-01	1.228709e+00	2.459161e-01
5.041599e-02	1.930842e-01	1.225673e+00	2.637154e-01
5.797838e-02	2.070864e-01	1.221087e+00	2.828030e-01
6.667514e-02	2.221020e-01	1.213166e+00	3.032722e-01
7.667641e-02	2.382044e-01	1.202118e+00	3.252231e-01
8.817787e-02	2.554724e-01	1.187795e+00	3.487628e-01
1.014046e-01	2.739902e-01	1.170495e+00	3.740062e-01
1.166152e-01	2.938483e-01	1.150182e+00	4.010766e-01
1.341075e-01	3.151438e-01	1.126844e+00	4.301066e-01
1.542237e-01	3.379807e-01	1.100254e+00	4.612378e-01
1.773572e-01	3.624705e-01	1.071103e+00	4.946223e-01
2.039608e-01	3.887328e-01	1.039943e+00	5.304231e-01
2.345549e-01	4.168961e-01	1.006620e+00	5.688150e-01
2.697381e-01	4.470978e-01	9.704449e-01	6.099860e-01
3.101989e-01	4.794856e-01	9.318449e-01	6.541371e-01
3.567287e-01	5.142176e-01	8.913063e-01	7.014837e-01
4.102380e-01	5.514635e-01	8.515487e-01	7.522570e-01
4.717737e-01	5.914053e-01	8.109695e-01	8.067056e-01
5.425397e-01	6.342381e-01	7.690429e-01	8.650964e-01
6.239207e-01	6.801711e-01	7.259464e-01	9.277027e-01
7.175088e-01	7.294304e-01	6.824249e-01	9.949196e-01
8.251351e-01	7.822569e-01	6.410882e-01	1.067586e+00
9.489054e-01	8.389069e-01	5.984900e-01	1.146284e+00
1.091241e+00	8.996572e-01	5.592063e-01	1.231570e+00
1.254927e+00	9.648047e-01	5.214968e-01	1.324078e+00
1.443166e+00	1.034668e+00	4.840213e-01	1.424542e+00
1.659641e+00	1.109588e+00	4.483158e-01	1.533807e+00
1.908588e+00	1.179013e+00	4.121390e-01	1.652870e+00
2.194876e+00	1.267620e+00	3.824618e-01	1.782915e+00
2.524107e+00	1.388336e+00	3.531792e-01	1.925374e+00
2.902723e+00	1.518127e+00	3.223815e-01	2.082005e+00
3.338132e+00	1.662334e+00	2.978869e-01	2.254995e+00
3.838852e+00	1.811198e+00	2.778244e-01	2.447097e+00
4.414679e+00	1.975166e+00	2.566328e-01	2.661820e+00
5.076881e+00	2.151943e+00	2.322625e-01	2.591693e+00
5.838413e+00	2.339659e+00	2.053941e-01	2.529451e+00
6.714175e+00	2.547506e+00	1.831913e-01	2.476973e+00
7.721302e+00	2.763405e+00	1.649891e-01	2.436162e+00
8.879497e+00	3.008874e+00	1.489539e-01	2.409031e+00
1.021142e+01	3.287555e+00	1.343802e-01	2.397720e+00
1.174313e+01	3.588882e+00	1.206787e-01	2.404401e+00
1.350460e+01	3.924224e+00	1.090460e-01	2.431596e+00
1.553030e+01	4.274521e+00	9.796071e-02	2.481790e+00
1.785984e+01	4.636742e+00	8.778837e-02	2.557613e+00
2.053882e+01	5.012033e+00	7.916582e-02	2.661811e+00
2.361964e+01	5.378961e+00	7.138917e-02	2.797281e+00
2.716258e+01	5.767616e+00	6.407014e-02	2.967150e+00
3.123697e+01	6.127999e+00	5.705002e-02	3.174921e+00
3.592252e+01	6.479427e+00	5.059404e-02	3.424655e+00
4.131089e+01	6.832923e+00	4.543189e-02	3.721289e+00
4.750753e+01	7.142049e+00	4.071782e-02	4.070916e+00
5.463366e+01	7.456008e+00	3.636736e-02	4.481146e+00
6.282871e+01	7.724637e+00	3.226470e-02	4.961515e+00
7.225301e+01	7.929299e+00	2.851023e-02	5.523934e+00
8.309096e+01	8.098843e+00	2.541296e-02	6.183261e+00
9.555461e+01	8.256822e+00	2.241320e-02	6.957934e+00
1.098878e+02	8.393322e+00	1.996780e-02	7.870773e+00
1.263710e+02	8.455461e+00	1.782544e-02	8.950359e+00
1.453266e+02	1.057911e+01	1.582870e-02	1.023043e+01
1.671256e+02	1.022180e+01	1.407335e-02	1.175725e+01
1.921945e+02	9.857536e+00	1.238978e-02	1.358992e+01
2.210236e+02	9.451303e+00	1.113040e-02	1.578784e+01
2.541772e+02	9.026137e+00	9.960836e-03	1.843484e+01
2.923037e+02	8.581520e+00	8.753085e-03	2.163807e+01
3.361493e+02	8.136523e+00	7.706832e-03	2.553023e+01
3.865717e+02	7.689619e+00	6.808753e-03	3.027574e+01
4.445574e+02	7.241805e+00	6.078904e-03	3.609632e+01
5.112411e+02	6.804470e+00	5.427377e-03	4.328730e+01
5.879272e+02	6.400979e+00	4.760494e-03	5.218675e+01
6.761163e+02	6.035834e+00	4.177155e-03	6.317395e+01
7.775337e+02	5.675493e+00	3.687518e-03	7.677806e+01
8.941638e+02	5.317630e+00	3.250415e-03	9.370130e+01
1.028288e+03	4.966219e+00	2.874704e-03	1.148455e+02
1.182532e+03	4.622672e+00	2.529631e-03	1.413676e+02
1.359911e+03	4.290270e+00	2.242212e-03	1.747450e+02
1.563898e+03	3.965392e+00	1.980616e-03	2.168992e+02
1.798483e+03	3.651137e+00	1.740481e-03	2.703441e+02
2.068255e+03	3.354602e+00	1.548140e-03	3.382594e+02
2.378493e+03	3.081043e+00	1.375954e-03	4.246035e+02
2.735268e+03	2.823201e+00	1.214904e-03	5.344757e+02
3.145558e+03	2.581297e+00	1.064861e-03	6.745357e+02
3.617391e+03	2.354621e+00	9.292877e-04	8.532652e+02
4.160000e+03	2.144453e+00	8.240897e-04	1.081497e+03
4.784000e+03	1.952003e+00	7.292580e-04	1.372994e+03
5.501600e+03	1.775559e+00	6.418650e-04	1.745181e+03
6.326840e+03	1.614339e+00	5.616230e-04	2.220051e+03
7.275866e+03	1.468995e+00	4.891263e-04	2.825208e+03
8.367246e+03	1.338441e+00	4.303422e-04	3.595121e+03
9.622333e+03	1.220853e+00	3.742314e-04	4.572583e+03
