# Energy_MeV	dEdx_Elec_MeV_um	dEdx_Nucl_MeV_um	Range_um
1.000000e-05	5.321976e-03	2.831417e-02	3.758003e-03
1.150000e-05	5.707183e-03	3.137779e-02	4.030009e-03
1.322500e-05	6.120272e-03	3.485460e-02	4.321703e-03
1.520875e-05	6.563261e-03	3.868915e-02	4.634510e-03
1.749006e-05	7.038313e-03	4.287630e-02	4.969959e-03
2.011357e-05	7.547750e-03	4.750301e-02	5.329687e-03
2.313061e-05	8.094060e-03	5.259272e-02	5.715452e-03
2.660020e-05	8.679912e-03	5.819785e-02	6.129140e-03
3.059023e-05	9.308169e-03	6.428534e-02	6.572770e-03
3.517876e-05	9.981899e-03	7.100903e-02	7.048511e-03
4.045558e-05	1.070439e-02	7.843250e-02	7.558686e-03
4.652391e-05	1.147918e-02	8.653480e-02	8.105788e-03
5.350250e-05	1.231005e-02	9.518028e-02	8.692489e-03
6.152788e-05	1.320106e-02	1.047074e-01	9.321656e-03
7.075706e-05	1.415656e-02	1.154935e-01	9.996362e-03
8.137062e-05	1.518122e-02	1.270401e-01	1.071990e-02
9.357621e-05	1.628005e-02	1.396249e-01	1.149582e-02
1.076126e-04	1.745840e-02	1.529901e-01	1.232789e-02
1.237545e-04	1.872205e-02	1.676204e-01	1.322019e-02
1.423177e-04	2.007716e-02	1.841008e-01	1.417707e-02
1.636654e-04	2.153036e-02	2.016003e-01	1.520322e-02
1.882152e-04	2.308874e-02	2.206185e-01	1.630363e-02
2.164475e-04	2.475991e-02	2.411388e-01	1.748370e-02
2.489146e-04	2.655205e-02	2.631629e-01	1.874918e-02
2.862518e-04	2.847390e-02	2.868236e-01	2.010625e-02
3.291895e-04	3.053486e-02	3.119982e-01	2.156156e-02
3.785680e-04	3.274499e-02	3.395291e-01	2.312219e-02
4.353531e-04	3.511509e-02	3.689764e-01	2.479579e-02
5.006561e-04	3.765674e-02	3.995601e-01	2.659052e-02
5.757545e-04	4.038235e-02	4.316796e-01	2.851516e-02
6.621177e-04	4.330525e-02	4.677841e-01	3.057910e-02
7.614354e-04	4.643970e-02	5.060838e-01	3.279243e-02
8.756507e-04	4.980103e-02	5.458143e-01	3.516597e-02
1.006998e-03	5.340566e-02	5.871707e-01	3.771130e-02
1.158048e-03	5.727119e-02	6.295233e-01	4.044086e-02
1.331755e-03	6.141651e-02	6.769965e-01	4.336799e-02
1.531519e-03	6.586187e-02	7.264381e-01	4.650699e-02
1.761246e-03	7.062898e-02	7.768015e-01	4.987319e-02
2.025433e-03	7.574114e-02	8.296691e-01	5.348304e-02
2.329248e-03	8.122333e-02	8.841999e-01	5.735417e-02
2.678635e-03	8.710232e-02	9.403994e-01	6.150549e-02
3.080431e-03	9.340683e-02	9.960748e-01	6.595729e-02
3.542495e-03	1.001677e-01	1.053878e+00	7.073132e-02
4.073870e-03	1.074179e-01	1.113597e+00	7.585089e-02
4.684950e-03	1.151928e-01	1.172751e+00	8.134101e-02
5.387693e-03	1.235305e-01	1.228652e+00	8.722852e-02
6.195847e-03	1.324717e-01	1.285765e+00	9.354217e-02
7.125224e-03	1.420601e-01	1.348125e+00	1.003128e-01
8.194007e-03	1.523425e-01	1.406342e+00	1.075735e-01
9.423108e-03	1.633691e-01	1.462789e+00	1.153597e-01
1.083657e-02	1.751939e-01	1.514040e+00	1.237095e-01
1.246206e-02	1.878745e-01	1.564363e+00	1.326083e-01
1.433137e-02	2.014730e-01	1.618217e+00	1.422631e-01
1.648108e-02	2.160557e-01	1.666074e+00	1.525661e-01
1.895324e-02	2.316939e-01	1.711058e+00	1.636099e-01
2.179622e-02	2.484640e-01	1.752923e+00	1.754513e-01
2.506566e-02	2.664480e-01	1.790558e+00	1.881504e-01
2.882550e-02	2.857336e-01	1.824332e+00	2.017685e-01
3.314933e-02	3.064152e-01	1.853965e+00	2.163724e-01
3.812173e-02	3.285937e-01	1.882088e+00	2.320333e-01
4.383999e-02	3.523775e-01	1.906470e+00	2.488278e-01
5.041599e-02	3.778827e-01	1.924922e+00	2.668377e-01
5.797838e-02	4.052341e-01	1.938810e+00	2.861512e-01
6.667514e-02	4.345651e-01	1.953108e+00	3.068628e-01
7.667641e-02	4.660192e-01	1.963559e+00	3.290735e-01
8.817787e-02	4.997499e-01	1.968131e+00	3.528917e-01
1.014046e-01	5.359221e-01	1.968386e+00	3.784339e-01
1.166152e-01	5.747124e-01	1.963276e+00	4.058248e-01
1.341075e-01	6.163104e-01	1.956367e+00	4.351985e-01
1.542237e-01	6.609192e-01	1.944754e+00	4.666982e-01
1.773572e-01	7.087569e-01	1.927095e+00	5.004777e-01
2.039608e-01	7.600571e-01	1.904979e+00	5.367021e-01
2.345549e-01	8.150705e-01	1.877711e+00	5.755487e-01
2.697381e-01	8.740657e-01	1.845653e+00	6.172071e-01
3.101989e-01	9.373310e-01	1.808827e+00	6.618806e-01
3.567287e-01	1.005176e+00	1.766835e+00	7.097875e-01
4.102380e-01	1.077931e+00	1.720424e+00	7.611619e-01
4.717737e-01	1.155952e+00	1.670298e+00	8.162551e-01
5.425397e-01	1.239620e+00	1.617988e+00	8.753360e-01
6.239207e-01	1.329345e+00	1.560995e+00	9.386929e-01
7.175088e-01	1.425563e+00	1.498067e+00	1.006635e+00
8.251351e-01	1.528746e+00	1.434567e+00	1.079496e+00
9.489054e-01	1.639398e+00	1.369177e+00	1.157633e+00
1.091241e+00	1.758058e+00	1.305702e+00	1.241405e+00
1.254927e+00	1.875601e+00	1.239649e+00	1.331384e+00
1.443166e+00	1.992372e+00	1.168376e+00	1.428699e+00
1.659641e+00	2.115008e+00	1.100413e+00	1.534087e+00
1.908588e+00	1.129818e+00	1.032597e+00	1.648308e+00
2.194876e+00	1.211623e+00	9.659457e-01	1.772211e+00
2.524107e+00	1.299349e+00	9.017538e-01	1.906782e+00
2.902723e+00	1.392415e+00	8.404070e-01	2.053162e+00
3.338132e+00	1.479683e+00	7.818165e-01	2.212693e+00
3.838852e+00	1.594438e+00	7.228546e-01	2.386974e+00
4.414679e+00	1.748159e+00	6.663373e-01	2.577940e+00
5.076881e+00	1.913307e+00	6.163468e-01	2.787968e+00
5.838413e+00	2.097133e+00	5.709488e-01	3.020019e+00
6.714175e+00	2.290358e+00	5.209491e-01	3.277826e+00
7.721302e+00	2.501985e+00	4.789120e-01	3.566144e+00
8.879497e+00	2.732751e+00	4.484829e-01	3.891094e+00
1.021142e+01	2.971041e+00	4.150967e-01	4.260589e+00
1.174313e+01	3.229721e+00	3.767025e-01	4.665424e+00
1.350460e+01	3.481680e+00	3.325492e-01	4.419914e+00
1.553030e+01	3.764965e+00	2.952748e-01	4.220361e+00
1.785984e+01	4.084638e+00	2.672169e-01	4.065394e+00
2.053882e+01	4.411473e+00	2.407117e-01	3.954185e+00
2.361964e+01	4.775301e+00	2.171049e-01	3.886388e+00
2.716258e+01	5.171868e+00	1.950246e-01	3.862072e+00
3.123697e+01	5.606538e+00	1.762278e-01	3.881589e+00
3.592252e+01	6.090450e+00	1.586322e-01	3.945739e+00
4.131089e+01	6.597506e+00	1.419333e-01	4.055611e+00
4.750753e+01	7.146208e+00	1.276549e-01	4.212680e+00
5.463366e+01	7.697236e+00	1.155627e-01	4.418981e+00
6.282871e+01	8.242768e+00	1.040319e-01	4.677336e+00
7.225301e+01	8.818645e+00	9.206428e-02	4.991624e+00
8.309096e+01	9.340747e+00	8.205637e-02	5.367090e+00
9.555461e+01	9.884299e+00	7.325464e-02	5.810687e+00
1.098878e+02	1.039736e+01	6.594298e-02	6.331372e+00
1.263710e+02	1.081587e+01	5.908907e-02	6.940643e+00
1.453266e+02	1.121677e+01	5.207487e-02	7.652866e+00
1.671256e+02	1.161654e+01	4.626177e-02	8.485916e+00
1.921945e+02	1.198118e+01	4.106910e-02	9.461807e+00
2.210236e+02	1.225381e+01	3.639867e-02	1.060807e+01
2.541772e+02	1.614096e+01	3.232641e-02	1.195633e+01
2.923037e+02	1.582609e+01	2.880359e-02	1.355172e+01
3.361493e+02	1.545942e+01	2.569545e-02	1.544920e+01
3.865717e+02	1.499788e+01	2.274817e-02	1.770199e+01
4.445574e+02	1.448057e+01	2.010629e-02	2.038721e+01
5.112411e+02	1.391268e+01	1.796557e-02	2.360241e+01
5.879272e+02	1.332790e+01	1.616481e-02	2.746610e+01
6.761163e+02	1.271888e+01	1.418397e-02	3.212397e+01
7.775337e+02	1.210552e+01	1.244956e-02	3.777415e+01
8.941638e+02	1.149944e+01	1.104377e-02	4.467684e+01
1.028288e+03	1.094522e+01	9.809850e-03	5.311656e+01
1.182532e+03	1.044384e+01	8.810848e-03	6.340705e+01
1.359911e+03	9.939214e+00	7.703077e-03	7.599652e+01
1.563898e+03	9.426325e+00	6.748572e-03	9.147436e+01
1.798483e+03	8.913328e+00	5.979268e-03	1.105918e+02
2.068255e+03	8.400875e+00	5.260721e-03	1.343042e+02
2.378493e+03	7.895259e+00	4.650911e-03	1.638228e+02
2.735268e+03	7.387391e+00	4.088695e-03	2.007196e+02
3.145558e+03	6.885451e+00	3.631985e-03	2.470403e+02
3.617391e+03	6.405099e+00	3.208367e-03	3.053472e+02
4.160000e+03	5.954062e+00	2.817405e-03	3.788112e+02
4.784000e+03	5.518680e+00	2.497993e-03	4.715299e+02
5.501600e+03	5.101620e+00	2.230781e-03	5.888473e+02
6.326840e+03	4.705414e+00	1.977056e-03	7.375615e+02
7.275866e+03	4.331697e+00	1.719454e-03	9.263561e+02
8.367246e+03	3.981218e+00	1.509815e-03	1.166271e+03
9.622333e+03	3.653813e+00	1.329458e-03	1.471299e+03
