# Energy_MeV	dEdx_Elec_MeV_um	dEdx_Nucl_MeV_um	Range_um
1.000000e-05	2.285801e-03	3.303785e-02	4.875109e-03
1.150000e-05	2.472503e-03	3.636915e-02	5.227972e-03
1.322500e-05	2.672545e-03	3.995348e-02	5.606376e-03
1.520875e-05	2.886906e-03	4.379914e-02	6.012168e-03
1.749006e-05	3.116636e-03	4.804532e-02	6.447332e-03
2.011357e-05	3.362862e-03	5.267657e-02	6.913993e-03
2.313061e-05	3.626789e-03	5.774588e-02	7.414432e-03
2.660020e-05	3.909706e-03	6.317222e-02	7.951092e-03
3.059023e-05	4.212999e-03	6.907952e-02	8.526597e-03
3.517876e-05	4.538151e-03	7.536841e-02	9.143756e-03
4.045558e-05	4.886750e-03	8.216618e-02	9.805586e-03
4.652391e-05	5.260501e-03	8.945298e-02	1.051532e-02
5.350250e-05	5.661231e-03	9.725997e-02	1.127642e-02
6.152788e-05	6.090899e-03	1.057689e-01	1.209262e-02
7.075706e-05	6.551603e-03	1.144167e-01	1.296789e-02
8.137062e-05	7.045595e-03	1.239151e-01	1.390651e-02
9.357621e-05	7.575290e-03	1.342187e-01	1.491307e-02
1.076126e-04	8.143274e-03	1.448730e-01	1.599249e-02
1.237545e-04	8.752323e-03	1.566968e-01	1.715003e-02
1.423177e-04	9.405413e-03	1.681761e-01	1.839136e-02
1.636654e-04	1.010574e-02	1.808373e-01	1.972254e-02
1.882152e-04	1.085671e-02	1.943852e-01	2.115006e-02
2.164475e-04	1.166201e-02	2.080714e-01	2.268092e-02
2.489146e-04	1.252556e-02	2.231850e-01	2.432257e-02
2.862518e-04	1.345159e-02	2.379146e-01	2.608305e-02
3.291895e-04	1.444462e-02	2.538608e-01	2.797096e-02
3.785680e-04	1.550950e-02	2.700133e-01	2.999551e-02
4.353531e-04	1.665143e-02	2.858663e-01	3.216660e-02
5.006561e-04	1.787599e-02	3.030820e-01	3.449484e-02
5.757545e-04	1.918917e-02	3.196159e-01	3.699159e-02
6.621177e-04	2.059738e-02	3.368790e-01	3.966906e-02
7.614354e-04	2.210750e-02	3.531638e-01	4.254033e-02
8.756507e-04	2.372690e-02	3.701379e-01	4.561942e-02
1.006998e-03	2.546351e-02	3.872623e-01	4.892138e-02
1.158048e-03	2.732579e-02	4.046059e-01	5.246234e-02
1.331755e-03	2.932286e-02	4.206213e-01	5.625959e-02
1.531519e-03	3.146446e-02	4.357953e-01	6.033169e-02
1.761246e-03	3.376106e-02	4.508940e-01	6.469853e-02
2.025433e-03	3.622388e-02	4.655465e-01	6.938144e-02
2.329248e-03	3.886495e-02	4.801037e-01	7.440331e-02
2.678635e-03	4.169718e-02	4.929238e-01	7.978866e-02
3.080431e-03	4.473439e-02	5.053625e-01	8.556380e-02
3.542495e-03	4.799143e-02	5.161177e-01	9.175696e-02
4.073870e-03	5.148421e-02	5.261528e-01	9.839837e-02
4.684950e-03	5.522979e-02	5.351506e-01	1.055203e-01
5.387693e-03	5.924647e-02	5.429558e-01	1.131621e-01
6.195847e-03	6.355387e-02	5.503879e-01	1.213505e-01
7.125224e-03	6.817305e-02	5.554922e-01	1.301350e-01
8.194007e-03	7.312655e-02	5.602671e-01	1.395537e-01
9.423108e-03	7.843859e-02	5.643474e-01	1.496545e-01
1.083657e-02	8.413511e-02	5.668420e-01	1.604864e-01
1.246206e-02	9.024394e-02	5.689989e-01	1.721023e-01
1.433137e-02	9.679493e-02	5.687279e-01	1.845589e-01
1.648108e-02	1.038201e-01	5.678760e-01	1.979171e-01
1.895324e-02	1.113537e-01	5.659042e-01	2.122423e-01
2.179622e-02	1.194326e-01	5.623022e-01	2.276043e-01
2.506566e-02	1.280963e-01	5.577620e-01	2.440783e-01
2.882550e-02	1.373870e-01	5.513359e-01	2.617445e-01
3.314933e-02	1.473503e-01	5.437346e-01	2.806894e-01
3.812173e-02	1.580346e-01	5.346032e-01	3.010057e-01
4.383999e-02	1.694923e-01	5.241408e-01	3.227926e-01
5.041599e-02	1.817793e-01	5.121150e-01	3.461562e-01
5.797838e-02	1.949557e-01	4.990182e-01	3.712109e-01
6.667514e-02	2.090857e-01	4.847013e-01	3.980791e-01
7.667641e-02	2.242385e-01	4.695580e-01	4.268922e-01
8.817787e-02	2.404881e-01	4.530294e-01	4.577907e-01
1.014046e-01	2.579138e-01	4.355245e-01	4.909256e-01
1.166152e-01	2.766007e-01	4.168157e-01	5.264587e-01
1.341075e-01	2.966403e-01	3.984576e-01	5.645639e-01
1.542237e-01	3.181303e-01	3.797332e-01	6.054272e-01
1.773572e-01	3.411758e-01	3.603712e-01	6.492482e-01
2.039608e-01	3.658894e-01	3.407634e-01	6.962408e-01
2.345549e-01	3.923917e-01	3.203007e-01	7.466347e-01
2.697381e-01	4.208122e-01	3.012046e-01	8.006766e-01
3.101989e-01	4.512899e-01	2.814825e-01	8.586288e-01
3.567287e-01	4.839735e-01	2.633100e-01	9.207825e-01
4.102380e-01	5.190228e-01	2.453737e-01	9.874070e-01
4.717737e-01	5.566110e-01	2.277850e-01	1.059097e+00
5.425397e-01	5.969202e-01	2.114041e-01	1.136714e+00
6.239207e-01	6.401470e-01	1.944646e-01	1.220770e+00
7.175088e-01	6.865026e-01	1.806722e-01	1.311893e+00
8.251351e-01	7.362134e-01	1.663555e-01	1.410771e+00
9.489054e-01	7.895225e-01	1.520865e-01	1.518204e+00
1.091241e+00	8.426418e-01	1.412935e-01	1.635119e+00
1.254927e+00	8.934811e-01	1.305247e-01	1.762614e+00
1.443166e+00	9.661203e-01	1.209968e-01	1.891461e+00
1.659641e+00	1.056396e+00	1.100399e-01	1.916797e+00
1.908588e+00	1.153195e+00	9.761573e-02	1.939853e+00
2.194876e+00	1.261192e+00	8.781715e-02	1.961305e+00
2.524107e+00	1.379809e+00	7.806258e-02	1.982001e+00
2.902723e+00	1.508788e+00	7.089486e-02	2.003092e+00
3.338132e+00	1.653031e+00	6.368522e-02	2.026003e+00
3.838852e+00	1.805438e+00	5.728298e-02	2.052434e+00
4.414679e+00	1.965676e+00	5.188134e-02	2.084413e+00
5.076881e+00	2.130081e+00	4.640486e-02	2.124325e+00
5.838413e+00	2.307765e+00	4.187984e-02	2.174935e+00
6.714175e+00	2.501088e+00	3.754729e-02	2.239411e+00
7.721302e+00	2.676204e+00	3.387591e-02	2.321328e+00
8.879497e+00	2.848350e+00	3.041600e-02	2.424661e+00
1.021142e+01	3.015749e+00	2.719799e-02	2.553826e+00
1.174313e+01	3.156960e+00	2.404687e-02	2.713660e+00
1.350460e+01	3.301922e+00	2.160074e-02	2.909443e+00
1.553030e+01	3.435041e+00	1.933389e-02	3.146991e+00
1.785984e+01	3.559109e+00	1.728480e-02	3.432789e+00
2.053882e+01	3.677788e+00	1.540409e-02	3.774276e+00
2.361964e+01	3.766384e+00	1.354511e-02	4.180183e+00
2.716258e+01	3.851719e+00	1.210443e-02	4.661029e+00
3.123697e+01	3.915259e+00	1.067513e-02	5.229732e+00
3.592252e+01	3.958596e+00	9.533734e-03	5.902329e+00
4.131089e+01	3.989099e+00	8.479879e-03	6.698867e+00
4.750753e+01	3.973593e+00	7.513509e-03	7.644475e+00
5.463366e+01	3.951805e+00	6.709937e-03	8.770695e+00
6.282871e+01	3.921087e+00	5.893009e-03	1.011719e+01
7.225301e+01	3.866140e+00	5.313707e-03	1.173367e+01
8.309096e+01	3.792768e+00	4.724129e-03	1.368332e+01
9.555461e+01	4.269883e+00	4.167490e-03	1.604275e+01
1.098878e+02	4.038403e+00	3.704421e-03	1.892085e+01
1.263710e+02	3.806007e+00	3.233534e-03	2.244422e+01
1.453266e+02	3.573435e+00	2.909498e-03	2.676369e+01
1.671256e+02	3.340646e+00	2.575657e-03	3.208425e+01
1.921945e+02	3.112505e+00	2.268341e-03	3.866985e+01
2.210236e+02	2.892533e+00	2.010201e-03	4.685052e+01
2.541772e+02	2.677806e+00	1.752970e-03	5.705201e+01
2.923037e+02	2.468895e+00	1.558723e-03	6.985519e+01
3.361493e+02	2.269815e+00	1.369503e-03	8.601204e+01
3.865717e+02	2.094290e+00	1.206099e-03	1.063893e+02
4.445574e+02	1.930634e+00	1.073175e-03	1.320556e+02
5.112411e+02	1.773940e+00	9.421793e-04	1.644890e+02
5.879272e+02	1.624636e+00	8.354809e-04	2.056145e+02
6.761163e+02	1.483554e+00	7.372809e-04	2.579246e+02
7.775337e+02	1.351232e+00	6.545022e-04	3.246240e+02
8.941638e+02	1.227761e+00	5.790376e-04	4.098368e+02
1.028288e+03	1.111828e+00	5.101972e-04	5.189636e+02
1.182532e+03	1.004849e+00	4.424756e-04	6.590005e+02
1.359911e+03	9.077786e-01	3.933364e-04	8.387400e+02
1.563898e+03	8.196480e-01	3.468100e-04	1.069199e+03
1.798483e+03	7.391355e-01	3.061572e-04	1.364684e+03
2.068255e+03	6.662748e-01	2.693554e-04	1.743604e+03
2.378493e+03	6.006608e-01	2.326533e-04	2.229350e+03
2.735268e+03	5.414109e-01	2.057755e-04	2.851646e+03
3.145558e+03	4.880035e-01	1.784429e-04	3.648093e+03
3.617391e+03	4.403674e-01	1.576059e-04	4.666119e+03
4.160000e+03	3.979833e-01	1.384729e-04	5.965359e+03
4.784000e+03	3.601411e-01	1.209500e-04	7.620396e+03
5.501600e+03	3.265252e-01	1.067303e-04	9.724109e+03
6.326840e+03	2.968417e-01	9.214377e-05	1.239153e+04
7.275866e+03	2.705916e-01	8.237253e-05	1.576425e+04
8.367246e+03	2.474169e-01	7.230023e-05	2.001542e+04
9.622333e+03	2.270933e-01	6.291011e-05	2.535513e+04
