# Energy_MeV	dEdx_Elec_MeV_um	dEdx_Nucl_MeV_um	Range_um
1.000000e-05	4.895899e-03	3.197649e-02	4.085052e-03
1.150000e-05	5.250266e-03	3.536738e-02	4.380730e-03
1.322500e-05	5.630283e-03	3.910235e-02	4.697810e-03
1.520875e-05	6.037806e-03	4.320332e-02	5.037840e-03
1.749006e-05	6.474826e-03	4.771481e-02	5.402481e-03
2.011357e-05	6.943477e-03	5.270431e-02	5.793516e-03
2.313061e-05	7.446050e-03	5.799360e-02	6.212853e-03
2.660020e-05	7.984999e-03	6.380322e-02	6.662543e-03
3.059023e-05	8.562957e-03	7.035306e-02	7.144781e-03
3.517876e-05	9.182749e-03	7.742515e-02	7.661924e-03
4.045558e-05	9.847401e-03	8.516955e-02	8.216498e-03
4.652391e-05	1.056016e-02	9.338199e-02	8.811213e-03
5.350250e-05	1.132451e-02	1.023206e-01	9.448973e-03
6.152788e-05	1.214419e-02	1.123789e-01	1.013289e-02
7.075706e-05	1.302319e-02	1.231238e-01	1.086632e-02
8.137062e-05	1.396581e-02	1.348260e-01	1.165283e-02
9.357621e-05	1.497667e-02	1.473615e-01	1.249627e-02
1.076126e-04	1.606068e-02	1.609759e-01	1.340075e-02
1.237545e-04	8.615606e-03	1.757399e-01	1.437071e-02
1.423177e-04	9.262499e-03	1.911099e-01	1.541087e-02
1.636654e-04	9.956157e-03	2.080409e-01	1.652631e-02
1.882152e-04	1.069997e-02	2.260791e-01	1.772250e-02
2.164475e-04	1.149757e-02	2.452676e-01	1.900526e-02
2.489146e-04	1.235286e-02	2.653459e-01	2.038087e-02
2.862518e-04	1.327002e-02	2.869300e-01	2.185605e-02
3.291895e-04	1.425351e-02	3.106807e-01	2.343800e-02
3.785680e-04	1.530816e-02	3.356935e-01	2.513446e-02
4.353531e-04	1.643912e-02	3.614469e-01	2.695370e-02
5.006561e-04	1.765190e-02	3.882726e-01	2.890463e-02
5.757545e-04	1.895243e-02	4.166531e-01	3.099676e-02
6.621177e-04	2.034707e-02	4.474978e-01	3.324032e-02
7.614354e-04	2.184263e-02	4.795184e-01	3.564627e-02
8.756507e-04	2.344641e-02	5.122424e-01	3.822637e-02
1.006998e-03	2.516626e-02	5.468568e-01	4.099321e-02
1.158048e-03	2.701057e-02	5.815447e-01	4.396032e-02
1.331755e-03	2.898836e-02	6.170738e-01	4.714219e-02
1.531519e-03	3.110928e-02	6.534756e-01	5.055437e-02
1.761246e-03	3.338369e-02	6.907375e-01	5.421352e-02
2.025433e-03	3.582272e-02	7.293982e-01	5.813753e-02
2.329248e-03	3.843827e-02	7.649893e-01	6.234555e-02
2.678635e-03	4.124312e-02	8.009711e-01	6.685815e-02
3.080431e-03	4.425098e-02	8.402368e-01	7.169738e-02
3.542495e-03	4.747654e-02	8.776643e-01	7.688688e-02
4.073870e-03	5.093555e-02	9.146340e-01	8.245199e-02
4.684950e-03	5.464492e-02	9.479770e-01	8.841991e-02
5.387693e-03	5.862276e-02	9.801236e-01	9.481979e-02
6.195847e-03	6.288852e-02	1.014721e+00	1.016829e-01
7.125224e-03	6.746303e-02	1.046033e+00	1.090428e-01
8.194007e-03	7.236863e-02	1.075747e+00	1.168751e-01
9.423108e-03	7.762930e-02	1.102704e+00	1.253855e-01
1.083657e-02	8.327073e-02	1.127914e+00	1.344789e-01
1.246206e-02	8.932048e-02	1.151579e+00	1.442125e-01
1.433137e-02	9.580811e-02	1.170682e+00	1.546502e-01
1.648108e-02	1.027653e-01	1.189394e+00	1.658438e-01
1.895324e-02	1.102261e-01	1.205507e+00	1.778473e-01
2.179622e-02	1.182269e-01	1.218888e+00	1.907197e-01
2.506566e-02	1.268067e-01	1.229316e+00	2.045239e-01
2.882550e-02	1.360076e-01	1.237863e+00	2.193273e-01
3.314933e-02	1.458745e-01	1.245588e+00	2.352020e-01
3.812173e-02	1.564555e-01	1.250517e+00	2.522258e-01
4.383999e-02	1.678024e-01	1.251740e+00	2.704818e-01
5.041599e-02	1.799705e-01	1.250262e+00	2.900592e-01
5.797838e-02	1.930194e-01	1.246131e+00	3.110536e-01
6.667514e-02	2.070128e-01	1.240043e+00	3.335676e-01
7.667641e-02	2.220190e-01	1.230765e+00	3.577111e-01
8.817787e-02	2.381114e-01	1.217893e+00	3.836022e-01
1.014046e-01	2.553685e-01	1.202152e+00	4.113673e-01
1.166152e-01	2.738748e-01	1.183073e+00	4.411421e-01
1.341075e-01	2.937205e-01	1.161057e+00	4.730719e-01
1.542237e-01	3.150026e-01	1.135846e+00	5.073127e-01
1.773572e-01	3.378252e-01	1.107657e+00	5.440322e-01
2.039608e-01	3.622997e-01	1.076424e+00	5.834094e-01
2.345549e-01	3.885456e-01	1.044150e+00	6.256366e-01
2.697381e-01	4.166913e-01	1.009334e+00	6.709201e-01
3.101989e-01	4.468741e-01	9.701523e-01	7.194814e-01
3.567287e-01	4.792416e-01	9.304934e-01	7.715577e-01
4.102380e-01	5.139519e-01	8.888459e-01	8.274034e-01
4.717737e-01	5.511745e-01	8.486137e-01	8.872908e-01
5.425397e-01	5.910913e-01	8.076277e-01	9.515134e-01
6.239207e-01	6.338973e-01	7.622723e-01	1.020384e+00
7.175088e-01	6.798017e-01	7.189419e-01	1.094233e+00
8.251351e-01	7.290297e-01	6.753918e-01	1.173489e+00
9.489054e-01	7.818226e-01	6.333638e-01	1.259127e+00
1.091241e+00	8.384366e-01	5.920355e-01	1.351876e+00
1.254927e+00	8.991484e-01	5.508628e-01	1.452380e+00
1.443166e+00	9.642545e-01	5.136809e-01	1.561387e+00
1.659641e+00	1.034073e+00	4.756802e-01	1.679755e+00
1.908588e+00	1.108945e+00	4.397480e-01	1.808475e+00
2.194876e+00	1.178837e+00	4.064603e-01	1.948713e+00
2.524107e+00	1.264517e+00	3.757857e-01	2.101853e+00
2.902723e+00	1.384166e+00	3.458947e-01	2.269568e+00
3.338132e+00	1.513617e+00	3.172077e-01	2.453906e+00
3.838852e+00	1.656893e+00	2.936854e-01	2.657412e+00
4.414679e+00	1.804303e+00	2.737264e-01	2.883291e+00
5.076881e+00	1.967417e+00	2.507734e-01	3.090887e+00
5.838413e+00	2.141741e+00	2.243775e-01	3.015768e+00
6.714175e+00	2.328577e+00	1.991511e-01	2.949095e+00
7.721302e+00	2.535675e+00	1.779380e-01	2.893051e+00
8.879497e+00	2.748307e+00	1.609115e-01	2.849937e+00
1.021142e+01	2.990410e+00	1.444819e-01	2.822195e+00
1.174313e+01	3.264457e+00	1.304096e-01	2.812375e+00
1.350460e+01	3.561482e+00	1.177420e-01	2.823261e+00
1.553030e+01	3.892422e+00	1.060084e-01	2.857806e+00
1.785984e+01	4.231414e+00	9.524626e-02	2.919084e+00
2.053882e+01	4.586636e+00	8.493858e-02	3.010313e+00
2.361964e+01	4.946133e+00	7.692011e-02	3.134859e+00
2.716258e+01	5.301801e+00	6.952577e-02	3.296267e+00
3.123697e+01	5.680059e+00	6.163433e-02	3.498356e+00
3.592252e+01	6.022129e+00	5.490841e-02	3.745379e+00
4.131089e+01	6.363756e+00	4.887956e-02	4.042238e+00
4.750753e+01	6.698637e+00	4.396915e-02	4.394880e+00
5.463366e+01	6.998847e+00	3.957891e-02	4.810599e+00
6.282871e+01	7.304790e+00	3.494305e-02	5.298491e+00
7.225301e+01	7.557917e+00	3.097312e-02	5.869949e+00
8.309096e+01	7.762528e+00	2.748811e-02	6.539186e+00
9.555461e+01	7.920971e+00	2.444956e-02	7.323955e+00
1.098878e+02	8.071050e+00	2.174262e-02	8.246282e+00
1.263710e+02	8.208063e+00	1.923943e-02	9.333464e+00
1.453266e+02	8.264566e+00	1.718789e-02	1.061961e+01
1.671256e+02	1.028958e+01	1.525023e-02	1.214540e+01
1.921945e+02	9.931026e+00	1.351391e-02	1.396524e+01
2.210236e+02	9.570288e+00	1.205444e-02	1.615098e+01
2.541772e+02	9.171194e+00	1.078292e-02	1.877411e+01
2.923037e+02	8.753701e+00	9.598721e-03	2.193461e+01
3.361493e+02	8.317594e+00	8.444803e-03	2.576083e+01
3.865717e+02	7.880896e+00	7.427560e-03	3.041267e+01
4.445574e+02	7.443837e+00	6.606533e-03	3.608737e+01
5.112411e+02	7.006201e+00	5.884508e-03	4.304934e+01
5.879272e+02	6.578486e+00	5.222256e-03	5.165373e+01
6.761163e+02	6.179806e+00	4.586281e-03	6.231295e+01
7.775337e+02	5.822347e+00	4.027011e-03	7.548534e+01
8.941638e+02	5.470877e+00	3.560950e-03	9.180296e+01
1.028288e+03	5.122328e+00	3.121776e-03	1.121116e+02
1.182532e+03	4.780271e+00	2.760814e-03	1.374972e+02
1.359911e+03	4.446262e+00	2.448495e-03	1.693552e+02
1.563898e+03	4.123404e+00	2.164058e-03	2.094671e+02
1.798483e+03	3.808940e+00	1.910207e-03	2.601457e+02
2.068255e+03	3.504855e+00	1.671393e-03	3.244225e+02
2.378493e+03	3.217263e+00	1.492867e-03	4.061431e+02
2.735268e+03	2.952806e+00	1.331396e-03	5.100950e+02
3.145558e+03	2.703744e+00	1.160380e-03	6.424212e+02
3.617391e+03	2.470436e+00	1.015599e-03	8.111587e+02
4.160000e+03	2.252296e+00	8.914111e-04	1.026548e+03
4.784000e+03	2.050097e+00	7.919345e-04	1.301669e+03
5.501600e+03	1.864956e+00	7.047616e-04	1.653145e+03
6.326840e+03	1.695486e+00	6.130990e-04	2.102019e+03
7.275866e+03	1.540803e+00	5.346273e-04	2.674860e+03
8.367246e+03	1.401307e+00	4.689724e-04	3.405027e+03
9.622333e+03	1.276081e+00	4.108509e-04	4.334180e+03
