# Energy_MeV	dEdx_Elec_MeV_um	dEdx_Nucl_MeV_um	Range_um
1.000000e-05	2.390596e-03	3.378688e-02	4.237946e-03
1.150000e-05	2.590210e-03	3.721028e-02	4.544691e-03
1.322500e-05	2.804012e-03	4.102637e-02	4.873638e-03
1.520875e-05	3.033051e-03	4.510132e-02	5.226395e-03
1.749006e-05	3.278454e-03	4.967098e-02	5.604684e-03
2.011357e-05	3.541424e-03	5.439851e-02	6.010354e-03
2.313061e-05	3.823248e-03	5.967922e-02	6.445386e-03
2.660020e-05	4.125308e-03	6.552968e-02	6.911907e-03
3.059023e-05	4.449082e-03	7.172139e-02	7.412194e-03
3.517876e-05	4.796153e-03	7.863832e-02	7.948693e-03
4.045558e-05	5.168221e-03	8.587083e-02	8.524023e-03
4.652391e-05	5.567103e-03	9.383870e-02	9.140997e-03
5.350250e-05	5.994750e-03	1.024156e-01	9.802627e-03
6.152788e-05	6.453252e-03	1.113766e-01	1.051215e-02
7.075706e-05	6.944851e-03	1.213549e-01	1.127302e-02
8.137062e-05	7.471948e-03	1.317470e-01	1.208897e-02
9.357621e-05	8.037120e-03	1.429366e-01	1.296397e-02
1.076126e-04	8.643129e-03	1.546978e-01	1.390231e-02
1.237545e-04	9.292935e-03	1.673954e-01	1.490857e-02
1.423177e-04	9.989714e-03	1.810260e-01	1.598766e-02
1.636654e-04	1.073687e-02	1.958223e-01	1.714486e-02
1.882152e-04	1.153805e-02	2.106322e-01	1.838581e-02
2.164475e-04	1.239718e-02	2.264348e-01	1.971658e-02
2.489146e-04	1.331844e-02	2.431177e-01	2.114368e-02
2.862518e-04	1.430634e-02	2.607710e-01	2.267407e-02
3.291895e-04	1.536571e-02	2.798426e-01	2.431523e-02
3.785680e-04	1.650173e-02	2.986393e-01	2.607518e-02
4.353531e-04	1.771993e-02	3.190668e-01	2.796252e-02
5.006561e-04	1.902628e-02	3.390957e-01	2.998646e-02
5.757545e-04	2.042715e-02	3.598360e-01	3.215690e-02
6.621177e-04	2.192939e-02	3.814491e-01	3.448443e-02
7.614354e-04	2.354034e-02	4.027768e-01	3.698043e-02
8.756507e-04	2.526787e-02	4.257663e-01	3.965709e-02
1.006998e-03	2.712042e-02	4.459753e-01	4.252749e-02
1.158048e-03	2.910704e-02	4.676553e-01	4.560566e-02
1.331755e-03	3.123743e-02	4.903975e-01	4.890662e-02
1.531519e-03	3.352200e-02	5.116087e-01	5.244651e-02
1.761246e-03	3.597191e-02	5.340705e-01	5.624261e-02
2.025433e-03	3.859913e-02	5.527757e-01	6.031348e-02
2.329248e-03	4.141651e-02	5.724200e-01	6.467900e-02
2.678635e-03	4.443779e-02	5.922338e-01	6.936050e-02
3.080431e-03	4.767774e-02	6.100464e-01	7.438085e-02
3.542495e-03	5.115218e-02	6.282976e-01	7.976458e-02
4.073870e-03	5.487810e-02	6.435104e-01	8.553798e-02
4.684950e-03	5.887370e-02	6.585402e-01	9.169391e-02
5.387693e-03	6.315849e-02	6.722104e-01	9.835129e-02
6.195847e-03	6.775340e-02	6.834821e-01	1.054919e-01
7.125224e-03	7.268089e-02	6.947558e-01	1.131263e-01
8.194007e-03	7.796503e-02	7.038522e-01	1.213145e-01
9.423108e-03	8.363163e-02	7.118530e-01	1.300952e-01
1.083657e-02	8.970837e-02	7.181937e-01	1.395114e-01
1.246206e-02	9.622495e-02	7.233617e-01	1.496091e-01
1.433137e-02	1.032132e-01	7.274967e-01	1.604376e-01
1.648108e-02	1.107072e-01	7.308471e-01	1.720500e-01
1.895324e-02	1.187437e-01	7.313007e-01	1.845030e-01
2.179622e-02	1.273619e-01	7.307048e-01	1.978572e-01
2.506566e-02	1.366038e-01	7.283726e-01	2.121780e-01
2.882550e-02	1.465147e-01	7.246101e-01	2.275353e-01
3.314933e-02	1.571429e-01	7.194851e-01	2.440043e-01
3.812173e-02	1.685404e-01	7.118998e-01	2.616653e-01
4.383999e-02	1.807628e-01	7.028383e-01	2.806046e-01
5.041599e-02	1.938699e-01	6.917028e-01	3.009146e-01
5.797838e-02	2.079257e-01	6.789228e-01	3.226948e-01
6.667514e-02	2.229989e-01	6.642107e-01	3.460515e-01
7.667641e-02	2.391630e-01	6.478978e-01	3.710987e-01
8.817787e-02	2.564972e-01	6.295557e-01	3.979588e-01
1.014046e-01	2.750859e-01	6.110211e-01	4.267630e-01
1.166152e-01	2.950202e-01	5.903958e-01	4.576521e-01
1.341075e-01	3.163973e-01	5.678135e-01	4.907772e-01
1.542237e-01	3.393217e-01	5.449507e-01	5.262997e-01
1.773572e-01	3.639053e-01	5.201514e-01	5.643933e-01
2.039608e-01	3.902684e-01	4.972608e-01	6.052441e-01
2.345549e-01	4.185396e-01	4.725825e-01	6.490519e-01
2.697381e-01	4.488571e-01	4.467185e-01	6.960305e-01
3.101989e-01	4.813689e-01	4.216979e-01	7.464098e-01
3.567287e-01	5.162341e-01	3.955793e-01	8.004333e-01
4.102380e-01	5.536227e-01	3.714718e-01	8.583718e-01
4.717737e-01	5.937181e-01	3.470196e-01	9.205022e-01
5.425397e-01	6.367181e-01	3.231011e-01	9.875336e-01
6.239207e-01	6.828303e-01	3.014016e-01	1.060135e+00
7.175088e-01	7.322802e-01	2.789483e-01	1.138784e+00
8.251351e-01	7.853092e-01	2.582368e-01	1.224070e+00
9.489054e-01	8.421767e-01	2.386320e-01	1.316655e+00
1.091241e+00	9.031603e-01	2.201309e-01	1.417302e+00
1.254927e+00	9.607618e-01	2.025826e-01	1.526904e+00
1.443166e+00	1.022968e+00	1.867691e-01	1.646522e+00
1.659641e+00	1.116513e+00	1.718919e-01	1.777434e+00
1.908588e+00	1.220261e+00	1.602633e-01	1.921196e+00
2.194876e+00	1.333020e+00	1.468903e-01	1.939011e+00
2.524107e+00	1.454820e+00	1.315114e-01	1.939505e+00
2.902723e+00	1.590995e+00	1.175719e-01	1.939732e+00
3.338132e+00	1.737834e+00	1.042284e-01	1.940956e+00
3.838852e+00	1.900684e+00	9.460501e-02	1.944616e+00
4.414679e+00	2.079894e+00	8.464579e-02	1.952414e+00
5.076881e+00	2.265260e+00	7.668265e-02	1.966315e+00
5.838413e+00	2.471028e+00	6.921313e-02	1.988516e+00
6.714175e+00	2.696989e+00	6.210550e-02	2.021484e+00
7.721302e+00	2.933606e+00	5.603438e-02	2.067962e+00
8.879497e+00	3.181054e+00	4.981181e-02	2.130979e+00
1.021142e+01	3.408105e+00	4.531788e-02	2.213838e+00
1.174313e+01	3.643575e+00	4.073212e-02	2.320112e+00
1.350460e+01	3.852256e+00	3.628557e-02	2.453625e+00
1.553030e+01	4.061466e+00	3.242731e-02	2.618519e+00
1.785984e+01	4.276233e+00	2.871850e-02	2.819296e+00
2.053882e+01	4.457737e+00	2.594271e-02	3.060963e+00
2.361964e+01	4.641875e+00	2.318999e-02	3.349262e+00
2.716258e+01	4.800561e+00	2.058153e-02	3.690968e+00
3.123697e+01	4.944130e+00	1.830518e-02	4.094312e+00
3.592252e+01	5.083555e+00	1.616417e-02	4.569419e+00
4.131089e+01	5.173668e+00	1.441545e-02	5.128881e+00
4.750753e+01	5.248730e+00	1.278631e-02	5.788421e+00
5.463366e+01	5.276099e+00	1.131633e-02	6.567689e+00
6.282871e+01	5.297036e+00	1.012746e-02	7.491238e+00
7.225301e+01	5.314126e+00	8.970668e-03	8.589790e+00
8.309096e+01	5.277350e+00	7.971140e-03	9.901769e+00
9.555461e+01	6.232348e+00	7.099986e-03	1.147481e+01
1.098878e+02	5.921037e+00	6.316686e-03	1.336914e+01
1.263710e+02	5.633694e+00	5.626746e-03	1.566894e+01
1.453266e+02	5.336468e+00	4.984714e-03	1.846293e+01
1.671256e+02	5.036025e+00	4.352769e-03	2.186834e+01
1.921945e+02	4.731990e+00	3.895444e-03	2.603900e+01
2.210236e+02	4.432861e+00	3.447370e-03	3.117073e+01
2.541772e+02	4.141244e+00	3.061526e-03	3.750660e+01
2.923037e+02	3.853401e+00	2.708187e-03	4.536723e+01
3.361493e+02	3.573961e+00	2.360100e-03	5.518973e+01
3.865717e+02	3.309445e+00	2.097928e-03	6.751063e+01
4.445574e+02	3.077617e+00	1.831633e-03	8.293485e+01
5.112411e+02	2.854276e+00	1.626545e-03	1.022600e+02
5.879272e+02	2.637997e+00	1.441626e-03	1.265722e+02
6.761163e+02	2.430027e+00	1.268372e-03	1.572740e+02
7.775337e+02	2.231387e+00	1.125727e-03	1.961790e+02
8.941638e+02	2.043355e+00	9.825386e-04	2.456123e+02
1.028288e+03	1.865391e+00	8.811890e-04	3.085826e+02
1.182532e+03	1.697192e+00	7.802839e-04	3.890431e+02
1.359911e+03	1.540538e+00	6.842169e-04	4.920573e+02
1.563898e+03	1.398466e+00	6.012749e-04	6.239514e+02
1.798483e+03	1.267313e+00	5.251145e-04	7.927533e+02
2.068255e+03	1.146813e+00	4.681304e-04	1.008955e+03
2.378493e+03	1.037007e+00	4.130641e-04	1.285947e+03
2.735268e+03	9.372149e-01	3.616211e-04	1.640793e+03
3.145558e+03	8.465947e-01	3.166696e-04	2.095148e+03
3.617391e+03	7.647656e-01	2.760628e-04	2.676397e+03
4.160000e+03	6.914885e-01	2.426181e-04	3.419060e+03
4.784000e+03	6.259563e-01	2.124878e-04	4.366473e+03
5.501600e+03	5.673834e-01	1.854668e-04	5.572747e+03
6.326840e+03	5.153323e-01	1.638751e-04	7.105131e+03
7.275866e+03	4.692095e-01	1.433561e-04	9.046720e+03
8.367246e+03	4.283116e-01	1.255027e-04	1.149954e+04
9.622333e+03	3.922487e-01	1.105653e-04	1.458799e+04
