# Energy_MeV	dEdx_Elec_MeV_um	dEdx_Nucl_MeV_um	Range_um
1.000000e-05	4.765506e-03	3.370042e-02	4.196826e-03
1.150000e-05	5.110436e-03	3.722005e-02	4.500595e-03
1.322500e-05	5.480332e-03	4.093262e-02	4.826350e-03
1.520875e-05	5.877001e-03	4.505929e-02	5.175684e-03
1.749006e-05	6.302381e-03	4.966145e-02	5.550303e-03
2.011357e-05	3.386298e-03	5.465200e-02	5.952037e-03
2.313061e-05	3.656064e-03	6.008367e-02	6.382848e-03
2.660020e-05	3.945195e-03	6.584579e-02	6.844842e-03
3.059023e-05	4.255109e-03	7.218875e-02	7.340276e-03
3.517876e-05	4.587320e-03	7.921888e-02	7.871569e-03
4.045558e-05	4.943453e-03	8.681473e-02	8.441317e-03
4.652391e-05	5.325251e-03	9.501408e-02	9.052304e-03
5.350250e-05	5.734579e-03	1.038620e-01	9.707514e-03
6.152788e-05	6.173439e-03	1.133514e-01	1.041015e-02
7.075706e-05	6.643975e-03	1.236366e-01	1.116364e-02
8.137062e-05	7.148488e-03	1.345510e-01	1.197167e-02
9.357621e-05	7.689443e-03	1.463707e-01	1.283819e-02
1.076126e-04	8.269483e-03	1.591180e-01	1.376742e-02
1.237545e-04	8.891442e-03	1.722739e-01	1.476392e-02
1.423177e-04	9.558359e-03	1.864746e-01	1.583254e-02
1.636654e-04	1.027349e-02	2.018838e-01	1.697850e-02
1.882152e-04	1.104034e-02	2.181646e-01	1.820742e-02
2.164475e-04	1.186264e-02	2.358366e-01	1.952528e-02
2.489146e-04	1.274442e-02	2.534170e-01	2.093853e-02
2.862518e-04	1.368998e-02	2.723423e-01	2.245407e-02
3.291895e-04	1.470394e-02	2.926036e-01	2.407931e-02
3.785680e-04	1.579126e-02	3.135992e-01	2.582218e-02
4.353531e-04	1.695725e-02	3.361829e-01	2.769120e-02
5.006561e-04	1.820760e-02	3.586639e-01	2.969551e-02
5.757545e-04	1.954843e-02	3.828724e-01	3.184489e-02
6.621177e-04	2.098628e-02	4.070811e-01	3.414984e-02
7.614354e-04	2.252817e-02	4.312669e-01	3.662162e-02
8.756507e-04	2.418165e-02	4.569922e-01	3.927231e-02
1.006998e-03	2.595479e-02	4.823560e-01	4.211486e-02
1.158048e-03	2.785625e-02	5.089120e-01	4.516316e-02
1.331755e-03	2.989532e-02	5.333729e-01	4.843209e-02
1.531519e-03	3.208196e-02	5.586853e-01	5.193763e-02
1.761246e-03	3.442685e-02	5.852634e-01	5.569690e-02
2.025433e-03	3.694146e-02	6.113371e-01	5.972827e-02
2.329248e-03	3.963806e-02	6.361495e-01	6.405144e-02
2.678635e-03	4.252983e-02	6.589782e-01	6.868752e-02
3.080431e-03	4.563089e-02	6.814608e-01	7.365915e-02
3.542495e-03	4.895640e-02	7.043932e-01	7.899064e-02
4.073870e-03	5.252260e-02	7.263067e-01	8.470803e-02
4.684950e-03	5.634692e-02	7.460673e-01	9.083924e-02
5.387693e-03	6.044803e-02	7.647684e-01	9.740293e-02
6.195847e-03	6.484598e-02	7.813383e-01	1.044489e-01
7.125224e-03	6.956225e-02	7.968704e-01	1.120302e-01
8.194007e-03	7.461987e-02	8.104019e-01	1.201371e-01
9.423108e-03	8.004356e-02	8.225846e-01	1.288332e-01
1.083657e-02	8.585981e-02	8.337800e-01	1.381579e-01
1.246206e-02	9.209704e-02	8.419319e-01	1.481577e-01
1.433137e-02	9.878572e-02	8.490583e-01	1.588812e-01
1.648108e-02	1.059585e-01	8.551605e-01	1.703809e-01
1.895324e-02	1.136505e-01	8.594979e-01	1.827129e-01
2.179622e-02	1.218992e-01	8.627008e-01	1.959376e-01
2.506566e-02	1.307450e-01	8.627293e-01	2.101195e-01
2.882550e-02	1.402310e-01	8.614421e-01	2.253279e-01
3.314933e-02	1.504036e-01	8.584932e-01	2.416370e-01
3.812173e-02	1.613125e-01	8.534605e-01	2.591265e-01
4.383999e-02	1.730110e-01	8.466555e-01	2.778821e-01
5.041599e-02	1.855563e-01	8.371882e-01	2.979952e-01
5.797838e-02	1.990095e-01	8.258455e-01	3.195640e-01
6.667514e-02	2.134366e-01	8.121885e-01	3.426940e-01
7.667641e-02	2.289078e-01	7.965141e-01	3.674981e-01
8.817787e-02	2.454989e-01	7.785307e-01	3.940977e-01
1.014046e-01	2.632908e-01	7.587610e-01	4.226226e-01
1.166152e-01	2.823705e-01	7.369970e-01	4.532119e-01
1.341075e-01	3.028313e-01	7.142995e-01	4.860153e-01
1.542237e-01	3.247730e-01	6.896174e-01	5.211933e-01
1.773572e-01	3.483028e-01	6.627950e-01	5.589174e-01
2.039608e-01	3.735357e-01	6.347252e-01	5.993720e-01
2.345549e-01	4.005950e-01	6.065055e-01	6.427545e-01
2.697381e-01	4.296129e-01	5.783850e-01	6.892771e-01
3.101989e-01	4.607311e-01	5.495194e-01	7.391672e-01
3.567287e-01	4.941016e-01	5.191695e-01	7.926689e-01
4.102380e-01	5.298876e-01	4.884230e-01	8.500406e-01
4.717737e-01	5.682637e-01	4.591697e-01	9.115725e-01
5.425397e-01	6.094176e-01	4.295598e-01	9.775378e-01
6.239207e-01	6.535530e-01	4.017824e-01	1.048629e+00
7.175088e-01	7.008829e-01	3.742330e-01	1.125622e+00
8.251351e-01	7.516386e-01	3.478244e-01	1.209015e+00
9.489054e-01	8.060679e-01	3.225969e-01	1.299436e+00
1.091241e+00	8.644370e-01	2.971478e-01	1.397576e+00
1.254927e+00	9.270309e-01	2.756463e-01	1.504238e+00
1.443166e+00	9.885084e-01	2.542658e-01	1.620358e+00
1.659641e+00	1.052733e+00	2.329262e-01	1.747046e+00
1.908588e+00	1.147350e+00	2.153077e-01	1.885632e+00
2.194876e+00	1.256316e+00	1.992673e-01	2.037741e+00
2.524107e+00	1.372674e+00	1.850182e-01	2.205376e+00
2.902723e+00	1.499059e+00	1.686318e-01	2.207990e+00
3.338132e+00	1.638976e+00	1.497874e-01	2.194308e+00
3.838852e+00	1.789001e+00	1.341635e-01	2.181899e+00
4.414679e+00	1.956792e+00	1.196356e-01	2.172387e+00
5.076881e+00	2.139499e+00	1.084275e-01	2.167599e+00
5.838413e+00	2.334668e+00	9.735054e-02	2.169503e+00
6.714175e+00	2.550512e+00	8.758719e-02	2.180465e+00
7.721302e+00	2.788283e+00	7.934767e-02	2.202991e+00
8.879497e+00	3.047925e+00	7.113680e-02	2.239847e+00
1.021142e+01	3.319893e+00	6.408311e-02	2.294053e+00
1.174313e+01	3.586167e+00	5.732743e-02	2.368871e+00
1.350460e+01	3.867100e+00	5.179594e-02	2.467803e+00
1.553030e+01	4.111186e+00	4.665342e-02	2.594581e+00
1.785984e+01	4.366487e+00	4.156503e-02	2.753176e+00
2.053882e+01	4.621770e+00	3.681376e-02	2.947869e+00
2.361964e+01	4.852761e+00	3.298578e-02	3.183408e+00
2.716258e+01	5.088813e+00	2.956709e-02	3.465172e+00
3.123697e+01	5.287316e+00	2.652600e-02	3.799497e+00
3.592252e+01	5.481212e+00	2.354627e-02	4.194035e+00
4.131089e+01	5.663199e+00	2.074266e-02	4.658213e+00
4.750753e+01	5.802281e+00	1.851435e-02	5.203744e+00
5.463366e+01	5.928492e+00	1.636344e-02	5.845235e+00
6.282871e+01	5.985398e+00	1.460188e-02	6.600921e+00
7.225301e+01	6.040104e+00	1.296800e-02	7.493548e+00
8.309096e+01	6.092861e+00	1.151901e-02	8.551510e+00
9.555461e+01	6.086536e+00	1.026540e-02	9.810127e+00
1.098878e+02	7.366061e+00	9.035919e-03	1.131356e+01
1.263710e+02	7.012783e+00	8.122646e-03	1.311583e+01
1.453266e+02	6.702294e+00	7.242944e-03	1.529437e+01
1.671256e+02	6.375086e+00	6.397530e-03	1.793170e+01
1.921945e+02	6.040327e+00	5.668776e-03	2.113187e+01
2.210236e+02	5.697538e+00	4.967013e-03	2.503365e+01
2.541772e+02	5.357040e+00	4.447847e-03	2.981393e+01
2.923037e+02	5.023725e+00	3.950056e-03	3.569086e+01
3.361493e+02	4.693125e+00	3.477265e-03	4.294870e+01
3.865717e+02	4.370409e+00	3.076696e-03	5.197647e+01
4.445574e+02	4.058703e+00	2.690944e-03	6.325967e+01
5.112411e+02	3.789635e+00	2.387756e-03	7.734057e+01
5.879272e+02	3.530042e+00	2.096280e-03	9.491355e+01
6.761163e+02	3.276752e+00	1.844188e-03	1.169369e+02
7.775337e+02	3.031115e+00	1.643502e-03	1.446491e+02
8.941638e+02	2.794838e+00	1.444906e-03	1.796510e+02
1.028288e+03	2.569515e+00	1.280088e-03	2.239941e+02
1.182532e+03	2.355091e+00	1.126551e-03	2.803253e+02
1.359911e+03	2.150415e+00	1.001753e-03	3.521229e+02
1.563898e+03	1.958413e+00	8.897217e-04	4.438642e+02
1.798483e+03	1.782780e+00	7.803327e-04	5.611525e+02
2.068255e+03	1.620375e+00	6.781497e-04	7.110625e+02
2.378493e+03	1.470179e+00	6.010503e-04	9.028431e+02
2.735268e+03	1.332340e+00	5.308454e-04	1.148348e+03
3.145558e+03	1.206341e+00	4.705885e-04	1.462683e+03
3.617391e+03	1.091545e+00	4.120483e-04	1.865051e+03
4.160000e+03	9.874210e-01	3.570908e-04	2.379753e+03
4.784000e+03	8.936708e-01	3.150349e-04	3.037457e+03
5.501600e+03	8.095934e-01	2.738905e-04	3.876699e+03
6.326840e+03	7.343238e-01	2.416479e-04	4.945640e+03
7.275866e+03	6.672233e-01	2.119499e-04	6.304186e+03
8.367246e+03	6.075959e-01	1.857437e-04	8.026415e+03
9.622333e+03	5.546107e-01	1.634289e-04	1.020336e+04
