# Energy_MeV	dEdx_Elec_MeV_um	dEdx_Nucl_MeV_um	Range_um
1.000000e-05	4.475186e-03	2.811725e-02	4.469088e-03
1.150000e-05	4.799102e-03	3.120445e-02	4.792563e-03
1.322500e-05	5.146463e-03	3.458007e-02	5.139452e-03
1.520875e-05	5.518967e-03	3.830831e-02	5.511448e-03
1.749006e-05	5.918433e-03	4.240299e-02	5.910370e-03
2.011357e-05	6.346812e-03	4.692717e-02	6.338165e-03
2.313061e-05	6.806198e-03	5.183287e-02	6.796925e-03
2.660020e-05	7.298834e-03	5.725718e-02	7.288890e-03
3.059023e-05	7.827127e-03	6.323755e-02	7.816464e-03
3.517876e-05	8.393659e-03	6.973814e-02	8.382223e-03
4.045558e-05	9.001197e-03	7.670309e-02	8.988933e-03
4.652391e-05	9.652708e-03	8.440768e-02	9.639557e-03
5.350250e-05	1.035138e-02	9.308060e-02	1.033727e-02
6.152788e-05	1.110061e-02	1.023796e-01	1.108549e-02
7.075706e-05	1.190408e-02	1.124930e-01	1.188786e-02
8.137062e-05	1.276571e-02	1.232516e-01	1.274831e-02
9.357621e-05	1.368969e-02	1.350832e-01	1.367104e-02
1.076126e-04	1.468056e-02	1.483260e-01	1.466056e-02
1.237545e-04	1.574315e-02	1.624120e-01	1.572170e-02
1.423177e-04	1.688265e-02	1.777137e-01	1.685965e-02
1.636654e-04	1.810462e-02	1.942475e-01	1.807996e-02
1.882152e-04	1.941504e-02	2.119848e-01	1.938859e-02
2.164475e-04	2.082031e-02	2.309652e-01	2.079195e-02
2.489146e-04	2.232730e-02	2.512482e-01	2.229688e-02
2.862518e-04	2.394336e-02	2.733835e-01	2.391074e-02
3.291895e-04	2.567639e-02	2.970974e-01	2.564141e-02
3.785680e-04	2.753487e-02	3.216433e-01	2.749735e-02
4.353531e-04	2.952785e-02	3.474752e-01	2.948763e-02
5.006561e-04	3.166510e-02	3.766731e-01	3.162196e-02
5.757545e-04	3.395703e-02	4.073780e-01	3.391077e-02
6.621177e-04	3.641486e-02	4.393039e-01	3.636525e-02
7.614354e-04	3.905059e-02	4.724279e-01	3.899738e-02
8.756507e-04	4.187709e-02	5.064333e-01	4.182004e-02
1.006998e-03	4.490818e-02	5.448250e-01	4.484699e-02
1.158048e-03	4.815865e-02	5.844028e-01	4.809304e-02
1.331755e-03	5.164440e-02	6.248230e-01	5.157404e-02
1.531519e-03	5.538245e-02	6.672269e-01	5.530700e-02
1.761246e-03	5.939106e-02	7.107491e-01	5.931015e-02
2.025433e-03	6.368982e-02	7.559562e-01	6.360305e-02
2.329248e-03	6.829972e-02	8.005901e-01	6.820667e-02
2.678635e-03	7.324329e-02	8.470383e-01	7.314350e-02
3.080431e-03	7.854468e-02	8.948431e-01	7.843767e-02
3.542495e-03	4.212581e-02	9.416800e-01	8.411503e-02
4.073870e-03	4.519323e-02	9.863979e-01	9.020332e-02
4.684950e-03	4.848267e-02	1.032586e+00	9.673228e-02
5.387693e-03	5.201020e-02	1.082227e+00	1.037338e-01
6.195847e-03	5.579305e-02	1.128694e+00	1.112421e-01
7.125224e-03	5.984969e-02	1.173549e+00	1.192939e-01
8.194007e-03	6.419995e-02	1.214378e+00	1.279284e-01
9.423108e-03	6.886508e-02	1.255075e+00	1.371880e-01
1.083657e-02	7.386787e-02	1.297799e+00	1.471177e-01
1.246206e-02	7.923276e-02	1.335860e+00	1.576996e-01
1.433137e-02	8.498595e-02	1.371662e+00	1.691816e-01
1.648108e-02	9.115557e-02	1.405071e+00	1.814346e-01
1.895324e-02	9.777174e-02	1.435070e+00	1.945680e-01
2.179622e-02	1.048668e-01	1.461615e+00	2.086501e-01
2.506566e-02	1.124754e-01	1.485245e+00	2.237521e-01
2.882550e-02	1.206347e-01	1.507521e+00	2.399470e-01
3.314933e-02	1.293845e-01	1.526876e+00	2.573142e-01
3.812173e-02	1.387677e-01	1.541346e+00	2.759384e-01
4.383999e-02	1.488301e-01	1.552231e+00	2.959107e-01
5.041599e-02	1.596207e-01	1.563794e+00	3.173285e-01
5.797838e-02	1.711924e-01	1.571780e+00	3.402965e-01
6.667514e-02	1.836017e-01	1.575122e+00	3.649271e-01
7.667641e-02	1.969091e-01	1.574993e+00	3.913405e-01
8.817787e-02	2.111798e-01	1.570606e+00	4.196656e-01
1.014046e-01	2.264834e-01	1.565018e+00	4.500408e-01
1.166152e-01	2.428946e-01	1.555356e+00	4.826146e-01
1.341075e-01	2.604937e-01	1.540869e+00	5.175463e-01
1.542237e-01	2.793666e-01	1.522874e+00	5.550064e-01
1.773572e-01	2.996056e-01	1.500713e+00	5.951776e-01
2.039608e-01	3.213094e-01	1.474769e+00	6.382564e-01
2.345549e-01	3.445842e-01	1.445012e+00	6.844535e-01
2.697381e-01	3.695436e-01	1.411068e+00	7.339945e-01
3.101989e-01	3.963096e-01	1.373675e+00	7.871211e-01
3.567287e-01	4.250130e-01	1.333540e+00	8.440928e-01
4.102380e-01	4.557939e-01	1.291467e+00	9.051882e-01
4.717737e-01	4.888027e-01	1.245377e+00	9.707061e-01
5.425397e-01	5.242008e-01	1.195009e+00	1.040966e+00
6.239207e-01	5.621610e-01	1.144060e+00	1.116312e+00
7.175088e-01	6.028687e-01	1.091864e+00	1.197110e+00
8.251351e-01	6.465229e-01	1.041064e+00	1.283757e+00
9.489054e-01	6.933368e-01	9.876467e-01	1.376679e+00
1.091241e+00	7.435391e-01	9.308365e-01	1.476303e+00
1.254927e+00	7.973764e-01	8.765152e-01	1.583306e+00
1.443166e+00	8.551115e-01	8.223381e-01	1.699030e+00
1.659641e+00	9.170254e-01	7.689532e-01	1.824355e+00
1.908588e+00	9.834206e-01	7.175787e-01	1.960183e+00
2.194876e+00	1.054622e+00	6.689753e-01	2.107524e+00
2.524107e+00	1.130976e+00	6.220544e-01	2.267550e+00
2.902723e+00	1.212096e+00	5.750381e-01	2.441619e+00
3.338132e+00	1.289351e+00	5.298482e-01	2.631324e+00
3.838852e+00	1.390231e+00	4.901721e-01	2.838566e+00
4.414679e+00	1.524678e+00	4.540314e-01	3.065647e+00
5.076881e+00	1.668105e+00	4.135965e-01	3.315391e+00
5.838413e+00	1.827194e+00	3.807293e-01	3.591317e+00
6.714175e+00	1.992710e+00	3.569780e-01	3.897861e+00
7.721302e+00	2.173005e+00	3.299784e-01	4.240677e+00
8.879497e+00	2.368206e+00	2.989289e-01	4.585507e+00
1.021142e+01	2.569605e+00	2.632219e-01	4.425906e+00
1.174313e+01	2.790239e+00	2.341996e-01	4.288834e+00
1.350460e+01	3.015422e+00	2.120364e-01	4.176700e+00
1.553030e+01	3.270770e+00	1.909756e-01	4.092043e+00
1.785984e+01	3.560959e+00	1.724269e-01	4.037562e+00
2.053882e+01	3.871933e+00	1.547773e-01	4.016136e+00
2.361964e+01	4.219675e+00	1.399891e-01	4.030691e+00
2.716258e+01	4.596383e+00	1.257905e-01	4.084603e+00
3.123697e+01	4.989744e+00	1.125345e-01	4.181211e+00
3.592252e+01	5.411905e+00	1.014126e-01	4.324048e+00
4.131089e+01	5.828852e+00	9.181801e-02	4.516861e+00
4.750753e+01	6.272049e+00	8.249307e-02	4.763741e+00
5.463366e+01	6.699486e+00	7.303717e-02	5.069352e+00
6.282871e+01	7.114166e+00	6.511573e-02	5.439248e+00
7.225301e+01	7.545426e+00	5.816300e-02	5.880247e+00
8.309096e+01	7.926083e+00	5.237812e-02	6.400924e+00
9.555461e+01	8.317265e+00	4.683534e-02	7.012127e+00
1.098878e+02	8.674798e+00	4.129705e-02	7.727500e+00
1.263710e+02	8.950570e+00	3.669954e-02	8.564157e+00
1.453266e+02	9.203558e+00	3.257710e-02	9.543413e+00
1.671256e+02	9.450149e+00	2.885961e-02	1.069174e+01
1.921945e+02	9.666209e+00	2.561731e-02	1.204181e+01
2.210236e+02	9.808932e+00	2.285511e-02	1.363453e+01
2.541772e+02	1.227286e+01	2.037848e-02	1.551758e+01
2.923037e+02	1.191424e+01	1.803940e-02	1.775797e+01
3.361493e+02	1.153288e+01	1.593720e-02	2.043833e+01
3.865717e+02	1.109701e+01	1.424736e-02	2.364179e+01
4.445574e+02	1.063218e+01	1.282255e-02	2.748669e+01
5.112411e+02	1.014143e+01	1.122064e-02	3.212350e+01
5.879272e+02	9.647232e+00	9.866466e-03	3.773698e+01
6.761163e+02	9.145445e+00	8.746784e-03	4.455617e+01
7.775337e+02	8.641860e+00	7.775335e-03	5.289173e+01
8.941638e+02	8.148801e+00	6.987510e-03	6.315332e+01
1.028288e+03	7.697813e+00	6.094565e-03	7.580011e+01
1.182532e+03	7.287014e+00	5.356144e-03	9.134893e+01
1.359911e+03	6.878495e+00	4.734392e-03	1.105291e+02
1.563898e+03	6.469882e+00	4.166130e-03	1.343018e+02
1.798483e+03	6.066414e+00	3.688092e-03	1.638985e+02
2.068255e+03	5.669321e+00	3.243740e-03	2.008949e+02
2.378493e+03	5.282706e+00	2.882248e-03	2.472989e+02
2.735268e+03	4.901250e+00	2.539666e-03	3.057246e+02
3.145558e+03	4.530000e+00	2.233430e-03	3.795826e+02
3.617391e+03	4.178657e+00	1.982273e-03	4.731691e+02
4.160000e+03	3.852099e+00	1.770656e-03	5.918269e+02
4.784000e+03	3.542083e+00	1.565468e-03	7.424626e+02
5.501600e+03	3.249278e+00	1.362304e-03	9.340825e+02
6.326840e+03	2.973520e+00	1.196753e-03	1.178156e+03
7.275866e+03	2.716620e+00	1.054484e-03	1.489333e+03
8.367246e+03	2.479775e+00	9.385483e-04	1.886233e+03
9.622333e+03	2.261325e+00	8.272036e-04	2.392439e+03
