# Energy_MeV	dEdx_Elec_MeV_um	dEdx_Nucl_MeV_um	Range_um
1.000000e-05	4.523238e-03	2.728185e-02	4.421611e-03
1.150000e-05	4.850632e-03	3.031255e-02	4.741650e-03
1.322500e-05	5.201724e-03	3.364481e-02	5.084853e-03
1.520875e-05	5.578227e-03	3.728061e-02	5.452897e-03
1.749006e-05	5.981982e-03	4.130364e-02	5.847581e-03
2.011357e-05	6.414961e-03	4.571791e-02	6.270832e-03
2.313061e-05	6.879279e-03	5.059272e-02	6.724718e-03
2.660020e-05	7.377205e-03	5.588630e-02	7.211457e-03
3.059023e-05	7.911171e-03	6.172963e-02	7.733426e-03
3.517876e-05	8.483786e-03	6.818343e-02	8.293175e-03
4.045558e-05	9.097847e-03	7.519590e-02	8.893440e-03
4.652391e-05	9.756354e-03	8.269792e-02	9.537152e-03
5.350250e-05	1.046252e-02	9.100258e-02	1.022746e-02
6.152788e-05	1.121981e-02	1.003660e-01	1.096772e-02
7.075706e-05	1.203190e-02	1.103810e-01	1.176157e-02
8.137062e-05	1.290278e-02	1.213012e-01	1.261288e-02
9.357621e-05	1.383669e-02	1.328875e-01	1.352581e-02
1.076126e-04	1.483819e-02	1.456406e-01	1.450482e-02
1.237545e-04	1.591219e-02	1.599406e-01	1.555468e-02
1.423177e-04	1.706392e-02	1.751095e-01	1.668054e-02
1.636654e-04	1.829902e-02	1.916265e-01	1.788788e-02
1.882152e-04	1.962351e-02	2.094353e-01	1.918262e-02
2.164475e-04	2.104387e-02	2.285780e-01	2.057107e-02
2.489146e-04	2.256704e-02	2.490527e-01	2.206001e-02
2.862518e-04	2.420045e-02	2.708989e-01	2.365673e-02
3.291895e-04	2.595210e-02	2.947973e-01	2.536901e-02
3.785680e-04	2.783052e-02	3.203368e-01	2.720524e-02
4.353531e-04	2.984491e-02	3.468558e-01	2.917437e-02
5.006561e-04	3.200510e-02	3.746638e-01	3.128602e-02
5.757545e-04	3.432165e-02	4.061357e-01	3.355052e-02
6.621177e-04	3.680587e-02	4.393217e-01	3.597892e-02
7.614354e-04	3.946989e-02	4.736810e-01	3.858310e-02
8.756507e-04	4.232674e-02	5.094909e-01	4.137576e-02
1.006998e-03	4.539038e-02	5.460825e-01	4.437056e-02
1.158048e-03	4.867576e-02	5.874643e-01	4.758213e-02
1.331755e-03	5.219893e-02	6.302613e-01	5.102615e-02
1.531519e-03	5.597712e-02	6.737481e-01	5.471945e-02
1.761246e-03	6.002877e-02	7.195713e-01	5.868007e-02
2.025433e-03	6.437369e-02	7.665058e-01	6.292736e-02
2.329248e-03	6.903309e-02	8.151848e-01	6.748208e-02
2.678635e-03	7.402974e-02	8.634278e-01	7.236647e-02
3.080431e-03	7.938805e-02	9.134139e-01	7.760439e-02
3.542495e-03	8.513420e-02	9.651067e-01	8.322144e-02
4.073870e-03	9.129626e-02	1.015681e+00	8.924505e-02
4.684950e-03	9.790433e-02	1.063780e+00	9.570465e-02
5.387693e-03	1.049907e-01	1.113566e+00	1.026318e-01
6.195847e-03	1.125900e-01	1.167313e+00	1.100604e-01
7.125224e-03	1.207393e-01	1.217267e+00	1.180266e-01
8.194007e-03	1.294785e-01	1.265855e+00	1.265694e-01
9.423108e-03	1.388502e-01	1.309734e+00	1.357306e-01
1.083657e-02	1.489003e-01	1.353600e+00	1.455548e-01
1.246206e-02	1.596777e-01	1.399905e+00	1.560766e-01
1.433137e-02	1.712353e-01	1.440790e+00	1.673628e-01
1.648108e-02	1.836294e-01	1.479556e+00	1.795099e-01
1.895324e-02	1.969206e-01	1.515472e+00	1.924997e-01
2.179622e-02	2.111738e-01	1.547950e+00	2.064338e-01
2.506566e-02	2.264587e-01	1.576613e+00	2.213752e-01
2.882550e-02	2.428499e-01	1.602008e+00	2.373981e-01
3.314933e-02	2.604275e-01	1.626162e+00	2.545808e-01
3.812173e-02	2.792773e-01	1.646946e+00	2.730072e-01
4.383999e-02	2.994916e-01	1.662693e+00	2.927672e-01
5.041599e-02	3.211690e-01	1.674338e+00	3.139575e-01
5.797838e-02	3.444153e-01	1.686801e+00	3.366817e-01
6.667514e-02	3.693443e-01	1.695566e+00	3.610506e-01
7.667641e-02	3.960776e-01	1.699075e+00	3.871832e-01
8.817787e-02	4.247459e-01	1.699048e+00	4.152073e-01
1.014046e-01	4.554893e-01	1.694252e+00	4.452600e-01
1.166152e-01	4.884578e-01	1.688229e+00	4.774879e-01
1.341075e-01	5.238127e-01	1.677906e+00	5.120484e-01
1.542237e-01	5.617265e-01	1.662236e+00	5.491103e-01
1.773572e-01	6.023846e-01	1.642876e+00	5.888548e-01
2.039608e-01	6.459855e-01	1.618975e+00	6.314763e-01
2.345549e-01	6.927423e-01	1.591006e+00	6.771826e-01
2.697381e-01	7.428833e-01	1.558929e+00	7.261970e-01
3.101989e-01	7.966536e-01	1.522341e+00	7.787590e-01
3.567287e-01	8.543158e-01	1.481988e+00	8.351257e-01
4.102380e-01	9.161516e-01	1.438667e+00	8.955725e-01
4.717737e-01	9.824632e-01	1.393364e+00	9.603942e-01
5.425397e-01	1.053574e+00	1.343685e+00	1.029907e+00
6.239207e-01	1.129833e+00	1.289234e+00	1.104452e+00
7.175088e-01	1.211611e+00	1.234406e+00	1.184393e+00
8.251351e-01	1.299308e+00	1.177936e+00	1.270120e+00
9.489054e-01	1.393352e+00	1.123294e+00	1.362049e+00
1.091241e+00	1.494204e+00	1.065716e+00	1.460644e+00
1.254927e+00	1.601905e+00	1.004225e+00	1.566341e+00
1.443166e+00	1.702141e+00	9.458158e-01	1.680241e+00
1.659641e+00	1.807594e+00	8.872152e-01	1.803595e+00
1.908588e+00	9.642111e-01	8.297851e-01	1.937202e+00
2.194876e+00	1.034021e+00	7.742310e-01	2.082066e+00
2.524107e+00	1.108885e+00	7.217607e-01	2.239295e+00
2.902723e+00	1.189167e+00	6.712903e-01	2.410175e+00
3.338132e+00	1.269216e+00	6.204064e-01	2.596203e+00
3.838852e+00	1.353812e+00	5.718114e-01	2.799153e+00
4.414679e+00	1.478494e+00	5.287940e-01	3.021158e+00
5.076881e+00	1.622806e+00	4.899874e-01	3.264813e+00
5.838413e+00	1.777374e+00	4.464032e-01	3.533325e+00
6.714175e+00	1.944091e+00	4.105918e-01	3.830712e+00
7.721302e+00	2.127354e+00	3.852218e-01	4.162069e+00
8.879497e+00	2.317384e+00	3.561194e-01	4.533919e+00
1.021142e+01	2.526041e+00	3.226516e-01	4.954677e+00
1.174313e+01	2.743866e+00	2.841636e-01	4.767692e+00
1.350460e+01	2.969927e+00	2.527537e-01	4.599451e+00
1.553030e+01	3.215234e+00	2.288643e-01	4.463110e+00
1.785984e+01	3.489512e+00	2.060362e-01	4.360690e+00
2.053882e+01	3.795327e+00	1.860412e-01	4.294408e+00
2.361964e+01	4.127662e+00	1.670528e-01	4.266684e+00
2.716258e+01	4.492800e+00	1.510847e-01	4.280026e+00
3.123697e+01	4.901930e+00	1.357802e-01	4.337352e+00
3.592252e+01	5.314940e+00	1.214582e-01	4.441622e+00
4.131089e+01	5.762841e+00	1.093977e-01	4.595991e+00
4.750753e+01	6.235115e+00	9.909562e-02	4.803894e+00
5.463366e+01	6.692315e+00	8.904440e-02	5.069218e+00
6.282871e+01	7.175275e+00	7.878300e-02	5.396569e+00
7.225301e+01	7.615149e+00	7.028320e-02	5.791626e+00
8.309096e+01	8.066166e+00	6.273826e-02	6.261548e+00
9.555461e+01	8.516288e+00	5.653089e-02	6.815439e+00
1.098878e+02	8.914721e+00	5.055642e-02	7.464921e+00
1.263710e+02	9.310174e+00	4.454480e-02	8.224614e+00
1.453266e+02	9.584896e+00	3.961285e-02	9.112846e+00
1.671256e+02	9.874805e+00	3.514556e-02	1.015240e+01
1.921945e+02	1.018238e+01	3.115179e-02	1.137156e+01
2.210236e+02	1.036964e+01	2.763990e-02	1.280509e+01
2.541772e+02	1.352889e+01	2.465759e-02	1.449603e+01
2.923037e+02	1.310238e+01	2.199663e-02	1.649591e+01
3.361493e+02	1.275586e+01	1.946153e-02	1.888057e+01
3.865717e+02	1.233718e+01	1.720338e-02	2.172581e+01
4.445574e+02	1.187526e+01	1.536796e-02	2.512579e+01
5.112411e+02	1.137203e+01	1.384052e-02	2.920706e+01
5.879272e+02	1.085195e+01	1.211384e-02	3.412892e+01
6.761163e+02	1.032648e+01	1.064914e-02	4.008345e+01
7.775337e+02	9.790236e+00	9.442249e-03	4.731912e+01
8.941638e+02	9.263155e+00	8.386152e-03	5.617715e+01
1.028288e+03	8.742235e+00	7.542367e-03	6.707473e+01
1.182532e+03	8.298357e+00	6.576735e-03	8.045601e+01
1.359911e+03	7.865688e+00	5.781104e-03	9.688565e+01
1.563898e+03	7.429667e+00	5.110927e-03	1.171533e+02
1.798483e+03	6.993857e+00	4.496830e-03	1.422713e+02
2.068255e+03	6.562254e+00	3.979268e-03	1.735386e+02
2.378493e+03	6.138447e+00	3.499589e-03	2.126061e+02
2.735268e+03	5.722672e+00	3.110971e-03	2.615918e+02
3.145558e+03	5.311102e+00	2.741707e-03	3.232745e+02
3.617391e+03	4.913579e+00	2.410748e-03	4.012173e+02
4.160000e+03	4.542758e+00	2.138253e-03	4.998530e+02
4.784000e+03	4.191803e+00	1.911139e-03	6.247646e+02
5.501600e+03	3.858082e+00	1.689970e-03	7.832757e+02
6.326840e+03	3.542235e+00	1.469365e-03	9.847883e+02
7.275866e+03	3.244962e+00	1.291832e-03	1.241304e+03
8.367246e+03	2.968841e+00	1.137371e-03	1.568116e+03
9.622333e+03	2.713283e+00	1.013026e-03	1.984635e+03
