# Energy_MeV	dEdx_Elec_MeV_um	dEdx_Nucl_MeV_um	Range_um
1.000000e-05	5.141371e-03	2.836046e-02	3.890013e-03
1.150000e-05	5.513506e-03	3.144731e-02	4.171574e-03
1.322500e-05	5.912577e-03	3.494429e-02	4.473515e-03
1.520875e-05	6.340532e-03	3.874445e-02	4.797310e-03
1.749006e-05	6.799463e-03	4.294207e-02	5.144542e-03
2.011357e-05	7.291612e-03	4.755307e-02	5.516907e-03
2.313061e-05	7.819383e-03	5.261268e-02	5.916223e-03
2.660020e-05	8.385354e-03	5.818075e-02	6.344443e-03
3.059023e-05	8.992290e-03	6.425364e-02	6.803657e-03
3.517876e-05	9.643157e-03	7.099867e-02	7.296109e-03
4.045558e-05	1.034113e-02	7.838583e-02	7.824205e-03
4.652391e-05	1.108963e-02	8.631447e-02	8.390525e-03
5.350250e-05	1.189230e-02	9.490217e-02	8.997836e-03
6.152788e-05	1.275308e-02	1.046295e-01	9.649104e-03
7.075706e-05	1.367615e-02	1.152415e-01	1.034751e-02
8.137062e-05	1.466604e-02	1.266820e-01	1.109647e-02
9.357621e-05	1.572757e-02	1.390168e-01	1.189964e-02
1.076126e-04	1.686594e-02	1.522153e-01	1.276094e-02
1.237545e-04	1.808671e-02	1.671531e-01	1.368458e-02
1.423177e-04	1.939583e-02	1.832978e-01	1.467508e-02
1.636654e-04	2.079971e-02	2.005718e-01	1.573727e-02
1.882152e-04	2.230521e-02	2.193595e-01	1.687634e-02
2.164475e-04	2.391967e-02	2.396240e-01	1.809786e-02
2.489146e-04	2.565099e-02	2.614805e-01	1.940780e-02
2.862518e-04	2.750762e-02	2.845238e-01	2.081254e-02
3.291895e-04	2.949864e-02	3.095457e-01	2.231896e-02
3.785680e-04	3.163376e-02	3.366183e-01	2.393442e-02
4.353531e-04	3.392343e-02	3.653167e-01	2.566681e-02
5.006561e-04	3.637883e-02	3.949550e-01	2.752459e-02
5.757545e-04	3.901195e-02	4.270100e-01	2.951683e-02
6.621177e-04	4.183565e-02	4.628087e-01	3.165327e-02
7.614354e-04	4.486374e-02	4.996865e-01	3.394436e-02
8.756507e-04	4.811100e-02	5.385562e-01	3.640127e-02
1.006998e-03	5.159330e-02	5.780808e-01	3.903601e-02
1.158048e-03	5.532765e-02	6.202294e-01	4.186146e-02
1.331755e-03	5.933230e-02	6.668401e-01	4.489141e-02
1.531519e-03	6.362680e-02	7.139804e-01	4.814067e-02
1.761246e-03	6.823214e-02	7.632644e-01	5.162512e-02
2.025433e-03	7.317082e-02	8.143219e-01	5.536177e-02
2.329248e-03	7.846696e-02	8.665036e-01	5.936889e-02
2.678635e-03	8.414644e-02	9.196818e-01	6.366604e-02
3.080431e-03	9.023701e-02	9.733375e-01	6.827422e-02
3.542495e-03	9.676841e-02	1.029643e+00	7.321595e-02
4.073870e-03	1.037726e-01	1.086562e+00	7.851536e-02
4.684950e-03	1.112837e-01	1.140778e+00	8.419834e-02
5.387693e-03	1.193384e-01	1.193463e+00	9.029266e-02
6.195847e-03	1.279762e-01	1.251777e+00	9.682809e-02
7.125224e-03	1.372392e-01	1.309105e+00	1.038366e-01
8.194007e-03	1.471727e-01	1.363029e+00	1.113523e-01
9.423108e-03	1.578251e-01	1.414281e+00	1.194120e-01
1.083657e-02	1.692486e-01	1.461056e+00	1.280551e-01
1.246206e-02	1.814989e-01	1.512437e+00	1.372772e-01
1.433137e-02	1.946358e-01	1.560781e+00	1.472660e-01
1.648108e-02	2.087237e-01	1.603867e+00	1.579252e-01
1.895324e-02	2.238312e-01	1.645169e+00	1.693572e-01
2.179622e-02	2.400322e-01	1.682740e+00	1.816145e-01
2.506566e-02	2.574059e-01	1.717462e+00	1.947597e-01
2.882550e-02	2.760371e-01	1.746802e+00	2.088562e-01
3.314933e-02	2.960168e-01	1.774039e+00	2.239731e-01
3.812173e-02	3.174426e-01	1.799004e+00	2.401841e-01
4.383999e-02	3.404193e-01	1.819172e+00	2.575685e-01
5.041599e-02	3.650590e-01	1.834212e+00	2.762111e-01
5.797838e-02	3.914822e-01	1.846906e+00	2.962031e-01
6.667514e-02	4.198179e-01	1.859301e+00	3.176422e-01
7.667641e-02	4.502045e-01	1.866145e+00	3.406331e-01
8.817787e-02	4.827906e-01	1.868617e+00	3.652880e-01
1.014046e-01	5.177352e-01	1.866086e+00	3.917273e-01
1.166152e-01	5.552091e-01	1.859952e+00	4.200806e-01
1.341075e-01	5.953955e-01	1.851451e+00	4.504860e-01
1.542237e-01	6.384905e-01	1.837390e+00	4.830922e-01
1.773572e-01	6.847048e-01	1.818491e+00	5.180582e-01
2.039608e-01	7.342641e-01	1.795002e+00	5.555552e-01
2.345549e-01	7.874105e-01	1.766720e+00	5.957665e-01
2.697381e-01	8.444037e-01	1.733949e+00	6.388882e-01
3.101989e-01	9.055221e-01	1.696532e+00	6.851309e-01
3.567287e-01	9.710643e-01	1.654388e+00	7.347206e-01
4.102380e-01	1.041350e+00	1.608148e+00	7.878998e-01
4.717737e-01	1.116724e+00	1.559571e+00	8.449283e-01
5.425397e-01	1.197553e+00	1.508226e+00	9.060845e-01
6.239207e-01	1.284232e+00	1.450036e+00	9.716670e-01
7.175088e-01	1.377186e+00	1.389974e+00	1.041996e+00
8.251351e-01	1.476867e+00	1.328783e+00	1.117416e+00
9.489054e-01	1.583764e+00	1.267522e+00	1.198299e+00
1.091241e+00	1.698397e+00	1.207502e+00	1.285010e+00
1.254927e+00	1.810904e+00	1.140060e+00	1.378182e+00
1.443166e+00	1.923575e+00	1.073932e+00	1.478980e+00
1.659641e+00	2.041880e+00	1.010317e+00	1.588138e+00
1.908588e+00	2.165610e+00	9.464210e-01	1.706454e+00
2.194876e+00	1.152725e+00	8.848334e-01	1.834806e+00
2.524107e+00	1.236186e+00	8.237982e-01	1.974222e+00
2.902723e+00	1.324016e+00	7.676467e-01	2.125889e+00
3.338132e+00	1.409437e+00	7.119877e-01	2.291204e+00
3.838852e+00	1.523326e+00	6.571322e-01	2.471833e+00
4.414679e+00	1.672634e+00	6.070709e-01	2.669798e+00
5.076881e+00	1.832360e+00	5.622702e-01	2.887580e+00
5.838413e+00	2.009975e+00	5.178784e-01	3.128274e+00
6.714175e+00	2.197745e+00	4.730173e-01	3.395786e+00
7.721302e+00	2.401945e+00	4.392626e-01	3.695093e+00
8.879497e+00	2.625906e+00	4.096209e-01	4.032604e+00
1.021142e+01	2.854754e+00	3.755329e-01	4.416610e+00
1.174313e+01	3.102677e+00	3.363317e-01	4.470914e+00
1.350460e+01	3.349476e+00	2.969761e-01	4.268920e+00
1.553030e+01	3.627094e+00	2.664673e-01	4.106185e+00
1.785984e+01	3.941824e+00	2.404353e-01	3.982737e+00
2.053882e+01	4.266445e+00	2.164234e-01	3.898954e+00
2.361964e+01	4.630471e+00	1.949585e-01	3.855534e+00
2.716258e+01	5.031404e+00	1.759414e-01	3.853463e+00
3.123697e+01	5.464526e+00	1.587917e-01	3.893846e+00
3.592252e+01	5.946373e+00	1.423106e-01	3.978326e+00
4.131089e+01	6.441213e+00	1.272636e-01	4.108603e+00
4.750753e+01	6.971365e+00	1.148303e-01	4.286782e+00
5.463366e+01	7.506022e+00	1.041443e-01	4.515515e+00
6.282871e+01	8.025573e+00	9.237120e-02	4.798249e+00
7.225301e+01	8.573402e+00	8.193532e-02	5.139525e+00
8.309096e+01	9.075909e+00	7.326784e-02	5.545325e+00
9.555461e+01	9.588906e+00	6.560750e-02	6.023409e+00
1.098878e+02	1.008085e+01	5.929583e-02	6.583770e+00
1.263710e+02	1.046631e+01	5.229787e-02	7.239043e+00
1.453266e+02	1.084416e+01	4.621108e-02	8.005023e+00
1.671256e+02	1.122377e+01	4.121037e-02	8.901341e+00
1.921945e+02	1.155504e+01	3.652532e-02	9.952122e+00
2.210236e+02	1.181015e+01	3.250335e-02	1.118763e+01
2.541772e+02	1.518907e+01	2.876773e-02	1.264256e+01
2.923037e+02	1.486050e+01	2.570132e-02	1.436710e+01
3.361493e+02	1.447717e+01	2.284101e-02	1.642057e+01
3.865717e+02	1.401679e+01	2.018766e-02	1.886244e+01
4.445574e+02	1.350037e+01	1.799578e-02	2.177821e+01
5.112411e+02	1.294601e+01	1.614979e-02	2.527600e+01
5.879272e+02	1.238004e+01	1.439111e-02	2.948695e+01
6.761163e+02	1.179288e+01	1.260197e-02	3.457354e+01
7.775337e+02	1.120446e+01	1.113101e-02	4.075746e+01
8.941638e+02	1.062396e+01	9.858904e-03	4.832744e+01
1.028288e+03	1.009825e+01	8.814120e-03	5.759800e+01
1.182532e+03	9.617653e+00	7.830595e-03	6.892315e+01
1.359911e+03	9.133988e+00	6.843449e-03	8.280909e+01
1.563898e+03	8.644455e+00	6.035519e-03	9.991766e+01
1.798483e+03	8.156738e+00	5.319968e-03	1.210942e+02
2.068255e+03	7.671406e+00	4.680031e-03	1.474142e+02
2.378493e+03	7.194097e+00	4.127335e-03	1.802442e+02
2.735268e+03	6.716206e+00	3.658457e-03	2.213623e+02
3.145558e+03	6.246423e+00	3.243751e-03	2.730790e+02
3.617391e+03	5.799253e+00	2.853689e-03	3.382873e+02
4.160000e+03	5.379327e+00	2.505937e-03	4.205759e+02
4.784000e+03	4.975680e+00	2.227920e-03	5.245973e+02
5.501600e+03	4.590477e+00	1.995426e-03	6.564065e+02
6.326840e+03	4.225275e+00	1.736369e-03	8.237098e+02
7.275866e+03	3.882023e+00	1.514819e-03	1.036350e+03
8.367246e+03	3.561556e+00	1.336618e-03	1.306837e+03
9.622333e+03	3.263156e+00	1.181234e-03	1.651026e+03
